0 0 0 0 0 0 0 0 0 0 710 710 710 0 0 0 0 0 0 0 0 0 30 30 30 0 0 0 0 0 20 20 20 0 0
0 0 40 40 40 0 0 0 0 0 0 50 50 50 0 0 0 0 0 0 0 0 30 60 60 60 0 0 70 70 70 20 20 0 0
0 0 40 40 40 0 0 0 0 0 80 80 80 50 0 0 0 0 0 0 0 90 90 90 60 60 0 0 70 100 100 100 0 0 0
0 0 40 40 40 0 110 110 110 0 80 80 80 50 0 0 0 0 0 0 0 90 90 90 60 120 120 120 70 100 100 100 0 0 0
0 0 0 0 0 0 110 110 110 0 80 80 80 0 130 140 140 140 0 0 0 150 150 150 0 120 120 120 0 100 100 100 0 0 0
180 160 0 0 0 0 110 110 170 170 170 0 0 0 130 140 140 140 0 0 0 150 150 150 0 120 120 120 0 0 0 0 0 180 180
180 160 0 0 0 0 0 0 170 170 170 0 0 0 130 190 190 190 200 200 200 150 150 150 0 0 0 210 210 210 0 0 0 180 180
180 160 0 0 0 0 0 0 170 170 170 0 0 0 0 190 190 190 200 200 200 0 0 0 0 0 0 220 220 220 0 0 0 180 180
0 230 230 230 0 0 0 0 0 0 0 0 0 0 0 240 240 240 200 200 200 0 0 0 0 0 0 220 220 220 0 0 0 0 0
0 230 230 230 0 0 0 0 0 0 0 0 0 0 0 250 250 250 0 0 0 0 0 0 0 0 0 220 220 220 0 0 0 0 0
0 230 230 230 0 0 0 0 0 0 0 0 0 0 0 250 250 250 0 0 0 0 0 0 0 0 0 0 0 0 0 0 0 0 0
260 260 260 0 0 0 0 0 0 0 270 270 280 280 280 250 250 250 0 0 0 0 0 0 0 0 0 0 0 0 0 0 0 0 0
260 260 260 0 0 0 0 0 0 0 270 270 280 280 280 0 0 0 0 0 290 290 290 0 0 0 0 0 0 0 0 0 0 0 0
260 260 260 0 0 0 0 0 0 0 270 270 280 280 280 0 0 0 0 0 290 290 290 0 0 0 0 0 0 0 300 300 300 0 0
0 0 0 0 0 0 0 0 0 0 0 0 0 0 0 310 320 320 320 0 290 290 290 0 330 330 330 0 0 0 300 300 300 0 0
0 0 0 0 0 0 0 0 0 0 0 0 0 0 0 310 320 340 340 340 0 0 0 0 330 330 330 0 350 350 350 300 300 0 0
360 360 0 0 0 370 370 370 0 0 0 0 0 380 380 380 390 390 390 340 0 0 0 0 400 400 400 0 350 350 350 0 0 0 360
360 360 0 0 0 370 370 370 0 0 0 0 0 380 380 380 390 390 410 410 410 0 0 0 400 400 400 0 350 350 350 0 420 420 420
360 360 0 0 0 370 370 370 0 0 0 0 0 380 380 380 390 390 410 410 410 0 0 0 400 400 400 430 430 430 0 0 440 440 440
0 0 0 0 0 450 450 450 0 0 0 460 460 460 0 0 0 0 410 410 410 0 0 0 0 0 0 430 430 430 0 0 440 440 440
0 0 0 0 0 450 450 450 470 470 470 460 460 460 480 480 480 490 490 490 0 0 0 0 0 0 500 500 500 430 0 0 440 440 440
0 0 0 0 0 450 450 450 470 510 510 510 460 460 480 480 480 490 490 490 0 0 0 0 0 0 500 500 500 0 0 520 520 520 0
0 0 0 0 0 0 0 0 470 510 510 510 0 0 480 480 480 490 490 490 0 0 0 0 0 0 500 500 500 0 0 520 520 520 0
0 530 530 530 0 0 0 0 0 540 540 540 0 0 0 0 0 0 0 0 0 0 550 550 550 0 560 560 560 0 0 520 520 520 0
0 530 530 570 570 570 0 0 0 540 540 540 0 0 0 0 0 580 580 580 0 0 550 550 550 0 560 560 560 0 0 0 0 0 0
0 530 530 570 570 570 0 0 0 540 540 540 0 590 590 590 0 580 580 580 0 0 550 550 550 0 560 560 560 0 0 0 0 0 0
600 600 600 570 570 570 0 0 0 0 0 0 0 590 590 590 0 580 580 580 0 0 0 0 0 0 0 0 0 0 0 0 0 0 0
600 600 600 0 0 0 0 0 0 0 0 0 0 590 590 590 0 0 0 610 620 620 620 0 0 0 0 0 0 0 0 630 630 630 0
640 640 600 0 0 650 650 650 0 0 0 0 0 0 0 0 0 660 660 660 620 620 620 0 0 0 0 0 0 0 0 630 630 630 640
640 640 0 0 0 650 650 650 0 0 0 0 0 0 0 0 0 660 660 660 620 620 620 0 0 0 0 0 0 0 0 630 630 630 640
640 640 0 0 0 650 650 650 0 0 0 670 670 670 0 0 0 660 660 660 0 680 680 680 0 0 0 0 0 0 0 0 0 0 640
0 0 0 0 0 0 0 0 0 0 0 670 670 670 0 690 690 690 0 0 0 680 680 680 0 0 0 0 0 0 0 0 0 0 0
0 700 700 700 0 0 0 0 0 0 0 670 670 670 0 690 690 690 0 0 0 680 680 680 0 0 0 0 0 0 0 0 0 0 0
0 700 700 700 0 0 0 0 0 0 710 710 710 0 0 690 690 690 0 0 0 0 0 0 0 0 0 0 0 0 0 0 0 0 0
0 700 700 700 0 0 0 0 0 0 710 710 710 0 0 0 0 0 0 0 0 0 10 10 10 0 0 0 0 0 20 20 20 0 0
0 0 0
0 -1 0
0 -1 -1
0 0 -1
0 1 -1
0 1 0
0 1 1
0 0 1
0 -1 1
# measure in=0, out=26, v=259.4107983915273
1 0 0
1 -1 0
1 -1 -1
1 0 -1
1 1 -1
1 1 0
1 1 1
1 0 1
1 -1 1
# measure in=1, out=46, v=459.4534531012352
2 0 0
2 -1 0
2 -1 -1
2 0 -1
2 1 -1
2 1 0
2 1 1
2 0 1
2 -1 1
# measure in=2, out=33, v=333.05030054840387
3 0 0
3 -1 0
3 -1 -1
3 0 -1
3 1 -1
3 1 0
3 1 1
3 0 1
3 -1 1
# measure in=3, out=4, v=36.15471643947373
4 0 0
4 -1 0
4 -1 -1
4 0 -1
4 1 -1
4 1 0
4 1 1
4 0 1
4 -1 1
# measure in=4, out=43, v=428.66357008867067
5 0 0
5 -1 0
5 -1 -1
5 0 -1
5 1 -1
5 1 0
5 1 1
5 0 1
5 -1 1
# measure in=5, out=26, v=262.7700527996983
6 0 0
6 -1 0
6 -1 -1
6 0 -1
6 1 -1
6 1 0
6 1 1
6 0 1
6 -1 1
# measure in=6, out=40, v=404.762291732248
7 0 0
7 -1 0
7 -1 -1
7 0 -1
7 1 -1
7 1 0
7 1 1
7 0 1
7 -1 1
# measure in=7, out=9, v=88.14333577723846
8 0 0
8 -1 0
8 -1 -1
8 0 -1
8 1 -1
8 1 0
8 1 1
8 0 1
8 -1 1
# measure in=8, out=67, v=672.0170397779256
9 0 0
9 -1 0
9 -1 -1
9 0 -1
9 1 -1
9 1 0
9 1 1
9 0 1
9 -1 1
# measure in=9, out=3, v=61.605848820886585
10 0 0
10 -1 0
10 -1 -1
10 0 -1
10 1 -1
10 1 0
10 1 1
10 0 1
10 -1 1
# measure in=10, out=52, v=518.6292519524997
11 0 0
11 -1 0
11 -1 -1
11 0 -1
11 1 -1
11 1 0
11 1 1
11 0 1
11 -1 1
# measure in=11, out=4, v=39.85726086915098
12 0 0
12 -1 0
12 -1 -1
12 0 -1
12 1 -1
12 1 0
12 1 1
12 0 1
12 -1 1
# measure in=12, out=52, v=524.0815454351175
13 0 0
13 -1 0
13 -1 -1
13 0 -1
13 1 -1
13 1 0
13 1 1
13 0 1
13 -1 1
# measure in=13, out=17, v=162.68716722018388
14 0 0
14 -1 0
14 -1 -1
14 0 -1
14 1 -1
14 1 0
14 1 1
14 0 1
14 -1 1
# measure in=14, out=5, v=75.00202296594915
15 0 0
15 -1 0
15 -1 -1
15 0 -1
15 1 -1
15 1 0
15 1 1
15 0 1
15 -1 1
# measure in=15, out=15, v=147.59542868762722
16 0 0
16 -1 0
16 -1 -1
16 0 -1
16 1 -1
16 1 0
16 1 1
16 0 1
16 -1 1
# measure in=16, out=1, v=28.14575926314529
17 0 0
17 -1 0
17 -1 -1
17 0 -1
17 1 -1
17 1 0
17 1 1
17 0 1
17 -1 1
# measure in=17, out=15, v=153.75405692646248
18 0 0
18 -1 0
18 -1 -1
18 0 -1
18 1 -1
18 1 0
18 1 1
18 0 1
18 -1 1
# measure in=18, out=38, v=375.8165209686917
19 0 0
19 -1 0
19 -1 -1
19 0 -1
19 1 -1
19 1 0
19 1 1
19 0 1
19 -1 1
# measure in=19, out=13, v=136.3838905639735
20 0 0
20 -1 0
20 -1 -1
20 0 -1
20 1 -1
20 1 0
20 1 1
20 0 1
20 -1 1
# measure in=20, out=2, v=20.015777579264423
21 0 0
21 -1 0
21 -1 -1
21 0 -1
21 1 -1
21 1 0
21 1 1
21 0 1
21 -1 1
# measure in=21, out=50, v=495.4218769359688
22 0 0
22 -1 0
22 -1 -1
22 0 -1
22 1 -1
22 1 0
22 1 1
22 0 1
22 -1 1
# measure in=22, out=33, v=328.37223223722305
23 0 0
23 -1 0
23 -1 -1
23 0 -1
23 1 -1
23 1 0
23 1 1
23 0 1
23 -1 1
# measure in=23, out=15, v=148.08415857726888
24 0 0
24 -1 0
24 -1 -1
24 0 -1
24 1 -1
24 1 0
24 1 1
24 0 1
24 -1 1
# measure in=24, out=13, v=135.11206573858695
25 0 0
25 -1 0
25 -1 -1
25 0 -1
25 1 -1
25 1 0
25 1 1
25 0 1
25 -1 1
# measure in=25, out=4, v=45.721117387653656
26 0 0
26 -1 0
26 -1 -1
26 0 -1
26 1 -1
26 1 0
26 1 1
26 0 1
26 -1 1
# measure in=26, out=3, v=50.71335823963163
27 0 0
27 -1 0
27 -1 -1
27 0 -1
27 1 -1
27 1 0
27 1 1
27 0 1
27 -1 1
# measure in=27, out=20, v=197.64624511912348
28 0 0
28 -1 0
28 -1 -1
28 0 -1
28 1 -1
28 1 0
28 1 1
28 0 1
28 -1 1
# measure in=28, out=36, v=356.60136628193106
29 0 0
29 -1 0
29 -1 -1
29 0 -1
29 1 -1
29 1 0
29 1 1
29 0 1
29 -1 1
# measure in=29, out=43, v=430.9582080070935
30 0 0
30 -1 0
30 -1 -1
30 0 -1
30 1 -1
30 1 0
30 1 1
30 0 1
30 -1 1
# measure in=30, out=1, v=30.67319942673052
31 0 0
31 -1 0
31 -1 -1
31 0 -1
31 1 -1
31 1 0
31 1 1
31 0 1
31 -1 1
# measure in=31, out=47, v=511.2319686070978
32 0 0
32 -1 0
32 -1 -1
32 0 -1
32 1 -1
32 1 0
32 1 1
32 0 1
32 -1 1
# measure in=32, out=4, v=43.040624479010255
33 0 0
33 -1 0
33 -1 -1
33 0 -1
33 1 -1
33 1 0
33 1 1
33 0 1
33 -1 1
# measure in=33, out=9, v=87.28184569934537
34 0 0
34 -1 0
34 -1 -1
34 0 -1
34 1 -1
34 1 0
34 1 1
34 0 1
34 -1 1
# measure in=34, out=2, v=12.678028137532044
35 0 0
35 -1 0
35 -1 -1
35 0 -1
35 1 -1
35 1 0
35 1 1
35 0 1
35 -1 1
# measure in=35, out=3, v=67.71425548017105
36 0 0
36 -1 0
36 -1 -1
36 0 -1
36 1 -1
36 1 0
36 1 1
36 0 1
36 -1 1
# measure in=36, out=21, v=213.861288484039
37 0 0
37 -1 0
37 -1 -1
37 0 -1
37 1 -1
37 1 0
37 1 1
37 0 1
37 -1 1
# measure in=37, out=4, v=49.70619866502193
38 0 0
38 -1 0
38 -1 -1
38 0 -1
38 1 -1
38 1 0
38 1 1
38 0 1
38 -1 1
# measure in=38, out=59, v=586.8257000955443
39 0 0
39 -1 0
39 -1 -1
39 0 -1
39 1 -1
39 1 0
39 1 1
39 0 1
39 -1 1
# measure in=39, out=55, v=549.433868651997
40 0 0
40 -1 0
40 -1 -1
40 0 -1
40 1 -1
40 1 0
40 1 1
40 0 1
40 -1 1
# measure in=40, out=50, v=498.603282653477
41 0 0
41 -1 0
41 -1 -1
41 0 -1
41 1 -1
41 1 0
41 1 1
41 0 1
41 -1 1
# measure in=41, out=0, v=3.464680129003904
42 0 0
42 -1 0
42 -1 -1
42 0 -1
42 1 -1
42 1 0
42 1 1
42 0 1
42 -1 1
# measure in=42, out=17, v=166.08339306449986
43 0 0
43 -1 0
43 -1 -1
43 0 -1
43 1 -1
43 1 0
43 1 1
43 0 1
43 -1 1
# measure in=43, out=9, v=93.39104744619819
44 0 0
44 -1 0
44 -1 -1
44 0 -1
44 1 -1
44 1 0
44 1 1
44 0 1
44 -1 1
# measure in=44, out=38, v=383.0199733373141
45 0 0
45 -1 0
45 -1 -1
45 0 -1
45 1 -1
45 1 0
45 1 1
45 0 1
45 -1 1
# measure in=45, out=24, v=249.8092826034936
46 0 0
46 -1 0
46 -1 -1
46 0 -1
46 1 -1
46 1 0
46 1 1
46 0 1
46 -1 1
# measure in=46, out=56, v=558.0679305227685
47 0 0
47 -1 0
47 -1 -1
47 0 -1
47 1 -1
47 1 0
47 1 1
47 0 1
47 -1 1
# measure in=47, out=60, v=595.8835283875814
48 0 0
48 -1 0
48 -1 -1
48 0 -1
48 1 -1
48 1 0
48 1 1
48 0 1
48 -1 1
# measure in=48, out=38, v=382.3784308487811
49 0 0
49 -1 0
49 -1 -1
49 0 -1
49 1 -1
49 1 0
49 1 1
49 0 1
49 -1 1
# measure in=49, out=19, v=189.78753265430439
50 0 0
50 -1 0
50 -1 -1
50 0 -1
50 1 -1
50 1 0
50 1 1
50 0 1
50 -1 1
# measure in=50, out=30, v=308.50716478629295
51 0 0
51 -1 0
51 -1 -1
51 0 -1
51 1 -1
51 1 0
51 1 1
51 0 1
51 -1 1
# measure in=51, out=1, v=26.048042012617007
52 0 0
52 -1 0
52 -1 -1
52 0 -1
52 1 -1
52 1 0
52 1 1
52 0 1
52 -1 1
# measure in=52, out=1, v=30.425431776279854
53 0 0
53 -1 0
53 -1 -1
53 0 -1
53 1 -1
53 1 0
53 1 1
53 0 1
53 -1 1
# measure in=53, out=9, v=88.10012501287386
54 0 0
54 -1 0
54 -1 -1
54 0 -1
54 1 -1
54 1 0
54 1 1
54 0 1
54 -1 1
# measure in=54, out=23, v=234.36498328121428
55 0 0
55 -1 0
55 -1 -1
55 0 -1
55 1 -1
55 1 0
55 1 1
55 0 1
55 -1 1
# measure in=55, out=31, v=313.8037372363686
56 0 0
56 -1 0
56 -1 -1
56 0 -1
56 1 -1
56 1 0
56 1 1
56 0 1
56 -1 1
# measure in=56, out=3, v=67.79590762600154
57 0 0
57 -1 0
57 -1 -1
57 0 -1
57 1 -1
57 1 0
57 1 1
57 0 1
57 -1 1
# measure in=57, out=40, v=403.5506046954793
58 0 0
58 -1 0
58 -1 -1
58 0 -1
58 1 -1
58 1 0
58 1 1
58 0 1
58 -1 1
# measure in=58, out=47, v=510.814874521992
59 0 0
59 -1 0
59 -1 -1
59 0 -1
59 1 -1
59 1 0
59 1 1
59 0 1
59 -1 1
# measure in=59, out=43, v=426.19320115911347
60 0 0
60 -1 0
60 -1 -1
60 0 -1
60 1 -1
60 1 0
60 1 1
60 0 1
60 -1 1
# measure in=60, out=20, v=196.9170964603903
61 0 0
61 -1 0
61 -1 -1
61 0 -1
61 1 -1
61 1 0
61 1 1
61 0 1
61 -1 1
# measure in=61, out=61, v=619.9811896580351
62 0 0
62 -1 0
62 -1 -1
62 0 -1
62 1 -1
62 1 0
62 1 1
62 0 1
62 -1 1
# measure in=62, out=13, v=136.99310279878435
63 0 0
63 -1 0
63 -1 -1
63 0 -1
63 1 -1
63 1 0
63 1 1
63 0 1
63 -1 1
# measure in=63, out=16, v=180.92432834841756
64 0 0
64 -1 0
64 -1 -1
64 0 -1
64 1 -1
64 1 0
64 1 1
64 0 1
64 -1 1
# measure in=64, out=0, v=4.98471561907146
65 0 0
65 -1 0
65 -1 -1
65 0 -1
65 1 -1
65 1 0
65 1 1
65 0 1
65 -1 1
# measure in=65, out=41, v=405.3731609771322
66 0 0
66 -1 0
66 -1 -1
66 0 -1
66 1 -1
66 1 0
66 1 1
66 0 1
66 -1 1
# measure in=66, out=71, v=733.3060925905324
67 0 0
67 -1 0
67 -1 -1
67 0 -1
67 1 -1
67 1 0
67 1 1
67 0 1
67 -1 1
# measure in=67, out=63, v=629.2860777594057
68 0 0
68 -1 0
68 -1 -1
68 0 -1
68 1 -1
68 1 0
68 1 1
68 0 1
68 -1 1
# measure in=68, out=4, v=39.2490779142179
69 0 0
69 -1 0
69 -1 -1
69 0 -1
69 1 -1
69 1 0
69 1 1
69 0 1
69 -1 1
# measure in=69, out=9, v=87.93445569093373
70 0 0
70 -1 0
70 -1 -1
70 0 -1
70 1 -1
70 1 0
70 1 1
70 0 1
70 -1 1
# measure in=70, out=3, v=53.373617000053876
71 0 0
71 -1 0
71 -1 -1
71 0 -1
71 1 -1
71 1 0
71 1 1
71 0 1
71 -1 1
# measure in=71, out=4, v=43.264472581063245
-1 -1 -1
26
46
33
4
43
26
40
9
67
3
52
4
52
17
5
15
1
15
38
13
2
50
33
15
13
4
3
20
36
43
1
47
4
9
2
3
21
4
59
55
50
0
17
9
38
24
56
60
38
19
30
1
1
9
23
31
3
40
47
43
20
61
13
16
0
41
71
63
4
9
3
4
