29 57 84 110 135 159 182 203 223 241 257 272 284 294 302 308 312 313 312 308 302 294 284 272 257 241 223 203 182 159 135 110 84 57 29
57 86 114 141 167 192 215 238 258 277 294 310 323 334 342 348 352 354 352 348 342 334 323 310 294 277 258 238 215 192 167 141 114 86 57
84 114 143 171 198 224 248 272 293 313 331 347 361 373 382 389 393 394 393 389 382 373 361 347 331 313 293 272 248 224 198 171 143 114 84
110 141 171 200 228 255 281 305 328 348 368 385 399 412 421 429 433 434 433 429 421 412 399 385 368 348 328 305 281 255 228 200 171 141 110
135 167 198 228 257 285 312 337 361 383 403 421 437 450 461 469 473 475 473 469 461 450 437 421 403 383 361 337 312 285 257 228 198 167 135
159 192 224 255 285 314 342 369 394 417 439 458 475 489 500 508 513 515 513 508 500 489 475 458 439 417 394 369 342 314 285 255 224 192 159
182 215 248 281 312 342 371 399 426 450 473 494 512 527 539 548 554 556 554 548 539 527 512 494 473 450 426 399 371 342 312 281 248 215 182
203 238 272 305 337 369 399 429 456 483 507 529 548 565 578 588 594 596 594 588 578 565 548 529 507 483 456 429 399 369 337 305 272 238 203
223 258 293 328 361 394 426 456 486 513 539 563 584 602 617 627 634 636 634 627 617 602 584 563 539 513 486 456 426 394 361 328 293 258 223
241 277 313 348 383 417 450 483 513 543 570 596 619 639 655 667 674 677 674 667 655 639 619 596 570 543 513 483 450 417 383 348 313 277 241
257 294 331 368 403 439 473 507 539 570 600 627 652 674 692 706 714 717 714 706 692 674 652 627 600 570 539 507 473 439 403 368 331 294 257
272 310 347 385 421 458 494 529 563 596 627 657 684 709 729 744 754 758 754 744 729 709 684 657 627 596 563 529 494 458 421 385 347 310 272
284 323 361 399 437 475 512 548 584 619 652 684 714 741 764 782 794 798 794 782 764 741 714 684 652 619 584 548 512 475 437 399 361 323 284
294 334 373 412 450 489 527 565 602 639 674 709 741 771 798 819 833 838 833 819 798 771 741 709 674 639 602 565 527 489 450 412 373 334 294
302 342 382 421 461 500 539 578 617 655 692 729 764 798 829 854 872 879 872 854 829 798 764 729 692 655 617 578 539 500 461 421 382 342 302
308 348 389 429 469 508 548 588 627 667 706 744 782 819 854 886 910 919 910 886 854 819 782 744 706 667 627 588 548 508 469 429 389 348 308
312 352 393 433 473 513 554 594 634 674 714 754 794 833 872 910 943 960 943 910 872 833 794 754 714 674 634 594 554 513 473 433 393 352 312
313 354 394 434 475 515 556 596 636 677 717 758 798 838 879 919 960 1000 960 919 879 838 798 758 717 677 636 596 556 515 475 434 394 354 313
312 352 393 433 473 513 554 594 634 674 714 754 794 833 872 910 943 960 943 910 872 833 794 754 714 674 634 594 554 513 473 433 393 352 312
308 348 389 429 469 508 548 588 627 667 706 744 782 819 854 886 910 919 910 886 854 819 782 744 706 667 627 588 548 508 469 429 389 348 308
302 342 382 421 461 500 539 578 617 655 692 729 764 798 829 854 872 879 872 854 829 798 764 729 692 655 617 578 539 500 461 421 382 342 302
294 334 373 412 450 489 527 565 602 639 674 709 741 771 798 819 833 838 833 819 798 771 741 709 674 639 602 565 527 489 450 412 373 334 294
284 323 361 399 437 475 512 548 584 619 652 684 714 741 764 782 794 798 794 782 764 741 714 684 652 619 584 548 512 475 437 399 361 323 284
272 310 347 385 421 458 494 529 563 596 627 657 684 709 729 744 754 758 754 744 729 709 684 657 627 596 563 529 494 458 421 385 347 310 272
257 294 331 368 403 439 473 507 539 570 600 627 652 674 692 706 714 717 714 706 692 674 652 627 600 570 539 507 473 439 403 368 331 294 257
241 277 313 348 383 417 450 483 513 543 570 596 619 639 655 667 674 677 674 667 655 639 619 596 570 543 513 483 450 417 383 348 313 277 241
223 258 293 328 361 394 426 456 486 513 539 563 584 602 617 627 634 636 634 627 617 602 584 563 539 513 486 456 426 394 361 328 293 258 223
203 238 272 305 337 369 399 429 456 483 507 529 548 565 578 588 594 596 594 588 578 565 548 529 507 483 456 429 399 369 337 305 272 238 203
182 215 248 281 312 342 371 399 426 450 473 494 512 527 539 548 554 556 554 548 539 527 512 494 473 450 426 399 371 342 312 281 248 215 182
159 192 224 255 285 314 342 369 394 417 439 458 475 489 500 508 513 515 513 508 500 489 475 458 439 417 394 369 342 314 285 255 224 192 159
135 167 198 228 257 285 312 337 361 383 403 421 437 450 461 469 473 475 473 469 461 450 437 421 403 383 361 337 312 285 257 228 198 167 135
110 141 171 200 228 255 281 305 328 348 368 385 399 412 421 429 433 434 433 429 421 412 399 385 368 348 328 305 281 255 228 200 171 141 110
84 114 143 171 198 224 248 272 293 313 331 347 361 373 382 389 393 394 393 389 382 373 361 347 331 313 293 272 248 224 198 171 143 114 84
57 86 114 141 167 192 215 238 258 277 294 310 323 334 342 348 352 354 352 348 342 334 323 310 294 277 258 238 215 192 167 141 114 86 57
29 57 84 110 135 159 182 203 223 241 257 272 284 294 302 308 312 313 312 308 302 294 284 272 257 241 223 203 182 159 135 110 84 57 29
0 -4 0
0 -4 0
0 -4 0
0 -4 0
0 -4 0
0 -4 0
0 -4 0
0 -4 0
0 -4 0
0 -4 0
0 -4 0
0 -4 0
0 -4 0
0 -4 0
0 -4 0
0 -4 0
0 -4 0
0 -4 0
0 -4 0
0 -4 0
0 -4 0
0 -4 0
0 -4 0
0 -4 0
0 -4 0
0 -4 0
0 -4 0
0 -4 0
0 -4 0
0 -4 0
0 -4 0
0 -4 0
0 -4 0
0 -4 0
0 0 -4
0 0 -4
0 0 -4
0 0 -4
0 0 -4
0 0 -4
0 0 -4
0 0 -4
0 0 -4
0 0 -4
0 0 -4
0 0 -4
0 0 -4
0 0 -4
0 0 -4
0 0 -4
0 0 -4
0 0 -4
0 0 -4
0 0 -4
0 0 -4
0 0 -4
0 0 -4
0 0 -4
0 0 -4
0 0 -4
0 0 -4
0 0 -4
0 0 -4
0 0 -4
0 0 -4
0 0 -4
0 0 -4
0 0 -4
0 4 0
0 4 0
0 4 0
0 4 0
0 4 0
0 4 0
0 4 0
0 4 0
0 4 0
0 4 0
0 4 0
0 4 0
0 4 0
0 4 0
0 4 0
0 4 0
0 4 0
0 4 0
0 4 0
0 4 0
0 4 0
0 4 0
0 4 0
0 4 0
0 4 0
0 4 0
0 4 0
0 4 0
0 4 0
0 4 0
0 4 0
0 4 0
0 4 0
0 4 0
0 0 4
0 0 4
0 0 4
0 0 4
0 0 4
0 0 4
0 0 4
0 0 4
0 0 4
0 0 4
0 0 4
0 0 4
0 0 4
0 0 4
0 0 4
0 0 4
0 0 4
0 0 4
0 0 4
0 0 4
0 0 4
0 0 4
0 0 4
0 0 4
0 0 4
0 0 4
0 0 4
0 0 4
0 0 4
0 0 4
0 0 4
0 0 4
0 0 4
0 0 4
1 -4 0
1 -4 0
1 -4 0
1 -4 0
1 -4 0
1 -4 0
1 -4 0
1 -4 0
1 -4 0
1 -4 0
1 -4 0
1 -4 0
1 -4 0
1 -4 0
1 -4 0
1 -4 0
1 -4 0
1 -4 0
1 -4 0
1 -4 0
1 -4 0
1 -4 0
1 -4 0
1 -4 0
1 -4 0
1 -4 0
1 -4 0
1 -4 0
1 -4 0
1 -4 0
1 -4 0
1 -4 0
1 -4 0
1 -4 0
1 0 -4
1 0 -4
1 0 -4
1 0 -4
1 0 -4
1 0 -4
1 0 -4
1 0 -4
1 0 -4
1 0 -4
1 0 -4
1 0 -4
1 0 -4
1 0 -4
1 0 -4
1 0 -4
1 0 -4
1 0 -4
1 0 -4
1 0 -4
1 0 -4
1 0 -4
1 0 -4
1 0 -4
1 0 -4
1 0 -4
1 0 -4
1 0 -4
1 0 -4
1 0 -4
1 0 -4
1 0 -4
1 0 -4
1 0 -4
1 4 0
1 4 0
1 4 0
1 4 0
1 4 0
1 4 0
1 4 0
1 4 0
1 4 0
1 4 0
1 4 0
1 4 0
1 4 0
1 4 0
1 4 0
1 4 0
1 4 0
1 4 0
1 4 0
1 4 0
1 4 0
1 4 0
1 4 0
1 4 0
1 4 0
1 4 0
1 4 0
1 4 0
1 4 0
1 4 0
1 4 0
1 4 0
1 4 0
1 4 0
1 0 4
1 0 4
1 0 4
1 0 4
1 0 4
1 0 4
1 0 4
1 0 4
1 0 4
1 0 4
1 0 4
1 0 4
1 0 4
1 0 4
1 0 4
1 0 4
1 0 4
1 0 4
1 0 4
1 0 4
1 0 4
1 0 4
1 0 4
1 0 4
1 0 4
1 0 4
1 0 4
1 0 4
1 0 4
1 0 4
1 0 4
1 0 4
1 0 4
1 0 4
2 -4 0
2 -4 0
2 -4 0
2 -4 0
2 -4 0
2 -4 0
2 -4 0
2 -4 0
2 -4 0
2 -4 0
2 -4 0
2 -4 0
2 -4 0
2 -4 0
2 -4 0
2 -4 0
2 -4 0
2 -4 0
2 -4 0
2 -4 0
2 -4 0
2 -4 0
2 -4 0
2 -4 0
2 -4 0
2 -4 0
2 -4 0
2 -4 0
2 -4 0
2 -4 0
2 -4 0
2 -4 0
2 -4 0
2 -4 0
2 0 -4
2 0 -4
2 0 -4
2 0 -4
2 0 -4
2 0 -4
2 0 -4
2 0 -4
2 0 -4
2 0 -4
2 0 -4
2 0 -4
2 0 -4
2 0 -4
2 0 -4
2 0 -4
2 0 -4
2 0 -4
2 0 -4
2 0 -4
2 0 -4
2 0 -4
2 0 -4
2 0 -4
2 0 -4
2 0 -4
2 0 -4
2 0 -4
2 0 -4
2 0 -4
2 0 -4
2 0 -4
2 0 -4
2 0 -4
2 4 0
2 4 0
2 4 0
2 4 0
2 4 0
2 4 0
2 4 0
2 4 0
2 4 0
2 4 0
2 4 0
2 4 0
2 4 0
2 4 0
2 4 0
2 4 0
2 4 0
2 4 0
2 4 0
2 4 0
2 4 0
2 4 0
2 4 0
2 4 0
2 4 0
2 4 0
2 4 0
2 4 0
2 4 0
2 4 0
2 4 0
2 4 0
2 4 0
2 4 0
2 0 4
2 0 4
2 0 4
2 0 4
2 0 4
2 0 4
2 0 4
2 0 4
2 0 4
2 0 4
2 0 4
2 0 4
2 0 4
2 0 4
2 0 4
2 0 4
2 0 4
2 0 4
2 0 4
2 0 4
2 0 4
2 0 4
2 0 4
2 0 4
2 0 4
2 0 4
2 0 4
2 0 4
2 0 4
2 0 4
2 0 4
2 0 4
2 0 4
2 0 4
3 -4 0
3 -4 0
3 -4 0
3 -4 0
3 -4 0
3 -4 0
3 -4 0
3 -4 0
3 -4 0
3 -4 0
3 -4 0
3 -4 0
3 -4 0
3 -4 0
3 -4 0
3 -4 0
3 -4 0
3 -4 0
3 -4 0
3 -4 0
3 -4 0
3 -4 0
3 -4 0
3 -4 0
3 -4 0
3 -4 0
3 -4 0
3 -4 0
3 -4 0
3 -4 0
3 -4 0
3 -4 0
3 -4 0
3 -4 0
3 0 -4
3 0 -4
3 0 -4
3 0 -4
3 0 -4
3 0 -4
3 0 -4
3 0 -4
3 0 -4
3 0 -4
3 0 -4
3 0 -4
3 0 -4
3 0 -4
3 0 -4
3 0 -4
3 0 -4
3 0 -4
3 0 -4
3 0 -4
3 0 -4
3 0 -4
3 0 -4
3 0 -4
3 0 -4
3 0 -4
3 0 -4
3 0 -4
3 0 -4
3 0 -4
3 0 -4
3 0 -4
3 0 -4
3 0 -4
3 4 0
3 4 0
3 4 0
3 4 0
3 4 0
3 4 0
3 4 0
3 4 0
3 4 0
3 4 0
3 4 0
3 4 0
3 4 0
3 4 0
3 4 0
3 4 0
3 4 0
3 4 0
3 4 0
3 4 0
3 4 0
3 4 0
3 4 0
3 4 0
3 4 0
3 4 0
3 4 0
3 4 0
3 4 0
3 4 0
3 4 0
3 4 0
3 4 0
3 4 0
3 0 4
3 0 4
3 0 4
3 0 4
3 0 4
3 0 4
3 0 4
3 0 4
3 0 4
3 0 4
3 0 4
3 0 4
3 0 4
3 0 4
3 0 4
3 0 4
3 0 4
3 0 4
3 0 4
3 0 4
3 0 4
3 0 4
3 0 4
3 0 4
3 0 4
3 0 4
3 0 4
3 0 4
3 0 4
3 0 4
3 0 4
3 0 4
3 0 4
3 0 4
4 -4 0
4 -4 0
4 -4 0
4 -4 0
4 -4 0
4 -4 0
4 -4 0
4 -4 0
4 -4 0
4 -4 0
4 -4 0
4 -4 0
4 -4 0
4 -4 0
4 -4 0
4 -4 0
4 -4 0
4 -4 0
4 -4 0
4 -4 0
4 -4 0
4 -4 0
4 -4 0
4 -4 0
4 -4 0
4 -4 0
4 -4 0
4 -4 0
4 -4 0
4 -4 0
4 -4 0
4 -4 0
4 -4 0
4 -4 0
4 0 -4
4 0 -4
4 0 -4
4 0 -4
4 0 -4
4 0 -4
4 0 -4
4 0 -4
4 0 -4
4 0 -4
4 0 -4
4 0 -4
4 0 -4
4 0 -4
4 0 -4
4 0 -4
4 0 -4
4 0 -4
4 0 -4
4 0 -4
4 0 -4
4 0 -4
4 0 -4
4 0 -4
4 0 -4
4 0 -4
4 0 -4
4 0 -4
4 0 -4
4 0 -4
4 0 -4
4 0 -4
4 0 -4
4 0 -4
4 4 0
4 4 0
4 4 0
4 4 0
4 4 0
4 4 0
4 4 0
4 4 0
4 4 0
4 4 0
4 4 0
4 4 0
4 4 0
4 4 0
4 4 0
4 4 0
4 4 0
4 4 0
4 4 0
4 4 0
4 4 0
4 4 0
4 4 0
4 4 0
4 4 0
4 4 0
4 4 0
4 4 0
4 4 0
4 4 0
4 4 0
4 4 0
4 4 0
4 4 0
4 0 4
4 0 4
4 0 4
4 0 4
4 0 4
4 0 4
4 0 4
4 0 4
4 0 4
4 0 4
4 0 4
4 0 4
4 0 4
4 0 4
4 0 4
4 0 4
4 0 4
4 0 4
4 0 4
4 0 4
4 0 4
4 0 4
4 0 4
4 0 4
4 0 4
4 0 4
4 0 4
4 0 4
4 0 4
4 0 4
4 0 4
4 0 4
4 0 4
4 0 4
5 -4 0
5 -4 0
5 -4 0
5 -4 0
5 -4 0
5 -4 0
5 -4 0
5 -4 0
5 -4 0
5 -4 0
5 -4 0
5 -4 0
5 -4 0
5 -4 0
5 -4 0
5 -4 0
5 -4 0
5 -4 0
5 -4 0
5 -4 0
5 -4 0
5 -4 0
5 -4 0
5 -4 0
5 -4 0
5 -4 0
5 -4 0
5 -4 0
5 -4 0
5 -4 0
5 -4 0
5 -4 0
5 -4 0
5 -4 0
5 0 -4
5 0 -4
5 0 -4
5 0 -4
5 0 -4
5 0 -4
5 0 -4
5 0 -4
5 0 -4
5 0 -4
5 0 -4
5 0 -4
5 0 -4
5 0 -4
5 0 -4
5 0 -4
5 0 -4
5 0 -4
5 0 -4
5 0 -4
5 0 -4
5 0 -4
5 0 -4
5 0 -4
5 0 -4
5 0 -4
5 0 -4
5 0 -4
5 0 -4
5 0 -4
5 0 -4
5 0 -4
5 0 -4
5 0 -4
5 4 0
5 4 0
5 4 0
5 4 0
5 4 0
5 4 0
5 4 0
5 4 0
5 4 0
5 4 0
5 4 0
5 4 0
5 4 0
5 4 0
5 4 0
5 4 0
5 4 0
5 4 0
5 4 0
5 4 0
5 4 0
5 4 0
5 4 0
5 4 0
5 4 0
5 4 0
5 4 0
5 4 0
5 4 0
5 4 0
5 4 0
5 4 0
5 4 0
5 4 0
5 0 4
5 0 4
5 0 4
5 0 4
5 0 4
5 0 4
5 0 4
5 0 4
5 0 4
5 0 4
5 0 4
5 0 4
5 0 4
5 0 4
5 0 4
5 0 4
5 0 4
5 0 4
5 0 4
5 0 4
5 0 4
5 0 4
5 0 4
5 0 4
5 0 4
5 0 4
5 0 4
5 0 4
5 0 4
5 0 4
5 0 4
5 0 4
5 0 4
5 0 4
6 -4 0
6 -4 0
6 -4 0
6 -4 0
6 -4 0
6 -4 0
6 -4 0
6 -4 0
6 -4 0
6 -4 0
6 -4 0
6 -4 0
6 -4 0
6 -4 0
6 -4 0
6 -4 0
6 -4 0
6 -4 0
6 -4 0
6 -4 0
6 -4 0
6 -4 0
6 -4 0
6 -4 0
6 -4 0
6 -4 0
6 -4 0
6 -4 0
6 -4 0
6 -4 0
6 -4 0
6 -4 0
6 -4 0
6 -4 0
6 0 -4
6 0 -4
6 0 -4
6 0 -4
6 0 -4
6 0 -4
6 0 -4
6 0 -4
6 0 -4
6 0 -4
6 0 -4
6 0 -4
6 0 -4
6 0 -4
6 0 -4
6 0 -4
6 0 -4
6 0 -4
6 0 -4
6 0 -4
6 0 -4
6 0 -4
6 0 -4
6 0 -4
6 0 -4
6 0 -4
6 0 -4
6 0 -4
6 0 -4
6 0 -4
6 0 -4
6 0 -4
6 0 -4
6 0 -4
6 4 0
6 4 0
6 4 0
6 4 0
6 4 0
6 4 0
6 4 0
6 4 0
6 4 0
6 4 0
6 4 0
6 4 0
6 4 0
6 4 0
6 4 0
6 4 0
6 4 0
6 4 0
6 4 0
6 4 0
6 4 0
6 4 0
6 4 0
6 4 0
6 4 0
6 4 0
6 4 0
6 4 0
6 4 0
6 4 0
6 4 0
6 4 0
6 4 0
6 4 0
6 0 4
6 0 4
6 0 4
6 0 4
6 0 4
6 0 4
6 0 4
6 0 4
6 0 4
6 0 4
6 0 4
6 0 4
6 0 4
6 0 4
6 0 4
6 0 4
6 0 4
6 0 4
6 0 4
6 0 4
6 0 4
6 0 4
6 0 4
6 0 4
6 0 4
6 0 4
6 0 4
6 0 4
6 0 4
6 0 4
6 0 4
6 0 4
6 0 4
6 0 4
7 -4 0
7 -4 0
7 -4 0
7 -4 0
7 -4 0
7 -4 0
7 -4 0
7 -4 0
7 -4 0
7 -4 0
7 -4 0
7 -4 0
7 -4 0
7 -4 0
7 -4 0
7 -4 0
7 -4 0
7 -4 0
7 -4 0
7 -4 0
7 -4 0
7 -4 0
7 -4 0
7 -4 0
7 -4 0
7 -4 0
7 -4 0
7 -4 0
7 -4 0
7 -4 0
7 -4 0
7 -4 0
7 -4 0
7 -4 0
7 0 -4
7 0 -4
7 0 -4
7 0 -4
7 0 -4
7 0 -4
7 0 -4
7 0 -4
7 0 -4
7 0 -4
7 0 -4
7 0 -4
7 0 -4
7 0 -4
7 0 -4
7 0 -4
7 0 -4
7 0 -4
7 0 -4
7 0 -4
7 0 -4
7 0 -4
7 0 -4
7 0 -4
7 0 -4
7 0 -4
7 0 -4
7 0 -4
7 0 -4
7 0 -4
7 0 -4
7 0 -4
7 0 -4
7 0 -4
7 4 0
7 4 0
7 4 0
7 4 0
7 4 0
7 4 0
7 4 0
7 4 0
7 4 0
7 4 0
7 4 0
7 4 0
7 4 0
7 4 0
7 4 0
7 4 0
7 4 0
7 4 0
7 4 0
7 4 0
7 4 0
7 4 0
7 4 0
7 4 0
7 4 0
7 4 0
7 4 0
7 4 0
7 4 0
7 4 0
7 4 0
7 4 0
7 4 0
7 4 0
7 0 4
7 0 4
7 0 4
7 0 4
7 0 4
7 0 4
7 0 4
7 0 4
7 0 4
7 0 4
7 0 4
7 0 4
7 0 4
7 0 4
7 0 4
7 0 4
7 0 4
7 0 4
7 0 4
7 0 4
7 0 4
7 0 4
7 0 4
7 0 4
7 0 4
7 0 4
7 0 4
7 0 4
7 0 4
7 0 4
7 0 4
7 0 4
7 0 4
7 0 4
8 -4 0
8 -4 0
8 -4 0
8 -4 0
8 -4 0
8 -4 0
8 -4 0
8 -4 0
8 -4 0
8 -4 0
8 -4 0
8 -4 0
8 -4 0
8 -4 0
8 -4 0
8 -4 0
8 -4 0
8 -4 0
8 -4 0
8 -4 0
8 -4 0
8 -4 0
8 -4 0
8 -4 0
8 -4 0
8 -4 0
8 -4 0
8 -4 0
8 -4 0
8 -4 0
8 -4 0
8 -4 0
8 -4 0
8 -4 0
8 0 -4
8 0 -4
8 0 -4
8 0 -4
8 0 -4
8 0 -4
8 0 -4
8 0 -4
8 0 -4
8 0 -4
8 0 -4
8 0 -4
8 0 -4
8 0 -4
8 0 -4
8 0 -4
8 0 -4
8 0 -4
8 0 -4
8 0 -4
8 0 -4
8 0 -4
8 0 -4
8 0 -4
8 0 -4
8 0 -4
8 0 -4
8 0 -4
8 0 -4
8 0 -4
8 0 -4
8 0 -4
8 0 -4
8 0 -4
8 4 0
8 4 0
8 4 0
8 4 0
8 4 0
8 4 0
8 4 0
8 4 0
8 4 0
8 4 0
8 4 0
8 4 0
8 4 0
8 4 0
8 4 0
8 4 0
8 4 0
8 4 0
8 4 0
8 4 0
8 4 0
8 4 0
8 4 0
8 4 0
8 4 0
8 4 0
8 4 0
8 4 0
8 4 0
8 4 0
8 4 0
8 4 0
8 4 0
8 4 0
8 0 4
8 0 4
8 0 4
8 0 4
8 0 4
8 0 4
8 0 4
8 0 4
8 0 4
8 0 4
8 0 4
8 0 4
8 0 4
8 0 4
8 0 4
8 0 4
8 0 4
8 0 4
8 0 4
8 0 4
8 0 4
8 0 4
8 0 4
8 0 4
8 0 4
8 0 4
8 0 4
8 0 4
8 0 4
8 0 4
8 0 4
8 0 4
8 0 4
8 0 4
9 -4 0
9 -4 0
9 -4 0
9 -4 0
9 -4 0
9 -4 0
9 -4 0
9 -4 0
9 -4 0
9 -4 0
9 -4 0
9 -4 0
9 -4 0
9 -4 0
9 -4 0
9 -4 0
9 -4 0
9 -4 0
9 -4 0
9 -4 0
9 -4 0
9 -4 0
9 -4 0
9 -4 0
9 -4 0
9 -4 0
9 -4 0
9 -4 0
9 -4 0
9 -4 0
9 -4 0
9 -4 0
9 -4 0
9 -4 0
9 0 -4
9 0 -4
9 0 -4
9 0 -4
9 0 -4
9 0 -4
9 0 -4
9 0 -4
9 0 -4
9 0 -4
9 0 -4
9 0 -4
9 0 -4
9 0 -4
9 0 -4
9 0 -4
9 0 -4
9 0 -4
9 0 -4
9 0 -4
9 0 -4
9 0 -4
9 0 -4
9 0 -4
9 0 -4
9 0 -4
9 0 -4
9 0 -4
9 0 -4
9 0 -4
9 0 -4
9 0 -4
9 0 -4
9 0 -4
9 4 0
9 4 0
9 4 0
9 4 0
9 4 0
9 4 0
9 4 0
9 4 0
9 4 0
9 4 0
9 4 0
9 4 0
9 4 0
9 4 0
9 4 0
9 4 0
9 4 0
9 4 0
9 4 0
9 4 0
9 4 0
9 4 0
9 4 0
9 4 0
9 4 0
9 4 0
9 4 0
9 4 0
9 4 0
9 4 0
9 4 0
9 4 0
9 4 0
9 4 0
9 0 4
9 0 4
9 0 4
9 0 4
9 0 4
9 0 4
9 0 4
9 0 4
9 0 4
9 0 4
9 0 4
9 0 4
9 0 4
9 0 4
9 0 4
9 0 4
9 0 4
9 0 4
9 0 4
9 0 4
9 0 4
9 0 4
9 0 4
9 0 4
9 0 4
9 0 4
9 0 4
9 0 4
9 0 4
9 0 4
9 0 4
9 0 4
9 0 4
9 0 4
10 -4 0
10 -4 0
10 -4 0
10 -4 0
10 -4 0
10 -4 0
10 -4 0
10 -4 0
10 -4 0
10 -4 0
10 -4 0
10 -4 0
10 -4 0
10 -4 0
10 -4 0
10 -4 0
10 -4 0
10 -4 0
10 -4 0
10 -4 0
10 -4 0
10 -4 0
10 -4 0
10 -4 0
10 -4 0
10 -4 0
10 -4 0
10 -4 0
10 -4 0
10 -4 0
10 -4 0
10 -4 0
10 -4 0
10 -4 0
10 0 -4
10 0 -4
10 0 -4
10 0 -4
10 0 -4
10 0 -4
10 0 -4
10 0 -4
10 0 -4
10 0 -4
10 0 -4
10 0 -4
10 0 -4
10 0 -4
10 0 -4
10 0 -4
10 0 -4
10 0 -4
10 0 -4
10 0 -4
10 0 -4
10 0 -4
10 0 -4
10 0 -4
10 0 -4
10 0 -4
10 0 -4
10 0 -4
10 0 -4
10 0 -4
10 0 -4
10 0 -4
10 0 -4
10 0 -4
10 4 0
10 4 0
10 4 0
10 4 0
10 4 0
10 4 0
10 4 0
10 4 0
10 4 0
10 4 0
10 4 0
10 4 0
10 4 0
10 4 0
10 4 0
10 4 0
10 4 0
10 4 0
10 4 0
10 4 0
10 4 0
10 4 0
10 4 0
10 4 0
10 4 0
10 4 0
10 4 0
10 4 0
10 4 0
10 4 0
10 4 0
10 4 0
10 4 0
10 4 0
10 0 4
10 0 4
10 0 4
10 0 4
10 0 4
10 0 4
10 0 4
10 0 4
10 0 4
10 0 4
10 0 4
10 0 4
10 0 4
10 0 4
10 0 4
10 0 4
10 0 4
10 0 4
10 0 4
10 0 4
10 0 4
10 0 4
10 0 4
10 0 4
10 0 4
10 0 4
10 0 4
10 0 4
10 0 4
10 0 4
10 0 4
10 0 4
10 0 4
10 0 4
11 -4 0
11 -4 0
11 -4 0
11 -4 0
11 -4 0
11 -4 0
11 -4 0
11 -4 0
11 -4 0
11 -4 0
11 -4 0
11 -4 0
11 -4 0
11 -4 0
11 -4 0
11 -4 0
11 -4 0
11 -4 0
11 -4 0
11 -4 0
11 -4 0
11 -4 0
11 -4 0
11 -4 0
11 -4 0
11 -4 0
11 -4 0
11 -4 0
11 -4 0
11 -4 0
11 -4 0
11 -4 0
11 -4 0
11 -4 0
11 0 -4
11 0 -4
11 0 -4
11 0 -4
11 0 -4
11 0 -4
11 0 -4
11 0 -4
11 0 -4
11 0 -4
11 0 -4
11 0 -4
11 0 -4
11 0 -4
11 0 -4
11 0 -4
11 0 -4
11 0 -4
11 0 -4
11 0 -4
11 0 -4
11 0 -4
11 0 -4
11 0 -4
11 0 -4
11 0 -4
11 0 -4
11 0 -4
11 0 -4
11 0 -4
11 0 -4
11 0 -4
11 0 -4
11 0 -4
11 4 0
11 4 0
11 4 0
11 4 0
11 4 0
11 4 0
11 4 0
11 4 0
11 4 0
11 4 0
11 4 0
11 4 0
11 4 0
11 4 0
11 4 0
11 4 0
11 4 0
11 4 0
11 4 0
11 4 0
11 4 0
11 4 0
11 4 0
11 4 0
11 4 0
11 4 0
11 4 0
11 4 0
11 4 0
11 4 0
11 4 0
11 4 0
11 4 0
11 4 0
11 0 4
11 0 4
11 0 4
11 0 4
11 0 4
11 0 4
11 0 4
11 0 4
11 0 4
11 0 4
11 0 4
11 0 4
11 0 4
11 0 4
11 0 4
11 0 4
11 0 4
11 0 4
11 0 4
11 0 4
11 0 4
11 0 4
11 0 4
11 0 4
11 0 4
11 0 4
11 0 4
11 0 4
11 0 4
11 0 4
11 0 4
11 0 4
11 0 4
11 0 4
12 -4 0
12 -4 0
12 -4 0
12 -4 0
12 -4 0
12 -4 0
12 -4 0
12 -4 0
12 -4 0
12 -4 0
12 -4 0
12 -4 0
12 -4 0
12 -4 0
12 -4 0
12 -4 0
12 -4 0
12 -4 0
12 -4 0
12 -4 0
12 -4 0
12 -4 0
12 -4 0
12 -4 0
12 -4 0
12 -4 0
12 -4 0
12 -4 0
12 -4 0
12 -4 0
12 -4 0
12 -4 0
12 -4 0
12 -4 0
12 0 -4
12 0 -4
12 0 -4
12 0 -4
12 0 -4
12 0 -4
12 0 -4
12 0 -4
12 0 -4
12 0 -4
12 0 -4
12 0 -4
12 0 -4
12 0 -4
12 0 -4
12 0 -4
12 0 -4
12 0 -4
12 0 -4
12 0 -4
12 0 -4
12 0 -4
12 0 -4
12 0 -4
12 0 -4
12 0 -4
12 0 -4
12 0 -4
12 0 -4
12 0 -4
12 0 -4
12 0 -4
12 0 -4
12 0 -4
12 4 0
12 4 0
12 4 0
12 4 0
12 4 0
12 4 0
12 4 0
12 4 0
12 4 0
12 4 0
12 4 0
12 4 0
12 4 0
12 4 0
12 4 0
12 4 0
12 4 0
12 4 0
12 4 0
12 4 0
12 4 0
12 4 0
12 4 0
12 4 0
12 4 0
12 4 0
12 4 0
12 4 0
12 4 0
12 4 0
12 4 0
12 4 0
12 4 0
12 4 0
12 0 4
12 0 4
12 0 4
12 0 4
12 0 4
12 0 4
12 0 4
12 0 4
12 0 4
12 0 4
12 0 4
12 0 4
12 0 4
12 0 4
12 0 4
12 0 4
12 0 4
12 0 4
12 0 4
12 0 4
12 0 4
12 0 4
12 0 4
12 0 4
12 0 4
12 0 4
12 0 4
12 0 4
12 0 4
12 0 4
12 0 4
12 0 4
12 0 4
12 0 4
13 -4 0
13 -4 0
13 -4 0
13 -4 0
13 -4 0
13 -4 0
13 -4 0
13 -4 0
13 -4 0
13 -4 0
13 -4 0
13 -4 0
13 -4 0
13 -4 0
13 -4 0
13 -4 0
13 -4 0
13 -4 0
13 -4 0
13 -4 0
13 -4 0
13 -4 0
13 -4 0
13 -4 0
13 -4 0
13 -4 0
13 -4 0
13 -4 0
13 -4 0
13 -4 0
13 -4 0
13 -4 0
13 -4 0
13 -4 0
13 0 -4
13 0 -4
13 0 -4
13 0 -4
13 0 -4
13 0 -4
13 0 -4
13 0 -4
13 0 -4
13 0 -4
13 0 -4
13 0 -4
13 0 -4
13 0 -4
13 0 -4
13 0 -4
13 0 -4
13 0 -4
13 0 -4
13 0 -4
13 0 -4
13 0 -4
13 0 -4
13 0 -4
13 0 -4
13 0 -4
13 0 -4
13 0 -4
13 0 -4
13 0 -4
13 0 -4
13 0 -4
13 0 -4
13 0 -4
13 4 0
13 4 0
13 4 0
13 4 0
13 4 0
13 4 0
13 4 0
13 4 0
13 4 0
13 4 0
13 4 0
13 4 0
13 4 0
13 4 0
13 4 0
13 4 0
13 4 0
13 4 0
13 4 0
13 4 0
13 4 0
13 4 0
13 4 0
13 4 0
13 4 0
13 4 0
13 4 0
13 4 0
13 4 0
13 4 0
13 4 0
13 4 0
13 4 0
13 4 0
13 0 4
13 0 4
13 0 4
13 0 4
13 0 4
13 0 4
13 0 4
13 0 4
13 0 4
13 0 4
13 0 4
13 0 4
13 0 4
13 0 4
13 0 4
13 0 4
13 0 4
13 0 4
13 0 4
13 0 4
13 0 4
13 0 4
13 0 4
13 0 4
13 0 4
13 0 4
13 0 4
13 0 4
13 0 4
13 0 4
13 0 4
13 0 4
13 0 4
13 0 4
14 -4 0
14 -4 0
14 -4 0
14 -4 0
14 -4 0
14 -4 0
14 -4 0
14 -4 0
14 -4 0
14 -4 0
14 -4 0
14 -4 0
14 -4 0
14 -4 0
14 -4 0
14 -4 0
14 -4 0
14 -4 0
14 -4 0
14 -4 0
14 -4 0
14 -4 0
14 -4 0
14 -4 0
14 -4 0
14 -4 0
14 -4 0
14 -4 0
14 -4 0
14 -4 0
14 -4 0
14 -4 0
14 -4 0
14 -4 0
14 0 -4
14 0 -4
14 0 -4
14 0 -4
14 0 -4
14 0 -4
14 0 -4
14 0 -4
14 0 -4
14 0 -4
14 0 -4
14 0 -4
14 0 -4
14 0 -4
14 0 -4
14 0 -4
14 0 -4
14 0 -4
14 0 -4
14 0 -4
14 0 -4
14 0 -4
14 0 -4
14 0 -4
14 0 -4
14 0 -4
14 0 -4
14 0 -4
14 0 -4
14 0 -4
14 0 -4
14 0 -4
14 0 -4
14 0 -4
14 4 0
14 4 0
14 4 0
14 4 0
14 4 0
14 4 0
14 4 0
14 4 0
14 4 0
14 4 0
14 4 0
14 4 0
14 4 0
14 4 0
14 4 0
14 4 0
14 4 0
14 4 0
14 4 0
14 4 0
14 4 0
14 4 0
14 4 0
14 4 0
14 4 0
14 4 0
14 4 0
14 4 0
14 4 0
14 4 0
14 4 0
14 4 0
14 4 0
14 4 0
14 0 4
14 0 4
14 0 4
14 0 4
14 0 4
14 0 4
14 0 4
14 0 4
14 0 4
14 0 4
14 0 4
14 0 4
14 0 4
14 0 4
14 0 4
14 0 4
14 0 4
14 0 4
14 0 4
14 0 4
14 0 4
14 0 4
14 0 4
14 0 4
14 0 4
14 0 4
14 0 4
14 0 4
14 0 4
14 0 4
14 0 4
14 0 4
14 0 4
14 0 4
15 -4 0
15 -4 0
15 -4 0
15 -4 0
15 -4 0
15 -4 0
15 -4 0
15 -4 0
15 -4 0
15 -4 0
15 -4 0
15 -4 0
15 -4 0
15 -4 0
15 -4 0
15 -4 0
15 -4 0
15 -4 0
15 -4 0
15 -4 0
15 -4 0
15 -4 0
15 -4 0
15 -4 0
15 -4 0
15 -4 0
15 -4 0
15 -4 0
15 -4 0
15 -4 0
15 -4 0
15 -4 0
15 -4 0
15 -4 0
15 0 -4
15 0 -4
15 0 -4
15 0 -4
15 0 -4
15 0 -4
15 0 -4
15 0 -4
15 0 -4
15 0 -4
15 0 -4
15 0 -4
15 0 -4
15 0 -4
15 0 -4
15 0 -4
15 0 -4
15 0 -4
15 0 -4
15 0 -4
15 0 -4
15 0 -4
15 0 -4
15 0 -4
15 0 -4
15 0 -4
15 0 -4
15 0 -4
15 0 -4
15 0 -4
15 0 -4
15 0 -4
15 0 -4
15 0 -4
15 4 0
15 4 0
15 4 0
15 4 0
15 4 0
15 4 0
15 4 0
15 4 0
15 4 0
15 4 0
15 4 0
15 4 0
15 4 0
15 4 0
15 4 0
15 4 0
15 4 0
15 4 0
15 4 0
15 4 0
15 4 0
15 4 0
15 4 0
15 4 0
15 4 0
15 4 0
15 4 0
15 4 0
15 4 0
15 4 0
15 4 0
15 4 0
15 4 0
15 4 0
15 0 4
15 0 4
15 0 4
15 0 4
15 0 4
15 0 4
15 0 4
15 0 4
15 0 4
15 0 4
15 0 4
15 0 4
15 0 4
15 0 4
15 0 4
15 0 4
15 0 4
15 0 4
15 0 4
15 0 4
15 0 4
15 0 4
15 0 4
15 0 4
15 0 4
15 0 4
15 0 4
15 0 4
15 0 4
15 0 4
15 0 4
15 0 4
15 0 4
15 0 4
16 -4 0
16 -4 0
16 -4 0
16 -4 0
16 -4 0
16 -4 0
16 -4 0
16 -4 0
16 -4 0
16 -4 0
16 -4 0
16 -4 0
16 -4 0
16 -4 0
16 -4 0
16 -4 0
16 -4 0
16 -4 0
16 -4 0
16 -4 0
16 -4 0
16 -4 0
16 -4 0
16 -4 0
16 -4 0
16 -4 0
16 -4 0
16 -4 0
16 -4 0
16 -4 0
16 -4 0
16 -4 0
16 -4 0
16 -4 0
16 0 -4
16 0 -4
16 0 -4
16 0 -4
16 0 -4
16 0 -4
16 0 -4
16 0 -4
16 0 -4
16 0 -4
16 0 -4
16 0 -4
16 0 -4
16 0 -4
16 0 -4
16 0 -4
16 0 -4
16 0 -4
16 0 -4
16 0 -4
16 0 -4
16 0 -4
16 0 -4
16 0 -4
16 0 -4
16 0 -4
16 0 -4
16 0 -4
16 0 -4
16 0 -4
16 0 -4
16 0 -4
16 0 -4
16 0 -4
16 4 0
16 4 0
16 4 0
16 4 0
16 4 0
16 4 0
16 4 0
16 4 0
16 4 0
16 4 0
16 4 0
16 4 0
16 4 0
16 4 0
16 4 0
16 4 0
16 4 0
16 4 0
16 4 0
16 4 0
16 4 0
16 4 0
16 4 0
16 4 0
16 4 0
16 4 0
16 4 0
16 4 0
16 4 0
16 4 0
16 4 0
16 4 0
16 4 0
16 4 0
16 0 4
16 0 4
16 0 4
16 0 4
16 0 4
16 0 4
16 0 4
16 0 4
16 0 4
16 0 4
16 0 4
16 0 4
16 0 4
16 0 4
16 0 4
16 0 4
16 0 4
16 0 4
16 0 4
16 0 4
16 0 4
16 0 4
16 0 4
16 0 4
16 0 4
16 0 4
16 0 4
16 0 4
16 0 4
16 0 4
16 0 4
16 0 4
16 0 4
16 0 4
17 -4 0
17 -4 0
17 -4 0
17 -4 0
17 -4 0
17 -4 0
17 -4 0
17 -4 0
17 -4 0
17 -4 0
17 -4 0
17 -4 0
17 -4 0
17 -4 0
17 -4 0
17 -4 0
17 -4 0
17 -4 0
17 -4 0
17 -4 0
17 -4 0
17 -4 0
17 -4 0
17 -4 0
17 -4 0
17 -4 0
17 -4 0
17 -4 0
17 -4 0
17 -4 0
17 -4 0
17 -4 0
17 -4 0
17 -4 0
17 0 -4
17 0 -4
17 0 -4
17 0 -4
17 0 -4
17 0 -4
17 0 -4
17 0 -4
17 0 -4
17 0 -4
17 0 -4
17 0 -4
17 0 -4
17 0 -4
17 0 -4
17 0 -4
17 0 -4
17 0 -4
17 0 -4
17 0 -4
17 0 -4
17 0 -4
17 0 -4
17 0 -4
17 0 -4
17 0 -4
17 0 -4
17 0 -4
17 0 -4
17 0 -4
17 0 -4
17 0 -4
17 0 -4
17 0 -4
17 4 0
17 4 0
17 4 0
17 4 0
17 4 0
17 4 0
17 4 0
17 4 0
17 4 0
17 4 0
17 4 0
17 4 0
17 4 0
17 4 0
17 4 0
17 4 0
17 4 0
17 4 0
17 4 0
17 4 0
17 4 0
17 4 0
17 4 0
17 4 0
17 4 0
17 4 0
17 4 0
17 4 0
17 4 0
17 4 0
17 4 0
17 4 0
17 4 0
17 4 0
17 0 4
17 0 4
17 0 4
17 0 4
17 0 4
17 0 4
17 0 4
17 0 4
17 0 4
17 0 4
17 0 4
17 0 4
17 0 4
17 0 4
17 0 4
17 0 4
17 0 4
17 0 4
17 0 4
17 0 4
17 0 4
17 0 4
17 0 4
17 0 4
17 0 4
17 0 4
17 0 4
17 0 4
17 0 4
17 0 4
17 0 4
17 0 4
17 0 4
17 0 4
18 -4 0
18 -4 0
18 -4 0
18 -4 0
18 -4 0
18 -4 0
18 -4 0
18 -4 0
18 -4 0
18 -4 0
18 -4 0
18 -4 0
18 -4 0
18 -4 0
18 -4 0
18 -4 0
18 -4 0
18 -4 0
18 -4 0
18 -4 0
18 -4 0
18 -4 0
18 -4 0
18 -4 0
18 -4 0
18 -4 0
18 -4 0
18 -4 0
18 -4 0
18 -4 0
18 -4 0
18 -4 0
18 -4 0
18 -4 0
18 0 -4
18 0 -4
18 0 -4
18 0 -4
18 0 -4
18 0 -4
18 0 -4
18 0 -4
18 0 -4
18 0 -4
18 0 -4
18 0 -4
18 0 -4
18 0 -4
18 0 -4
18 0 -4
18 0 -4
18 0 -4
18 0 -4
18 0 -4
18 0 -4
18 0 -4
18 0 -4
18 0 -4
18 0 -4
18 0 -4
18 0 -4
18 0 -4
18 0 -4
18 0 -4
18 0 -4
18 0 -4
18 0 -4
18 0 -4
18 4 0
18 4 0
18 4 0
18 4 0
18 4 0
18 4 0
18 4 0
18 4 0
18 4 0
18 4 0
18 4 0
18 4 0
18 4 0
18 4 0
18 4 0
18 4 0
18 4 0
18 4 0
18 4 0
18 4 0
18 4 0
18 4 0
18 4 0
18 4 0
18 4 0
18 4 0
18 4 0
18 4 0
18 4 0
18 4 0
18 4 0
18 4 0
18 4 0
18 4 0
18 0 4
18 0 4
18 0 4
18 0 4
18 0 4
18 0 4
18 0 4
18 0 4
18 0 4
18 0 4
18 0 4
18 0 4
18 0 4
18 0 4
18 0 4
18 0 4
18 0 4
18 0 4
18 0 4
18 0 4
18 0 4
18 0 4
18 0 4
18 0 4
18 0 4
18 0 4
18 0 4
18 0 4
18 0 4
18 0 4
18 0 4
18 0 4
18 0 4
18 0 4
19 -4 0
19 -4 0
19 -4 0
19 -4 0
19 -4 0
19 -4 0
19 -4 0
19 -4 0
19 -4 0
19 -4 0
19 -4 0
19 -4 0
19 -4 0
19 -4 0
19 -4 0
19 -4 0
19 -4 0
19 -4 0
19 -4 0
19 -4 0
19 -4 0
19 -4 0
19 -4 0
19 -4 0
19 -4 0
19 -4 0
19 -4 0
19 -4 0
19 -4 0
19 -4 0
19 -4 0
19 -4 0
19 -4 0
19 -4 0
19 0 -4
19 0 -4
19 0 -4
19 0 -4
19 0 -4
19 0 -4
19 0 -4
19 0 -4
19 0 -4
19 0 -4
19 0 -4
19 0 -4
19 0 -4
19 0 -4
19 0 -4
19 0 -4
19 0 -4
19 0 -4
19 0 -4
19 0 -4
19 0 -4
19 0 -4
19 0 -4
19 0 -4
19 0 -4
19 0 -4
19 0 -4
19 0 -4
19 0 -4
19 0 -4
19 0 -4
19 0 -4
19 0 -4
19 0 -4
19 4 0
19 4 0
19 4 0
19 4 0
19 4 0
19 4 0
19 4 0
19 4 0
19 4 0
19 4 0
19 4 0
19 4 0
19 4 0
19 4 0
19 4 0
19 4 0
19 4 0
19 4 0
19 4 0
19 4 0
19 4 0
19 4 0
19 4 0
19 4 0
19 4 0
19 4 0
19 4 0
19 4 0
19 4 0
19 4 0
19 4 0
19 4 0
19 4 0
19 4 0
19 0 4
19 0 4
19 0 4
19 0 4
19 0 4
19 0 4
19 0 4
19 0 4
19 0 4
19 0 4
19 0 4
19 0 4
19 0 4
19 0 4
19 0 4
19 0 4
19 0 4
19 0 4
19 0 4
19 0 4
19 0 4
19 0 4
19 0 4
19 0 4
19 0 4
19 0 4
19 0 4
19 0 4
19 0 4
19 0 4
19 0 4
19 0 4
19 0 4
19 0 4
20 -4 0
20 -4 0
20 -4 0
20 -4 0
20 -4 0
20 -4 0
20 -4 0
20 -4 0
20 -4 0
20 -4 0
20 -4 0
20 -4 0
20 -4 0
20 -4 0
20 -4 0
20 -4 0
20 -4 0
20 -4 0
20 -4 0
20 -4 0
20 -4 0
20 -4 0
20 -4 0
20 -4 0
20 -4 0
20 -4 0
20 -4 0
20 -4 0
20 -4 0
20 -4 0
20 -4 0
20 -4 0
20 -4 0
20 -4 0
20 0 -4
20 0 -4
20 0 -4
20 0 -4
20 0 -4
20 0 -4
20 0 -4
20 0 -4
20 0 -4
20 0 -4
20 0 -4
20 0 -4
20 0 -4
20 0 -4
20 0 -4
20 0 -4
20 0 -4
20 0 -4
20 0 -4
20 0 -4
20 0 -4
20 0 -4
20 0 -4
20 0 -4
20 0 -4
20 0 -4
20 0 -4
20 0 -4
20 0 -4
20 0 -4
20 0 -4
20 0 -4
20 0 -4
20 0 -4
20 4 0
20 4 0
20 4 0
20 4 0
20 4 0
20 4 0
20 4 0
20 4 0
20 4 0
20 4 0
20 4 0
20 4 0
20 4 0
20 4 0
20 4 0
20 4 0
20 4 0
20 4 0
20 4 0
20 4 0
20 4 0
20 4 0
20 4 0
20 4 0
20 4 0
20 4 0
20 4 0
20 4 0
20 4 0
20 4 0
20 4 0
20 4 0
20 4 0
20 4 0
20 0 4
20 0 4
20 0 4
20 0 4
20 0 4
20 0 4
20 0 4
20 0 4
20 0 4
20 0 4
20 0 4
20 0 4
20 0 4
20 0 4
20 0 4
20 0 4
20 0 4
20 0 4
20 0 4
20 0 4
20 0 4
20 0 4
20 0 4
20 0 4
20 0 4
20 0 4
20 0 4
20 0 4
20 0 4
20 0 4
20 0 4
20 0 4
20 0 4
20 0 4
21 -4 0
21 -4 0
21 -4 0
21 -4 0
21 -4 0
21 -4 0
21 -4 0
21 -4 0
21 -4 0
21 -4 0
21 -4 0
21 -4 0
21 -4 0
21 -4 0
21 -4 0
21 -4 0
21 -4 0
21 -4 0
21 -4 0
21 -4 0
21 -4 0
21 -4 0
21 -4 0
21 -4 0
21 -4 0
21 -4 0
21 -4 0
21 -4 0
21 -4 0
21 -4 0
21 -4 0
21 -4 0
21 -4 0
21 -4 0
21 0 -4
21 0 -4
21 0 -4
21 0 -4
21 0 -4
21 0 -4
21 0 -4
21 0 -4
21 0 -4
21 0 -4
21 0 -4
21 0 -4
21 0 -4
21 0 -4
21 0 -4
21 0 -4
21 0 -4
21 0 -4
21 0 -4
21 0 -4
21 0 -4
21 0 -4
21 0 -4
21 0 -4
21 0 -4
21 0 -4
21 0 -4
21 0 -4
21 0 -4
21 0 -4
21 0 -4
21 0 -4
21 0 -4
21 0 -4
21 4 0
21 4 0
21 4 0
21 4 0
21 4 0
21 4 0
21 4 0
21 4 0
21 4 0
21 4 0
21 4 0
21 4 0
21 4 0
21 4 0
21 4 0
21 4 0
21 4 0
21 4 0
21 4 0
21 4 0
21 4 0
21 4 0
21 4 0
21 4 0
21 4 0
21 4 0
21 4 0
21 4 0
21 4 0
21 4 0
21 4 0
21 4 0
21 4 0
21 4 0
21 0 4
21 0 4
21 0 4
21 0 4
21 0 4
21 0 4
21 0 4
21 0 4
21 0 4
21 0 4
21 0 4
21 0 4
21 0 4
21 0 4
21 0 4
21 0 4
21 0 4
21 0 4
21 0 4
21 0 4
21 0 4
21 0 4
21 0 4
21 0 4
21 0 4
21 0 4
21 0 4
21 0 4
21 0 4
21 0 4
21 0 4
21 0 4
21 0 4
21 0 4
22 -4 0
22 -4 0
22 -4 0
22 -4 0
22 -4 0
22 -4 0
22 -4 0
22 -4 0
22 -4 0
22 -4 0
22 -4 0
22 -4 0
22 -4 0
22 -4 0
22 -4 0
22 -4 0
22 -4 0
22 -4 0
22 -4 0
22 -4 0
22 -4 0
22 -4 0
22 -4 0
22 -4 0
22 -4 0
22 -4 0
22 -4 0
22 -4 0
22 -4 0
22 -4 0
22 -4 0
22 -4 0
22 -4 0
22 -4 0
22 0 -4
22 0 -4
22 0 -4
22 0 -4
22 0 -4
22 0 -4
22 0 -4
22 0 -4
22 0 -4
22 0 -4
22 0 -4
22 0 -4
22 0 -4
22 0 -4
22 0 -4
22 0 -4
22 0 -4
22 0 -4
22 0 -4
22 0 -4
22 0 -4
22 0 -4
22 0 -4
22 0 -4
22 0 -4
22 0 -4
22 0 -4
22 0 -4
22 0 -4
22 0 -4
22 0 -4
22 0 -4
22 0 -4
22 0 -4
22 4 0
22 4 0
22 4 0
22 4 0
22 4 0
22 4 0
22 4 0
22 4 0
22 4 0
22 4 0
22 4 0
22 4 0
22 4 0
22 4 0
22 4 0
22 4 0
22 4 0
22 4 0
22 4 0
22 4 0
22 4 0
22 4 0
22 4 0
22 4 0
22 4 0
22 4 0
22 4 0
22 4 0
22 4 0
22 4 0
22 4 0
22 4 0
22 4 0
22 4 0
22 0 4
22 0 4
22 0 4
22 0 4
22 0 4
22 0 4
22 0 4
22 0 4
22 0 4
22 0 4
22 0 4
22 0 4
22 0 4
22 0 4
22 0 4
22 0 4
22 0 4
22 0 4
22 0 4
22 0 4
22 0 4
22 0 4
22 0 4
22 0 4
22 0 4
22 0 4
22 0 4
22 0 4
22 0 4
22 0 4
22 0 4
22 0 4
22 0 4
22 0 4
23 -4 0
23 -4 0
23 -4 0
23 -4 0
23 -4 0
23 -4 0
23 -4 0
23 -4 0
23 -4 0
23 -4 0
23 -4 0
23 -4 0
23 -4 0
23 -4 0
23 -4 0
23 -4 0
23 -4 0
23 -4 0
23 -4 0
23 -4 0
23 -4 0
23 -4 0
23 -4 0
23 -4 0
23 -4 0
23 -4 0
23 -4 0
23 -4 0
23 -4 0
23 -4 0
23 -4 0
23 -4 0
23 -4 0
23 -4 0
23 0 -4
23 0 -4
23 0 -4
23 0 -4
23 0 -4
23 0 -4
23 0 -4
23 0 -4
23 0 -4
23 0 -4
23 0 -4
23 0 -4
23 0 -4
23 0 -4
23 0 -4
23 0 -4
23 0 -4
23 0 -4
23 0 -4
23 0 -4
23 0 -4
23 0 -4
23 0 -4
23 0 -4
23 0 -4
23 0 -4
23 0 -4
23 0 -4
23 0 -4
23 0 -4
23 0 -4
23 0 -4
23 0 -4
23 0 -4
23 4 0
23 4 0
23 4 0
23 4 0
23 4 0
23 4 0
23 4 0
23 4 0
23 4 0
23 4 0
23 4 0
23 4 0
23 4 0
23 4 0
23 4 0
23 4 0
23 4 0
23 4 0
23 4 0
23 4 0
23 4 0
23 4 0
23 4 0
23 4 0
23 4 0
23 4 0
23 4 0
23 4 0
23 4 0
23 4 0
23 4 0
23 4 0
23 4 0
23 4 0
23 0 4
23 0 4
23 0 4
23 0 4
23 0 4
23 0 4
23 0 4
23 0 4
23 0 4
23 0 4
23 0 4
23 0 4
23 0 4
23 0 4
23 0 4
23 0 4
23 0 4
23 0 4
23 0 4
23 0 4
23 0 4
23 0 4
23 0 4
23 0 4
23 0 4
23 0 4
23 0 4
23 0 4
23 0 4
23 0 4
23 0 4
23 0 4
23 0 4
23 0 4
24 -4 0
24 -4 0
24 -4 0
24 -4 0
24 -4 0
24 -4 0
24 -4 0
24 -4 0
24 -4 0
24 -4 0
24 -4 0
24 -4 0
24 -4 0
24 -4 0
24 -4 0
24 -4 0
24 -4 0
24 -4 0
24 -4 0
24 -4 0
24 -4 0
24 -4 0
24 -4 0
24 -4 0
24 -4 0
24 -4 0
24 -4 0
24 -4 0
24 -4 0
24 -4 0
24 -4 0
24 -4 0
24 -4 0
24 -4 0
24 0 -4
24 0 -4
24 0 -4
24 0 -4
24 0 -4
24 0 -4
24 0 -4
24 0 -4
24 0 -4
24 0 -4
24 0 -4
24 0 -4
24 0 -4
24 0 -4
24 0 -4
24 0 -4
24 0 -4
24 0 -4
24 0 -4
24 0 -4
24 0 -4
24 0 -4
24 0 -4
24 0 -4
24 0 -4
24 0 -4
24 0 -4
24 0 -4
24 0 -4
24 0 -4
24 0 -4
24 0 -4
24 0 -4
24 0 -4
24 4 0
24 4 0
24 4 0
24 4 0
24 4 0
24 4 0
24 4 0
24 4 0
24 4 0
24 4 0
24 4 0
24 4 0
24 4 0
24 4 0
24 4 0
24 4 0
24 4 0
24 4 0
24 4 0
24 4 0
24 4 0
24 4 0
24 4 0
24 4 0
24 4 0
24 4 0
24 4 0
24 4 0
24 4 0
24 4 0
24 4 0
24 4 0
24 4 0
24 4 0
24 0 4
24 0 4
24 0 4
24 0 4
24 0 4
24 0 4
24 0 4
24 0 4
24 0 4
24 0 4
24 0 4
24 0 4
24 0 4
24 0 4
24 0 4
24 0 4
24 0 4
24 0 4
24 0 4
24 0 4
24 0 4
24 0 4
24 0 4
24 0 4
24 0 4
24 0 4
24 0 4
24 0 4
24 0 4
24 0 4
24 0 4
24 0 4
24 0 4
24 0 4
25 -4 0
25 -4 0
25 -4 0
25 -4 0
25 -4 0
25 -4 0
25 -4 0
25 -4 0
25 -4 0
25 -4 0
25 -4 0
25 -4 0
25 -4 0
25 -4 0
25 -4 0
25 -4 0
25 -4 0
25 -4 0
25 -4 0
25 -4 0
25 -4 0
25 -4 0
25 -4 0
25 -4 0
25 -4 0
25 -4 0
25 -4 0
25 -4 0
25 -4 0
25 -4 0
25 -4 0
25 -4 0
25 -4 0
25 -4 0
25 0 -4
25 0 -4
25 0 -4
25 0 -4
25 0 -4
25 0 -4
25 0 -4
25 0 -4
25 0 -4
25 0 -4
25 0 -4
25 0 -4
25 0 -4
25 0 -4
25 0 -4
25 0 -4
25 0 -4
25 0 -4
25 0 -4
25 0 -4
25 0 -4
25 0 -4
25 0 -4
25 0 -4
25 0 -4
25 0 -4
25 0 -4
25 0 -4
25 0 -4
25 0 -4
25 0 -4
25 0 -4
25 0 -4
25 0 -4
25 4 0
25 4 0
25 4 0
25 4 0
25 4 0
25 4 0
25 4 0
25 4 0
25 4 0
25 4 0
25 4 0
25 4 0
25 4 0
25 4 0
25 4 0
25 4 0
25 4 0
25 4 0
25 4 0
25 4 0
25 4 0
25 4 0
25 4 0
25 4 0
25 4 0
25 4 0
25 4 0
25 4 0
25 4 0
25 4 0
25 4 0
25 4 0
25 4 0
25 4 0
25 0 4
25 0 4
25 0 4
25 0 4
25 0 4
25 0 4
25 0 4
25 0 4
25 0 4
25 0 4
25 0 4
25 0 4
25 0 4
25 0 4
25 0 4
25 0 4
25 0 4
25 0 4
25 0 4
25 0 4
25 0 4
25 0 4
25 0 4
25 0 4
25 0 4
25 0 4
25 0 4
25 0 4
25 0 4
25 0 4
25 0 4
25 0 4
25 0 4
25 0 4
26 -4 0
26 -4 0
26 -4 0
26 -4 0
26 -4 0
26 -4 0
26 -4 0
26 -4 0
26 -4 0
26 -4 0
26 -4 0
26 -4 0
26 -4 0
26 -4 0
26 -4 0
26 -4 0
26 -4 0
26 -4 0
26 -4 0
26 -4 0
26 -4 0
26 -4 0
26 -4 0
26 -4 0
26 -4 0
26 -4 0
26 -4 0
26 -4 0
26 -4 0
26 -4 0
26 -4 0
26 -4 0
26 -4 0
26 -4 0
26 0 -4
26 0 -4
26 0 -4
26 0 -4
26 0 -4
26 0 -4
26 0 -4
26 0 -4
26 0 -4
26 0 -4
26 0 -4
26 0 -4
26 0 -4
26 0 -4
26 0 -4
26 0 -4
26 0 -4
26 0 -4
26 0 -4
26 0 -4
26 0 -4
26 0 -4
26 0 -4
26 0 -4
26 0 -4
26 0 -4
26 0 -4
26 0 -4
26 0 -4
26 0 -4
26 0 -4
26 0 -4
26 0 -4
26 0 -4
26 4 0
26 4 0
26 4 0
26 4 0
26 4 0
26 4 0
26 4 0
26 4 0
26 4 0
26 4 0
26 4 0
26 4 0
26 4 0
26 4 0
26 4 0
26 4 0
26 4 0
26 4 0
26 4 0
26 4 0
26 4 0
26 4 0
26 4 0
26 4 0
26 4 0
26 4 0
26 4 0
26 4 0
26 4 0
26 4 0
26 4 0
26 4 0
26 4 0
26 4 0
26 0 4
26 0 4
26 0 4
26 0 4
26 0 4
26 0 4
26 0 4
26 0 4
26 0 4
26 0 4
26 0 4
26 0 4
26 0 4
26 0 4
26 0 4
26 0 4
26 0 4
26 0 4
26 0 4
26 0 4
26 0 4
26 0 4
26 0 4
26 0 4
26 0 4
26 0 4
26 0 4
26 0 4
26 0 4
26 0 4
26 0 4
26 0 4
26 0 4
26 0 4
27 -4 0
27 -4 0
27 -4 0
27 -4 0
27 -4 0
27 -4 0
27 -4 0
27 -4 0
27 -4 0
27 -4 0
27 -4 0
27 -4 0
27 -4 0
27 -4 0
27 -4 0
27 -4 0
27 -4 0
27 -4 0
27 -4 0
27 -4 0
27 -4 0
27 -4 0
27 -4 0
27 -4 0
27 -4 0
27 -4 0
27 -4 0
27 -4 0
27 -4 0
27 -4 0
27 -4 0
27 -4 0
27 -4 0
27 -4 0
27 0 -4
27 0 -4
27 0 -4
27 0 -4
27 0 -4
27 0 -4
27 0 -4
27 0 -4
27 0 -4
27 0 -4
27 0 -4
27 0 -4
27 0 -4
27 0 -4
27 0 -4
27 0 -4
27 0 -4
27 0 -4
27 0 -4
27 0 -4
27 0 -4
27 0 -4
27 0 -4
27 0 -4
27 0 -4
27 0 -4
27 0 -4
27 0 -4
27 0 -4
27 0 -4
27 0 -4
27 0 -4
27 0 -4
27 0 -4
27 4 0
27 4 0
27 4 0
27 4 0
27 4 0
27 4 0
27 4 0
27 4 0
27 4 0
27 4 0
27 4 0
27 4 0
27 4 0
27 4 0
27 4 0
27 4 0
27 4 0
27 4 0
27 4 0
27 4 0
27 4 0
27 4 0
27 4 0
27 4 0
27 4 0
27 4 0
27 4 0
27 4 0
27 4 0
27 4 0
27 4 0
27 4 0
27 4 0
27 4 0
27 0 4
27 0 4
27 0 4
27 0 4
27 0 4
27 0 4
27 0 4
27 0 4
27 0 4
27 0 4
27 0 4
27 0 4
27 0 4
27 0 4
27 0 4
27 0 4
27 0 4
27 0 4
27 0 4
27 0 4
27 0 4
27 0 4
27 0 4
27 0 4
27 0 4
27 0 4
27 0 4
27 0 4
27 0 4
27 0 4
27 0 4
27 0 4
27 0 4
27 0 4
28 -4 0
28 -4 0
28 -4 0
28 -4 0
28 -4 0
28 -4 0
28 -4 0
28 -4 0
28 -4 0
28 -4 0
28 -4 0
28 -4 0
28 -4 0
28 -4 0
28 -4 0
28 -4 0
28 -4 0
28 -4 0
28 -4 0
28 -4 0
28 -4 0
28 -4 0
28 -4 0
28 -4 0
28 -4 0
28 -4 0
28 -4 0
28 -4 0
28 -4 0
28 -4 0
28 -4 0
28 -4 0
28 -4 0
28 -4 0
28 0 -4
28 0 -4
28 0 -4
28 0 -4
28 0 -4
28 0 -4
28 0 -4
28 0 -4
28 0 -4
28 0 -4
28 0 -4
28 0 -4
28 0 -4
28 0 -4
28 0 -4
28 0 -4
28 0 -4
28 0 -4
28 0 -4
28 0 -4
28 0 -4
28 0 -4
28 0 -4
28 0 -4
28 0 -4
28 0 -4
28 0 -4
28 0 -4
28 0 -4
28 0 -4
28 0 -4
28 0 -4
28 0 -4
28 0 -4
28 4 0
28 4 0
28 4 0
28 4 0
28 4 0
28 4 0
28 4 0
28 4 0
28 4 0
28 4 0
28 4 0
28 4 0
28 4 0
28 4 0
28 4 0
28 4 0
28 4 0
28 4 0
28 4 0
28 4 0
28 4 0
28 4 0
28 4 0
28 4 0
28 4 0
28 4 0
28 4 0
28 4 0
28 4 0
28 4 0
28 4 0
28 4 0
28 4 0
28 4 0
28 0 4
28 0 4
28 0 4
28 0 4
28 0 4
28 0 4
28 0 4
28 0 4
28 0 4
28 0 4
28 0 4
28 0 4
28 0 4
28 0 4
28 0 4
28 0 4
28 0 4
28 0 4
28 0 4
28 0 4
28 0 4
28 0 4
28 0 4
28 0 4
28 0 4
28 0 4
28 0 4
28 0 4
28 0 4
28 0 4
28 0 4
28 0 4
28 0 4
28 0 4
29 -4 0
29 -4 0
29 -4 0
29 -4 0
29 -4 0
29 -4 0
29 -4 0
29 -4 0
29 -4 0
29 -4 0
29 -4 0
29 -4 0
29 -4 0
29 -4 0
29 -4 0
29 -4 0
29 -4 0
29 -4 0
29 -4 0
29 -4 0
29 -4 0
29 -4 0
29 -4 0
29 -4 0
29 -4 0
29 -4 0
29 -4 0
29 -4 0
29 -4 0
29 -4 0
29 -4 0
29 -4 0
29 -4 0
29 -4 0
29 0 -4
29 0 -4
29 0 -4
29 0 -4
29 0 -4
29 0 -4
29 0 -4
29 0 -4
29 0 -4
29 0 -4
29 0 -4
29 0 -4
29 0 -4
29 0 -4
29 0 -4
29 0 -4
29 0 -4
29 0 -4
29 0 -4
29 0 -4
29 0 -4
29 0 -4
29 0 -4
29 0 -4
29 0 -4
29 0 -4
29 0 -4
29 0 -4
29 0 -4
29 0 -4
29 0 -4
29 0 -4
29 0 -4
29 0 -4
29 4 0
29 4 0
29 4 0
29 4 0
29 4 0
29 4 0
29 4 0
29 4 0
29 4 0
29 4 0
29 4 0
29 4 0
29 4 0
29 4 0
29 4 0
29 4 0
29 4 0
29 4 0
29 4 0
29 4 0
29 4 0
29 4 0
29 4 0
29 4 0
29 4 0
29 4 0
29 4 0
29 4 0
29 4 0
29 4 0
29 4 0
29 4 0
29 4 0
29 4 0
29 0 4
29 0 4
29 0 4
29 0 4
29 0 4
29 0 4
29 0 4
29 0 4
29 0 4
29 0 4
29 0 4
29 0 4
29 0 4
29 0 4
29 0 4
29 0 4
29 0 4
29 0 4
29 0 4
29 0 4
29 0 4
29 0 4
29 0 4
29 0 4
29 0 4
29 0 4
29 0 4
29 0 4
29 0 4
29 0 4
29 0 4
29 0 4
29 0 4
29 0 4
30 -4 0
30 -4 0
30 -4 0
30 -4 0
30 -4 0
30 -4 0
30 -4 0
30 -4 0
30 -4 0
30 -4 0
30 -4 0
30 -4 0
30 -4 0
30 -4 0
30 -4 0
30 -4 0
30 -4 0
30 -4 0
30 -4 0
30 -4 0
30 -4 0
30 -4 0
30 -4 0
30 -4 0
30 -4 0
30 -4 0
30 -4 0
30 -4 0
30 -4 0
30 -4 0
30 -4 0
30 -4 0
30 -4 0
30 -4 0
30 0 -4
30 0 -4
30 0 -4
30 0 -4
30 0 -4
30 0 -4
30 0 -4
30 0 -4
30 0 -4
30 0 -4
30 0 -4
30 0 -4
30 0 -4
30 0 -4
30 0 -4
30 0 -4
30 0 -4
30 0 -4
30 0 -4
30 0 -4
30 0 -4
30 0 -4
30 0 -4
30 0 -4
30 0 -4
30 0 -4
30 0 -4
30 0 -4
30 0 -4
30 0 -4
30 0 -4
30 0 -4
30 0 -4
30 0 -4
30 4 0
30 4 0
30 4 0
30 4 0
30 4 0
30 4 0
30 4 0
30 4 0
30 4 0
30 4 0
30 4 0
30 4 0
30 4 0
30 4 0
30 4 0
30 4 0
30 4 0
30 4 0
30 4 0
30 4 0
30 4 0
30 4 0
30 4 0
30 4 0
30 4 0
30 4 0
30 4 0
30 4 0
30 4 0
30 4 0
30 4 0
30 4 0
30 4 0
30 4 0
30 0 4
30 0 4
30 0 4
30 0 4
30 0 4
30 0 4
30 0 4
30 0 4
30 0 4
30 0 4
30 0 4
30 0 4
30 0 4
30 0 4
30 0 4
30 0 4
30 0 4
30 0 4
30 0 4
30 0 4
30 0 4
30 0 4
30 0 4
30 0 4
30 0 4
30 0 4
30 0 4
30 0 4
30 0 4
30 0 4
30 0 4
30 0 4
30 0 4
30 0 4
31 -4 0
31 -4 0
31 -4 0
31 -4 0
31 -4 0
31 -4 0
31 -4 0
31 -4 0
31 -4 0
31 -4 0
31 -4 0
31 -4 0
31 -4 0
31 -4 0
31 -4 0
31 -4 0
31 -4 0
31 -4 0
31 -4 0
31 -4 0
31 -4 0
31 -4 0
31 -4 0
31 -4 0
31 -4 0
31 -4 0
31 -4 0
31 -4 0
31 -4 0
31 -4 0
31 -4 0
31 -4 0
31 -4 0
31 -4 0
31 0 -4
31 0 -4
31 0 -4
31 0 -4
31 0 -4
31 0 -4
31 0 -4
31 0 -4
31 0 -4
31 0 -4
31 0 -4
31 0 -4
31 0 -4
31 0 -4
31 0 -4
31 0 -4
31 0 -4
31 0 -4
31 0 -4
31 0 -4
31 0 -4
31 0 -4
31 0 -4
31 0 -4
31 0 -4
31 0 -4
31 0 -4
31 0 -4
31 0 -4
31 0 -4
31 0 -4
31 0 -4
31 0 -4
31 0 -4
31 4 0
31 4 0
31 4 0
31 4 0
31 4 0
31 4 0
31 4 0
31 4 0
31 4 0
31 4 0
31 4 0
31 4 0
31 4 0
31 4 0
31 4 0
31 4 0
31 4 0
31 4 0
31 4 0
31 4 0
31 4 0
31 4 0
31 4 0
31 4 0
31 4 0
31 4 0
31 4 0
31 4 0
31 4 0
31 4 0
31 4 0
31 4 0
31 4 0
31 4 0
31 0 4
31 0 4
31 0 4
31 0 4
31 0 4
31 0 4
31 0 4
31 0 4
31 0 4
31 0 4
31 0 4
31 0 4
31 0 4
31 0 4
31 0 4
31 0 4
31 0 4
31 0 4
31 0 4
31 0 4
31 0 4
31 0 4
31 0 4
31 0 4
31 0 4
31 0 4
31 0 4
31 0 4
31 0 4
31 0 4
31 0 4
31 0 4
31 0 4
31 0 4
32 -4 0
32 -4 0
32 -4 0
32 -4 0
32 -4 0
32 -4 0
32 -4 0
32 -4 0
32 -4 0
32 -4 0
32 -4 0
32 -4 0
32 -4 0
32 -4 0
32 -4 0
32 -4 0
32 -4 0
32 -4 0
32 -4 0
32 -4 0
32 -4 0
32 -4 0
32 -4 0
32 -4 0
32 -4 0
32 -4 0
32 -4 0
32 -4 0
32 -4 0
32 -4 0
32 -4 0
32 -4 0
32 -4 0
32 -4 0
32 0 -4
32 0 -4
32 0 -4
32 0 -4
32 0 -4
32 0 -4
32 0 -4
32 0 -4
32 0 -4
32 0 -4
32 0 -4
32 0 -4
32 0 -4
32 0 -4
32 0 -4
32 0 -4
32 0 -4
32 0 -4
32 0 -4
32 0 -4
32 0 -4
32 0 -4
32 0 -4
32 0 -4
32 0 -4
32 0 -4
32 0 -4
32 0 -4
32 0 -4
32 0 -4
32 0 -4
32 0 -4
32 0 -4
32 0 -4
32 4 0
32 4 0
32 4 0
32 4 0
32 4 0
32 4 0
32 4 0
32 4 0
32 4 0
32 4 0
32 4 0
32 4 0
32 4 0
32 4 0
32 4 0
32 4 0
32 4 0
32 4 0
32 4 0
32 4 0
32 4 0
32 4 0
32 4 0
32 4 0
32 4 0
32 4 0
32 4 0
32 4 0
32 4 0
32 4 0
32 4 0
32 4 0
32 4 0
32 4 0
32 0 4
32 0 4
32 0 4
32 0 4
32 0 4
32 0 4
32 0 4
32 0 4
32 0 4
32 0 4
32 0 4
32 0 4
32 0 4
32 0 4
32 0 4
32 0 4
32 0 4
32 0 4
32 0 4
32 0 4
32 0 4
32 0 4
32 0 4
32 0 4
32 0 4
32 0 4
32 0 4
32 0 4
32 0 4
32 0 4
32 0 4
32 0 4
32 0 4
32 0 4
33 -4 0
33 -4 0
33 -4 0
33 -4 0
33 -4 0
33 -4 0
33 -4 0
33 -4 0
33 -4 0
33 -4 0
33 -4 0
33 -4 0
33 -4 0
33 -4 0
33 -4 0
33 -4 0
33 -4 0
33 -4 0
33 -4 0
33 -4 0
33 -4 0
33 -4 0
33 -4 0
33 -4 0
33 -4 0
33 -4 0
33 -4 0
33 -4 0
33 -4 0
33 -4 0
33 -4 0
33 -4 0
33 -4 0
33 -4 0
33 0 -4
33 0 -4
33 0 -4
33 0 -4
33 0 -4
33 0 -4
33 0 -4
33 0 -4
33 0 -4
33 0 -4
33 0 -4
33 0 -4
33 0 -4
33 0 -4
33 0 -4
33 0 -4
33 0 -4
33 0 -4
33 0 -4
33 0 -4
33 0 -4
33 0 -4
33 0 -4
33 0 -4
33 0 -4
33 0 -4
33 0 -4
33 0 -4
33 0 -4
33 0 -4
33 0 -4
33 0 -4
33 0 -4
33 0 -4
33 4 0
33 4 0
33 4 0
33 4 0
33 4 0
33 4 0
33 4 0
33 4 0
33 4 0
33 4 0
33 4 0
33 4 0
33 4 0
33 4 0
33 4 0
33 4 0
33 4 0
33 4 0
33 4 0
33 4 0
33 4 0
33 4 0
33 4 0
33 4 0
33 4 0
33 4 0
33 4 0
33 4 0
33 4 0
33 4 0
33 4 0
33 4 0
33 4 0
33 4 0
33 0 4
33 0 4
33 0 4
33 0 4
33 0 4
33 0 4
33 0 4
33 0 4
33 0 4
33 0 4
33 0 4
33 0 4
33 0 4
33 0 4
33 0 4
33 0 4
33 0 4
33 0 4
33 0 4
33 0 4
33 0 4
33 0 4
33 0 4
33 0 4
33 0 4
33 0 4
33 0 4
33 0 4
33 0 4
33 0 4
33 0 4
33 0 4
33 0 4
33 0 4
34 -4 0
34 -4 0
34 -4 0
34 -4 0
34 -4 0
34 -4 0
34 -4 0
34 -4 0
34 -4 0
34 -4 0
34 -4 0
34 -4 0
34 -4 0
34 -4 0
34 -4 0
34 -4 0
34 -4 0
34 -4 0
34 -4 0
34 -4 0
34 -4 0
34 -4 0
34 -4 0
34 -4 0
34 -4 0
34 -4 0
34 -4 0
34 -4 0
34 -4 0
34 -4 0
34 -4 0
34 -4 0
34 -4 0
34 -4 0
34 0 -4
34 0 -4
34 0 -4
34 0 -4
34 0 -4
34 0 -4
34 0 -4
34 0 -4
34 0 -4
34 0 -4
34 0 -4
34 0 -4
34 0 -4
34 0 -4
34 0 -4
34 0 -4
34 0 -4
34 0 -4
34 0 -4
34 0 -4
34 0 -4
34 0 -4
34 0 -4
34 0 -4
34 0 -4
34 0 -4
34 0 -4
34 0 -4
34 0 -4
34 0 -4
34 0 -4
34 0 -4
34 0 -4
34 0 -4
34 4 0
34 4 0
34 4 0
34 4 0
34 4 0
34 4 0
34 4 0
34 4 0
34 4 0
34 4 0
34 4 0
34 4 0
34 4 0
34 4 0
34 4 0
34 4 0
34 4 0
34 4 0
34 4 0
34 4 0
34 4 0
34 4 0
34 4 0
34 4 0
34 4 0
34 4 0
34 4 0
34 4 0
34 4 0
34 4 0
34 4 0
34 4 0
34 4 0
34 4 0
34 0 4
34 0 4
34 0 4
34 0 4
34 0 4
34 0 4
34 0 4
34 0 4
34 0 4
34 0 4
34 0 4
34 0 4
34 0 4
34 0 4
34 0 4
34 0 4
34 0 4
34 0 4
34 0 4
34 0 4
34 0 4
34 0 4
34 0 4
34 0 4
34 0 4
34 0 4
34 0 4
34 0 4
34 0 4
34 0 4
34 0 4
34 0 4
34 0 4
34 0 4
35 -4 0
35 -4 0
35 -4 0
35 -4 0
35 -4 0
35 -4 0
35 -4 0
35 -4 0
35 -4 0
35 -4 0
35 -4 0
35 -4 0
35 -4 0
35 -4 0
35 -4 0
35 -4 0
35 -4 0
35 -4 0
35 -4 0
35 -4 0
35 -4 0
35 -4 0
35 -4 0
35 -4 0
35 -4 0
35 -4 0
35 -4 0
35 -4 0
35 -4 0
35 -4 0
35 -4 0
35 -4 0
35 -4 0
35 -4 0
35 0 -4
35 0 -4
35 0 -4
35 0 -4
35 0 -4
35 0 -4
35 0 -4
35 0 -4
35 0 -4
35 0 -4
35 0 -4
35 0 -4
35 0 -4
35 0 -4
35 0 -4
35 0 -4
35 0 -4
35 0 -4
35 0 -4
35 0 -4
35 0 -4
35 0 -4
35 0 -4
35 0 -4
35 0 -4
35 0 -4
35 0 -4
35 0 -4
35 0 -4
35 0 -4
35 0 -4
35 0 -4
35 0 -4
35 0 -4
35 4 0
35 4 0
35 4 0
35 4 0
35 4 0
35 4 0
35 4 0
35 4 0
35 4 0
35 4 0
35 4 0
35 4 0
35 4 0
35 4 0
35 4 0
35 4 0
35 4 0
35 4 0
35 4 0
35 4 0
35 4 0
35 4 0
35 4 0
35 4 0
35 4 0
35 4 0
35 4 0
35 4 0
35 4 0
35 4 0
35 4 0
35 4 0
35 4 0
35 4 0
35 0 4
35 0 4
35 0 4
35 0 4
35 0 4
35 0 4
35 0 4
35 0 4
35 0 4
35 0 4
35 0 4
35 0 4
35 0 4
35 0 4
35 0 4
35 0 4
35 0 4
35 0 4
35 0 4
35 0 4
35 0 4
35 0 4
35 0 4
35 0 4
35 0 4
35 0 4
35 0 4
35 0 4
35 0 4
35 0 4
35 0 4
35 0 4
35 0 4
35 0 4
36 -4 0
36 -4 0
36 -4 0
36 -4 0
36 -4 0
36 -4 0
36 -4 0
36 -4 0
36 -4 0
36 -4 0
36 -4 0
36 -4 0
36 -4 0
36 -4 0
36 -4 0
36 -4 0
36 -4 0
36 -4 0
36 -4 0
36 -4 0
36 -4 0
36 -4 0
36 -4 0
36 -4 0
36 -4 0
36 -4 0
36 -4 0
36 -4 0
36 -4 0
36 -4 0
36 -4 0
36 -4 0
36 -4 0
36 -4 0
36 0 -4
36 0 -4
36 0 -4
36 0 -4
36 0 -4
36 0 -4
36 0 -4
36 0 -4
36 0 -4
36 0 -4
36 0 -4
36 0 -4
36 0 -4
36 0 -4
36 0 -4
36 0 -4
36 0 -4
36 0 -4
36 0 -4
36 0 -4
36 0 -4
36 0 -4
36 0 -4
36 0 -4
36 0 -4
36 0 -4
36 0 -4
36 0 -4
36 0 -4
36 0 -4
36 0 -4
36 0 -4
36 0 -4
36 0 -4
36 4 0
36 4 0
36 4 0
36 4 0
36 4 0
36 4 0
36 4 0
36 4 0
36 4 0
36 4 0
36 4 0
36 4 0
36 4 0
36 4 0
36 4 0
36 4 0
36 4 0
36 4 0
36 4 0
36 4 0
36 4 0
36 4 0
36 4 0
36 4 0
36 4 0
36 4 0
36 4 0
36 4 0
36 4 0
36 4 0
36 4 0
36 4 0
36 4 0
36 4 0
36 0 4
36 0 4
36 0 4
36 0 4
36 0 4
36 0 4
36 0 4
36 0 4
36 0 4
36 0 4
36 0 4
36 0 4
36 0 4
36 0 4
36 0 4
36 0 4
36 0 4
36 0 4
36 0 4
36 0 4
36 0 4
36 0 4
36 0 4
36 0 4
36 0 4
36 0 4
36 0 4
36 0 4
36 0 4
36 0 4
36 0 4
36 0 4
36 0 4
36 0 4
37 -4 0
37 -4 0
37 -4 0
37 -4 0
37 -4 0
37 -4 0
37 -4 0
37 -4 0
37 -4 0
37 -4 0
37 -4 0
37 -4 0
37 -4 0
37 -4 0
37 -4 0
37 -4 0
37 -4 0
37 -4 0
37 -4 0
37 -4 0
37 -4 0
37 -4 0
37 -4 0
37 -4 0
37 -4 0
37 -4 0
37 -4 0
37 -4 0
37 -4 0
37 -4 0
37 -4 0
37 -4 0
37 -4 0
37 -4 0
37 0 -4
37 0 -4
37 0 -4
37 0 -4
37 0 -4
37 0 -4
37 0 -4
37 0 -4
37 0 -4
37 0 -4
37 0 -4
37 0 -4
37 0 -4
37 0 -4
37 0 -4
37 0 -4
37 0 -4
37 0 -4
37 0 -4
37 0 -4
37 0 -4
37 0 -4
37 0 -4
37 0 -4
37 0 -4
37 0 -4
37 0 -4
37 0 -4
37 0 -4
37 0 -4
37 0 -4
37 0 -4
37 0 -4
37 0 -4
37 4 0
37 4 0
37 4 0
37 4 0
37 4 0
37 4 0
37 4 0
37 4 0
37 4 0
37 4 0
37 4 0
37 4 0
37 4 0
37 4 0
37 4 0
37 4 0
37 4 0
37 4 0
37 4 0
37 4 0
37 4 0
37 4 0
37 4 0
37 4 0
37 4 0
37 4 0
37 4 0
37 4 0
37 4 0
37 4 0
37 4 0
37 4 0
37 4 0
37 4 0
37 0 4
37 0 4
37 0 4
37 0 4
37 0 4
37 0 4
37 0 4
37 0 4
37 0 4
37 0 4
37 0 4
37 0 4
37 0 4
37 0 4
37 0 4
37 0 4
37 0 4
37 0 4
37 0 4
37 0 4
37 0 4
37 0 4
37 0 4
37 0 4
37 0 4
37 0 4
37 0 4
37 0 4
37 0 4
37 0 4
37 0 4
37 0 4
37 0 4
37 0 4
38 -4 0
38 -4 0
38 -4 0
38 -4 0
38 -4 0
38 -4 0
38 -4 0
38 -4 0
38 -4 0
38 -4 0
38 -4 0
38 -4 0
38 -4 0
38 -4 0
38 -4 0
38 -4 0
38 -4 0
38 -4 0
38 -4 0
38 -4 0
38 -4 0
38 -4 0
38 -4 0
38 -4 0
38 -4 0
38 -4 0
38 -4 0
38 -4 0
38 -4 0
38 -4 0
38 -4 0
38 -4 0
38 -4 0
38 -4 0
38 0 -4
38 0 -4
38 0 -4
38 0 -4
38 0 -4
38 0 -4
38 0 -4
38 0 -4
38 0 -4
38 0 -4
38 0 -4
38 0 -4
38 0 -4
38 0 -4
38 0 -4
38 0 -4
38 0 -4
38 0 -4
38 0 -4
38 0 -4
38 0 -4
38 0 -4
38 0 -4
38 0 -4
38 0 -4
38 0 -4
38 0 -4
38 0 -4
38 0 -4
38 0 -4
38 0 -4
38 0 -4
38 0 -4
38 0 -4
38 4 0
38 4 0
38 4 0
38 4 0
38 4 0
38 4 0
38 4 0
38 4 0
38 4 0
38 4 0
38 4 0
38 4 0
38 4 0
38 4 0
38 4 0
38 4 0
38 4 0
38 4 0
38 4 0
38 4 0
38 4 0
38 4 0
38 4 0
38 4 0
38 4 0
38 4 0
38 4 0
38 4 0
38 4 0
38 4 0
38 4 0
38 4 0
38 4 0
38 4 0
38 0 4
38 0 4
38 0 4
38 0 4
38 0 4
38 0 4
38 0 4
38 0 4
38 0 4
38 0 4
38 0 4
38 0 4
38 0 4
38 0 4
38 0 4
38 0 4
38 0 4
38 0 4
38 0 4
38 0 4
38 0 4
38 0 4
38 0 4
38 0 4
38 0 4
38 0 4
38 0 4
38 0 4
38 0 4
38 0 4
38 0 4
38 0 4
38 0 4
38 0 4
39 -4 0
39 -4 0
39 -4 0
39 -4 0
39 -4 0
39 -4 0
39 -4 0
39 -4 0
39 -4 0
39 -4 0
39 -4 0
39 -4 0
39 -4 0
39 -4 0
39 -4 0
39 -4 0
39 -4 0
39 -4 0
39 -4 0
39 -4 0
39 -4 0
39 -4 0
39 -4 0
39 -4 0
39 -4 0
39 -4 0
39 -4 0
39 -4 0
39 -4 0
39 -4 0
39 -4 0
39 -4 0
39 -4 0
39 -4 0
39 0 -4
39 0 -4
39 0 -4
39 0 -4
39 0 -4
39 0 -4
39 0 -4
39 0 -4
39 0 -4
39 0 -4
39 0 -4
39 0 -4
39 0 -4
39 0 -4
39 0 -4
39 0 -4
39 0 -4
39 0 -4
39 0 -4
39 0 -4
39 0 -4
39 0 -4
39 0 -4
39 0 -4
39 0 -4
39 0 -4
39 0 -4
39 0 -4
39 0 -4
39 0 -4
39 0 -4
39 0 -4
39 0 -4
39 0 -4
39 4 0
39 4 0
39 4 0
39 4 0
39 4 0
39 4 0
39 4 0
39 4 0
39 4 0
39 4 0
39 4 0
39 4 0
39 4 0
39 4 0
39 4 0
39 4 0
39 4 0
39 4 0
39 4 0
39 4 0
39 4 0
39 4 0
39 4 0
39 4 0
39 4 0
39 4 0
39 4 0
39 4 0
39 4 0
39 4 0
39 4 0
39 4 0
39 4 0
39 4 0
39 0 4
39 0 4
39 0 4
39 0 4
39 0 4
39 0 4
39 0 4
39 0 4
39 0 4
39 0 4
39 0 4
39 0 4
39 0 4
39 0 4
39 0 4
39 0 4
39 0 4
39 0 4
39 0 4
39 0 4
39 0 4
39 0 4
39 0 4
39 0 4
39 0 4
39 0 4
39 0 4
39 0 4
39 0 4
39 0 4
39 0 4
39 0 4
39 0 4
39 0 4
40 -4 0
40 -4 0
40 -4 0
40 -4 0
40 -4 0
40 -4 0
40 -4 0
40 -4 0
40 -4 0
40 -4 0
40 -4 0
40 -4 0
40 -4 0
40 -4 0
40 -4 0
40 -4 0
40 -4 0
40 -4 0
40 -4 0
40 -4 0
40 -4 0
40 -4 0
40 -4 0
40 -4 0
40 -4 0
40 -4 0
40 -4 0
40 -4 0
40 -4 0
40 -4 0
40 -4 0
40 -4 0
40 -4 0
40 -4 0
40 0 -4
40 0 -4
40 0 -4
40 0 -4
40 0 -4
40 0 -4
40 0 -4
40 0 -4
40 0 -4
40 0 -4
40 0 -4
40 0 -4
40 0 -4
40 0 -4
40 0 -4
40 0 -4
40 0 -4
40 0 -4
40 0 -4
40 0 -4
40 0 -4
40 0 -4
40 0 -4
40 0 -4
40 0 -4
40 0 -4
40 0 -4
40 0 -4
40 0 -4
40 0 -4
40 0 -4
40 0 -4
40 0 -4
40 0 -4
40 4 0
40 4 0
40 4 0
40 4 0
40 4 0
40 4 0
40 4 0
40 4 0
40 4 0
40 4 0
40 4 0
40 4 0
40 4 0
40 4 0
40 4 0
40 4 0
40 4 0
40 4 0
40 4 0
40 4 0
40 4 0
40 4 0
40 4 0
40 4 0
40 4 0
40 4 0
40 4 0
40 4 0
40 4 0
40 4 0
40 4 0
40 4 0
40 4 0
40 4 0
40 0 4
40 0 4
40 0 4
40 0 4
40 0 4
40 0 4
40 0 4
40 0 4
40 0 4
40 0 4
40 0 4
40 0 4
40 0 4
40 0 4
40 0 4
40 0 4
40 0 4
40 0 4
40 0 4
40 0 4
40 0 4
40 0 4
40 0 4
40 0 4
40 0 4
40 0 4
40 0 4
40 0 4
40 0 4
40 0 4
40 0 4
40 0 4
40 0 4
40 0 4
41 -4 0
41 -4 0
41 -4 0
41 -4 0
41 -4 0
41 -4 0
41 -4 0
41 -4 0
41 -4 0
41 -4 0
41 -4 0
41 -4 0
41 -4 0
41 -4 0
41 -4 0
41 -4 0
41 -4 0
41 -4 0
41 -4 0
41 -4 0
41 -4 0
41 -4 0
41 -4 0
41 -4 0
41 -4 0
41 -4 0
41 -4 0
41 -4 0
41 -4 0
41 -4 0
41 -4 0
41 -4 0
41 -4 0
41 -4 0
41 0 -4
41 0 -4
41 0 -4
41 0 -4
41 0 -4
41 0 -4
41 0 -4
41 0 -4
41 0 -4
41 0 -4
41 0 -4
41 0 -4
41 0 -4
41 0 -4
41 0 -4
41 0 -4
41 0 -4
41 0 -4
41 0 -4
41 0 -4
41 0 -4
41 0 -4
41 0 -4
41 0 -4
41 0 -4
41 0 -4
41 0 -4
41 0 -4
41 0 -4
41 0 -4
41 0 -4
41 0 -4
41 0 -4
41 0 -4
41 4 0
41 4 0
41 4 0
41 4 0
41 4 0
41 4 0
41 4 0
41 4 0
41 4 0
41 4 0
41 4 0
41 4 0
41 4 0
41 4 0
41 4 0
41 4 0
41 4 0
41 4 0
41 4 0
41 4 0
41 4 0
41 4 0
41 4 0
41 4 0
41 4 0
41 4 0
41 4 0
41 4 0
41 4 0
41 4 0
41 4 0
41 4 0
41 4 0
41 4 0
41 0 4
41 0 4
41 0 4
41 0 4
41 0 4
41 0 4
41 0 4
41 0 4
41 0 4
41 0 4
41 0 4
41 0 4
41 0 4
41 0 4
41 0 4
41 0 4
41 0 4
41 0 4
41 0 4
41 0 4
41 0 4
41 0 4
41 0 4
41 0 4
41 0 4
41 0 4
41 0 4
41 0 4
41 0 4
41 0 4
41 0 4
41 0 4
41 0 4
41 0 4
42 -4 0
42 -4 0
42 -4 0
42 -4 0
42 -4 0
42 -4 0
42 -4 0
42 -4 0
42 -4 0
42 -4 0
42 -4 0
42 -4 0
42 -4 0
42 -4 0
42 -4 0
42 -4 0
42 -4 0
42 -4 0
42 -4 0
42 -4 0
42 -4 0
42 -4 0
42 -4 0
42 -4 0
42 -4 0
42 -4 0
42 -4 0
42 -4 0
42 -4 0
42 -4 0
42 -4 0
42 -4 0
42 -4 0
42 -4 0
42 0 -4
42 0 -4
42 0 -4
42 0 -4
42 0 -4
42 0 -4
42 0 -4
42 0 -4
42 0 -4
42 0 -4
42 0 -4
42 0 -4
42 0 -4
42 0 -4
42 0 -4
42 0 -4
42 0 -4
42 0 -4
42 0 -4
42 0 -4
42 0 -4
42 0 -4
42 0 -4
42 0 -4
42 0 -4
42 0 -4
42 0 -4
42 0 -4
42 0 -4
42 0 -4
42 0 -4
42 0 -4
42 0 -4
42 0 -4
42 4 0
42 4 0
42 4 0
42 4 0
42 4 0
42 4 0
42 4 0
42 4 0
42 4 0
42 4 0
42 4 0
42 4 0
42 4 0
42 4 0
42 4 0
42 4 0
42 4 0
42 4 0
42 4 0
42 4 0
42 4 0
42 4 0
42 4 0
42 4 0
42 4 0
42 4 0
42 4 0
42 4 0
42 4 0
42 4 0
42 4 0
42 4 0
42 4 0
42 4 0
42 0 4
42 0 4
42 0 4
42 0 4
42 0 4
42 0 4
42 0 4
42 0 4
42 0 4
42 0 4
42 0 4
42 0 4
42 0 4
42 0 4
42 0 4
42 0 4
42 0 4
42 0 4
42 0 4
42 0 4
42 0 4
42 0 4
42 0 4
42 0 4
42 0 4
42 0 4
42 0 4
42 0 4
42 0 4
42 0 4
42 0 4
42 0 4
42 0 4
42 0 4
43 -4 0
43 -4 0
43 -4 0
43 -4 0
43 -4 0
43 -4 0
43 -4 0
43 -4 0
43 -4 0
43 -4 0
43 -4 0
43 -4 0
43 -4 0
43 -4 0
43 -4 0
43 -4 0
43 -4 0
43 -4 0
43 -4 0
43 -4 0
43 -4 0
43 -4 0
43 -4 0
43 -4 0
43 -4 0
43 -4 0
43 -4 0
43 -4 0
43 -4 0
43 -4 0
43 -4 0
43 -4 0
43 -4 0
43 -4 0
43 0 -4
43 0 -4
43 0 -4
43 0 -4
43 0 -4
43 0 -4
43 0 -4
43 0 -4
43 0 -4
43 0 -4
43 0 -4
43 0 -4
43 0 -4
43 0 -4
43 0 -4
43 0 -4
43 0 -4
43 0 -4
43 0 -4
43 0 -4
43 0 -4
43 0 -4
43 0 -4
43 0 -4
43 0 -4
43 0 -4
43 0 -4
43 0 -4
43 0 -4
43 0 -4
43 0 -4
43 0 -4
43 0 -4
43 0 -4
43 4 0
43 4 0
43 4 0
43 4 0
43 4 0
43 4 0
43 4 0
43 4 0
43 4 0
43 4 0
43 4 0
43 4 0
43 4 0
43 4 0
43 4 0
43 4 0
43 4 0
43 4 0
43 4 0
43 4 0
43 4 0
43 4 0
43 4 0
43 4 0
43 4 0
43 4 0
43 4 0
43 4 0
43 4 0
43 4 0
43 4 0
43 4 0
43 4 0
43 4 0
43 0 4
43 0 4
43 0 4
43 0 4
43 0 4
43 0 4
43 0 4
43 0 4
43 0 4
43 0 4
43 0 4
43 0 4
43 0 4
43 0 4
43 0 4
43 0 4
43 0 4
43 0 4
43 0 4
43 0 4
43 0 4
43 0 4
43 0 4
43 0 4
43 0 4
43 0 4
43 0 4
43 0 4
43 0 4
43 0 4
43 0 4
43 0 4
43 0 4
43 0 4
44 -4 0
44 -4 0
44 -4 0
44 -4 0
44 -4 0
44 -4 0
44 -4 0
44 -4 0
44 -4 0
44 -4 0
44 -4 0
44 -4 0
44 -4 0
44 -4 0
44 -4 0
44 -4 0
44 -4 0
44 -4 0
44 -4 0
44 -4 0
44 -4 0
44 -4 0
44 -4 0
44 -4 0
44 -4 0
44 -4 0
44 -4 0
44 -4 0
44 -4 0
44 -4 0
44 -4 0
44 -4 0
44 -4 0
44 -4 0
44 0 -4
44 0 -4
44 0 -4
44 0 -4
44 0 -4
44 0 -4
44 0 -4
44 0 -4
44 0 -4
44 0 -4
44 0 -4
44 0 -4
44 0 -4
44 0 -4
44 0 -4
44 0 -4
44 0 -4
44 0 -4
44 0 -4
44 0 -4
44 0 -4
44 0 -4
44 0 -4
44 0 -4
44 0 -4
44 0 -4
44 0 -4
44 0 -4
44 0 -4
44 0 -4
44 0 -4
44 0 -4
44 0 -4
44 0 -4
44 4 0
44 4 0
44 4 0
44 4 0
44 4 0
44 4 0
44 4 0
44 4 0
44 4 0
44 4 0
44 4 0
44 4 0
44 4 0
44 4 0
44 4 0
44 4 0
44 4 0
44 4 0
44 4 0
44 4 0
44 4 0
44 4 0
44 4 0
44 4 0
44 4 0
44 4 0
44 4 0
44 4 0
44 4 0
44 4 0
44 4 0
44 4 0
44 4 0
44 4 0
44 0 4
44 0 4
44 0 4
44 0 4
44 0 4
44 0 4
44 0 4
44 0 4
44 0 4
44 0 4
44 0 4
44 0 4
44 0 4
44 0 4
44 0 4
44 0 4
44 0 4
44 0 4
44 0 4
44 0 4
44 0 4
44 0 4
44 0 4
44 0 4
44 0 4
44 0 4
44 0 4
44 0 4
44 0 4
44 0 4
44 0 4
44 0 4
44 0 4
44 0 4
45 -4 0
45 -4 0
45 -4 0
45 -4 0
45 -4 0
45 -4 0
45 -4 0
45 -4 0
45 -4 0
45 -4 0
45 -4 0
45 -4 0
45 -4 0
45 -4 0
45 -4 0
45 -4 0
45 -4 0
45 -4 0
45 -4 0
45 -4 0
45 -4 0
45 -4 0
45 -4 0
45 -4 0
45 -4 0
45 -4 0
45 -4 0
45 -4 0
45 -4 0
45 -4 0
45 -4 0
45 -4 0
45 -4 0
45 -4 0
45 0 -4
45 0 -4
45 0 -4
45 0 -4
45 0 -4
45 0 -4
45 0 -4
45 0 -4
45 0 -4
45 0 -4
45 0 -4
45 0 -4
45 0 -4
45 0 -4
45 0 -4
45 0 -4
45 0 -4
45 0 -4
45 0 -4
45 0 -4
45 0 -4
45 0 -4
45 0 -4
45 0 -4
45 0 -4
45 0 -4
45 0 -4
45 0 -4
45 0 -4
45 0 -4
45 0 -4
45 0 -4
45 0 -4
45 0 -4
45 4 0
45 4 0
45 4 0
45 4 0
45 4 0
45 4 0
45 4 0
45 4 0
45 4 0
45 4 0
45 4 0
45 4 0
45 4 0
45 4 0
45 4 0
45 4 0
45 4 0
45 4 0
45 4 0
45 4 0
45 4 0
45 4 0
45 4 0
45 4 0
45 4 0
45 4 0
45 4 0
45 4 0
45 4 0
45 4 0
45 4 0
45 4 0
45 4 0
45 4 0
45 0 4
45 0 4
45 0 4
45 0 4
45 0 4
45 0 4
45 0 4
45 0 4
45 0 4
45 0 4
45 0 4
45 0 4
45 0 4
45 0 4
45 0 4
45 0 4
45 0 4
45 0 4
45 0 4
45 0 4
45 0 4
45 0 4
45 0 4
45 0 4
45 0 4
45 0 4
45 0 4
45 0 4
45 0 4
45 0 4
45 0 4
45 0 4
45 0 4
45 0 4
46 -4 0
46 -4 0
46 -4 0
46 -4 0
46 -4 0
46 -4 0
46 -4 0
46 -4 0
46 -4 0
46 -4 0
46 -4 0
46 -4 0
46 -4 0
46 -4 0
46 -4 0
46 -4 0
46 -4 0
46 -4 0
46 -4 0
46 -4 0
46 -4 0
46 -4 0
46 -4 0
46 -4 0
46 -4 0
46 -4 0
46 -4 0
46 -4 0
46 -4 0
46 -4 0
46 -4 0
46 -4 0
46 -4 0
46 -4 0
46 0 -4
46 0 -4
46 0 -4
46 0 -4
46 0 -4
46 0 -4
46 0 -4
46 0 -4
46 0 -4
46 0 -4
46 0 -4
46 0 -4
46 0 -4
46 0 -4
46 0 -4
46 0 -4
46 0 -4
46 0 -4
46 0 -4
46 0 -4
46 0 -4
46 0 -4
46 0 -4
46 0 -4
46 0 -4
46 0 -4
46 0 -4
46 0 -4
46 0 -4
46 0 -4
46 0 -4
46 0 -4
46 0 -4
46 0 -4
46 4 0
46 4 0
46 4 0
46 4 0
46 4 0
46 4 0
46 4 0
46 4 0
46 4 0
46 4 0
46 4 0
46 4 0
46 4 0
46 4 0
46 4 0
46 4 0
46 4 0
46 4 0
46 4 0
46 4 0
46 4 0
46 4 0
46 4 0
46 4 0
46 4 0
46 4 0
46 4 0
46 4 0
46 4 0
46 4 0
46 4 0
46 4 0
46 4 0
46 4 0
46 0 4
46 0 4
46 0 4
46 0 4
46 0 4
46 0 4
46 0 4
46 0 4
46 0 4
46 0 4
46 0 4
46 0 4
46 0 4
46 0 4
46 0 4
46 0 4
46 0 4
46 0 4
46 0 4
46 0 4
46 0 4
46 0 4
46 0 4
46 0 4
46 0 4
46 0 4
46 0 4
46 0 4
46 0 4
46 0 4
46 0 4
46 0 4
46 0 4
46 0 4
47 -4 0
47 -4 0
47 -4 0
47 -4 0
47 -4 0
47 -4 0
47 -4 0
47 -4 0
47 -4 0
47 -4 0
47 -4 0
47 -4 0
47 -4 0
47 -4 0
47 -4 0
47 -4 0
47 -4 0
47 -4 0
47 -4 0
47 -4 0
47 -4 0
47 -4 0
47 -4 0
47 -4 0
47 -4 0
47 -4 0
47 -4 0
47 -4 0
47 -4 0
47 -4 0
47 -4 0
47 -4 0
47 -4 0
47 -4 0
47 0 -4
47 0 -4
47 0 -4
47 0 -4
47 0 -4
47 0 -4
47 0 -4
47 0 -4
47 0 -4
47 0 -4
47 0 -4
47 0 -4
47 0 -4
47 0 -4
47 0 -4
47 0 -4
47 0 -4
47 0 -4
47 0 -4
47 0 -4
47 0 -4
47 0 -4
47 0 -4
47 0 -4
47 0 -4
47 0 -4
47 0 -4
47 0 -4
47 0 -4
47 0 -4
47 0 -4
47 0 -4
47 0 -4
47 0 -4
47 4 0
47 4 0
47 4 0
47 4 0
47 4 0
47 4 0
47 4 0
47 4 0
47 4 0
47 4 0
47 4 0
47 4 0
47 4 0
47 4 0
47 4 0
47 4 0
47 4 0
47 4 0
47 4 0
47 4 0
47 4 0
47 4 0
47 4 0
47 4 0
47 4 0
47 4 0
47 4 0
47 4 0
47 4 0
47 4 0
47 4 0
47 4 0
47 4 0
47 4 0
47 0 4
47 0 4
47 0 4
47 0 4
47 0 4
47 0 4
47 0 4
47 0 4
47 0 4
47 0 4
47 0 4
47 0 4
47 0 4
47 0 4
47 0 4
47 0 4
47 0 4
47 0 4
47 0 4
47 0 4
47 0 4
47 0 4
47 0 4
47 0 4
47 0 4
47 0 4
47 0 4
47 0 4
47 0 4
47 0 4
47 0 4
47 0 4
47 0 4
47 0 4
48 -4 0
48 -4 0
48 -4 0
48 -4 0
48 -4 0
48 -4 0
48 -4 0
48 -4 0
48 -4 0
48 -4 0
48 -4 0
48 -4 0
48 -4 0
48 -4 0
48 -4 0
48 -4 0
48 -4 0
48 -4 0
48 -4 0
48 -4 0
48 -4 0
48 -4 0
48 -4 0
48 -4 0
48 -4 0
48 -4 0
48 -4 0
48 -4 0
48 -4 0
48 -4 0
48 -4 0
48 -4 0
48 -4 0
48 -4 0
48 0 -4
48 0 -4
48 0 -4
48 0 -4
48 0 -4
48 0 -4
48 0 -4
48 0 -4
48 0 -4
48 0 -4
48 0 -4
48 0 -4
48 0 -4
48 0 -4
48 0 -4
48 0 -4
48 0 -4
48 0 -4
48 0 -4
48 0 -4
48 0 -4
48 0 -4
48 0 -4
48 0 -4
48 0 -4
48 0 -4
48 0 -4
48 0 -4
48 0 -4
48 0 -4
48 0 -4
48 0 -4
48 0 -4
48 0 -4
48 4 0
48 4 0
48 4 0
48 4 0
48 4 0
48 4 0
48 4 0
48 4 0
48 4 0
48 4 0
48 4 0
48 4 0
48 4 0
48 4 0
48 4 0
48 4 0
48 4 0
48 4 0
48 4 0
48 4 0
48 4 0
48 4 0
48 4 0
48 4 0
48 4 0
48 4 0
48 4 0
48 4 0
48 4 0
48 4 0
48 4 0
48 4 0
48 4 0
48 4 0
48 0 4
48 0 4
48 0 4
48 0 4
48 0 4
48 0 4
48 0 4
48 0 4
48 0 4
48 0 4
48 0 4
48 0 4
48 0 4
48 0 4
48 0 4
48 0 4
48 0 4
48 0 4
48 0 4
48 0 4
48 0 4
48 0 4
48 0 4
48 0 4
48 0 4
48 0 4
48 0 4
48 0 4
48 0 4
48 0 4
48 0 4
48 0 4
48 0 4
48 0 4
49 -4 0
49 -4 0
49 -4 0
49 -4 0
49 -4 0
49 -4 0
49 -4 0
49 -4 0
49 -4 0
49 -4 0
49 -4 0
49 -4 0
49 -4 0
49 -4 0
49 -4 0
49 -4 0
49 -4 0
49 -4 0
49 -4 0
49 -4 0
49 -4 0
49 -4 0
49 -4 0
49 -4 0
49 -4 0
49 -4 0
49 -4 0
49 -4 0
49 -4 0
49 -4 0
49 -4 0
49 -4 0
49 -4 0
49 -4 0
49 0 -4
49 0 -4
49 0 -4
49 0 -4
49 0 -4
49 0 -4
49 0 -4
49 0 -4
49 0 -4
49 0 -4
49 0 -4
49 0 -4
49 0 -4
49 0 -4
49 0 -4
49 0 -4
49 0 -4
49 0 -4
49 0 -4
49 0 -4
49 0 -4
49 0 -4
49 0 -4
49 0 -4
49 0 -4
49 0 -4
49 0 -4
49 0 -4
49 0 -4
49 0 -4
49 0 -4
49 0 -4
49 0 -4
49 0 -4
49 4 0
49 4 0
49 4 0
49 4 0
49 4 0
49 4 0
49 4 0
49 4 0
49 4 0
49 4 0
49 4 0
49 4 0
49 4 0
49 4 0
49 4 0
49 4 0
49 4 0
49 4 0
49 4 0
49 4 0
49 4 0
49 4 0
49 4 0
49 4 0
49 4 0
49 4 0
49 4 0
49 4 0
49 4 0
49 4 0
49 4 0
49 4 0
49 4 0
49 4 0
49 0 4
49 0 4
49 0 4
49 0 4
49 0 4
49 0 4
49 0 4
49 0 4
49 0 4
49 0 4
49 0 4
49 0 4
49 0 4
49 0 4
49 0 4
49 0 4
49 0 4
49 0 4
49 0 4
49 0 4
49 0 4
49 0 4
49 0 4
49 0 4
49 0 4
49 0 4
49 0 4
49 0 4
49 0 4
49 0 4
49 0 4
49 0 4
49 0 4
49 0 4
50 -4 0
50 -4 0
50 -4 0
50 -4 0
50 -4 0
50 -4 0
50 -4 0
50 -4 0
50 -4 0
50 -4 0
50 -4 0
50 -4 0
50 -4 0
50 -4 0
50 -4 0
50 -4 0
50 -4 0
50 -4 0
50 -4 0
50 -4 0
50 -4 0
50 -4 0
50 -4 0
50 -4 0
50 -4 0
50 -4 0
50 -4 0
50 -4 0
50 -4 0
50 -4 0
50 -4 0
50 -4 0
50 -4 0
50 -4 0
50 0 -4
50 0 -4
50 0 -4
50 0 -4
50 0 -4
50 0 -4
50 0 -4
50 0 -4
50 0 -4
50 0 -4
50 0 -4
50 0 -4
50 0 -4
50 0 -4
50 0 -4
50 0 -4
50 0 -4
50 0 -4
50 0 -4
50 0 -4
50 0 -4
50 0 -4
50 0 -4
50 0 -4
50 0 -4
50 0 -4
50 0 -4
50 0 -4
50 0 -4
50 0 -4
50 0 -4
50 0 -4
50 0 -4
50 0 -4
50 4 0
50 4 0
50 4 0
50 4 0
50 4 0
50 4 0
50 4 0
50 4 0
50 4 0
50 4 0
50 4 0
50 4 0
50 4 0
50 4 0
50 4 0
50 4 0
50 4 0
50 4 0
50 4 0
50 4 0
50 4 0
50 4 0
50 4 0
50 4 0
50 4 0
50 4 0
50 4 0
50 4 0
50 4 0
50 4 0
50 4 0
50 4 0
50 4 0
50 4 0
50 0 4
50 0 4
50 0 4
50 0 4
50 0 4
50 0 4
50 0 4
50 0 4
50 0 4
50 0 4
50 0 4
50 0 4
50 0 4
50 0 4
50 0 4
50 0 4
50 0 4
50 0 4
50 0 4
50 0 4
50 0 4
50 0 4
50 0 4
50 0 4
50 0 4
50 0 4
50 0 4
50 0 4
50 0 4
50 0 4
50 0 4
50 0 4
50 0 4
50 0 4
51 -4 0
51 -4 0
51 -4 0
51 -4 0
51 -4 0
51 -4 0
51 -4 0
51 -4 0
51 -4 0
51 -4 0
51 -4 0
51 -4 0
51 -4 0
51 -4 0
51 -4 0
51 -4 0
51 -4 0
51 -4 0
51 -4 0
51 -4 0
51 -4 0
51 -4 0
51 -4 0
51 -4 0
51 -4 0
51 -4 0
51 -4 0
51 -4 0
51 -4 0
51 -4 0
51 -4 0
51 -4 0
51 -4 0
51 -4 0
51 0 -4
51 0 -4
51 0 -4
51 0 -4
51 0 -4
51 0 -4
51 0 -4
51 0 -4
51 0 -4
51 0 -4
51 0 -4
51 0 -4
51 0 -4
51 0 -4
51 0 -4
51 0 -4
51 0 -4
51 0 -4
51 0 -4
51 0 -4
51 0 -4
51 0 -4
51 0 -4
51 0 -4
51 0 -4
51 0 -4
51 0 -4
51 0 -4
51 0 -4
51 0 -4
51 0 -4
51 0 -4
51 0 -4
51 0 -4
51 4 0
51 4 0
51 4 0
51 4 0
51 4 0
51 4 0
51 4 0
51 4 0
51 4 0
51 4 0
51 4 0
51 4 0
51 4 0
51 4 0
51 4 0
51 4 0
51 4 0
51 4 0
51 4 0
51 4 0
51 4 0
51 4 0
51 4 0
51 4 0
51 4 0
51 4 0
51 4 0
51 4 0
51 4 0
51 4 0
51 4 0
51 4 0
51 4 0
51 4 0
51 0 4
51 0 4
51 0 4
51 0 4
51 0 4
51 0 4
51 0 4
51 0 4
51 0 4
51 0 4
51 0 4
51 0 4
51 0 4
51 0 4
51 0 4
51 0 4
51 0 4
51 0 4
51 0 4
51 0 4
51 0 4
51 0 4
51 0 4
51 0 4
51 0 4
51 0 4
51 0 4
51 0 4
51 0 4
51 0 4
51 0 4
51 0 4
51 0 4
51 0 4
52 -4 0
52 -4 0
52 -4 0
52 -4 0
52 -4 0
52 -4 0
52 -4 0
52 -4 0
52 -4 0
52 -4 0
52 -4 0
52 -4 0
52 -4 0
52 -4 0
52 -4 0
52 -4 0
52 -4 0
52 -4 0
52 -4 0
52 -4 0
52 -4 0
52 -4 0
52 -4 0
52 -4 0
52 -4 0
52 -4 0
52 -4 0
52 -4 0
52 -4 0
52 -4 0
52 -4 0
52 -4 0
52 -4 0
52 -4 0
52 0 -4
52 0 -4
52 0 -4
52 0 -4
52 0 -4
52 0 -4
52 0 -4
52 0 -4
52 0 -4
52 0 -4
52 0 -4
52 0 -4
52 0 -4
52 0 -4
52 0 -4
52 0 -4
52 0 -4
52 0 -4
52 0 -4
52 0 -4
52 0 -4
52 0 -4
52 0 -4
52 0 -4
52 0 -4
52 0 -4
52 0 -4
52 0 -4
52 0 -4
52 0 -4
52 0 -4
52 0 -4
52 0 -4
52 0 -4
52 4 0
52 4 0
52 4 0
52 4 0
52 4 0
52 4 0
52 4 0
52 4 0
52 4 0
52 4 0
52 4 0
52 4 0
52 4 0
52 4 0
52 4 0
52 4 0
52 4 0
52 4 0
52 4 0
52 4 0
52 4 0
52 4 0
52 4 0
52 4 0
52 4 0
52 4 0
52 4 0
52 4 0
52 4 0
52 4 0
52 4 0
52 4 0
52 4 0
52 4 0
52 0 4
52 0 4
52 0 4
52 0 4
52 0 4
52 0 4
52 0 4
52 0 4
52 0 4
52 0 4
52 0 4
52 0 4
52 0 4
52 0 4
52 0 4
52 0 4
52 0 4
52 0 4
52 0 4
52 0 4
52 0 4
52 0 4
52 0 4
52 0 4
52 0 4
52 0 4
52 0 4
52 0 4
52 0 4
52 0 4
52 0 4
52 0 4
52 0 4
52 0 4
53 -4 0
53 -4 0
53 -4 0
53 -4 0
53 -4 0
53 -4 0
53 -4 0
53 -4 0
53 -4 0
53 -4 0
53 -4 0
53 -4 0
53 -4 0
53 -4 0
53 -4 0
53 -4 0
53 -4 0
53 -4 0
53 -4 0
53 -4 0
53 -4 0
53 -4 0
53 -4 0
53 -4 0
53 -4 0
53 -4 0
53 -4 0
53 -4 0
53 -4 0
53 -4 0
53 -4 0
53 -4 0
53 -4 0
53 -4 0
53 0 -4
53 0 -4
53 0 -4
53 0 -4
53 0 -4
53 0 -4
53 0 -4
53 0 -4
53 0 -4
53 0 -4
53 0 -4
53 0 -4
53 0 -4
53 0 -4
53 0 -4
53 0 -4
53 0 -4
53 0 -4
53 0 -4
53 0 -4
53 0 -4
53 0 -4
53 0 -4
53 0 -4
53 0 -4
53 0 -4
53 0 -4
53 0 -4
53 0 -4
53 0 -4
53 0 -4
53 0 -4
53 0 -4
53 0 -4
53 4 0
53 4 0
53 4 0
53 4 0
53 4 0
53 4 0
53 4 0
53 4 0
53 4 0
53 4 0
53 4 0
53 4 0
53 4 0
53 4 0
53 4 0
53 4 0
53 4 0
53 4 0
53 4 0
53 4 0
53 4 0
53 4 0
53 4 0
53 4 0
53 4 0
53 4 0
53 4 0
53 4 0
53 4 0
53 4 0
53 4 0
53 4 0
53 4 0
53 4 0
53 0 4
53 0 4
53 0 4
53 0 4
53 0 4
53 0 4
53 0 4
53 0 4
53 0 4
53 0 4
53 0 4
53 0 4
53 0 4
53 0 4
53 0 4
53 0 4
53 0 4
53 0 4
53 0 4
53 0 4
53 0 4
53 0 4
53 0 4
53 0 4
53 0 4
53 0 4
53 0 4
53 0 4
53 0 4
53 0 4
53 0 4
53 0 4
53 0 4
53 0 4
54 -4 0
54 -4 0
54 -4 0
54 -4 0
54 -4 0
54 -4 0
54 -4 0
54 -4 0
54 -4 0
54 -4 0
54 -4 0
54 -4 0
54 -4 0
54 -4 0
54 -4 0
54 -4 0
54 -4 0
54 -4 0
54 -4 0
54 -4 0
54 -4 0
54 -4 0
54 -4 0
54 -4 0
54 -4 0
54 -4 0
54 -4 0
54 -4 0
54 -4 0
54 -4 0
54 -4 0
54 -4 0
54 -4 0
54 -4 0
54 0 -4
54 0 -4
54 0 -4
54 0 -4
54 0 -4
54 0 -4
54 0 -4
54 0 -4
54 0 -4
54 0 -4
54 0 -4
54 0 -4
54 0 -4
54 0 -4
54 0 -4
54 0 -4
54 0 -4
54 0 -4
54 0 -4
54 0 -4
54 0 -4
54 0 -4
54 0 -4
54 0 -4
54 0 -4
54 0 -4
54 0 -4
54 0 -4
54 0 -4
54 0 -4
54 0 -4
54 0 -4
54 0 -4
54 0 -4
54 4 0
54 4 0
54 4 0
54 4 0
54 4 0
54 4 0
54 4 0
54 4 0
54 4 0
54 4 0
54 4 0
54 4 0
54 4 0
54 4 0
54 4 0
54 4 0
54 4 0
54 4 0
54 4 0
54 4 0
54 4 0
54 4 0
54 4 0
54 4 0
54 4 0
54 4 0
54 4 0
54 4 0
54 4 0
54 4 0
54 4 0
54 4 0
54 4 0
54 4 0
54 0 4
54 0 4
54 0 4
54 0 4
54 0 4
54 0 4
54 0 4
54 0 4
54 0 4
54 0 4
54 0 4
54 0 4
54 0 4
54 0 4
54 0 4
54 0 4
54 0 4
54 0 4
54 0 4
54 0 4
54 0 4
54 0 4
54 0 4
54 0 4
54 0 4
54 0 4
54 0 4
54 0 4
54 0 4
54 0 4
54 0 4
54 0 4
54 0 4
54 0 4
55 -4 0
55 -4 0
55 -4 0
55 -4 0
55 -4 0
55 -4 0
55 -4 0
55 -4 0
55 -4 0
55 -4 0
55 -4 0
55 -4 0
55 -4 0
55 -4 0
55 -4 0
55 -4 0
55 -4 0
55 -4 0
55 -4 0
55 -4 0
55 -4 0
55 -4 0
55 -4 0
55 -4 0
55 -4 0
55 -4 0
55 -4 0
55 -4 0
55 -4 0
55 -4 0
55 -4 0
55 -4 0
55 -4 0
55 -4 0
55 0 -4
55 0 -4
55 0 -4
55 0 -4
55 0 -4
55 0 -4
55 0 -4
55 0 -4
55 0 -4
55 0 -4
55 0 -4
55 0 -4
55 0 -4
55 0 -4
55 0 -4
55 0 -4
55 0 -4
55 0 -4
55 0 -4
55 0 -4
55 0 -4
55 0 -4
55 0 -4
55 0 -4
55 0 -4
55 0 -4
55 0 -4
55 0 -4
55 0 -4
55 0 -4
55 0 -4
55 0 -4
55 0 -4
55 0 -4
55 4 0
55 4 0
55 4 0
55 4 0
55 4 0
55 4 0
55 4 0
55 4 0
55 4 0
55 4 0
55 4 0
55 4 0
55 4 0
55 4 0
55 4 0
55 4 0
55 4 0
55 4 0
55 4 0
55 4 0
55 4 0
55 4 0
55 4 0
55 4 0
55 4 0
55 4 0
55 4 0
55 4 0
55 4 0
55 4 0
55 4 0
55 4 0
55 4 0
55 4 0
55 0 4
55 0 4
55 0 4
55 0 4
55 0 4
55 0 4
55 0 4
55 0 4
55 0 4
55 0 4
55 0 4
55 0 4
55 0 4
55 0 4
55 0 4
55 0 4
55 0 4
55 0 4
55 0 4
55 0 4
55 0 4
55 0 4
55 0 4
55 0 4
55 0 4
55 0 4
55 0 4
55 0 4
55 0 4
55 0 4
55 0 4
55 0 4
55 0 4
55 0 4
56 -4 0
56 -4 0
56 -4 0
56 -4 0
56 -4 0
56 -4 0
56 -4 0
56 -4 0
56 -4 0
56 -4 0
56 -4 0
56 -4 0
56 -4 0
56 -4 0
56 -4 0
56 -4 0
56 -4 0
56 -4 0
56 -4 0
56 -4 0
56 -4 0
56 -4 0
56 -4 0
56 -4 0
56 -4 0
56 -4 0
56 -4 0
56 -4 0
56 -4 0
56 -4 0
56 -4 0
56 -4 0
56 -4 0
56 -4 0
56 0 -4
56 0 -4
56 0 -4
56 0 -4
56 0 -4
56 0 -4
56 0 -4
56 0 -4
56 0 -4
56 0 -4
56 0 -4
56 0 -4
56 0 -4
56 0 -4
56 0 -4
56 0 -4
56 0 -4
56 0 -4
56 0 -4
56 0 -4
56 0 -4
56 0 -4
56 0 -4
56 0 -4
56 0 -4
56 0 -4
56 0 -4
56 0 -4
56 0 -4
56 0 -4
56 0 -4
56 0 -4
56 0 -4
56 0 -4
56 4 0
56 4 0
56 4 0
56 4 0
56 4 0
56 4 0
56 4 0
56 4 0
56 4 0
56 4 0
56 4 0
56 4 0
56 4 0
56 4 0
56 4 0
56 4 0
56 4 0
56 4 0
56 4 0
56 4 0
56 4 0
56 4 0
56 4 0
56 4 0
56 4 0
56 4 0
56 4 0
56 4 0
56 4 0
56 4 0
56 4 0
56 4 0
56 4 0
56 4 0
56 0 4
56 0 4
56 0 4
56 0 4
56 0 4
56 0 4
56 0 4
56 0 4
56 0 4
56 0 4
56 0 4
56 0 4
56 0 4
56 0 4
56 0 4
56 0 4
56 0 4
56 0 4
56 0 4
56 0 4
56 0 4
56 0 4
56 0 4
56 0 4
56 0 4
56 0 4
56 0 4
56 0 4
56 0 4
56 0 4
56 0 4
56 0 4
56 0 4
56 0 4
57 -4 0
57 -4 0
57 -4 0
57 -4 0
57 -4 0
57 -4 0
57 -4 0
57 -4 0
57 -4 0
57 -4 0
57 -4 0
57 -4 0
57 -4 0
57 -4 0
57 -4 0
57 -4 0
57 -4 0
57 -4 0
57 -4 0
57 -4 0
57 -4 0
57 -4 0
57 -4 0
57 -4 0
57 -4 0
57 -4 0
57 -4 0
57 -4 0
57 -4 0
57 -4 0
57 -4 0
57 -4 0
57 -4 0
57 -4 0
57 0 -4
57 0 -4
57 0 -4
57 0 -4
57 0 -4
57 0 -4
57 0 -4
57 0 -4
57 0 -4
57 0 -4
57 0 -4
57 0 -4
57 0 -4
57 0 -4
57 0 -4
57 0 -4
57 0 -4
57 0 -4
57 0 -4
57 0 -4
57 0 -4
57 0 -4
57 0 -4
57 0 -4
57 0 -4
57 0 -4
57 0 -4
57 0 -4
57 0 -4
57 0 -4
57 0 -4
57 0 -4
57 0 -4
57 0 -4
57 4 0
57 4 0
57 4 0
57 4 0
57 4 0
57 4 0
57 4 0
57 4 0
57 4 0
57 4 0
57 4 0
57 4 0
57 4 0
57 4 0
57 4 0
57 4 0
57 4 0
57 4 0
57 4 0
57 4 0
57 4 0
57 4 0
57 4 0
57 4 0
57 4 0
57 4 0
57 4 0
57 4 0
57 4 0
57 4 0
57 4 0
57 4 0
57 4 0
57 4 0
57 0 4
57 0 4
57 0 4
57 0 4
57 0 4
57 0 4
57 0 4
57 0 4
57 0 4
57 0 4
57 0 4
57 0 4
57 0 4
57 0 4
57 0 4
57 0 4
57 0 4
57 0 4
57 0 4
57 0 4
57 0 4
57 0 4
57 0 4
57 0 4
57 0 4
57 0 4
57 0 4
57 0 4
57 0 4
57 0 4
57 0 4
57 0 4
57 0 4
57 0 4
58 -4 0
58 -4 0
58 -4 0
58 -4 0
58 -4 0
58 -4 0
58 -4 0
58 -4 0
58 -4 0
58 -4 0
58 -4 0
58 -4 0
58 -4 0
58 -4 0
58 -4 0
58 -4 0
58 -4 0
58 -4 0
58 -4 0
58 -4 0
58 -4 0
58 -4 0
58 -4 0
58 -4 0
58 -4 0
58 -4 0
58 -4 0
58 -4 0
58 -4 0
58 -4 0
58 -4 0
58 -4 0
58 -4 0
58 -4 0
58 0 -4
58 0 -4
58 0 -4
58 0 -4
58 0 -4
58 0 -4
58 0 -4
58 0 -4
58 0 -4
58 0 -4
58 0 -4
58 0 -4
58 0 -4
58 0 -4
58 0 -4
58 0 -4
58 0 -4
58 0 -4
58 0 -4
58 0 -4
58 0 -4
58 0 -4
58 0 -4
58 0 -4
58 0 -4
58 0 -4
58 0 -4
58 0 -4
58 0 -4
58 0 -4
58 0 -4
58 0 -4
58 0 -4
58 0 -4
58 4 0
58 4 0
58 4 0
58 4 0
58 4 0
58 4 0
58 4 0
58 4 0
58 4 0
58 4 0
58 4 0
58 4 0
58 4 0
58 4 0
58 4 0
58 4 0
58 4 0
58 4 0
58 4 0
58 4 0
58 4 0
58 4 0
58 4 0
58 4 0
58 4 0
58 4 0
58 4 0
58 4 0
58 4 0
58 4 0
58 4 0
58 4 0
58 4 0
58 4 0
58 0 4
58 0 4
58 0 4
58 0 4
58 0 4
58 0 4
58 0 4
58 0 4
58 0 4
58 0 4
58 0 4
58 0 4
58 0 4
58 0 4
58 0 4
58 0 4
58 0 4
58 0 4
58 0 4
58 0 4
58 0 4
58 0 4
58 0 4
58 0 4
58 0 4
58 0 4
58 0 4
58 0 4
58 0 4
58 0 4
58 0 4
58 0 4
58 0 4
58 0 4
59 -4 0
59 -4 0
59 -4 0
59 -4 0
59 -4 0
59 -4 0
59 -4 0
59 -4 0
59 -4 0
59 -4 0
59 -4 0
59 -4 0
59 -4 0
59 -4 0
59 -4 0
59 -4 0
59 -4 0
59 -4 0
59 -4 0
59 -4 0
59 -4 0
59 -4 0
59 -4 0
59 -4 0
59 -4 0
59 -4 0
59 -4 0
59 -4 0
59 -4 0
59 -4 0
59 -4 0
59 -4 0
59 -4 0
59 -4 0
59 0 -4
59 0 -4
59 0 -4
59 0 -4
59 0 -4
59 0 -4
59 0 -4
59 0 -4
59 0 -4
59 0 -4
59 0 -4
59 0 -4
59 0 -4
59 0 -4
59 0 -4
59 0 -4
59 0 -4
59 0 -4
59 0 -4
59 0 -4
59 0 -4
59 0 -4
59 0 -4
59 0 -4
59 0 -4
59 0 -4
59 0 -4
59 0 -4
59 0 -4
59 0 -4
59 0 -4
59 0 -4
59 0 -4
59 0 -4
59 4 0
59 4 0
59 4 0
59 4 0
59 4 0
59 4 0
59 4 0
59 4 0
59 4 0
59 4 0
59 4 0
59 4 0
59 4 0
59 4 0
59 4 0
59 4 0
59 4 0
59 4 0
59 4 0
59 4 0
59 4 0
59 4 0
59 4 0
59 4 0
59 4 0
59 4 0
59 4 0
59 4 0
59 4 0
59 4 0
59 4 0
59 4 0
59 4 0
59 4 0
59 0 4
59 0 4
59 0 4
59 0 4
59 0 4
59 0 4
59 0 4
59 0 4
59 0 4
59 0 4
59 0 4
59 0 4
59 0 4
59 0 4
59 0 4
59 0 4
59 0 4
59 0 4
59 0 4
59 0 4
59 0 4
59 0 4
59 0 4
59 0 4
59 0 4
59 0 4
59 0 4
59 0 4
59 0 4
59 0 4
59 0 4
59 0 4
59 0 4
59 0 4
60 -4 0
60 -4 0
60 -4 0
60 -4 0
60 -4 0
60 -4 0
60 -4 0
60 -4 0
60 -4 0
60 -4 0
60 -4 0
60 -4 0
60 -4 0
60 -4 0
60 -4 0
60 -4 0
60 -4 0
60 -4 0
60 -4 0
60 -4 0
60 -4 0
60 -4 0
60 -4 0
60 -4 0
60 -4 0
60 -4 0
60 -4 0
60 -4 0
60 -4 0
60 -4 0
60 -4 0
60 -4 0
60 -4 0
60 -4 0
60 0 -4
60 0 -4
60 0 -4
60 0 -4
60 0 -4
60 0 -4
60 0 -4
60 0 -4
60 0 -4
60 0 -4
60 0 -4
60 0 -4
60 0 -4
60 0 -4
60 0 -4
60 0 -4
60 0 -4
60 0 -4
60 0 -4
60 0 -4
60 0 -4
60 0 -4
60 0 -4
60 0 -4
60 0 -4
60 0 -4
60 0 -4
60 0 -4
60 0 -4
60 0 -4
60 0 -4
60 0 -4
60 0 -4
60 0 -4
60 4 0
60 4 0
60 4 0
60 4 0
60 4 0
60 4 0
60 4 0
60 4 0
60 4 0
60 4 0
60 4 0
60 4 0
60 4 0
60 4 0
60 4 0
60 4 0
60 4 0
60 4 0
60 4 0
60 4 0
60 4 0
60 4 0
60 4 0
60 4 0
60 4 0
60 4 0
60 4 0
60 4 0
60 4 0
60 4 0
60 4 0
60 4 0
60 4 0
60 4 0
60 0 4
60 0 4
60 0 4
60 0 4
60 0 4
60 0 4
60 0 4
60 0 4
60 0 4
60 0 4
60 0 4
60 0 4
60 0 4
60 0 4
60 0 4
60 0 4
60 0 4
60 0 4
60 0 4
60 0 4
60 0 4
60 0 4
60 0 4
60 0 4
60 0 4
60 0 4
60 0 4
60 0 4
60 0 4
60 0 4
60 0 4
60 0 4
60 0 4
60 0 4
61 -4 0
61 -4 0
61 -4 0
61 -4 0
61 -4 0
61 -4 0
61 -4 0
61 -4 0
61 -4 0
61 -4 0
61 -4 0
61 -4 0
61 -4 0
61 -4 0
61 -4 0
61 -4 0
61 -4 0
61 -4 0
61 -4 0
61 -4 0
61 -4 0
61 -4 0
61 -4 0
61 -4 0
61 -4 0
61 -4 0
61 -4 0
61 -4 0
61 -4 0
61 -4 0
61 -4 0
61 -4 0
61 -4 0
61 -4 0
61 0 -4
61 0 -4
61 0 -4
61 0 -4
61 0 -4
61 0 -4
61 0 -4
61 0 -4
61 0 -4
61 0 -4
61 0 -4
61 0 -4
61 0 -4
61 0 -4
61 0 -4
61 0 -4
61 0 -4
61 0 -4
61 0 -4
61 0 -4
61 0 -4
61 0 -4
61 0 -4
61 0 -4
61 0 -4
61 0 -4
61 0 -4
61 0 -4
61 0 -4
61 0 -4
61 0 -4
61 0 -4
61 0 -4
61 0 -4
61 4 0
61 4 0
61 4 0
61 4 0
61 4 0
61 4 0
61 4 0
61 4 0
61 4 0
61 4 0
61 4 0
61 4 0
61 4 0
61 4 0
61 4 0
61 4 0
61 4 0
61 4 0
61 4 0
61 4 0
61 4 0
61 4 0
61 4 0
61 4 0
61 4 0
61 4 0
61 4 0
61 4 0
61 4 0
61 4 0
61 4 0
61 4 0
61 4 0
61 4 0
61 0 4
61 0 4
61 0 4
61 0 4
61 0 4
61 0 4
61 0 4
61 0 4
61 0 4
61 0 4
61 0 4
61 0 4
61 0 4
61 0 4
61 0 4
61 0 4
61 0 4
61 0 4
61 0 4
61 0 4
61 0 4
61 0 4
61 0 4
61 0 4
61 0 4
61 0 4
61 0 4
61 0 4
61 0 4
61 0 4
61 0 4
61 0 4
61 0 4
61 0 4
62 -4 0
62 -4 0
62 -4 0
62 -4 0
62 -4 0
62 -4 0
62 -4 0
62 -4 0
62 -4 0
62 -4 0
62 -4 0
62 -4 0
62 -4 0
62 -4 0
62 -4 0
62 -4 0
62 -4 0
62 -4 0
62 -4 0
62 -4 0
62 -4 0
62 -4 0
62 -4 0
62 -4 0
62 -4 0
62 -4 0
62 -4 0
62 -4 0
62 -4 0
62 -4 0
62 -4 0
62 -4 0
62 -4 0
62 -4 0
62 0 -4
62 0 -4
62 0 -4
62 0 -4
62 0 -4
62 0 -4
62 0 -4
62 0 -4
62 0 -4
62 0 -4
62 0 -4
62 0 -4
62 0 -4
62 0 -4
62 0 -4
62 0 -4
62 0 -4
62 0 -4
62 0 -4
62 0 -4
62 0 -4
62 0 -4
62 0 -4
62 0 -4
62 0 -4
62 0 -4
62 0 -4
62 0 -4
62 0 -4
62 0 -4
62 0 -4
62 0 -4
62 0 -4
62 0 -4
62 4 0
62 4 0
62 4 0
62 4 0
62 4 0
62 4 0
62 4 0
62 4 0
62 4 0
62 4 0
62 4 0
62 4 0
62 4 0
62 4 0
62 4 0
62 4 0
62 4 0
62 4 0
62 4 0
62 4 0
62 4 0
62 4 0
62 4 0
62 4 0
62 4 0
62 4 0
62 4 0
62 4 0
62 4 0
62 4 0
62 4 0
62 4 0
62 4 0
62 4 0
62 0 4
62 0 4
62 0 4
62 0 4
62 0 4
62 0 4
62 0 4
62 0 4
62 0 4
62 0 4
62 0 4
62 0 4
62 0 4
62 0 4
62 0 4
62 0 4
62 0 4
62 0 4
62 0 4
62 0 4
62 0 4
62 0 4
62 0 4
62 0 4
62 0 4
62 0 4
62 0 4
62 0 4
62 0 4
62 0 4
62 0 4
62 0 4
62 0 4
62 0 4
63 -4 0
63 -4 0
63 -4 0
63 -4 0
63 -4 0
63 -4 0
63 -4 0
63 -4 0
63 -4 0
63 -4 0
63 -4 0
63 -4 0
63 -4 0
63 -4 0
63 -4 0
63 -4 0
63 -4 0
63 -4 0
63 -4 0
63 -4 0
63 -4 0
63 -4 0
63 -4 0
63 -4 0
63 -4 0
63 -4 0
63 -4 0
63 -4 0
63 -4 0
63 -4 0
63 -4 0
63 -4 0
63 -4 0
63 -4 0
63 0 -4
63 0 -4
63 0 -4
63 0 -4
63 0 -4
63 0 -4
63 0 -4
63 0 -4
63 0 -4
63 0 -4
63 0 -4
63 0 -4
63 0 -4
63 0 -4
63 0 -4
63 0 -4
63 0 -4
63 0 -4
63 0 -4
63 0 -4
63 0 -4
63 0 -4
63 0 -4
63 0 -4
63 0 -4
63 0 -4
63 0 -4
63 0 -4
63 0 -4
63 0 -4
63 0 -4
63 0 -4
63 0 -4
63 0 -4
63 4 0
63 4 0
63 4 0
63 4 0
63 4 0
63 4 0
63 4 0
63 4 0
63 4 0
63 4 0
63 4 0
63 4 0
63 4 0
63 4 0
63 4 0
63 4 0
63 4 0
63 4 0
63 4 0
63 4 0
63 4 0
63 4 0
63 4 0
63 4 0
63 4 0
63 4 0
63 4 0
63 4 0
63 4 0
63 4 0
63 4 0
63 4 0
63 4 0
63 4 0
63 0 4
63 0 4
63 0 4
63 0 4
63 0 4
63 0 4
63 0 4
63 0 4
63 0 4
63 0 4
63 0 4
63 0 4
63 0 4
63 0 4
63 0 4
63 0 4
63 0 4
63 0 4
63 0 4
63 0 4
63 0 4
63 0 4
63 0 4
63 0 4
63 0 4
63 0 4
63 0 4
63 0 4
63 0 4
63 0 4
63 0 4
63 0 4
63 0 4
63 0 4
64 -4 0
64 -4 0
64 -4 0
64 -4 0
64 -4 0
64 -4 0
64 -4 0
64 -4 0
64 -4 0
64 -4 0
64 -4 0
64 -4 0
64 -4 0
64 -4 0
64 -4 0
64 -4 0
64 -4 0
64 -4 0
64 -4 0
64 -4 0
64 -4 0
64 -4 0
64 -4 0
64 -4 0
64 -4 0
64 -4 0
64 -4 0
64 -4 0
64 -4 0
64 -4 0
64 -4 0
64 -4 0
64 -4 0
64 -4 0
64 0 -4
64 0 -4
64 0 -4
64 0 -4
64 0 -4
64 0 -4
64 0 -4
64 0 -4
64 0 -4
64 0 -4
64 0 -4
64 0 -4
64 0 -4
64 0 -4
64 0 -4
64 0 -4
64 0 -4
64 0 -4
64 0 -4
64 0 -4
64 0 -4
64 0 -4
64 0 -4
64 0 -4
64 0 -4
64 0 -4
64 0 -4
64 0 -4
64 0 -4
64 0 -4
64 0 -4
64 0 -4
64 0 -4
64 0 -4
64 4 0
64 4 0
64 4 0
64 4 0
64 4 0
64 4 0
64 4 0
64 4 0
64 4 0
64 4 0
64 4 0
64 4 0
64 4 0
64 4 0
64 4 0
64 4 0
64 4 0
64 4 0
64 4 0
64 4 0
64 4 0
64 4 0
64 4 0
64 4 0
64 4 0
64 4 0
64 4 0
64 4 0
64 4 0
64 4 0
64 4 0
64 4 0
64 4 0
64 4 0
64 0 4
64 0 4
64 0 4
64 0 4
64 0 4
64 0 4
64 0 4
64 0 4
64 0 4
64 0 4
64 0 4
64 0 4
64 0 4
64 0 4
64 0 4
64 0 4
64 0 4
64 0 4
64 0 4
64 0 4
64 0 4
64 0 4
64 0 4
64 0 4
64 0 4
64 0 4
64 0 4
64 0 4
64 0 4
64 0 4
64 0 4
64 0 4
64 0 4
64 0 4
65 -4 0
65 -4 0
65 -4 0
65 -4 0
65 -4 0
65 -4 0
65 -4 0
65 -4 0
65 -4 0
65 -4 0
65 -4 0
65 -4 0
65 -4 0
65 -4 0
65 -4 0
65 -4 0
65 -4 0
65 -4 0
65 -4 0
65 -4 0
65 -4 0
65 -4 0
65 -4 0
65 -4 0
65 -4 0
65 -4 0
65 -4 0
65 -4 0
65 -4 0
65 -4 0
65 -4 0
65 -4 0
65 -4 0
65 -4 0
65 0 -4
65 0 -4
65 0 -4
65 0 -4
65 0 -4
65 0 -4
65 0 -4
65 0 -4
65 0 -4
65 0 -4
65 0 -4
65 0 -4
65 0 -4
65 0 -4
65 0 -4
65 0 -4
65 0 -4
65 0 -4
65 0 -4
65 0 -4
65 0 -4
65 0 -4
65 0 -4
65 0 -4
65 0 -4
65 0 -4
65 0 -4
65 0 -4
65 0 -4
65 0 -4
65 0 -4
65 0 -4
65 0 -4
65 0 -4
65 4 0
65 4 0
65 4 0
65 4 0
65 4 0
65 4 0
65 4 0
65 4 0
65 4 0
65 4 0
65 4 0
65 4 0
65 4 0
65 4 0
65 4 0
65 4 0
65 4 0
65 4 0
65 4 0
65 4 0
65 4 0
65 4 0
65 4 0
65 4 0
65 4 0
65 4 0
65 4 0
65 4 0
65 4 0
65 4 0
65 4 0
65 4 0
65 4 0
65 4 0
65 0 4
65 0 4
65 0 4
65 0 4
65 0 4
65 0 4
65 0 4
65 0 4
65 0 4
65 0 4
65 0 4
65 0 4
65 0 4
65 0 4
65 0 4
65 0 4
65 0 4
65 0 4
65 0 4
65 0 4
65 0 4
65 0 4
65 0 4
65 0 4
65 0 4
65 0 4
65 0 4
65 0 4
65 0 4
65 0 4
65 0 4
65 0 4
65 0 4
65 0 4
66 -4 0
66 -4 0
66 -4 0
66 -4 0
66 -4 0
66 -4 0
66 -4 0
66 -4 0
66 -4 0
66 -4 0
66 -4 0
66 -4 0
66 -4 0
66 -4 0
66 -4 0
66 -4 0
66 -4 0
66 -4 0
66 -4 0
66 -4 0
66 -4 0
66 -4 0
66 -4 0
66 -4 0
66 -4 0
66 -4 0
66 -4 0
66 -4 0
66 -4 0
66 -4 0
66 -4 0
66 -4 0
66 -4 0
66 -4 0
66 0 -4
66 0 -4
66 0 -4
66 0 -4
66 0 -4
66 0 -4
66 0 -4
66 0 -4
66 0 -4
66 0 -4
66 0 -4
66 0 -4
66 0 -4
66 0 -4
66 0 -4
66 0 -4
66 0 -4
66 0 -4
66 0 -4
66 0 -4
66 0 -4
66 0 -4
66 0 -4
66 0 -4
66 0 -4
66 0 -4
66 0 -4
66 0 -4
66 0 -4
66 0 -4
66 0 -4
66 0 -4
66 0 -4
66 0 -4
66 4 0
66 4 0
66 4 0
66 4 0
66 4 0
66 4 0
66 4 0
66 4 0
66 4 0
66 4 0
66 4 0
66 4 0
66 4 0
66 4 0
66 4 0
66 4 0
66 4 0
66 4 0
66 4 0
66 4 0
66 4 0
66 4 0
66 4 0
66 4 0
66 4 0
66 4 0
66 4 0
66 4 0
66 4 0
66 4 0
66 4 0
66 4 0
66 4 0
66 4 0
66 0 4
66 0 4
66 0 4
66 0 4
66 0 4
66 0 4
66 0 4
66 0 4
66 0 4
66 0 4
66 0 4
66 0 4
66 0 4
66 0 4
66 0 4
66 0 4
66 0 4
66 0 4
66 0 4
66 0 4
66 0 4
66 0 4
66 0 4
66 0 4
66 0 4
66 0 4
66 0 4
66 0 4
66 0 4
66 0 4
66 0 4
66 0 4
66 0 4
66 0 4
67 -4 0
67 -4 0
67 -4 0
67 -4 0
67 -4 0
67 -4 0
67 -4 0
67 -4 0
67 -4 0
67 -4 0
67 -4 0
67 -4 0
67 -4 0
67 -4 0
67 -4 0
67 -4 0
67 -4 0
67 -4 0
67 -4 0
67 -4 0
67 -4 0
67 -4 0
67 -4 0
67 -4 0
67 -4 0
67 -4 0
67 -4 0
67 -4 0
67 -4 0
67 -4 0
67 -4 0
67 -4 0
67 -4 0
67 -4 0
67 0 -4
67 0 -4
67 0 -4
67 0 -4
67 0 -4
67 0 -4
67 0 -4
67 0 -4
67 0 -4
67 0 -4
67 0 -4
67 0 -4
67 0 -4
67 0 -4
67 0 -4
67 0 -4
67 0 -4
67 0 -4
67 0 -4
67 0 -4
67 0 -4
67 0 -4
67 0 -4
67 0 -4
67 0 -4
67 0 -4
67 0 -4
67 0 -4
67 0 -4
67 0 -4
67 0 -4
67 0 -4
67 0 -4
67 0 -4
67 4 0
67 4 0
67 4 0
67 4 0
67 4 0
67 4 0
67 4 0
67 4 0
67 4 0
67 4 0
67 4 0
67 4 0
67 4 0
67 4 0
67 4 0
67 4 0
67 4 0
67 4 0
67 4 0
67 4 0
67 4 0
67 4 0
67 4 0
67 4 0
67 4 0
67 4 0
67 4 0
67 4 0
67 4 0
67 4 0
67 4 0
67 4 0
67 4 0
67 4 0
67 0 4
67 0 4
67 0 4
67 0 4
67 0 4
67 0 4
67 0 4
67 0 4
67 0 4
67 0 4
67 0 4
67 0 4
67 0 4
67 0 4
67 0 4
67 0 4
67 0 4
67 0 4
67 0 4
67 0 4
67 0 4
67 0 4
67 0 4
67 0 4
67 0 4
67 0 4
67 0 4
67 0 4
67 0 4
67 0 4
67 0 4
67 0 4
67 0 4
67 0 4
68 -4 0
68 -4 0
68 -4 0
68 -4 0
68 -4 0
68 -4 0
68 -4 0
68 -4 0
68 -4 0
68 -4 0
68 -4 0
68 -4 0
68 -4 0
68 -4 0
68 -4 0
68 -4 0
68 -4 0
68 -4 0
68 -4 0
68 -4 0
68 -4 0
68 -4 0
68 -4 0
68 -4 0
68 -4 0
68 -4 0
68 -4 0
68 -4 0
68 -4 0
68 -4 0
68 -4 0
68 -4 0
68 -4 0
68 -4 0
68 0 -4
68 0 -4
68 0 -4
68 0 -4
68 0 -4
68 0 -4
68 0 -4
68 0 -4
68 0 -4
68 0 -4
68 0 -4
68 0 -4
68 0 -4
68 0 -4
68 0 -4
68 0 -4
68 0 -4
68 0 -4
68 0 -4
68 0 -4
68 0 -4
68 0 -4
68 0 -4
68 0 -4
68 0 -4
68 0 -4
68 0 -4
68 0 -4
68 0 -4
68 0 -4
68 0 -4
68 0 -4
68 0 -4
68 0 -4
68 4 0
68 4 0
68 4 0
68 4 0
68 4 0
68 4 0
68 4 0
68 4 0
68 4 0
68 4 0
68 4 0
68 4 0
68 4 0
68 4 0
68 4 0
68 4 0
68 4 0
68 4 0
68 4 0
68 4 0
68 4 0
68 4 0
68 4 0
68 4 0
68 4 0
68 4 0
68 4 0
68 4 0
68 4 0
68 4 0
68 4 0
68 4 0
68 4 0
68 4 0
68 0 4
68 0 4
68 0 4
68 0 4
68 0 4
68 0 4
68 0 4
68 0 4
68 0 4
68 0 4
68 0 4
68 0 4
68 0 4
68 0 4
68 0 4
68 0 4
68 0 4
68 0 4
68 0 4
68 0 4
68 0 4
68 0 4
68 0 4
68 0 4
68 0 4
68 0 4
68 0 4
68 0 4
68 0 4
68 0 4
68 0 4
68 0 4
68 0 4
68 0 4
69 -4 0
69 -4 0
69 -4 0
69 -4 0
69 -4 0
69 -4 0
69 -4 0
69 -4 0
69 -4 0
69 -4 0
69 -4 0
69 -4 0
69 -4 0
69 -4 0
69 -4 0
69 -4 0
69 -4 0
69 -4 0
69 -4 0
69 -4 0
69 -4 0
69 -4 0
69 -4 0
69 -4 0
69 -4 0
69 -4 0
69 -4 0
69 -4 0
69 -4 0
69 -4 0
69 -4 0
69 -4 0
69 -4 0
69 -4 0
69 0 -4
69 0 -4
69 0 -4
69 0 -4
69 0 -4
69 0 -4
69 0 -4
69 0 -4
69 0 -4
69 0 -4
69 0 -4
69 0 -4
69 0 -4
69 0 -4
69 0 -4
69 0 -4
69 0 -4
69 0 -4
69 0 -4
69 0 -4
69 0 -4
69 0 -4
69 0 -4
69 0 -4
69 0 -4
69 0 -4
69 0 -4
69 0 -4
69 0 -4
69 0 -4
69 0 -4
69 0 -4
69 0 -4
69 0 -4
69 4 0
69 4 0
69 4 0
69 4 0
69 4 0
69 4 0
69 4 0
69 4 0
69 4 0
69 4 0
69 4 0
69 4 0
69 4 0
69 4 0
69 4 0
69 4 0
69 4 0
69 4 0
69 4 0
69 4 0
69 4 0
69 4 0
69 4 0
69 4 0
69 4 0
69 4 0
69 4 0
69 4 0
69 4 0
69 4 0
69 4 0
69 4 0
69 4 0
69 4 0
69 0 4
69 0 4
69 0 4
69 0 4
69 0 4
69 0 4
69 0 4
69 0 4
69 0 4
69 0 4
69 0 4
69 0 4
69 0 4
69 0 4
69 0 4
69 0 4
69 0 4
69 0 4
69 0 4
69 0 4
69 0 4
69 0 4
69 0 4
69 0 4
69 0 4
69 0 4
69 0 4
69 0 4
69 0 4
69 0 4
69 0 4
69 0 4
69 0 4
69 0 4
70 -4 0
70 -4 0
70 -4 0
70 -4 0
70 -4 0
70 -4 0
70 -4 0
70 -4 0
70 -4 0
70 -4 0
70 -4 0
70 -4 0
70 -4 0
70 -4 0
70 -4 0
70 -4 0
70 -4 0
70 -4 0
70 -4 0
70 -4 0
70 -4 0
70 -4 0
70 -4 0
70 -4 0
70 -4 0
70 -4 0
70 -4 0
70 -4 0
70 -4 0
70 -4 0
70 -4 0
70 -4 0
70 -4 0
70 -4 0
70 0 -4
70 0 -4
70 0 -4
70 0 -4
70 0 -4
70 0 -4
70 0 -4
70 0 -4
70 0 -4
70 0 -4
70 0 -4
70 0 -4
70 0 -4
70 0 -4
70 0 -4
70 0 -4
70 0 -4
70 0 -4
70 0 -4
70 0 -4
70 0 -4
70 0 -4
70 0 -4
70 0 -4
70 0 -4
70 0 -4
70 0 -4
70 0 -4
70 0 -4
70 0 -4
70 0 -4
70 0 -4
70 0 -4
70 0 -4
70 4 0
70 4 0
70 4 0
70 4 0
70 4 0
70 4 0
70 4 0
70 4 0
70 4 0
70 4 0
70 4 0
70 4 0
70 4 0
70 4 0
70 4 0
70 4 0
70 4 0
70 4 0
70 4 0
70 4 0
70 4 0
70 4 0
70 4 0
70 4 0
70 4 0
70 4 0
70 4 0
70 4 0
70 4 0
70 4 0
70 4 0
70 4 0
70 4 0
70 4 0
70 0 4
70 0 4
70 0 4
70 0 4
70 0 4
70 0 4
70 0 4
70 0 4
70 0 4
70 0 4
70 0 4
70 0 4
70 0 4
70 0 4
70 0 4
70 0 4
70 0 4
70 0 4
70 0 4
70 0 4
70 0 4
70 0 4
70 0 4
70 0 4
70 0 4
70 0 4
70 0 4
70 0 4
70 0 4
70 0 4
70 0 4
70 0 4
70 0 4
70 0 4
71 -4 0
71 -4 0
71 -4 0
71 -4 0
71 -4 0
71 -4 0
71 -4 0
71 -4 0
71 -4 0
71 -4 0
71 -4 0
71 -4 0
71 -4 0
71 -4 0
71 -4 0
71 -4 0
71 -4 0
71 -4 0
71 -4 0
71 -4 0
71 -4 0
71 -4 0
71 -4 0
71 -4 0
71 -4 0
71 -4 0
71 -4 0
71 -4 0
71 -4 0
71 -4 0
71 -4 0
71 -4 0
71 -4 0
71 -4 0
71 0 -4
71 0 -4
71 0 -4
71 0 -4
71 0 -4
71 0 -4
71 0 -4
71 0 -4
71 0 -4
71 0 -4
71 0 -4
71 0 -4
71 0 -4
71 0 -4
71 0 -4
71 0 -4
71 0 -4
71 0 -4
71 0 -4
71 0 -4
71 0 -4
71 0 -4
71 0 -4
71 0 -4
71 0 -4
71 0 -4
71 0 -4
71 0 -4
71 0 -4
71 0 -4
71 0 -4
71 0 -4
71 0 -4
71 0 -4
71 4 0
71 4 0
71 4 0
71 4 0
71 4 0
71 4 0
71 4 0
71 4 0
71 4 0
71 4 0
71 4 0
71 4 0
71 4 0
71 4 0
71 4 0
71 4 0
71 4 0
71 4 0
71 4 0
71 4 0
71 4 0
71 4 0
71 4 0
71 4 0
71 4 0
71 4 0
71 4 0
71 4 0
71 4 0
71 4 0
71 4 0
71 4 0
71 4 0
71 4 0
71 0 4
71 0 4
71 0 4
71 0 4
71 0 4
71 0 4
71 0 4
71 0 4
71 0 4
71 0 4
71 0 4
71 0 4
71 0 4
71 0 4
71 0 4
71 0 4
71 0 4
71 0 4
71 0 4
71 0 4
71 0 4
71 0 4
71 0 4
71 0 4
71 0 4
71 0 4
71 0 4
71 0 4
71 0 4
71 0 4
71 0 4
71 0 4
71 0 4
71 0 4
-1 -1 -1
33
42
61
71
50
10
45
0
69
2
56
6
64
43
21
29
23
54
59
22
13
51
53
27
38
7
5
26
67
35
12
48
8
16
11
47
15
14
52
57
65
24
36
17
37
28
49
63
62
20
60
3
4
32
44
31
34
55
41
58
40
70
18
39
1
46
66
68
9
30
25
19
