140 140 140 360 360 330 330 220 220 220 0 780 780 780 290 170 700 700 700
610 660 660 300 300 800 800 800 540 540 540 780 780 780 40 40 40 610 610
610 690 690 690 490 490 490 800 540 540 540 780 780 780 40 40 40 610 610
610 430 430 90 90 90 490 800 540 540 100 100 100 0 40 320 320 320 610
190 190 190 830 460 380 380 380 0 0 100 100 100 0 0 320 370 370 370
850 70 70 830 460 380 380 310 310 310 100 470 470 470 0 110 110 850 850
850 70 70 830 460 130 130 130 310 310 0 470 470 810 710 710 710 850 850
850 70 70 0 530 530 530 400 400 400 0 250 250 250 820 280 30 30 30
840 0 0 0 50 520 520 600 120 120 120 250 250 340 670 720 720 840 840
410 180 180 180 590 590 590 600 270 270 240 240 240 340 670 720 720 410 410
410 770 770 770 510 730 0 0 0 270 240 240 240 760 760 760 720 410 410
570 570 570 350 350 350 890 890 890 20 20 20 880 880 450 450 450 410 410
570 570 570 350 350 350 890 890 890 20 20 20 880 880 450 450 450 0 0
570 570 570 350 350 350 890 890 890 20 20 870 740 740 200 200 10 10 10
0 0 0 0 560 560 560 0 0 680 860 860 860 740 200 650 650 650 10
210 210 210 0 560 580 160 160 160 550 620 630 790 790 790 650 60 60 60
440 440 440 260 260 260 160 160 160 390 390 390 80 80 80 650 60 60 60
140 140 140 260 260 330 330 220 220 220 390 390 80 80 80 170 700 700 700
140 140 140 260 260 330 330 220 220 220 390 390 80 80 80 170 700 700 700
0 0 0
0 -1 0
0 -1 -1
0 0 -1
0 1 -1
0 1 0
0 1 1
0 0 1
0 -1 1
# measure in=0, out=52, v=243 (410, 427, 446, 314, 204, 422, 187, 3, 237)
1 0 0
1 -1 0
1 -1 -1
1 0 -1
1 1 -1
1 1 0
1 1 1
1 0 1
1 -1 1
# measure in=1, out=34, v=293 (171, 721, 343, 287, 138, 123, 328, 374, 404)
2 0 0
2 -1 0
2 -1 -1
2 0 -1
2 1 -1
2 1 0
2 1 1
2 0 1
2 -1 1
# measure in=2, out=21, v=69 (0, 148, 516, 1000, 758, 0, 29, 0, 3)
3 0 0
3 -1 0
3 -1 -1
3 0 -1
3 1 -1
3 1 0
3 1 1
3 0 1
3 -1 1
# measure in=3, out=1, v=357 (416, 259, 138, 530, 313, 409, 551, 268, 486)
4 0 0
4 -1 0
4 -1 -1
4 0 -1
4 1 -1
4 1 0
4 1 1
4 0 1
4 -1 1
# measure in=4, out=54, v=573 (393, 458, 964, 705, 837, 898, 1000, 80, 431)
5 0 0
5 -1 0
5 -1 -1
5 0 -1
5 1 -1
5 1 0
5 1 1
5 0 1
5 -1 1
# measure in=5, out=1, v=360 (459, 192, 345, 574, 479, 411, 202, 861, 95)
6 0 0
6 -1 0
6 -1 -1
6 0 -1
6 1 -1
6 1 0
6 1 1
6 0 1
6 -1 1
# measure in=6, out=38, v=719 (750, 732, 853, 740, 1000, 541, 577, 769, 582)
7 0 0
7 -1 0
7 -1 -1
7 0 -1
7 1 -1
7 1 0
7 1 1
7 0 1
7 -1 1
# measure in=7, out=8, v=609 (765, 587, 898, 495, 773, 478, 406, 590, 593)
8 0 0
8 -1 0
8 -1 -1
8 0 -1
8 1 -1
8 1 0
8 1 1
8 0 1
8 -1 1
# measure in=8, out=48, v=413 (515, 227, 484, 993, 505, 422, 690, 307, 65)
9 0 0
9 -1 0
9 -1 -1
9 0 -1
9 1 -1
9 1 0
9 1 1
9 0 1
9 -1 1
# measure in=9, out=86, v=327 (360, 867, 0, 302, 24, 925, 989, 681, 379)
10 0 0
10 -1 0
10 -1 -1
10 0 -1
10 1 -1
10 1 0
10 1 1
10 0 1
10 -1 1
# measure in=10, out=78, v=78 (100, 230, 91, 0, 959, 0, 0, 212, 388)
11 0 0
11 -1 0
11 -1 -1
11 0 -1
11 1 -1
11 1 0
11 1 1
11 0 1
11 -1 1
# measure in=11, out=28, v=314 (401, 323, 320, 789, 289, 466, 606, 512, 0)
12 0 0
12 -1 0
12 -1 -1
12 0 -1
12 1 -1
12 1 0
12 1 1
12 0 1
12 -1 1
# measure in=12, out=23, v=382 (317, 90, 335, 285, 456, 648, 361, 739, 507)
13 0 0
13 -1 0
13 -1 -1
13 0 -1
13 1 -1
13 1 0
13 1 1
13 0 1
13 -1 1
# measure in=13, out=74, v=156 (124, 0, 399, 797, 100, 87, 360, 142, 157)
14 0 0
14 -1 0
14 -1 -1
14 0 -1
14 1 -1
14 1 0
14 1 1
14 0 1
14 -1 1
# measure in=14, out=0, v=136 (311, 339, 517, 332, 0, 332, 167, 0, 137)
15 0 0
15 -1 0
15 -1 -1
15 0 -1
15 1 -1
15 1 0
15 1 1
15 0 1
15 -1 1
# measure in=15, out=35, v=519 (909, 984, 338, 421, 507, 735, 466, 133, 591)
16 0 0
16 -1 0
16 -1 -1
16 0 -1
16 1 -1
16 1 0
16 1 1
16 0 1
16 -1 1
# measure in=16, out=20, v=374 (1000, 728, 580, 0, 87, 562, 487, 374, 924)
17 0 0
17 -1 0
17 -1 -1
17 0 -1
17 1 -1
17 1 0
17 1 1
17 0 1
17 -1 1
# measure in=17, out=41, v=598 (624, 921, 1000, 648, 206, 105, 658, 1000, 880)
18 0 0
18 -1 0
18 -1 -1
18 0 -1
18 1 -1
18 1 0
18 1 1
18 0 1
18 -1 1
# measure in=18, out=0, v=138 (330, 628, 239, 162, 0, 507, 85, 0, 349)
19 0 0
19 -1 0
19 -1 -1
19 0 -1
19 1 -1
19 1 0
19 1 1
19 0 1
19 -1 1
# measure in=19, out=74, v=157 (299, 0, 274, 402, 339, 216, 584, 302, 0)
20 0 0
20 -1 0
20 -1 -1
20 0 -1
20 1 -1
20 1 0
20 1 1
20 0 1
20 -1 1
# measure in=20, out=34, v=291 (394, 222, 142, 115, 721, 671, 658, 30, 294)
21 0 0
21 -1 0
21 -1 -1
21 0 -1
21 1 -1
21 1 0
21 1 1
21 0 1
21 -1 1
# measure in=21, out=20, v=366 (427, 189, 351, 848, 653, 96, 179, 724, 300)
22 0 0
22 -1 0
22 -1 -1
22 0 -1
22 1 -1
22 1 0
22 1 1
22 0 1
22 -1 1
# measure in=22, out=86, v=331 (718, 585, 555, 457, 318, 0, 766, 71, 704)
23 0 0
23 -1 0
23 -1 -1
23 0 -1
23 1 -1
23 1 0
23 1 1
23 0 1
23 -1 1
# measure in=23, out=17, v=191 (232, 637, 394, 274, 0, 11, 477, 266, 309)
24 0 0
24 -1 0
24 -1 -1
24 0 -1
24 1 -1
24 1 0
24 1 1
24 0 1
24 -1 1
# measure in=24, out=19, v=109 (38, 66, 108, 0, 210, 467, 135, 394, 102)
25 0 0
25 -1 0
25 -1 -1
25 0 -1
25 1 -1
25 1 0
25 1 1
25 0 1
25 -1 1
# measure in=25, out=3, v=171 (504, 0, 176, 277, 113, 17, 1000, 152, 357)
26 0 0
26 -1 0
26 -1 -1
26 0 -1
26 1 -1
26 1 0
26 1 1
26 0 1
26 -1 1
# measure in=26, out=52, v=245 (594, 0, 257, 632, 787, 630, 215, 768, 0)
27 0 0
27 -1 0
27 -1 -1
27 0 -1
27 1 -1
27 1 0
27 1 1
27 0 1
27 -1 1
# measure in=27, out=2, v=223 (550, 0, 293, 942, 514, 377, 468, 338, 0)
28 0 0
28 -1 0
28 -1 -1
28 0 -1
28 1 -1
28 1 0
28 1 1
28 0 1
28 -1 1
# measure in=28, out=10, v=501 (275, 769, 512, 998, 412, 808, 963, 12, 709)
29 0 0
29 -1 0
29 -1 -1
29 0 -1
29 1 -1
29 1 0
29 1 1
29 0 1
29 -1 1
# measure in=29, out=32, v=534 (738, 1000, 280, 516, 419, 427, 225, 574, 999)
30 0 0
30 -1 0
30 -1 -1
30 0 -1
30 1 -1
30 1 0
30 1 1
30 0 1
30 -1 1
# measure in=30, out=86, v=337 (177, 813, 571, 744, 678, 230, 341, 0, 593)
31 0 0
31 -1 0
31 -1 -1
31 0 -1
31 1 -1
31 1 0
31 1 1
31 0 1
31 -1 1
# measure in=31, out=1, v=365 (169, 328, 600, 148, 531, 594, 596, 152, 493)
32 0 0
32 -1 0
32 -1 -1
32 0 -1
32 1 -1
32 1 0
32 1 1
32 0 1
32 -1 1
# measure in=32, out=28, v=317 (642, 85, 131, 570, 622, 577, 631, 860, 0)
33 0 0
33 -1 0
33 -1 -1
33 0 -1
33 1 -1
33 1 0
33 1 1
33 0 1
33 -1 1
# measure in=33, out=36, v=113 (27, 62, 96, 0, 299, 41, 89, 749, 565)
34 0 0
34 -1 0
34 -1 -1
34 0 -1
34 1 -1
34 1 0
34 1 1
34 0 1
34 -1 1
# measure in=34, out=15, v=433 (471, 375, 350, 770, 740, 711, 892, 805, 0)
35 0 0
35 -1 0
35 -1 -1
35 0 -1
35 1 -1
35 1 0
35 1 1
35 0 1
35 -1 1
# measure in=35, out=18, v=464 (612, 445, 756, 759, 407, 458, 148, 517, 327)
36 0 0
36 -1 0
36 -1 -1
36 0 -1
36 1 -1
36 1 0
36 1 1
36 0 1
36 -1 1
# measure in=36, out=67, v=654 (293, 1000, 785, 681, 967, 640, 696, 401, 663)
37 0 0
37 -1 0
37 -1 -1
37 0 -1
37 1 -1
37 1 0
37 1 1
37 0 1
37 -1 1
# measure in=37, out=28, v=319 (911, 0, 1000, 292, 406, 688, 706, 1000, 0)
38 0 0
38 -1 0
38 -1 -1
38 0 -1
38 1 -1
38 1 0
38 1 1
38 0 1
38 -1 1
# measure in=38, out=73, v=445 (714, 407, 438, 544, 673, 468, 178, 192, 654)
39 0 0
39 -1 0
39 -1 -1
39 0 -1
39 1 -1
39 1 0
39 1 1
39 0 1
39 -1 1
# measure in=39, out=52, v=234 (131, 539, 731, 528, 0, 475, 627, 0, 679)
40 0 0
40 -1 0
40 -1 -1
40 0 -1
40 1 -1
40 1 0
40 1 1
40 0 1
40 -1 1
# measure in=40, out=72, v=54 (104, 229, 252, 0, 0, 144, 0, 350, 96)
41 0 0
41 -1 0
41 -1 -1
41 0 -1
41 1 -1
41 1 0
41 1 1
41 0 1
41 -1 1
# measure in=41, out=86, v=322 (964, 694, 0, 489, 71, 532, 140, 619, 756)
42 0 0
42 -1 0
42 -1 -1
42 0 -1
42 1 -1
42 1 0
42 1 1
42 0 1
42 -1 1
# measure in=42, out=50, v=728 (1000, 604, 1000, 640, 369, 700, 799, 1000, 629)
43 0 0
43 -1 0
43 -1 -1
43 0 -1
43 1 -1
43 1 0
43 1 1
43 0 1
43 -1 1
# measure in=43, out=36, v=118 (656, 9, 187, 619, 0, 0, 0, 774, 973)
44 0 0
44 -1 0
44 -1 -1
44 0 -1
44 1 -1
44 1 0
44 1 1
44 0 1
44 -1 1
# measure in=44, out=17, v=204 (380, 0, 685, 326, 311, 339, 0, 537, 550)
45 0 0
45 -1 0
45 -1 -1
45 0 -1
45 1 -1
45 1 0
45 1 1
45 0 1
45 -1 1
# measure in=45, out=34, v=279 (398, 627, 0, 339, 578, 583, 1000, 782, 0)
46 0 0
46 -1 0
46 -1 -1
46 0 -1
46 1 -1
46 1 0
46 1 1
46 0 1
46 -1 1
# measure in=46, out=43, v=274 (62, 572, 370, 244, 0, 138, 1000, 976, 455)
47 0 0
47 -1 0
47 -1 -1
47 0 -1
47 1 -1
47 1 0
47 1 1
47 0 1
47 -1 1
# measure in=47, out=34, v=293 (0, 541, 234, 221, 406, 725, 456, 412, 490)
48 0 0
48 -1 0
48 -1 -1
48 0 -1
48 1 -1
48 1 0
48 1 1
48 0 1
48 -1 1
# measure in=48, out=76, v=385 (631, 429, 12, 828, 254, 440, 258, 882, 471)
49 0 0
49 -1 0
49 -1 -1
49 0 -1
49 1 -1
49 1 0
49 1 1
49 0 1
49 -1 1
# measure in=49, out=62, v=15 (0, 167, 0, 67, 275, 0, 0, 0, 225)
50 0 0
50 -1 0
50 -1 -1
50 0 -1
50 1 -1
50 1 0
50 1 1
50 0 1
50 -1 1
# measure in=50, out=55, v=346 (641, 175, 195, 401, 472, 510, 412, 348, 173)
51 0 0
51 -1 0
51 -1 -1
51 0 -1
51 1 -1
51 1 0
51 1 1
51 0 1
51 -1 1
# measure in=51, out=8, v=610 (1000, 1000, 744, 1000, 37, 188, 732, 993, 788)
52 0 0
52 -1 0
52 -1 -1
52 0 -1
52 1 -1
52 1 0
52 1 1
52 0 1
52 -1 1
# measure in=52, out=28, v=304 (363, 570, 517, 725, 657, 79, 0, 293, 604)
53 0 0
53 -1 0
53 -1 -1
53 0 -1
53 1 -1
53 1 0
53 1 1
53 0 1
53 -1 1
# measure in=53, out=66, v=742 (766, 422, 913, 865, 561, 650, 793, 844, 996)
54 0 0
54 -1 0
54 -1 -1
54 0 -1
54 1 -1
54 1 0
54 1 1
54 0 1
54 -1 1
# measure in=54, out=17, v=201 (442, 533, 290, 647, 146, 0, 0, 391, 767)
55 0 0
55 -1 0
55 -1 -1
55 0 -1
55 1 -1
55 1 0
55 1 1
55 0 1
55 -1 1
# measure in=55, out=78, v=82 (700, 0, 37, 904, 115, 200, 276, 0, 0)
56 0 0
56 -1 0
56 -1 -1
56 0 -1
56 1 -1
56 1 0
56 1 1
56 0 1
56 -1 1
# measure in=56, out=34, v=281 (1000, 943, 955, 887, 0, 1000, 138, 93, 0)
57 0 0
57 -1 0
57 -1 -1
57 0 -1
57 1 -1
57 1 0
57 1 1
57 0 1
57 -1 1
# measure in=57, out=34, v=295 (555, 479, 261, 126, 164, 115, 411, 537, 283)
58 0 0
58 -1 0
58 -1 -1
58 0 -1
58 1 -1
58 1 0
58 1 1
58 0 1
58 -1 1
# measure in=58, out=36, v=124 (262, 99, 509, 0, 249, 275, 13, 185, 126)
59 0 0
59 -1 0
59 -1 -1
59 0 -1
59 1 -1
59 1 0
59 1 1
59 0 1
59 -1 1
# measure in=59, out=34, v=287 (279, 296, 352, 505, 119, 335, 339, 291, 186)
60 0 0
60 -1 0
60 -1 -1
60 0 -1
60 1 -1
60 1 0
60 1 1
60 0 1
60 -1 1
# measure in=60, out=25, v=845 (852, 692, 1000, 1000, 866, 910, 731, 692, 911)
61 0 0
61 -1 0
61 -1 -1
61 0 -1
61 1 -1
61 1 0
61 1 1
61 0 1
61 -1 1
# measure in=61, out=36, v=119 (281, 0, 0, 617, 603, 760, 44, 522, 0)
62 0 0
62 -1 0
62 -1 -1
62 0 -1
62 1 -1
62 1 0
62 1 1
62 0 1
62 -1 1
# measure in=62, out=35, v=512 (677, 637, 710, 331, 888, 505, 23, 736, 814)
63 0 0
63 -1 0
63 -1 -1
63 0 -1
63 1 -1
63 1 0
63 1 1
63 0 1
63 -1 1
# measure in=63, out=74, v=159 (291, 631, 449, 106, 250, 157, 0, 0, 838)
64 0 0
64 -1 0
64 -1 -1
64 0 -1
64 1 -1
64 1 0
64 1 1
64 0 1
64 -1 1
# measure in=64, out=54, v=561 (763, 594, 434, 522, 336, 522, 587, 756, 627)
65 0 0
65 -1 0
65 -1 -1
65 0 -1
65 1 -1
65 1 0
65 1 1
65 0 1
65 -1 1
# measure in=65, out=6, v=550 (355, 525, 568, 1000, 458, 474, 321, 641, 813)
66 0 0
66 -1 0
66 -1 -1
66 0 -1
66 1 -1
66 1 0
66 1 1
66 0 1
66 -1 1
# measure in=66, out=34, v=291 (545, 427, 388, 218, 434, 73, 387, 130, 278)
67 0 0
67 -1 0
67 -1 -1
67 0 -1
67 1 -1
67 1 0
67 1 1
67 0 1
67 -1 1
# measure in=67, out=62, v=24 (0, 113, 0, 346, 0, 443, 263, 0, 0)
68 0 0
68 -1 0
68 -1 -1
68 0 -1
68 1 -1
68 1 0
68 1 1
68 0 1
68 -1 1
# measure in=68, out=66, v=748 (691, 695, 823, 923, 1000, 787, 456, 809, 647)
69 0 0
69 -1 0
69 -1 -1
69 0 -1
69 1 -1
69 1 0
69 1 1
69 0 1
69 -1 1
# measure in=69, out=28, v=298 (436, 349, 173, 408, 471, 243, 334, 276, 128)
70 0 0
70 -1 0
70 -1 -1
70 0 -1
70 1 -1
70 1 0
70 1 1
70 0 1
70 -1 1
# measure in=70, out=36, v=115 (292, 0, 64, 129, 375, 10, 463, 319, 74)
71 0 0
71 -1 0
71 -1 -1
71 0 -1
71 1 -1
71 1 0
71 1 1
71 0 1
71 -1 1
# measure in=71, out=32, v=530 (403, 498, 146, 253, 497, 1000, 609, 1000, 862)
72 0 0
72 -1 0
72 -1 -1
72 0 -1
72 1 -1
72 1 0
72 1 1
72 0 1
72 -1 1
# measure in=72, out=8, v=614 (752, 1000, 486, 953, 575, 883, 270, 598, 329)
73 0 0
73 -1 0
73 -1 -1
73 0 -1
73 1 -1
73 1 0
73 1 1
73 0 1
73 -1 1
# measure in=73, out=52, v=230 (175, 144, 268, 1000, 1000, 0, 156, 300, 194)
74 0 0
74 -1 0
74 -1 -1
74 0 -1
74 1 -1
74 1 0
74 1 1
74 0 1
74 -1 1
# measure in=74, out=1, v=360 (741, 107, 0, 607, 359, 1000, 594, 860, 302)
75 0 0
75 -1 0
75 -1 -1
75 0 -1
75 1 -1
75 1 0
75 1 1
75 0 1
75 -1 1
# measure in=75, out=2, v=219 (665, 329, 544, 326, 85, 234, 0, 82, 658)
76 0 0
76 -1 0
76 -1 -1
76 0 -1
76 1 -1
76 1 0
76 1 1
76 0 1
76 -1 1
# measure in=76, out=15, v=434 (938, 0, 478, 222, 793, 733, 934, 1000, 266)
77 0 0
77 -1 0
77 -1 -1
77 0 -1
77 1 -1
77 1 0
77 1 1
77 0 1
77 -1 1
# measure in=77, out=0, v=138 (552, 882, 624, 282, 0, 0, 49, 0, 1000)
78 0 0
78 -1 0
78 -1 -1
78 0 -1
78 1 -1
78 1 0
78 1 1
78 0 1
78 -1 1
# measure in=78, out=88, v=698 (782, 641, 843, 925, 517, 937, 743, 409, 614)
79 0 0
79 -1 0
79 -1 -1
79 0 -1
79 1 -1
79 1 0
79 1 1
79 0 1
79 -1 1
# measure in=79, out=19, v=100 (85, 301, 897, 57, 0, 0, 628, 76, 82)
80 0 0
80 -1 0
80 -1 -1
80 0 -1
80 1 -1
80 1 0
80 1 1
80 0 1
80 -1 1
# measure in=80, out=29, v=473 (707, 185, 629, 645, 701, 792, 603, 680, 25)
81 0 0
81 -1 0
81 -1 -1
81 0 -1
81 1 -1
81 1 0
81 1 1
81 0 1
81 -1 1
# measure in=81, out=70, v=624 (726, 1000, 685, 753, 702, 388, 378, 417, 756)
82 0 0
82 -1 0
82 -1 -1
82 0 -1
82 1 -1
82 1 0
82 1 1
82 0 1
82 -1 1
# measure in=82, out=2, v=228 (404, 161, 0, 74, 447, 1000, 513, 268, 200)
83 0 0
83 -1 0
83 -1 -1
83 0 -1
83 1 -1
83 1 0
83 1 1
83 0 1
83 -1 1
# measure in=83, out=23, v=376 (581, 965, 585, 206, 45, 496, 302, 233, 540)
84 0 0
84 -1 0
84 -1 -1
84 0 -1
84 1 -1
84 1 0
84 1 1
84 0 1
84 -1 1
# measure in=84, out=54, v=565 (979, 304, 287, 1000, 544, 568, 774, 749, 269)
85 0 0
85 -1 0
85 -1 -1
85 0 -1
85 1 -1
85 1 0
85 1 1
85 0 1
85 -1 1
# measure in=85, out=78, v=77 (85, 831, 719, 291, 0, 0, 0, 0, 706)
86 0 0
86 -1 0
86 -1 -1
86 0 -1
86 1 -1
86 1 0
86 1 1
86 0 1
86 -1 1
# measure in=86, out=62, v=17 (0, 18, 242, 0, 0, 104, 847, 0, 0)
87 0 0
87 -1 0
87 -1 -1
87 0 -1
87 1 -1
87 1 0
87 1 1
87 0 1
87 -1 1
# measure in=87, out=41, v=586 (338, 764, 600, 592, 238, 610, 836, 570, 993)
88 0 0
88 -1 0
88 -1 -1
88 0 -1
88 1 -1
88 1 0
88 1 1
88 0 1
88 -1 1
# measure in=88, out=20, v=372 (429, 190, 947, 1000, 658, 387, 105, 101, 248)
89 0 0
89 -1 0
89 -1 -1
89 0 -1
89 1 -1
89 1 0
89 1 1
89 0 1
89 -1 1
# measure in=89, out=54, v=556 (785, 471, 506, 440, 663, 943, 322, 771, 326)
-1 -1 -1
52
34
21
1
54
1
38
8
48
86
78
28
23
74
0
35
20
41
0
74
34
20
86
17
19
3
52
2
10
32
86
1
28
36
15
18
67
28
73
52
72
86
50
36
17
34
43
34
76
62
55
8
28
66
17
78
34
34
36
34
25
36
35
74
54
6
34
62
66
28
36
32
8
52
1
2
15
0
88
19
29
70
2
23
54
78
62
41
20
54
