53 104 151 195 234 267 294 314 326 330 326 314 294 267 234 195 151 104 53
104 158 209 256 298 334 364 386 400 405 400 386 364 334 298 256 209 158 104
151 209 263 314 360 400 433 458 474 479 474 458 433 400 360 314 263 209 151
195 256 314 368 419 463 501 529 547 553 547 529 501 463 419 368 314 256 195
234 298 360 419 474 523 566 599 620 628 620 599 566 523 474 419 360 298 234
267 334 400 463 523 579 628 667 693 702 693 667 628 579 523 463 400 334 267
294 364 433 501 566 628 684 732 765 777 765 732 684 628 566 501 433 364 294
314 386 458 529 599 667 732 789 834 851 834 789 732 667 599 529 458 386 314
326 400 474 547 620 693 765 834 895 926 895 834 765 693 620 547 474 400 326
330 405 479 553 628 702 777 851 926 1000 926 851 777 702 628 553 479 405 330
326 400 474 547 620 693 765 834 895 926 895 834 765 693 620 547 474 400 326
314 386 458 529 599 667 732 789 834 851 834 789 732 667 599 529 458 386 314
294 364 433 501 566 628 684 732 765 777 765 732 684 628 566 501 433 364 294
267 334 400 463 523 579 628 667 693 702 693 667 628 579 523 463 400 334 267
234 298 360 419 474 523 566 599 620 628 620 599 566 523 474 419 360 298 234
195 256 314 368 419 463 501 529 547 553 547 529 501 463 419 368 314 256 195
151 209 263 314 360 400 433 458 474 479 474 458 433 400 360 314 263 209 151
104 158 209 256 298 334 364 386 400 405 400 386 364 334 298 256 209 158 104
53 104 151 195 234 267 294 314 326 330 326 314 294 267 234 195 151 104 53
0 -4 0
0 -4 0
0 -4 0
0 -4 0
0 -4 0
0 -4 0
0 -4 0
0 -4 0
0 -4 0
0 -4 0
0 -4 0
0 -4 0
0 -4 0
0 -4 0
0 -4 0
0 -4 0
0 -4 0
0 -4 0
0 -4 0
0 -4 0
0 -4 0
0 -4 0
0 -4 0
0 -4 0
0 -4 0
0 -4 0
0 -4 0
0 0 -4
0 0 -4
0 0 -4
0 0 -4
0 0 -4
0 0 -4
0 0 -4
0 0 -4
0 0 -4
0 0 -4
0 0 -4
0 0 -4
0 0 -4
0 0 -4
0 0 -4
0 0 -4
0 0 -4
0 0 -4
0 0 -4
0 0 -4
0 0 -4
0 0 -4
0 0 -4
0 0 -4
0 0 -4
0 0 -4
0 0 -4
0 4 0
0 4 0
0 4 0
0 4 0
0 4 0
0 4 0
0 4 0
0 4 0
0 4 0
0 4 0
0 4 0
0 4 0
0 4 0
0 4 0
0 4 0
0 4 0
0 4 0
0 4 0
0 4 0
0 4 0
0 4 0
0 4 0
0 4 0
0 4 0
0 4 0
0 4 0
0 4 0
0 0 4
0 0 4
0 0 4
0 0 4
0 0 4
0 0 4
0 0 4
0 0 4
0 0 4
0 0 4
0 0 4
0 0 4
0 0 4
0 0 4
0 0 4
0 0 4
0 0 4
0 0 4
0 0 4
0 0 4
0 0 4
0 0 4
0 0 4
0 0 4
0 0 4
0 0 4
0 0 4
# estimated from=0, to=86, diff=81
1 -4 0
1 -4 0
1 -4 0
1 -4 0
1 -4 0
1 -4 0
1 -4 0
1 -4 0
1 -4 0
1 -4 0
1 -4 0
1 -4 0
1 -4 0
1 -4 0
1 -4 0
1 -4 0
1 -4 0
1 -4 0
1 -4 0
1 -4 0
1 -4 0
1 -4 0
1 -4 0
1 -4 0
1 -4 0
1 -4 0
1 -4 0
1 0 -4
1 0 -4
1 0 -4
1 0 -4
1 0 -4
1 0 -4
1 0 -4
1 0 -4
1 0 -4
1 0 -4
1 0 -4
1 0 -4
1 0 -4
1 0 -4
1 0 -4
1 0 -4
1 0 -4
1 0 -4
1 0 -4
1 0 -4
1 0 -4
1 0 -4
1 0 -4
1 0 -4
1 0 -4
1 0 -4
1 0 -4
1 4 0
1 4 0
1 4 0
1 4 0
1 4 0
1 4 0
1 4 0
1 4 0
1 4 0
1 4 0
1 4 0
1 4 0
1 4 0
1 4 0
1 4 0
1 4 0
1 4 0
1 4 0
1 4 0
1 4 0
1 4 0
1 4 0
1 4 0
1 4 0
1 4 0
1 4 0
1 4 0
1 0 4
1 0 4
1 0 4
1 0 4
1 0 4
1 0 4
1 0 4
1 0 4
1 0 4
1 0 4
1 0 4
1 0 4
1 0 4
1 0 4
1 0 4
1 0 4
1 0 4
1 0 4
1 0 4
1 0 4
1 0 4
1 0 4
1 0 4
1 0 4
1 0 4
1 0 4
1 0 4
# estimated from=1, to=24, diff=125
2 -4 0
2 -4 0
2 -4 0
2 -4 0
2 -4 0
2 -4 0
2 -4 0
2 -4 0
2 -4 0
2 -4 0
2 -4 0
2 -4 0
2 -4 0
2 -4 0
2 -4 0
2 -4 0
2 -4 0
2 -4 0
2 -4 0
2 -4 0
2 -4 0
2 -4 0
2 -4 0
2 -4 0
2 -4 0
2 -4 0
2 -4 0
2 0 -4
2 0 -4
2 0 -4
2 0 -4
2 0 -4
2 0 -4
2 0 -4
2 0 -4
2 0 -4
2 0 -4
2 0 -4
2 0 -4
2 0 -4
2 0 -4
2 0 -4
2 0 -4
2 0 -4
2 0 -4
2 0 -4
2 0 -4
2 0 -4
2 0 -4
2 0 -4
2 0 -4
2 0 -4
2 0 -4
2 0 -4
2 4 0
2 4 0
2 4 0
2 4 0
2 4 0
2 4 0
2 4 0
2 4 0
2 4 0
2 4 0
2 4 0
2 4 0
2 4 0
2 4 0
2 4 0
2 4 0
2 4 0
2 4 0
2 4 0
2 4 0
2 4 0
2 4 0
2 4 0
2 4 0
2 4 0
2 4 0
2 4 0
2 0 4
2 0 4
2 0 4
2 0 4
2 0 4
2 0 4
2 0 4
2 0 4
2 0 4
2 0 4
2 0 4
2 0 4
2 0 4
2 0 4
2 0 4
2 0 4
2 0 4
2 0 4
2 0 4
2 0 4
2 0 4
2 0 4
2 0 4
2 0 4
2 0 4
2 0 4
2 0 4
# estimated from=2, to=21, diff=202
3 -4 0
3 -4 0
3 -4 0
3 -4 0
3 -4 0
3 -4 0
3 -4 0
3 -4 0
3 -4 0
3 -4 0
3 -4 0
3 -4 0
3 -4 0
3 -4 0
3 -4 0
3 -4 0
3 -4 0
3 -4 0
3 -4 0
3 -4 0
3 -4 0
3 -4 0
3 -4 0
3 -4 0
3 -4 0
3 -4 0
3 -4 0
3 0 -4
3 0 -4
3 0 -4
3 0 -4
3 0 -4
3 0 -4
3 0 -4
3 0 -4
3 0 -4
3 0 -4
3 0 -4
3 0 -4
3 0 -4
3 0 -4
3 0 -4
3 0 -4
3 0 -4
3 0 -4
3 0 -4
3 0 -4
3 0 -4
3 0 -4
3 0 -4
3 0 -4
3 0 -4
3 0 -4
3 0 -4
3 4 0
3 4 0
3 4 0
3 4 0
3 4 0
3 4 0
3 4 0
3 4 0
3 4 0
3 4 0
3 4 0
3 4 0
3 4 0
3 4 0
3 4 0
3 4 0
3 4 0
3 4 0
3 4 0
3 4 0
3 4 0
3 4 0
3 4 0
3 4 0
3 4 0
3 4 0
3 4 0
3 0 4
3 0 4
3 0 4
3 0 4
3 0 4
3 0 4
3 0 4
3 0 4
3 0 4
3 0 4
3 0 4
3 0 4
3 0 4
3 0 4
3 0 4
3 0 4
3 0 4
3 0 4
3 0 4
3 0 4
3 0 4
3 0 4
3 0 4
3 0 4
3 0 4
3 0 4
3 0 4
# estimated from=3, to=60, diff=85
4 -4 0
4 -4 0
4 -4 0
4 -4 0
4 -4 0
4 -4 0
4 -4 0
4 -4 0
4 -4 0
4 -4 0
4 -4 0
4 -4 0
4 -4 0
4 -4 0
4 -4 0
4 -4 0
4 -4 0
4 -4 0
4 -4 0
4 -4 0
4 -4 0
4 -4 0
4 -4 0
4 -4 0
4 -4 0
4 -4 0
4 -4 0
4 0 -4
4 0 -4
4 0 -4
4 0 -4
4 0 -4
4 0 -4
4 0 -4
4 0 -4
4 0 -4
4 0 -4
4 0 -4
4 0 -4
4 0 -4
4 0 -4
4 0 -4
4 0 -4
4 0 -4
4 0 -4
4 0 -4
4 0 -4
4 0 -4
4 0 -4
4 0 -4
4 0 -4
4 0 -4
4 0 -4
4 0 -4
4 4 0
4 4 0
4 4 0
4 4 0
4 4 0
4 4 0
4 4 0
4 4 0
4 4 0
4 4 0
4 4 0
4 4 0
4 4 0
4 4 0
4 4 0
4 4 0
4 4 0
4 4 0
4 4 0
4 4 0
4 4 0
4 4 0
4 4 0
4 4 0
4 4 0
4 4 0
4 4 0
4 0 4
4 0 4
4 0 4
4 0 4
4 0 4
4 0 4
4 0 4
4 0 4
4 0 4
4 0 4
4 0 4
4 0 4
4 0 4
4 0 4
4 0 4
4 0 4
4 0 4
4 0 4
4 0 4
4 0 4
4 0 4
4 0 4
4 0 4
4 0 4
4 0 4
4 0 4
4 0 4
# estimated from=4, to=66, diff=102
5 -4 0
5 -4 0
5 -4 0
5 -4 0
5 -4 0
5 -4 0
5 -4 0
5 -4 0
5 -4 0
5 -4 0
5 -4 0
5 -4 0
5 -4 0
5 -4 0
5 -4 0
5 -4 0
5 -4 0
5 -4 0
5 -4 0
5 -4 0
5 -4 0
5 -4 0
5 -4 0
5 -4 0
5 -4 0
5 -4 0
5 -4 0
5 0 -4
5 0 -4
5 0 -4
5 0 -4
5 0 -4
5 0 -4
5 0 -4
5 0 -4
5 0 -4
5 0 -4
5 0 -4
5 0 -4
5 0 -4
5 0 -4
5 0 -4
5 0 -4
5 0 -4
5 0 -4
5 0 -4
5 0 -4
5 0 -4
5 0 -4
5 0 -4
5 0 -4
5 0 -4
5 0 -4
5 0 -4
5 4 0
5 4 0
5 4 0
5 4 0
5 4 0
5 4 0
5 4 0
5 4 0
5 4 0
5 4 0
5 4 0
5 4 0
5 4 0
5 4 0
5 4 0
5 4 0
5 4 0
5 4 0
5 4 0
5 4 0
5 4 0
5 4 0
5 4 0
5 4 0
5 4 0
5 4 0
5 4 0
5 0 4
5 0 4
5 0 4
5 0 4
5 0 4
5 0 4
5 0 4
5 0 4
5 0 4
5 0 4
5 0 4
5 0 4
5 0 4
5 0 4
5 0 4
5 0 4
5 0 4
5 0 4
5 0 4
5 0 4
5 0 4
5 0 4
5 0 4
5 0 4
5 0 4
5 0 4
5 0 4
# estimated from=5, to=29, diff=205
6 -4 0
6 -4 0
6 -4 0
6 -4 0
6 -4 0
6 -4 0
6 -4 0
6 -4 0
6 -4 0
6 -4 0
6 -4 0
6 -4 0
6 -4 0
6 -4 0
6 -4 0
6 -4 0
6 -4 0
6 -4 0
6 -4 0
6 -4 0
6 -4 0
6 -4 0
6 -4 0
6 -4 0
6 -4 0
6 -4 0
6 -4 0
6 0 -4
6 0 -4
6 0 -4
6 0 -4
6 0 -4
6 0 -4
6 0 -4
6 0 -4
6 0 -4
6 0 -4
6 0 -4
6 0 -4
6 0 -4
6 0 -4
6 0 -4
6 0 -4
6 0 -4
6 0 -4
6 0 -4
6 0 -4
6 0 -4
6 0 -4
6 0 -4
6 0 -4
6 0 -4
6 0 -4
6 0 -4
6 4 0
6 4 0
6 4 0
6 4 0
6 4 0
6 4 0
6 4 0
6 4 0
6 4 0
6 4 0
6 4 0
6 4 0
6 4 0
6 4 0
6 4 0
6 4 0
6 4 0
6 4 0
6 4 0
6 4 0
6 4 0
6 4 0
6 4 0
6 4 0
6 4 0
6 4 0
6 4 0
6 0 4
6 0 4
6 0 4
6 0 4
6 0 4
6 0 4
6 0 4
6 0 4
6 0 4
6 0 4
6 0 4
6 0 4
6 0 4
6 0 4
6 0 4
6 0 4
6 0 4
6 0 4
6 0 4
6 0 4
6 0 4
6 0 4
6 0 4
6 0 4
6 0 4
6 0 4
6 0 4
# estimated from=6, to=7, diff=125
7 -4 0
7 -4 0
7 -4 0
7 -4 0
7 -4 0
7 -4 0
7 -4 0
7 -4 0
7 -4 0
7 -4 0
7 -4 0
7 -4 0
7 -4 0
7 -4 0
7 -4 0
7 -4 0
7 -4 0
7 -4 0
7 -4 0
7 -4 0
7 -4 0
7 -4 0
7 -4 0
7 -4 0
7 -4 0
7 -4 0
7 -4 0
7 0 -4
7 0 -4
7 0 -4
7 0 -4
7 0 -4
7 0 -4
7 0 -4
7 0 -4
7 0 -4
7 0 -4
7 0 -4
7 0 -4
7 0 -4
7 0 -4
7 0 -4
7 0 -4
7 0 -4
7 0 -4
7 0 -4
7 0 -4
7 0 -4
7 0 -4
7 0 -4
7 0 -4
7 0 -4
7 0 -4
7 0 -4
7 4 0
7 4 0
7 4 0
7 4 0
7 4 0
7 4 0
7 4 0
7 4 0
7 4 0
7 4 0
7 4 0
7 4 0
7 4 0
7 4 0
7 4 0
7 4 0
7 4 0
7 4 0
7 4 0
7 4 0
7 4 0
7 4 0
7 4 0
7 4 0
7 4 0
7 4 0
7 4 0
7 0 4
7 0 4
7 0 4
7 0 4
7 0 4
7 0 4
7 0 4
7 0 4
7 0 4
7 0 4
7 0 4
7 0 4
7 0 4
7 0 4
7 0 4
7 0 4
7 0 4
7 0 4
7 0 4
7 0 4
7 0 4
7 0 4
7 0 4
7 0 4
7 0 4
7 0 4
7 0 4
# estimated from=7, to=9, diff=127
8 -4 0
8 -4 0
8 -4 0
8 -4 0
8 -4 0
8 -4 0
8 -4 0
8 -4 0
8 -4 0
8 -4 0
8 -4 0
8 -4 0
8 -4 0
8 -4 0
8 -4 0
8 -4 0
8 -4 0
8 -4 0
8 -4 0
8 -4 0
8 -4 0
8 -4 0
8 -4 0
8 -4 0
8 -4 0
8 -4 0
8 -4 0
8 0 -4
8 0 -4
8 0 -4
8 0 -4
8 0 -4
8 0 -4
8 0 -4
8 0 -4
8 0 -4
8 0 -4
8 0 -4
8 0 -4
8 0 -4
8 0 -4
8 0 -4
8 0 -4
8 0 -4
8 0 -4
8 0 -4
8 0 -4
8 0 -4
8 0 -4
8 0 -4
8 0 -4
8 0 -4
8 0 -4
8 0 -4
8 4 0
8 4 0
8 4 0
8 4 0
8 4 0
8 4 0
8 4 0
8 4 0
8 4 0
8 4 0
8 4 0
8 4 0
8 4 0
8 4 0
8 4 0
8 4 0
8 4 0
8 4 0
8 4 0
8 4 0
8 4 0
8 4 0
8 4 0
8 4 0
8 4 0
8 4 0
8 4 0
8 0 4
8 0 4
8 0 4
8 0 4
8 0 4
8 0 4
8 0 4
8 0 4
8 0 4
8 0 4
8 0 4
8 0 4
8 0 4
8 0 4
8 0 4
8 0 4
8 0 4
8 0 4
8 0 4
8 0 4
8 0 4
8 0 4
8 0 4
8 0 4
8 0 4
8 0 4
8 0 4
# estimated from=8, to=5, diff=72
9 -4 0
9 -4 0
9 -4 0
9 -4 0
9 -4 0
9 -4 0
9 -4 0
9 -4 0
9 -4 0
9 -4 0
9 -4 0
9 -4 0
9 -4 0
9 -4 0
9 -4 0
9 -4 0
9 -4 0
9 -4 0
9 -4 0
9 -4 0
9 -4 0
9 -4 0
9 -4 0
9 -4 0
9 -4 0
9 -4 0
9 -4 0
9 0 -4
9 0 -4
9 0 -4
9 0 -4
9 0 -4
9 0 -4
9 0 -4
9 0 -4
9 0 -4
9 0 -4
9 0 -4
9 0 -4
9 0 -4
9 0 -4
9 0 -4
9 0 -4
9 0 -4
9 0 -4
9 0 -4
9 0 -4
9 0 -4
9 0 -4
9 0 -4
9 0 -4
9 0 -4
9 0 -4
9 0 -4
9 4 0
9 4 0
9 4 0
9 4 0
9 4 0
9 4 0
9 4 0
9 4 0
9 4 0
9 4 0
9 4 0
9 4 0
9 4 0
9 4 0
9 4 0
9 4 0
9 4 0
9 4 0
9 4 0
9 4 0
9 4 0
9 4 0
9 4 0
9 4 0
9 4 0
9 4 0
9 4 0
9 0 4
9 0 4
9 0 4
9 0 4
9 0 4
9 0 4
9 0 4
9 0 4
9 0 4
9 0 4
9 0 4
9 0 4
9 0 4
9 0 4
9 0 4
9 0 4
9 0 4
9 0 4
9 0 4
9 0 4
9 0 4
9 0 4
9 0 4
9 0 4
9 0 4
9 0 4
9 0 4
# estimated from=9, to=88, diff=62
10 -4 0
10 -4 0
10 -4 0
10 -4 0
10 -4 0
10 -4 0
10 -4 0
10 -4 0
10 -4 0
10 -4 0
10 -4 0
10 -4 0
10 -4 0
10 -4 0
10 -4 0
10 -4 0
10 -4 0
10 -4 0
10 -4 0
10 -4 0
10 -4 0
10 -4 0
10 -4 0
10 -4 0
10 -4 0
10 -4 0
10 -4 0
10 0 -4
10 0 -4
10 0 -4
10 0 -4
10 0 -4
10 0 -4
10 0 -4
10 0 -4
10 0 -4
10 0 -4
10 0 -4
10 0 -4
10 0 -4
10 0 -4
10 0 -4
10 0 -4
10 0 -4
10 0 -4
10 0 -4
10 0 -4
10 0 -4
10 0 -4
10 0 -4
10 0 -4
10 0 -4
10 0 -4
10 0 -4
10 4 0
10 4 0
10 4 0
10 4 0
10 4 0
10 4 0
10 4 0
10 4 0
10 4 0
10 4 0
10 4 0
10 4 0
10 4 0
10 4 0
10 4 0
10 4 0
10 4 0
10 4 0
10 4 0
10 4 0
10 4 0
10 4 0
10 4 0
10 4 0
10 4 0
10 4 0
10 4 0
10 0 4
10 0 4
10 0 4
10 0 4
10 0 4
10 0 4
10 0 4
10 0 4
10 0 4
10 0 4
10 0 4
10 0 4
10 0 4
10 0 4
10 0 4
10 0 4
10 0 4
10 0 4
10 0 4
10 0 4
10 0 4
10 0 4
10 0 4
10 0 4
10 0 4
10 0 4
10 0 4
# estimated from=10, to=44, diff=120
11 -4 0
11 -4 0
11 -4 0
11 -4 0
11 -4 0
11 -4 0
11 -4 0
11 -4 0
11 -4 0
11 -4 0
11 -4 0
11 -4 0
11 -4 0
11 -4 0
11 -4 0
11 -4 0
11 -4 0
11 -4 0
11 -4 0
11 -4 0
11 -4 0
11 -4 0
11 -4 0
11 -4 0
11 -4 0
11 -4 0
11 -4 0
11 0 -4
11 0 -4
11 0 -4
11 0 -4
11 0 -4
11 0 -4
11 0 -4
11 0 -4
11 0 -4
11 0 -4
11 0 -4
11 0 -4
11 0 -4
11 0 -4
11 0 -4
11 0 -4
11 0 -4
11 0 -4
11 0 -4
11 0 -4
11 0 -4
11 0 -4
11 0 -4
11 0 -4
11 0 -4
11 0 -4
11 0 -4
11 4 0
11 4 0
11 4 0
11 4 0
11 4 0
11 4 0
11 4 0
11 4 0
11 4 0
11 4 0
11 4 0
11 4 0
11 4 0
11 4 0
11 4 0
11 4 0
11 4 0
11 4 0
11 4 0
11 4 0
11 4 0
11 4 0
11 4 0
11 4 0
11 4 0
11 4 0
11 4 0
11 0 4
11 0 4
11 0 4
11 0 4
11 0 4
11 0 4
11 0 4
11 0 4
11 0 4
11 0 4
11 0 4
11 0 4
11 0 4
11 0 4
11 0 4
11 0 4
11 0 4
11 0 4
11 0 4
11 0 4
11 0 4
11 0 4
11 0 4
11 0 4
11 0 4
11 0 4
11 0 4
# estimated from=11, to=48, diff=132
12 -4 0
12 -4 0
12 -4 0
12 -4 0
12 -4 0
12 -4 0
12 -4 0
12 -4 0
12 -4 0
12 -4 0
12 -4 0
12 -4 0
12 -4 0
12 -4 0
12 -4 0
12 -4 0
12 -4 0
12 -4 0
12 -4 0
12 -4 0
12 -4 0
12 -4 0
12 -4 0
12 -4 0
12 -4 0
12 -4 0
12 -4 0
12 0 -4
12 0 -4
12 0 -4
12 0 -4
12 0 -4
12 0 -4
12 0 -4
12 0 -4
12 0 -4
12 0 -4
12 0 -4
12 0 -4
12 0 -4
12 0 -4
12 0 -4
12 0 -4
12 0 -4
12 0 -4
12 0 -4
12 0 -4
12 0 -4
12 0 -4
12 0 -4
12 0 -4
12 0 -4
12 0 -4
12 0 -4
12 4 0
12 4 0
12 4 0
12 4 0
12 4 0
12 4 0
12 4 0
12 4 0
12 4 0
12 4 0
12 4 0
12 4 0
12 4 0
12 4 0
12 4 0
12 4 0
12 4 0
12 4 0
12 4 0
12 4 0
12 4 0
12 4 0
12 4 0
12 4 0
12 4 0
12 4 0
12 4 0
12 0 4
12 0 4
12 0 4
12 0 4
12 0 4
12 0 4
12 0 4
12 0 4
12 0 4
12 0 4
12 0 4
12 0 4
12 0 4
12 0 4
12 0 4
12 0 4
12 0 4
12 0 4
12 0 4
12 0 4
12 0 4
12 0 4
12 0 4
12 0 4
12 0 4
12 0 4
12 0 4
# estimated from=12, to=0, diff=118
13 -4 0
13 -4 0
13 -4 0
13 -4 0
13 -4 0
13 -4 0
13 -4 0
13 -4 0
13 -4 0
13 -4 0
13 -4 0
13 -4 0
13 -4 0
13 -4 0
13 -4 0
13 -4 0
13 -4 0
13 -4 0
13 -4 0
13 -4 0
13 -4 0
13 -4 0
13 -4 0
13 -4 0
13 -4 0
13 -4 0
13 -4 0
13 0 -4
13 0 -4
13 0 -4
13 0 -4
13 0 -4
13 0 -4
13 0 -4
13 0 -4
13 0 -4
13 0 -4
13 0 -4
13 0 -4
13 0 -4
13 0 -4
13 0 -4
13 0 -4
13 0 -4
13 0 -4
13 0 -4
13 0 -4
13 0 -4
13 0 -4
13 0 -4
13 0 -4
13 0 -4
13 0 -4
13 0 -4
13 4 0
13 4 0
13 4 0
13 4 0
13 4 0
13 4 0
13 4 0
13 4 0
13 4 0
13 4 0
13 4 0
13 4 0
13 4 0
13 4 0
13 4 0
13 4 0
13 4 0
13 4 0
13 4 0
13 4 0
13 4 0
13 4 0
13 4 0
13 4 0
13 4 0
13 4 0
13 4 0
13 0 4
13 0 4
13 0 4
13 0 4
13 0 4
13 0 4
13 0 4
13 0 4
13 0 4
13 0 4
13 0 4
13 0 4
13 0 4
13 0 4
13 0 4
13 0 4
13 0 4
13 0 4
13 0 4
13 0 4
13 0 4
13 0 4
13 0 4
13 0 4
13 0 4
13 0 4
13 0 4
# estimated from=13, to=43, diff=99
14 -4 0
14 -4 0
14 -4 0
14 -4 0
14 -4 0
14 -4 0
14 -4 0
14 -4 0
14 -4 0
14 -4 0
14 -4 0
14 -4 0
14 -4 0
14 -4 0
14 -4 0
14 -4 0
14 -4 0
14 -4 0
14 -4 0
14 -4 0
14 -4 0
14 -4 0
14 -4 0
14 -4 0
14 -4 0
14 -4 0
14 -4 0
14 0 -4
14 0 -4
14 0 -4
14 0 -4
14 0 -4
14 0 -4
14 0 -4
14 0 -4
14 0 -4
14 0 -4
14 0 -4
14 0 -4
14 0 -4
14 0 -4
14 0 -4
14 0 -4
14 0 -4
14 0 -4
14 0 -4
14 0 -4
14 0 -4
14 0 -4
14 0 -4
14 0 -4
14 0 -4
14 0 -4
14 0 -4
14 4 0
14 4 0
14 4 0
14 4 0
14 4 0
14 4 0
14 4 0
14 4 0
14 4 0
14 4 0
14 4 0
14 4 0
14 4 0
14 4 0
14 4 0
14 4 0
14 4 0
14 4 0
14 4 0
14 4 0
14 4 0
14 4 0
14 4 0
14 4 0
14 4 0
14 4 0
14 4 0
14 0 4
14 0 4
14 0 4
14 0 4
14 0 4
14 0 4
14 0 4
14 0 4
14 0 4
14 0 4
14 0 4
14 0 4
14 0 4
14 0 4
14 0 4
14 0 4
14 0 4
14 0 4
14 0 4
14 0 4
14 0 4
14 0 4
14 0 4
14 0 4
14 0 4
14 0 4
14 0 4
# estimated from=14, to=87, diff=106
15 -4 0
15 -4 0
15 -4 0
15 -4 0
15 -4 0
15 -4 0
15 -4 0
15 -4 0
15 -4 0
15 -4 0
15 -4 0
15 -4 0
15 -4 0
15 -4 0
15 -4 0
15 -4 0
15 -4 0
15 -4 0
15 -4 0
15 -4 0
15 -4 0
15 -4 0
15 -4 0
15 -4 0
15 -4 0
15 -4 0
15 -4 0
15 0 -4
15 0 -4
15 0 -4
15 0 -4
15 0 -4
15 0 -4
15 0 -4
15 0 -4
15 0 -4
15 0 -4
15 0 -4
15 0 -4
15 0 -4
15 0 -4
15 0 -4
15 0 -4
15 0 -4
15 0 -4
15 0 -4
15 0 -4
15 0 -4
15 0 -4
15 0 -4
15 0 -4
15 0 -4
15 0 -4
15 0 -4
15 4 0
15 4 0
15 4 0
15 4 0
15 4 0
15 4 0
15 4 0
15 4 0
15 4 0
15 4 0
15 4 0
15 4 0
15 4 0
15 4 0
15 4 0
15 4 0
15 4 0
15 4 0
15 4 0
15 4 0
15 4 0
15 4 0
15 4 0
15 4 0
15 4 0
15 4 0
15 4 0
15 0 4
15 0 4
15 0 4
15 0 4
15 0 4
15 0 4
15 0 4
15 0 4
15 0 4
15 0 4
15 0 4
15 0 4
15 0 4
15 0 4
15 0 4
15 0 4
15 0 4
15 0 4
15 0 4
15 0 4
15 0 4
15 0 4
15 0 4
15 0 4
15 0 4
15 0 4
15 0 4
# estimated from=15, to=33, diff=121
16 -4 0
16 -4 0
16 -4 0
16 -4 0
16 -4 0
16 -4 0
16 -4 0
16 -4 0
16 -4 0
16 -4 0
16 -4 0
16 -4 0
16 -4 0
16 -4 0
16 -4 0
16 -4 0
16 -4 0
16 -4 0
16 -4 0
16 -4 0
16 -4 0
16 -4 0
16 -4 0
16 -4 0
16 -4 0
16 -4 0
16 -4 0
16 0 -4
16 0 -4
16 0 -4
16 0 -4
16 0 -4
16 0 -4
16 0 -4
16 0 -4
16 0 -4
16 0 -4
16 0 -4
16 0 -4
16 0 -4
16 0 -4
16 0 -4
16 0 -4
16 0 -4
16 0 -4
16 0 -4
16 0 -4
16 0 -4
16 0 -4
16 0 -4
16 0 -4
16 0 -4
16 0 -4
16 0 -4
16 4 0
16 4 0
16 4 0
16 4 0
16 4 0
16 4 0
16 4 0
16 4 0
16 4 0
16 4 0
16 4 0
16 4 0
16 4 0
16 4 0
16 4 0
16 4 0
16 4 0
16 4 0
16 4 0
16 4 0
16 4 0
16 4 0
16 4 0
16 4 0
16 4 0
16 4 0
16 4 0
16 0 4
16 0 4
16 0 4
16 0 4
16 0 4
16 0 4
16 0 4
16 0 4
16 0 4
16 0 4
16 0 4
16 0 4
16 0 4
16 0 4
16 0 4
16 0 4
16 0 4
16 0 4
16 0 4
16 0 4
16 0 4
16 0 4
16 0 4
16 0 4
16 0 4
16 0 4
16 0 4
# estimated from=16, to=8, diff=86
17 -4 0
17 -4 0
17 -4 0
17 -4 0
17 -4 0
17 -4 0
17 -4 0
17 -4 0
17 -4 0
17 -4 0
17 -4 0
17 -4 0
17 -4 0
17 -4 0
17 -4 0
17 -4 0
17 -4 0
17 -4 0
17 -4 0
17 -4 0
17 -4 0
17 -4 0
17 -4 0
17 -4 0
17 -4 0
17 -4 0
17 -4 0
17 0 -4
17 0 -4
17 0 -4
17 0 -4
17 0 -4
17 0 -4
17 0 -4
17 0 -4
17 0 -4
17 0 -4
17 0 -4
17 0 -4
17 0 -4
17 0 -4
17 0 -4
17 0 -4
17 0 -4
17 0 -4
17 0 -4
17 0 -4
17 0 -4
17 0 -4
17 0 -4
17 0 -4
17 0 -4
17 0 -4
17 0 -4
17 4 0
17 4 0
17 4 0
17 4 0
17 4 0
17 4 0
17 4 0
17 4 0
17 4 0
17 4 0
17 4 0
17 4 0
17 4 0
17 4 0
17 4 0
17 4 0
17 4 0
17 4 0
17 4 0
17 4 0
17 4 0
17 4 0
17 4 0
17 4 0
17 4 0
17 4 0
17 4 0
17 0 4
17 0 4
17 0 4
17 0 4
17 0 4
17 0 4
17 0 4
17 0 4
17 0 4
17 0 4
17 0 4
17 0 4
17 0 4
17 0 4
17 0 4
17 0 4
17 0 4
17 0 4
17 0 4
17 0 4
17 0 4
17 0 4
17 0 4
17 0 4
17 0 4
17 0 4
17 0 4
# estimated from=17, to=11, diff=85
18 -4 0
18 -4 0
18 -4 0
18 -4 0
18 -4 0
18 -4 0
18 -4 0
18 -4 0
18 -4 0
18 -4 0
18 -4 0
18 -4 0
18 -4 0
18 -4 0
18 -4 0
18 -4 0
18 -4 0
18 -4 0
18 -4 0
18 -4 0
18 -4 0
18 -4 0
18 -4 0
18 -4 0
18 -4 0
18 -4 0
18 -4 0
18 0 -4
18 0 -4
18 0 -4
18 0 -4
18 0 -4
18 0 -4
18 0 -4
18 0 -4
18 0 -4
18 0 -4
18 0 -4
18 0 -4
18 0 -4
18 0 -4
18 0 -4
18 0 -4
18 0 -4
18 0 -4
18 0 -4
18 0 -4
18 0 -4
18 0 -4
18 0 -4
18 0 -4
18 0 -4
18 0 -4
18 0 -4
18 4 0
18 4 0
18 4 0
18 4 0
18 4 0
18 4 0
18 4 0
18 4 0
18 4 0
18 4 0
18 4 0
18 4 0
18 4 0
18 4 0
18 4 0
18 4 0
18 4 0
18 4 0
18 4 0
18 4 0
18 4 0
18 4 0
18 4 0
18 4 0
18 4 0
18 4 0
18 4 0
18 0 4
18 0 4
18 0 4
18 0 4
18 0 4
18 0 4
18 0 4
18 0 4
18 0 4
18 0 4
18 0 4
18 0 4
18 0 4
18 0 4
18 0 4
18 0 4
18 0 4
18 0 4
18 0 4
18 0 4
18 0 4
18 0 4
18 0 4
18 0 4
18 0 4
18 0 4
18 0 4
# estimated from=18, to=83, diff=158
19 -4 0
19 -4 0
19 -4 0
19 -4 0
19 -4 0
19 -4 0
19 -4 0
19 -4 0
19 -4 0
19 -4 0
19 -4 0
19 -4 0
19 -4 0
19 -4 0
19 -4 0
19 -4 0
19 -4 0
19 -4 0
19 -4 0
19 -4 0
19 -4 0
19 -4 0
19 -4 0
19 -4 0
19 -4 0
19 -4 0
19 -4 0
19 0 -4
19 0 -4
19 0 -4
19 0 -4
19 0 -4
19 0 -4
19 0 -4
19 0 -4
19 0 -4
19 0 -4
19 0 -4
19 0 -4
19 0 -4
19 0 -4
19 0 -4
19 0 -4
19 0 -4
19 0 -4
19 0 -4
19 0 -4
19 0 -4
19 0 -4
19 0 -4
19 0 -4
19 0 -4
19 0 -4
19 0 -4
19 4 0
19 4 0
19 4 0
19 4 0
19 4 0
19 4 0
19 4 0
19 4 0
19 4 0
19 4 0
19 4 0
19 4 0
19 4 0
19 4 0
19 4 0
19 4 0
19 4 0
19 4 0
19 4 0
19 4 0
19 4 0
19 4 0
19 4 0
19 4 0
19 4 0
19 4 0
19 4 0
19 0 4
19 0 4
19 0 4
19 0 4
19 0 4
19 0 4
19 0 4
19 0 4
19 0 4
19 0 4
19 0 4
19 0 4
19 0 4
19 0 4
19 0 4
19 0 4
19 0 4
19 0 4
19 0 4
19 0 4
19 0 4
19 0 4
19 0 4
19 0 4
19 0 4
19 0 4
19 0 4
# estimated from=19, to=37, diff=90
20 -4 0
20 -4 0
20 -4 0
20 -4 0
20 -4 0
20 -4 0
20 -4 0
20 -4 0
20 -4 0
20 -4 0
20 -4 0
20 -4 0
20 -4 0
20 -4 0
20 -4 0
20 -4 0
20 -4 0
20 -4 0
20 -4 0
20 -4 0
20 -4 0
20 -4 0
20 -4 0
20 -4 0
20 -4 0
20 -4 0
20 -4 0
20 0 -4
20 0 -4
20 0 -4
20 0 -4
20 0 -4
20 0 -4
20 0 -4
20 0 -4
20 0 -4
20 0 -4
20 0 -4
20 0 -4
20 0 -4
20 0 -4
20 0 -4
20 0 -4
20 0 -4
20 0 -4
20 0 -4
20 0 -4
20 0 -4
20 0 -4
20 0 -4
20 0 -4
20 0 -4
20 0 -4
20 0 -4
20 4 0
20 4 0
20 4 0
20 4 0
20 4 0
20 4 0
20 4 0
20 4 0
20 4 0
20 4 0
20 4 0
20 4 0
20 4 0
20 4 0
20 4 0
20 4 0
20 4 0
20 4 0
20 4 0
20 4 0
20 4 0
20 4 0
20 4 0
20 4 0
20 4 0
20 4 0
20 4 0
20 0 4
20 0 4
20 0 4
20 0 4
20 0 4
20 0 4
20 0 4
20 0 4
20 0 4
20 0 4
20 0 4
20 0 4
20 0 4
20 0 4
20 0 4
20 0 4
20 0 4
20 0 4
20 0 4
20 0 4
20 0 4
20 0 4
20 0 4
20 0 4
20 0 4
20 0 4
20 0 4
# estimated from=20, to=2, diff=158
21 -4 0
21 -4 0
21 -4 0
21 -4 0
21 -4 0
21 -4 0
21 -4 0
21 -4 0
21 -4 0
21 -4 0
21 -4 0
21 -4 0
21 -4 0
21 -4 0
21 -4 0
21 -4 0
21 -4 0
21 -4 0
21 -4 0
21 -4 0
21 -4 0
21 -4 0
21 -4 0
21 -4 0
21 -4 0
21 -4 0
21 -4 0
21 0 -4
21 0 -4
21 0 -4
21 0 -4
21 0 -4
21 0 -4
21 0 -4
21 0 -4
21 0 -4
21 0 -4
21 0 -4
21 0 -4
21 0 -4
21 0 -4
21 0 -4
21 0 -4
21 0 -4
21 0 -4
21 0 -4
21 0 -4
21 0 -4
21 0 -4
21 0 -4
21 0 -4
21 0 -4
21 0 -4
21 0 -4
21 4 0
21 4 0
21 4 0
21 4 0
21 4 0
21 4 0
21 4 0
21 4 0
21 4 0
21 4 0
21 4 0
21 4 0
21 4 0
21 4 0
21 4 0
21 4 0
21 4 0
21 4 0
21 4 0
21 4 0
21 4 0
21 4 0
21 4 0
21 4 0
21 4 0
21 4 0
21 4 0
21 0 4
21 0 4
21 0 4
21 0 4
21 0 4
21 0 4
21 0 4
21 0 4
21 0 4
21 0 4
21 0 4
21 0 4
21 0 4
21 0 4
21 0 4
21 0 4
21 0 4
21 0 4
21 0 4
21 0 4
21 0 4
21 0 4
21 0 4
21 0 4
21 0 4
21 0 4
21 0 4
# estimated from=21, to=23, diff=144
22 -4 0
22 -4 0
22 -4 0
22 -4 0
22 -4 0
22 -4 0
22 -4 0
22 -4 0
22 -4 0
22 -4 0
22 -4 0
22 -4 0
22 -4 0
22 -4 0
22 -4 0
22 -4 0
22 -4 0
22 -4 0
22 -4 0
22 -4 0
22 -4 0
22 -4 0
22 -4 0
22 -4 0
22 -4 0
22 -4 0
22 -4 0
22 0 -4
22 0 -4
22 0 -4
22 0 -4
22 0 -4
22 0 -4
22 0 -4
22 0 -4
22 0 -4
22 0 -4
22 0 -4
22 0 -4
22 0 -4
22 0 -4
22 0 -4
22 0 -4
22 0 -4
22 0 -4
22 0 -4
22 0 -4
22 0 -4
22 0 -4
22 0 -4
22 0 -4
22 0 -4
22 0 -4
22 0 -4
22 4 0
22 4 0
22 4 0
22 4 0
22 4 0
22 4 0
22 4 0
22 4 0
22 4 0
22 4 0
22 4 0
22 4 0
22 4 0
22 4 0
22 4 0
22 4 0
22 4 0
22 4 0
22 4 0
22 4 0
22 4 0
22 4 0
22 4 0
22 4 0
22 4 0
22 4 0
22 4 0
22 0 4
22 0 4
22 0 4
22 0 4
22 0 4
22 0 4
22 0 4
22 0 4
22 0 4
22 0 4
22 0 4
22 0 4
22 0 4
22 0 4
22 0 4
22 0 4
22 0 4
22 0 4
22 0 4
22 0 4
22 0 4
22 0 4
22 0 4
22 0 4
22 0 4
22 0 4
22 0 4
# estimated from=22, to=50, diff=213
23 -4 0
23 -4 0
23 -4 0
23 -4 0
23 -4 0
23 -4 0
23 -4 0
23 -4 0
23 -4 0
23 -4 0
23 -4 0
23 -4 0
23 -4 0
23 -4 0
23 -4 0
23 -4 0
23 -4 0
23 -4 0
23 -4 0
23 -4 0
23 -4 0
23 -4 0
23 -4 0
23 -4 0
23 -4 0
23 -4 0
23 -4 0
23 0 -4
23 0 -4
23 0 -4
23 0 -4
23 0 -4
23 0 -4
23 0 -4
23 0 -4
23 0 -4
23 0 -4
23 0 -4
23 0 -4
23 0 -4
23 0 -4
23 0 -4
23 0 -4
23 0 -4
23 0 -4
23 0 -4
23 0 -4
23 0 -4
23 0 -4
23 0 -4
23 0 -4
23 0 -4
23 0 -4
23 0 -4
23 4 0
23 4 0
23 4 0
23 4 0
23 4 0
23 4 0
23 4 0
23 4 0
23 4 0
23 4 0
23 4 0
23 4 0
23 4 0
23 4 0
23 4 0
23 4 0
23 4 0
23 4 0
23 4 0
23 4 0
23 4 0
23 4 0
23 4 0
23 4 0
23 4 0
23 4 0
23 4 0
23 0 4
23 0 4
23 0 4
23 0 4
23 0 4
23 0 4
23 0 4
23 0 4
23 0 4
23 0 4
23 0 4
23 0 4
23 0 4
23 0 4
23 0 4
23 0 4
23 0 4
23 0 4
23 0 4
23 0 4
23 0 4
23 0 4
23 0 4
23 0 4
23 0 4
23 0 4
23 0 4
# estimated from=23, to=20, diff=106
24 -4 0
24 -4 0
24 -4 0
24 -4 0
24 -4 0
24 -4 0
24 -4 0
24 -4 0
24 -4 0
24 -4 0
24 -4 0
24 -4 0
24 -4 0
24 -4 0
24 -4 0
24 -4 0
24 -4 0
24 -4 0
24 -4 0
24 -4 0
24 -4 0
24 -4 0
24 -4 0
24 -4 0
24 -4 0
24 -4 0
24 -4 0
24 0 -4
24 0 -4
24 0 -4
24 0 -4
24 0 -4
24 0 -4
24 0 -4
24 0 -4
24 0 -4
24 0 -4
24 0 -4
24 0 -4
24 0 -4
24 0 -4
24 0 -4
24 0 -4
24 0 -4
24 0 -4
24 0 -4
24 0 -4
24 0 -4
24 0 -4
24 0 -4
24 0 -4
24 0 -4
24 0 -4
24 0 -4
24 4 0
24 4 0
24 4 0
24 4 0
24 4 0
24 4 0
24 4 0
24 4 0
24 4 0
24 4 0
24 4 0
24 4 0
24 4 0
24 4 0
24 4 0
24 4 0
24 4 0
24 4 0
24 4 0
24 4 0
24 4 0
24 4 0
24 4 0
24 4 0
24 4 0
24 4 0
24 4 0
24 0 4
24 0 4
24 0 4
24 0 4
24 0 4
24 0 4
24 0 4
24 0 4
24 0 4
24 0 4
24 0 4
24 0 4
24 0 4
24 0 4
24 0 4
24 0 4
24 0 4
24 0 4
24 0 4
24 0 4
24 0 4
24 0 4
24 0 4
24 0 4
24 0 4
24 0 4
24 0 4
# estimated from=24, to=19, diff=103
25 -4 0
25 -4 0
25 -4 0
25 -4 0
25 -4 0
25 -4 0
25 -4 0
25 -4 0
25 -4 0
25 -4 0
25 -4 0
25 -4 0
25 -4 0
25 -4 0
25 -4 0
25 -4 0
25 -4 0
25 -4 0
25 -4 0
25 -4 0
25 -4 0
25 -4 0
25 -4 0
25 -4 0
25 -4 0
25 -4 0
25 -4 0
25 0 -4
25 0 -4
25 0 -4
25 0 -4
25 0 -4
25 0 -4
25 0 -4
25 0 -4
25 0 -4
25 0 -4
25 0 -4
25 0 -4
25 0 -4
25 0 -4
25 0 -4
25 0 -4
25 0 -4
25 0 -4
25 0 -4
25 0 -4
25 0 -4
25 0 -4
25 0 -4
25 0 -4
25 0 -4
25 0 -4
25 0 -4
25 4 0
25 4 0
25 4 0
25 4 0
25 4 0
25 4 0
25 4 0
25 4 0
25 4 0
25 4 0
25 4 0
25 4 0
25 4 0
25 4 0
25 4 0
25 4 0
25 4 0
25 4 0
25 4 0
25 4 0
25 4 0
25 4 0
25 4 0
25 4 0
25 4 0
25 4 0
25 4 0
25 0 4
25 0 4
25 0 4
25 0 4
25 0 4
25 0 4
25 0 4
25 0 4
25 0 4
25 0 4
25 0 4
25 0 4
25 0 4
25 0 4
25 0 4
25 0 4
25 0 4
25 0 4
25 0 4
25 0 4
25 0 4
25 0 4
25 0 4
25 0 4
25 0 4
25 0 4
25 0 4
# estimated from=25, to=1, diff=182
26 -4 0
26 -4 0
26 -4 0
26 -4 0
26 -4 0
26 -4 0
26 -4 0
26 -4 0
26 -4 0
26 -4 0
26 -4 0
26 -4 0
26 -4 0
26 -4 0
26 -4 0
26 -4 0
26 -4 0
26 -4 0
26 -4 0
26 -4 0
26 -4 0
26 -4 0
26 -4 0
26 -4 0
26 -4 0
26 -4 0
26 -4 0
26 0 -4
26 0 -4
26 0 -4
26 0 -4
26 0 -4
26 0 -4
26 0 -4
26 0 -4
26 0 -4
26 0 -4
26 0 -4
26 0 -4
26 0 -4
26 0 -4
26 0 -4
26 0 -4
26 0 -4
26 0 -4
26 0 -4
26 0 -4
26 0 -4
26 0 -4
26 0 -4
26 0 -4
26 0 -4
26 0 -4
26 0 -4
26 4 0
26 4 0
26 4 0
26 4 0
26 4 0
26 4 0
26 4 0
26 4 0
26 4 0
26 4 0
26 4 0
26 4 0
26 4 0
26 4 0
26 4 0
26 4 0
26 4 0
26 4 0
26 4 0
26 4 0
26 4 0
26 4 0
26 4 0
26 4 0
26 4 0
26 4 0
26 4 0
26 0 4
26 0 4
26 0 4
26 0 4
26 0 4
26 0 4
26 0 4
26 0 4
26 0 4
26 0 4
26 0 4
26 0 4
26 0 4
26 0 4
26 0 4
26 0 4
26 0 4
26 0 4
26 0 4
26 0 4
26 0 4
26 0 4
26 0 4
26 0 4
26 0 4
26 0 4
26 0 4
# estimated from=26, to=39, diff=132
27 -4 0
27 -4 0
27 -4 0
27 -4 0
27 -4 0
27 -4 0
27 -4 0
27 -4 0
27 -4 0
27 -4 0
27 -4 0
27 -4 0
27 -4 0
27 -4 0
27 -4 0
27 -4 0
27 -4 0
27 -4 0
27 -4 0
27 -4 0
27 -4 0
27 -4 0
27 -4 0
27 -4 0
27 -4 0
27 -4 0
27 -4 0
27 0 -4
27 0 -4
27 0 -4
27 0 -4
27 0 -4
27 0 -4
27 0 -4
27 0 -4
27 0 -4
27 0 -4
27 0 -4
27 0 -4
27 0 -4
27 0 -4
27 0 -4
27 0 -4
27 0 -4
27 0 -4
27 0 -4
27 0 -4
27 0 -4
27 0 -4
27 0 -4
27 0 -4
27 0 -4
27 0 -4
27 0 -4
27 4 0
27 4 0
27 4 0
27 4 0
27 4 0
27 4 0
27 4 0
27 4 0
27 4 0
27 4 0
27 4 0
27 4 0
27 4 0
27 4 0
27 4 0
27 4 0
27 4 0
27 4 0
27 4 0
27 4 0
27 4 0
27 4 0
27 4 0
27 4 0
27 4 0
27 4 0
27 4 0
27 0 4
27 0 4
27 0 4
27 0 4
27 0 4
27 0 4
27 0 4
27 0 4
27 0 4
27 0 4
27 0 4
27 0 4
27 0 4
27 0 4
27 0 4
27 0 4
27 0 4
27 0 4
27 0 4
27 0 4
27 0 4
27 0 4
27 0 4
27 0 4
27 0 4
27 0 4
27 0 4
# estimated from=27, to=18, diff=48
28 -4 0
28 -4 0
28 -4 0
28 -4 0
28 -4 0
28 -4 0
28 -4 0
28 -4 0
28 -4 0
28 -4 0
28 -4 0
28 -4 0
28 -4 0
28 -4 0
28 -4 0
28 -4 0
28 -4 0
28 -4 0
28 -4 0
28 -4 0
28 -4 0
28 -4 0
28 -4 0
28 -4 0
28 -4 0
28 -4 0
28 -4 0
28 0 -4
28 0 -4
28 0 -4
28 0 -4
28 0 -4
28 0 -4
28 0 -4
28 0 -4
28 0 -4
28 0 -4
28 0 -4
28 0 -4
28 0 -4
28 0 -4
28 0 -4
28 0 -4
28 0 -4
28 0 -4
28 0 -4
28 0 -4
28 0 -4
28 0 -4
28 0 -4
28 0 -4
28 0 -4
28 0 -4
28 0 -4
28 4 0
28 4 0
28 4 0
28 4 0
28 4 0
28 4 0
28 4 0
28 4 0
28 4 0
28 4 0
28 4 0
28 4 0
28 4 0
28 4 0
28 4 0
28 4 0
28 4 0
28 4 0
28 4 0
28 4 0
28 4 0
28 4 0
28 4 0
28 4 0
28 4 0
28 4 0
28 4 0
28 0 4
28 0 4
28 0 4
28 0 4
28 0 4
28 0 4
28 0 4
28 0 4
28 0 4
28 0 4
28 0 4
28 0 4
28 0 4
28 0 4
28 0 4
28 0 4
28 0 4
28 0 4
28 0 4
28 0 4
28 0 4
28 0 4
28 0 4
28 0 4
28 0 4
28 0 4
28 0 4
# estimated from=28, to=34, diff=111
29 -4 0
29 -4 0
29 -4 0
29 -4 0
29 -4 0
29 -4 0
29 -4 0
29 -4 0
29 -4 0
29 -4 0
29 -4 0
29 -4 0
29 -4 0
29 -4 0
29 -4 0
29 -4 0
29 -4 0
29 -4 0
29 -4 0
29 -4 0
29 -4 0
29 -4 0
29 -4 0
29 -4 0
29 -4 0
29 -4 0
29 -4 0
29 0 -4
29 0 -4
29 0 -4
29 0 -4
29 0 -4
29 0 -4
29 0 -4
29 0 -4
29 0 -4
29 0 -4
29 0 -4
29 0 -4
29 0 -4
29 0 -4
29 0 -4
29 0 -4
29 0 -4
29 0 -4
29 0 -4
29 0 -4
29 0 -4
29 0 -4
29 0 -4
29 0 -4
29 0 -4
29 0 -4
29 0 -4
29 4 0
29 4 0
29 4 0
29 4 0
29 4 0
29 4 0
29 4 0
29 4 0
29 4 0
29 4 0
29 4 0
29 4 0
29 4 0
29 4 0
29 4 0
29 4 0
29 4 0
29 4 0
29 4 0
29 4 0
29 4 0
29 4 0
29 4 0
29 4 0
29 4 0
29 4 0
29 4 0
29 0 4
29 0 4
29 0 4
29 0 4
29 0 4
29 0 4
29 0 4
29 0 4
29 0 4
29 0 4
29 0 4
29 0 4
29 0 4
29 0 4
29 0 4
29 0 4
29 0 4
29 0 4
29 0 4
29 0 4
29 0 4
29 0 4
29 0 4
29 0 4
29 0 4
29 0 4
29 0 4
# estimated from=29, to=76, diff=117
30 -4 0
30 -4 0
30 -4 0
30 -4 0
30 -4 0
30 -4 0
30 -4 0
30 -4 0
30 -4 0
30 -4 0
30 -4 0
30 -4 0
30 -4 0
30 -4 0
30 -4 0
30 -4 0
30 -4 0
30 -4 0
30 -4 0
30 -4 0
30 -4 0
30 -4 0
30 -4 0
30 -4 0
30 -4 0
30 -4 0
30 -4 0
30 0 -4
30 0 -4
30 0 -4
30 0 -4
30 0 -4
30 0 -4
30 0 -4
30 0 -4
30 0 -4
30 0 -4
30 0 -4
30 0 -4
30 0 -4
30 0 -4
30 0 -4
30 0 -4
30 0 -4
30 0 -4
30 0 -4
30 0 -4
30 0 -4
30 0 -4
30 0 -4
30 0 -4
30 0 -4
30 0 -4
30 0 -4
30 4 0
30 4 0
30 4 0
30 4 0
30 4 0
30 4 0
30 4 0
30 4 0
30 4 0
30 4 0
30 4 0
30 4 0
30 4 0
30 4 0
30 4 0
30 4 0
30 4 0
30 4 0
30 4 0
30 4 0
30 4 0
30 4 0
30 4 0
30 4 0
30 4 0
30 4 0
30 4 0
30 0 4
30 0 4
30 0 4
30 0 4
30 0 4
30 0 4
30 0 4
30 0 4
30 0 4
30 0 4
30 0 4
30 0 4
30 0 4
30 0 4
30 0 4
30 0 4
30 0 4
30 0 4
30 0 4
30 0 4
30 0 4
30 0 4
30 0 4
30 0 4
30 0 4
30 0 4
30 0 4
# estimated from=30, to=72, diff=87
31 -4 0
31 -4 0
31 -4 0
31 -4 0
31 -4 0
31 -4 0
31 -4 0
31 -4 0
31 -4 0
31 -4 0
31 -4 0
31 -4 0
31 -4 0
31 -4 0
31 -4 0
31 -4 0
31 -4 0
31 -4 0
31 -4 0
31 -4 0
31 -4 0
31 -4 0
31 -4 0
31 -4 0
31 -4 0
31 -4 0
31 -4 0
31 0 -4
31 0 -4
31 0 -4
31 0 -4
31 0 -4
31 0 -4
31 0 -4
31 0 -4
31 0 -4
31 0 -4
31 0 -4
31 0 -4
31 0 -4
31 0 -4
31 0 -4
31 0 -4
31 0 -4
31 0 -4
31 0 -4
31 0 -4
31 0 -4
31 0 -4
31 0 -4
31 0 -4
31 0 -4
31 0 -4
31 0 -4
31 4 0
31 4 0
31 4 0
31 4 0
31 4 0
31 4 0
31 4 0
31 4 0
31 4 0
31 4 0
31 4 0
31 4 0
31 4 0
31 4 0
31 4 0
31 4 0
31 4 0
31 4 0
31 4 0
31 4 0
31 4 0
31 4 0
31 4 0
31 4 0
31 4 0
31 4 0
31 4 0
31 0 4
31 0 4
31 0 4
31 0 4
31 0 4
31 0 4
31 0 4
31 0 4
31 0 4
31 0 4
31 0 4
31 0 4
31 0 4
31 0 4
31 0 4
31 0 4
31 0 4
31 0 4
31 0 4
31 0 4
31 0 4
31 0 4
31 0 4
31 0 4
31 0 4
31 0 4
31 0 4
# estimated from=31, to=81, diff=113
32 -4 0
32 -4 0
32 -4 0
32 -4 0
32 -4 0
32 -4 0
32 -4 0
32 -4 0
32 -4 0
32 -4 0
32 -4 0
32 -4 0
32 -4 0
32 -4 0
32 -4 0
32 -4 0
32 -4 0
32 -4 0
32 -4 0
32 -4 0
32 -4 0
32 -4 0
32 -4 0
32 -4 0
32 -4 0
32 -4 0
32 -4 0
32 0 -4
32 0 -4
32 0 -4
32 0 -4
32 0 -4
32 0 -4
32 0 -4
32 0 -4
32 0 -4
32 0 -4
32 0 -4
32 0 -4
32 0 -4
32 0 -4
32 0 -4
32 0 -4
32 0 -4
32 0 -4
32 0 -4
32 0 -4
32 0 -4
32 0 -4
32 0 -4
32 0 -4
32 0 -4
32 0 -4
32 0 -4
32 4 0
32 4 0
32 4 0
32 4 0
32 4 0
32 4 0
32 4 0
32 4 0
32 4 0
32 4 0
32 4 0
32 4 0
32 4 0
32 4 0
32 4 0
32 4 0
32 4 0
32 4 0
32 4 0
32 4 0
32 4 0
32 4 0
32 4 0
32 4 0
32 4 0
32 4 0
32 4 0
32 0 4
32 0 4
32 0 4
32 0 4
32 0 4
32 0 4
32 0 4
32 0 4
32 0 4
32 0 4
32 0 4
32 0 4
32 0 4
32 0 4
32 0 4
32 0 4
32 0 4
32 0 4
32 0 4
32 0 4
32 0 4
32 0 4
32 0 4
32 0 4
32 0 4
32 0 4
32 0 4
# estimated from=32, to=40, diff=78
33 -4 0
33 -4 0
33 -4 0
33 -4 0
33 -4 0
33 -4 0
33 -4 0
33 -4 0
33 -4 0
33 -4 0
33 -4 0
33 -4 0
33 -4 0
33 -4 0
33 -4 0
33 -4 0
33 -4 0
33 -4 0
33 -4 0
33 -4 0
33 -4 0
33 -4 0
33 -4 0
33 -4 0
33 -4 0
33 -4 0
33 -4 0
33 0 -4
33 0 -4
33 0 -4
33 0 -4
33 0 -4
33 0 -4
33 0 -4
33 0 -4
33 0 -4
33 0 -4
33 0 -4
33 0 -4
33 0 -4
33 0 -4
33 0 -4
33 0 -4
33 0 -4
33 0 -4
33 0 -4
33 0 -4
33 0 -4
33 0 -4
33 0 -4
33 0 -4
33 0 -4
33 0 -4
33 0 -4
33 4 0
33 4 0
33 4 0
33 4 0
33 4 0
33 4 0
33 4 0
33 4 0
33 4 0
33 4 0
33 4 0
33 4 0
33 4 0
33 4 0
33 4 0
33 4 0
33 4 0
33 4 0
33 4 0
33 4 0
33 4 0
33 4 0
33 4 0
33 4 0
33 4 0
33 4 0
33 4 0
33 0 4
33 0 4
33 0 4
33 0 4
33 0 4
33 0 4
33 0 4
33 0 4
33 0 4
33 0 4
33 0 4
33 0 4
33 0 4
33 0 4
33 0 4
33 0 4
33 0 4
33 0 4
33 0 4
33 0 4
33 0 4
33 0 4
33 0 4
33 0 4
33 0 4
33 0 4
33 0 4
# estimated from=33, to=3, diff=121
34 -4 0
34 -4 0
34 -4 0
34 -4 0
34 -4 0
34 -4 0
34 -4 0
34 -4 0
34 -4 0
34 -4 0
34 -4 0
34 -4 0
34 -4 0
34 -4 0
34 -4 0
34 -4 0
34 -4 0
34 -4 0
34 -4 0
34 -4 0
34 -4 0
34 -4 0
34 -4 0
34 -4 0
34 -4 0
34 -4 0
34 -4 0
34 0 -4
34 0 -4
34 0 -4
34 0 -4
34 0 -4
34 0 -4
34 0 -4
34 0 -4
34 0 -4
34 0 -4
34 0 -4
34 0 -4
34 0 -4
34 0 -4
34 0 -4
34 0 -4
34 0 -4
34 0 -4
34 0 -4
34 0 -4
34 0 -4
34 0 -4
34 0 -4
34 0 -4
34 0 -4
34 0 -4
34 0 -4
34 4 0
34 4 0
34 4 0
34 4 0
34 4 0
34 4 0
34 4 0
34 4 0
34 4 0
34 4 0
34 4 0
34 4 0
34 4 0
34 4 0
34 4 0
34 4 0
34 4 0
34 4 0
34 4 0
34 4 0
34 4 0
34 4 0
34 4 0
34 4 0
34 4 0
34 4 0
34 4 0
34 0 4
34 0 4
34 0 4
34 0 4
34 0 4
34 0 4
34 0 4
34 0 4
34 0 4
34 0 4
34 0 4
34 0 4
34 0 4
34 0 4
34 0 4
34 0 4
34 0 4
34 0 4
34 0 4
34 0 4
34 0 4
34 0 4
34 0 4
34 0 4
34 0 4
34 0 4
34 0 4
# estimated from=34, to=6, diff=150
35 -4 0
35 -4 0
35 -4 0
35 -4 0
35 -4 0
35 -4 0
35 -4 0
35 -4 0
35 -4 0
35 -4 0
35 -4 0
35 -4 0
35 -4 0
35 -4 0
35 -4 0
35 -4 0
35 -4 0
35 -4 0
35 -4 0
35 -4 0
35 -4 0
35 -4 0
35 -4 0
35 -4 0
35 -4 0
35 -4 0
35 -4 0
35 0 -4
35 0 -4
35 0 -4
35 0 -4
35 0 -4
35 0 -4
35 0 -4
35 0 -4
35 0 -4
35 0 -4
35 0 -4
35 0 -4
35 0 -4
35 0 -4
35 0 -4
35 0 -4
35 0 -4
35 0 -4
35 0 -4
35 0 -4
35 0 -4
35 0 -4
35 0 -4
35 0 -4
35 0 -4
35 0 -4
35 0 -4
35 4 0
35 4 0
35 4 0
35 4 0
35 4 0
35 4 0
35 4 0
35 4 0
35 4 0
35 4 0
35 4 0
35 4 0
35 4 0
35 4 0
35 4 0
35 4 0
35 4 0
35 4 0
35 4 0
35 4 0
35 4 0
35 4 0
35 4 0
35 4 0
35 4 0
35 4 0
35 4 0
35 0 4
35 0 4
35 0 4
35 0 4
35 0 4
35 0 4
35 0 4
35 0 4
35 0 4
35 0 4
35 0 4
35 0 4
35 0 4
35 0 4
35 0 4
35 0 4
35 0 4
35 0 4
35 0 4
35 0 4
35 0 4
35 0 4
35 0 4
35 0 4
35 0 4
35 0 4
35 0 4
# estimated from=35, to=36, diff=84
36 -4 0
36 -4 0
36 -4 0
36 -4 0
36 -4 0
36 -4 0
36 -4 0
36 -4 0
36 -4 0
36 -4 0
36 -4 0
36 -4 0
36 -4 0
36 -4 0
36 -4 0
36 -4 0
36 -4 0
36 -4 0
36 -4 0
36 -4 0
36 -4 0
36 -4 0
36 -4 0
36 -4 0
36 -4 0
36 -4 0
36 -4 0
36 0 -4
36 0 -4
36 0 -4
36 0 -4
36 0 -4
36 0 -4
36 0 -4
36 0 -4
36 0 -4
36 0 -4
36 0 -4
36 0 -4
36 0 -4
36 0 -4
36 0 -4
36 0 -4
36 0 -4
36 0 -4
36 0 -4
36 0 -4
36 0 -4
36 0 -4
36 0 -4
36 0 -4
36 0 -4
36 0 -4
36 0 -4
36 4 0
36 4 0
36 4 0
36 4 0
36 4 0
36 4 0
36 4 0
36 4 0
36 4 0
36 4 0
36 4 0
36 4 0
36 4 0
36 4 0
36 4 0
36 4 0
36 4 0
36 4 0
36 4 0
36 4 0
36 4 0
36 4 0
36 4 0
36 4 0
36 4 0
36 4 0
36 4 0
36 0 4
36 0 4
36 0 4
36 0 4
36 0 4
36 0 4
36 0 4
36 0 4
36 0 4
36 0 4
36 0 4
36 0 4
36 0 4
36 0 4
36 0 4
36 0 4
36 0 4
36 0 4
36 0 4
36 0 4
36 0 4
36 0 4
36 0 4
36 0 4
36 0 4
36 0 4
36 0 4
# estimated from=36, to=58, diff=147
37 -4 0
37 -4 0
37 -4 0
37 -4 0
37 -4 0
37 -4 0
37 -4 0
37 -4 0
37 -4 0
37 -4 0
37 -4 0
37 -4 0
37 -4 0
37 -4 0
37 -4 0
37 -4 0
37 -4 0
37 -4 0
37 -4 0
37 -4 0
37 -4 0
37 -4 0
37 -4 0
37 -4 0
37 -4 0
37 -4 0
37 -4 0
37 0 -4
37 0 -4
37 0 -4
37 0 -4
37 0 -4
37 0 -4
37 0 -4
37 0 -4
37 0 -4
37 0 -4
37 0 -4
37 0 -4
37 0 -4
37 0 -4
37 0 -4
37 0 -4
37 0 -4
37 0 -4
37 0 -4
37 0 -4
37 0 -4
37 0 -4
37 0 -4
37 0 -4
37 0 -4
37 0 -4
37 0 -4
37 4 0
37 4 0
37 4 0
37 4 0
37 4 0
37 4 0
37 4 0
37 4 0
37 4 0
37 4 0
37 4 0
37 4 0
37 4 0
37 4 0
37 4 0
37 4 0
37 4 0
37 4 0
37 4 0
37 4 0
37 4 0
37 4 0
37 4 0
37 4 0
37 4 0
37 4 0
37 4 0
37 0 4
37 0 4
37 0 4
37 0 4
37 0 4
37 0 4
37 0 4
37 0 4
37 0 4
37 0 4
37 0 4
37 0 4
37 0 4
37 0 4
37 0 4
37 0 4
37 0 4
37 0 4
37 0 4
37 0 4
37 0 4
37 0 4
37 0 4
37 0 4
37 0 4
37 0 4
37 0 4
# estimated from=37, to=56, diff=80
38 -4 0
38 -4 0
38 -4 0
38 -4 0
38 -4 0
38 -4 0
38 -4 0
38 -4 0
38 -4 0
38 -4 0
38 -4 0
38 -4 0
38 -4 0
38 -4 0
38 -4 0
38 -4 0
38 -4 0
38 -4 0
38 -4 0
38 -4 0
38 -4 0
38 -4 0
38 -4 0
38 -4 0
38 -4 0
38 -4 0
38 -4 0
38 0 -4
38 0 -4
38 0 -4
38 0 -4
38 0 -4
38 0 -4
38 0 -4
38 0 -4
38 0 -4
38 0 -4
38 0 -4
38 0 -4
38 0 -4
38 0 -4
38 0 -4
38 0 -4
38 0 -4
38 0 -4
38 0 -4
38 0 -4
38 0 -4
38 0 -4
38 0 -4
38 0 -4
38 0 -4
38 0 -4
38 0 -4
38 4 0
38 4 0
38 4 0
38 4 0
38 4 0
38 4 0
38 4 0
38 4 0
38 4 0
38 4 0
38 4 0
38 4 0
38 4 0
38 4 0
38 4 0
38 4 0
38 4 0
38 4 0
38 4 0
38 4 0
38 4 0
38 4 0
38 4 0
38 4 0
38 4 0
38 4 0
38 4 0
38 0 4
38 0 4
38 0 4
38 0 4
38 0 4
38 0 4
38 0 4
38 0 4
38 0 4
38 0 4
38 0 4
38 0 4
38 0 4
38 0 4
38 0 4
38 0 4
38 0 4
38 0 4
38 0 4
38 0 4
38 0 4
38 0 4
38 0 4
38 0 4
38 0 4
38 0 4
38 0 4
# estimated from=38, to=12, diff=153
39 -4 0
39 -4 0
39 -4 0
39 -4 0
39 -4 0
39 -4 0
39 -4 0
39 -4 0
39 -4 0
39 -4 0
39 -4 0
39 -4 0
39 -4 0
39 -4 0
39 -4 0
39 -4 0
39 -4 0
39 -4 0
39 -4 0
39 -4 0
39 -4 0
39 -4 0
39 -4 0
39 -4 0
39 -4 0
39 -4 0
39 -4 0
39 0 -4
39 0 -4
39 0 -4
39 0 -4
39 0 -4
39 0 -4
39 0 -4
39 0 -4
39 0 -4
39 0 -4
39 0 -4
39 0 -4
39 0 -4
39 0 -4
39 0 -4
39 0 -4
39 0 -4
39 0 -4
39 0 -4
39 0 -4
39 0 -4
39 0 -4
39 0 -4
39 0 -4
39 0 -4
39 0 -4
39 0 -4
39 4 0
39 4 0
39 4 0
39 4 0
39 4 0
39 4 0
39 4 0
39 4 0
39 4 0
39 4 0
39 4 0
39 4 0
39 4 0
39 4 0
39 4 0
39 4 0
39 4 0
39 4 0
39 4 0
39 4 0
39 4 0
39 4 0
39 4 0
39 4 0
39 4 0
39 4 0
39 4 0
39 0 4
39 0 4
39 0 4
39 0 4
39 0 4
39 0 4
39 0 4
39 0 4
39 0 4
39 0 4
39 0 4
39 0 4
39 0 4
39 0 4
39 0 4
39 0 4
39 0 4
39 0 4
39 0 4
39 0 4
39 0 4
39 0 4
39 0 4
39 0 4
39 0 4
39 0 4
39 0 4
# estimated from=39, to=15, diff=129
40 -4 0
40 -4 0
40 -4 0
40 -4 0
40 -4 0
40 -4 0
40 -4 0
40 -4 0
40 -4 0
40 -4 0
40 -4 0
40 -4 0
40 -4 0
40 -4 0
40 -4 0
40 -4 0
40 -4 0
40 -4 0
40 -4 0
40 -4 0
40 -4 0
40 -4 0
40 -4 0
40 -4 0
40 -4 0
40 -4 0
40 -4 0
40 0 -4
40 0 -4
40 0 -4
40 0 -4
40 0 -4
40 0 -4
40 0 -4
40 0 -4
40 0 -4
40 0 -4
40 0 -4
40 0 -4
40 0 -4
40 0 -4
40 0 -4
40 0 -4
40 0 -4
40 0 -4
40 0 -4
40 0 -4
40 0 -4
40 0 -4
40 0 -4
40 0 -4
40 0 -4
40 0 -4
40 0 -4
40 4 0
40 4 0
40 4 0
40 4 0
40 4 0
40 4 0
40 4 0
40 4 0
40 4 0
40 4 0
40 4 0
40 4 0
40 4 0
40 4 0
40 4 0
40 4 0
40 4 0
40 4 0
40 4 0
40 4 0
40 4 0
40 4 0
40 4 0
40 4 0
40 4 0
40 4 0
40 4 0
40 0 4
40 0 4
40 0 4
40 0 4
40 0 4
40 0 4
40 0 4
40 0 4
40 0 4
40 0 4
40 0 4
40 0 4
40 0 4
40 0 4
40 0 4
40 0 4
40 0 4
40 0 4
40 0 4
40 0 4
40 0 4
40 0 4
40 0 4
40 0 4
40 0 4
40 0 4
40 0 4
# estimated from=40, to=85, diff=40
41 -4 0
41 -4 0
41 -4 0
41 -4 0
41 -4 0
41 -4 0
41 -4 0
41 -4 0
41 -4 0
41 -4 0
41 -4 0
41 -4 0
41 -4 0
41 -4 0
41 -4 0
41 -4 0
41 -4 0
41 -4 0
41 -4 0
41 -4 0
41 -4 0
41 -4 0
41 -4 0
41 -4 0
41 -4 0
41 -4 0
41 -4 0
41 0 -4
41 0 -4
41 0 -4
41 0 -4
41 0 -4
41 0 -4
41 0 -4
41 0 -4
41 0 -4
41 0 -4
41 0 -4
41 0 -4
41 0 -4
41 0 -4
41 0 -4
41 0 -4
41 0 -4
41 0 -4
41 0 -4
41 0 -4
41 0 -4
41 0 -4
41 0 -4
41 0 -4
41 0 -4
41 0 -4
41 0 -4
41 4 0
41 4 0
41 4 0
41 4 0
41 4 0
41 4 0
41 4 0
41 4 0
41 4 0
41 4 0
41 4 0
41 4 0
41 4 0
41 4 0
41 4 0
41 4 0
41 4 0
41 4 0
41 4 0
41 4 0
41 4 0
41 4 0
41 4 0
41 4 0
41 4 0
41 4 0
41 4 0
41 0 4
41 0 4
41 0 4
41 0 4
41 0 4
41 0 4
41 0 4
41 0 4
41 0 4
41 0 4
41 0 4
41 0 4
41 0 4
41 0 4
41 0 4
41 0 4
41 0 4
41 0 4
41 0 4
41 0 4
41 0 4
41 0 4
41 0 4
41 0 4
41 0 4
41 0 4
41 0 4
# estimated from=41, to=64, diff=53
42 -4 0
42 -4 0
42 -4 0
42 -4 0
42 -4 0
42 -4 0
42 -4 0
42 -4 0
42 -4 0
42 -4 0
42 -4 0
42 -4 0
42 -4 0
42 -4 0
42 -4 0
42 -4 0
42 -4 0
42 -4 0
42 -4 0
42 -4 0
42 -4 0
42 -4 0
42 -4 0
42 -4 0
42 -4 0
42 -4 0
42 -4 0
42 0 -4
42 0 -4
42 0 -4
42 0 -4
42 0 -4
42 0 -4
42 0 -4
42 0 -4
42 0 -4
42 0 -4
42 0 -4
42 0 -4
42 0 -4
42 0 -4
42 0 -4
42 0 -4
42 0 -4
42 0 -4
42 0 -4
42 0 -4
42 0 -4
42 0 -4
42 0 -4
42 0 -4
42 0 -4
42 0 -4
42 0 -4
42 4 0
42 4 0
42 4 0
42 4 0
42 4 0
42 4 0
42 4 0
42 4 0
42 4 0
42 4 0
42 4 0
42 4 0
42 4 0
42 4 0
42 4 0
42 4 0
42 4 0
42 4 0
42 4 0
42 4 0
42 4 0
42 4 0
42 4 0
42 4 0
42 4 0
42 4 0
42 4 0
42 0 4
42 0 4
42 0 4
42 0 4
42 0 4
42 0 4
42 0 4
42 0 4
42 0 4
42 0 4
42 0 4
42 0 4
42 0 4
42 0 4
42 0 4
42 0 4
42 0 4
42 0 4
42 0 4
42 0 4
42 0 4
42 0 4
42 0 4
42 0 4
42 0 4
42 0 4
42 0 4
# estimated from=42, to=65, diff=105
43 -4 0
43 -4 0
43 -4 0
43 -4 0
43 -4 0
43 -4 0
43 -4 0
43 -4 0
43 -4 0
43 -4 0
43 -4 0
43 -4 0
43 -4 0
43 -4 0
43 -4 0
43 -4 0
43 -4 0
43 -4 0
43 -4 0
43 -4 0
43 -4 0
43 -4 0
43 -4 0
43 -4 0
43 -4 0
43 -4 0
43 -4 0
43 0 -4
43 0 -4
43 0 -4
43 0 -4
43 0 -4
43 0 -4
43 0 -4
43 0 -4
43 0 -4
43 0 -4
43 0 -4
43 0 -4
43 0 -4
43 0 -4
43 0 -4
43 0 -4
43 0 -4
43 0 -4
43 0 -4
43 0 -4
43 0 -4
43 0 -4
43 0 -4
43 0 -4
43 0 -4
43 0 -4
43 0 -4
43 4 0
43 4 0
43 4 0
43 4 0
43 4 0
43 4 0
43 4 0
43 4 0
43 4 0
43 4 0
43 4 0
43 4 0
43 4 0
43 4 0
43 4 0
43 4 0
43 4 0
43 4 0
43 4 0
43 4 0
43 4 0
43 4 0
43 4 0
43 4 0
43 4 0
43 4 0
43 4 0
43 0 4
43 0 4
43 0 4
43 0 4
43 0 4
43 0 4
43 0 4
43 0 4
43 0 4
43 0 4
43 0 4
43 0 4
43 0 4
43 0 4
43 0 4
43 0 4
43 0 4
43 0 4
43 0 4
43 0 4
43 0 4
43 0 4
43 0 4
43 0 4
43 0 4
43 0 4
43 0 4
# estimated from=43, to=39, diff=117
44 -4 0
44 -4 0
44 -4 0
44 -4 0
44 -4 0
44 -4 0
44 -4 0
44 -4 0
44 -4 0
44 -4 0
44 -4 0
44 -4 0
44 -4 0
44 -4 0
44 -4 0
44 -4 0
44 -4 0
44 -4 0
44 -4 0
44 -4 0
44 -4 0
44 -4 0
44 -4 0
44 -4 0
44 -4 0
44 -4 0
44 -4 0
44 0 -4
44 0 -4
44 0 -4
44 0 -4
44 0 -4
44 0 -4
44 0 -4
44 0 -4
44 0 -4
44 0 -4
44 0 -4
44 0 -4
44 0 -4
44 0 -4
44 0 -4
44 0 -4
44 0 -4
44 0 -4
44 0 -4
44 0 -4
44 0 -4
44 0 -4
44 0 -4
44 0 -4
44 0 -4
44 0 -4
44 0 -4
44 4 0
44 4 0
44 4 0
44 4 0
44 4 0
44 4 0
44 4 0
44 4 0
44 4 0
44 4 0
44 4 0
44 4 0
44 4 0
44 4 0
44 4 0
44 4 0
44 4 0
44 4 0
44 4 0
44 4 0
44 4 0
44 4 0
44 4 0
44 4 0
44 4 0
44 4 0
44 4 0
44 0 4
44 0 4
44 0 4
44 0 4
44 0 4
44 0 4
44 0 4
44 0 4
44 0 4
44 0 4
44 0 4
44 0 4
44 0 4
44 0 4
44 0 4
44 0 4
44 0 4
44 0 4
44 0 4
44 0 4
44 0 4
44 0 4
44 0 4
44 0 4
44 0 4
44 0 4
44 0 4
# estimated from=44, to=28, diff=104
45 -4 0
45 -4 0
45 -4 0
45 -4 0
45 -4 0
45 -4 0
45 -4 0
45 -4 0
45 -4 0
45 -4 0
45 -4 0
45 -4 0
45 -4 0
45 -4 0
45 -4 0
45 -4 0
45 -4 0
45 -4 0
45 -4 0
45 -4 0
45 -4 0
45 -4 0
45 -4 0
45 -4 0
45 -4 0
45 -4 0
45 -4 0
45 0 -4
45 0 -4
45 0 -4
45 0 -4
45 0 -4
45 0 -4
45 0 -4
45 0 -4
45 0 -4
45 0 -4
45 0 -4
45 0 -4
45 0 -4
45 0 -4
45 0 -4
45 0 -4
45 0 -4
45 0 -4
45 0 -4
45 0 -4
45 0 -4
45 0 -4
45 0 -4
45 0 -4
45 0 -4
45 0 -4
45 0 -4
45 4 0
45 4 0
45 4 0
45 4 0
45 4 0
45 4 0
45 4 0
45 4 0
45 4 0
45 4 0
45 4 0
45 4 0
45 4 0
45 4 0
45 4 0
45 4 0
45 4 0
45 4 0
45 4 0
45 4 0
45 4 0
45 4 0
45 4 0
45 4 0
45 4 0
45 4 0
45 4 0
45 0 4
45 0 4
45 0 4
45 0 4
45 0 4
45 0 4
45 0 4
45 0 4
45 0 4
45 0 4
45 0 4
45 0 4
45 0 4
45 0 4
45 0 4
45 0 4
45 0 4
45 0 4
45 0 4
45 0 4
45 0 4
45 0 4
45 0 4
45 0 4
45 0 4
45 0 4
45 0 4
# estimated from=45, to=55, diff=184
46 -4 0
46 -4 0
46 -4 0
46 -4 0
46 -4 0
46 -4 0
46 -4 0
46 -4 0
46 -4 0
46 -4 0
46 -4 0
46 -4 0
46 -4 0
46 -4 0
46 -4 0
46 -4 0
46 -4 0
46 -4 0
46 -4 0
46 -4 0
46 -4 0
46 -4 0
46 -4 0
46 -4 0
46 -4 0
46 -4 0
46 -4 0
46 0 -4
46 0 -4
46 0 -4
46 0 -4
46 0 -4
46 0 -4
46 0 -4
46 0 -4
46 0 -4
46 0 -4
46 0 -4
46 0 -4
46 0 -4
46 0 -4
46 0 -4
46 0 -4
46 0 -4
46 0 -4
46 0 -4
46 0 -4
46 0 -4
46 0 -4
46 0 -4
46 0 -4
46 0 -4
46 0 -4
46 0 -4
46 4 0
46 4 0
46 4 0
46 4 0
46 4 0
46 4 0
46 4 0
46 4 0
46 4 0
46 4 0
46 4 0
46 4 0
46 4 0
46 4 0
46 4 0
46 4 0
46 4 0
46 4 0
46 4 0
46 4 0
46 4 0
46 4 0
46 4 0
46 4 0
46 4 0
46 4 0
46 4 0
46 0 4
46 0 4
46 0 4
46 0 4
46 0 4
46 0 4
46 0 4
46 0 4
46 0 4
46 0 4
46 0 4
46 0 4
46 0 4
46 0 4
46 0 4
46 0 4
46 0 4
46 0 4
46 0 4
46 0 4
46 0 4
46 0 4
46 0 4
46 0 4
46 0 4
46 0 4
46 0 4
# estimated from=46, to=15, diff=79
47 -4 0
47 -4 0
47 -4 0
47 -4 0
47 -4 0
47 -4 0
47 -4 0
47 -4 0
47 -4 0
47 -4 0
47 -4 0
47 -4 0
47 -4 0
47 -4 0
47 -4 0
47 -4 0
47 -4 0
47 -4 0
47 -4 0
47 -4 0
47 -4 0
47 -4 0
47 -4 0
47 -4 0
47 -4 0
47 -4 0
47 -4 0
47 0 -4
47 0 -4
47 0 -4
47 0 -4
47 0 -4
47 0 -4
47 0 -4
47 0 -4
47 0 -4
47 0 -4
47 0 -4
47 0 -4
47 0 -4
47 0 -4
47 0 -4
47 0 -4
47 0 -4
47 0 -4
47 0 -4
47 0 -4
47 0 -4
47 0 -4
47 0 -4
47 0 -4
47 0 -4
47 0 -4
47 0 -4
47 4 0
47 4 0
47 4 0
47 4 0
47 4 0
47 4 0
47 4 0
47 4 0
47 4 0
47 4 0
47 4 0
47 4 0
47 4 0
47 4 0
47 4 0
47 4 0
47 4 0
47 4 0
47 4 0
47 4 0
47 4 0
47 4 0
47 4 0
47 4 0
47 4 0
47 4 0
47 4 0
47 0 4
47 0 4
47 0 4
47 0 4
47 0 4
47 0 4
47 0 4
47 0 4
47 0 4
47 0 4
47 0 4
47 0 4
47 0 4
47 0 4
47 0 4
47 0 4
47 0 4
47 0 4
47 0 4
47 0 4
47 0 4
47 0 4
47 0 4
47 0 4
47 0 4
47 0 4
47 0 4
# estimated from=47, to=16, diff=132
48 -4 0
48 -4 0
48 -4 0
48 -4 0
48 -4 0
48 -4 0
48 -4 0
48 -4 0
48 -4 0
48 -4 0
48 -4 0
48 -4 0
48 -4 0
48 -4 0
48 -4 0
48 -4 0
48 -4 0
48 -4 0
48 -4 0
48 -4 0
48 -4 0
48 -4 0
48 -4 0
48 -4 0
48 -4 0
48 -4 0
48 -4 0
48 0 -4
48 0 -4
48 0 -4
48 0 -4
48 0 -4
48 0 -4
48 0 -4
48 0 -4
48 0 -4
48 0 -4
48 0 -4
48 0 -4
48 0 -4
48 0 -4
48 0 -4
48 0 -4
48 0 -4
48 0 -4
48 0 -4
48 0 -4
48 0 -4
48 0 -4
48 0 -4
48 0 -4
48 0 -4
48 0 -4
48 0 -4
48 4 0
48 4 0
48 4 0
48 4 0
48 4 0
48 4 0
48 4 0
48 4 0
48 4 0
48 4 0
48 4 0
48 4 0
48 4 0
48 4 0
48 4 0
48 4 0
48 4 0
48 4 0
48 4 0
48 4 0
48 4 0
48 4 0
48 4 0
48 4 0
48 4 0
48 4 0
48 4 0
48 0 4
48 0 4
48 0 4
48 0 4
48 0 4
48 0 4
48 0 4
48 0 4
48 0 4
48 0 4
48 0 4
48 0 4
48 0 4
48 0 4
48 0 4
48 0 4
48 0 4
48 0 4
48 0 4
48 0 4
48 0 4
48 0 4
48 0 4
48 0 4
48 0 4
48 0 4
48 0 4
# estimated from=48, to=35, diff=85
49 -4 0
49 -4 0
49 -4 0
49 -4 0
49 -4 0
49 -4 0
49 -4 0
49 -4 0
49 -4 0
49 -4 0
49 -4 0
49 -4 0
49 -4 0
49 -4 0
49 -4 0
49 -4 0
49 -4 0
49 -4 0
49 -4 0
49 -4 0
49 -4 0
49 -4 0
49 -4 0
49 -4 0
49 -4 0
49 -4 0
49 -4 0
49 0 -4
49 0 -4
49 0 -4
49 0 -4
49 0 -4
49 0 -4
49 0 -4
49 0 -4
49 0 -4
49 0 -4
49 0 -4
49 0 -4
49 0 -4
49 0 -4
49 0 -4
49 0 -4
49 0 -4
49 0 -4
49 0 -4
49 0 -4
49 0 -4
49 0 -4
49 0 -4
49 0 -4
49 0 -4
49 0 -4
49 0 -4
49 4 0
49 4 0
49 4 0
49 4 0
49 4 0
49 4 0
49 4 0
49 4 0
49 4 0
49 4 0
49 4 0
49 4 0
49 4 0
49 4 0
49 4 0
49 4 0
49 4 0
49 4 0
49 4 0
49 4 0
49 4 0
49 4 0
49 4 0
49 4 0
49 4 0
49 4 0
49 4 0
49 0 4
49 0 4
49 0 4
49 0 4
49 0 4
49 0 4
49 0 4
49 0 4
49 0 4
49 0 4
49 0 4
49 0 4
49 0 4
49 0 4
49 0 4
49 0 4
49 0 4
49 0 4
49 0 4
49 0 4
49 0 4
49 0 4
49 0 4
49 0 4
49 0 4
49 0 4
49 0 4
# estimated from=49, to=79, diff=97
50 -4 0
50 -4 0
50 -4 0
50 -4 0
50 -4 0
50 -4 0
50 -4 0
50 -4 0
50 -4 0
50 -4 0
50 -4 0
50 -4 0
50 -4 0
50 -4 0
50 -4 0
50 -4 0
50 -4 0
50 -4 0
50 -4 0
50 -4 0
50 -4 0
50 -4 0
50 -4 0
50 -4 0
50 -4 0
50 -4 0
50 -4 0
50 0 -4
50 0 -4
50 0 -4
50 0 -4
50 0 -4
50 0 -4
50 0 -4
50 0 -4
50 0 -4
50 0 -4
50 0 -4
50 0 -4
50 0 -4
50 0 -4
50 0 -4
50 0 -4
50 0 -4
50 0 -4
50 0 -4
50 0 -4
50 0 -4
50 0 -4
50 0 -4
50 0 -4
50 0 -4
50 0 -4
50 0 -4
50 4 0
50 4 0
50 4 0
50 4 0
50 4 0
50 4 0
50 4 0
50 4 0
50 4 0
50 4 0
50 4 0
50 4 0
50 4 0
50 4 0
50 4 0
50 4 0
50 4 0
50 4 0
50 4 0
50 4 0
50 4 0
50 4 0
50 4 0
50 4 0
50 4 0
50 4 0
50 4 0
50 0 4
50 0 4
50 0 4
50 0 4
50 0 4
50 0 4
50 0 4
50 0 4
50 0 4
50 0 4
50 0 4
50 0 4
50 0 4
50 0 4
50 0 4
50 0 4
50 0 4
50 0 4
50 0 4
50 0 4
50 0 4
50 0 4
50 0 4
50 0 4
50 0 4
50 0 4
50 0 4
# estimated from=50, to=32, diff=175
51 -4 0
51 -4 0
51 -4 0
51 -4 0
51 -4 0
51 -4 0
51 -4 0
51 -4 0
51 -4 0
51 -4 0
51 -4 0
51 -4 0
51 -4 0
51 -4 0
51 -4 0
51 -4 0
51 -4 0
51 -4 0
51 -4 0
51 -4 0
51 -4 0
51 -4 0
51 -4 0
51 -4 0
51 -4 0
51 -4 0
51 -4 0
51 0 -4
51 0 -4
51 0 -4
51 0 -4
51 0 -4
51 0 -4
51 0 -4
51 0 -4
51 0 -4
51 0 -4
51 0 -4
51 0 -4
51 0 -4
51 0 -4
51 0 -4
51 0 -4
51 0 -4
51 0 -4
51 0 -4
51 0 -4
51 0 -4
51 0 -4
51 0 -4
51 0 -4
51 0 -4
51 0 -4
51 0 -4
51 4 0
51 4 0
51 4 0
51 4 0
51 4 0
51 4 0
51 4 0
51 4 0
51 4 0
51 4 0
51 4 0
51 4 0
51 4 0
51 4 0
51 4 0
51 4 0
51 4 0
51 4 0
51 4 0
51 4 0
51 4 0
51 4 0
51 4 0
51 4 0
51 4 0
51 4 0
51 4 0
51 0 4
51 0 4
51 0 4
51 0 4
51 0 4
51 0 4
51 0 4
51 0 4
51 0 4
51 0 4
51 0 4
51 0 4
51 0 4
51 0 4
51 0 4
51 0 4
51 0 4
51 0 4
51 0 4
51 0 4
51 0 4
51 0 4
51 0 4
51 0 4
51 0 4
51 0 4
51 0 4
# estimated from=51, to=25, diff=177
52 -4 0
52 -4 0
52 -4 0
52 -4 0
52 -4 0
52 -4 0
52 -4 0
52 -4 0
52 -4 0
52 -4 0
52 -4 0
52 -4 0
52 -4 0
52 -4 0
52 -4 0
52 -4 0
52 -4 0
52 -4 0
52 -4 0
52 -4 0
52 -4 0
52 -4 0
52 -4 0
52 -4 0
52 -4 0
52 -4 0
52 -4 0
52 0 -4
52 0 -4
52 0 -4
52 0 -4
52 0 -4
52 0 -4
52 0 -4
52 0 -4
52 0 -4
52 0 -4
52 0 -4
52 0 -4
52 0 -4
52 0 -4
52 0 -4
52 0 -4
52 0 -4
52 0 -4
52 0 -4
52 0 -4
52 0 -4
52 0 -4
52 0 -4
52 0 -4
52 0 -4
52 0 -4
52 0 -4
52 4 0
52 4 0
52 4 0
52 4 0
52 4 0
52 4 0
52 4 0
52 4 0
52 4 0
52 4 0
52 4 0
52 4 0
52 4 0
52 4 0
52 4 0
52 4 0
52 4 0
52 4 0
52 4 0
52 4 0
52 4 0
52 4 0
52 4 0
52 4 0
52 4 0
52 4 0
52 4 0
52 0 4
52 0 4
52 0 4
52 0 4
52 0 4
52 0 4
52 0 4
52 0 4
52 0 4
52 0 4
52 0 4
52 0 4
52 0 4
52 0 4
52 0 4
52 0 4
52 0 4
52 0 4
52 0 4
52 0 4
52 0 4
52 0 4
52 0 4
52 0 4
52 0 4
52 0 4
52 0 4
# estimated from=52, to=42, diff=172
53 -4 0
53 -4 0
53 -4 0
53 -4 0
53 -4 0
53 -4 0
53 -4 0
53 -4 0
53 -4 0
53 -4 0
53 -4 0
53 -4 0
53 -4 0
53 -4 0
53 -4 0
53 -4 0
53 -4 0
53 -4 0
53 -4 0
53 -4 0
53 -4 0
53 -4 0
53 -4 0
53 -4 0
53 -4 0
53 -4 0
53 -4 0
53 0 -4
53 0 -4
53 0 -4
53 0 -4
53 0 -4
53 0 -4
53 0 -4
53 0 -4
53 0 -4
53 0 -4
53 0 -4
53 0 -4
53 0 -4
53 0 -4
53 0 -4
53 0 -4
53 0 -4
53 0 -4
53 0 -4
53 0 -4
53 0 -4
53 0 -4
53 0 -4
53 0 -4
53 0 -4
53 0 -4
53 0 -4
53 4 0
53 4 0
53 4 0
53 4 0
53 4 0
53 4 0
53 4 0
53 4 0
53 4 0
53 4 0
53 4 0
53 4 0
53 4 0
53 4 0
53 4 0
53 4 0
53 4 0
53 4 0
53 4 0
53 4 0
53 4 0
53 4 0
53 4 0
53 4 0
53 4 0
53 4 0
53 4 0
53 0 4
53 0 4
53 0 4
53 0 4
53 0 4
53 0 4
53 0 4
53 0 4
53 0 4
53 0 4
53 0 4
53 0 4
53 0 4
53 0 4
53 0 4
53 0 4
53 0 4
53 0 4
53 0 4
53 0 4
53 0 4
53 0 4
53 0 4
53 0 4
53 0 4
53 0 4
53 0 4
# estimated from=53, to=88, diff=131
54 -4 0
54 -4 0
54 -4 0
54 -4 0
54 -4 0
54 -4 0
54 -4 0
54 -4 0
54 -4 0
54 -4 0
54 -4 0
54 -4 0
54 -4 0
54 -4 0
54 -4 0
54 -4 0
54 -4 0
54 -4 0
54 -4 0
54 -4 0
54 -4 0
54 -4 0
54 -4 0
54 -4 0
54 -4 0
54 -4 0
54 -4 0
54 0 -4
54 0 -4
54 0 -4
54 0 -4
54 0 -4
54 0 -4
54 0 -4
54 0 -4
54 0 -4
54 0 -4
54 0 -4
54 0 -4
54 0 -4
54 0 -4
54 0 -4
54 0 -4
54 0 -4
54 0 -4
54 0 -4
54 0 -4
54 0 -4
54 0 -4
54 0 -4
54 0 -4
54 0 -4
54 0 -4
54 0 -4
54 4 0
54 4 0
54 4 0
54 4 0
54 4 0
54 4 0
54 4 0
54 4 0
54 4 0
54 4 0
54 4 0
54 4 0
54 4 0
54 4 0
54 4 0
54 4 0
54 4 0
54 4 0
54 4 0
54 4 0
54 4 0
54 4 0
54 4 0
54 4 0
54 4 0
54 4 0
54 4 0
54 0 4
54 0 4
54 0 4
54 0 4
54 0 4
54 0 4
54 0 4
54 0 4
54 0 4
54 0 4
54 0 4
54 0 4
54 0 4
54 0 4
54 0 4
54 0 4
54 0 4
54 0 4
54 0 4
54 0 4
54 0 4
54 0 4
54 0 4
54 0 4
54 0 4
54 0 4
54 0 4
# estimated from=54, to=11, diff=201
55 -4 0
55 -4 0
55 -4 0
55 -4 0
55 -4 0
55 -4 0
55 -4 0
55 -4 0
55 -4 0
55 -4 0
55 -4 0
55 -4 0
55 -4 0
55 -4 0
55 -4 0
55 -4 0
55 -4 0
55 -4 0
55 -4 0
55 -4 0
55 -4 0
55 -4 0
55 -4 0
55 -4 0
55 -4 0
55 -4 0
55 -4 0
55 0 -4
55 0 -4
55 0 -4
55 0 -4
55 0 -4
55 0 -4
55 0 -4
55 0 -4
55 0 -4
55 0 -4
55 0 -4
55 0 -4
55 0 -4
55 0 -4
55 0 -4
55 0 -4
55 0 -4
55 0 -4
55 0 -4
55 0 -4
55 0 -4
55 0 -4
55 0 -4
55 0 -4
55 0 -4
55 0 -4
55 0 -4
55 4 0
55 4 0
55 4 0
55 4 0
55 4 0
55 4 0
55 4 0
55 4 0
55 4 0
55 4 0
55 4 0
55 4 0
55 4 0
55 4 0
55 4 0
55 4 0
55 4 0
55 4 0
55 4 0
55 4 0
55 4 0
55 4 0
55 4 0
55 4 0
55 4 0
55 4 0
55 4 0
55 0 4
55 0 4
55 0 4
55 0 4
55 0 4
55 0 4
55 0 4
55 0 4
55 0 4
55 0 4
55 0 4
55 0 4
55 0 4
55 0 4
55 0 4
55 0 4
55 0 4
55 0 4
55 0 4
55 0 4
55 0 4
55 0 4
55 0 4
55 0 4
55 0 4
55 0 4
55 0 4
# estimated from=55, to=68, diff=130
56 -4 0
56 -4 0
56 -4 0
56 -4 0
56 -4 0
56 -4 0
56 -4 0
56 -4 0
56 -4 0
56 -4 0
56 -4 0
56 -4 0
56 -4 0
56 -4 0
56 -4 0
56 -4 0
56 -4 0
56 -4 0
56 -4 0
56 -4 0
56 -4 0
56 -4 0
56 -4 0
56 -4 0
56 -4 0
56 -4 0
56 -4 0
56 0 -4
56 0 -4
56 0 -4
56 0 -4
56 0 -4
56 0 -4
56 0 -4
56 0 -4
56 0 -4
56 0 -4
56 0 -4
56 0 -4
56 0 -4
56 0 -4
56 0 -4
56 0 -4
56 0 -4
56 0 -4
56 0 -4
56 0 -4
56 0 -4
56 0 -4
56 0 -4
56 0 -4
56 0 -4
56 0 -4
56 0 -4
56 4 0
56 4 0
56 4 0
56 4 0
56 4 0
56 4 0
56 4 0
56 4 0
56 4 0
56 4 0
56 4 0
56 4 0
56 4 0
56 4 0
56 4 0
56 4 0
56 4 0
56 4 0
56 4 0
56 4 0
56 4 0
56 4 0
56 4 0
56 4 0
56 4 0
56 4 0
56 4 0
56 0 4
56 0 4
56 0 4
56 0 4
56 0 4
56 0 4
56 0 4
56 0 4
56 0 4
56 0 4
56 0 4
56 0 4
56 0 4
56 0 4
56 0 4
56 0 4
56 0 4
56 0 4
56 0 4
56 0 4
56 0 4
56 0 4
56 0 4
56 0 4
56 0 4
56 0 4
56 0 4
# estimated from=56, to=26, diff=89
57 -4 0
57 -4 0
57 -4 0
57 -4 0
57 -4 0
57 -4 0
57 -4 0
57 -4 0
57 -4 0
57 -4 0
57 -4 0
57 -4 0
57 -4 0
57 -4 0
57 -4 0
57 -4 0
57 -4 0
57 -4 0
57 -4 0
57 -4 0
57 -4 0
57 -4 0
57 -4 0
57 -4 0
57 -4 0
57 -4 0
57 -4 0
57 0 -4
57 0 -4
57 0 -4
57 0 -4
57 0 -4
57 0 -4
57 0 -4
57 0 -4
57 0 -4
57 0 -4
57 0 -4
57 0 -4
57 0 -4
57 0 -4
57 0 -4
57 0 -4
57 0 -4
57 0 -4
57 0 -4
57 0 -4
57 0 -4
57 0 -4
57 0 -4
57 0 -4
57 0 -4
57 0 -4
57 0 -4
57 4 0
57 4 0
57 4 0
57 4 0
57 4 0
57 4 0
57 4 0
57 4 0
57 4 0
57 4 0
57 4 0
57 4 0
57 4 0
57 4 0
57 4 0
57 4 0
57 4 0
57 4 0
57 4 0
57 4 0
57 4 0
57 4 0
57 4 0
57 4 0
57 4 0
57 4 0
57 4 0
57 0 4
57 0 4
57 0 4
57 0 4
57 0 4
57 0 4
57 0 4
57 0 4
57 0 4
57 0 4
57 0 4
57 0 4
57 0 4
57 0 4
57 0 4
57 0 4
57 0 4
57 0 4
57 0 4
57 0 4
57 0 4
57 0 4
57 0 4
57 0 4
57 0 4
57 0 4
57 0 4
# estimated from=57, to=73, diff=102
58 -4 0
58 -4 0
58 -4 0
58 -4 0
58 -4 0
58 -4 0
58 -4 0
58 -4 0
58 -4 0
58 -4 0
58 -4 0
58 -4 0
58 -4 0
58 -4 0
58 -4 0
58 -4 0
58 -4 0
58 -4 0
58 -4 0
58 -4 0
58 -4 0
58 -4 0
58 -4 0
58 -4 0
58 -4 0
58 -4 0
58 -4 0
58 0 -4
58 0 -4
58 0 -4
58 0 -4
58 0 -4
58 0 -4
58 0 -4
58 0 -4
58 0 -4
58 0 -4
58 0 -4
58 0 -4
58 0 -4
58 0 -4
58 0 -4
58 0 -4
58 0 -4
58 0 -4
58 0 -4
58 0 -4
58 0 -4
58 0 -4
58 0 -4
58 0 -4
58 0 -4
58 0 -4
58 0 -4
58 4 0
58 4 0
58 4 0
58 4 0
58 4 0
58 4 0
58 4 0
58 4 0
58 4 0
58 4 0
58 4 0
58 4 0
58 4 0
58 4 0
58 4 0
58 4 0
58 4 0
58 4 0
58 4 0
58 4 0
58 4 0
58 4 0
58 4 0
58 4 0
58 4 0
58 4 0
58 4 0
58 0 4
58 0 4
58 0 4
58 0 4
58 0 4
58 0 4
58 0 4
58 0 4
58 0 4
58 0 4
58 0 4
58 0 4
58 0 4
58 0 4
58 0 4
58 0 4
58 0 4
58 0 4
58 0 4
58 0 4
58 0 4
58 0 4
58 0 4
58 0 4
58 0 4
58 0 4
58 0 4
# estimated from=58, to=75, diff=132
59 -4 0
59 -4 0
59 -4 0
59 -4 0
59 -4 0
59 -4 0
59 -4 0
59 -4 0
59 -4 0
59 -4 0
59 -4 0
59 -4 0
59 -4 0
59 -4 0
59 -4 0
59 -4 0
59 -4 0
59 -4 0
59 -4 0
59 -4 0
59 -4 0
59 -4 0
59 -4 0
59 -4 0
59 -4 0
59 -4 0
59 -4 0
59 0 -4
59 0 -4
59 0 -4
59 0 -4
59 0 -4
59 0 -4
59 0 -4
59 0 -4
59 0 -4
59 0 -4
59 0 -4
59 0 -4
59 0 -4
59 0 -4
59 0 -4
59 0 -4
59 0 -4
59 0 -4
59 0 -4
59 0 -4
59 0 -4
59 0 -4
59 0 -4
59 0 -4
59 0 -4
59 0 -4
59 0 -4
59 4 0
59 4 0
59 4 0
59 4 0
59 4 0
59 4 0
59 4 0
59 4 0
59 4 0
59 4 0
59 4 0
59 4 0
59 4 0
59 4 0
59 4 0
59 4 0
59 4 0
59 4 0
59 4 0
59 4 0
59 4 0
59 4 0
59 4 0
59 4 0
59 4 0
59 4 0
59 4 0
59 0 4
59 0 4
59 0 4
59 0 4
59 0 4
59 0 4
59 0 4
59 0 4
59 0 4
59 0 4
59 0 4
59 0 4
59 0 4
59 0 4
59 0 4
59 0 4
59 0 4
59 0 4
59 0 4
59 0 4
59 0 4
59 0 4
59 0 4
59 0 4
59 0 4
59 0 4
59 0 4
# estimated from=59, to=44, diff=63
60 -4 0
60 -4 0
60 -4 0
60 -4 0
60 -4 0
60 -4 0
60 -4 0
60 -4 0
60 -4 0
60 -4 0
60 -4 0
60 -4 0
60 -4 0
60 -4 0
60 -4 0
60 -4 0
60 -4 0
60 -4 0
60 -4 0
60 -4 0
60 -4 0
60 -4 0
60 -4 0
60 -4 0
60 -4 0
60 -4 0
60 -4 0
60 0 -4
60 0 -4
60 0 -4
60 0 -4
60 0 -4
60 0 -4
60 0 -4
60 0 -4
60 0 -4
60 0 -4
60 0 -4
60 0 -4
60 0 -4
60 0 -4
60 0 -4
60 0 -4
60 0 -4
60 0 -4
60 0 -4
60 0 -4
60 0 -4
60 0 -4
60 0 -4
60 0 -4
60 0 -4
60 0 -4
60 0 -4
60 4 0
60 4 0
60 4 0
60 4 0
60 4 0
60 4 0
60 4 0
60 4 0
60 4 0
60 4 0
60 4 0
60 4 0
60 4 0
60 4 0
60 4 0
60 4 0
60 4 0
60 4 0
60 4 0
60 4 0
60 4 0
60 4 0
60 4 0
60 4 0
60 4 0
60 4 0
60 4 0
60 0 4
60 0 4
60 0 4
60 0 4
60 0 4
60 0 4
60 0 4
60 0 4
60 0 4
60 0 4
60 0 4
60 0 4
60 0 4
60 0 4
60 0 4
60 0 4
60 0 4
60 0 4
60 0 4
60 0 4
60 0 4
60 0 4
60 0 4
60 0 4
60 0 4
60 0 4
60 0 4
# estimated from=60, to=61, diff=46
61 -4 0
61 -4 0
61 -4 0
61 -4 0
61 -4 0
61 -4 0
61 -4 0
61 -4 0
61 -4 0
61 -4 0
61 -4 0
61 -4 0
61 -4 0
61 -4 0
61 -4 0
61 -4 0
61 -4 0
61 -4 0
61 -4 0
61 -4 0
61 -4 0
61 -4 0
61 -4 0
61 -4 0
61 -4 0
61 -4 0
61 -4 0
61 0 -4
61 0 -4
61 0 -4
61 0 -4
61 0 -4
61 0 -4
61 0 -4
61 0 -4
61 0 -4
61 0 -4
61 0 -4
61 0 -4
61 0 -4
61 0 -4
61 0 -4
61 0 -4
61 0 -4
61 0 -4
61 0 -4
61 0 -4
61 0 -4
61 0 -4
61 0 -4
61 0 -4
61 0 -4
61 0 -4
61 0 -4
61 4 0
61 4 0
61 4 0
61 4 0
61 4 0
61 4 0
61 4 0
61 4 0
61 4 0
61 4 0
61 4 0
61 4 0
61 4 0
61 4 0
61 4 0
61 4 0
61 4 0
61 4 0
61 4 0
61 4 0
61 4 0
61 4 0
61 4 0
61 4 0
61 4 0
61 4 0
61 4 0
61 0 4
61 0 4
61 0 4
61 0 4
61 0 4
61 0 4
61 0 4
61 0 4
61 0 4
61 0 4
61 0 4
61 0 4
61 0 4
61 0 4
61 0 4
61 0 4
61 0 4
61 0 4
61 0 4
61 0 4
61 0 4
61 0 4
61 0 4
61 0 4
61 0 4
61 0 4
61 0 4
# estimated from=61, to=67, diff=94
62 -4 0
62 -4 0
62 -4 0
62 -4 0
62 -4 0
62 -4 0
62 -4 0
62 -4 0
62 -4 0
62 -4 0
62 -4 0
62 -4 0
62 -4 0
62 -4 0
62 -4 0
62 -4 0
62 -4 0
62 -4 0
62 -4 0
62 -4 0
62 -4 0
62 -4 0
62 -4 0
62 -4 0
62 -4 0
62 -4 0
62 -4 0
62 0 -4
62 0 -4
62 0 -4
62 0 -4
62 0 -4
62 0 -4
62 0 -4
62 0 -4
62 0 -4
62 0 -4
62 0 -4
62 0 -4
62 0 -4
62 0 -4
62 0 -4
62 0 -4
62 0 -4
62 0 -4
62 0 -4
62 0 -4
62 0 -4
62 0 -4
62 0 -4
62 0 -4
62 0 -4
62 0 -4
62 0 -4
62 4 0
62 4 0
62 4 0
62 4 0
62 4 0
62 4 0
62 4 0
62 4 0
62 4 0
62 4 0
62 4 0
62 4 0
62 4 0
62 4 0
62 4 0
62 4 0
62 4 0
62 4 0
62 4 0
62 4 0
62 4 0
62 4 0
62 4 0
62 4 0
62 4 0
62 4 0
62 4 0
62 0 4
62 0 4
62 0 4
62 0 4
62 0 4
62 0 4
62 0 4
62 0 4
62 0 4
62 0 4
62 0 4
62 0 4
62 0 4
62 0 4
62 0 4
62 0 4
62 0 4
62 0 4
62 0 4
62 0 4
62 0 4
62 0 4
62 0 4
62 0 4
62 0 4
62 0 4
62 0 4
# estimated from=62, to=71, diff=134
63 -4 0
63 -4 0
63 -4 0
63 -4 0
63 -4 0
63 -4 0
63 -4 0
63 -4 0
63 -4 0
63 -4 0
63 -4 0
63 -4 0
63 -4 0
63 -4 0
63 -4 0
63 -4 0
63 -4 0
63 -4 0
63 -4 0
63 -4 0
63 -4 0
63 -4 0
63 -4 0
63 -4 0
63 -4 0
63 -4 0
63 -4 0
63 0 -4
63 0 -4
63 0 -4
63 0 -4
63 0 -4
63 0 -4
63 0 -4
63 0 -4
63 0 -4
63 0 -4
63 0 -4
63 0 -4
63 0 -4
63 0 -4
63 0 -4
63 0 -4
63 0 -4
63 0 -4
63 0 -4
63 0 -4
63 0 -4
63 0 -4
63 0 -4
63 0 -4
63 0 -4
63 0 -4
63 0 -4
63 4 0
63 4 0
63 4 0
63 4 0
63 4 0
63 4 0
63 4 0
63 4 0
63 4 0
63 4 0
63 4 0
63 4 0
63 4 0
63 4 0
63 4 0
63 4 0
63 4 0
63 4 0
63 4 0
63 4 0
63 4 0
63 4 0
63 4 0
63 4 0
63 4 0
63 4 0
63 4 0
63 0 4
63 0 4
63 0 4
63 0 4
63 0 4
63 0 4
63 0 4
63 0 4
63 0 4
63 0 4
63 0 4
63 0 4
63 0 4
63 0 4
63 0 4
63 0 4
63 0 4
63 0 4
63 0 4
63 0 4
63 0 4
63 0 4
63 0 4
63 0 4
63 0 4
63 0 4
63 0 4
# estimated from=63, to=78, diff=27
64 -4 0
64 -4 0
64 -4 0
64 -4 0
64 -4 0
64 -4 0
64 -4 0
64 -4 0
64 -4 0
64 -4 0
64 -4 0
64 -4 0
64 -4 0
64 -4 0
64 -4 0
64 -4 0
64 -4 0
64 -4 0
64 -4 0
64 -4 0
64 -4 0
64 -4 0
64 -4 0
64 -4 0
64 -4 0
64 -4 0
64 -4 0
64 0 -4
64 0 -4
64 0 -4
64 0 -4
64 0 -4
64 0 -4
64 0 -4
64 0 -4
64 0 -4
64 0 -4
64 0 -4
64 0 -4
64 0 -4
64 0 -4
64 0 -4
64 0 -4
64 0 -4
64 0 -4
64 0 -4
64 0 -4
64 0 -4
64 0 -4
64 0 -4
64 0 -4
64 0 -4
64 0 -4
64 0 -4
64 4 0
64 4 0
64 4 0
64 4 0
64 4 0
64 4 0
64 4 0
64 4 0
64 4 0
64 4 0
64 4 0
64 4 0
64 4 0
64 4 0
64 4 0
64 4 0
64 4 0
64 4 0
64 4 0
64 4 0
64 4 0
64 4 0
64 4 0
64 4 0
64 4 0
64 4 0
64 4 0
64 0 4
64 0 4
64 0 4
64 0 4
64 0 4
64 0 4
64 0 4
64 0 4
64 0 4
64 0 4
64 0 4
64 0 4
64 0 4
64 0 4
64 0 4
64 0 4
64 0 4
64 0 4
64 0 4
64 0 4
64 0 4
64 0 4
64 0 4
64 0 4
64 0 4
64 0 4
64 0 4
# estimated from=64, to=14, diff=80
65 -4 0
65 -4 0
65 -4 0
65 -4 0
65 -4 0
65 -4 0
65 -4 0
65 -4 0
65 -4 0
65 -4 0
65 -4 0
65 -4 0
65 -4 0
65 -4 0
65 -4 0
65 -4 0
65 -4 0
65 -4 0
65 -4 0
65 -4 0
65 -4 0
65 -4 0
65 -4 0
65 -4 0
65 -4 0
65 -4 0
65 -4 0
65 0 -4
65 0 -4
65 0 -4
65 0 -4
65 0 -4
65 0 -4
65 0 -4
65 0 -4
65 0 -4
65 0 -4
65 0 -4
65 0 -4
65 0 -4
65 0 -4
65 0 -4
65 0 -4
65 0 -4
65 0 -4
65 0 -4
65 0 -4
65 0 -4
65 0 -4
65 0 -4
65 0 -4
65 0 -4
65 0 -4
65 0 -4
65 4 0
65 4 0
65 4 0
65 4 0
65 4 0
65 4 0
65 4 0
65 4 0
65 4 0
65 4 0
65 4 0
65 4 0
65 4 0
65 4 0
65 4 0
65 4 0
65 4 0
65 4 0
65 4 0
65 4 0
65 4 0
65 4 0
65 4 0
65 4 0
65 4 0
65 4 0
65 4 0
65 0 4
65 0 4
65 0 4
65 0 4
65 0 4
65 0 4
65 0 4
65 0 4
65 0 4
65 0 4
65 0 4
65 0 4
65 0 4
65 0 4
65 0 4
65 0 4
65 0 4
65 0 4
65 0 4
65 0 4
65 0 4
65 0 4
65 0 4
65 0 4
65 0 4
65 0 4
65 0 4
# estimated from=65, to=59, diff=70
66 -4 0
66 -4 0
66 -4 0
66 -4 0
66 -4 0
66 -4 0
66 -4 0
66 -4 0
66 -4 0
66 -4 0
66 -4 0
66 -4 0
66 -4 0
66 -4 0
66 -4 0
66 -4 0
66 -4 0
66 -4 0
66 -4 0
66 -4 0
66 -4 0
66 -4 0
66 -4 0
66 -4 0
66 -4 0
66 -4 0
66 -4 0
66 0 -4
66 0 -4
66 0 -4
66 0 -4
66 0 -4
66 0 -4
66 0 -4
66 0 -4
66 0 -4
66 0 -4
66 0 -4
66 0 -4
66 0 -4
66 0 -4
66 0 -4
66 0 -4
66 0 -4
66 0 -4
66 0 -4
66 0 -4
66 0 -4
66 0 -4
66 0 -4
66 0 -4
66 0 -4
66 0 -4
66 0 -4
66 4 0
66 4 0
66 4 0
66 4 0
66 4 0
66 4 0
66 4 0
66 4 0
66 4 0
66 4 0
66 4 0
66 4 0
66 4 0
66 4 0
66 4 0
66 4 0
66 4 0
66 4 0
66 4 0
66 4 0
66 4 0
66 4 0
66 4 0
66 4 0
66 4 0
66 4 0
66 4 0
66 0 4
66 0 4
66 0 4
66 0 4
66 0 4
66 0 4
66 0 4
66 0 4
66 0 4
66 0 4
66 0 4
66 0 4
66 0 4
66 0 4
66 0 4
66 0 4
66 0 4
66 0 4
66 0 4
66 0 4
66 0 4
66 0 4
66 0 4
66 0 4
66 0 4
66 0 4
66 0 4
# estimated from=66, to=35, diff=169
67 -4 0
67 -4 0
67 -4 0
67 -4 0
67 -4 0
67 -4 0
67 -4 0
67 -4 0
67 -4 0
67 -4 0
67 -4 0
67 -4 0
67 -4 0
67 -4 0
67 -4 0
67 -4 0
67 -4 0
67 -4 0
67 -4 0
67 -4 0
67 -4 0
67 -4 0
67 -4 0
67 -4 0
67 -4 0
67 -4 0
67 -4 0
67 0 -4
67 0 -4
67 0 -4
67 0 -4
67 0 -4
67 0 -4
67 0 -4
67 0 -4
67 0 -4
67 0 -4
67 0 -4
67 0 -4
67 0 -4
67 0 -4
67 0 -4
67 0 -4
67 0 -4
67 0 -4
67 0 -4
67 0 -4
67 0 -4
67 0 -4
67 0 -4
67 0 -4
67 0 -4
67 0 -4
67 0 -4
67 4 0
67 4 0
67 4 0
67 4 0
67 4 0
67 4 0
67 4 0
67 4 0
67 4 0
67 4 0
67 4 0
67 4 0
67 4 0
67 4 0
67 4 0
67 4 0
67 4 0
67 4 0
67 4 0
67 4 0
67 4 0
67 4 0
67 4 0
67 4 0
67 4 0
67 4 0
67 4 0
67 0 4
67 0 4
67 0 4
67 0 4
67 0 4
67 0 4
67 0 4
67 0 4
67 0 4
67 0 4
67 0 4
67 0 4
67 0 4
67 0 4
67 0 4
67 0 4
67 0 4
67 0 4
67 0 4
67 0 4
67 0 4
67 0 4
67 0 4
67 0 4
67 0 4
67 0 4
67 0 4
# estimated from=67, to=13, diff=159
68 -4 0
68 -4 0
68 -4 0
68 -4 0
68 -4 0
68 -4 0
68 -4 0
68 -4 0
68 -4 0
68 -4 0
68 -4 0
68 -4 0
68 -4 0
68 -4 0
68 -4 0
68 -4 0
68 -4 0
68 -4 0
68 -4 0
68 -4 0
68 -4 0
68 -4 0
68 -4 0
68 -4 0
68 -4 0
68 -4 0
68 -4 0
68 0 -4
68 0 -4
68 0 -4
68 0 -4
68 0 -4
68 0 -4
68 0 -4
68 0 -4
68 0 -4
68 0 -4
68 0 -4
68 0 -4
68 0 -4
68 0 -4
68 0 -4
68 0 -4
68 0 -4
68 0 -4
68 0 -4
68 0 -4
68 0 -4
68 0 -4
68 0 -4
68 0 -4
68 0 -4
68 0 -4
68 0 -4
68 4 0
68 4 0
68 4 0
68 4 0
68 4 0
68 4 0
68 4 0
68 4 0
68 4 0
68 4 0
68 4 0
68 4 0
68 4 0
68 4 0
68 4 0
68 4 0
68 4 0
68 4 0
68 4 0
68 4 0
68 4 0
68 4 0
68 4 0
68 4 0
68 4 0
68 4 0
68 4 0
68 0 4
68 0 4
68 0 4
68 0 4
68 0 4
68 0 4
68 0 4
68 0 4
68 0 4
68 0 4
68 0 4
68 0 4
68 0 4
68 0 4
68 0 4
68 0 4
68 0 4
68 0 4
68 0 4
68 0 4
68 0 4
68 0 4
68 0 4
68 0 4
68 0 4
68 0 4
68 0 4
# estimated from=68, to=46, diff=47
69 -4 0
69 -4 0
69 -4 0
69 -4 0
69 -4 0
69 -4 0
69 -4 0
69 -4 0
69 -4 0
69 -4 0
69 -4 0
69 -4 0
69 -4 0
69 -4 0
69 -4 0
69 -4 0
69 -4 0
69 -4 0
69 -4 0
69 -4 0
69 -4 0
69 -4 0
69 -4 0
69 -4 0
69 -4 0
69 -4 0
69 -4 0
69 0 -4
69 0 -4
69 0 -4
69 0 -4
69 0 -4
69 0 -4
69 0 -4
69 0 -4
69 0 -4
69 0 -4
69 0 -4
69 0 -4
69 0 -4
69 0 -4
69 0 -4
69 0 -4
69 0 -4
69 0 -4
69 0 -4
69 0 -4
69 0 -4
69 0 -4
69 0 -4
69 0 -4
69 0 -4
69 0 -4
69 0 -4
69 4 0
69 4 0
69 4 0
69 4 0
69 4 0
69 4 0
69 4 0
69 4 0
69 4 0
69 4 0
69 4 0
69 4 0
69 4 0
69 4 0
69 4 0
69 4 0
69 4 0
69 4 0
69 4 0
69 4 0
69 4 0
69 4 0
69 4 0
69 4 0
69 4 0
69 4 0
69 4 0
69 0 4
69 0 4
69 0 4
69 0 4
69 0 4
69 0 4
69 0 4
69 0 4
69 0 4
69 0 4
69 0 4
69 0 4
69 0 4
69 0 4
69 0 4
69 0 4
69 0 4
69 0 4
69 0 4
69 0 4
69 0 4
69 0 4
69 0 4
69 0 4
69 0 4
69 0 4
69 0 4
# estimated from=69, to=82, diff=158
70 -4 0
70 -4 0
70 -4 0
70 -4 0
70 -4 0
70 -4 0
70 -4 0
70 -4 0
70 -4 0
70 -4 0
70 -4 0
70 -4 0
70 -4 0
70 -4 0
70 -4 0
70 -4 0
70 -4 0
70 -4 0
70 -4 0
70 -4 0
70 -4 0
70 -4 0
70 -4 0
70 -4 0
70 -4 0
70 -4 0
70 -4 0
70 0 -4
70 0 -4
70 0 -4
70 0 -4
70 0 -4
70 0 -4
70 0 -4
70 0 -4
70 0 -4
70 0 -4
70 0 -4
70 0 -4
70 0 -4
70 0 -4
70 0 -4
70 0 -4
70 0 -4
70 0 -4
70 0 -4
70 0 -4
70 0 -4
70 0 -4
70 0 -4
70 0 -4
70 0 -4
70 0 -4
70 0 -4
70 4 0
70 4 0
70 4 0
70 4 0
70 4 0
70 4 0
70 4 0
70 4 0
70 4 0
70 4 0
70 4 0
70 4 0
70 4 0
70 4 0
70 4 0
70 4 0
70 4 0
70 4 0
70 4 0
70 4 0
70 4 0
70 4 0
70 4 0
70 4 0
70 4 0
70 4 0
70 4 0
70 0 4
70 0 4
70 0 4
70 0 4
70 0 4
70 0 4
70 0 4
70 0 4
70 0 4
70 0 4
70 0 4
70 0 4
70 0 4
70 0 4
70 0 4
70 0 4
70 0 4
70 0 4
70 0 4
70 0 4
70 0 4
70 0 4
70 0 4
70 0 4
70 0 4
70 0 4
70 0 4
# estimated from=70, to=75, diff=71
71 -4 0
71 -4 0
71 -4 0
71 -4 0
71 -4 0
71 -4 0
71 -4 0
71 -4 0
71 -4 0
71 -4 0
71 -4 0
71 -4 0
71 -4 0
71 -4 0
71 -4 0
71 -4 0
71 -4 0
71 -4 0
71 -4 0
71 -4 0
71 -4 0
71 -4 0
71 -4 0
71 -4 0
71 -4 0
71 -4 0
71 -4 0
71 0 -4
71 0 -4
71 0 -4
71 0 -4
71 0 -4
71 0 -4
71 0 -4
71 0 -4
71 0 -4
71 0 -4
71 0 -4
71 0 -4
71 0 -4
71 0 -4
71 0 -4
71 0 -4
71 0 -4
71 0 -4
71 0 -4
71 0 -4
71 0 -4
71 0 -4
71 0 -4
71 0 -4
71 0 -4
71 0 -4
71 0 -4
71 4 0
71 4 0
71 4 0
71 4 0
71 4 0
71 4 0
71 4 0
71 4 0
71 4 0
71 4 0
71 4 0
71 4 0
71 4 0
71 4 0
71 4 0
71 4 0
71 4 0
71 4 0
71 4 0
71 4 0
71 4 0
71 4 0
71 4 0
71 4 0
71 4 0
71 4 0
71 4 0
71 0 4
71 0 4
71 0 4
71 0 4
71 0 4
71 0 4
71 0 4
71 0 4
71 0 4
71 0 4
71 0 4
71 0 4
71 0 4
71 0 4
71 0 4
71 0 4
71 0 4
71 0 4
71 0 4
71 0 4
71 0 4
71 0 4
71 0 4
71 0 4
71 0 4
71 0 4
71 0 4
# estimated from=71, to=46, diff=61
72 -4 0
72 -4 0
72 -4 0
72 -4 0
72 -4 0
72 -4 0
72 -4 0
72 -4 0
72 -4 0
72 -4 0
72 -4 0
72 -4 0
72 -4 0
72 -4 0
72 -4 0
72 -4 0
72 -4 0
72 -4 0
72 -4 0
72 -4 0
72 -4 0
72 -4 0
72 -4 0
72 -4 0
72 -4 0
72 -4 0
72 -4 0
72 0 -4
72 0 -4
72 0 -4
72 0 -4
72 0 -4
72 0 -4
72 0 -4
72 0 -4
72 0 -4
72 0 -4
72 0 -4
72 0 -4
72 0 -4
72 0 -4
72 0 -4
72 0 -4
72 0 -4
72 0 -4
72 0 -4
72 0 -4
72 0 -4
72 0 -4
72 0 -4
72 0 -4
72 0 -4
72 0 -4
72 0 -4
72 4 0
72 4 0
72 4 0
72 4 0
72 4 0
72 4 0
72 4 0
72 4 0
72 4 0
72 4 0
72 4 0
72 4 0
72 4 0
72 4 0
72 4 0
72 4 0
72 4 0
72 4 0
72 4 0
72 4 0
72 4 0
72 4 0
72 4 0
72 4 0
72 4 0
72 4 0
72 4 0
72 0 4
72 0 4
72 0 4
72 0 4
72 0 4
72 0 4
72 0 4
72 0 4
72 0 4
72 0 4
72 0 4
72 0 4
72 0 4
72 0 4
72 0 4
72 0 4
72 0 4
72 0 4
72 0 4
72 0 4
72 0 4
72 0 4
72 0 4
72 0 4
72 0 4
72 0 4
72 0 4
# estimated from=72, to=63, diff=176
73 -4 0
73 -4 0
73 -4 0
73 -4 0
73 -4 0
73 -4 0
73 -4 0
73 -4 0
73 -4 0
73 -4 0
73 -4 0
73 -4 0
73 -4 0
73 -4 0
73 -4 0
73 -4 0
73 -4 0
73 -4 0
73 -4 0
73 -4 0
73 -4 0
73 -4 0
73 -4 0
73 -4 0
73 -4 0
73 -4 0
73 -4 0
73 0 -4
73 0 -4
73 0 -4
73 0 -4
73 0 -4
73 0 -4
73 0 -4
73 0 -4
73 0 -4
73 0 -4
73 0 -4
73 0 -4
73 0 -4
73 0 -4
73 0 -4
73 0 -4
73 0 -4
73 0 -4
73 0 -4
73 0 -4
73 0 -4
73 0 -4
73 0 -4
73 0 -4
73 0 -4
73 0 -4
73 0 -4
73 4 0
73 4 0
73 4 0
73 4 0
73 4 0
73 4 0
73 4 0
73 4 0
73 4 0
73 4 0
73 4 0
73 4 0
73 4 0
73 4 0
73 4 0
73 4 0
73 4 0
73 4 0
73 4 0
73 4 0
73 4 0
73 4 0
73 4 0
73 4 0
73 4 0
73 4 0
73 4 0
73 0 4
73 0 4
73 0 4
73 0 4
73 0 4
73 0 4
73 0 4
73 0 4
73 0 4
73 0 4
73 0 4
73 0 4
73 0 4
73 0 4
73 0 4
73 0 4
73 0 4
73 0 4
73 0 4
73 0 4
73 0 4
73 0 4
73 0 4
73 0 4
73 0 4
73 0 4
73 0 4
# estimated from=73, to=27, diff=87
74 -4 0
74 -4 0
74 -4 0
74 -4 0
74 -4 0
74 -4 0
74 -4 0
74 -4 0
74 -4 0
74 -4 0
74 -4 0
74 -4 0
74 -4 0
74 -4 0
74 -4 0
74 -4 0
74 -4 0
74 -4 0
74 -4 0
74 -4 0
74 -4 0
74 -4 0
74 -4 0
74 -4 0
74 -4 0
74 -4 0
74 -4 0
74 0 -4
74 0 -4
74 0 -4
74 0 -4
74 0 -4
74 0 -4
74 0 -4
74 0 -4
74 0 -4
74 0 -4
74 0 -4
74 0 -4
74 0 -4
74 0 -4
74 0 -4
74 0 -4
74 0 -4
74 0 -4
74 0 -4
74 0 -4
74 0 -4
74 0 -4
74 0 -4
74 0 -4
74 0 -4
74 0 -4
74 0 -4
74 4 0
74 4 0
74 4 0
74 4 0
74 4 0
74 4 0
74 4 0
74 4 0
74 4 0
74 4 0
74 4 0
74 4 0
74 4 0
74 4 0
74 4 0
74 4 0
74 4 0
74 4 0
74 4 0
74 4 0
74 4 0
74 4 0
74 4 0
74 4 0
74 4 0
74 4 0
74 4 0
74 0 4
74 0 4
74 0 4
74 0 4
74 0 4
74 0 4
74 0 4
74 0 4
74 0 4
74 0 4
74 0 4
74 0 4
74 0 4
74 0 4
74 0 4
74 0 4
74 0 4
74 0 4
74 0 4
74 0 4
74 0 4
74 0 4
74 0 4
74 0 4
74 0 4
74 0 4
74 0 4
# estimated from=74, to=57, diff=62
75 -4 0
75 -4 0
75 -4 0
75 -4 0
75 -4 0
75 -4 0
75 -4 0
75 -4 0
75 -4 0
75 -4 0
75 -4 0
75 -4 0
75 -4 0
75 -4 0
75 -4 0
75 -4 0
75 -4 0
75 -4 0
75 -4 0
75 -4 0
75 -4 0
75 -4 0
75 -4 0
75 -4 0
75 -4 0
75 -4 0
75 -4 0
75 0 -4
75 0 -4
75 0 -4
75 0 -4
75 0 -4
75 0 -4
75 0 -4
75 0 -4
75 0 -4
75 0 -4
75 0 -4
75 0 -4
75 0 -4
75 0 -4
75 0 -4
75 0 -4
75 0 -4
75 0 -4
75 0 -4
75 0 -4
75 0 -4
75 0 -4
75 0 -4
75 0 -4
75 0 -4
75 0 -4
75 0 -4
75 4 0
75 4 0
75 4 0
75 4 0
75 4 0
75 4 0
75 4 0
75 4 0
75 4 0
75 4 0
75 4 0
75 4 0
75 4 0
75 4 0
75 4 0
75 4 0
75 4 0
75 4 0
75 4 0
75 4 0
75 4 0
75 4 0
75 4 0
75 4 0
75 4 0
75 4 0
75 4 0
75 0 4
75 0 4
75 0 4
75 0 4
75 0 4
75 0 4
75 0 4
75 0 4
75 0 4
75 0 4
75 0 4
75 0 4
75 0 4
75 0 4
75 0 4
75 0 4
75 0 4
75 0 4
75 0 4
75 0 4
75 0 4
75 0 4
75 0 4
75 0 4
75 0 4
75 0 4
75 0 4
# estimated from=75, to=69, diff=111
76 -4 0
76 -4 0
76 -4 0
76 -4 0
76 -4 0
76 -4 0
76 -4 0
76 -4 0
76 -4 0
76 -4 0
76 -4 0
76 -4 0
76 -4 0
76 -4 0
76 -4 0
76 -4 0
76 -4 0
76 -4 0
76 -4 0
76 -4 0
76 -4 0
76 -4 0
76 -4 0
76 -4 0
76 -4 0
76 -4 0
76 -4 0
76 0 -4
76 0 -4
76 0 -4
76 0 -4
76 0 -4
76 0 -4
76 0 -4
76 0 -4
76 0 -4
76 0 -4
76 0 -4
76 0 -4
76 0 -4
76 0 -4
76 0 -4
76 0 -4
76 0 -4
76 0 -4
76 0 -4
76 0 -4
76 0 -4
76 0 -4
76 0 -4
76 0 -4
76 0 -4
76 0 -4
76 0 -4
76 4 0
76 4 0
76 4 0
76 4 0
76 4 0
76 4 0
76 4 0
76 4 0
76 4 0
76 4 0
76 4 0
76 4 0
76 4 0
76 4 0
76 4 0
76 4 0
76 4 0
76 4 0
76 4 0
76 4 0
76 4 0
76 4 0
76 4 0
76 4 0
76 4 0
76 4 0
76 4 0
76 0 4
76 0 4
76 0 4
76 0 4
76 0 4
76 0 4
76 0 4
76 0 4
76 0 4
76 0 4
76 0 4
76 0 4
76 0 4
76 0 4
76 0 4
76 0 4
76 0 4
76 0 4
76 0 4
76 0 4
76 0 4
76 0 4
76 0 4
76 0 4
76 0 4
76 0 4
76 0 4
# estimated from=76, to=25, diff=119
77 -4 0
77 -4 0
77 -4 0
77 -4 0
77 -4 0
77 -4 0
77 -4 0
77 -4 0
77 -4 0
77 -4 0
77 -4 0
77 -4 0
77 -4 0
77 -4 0
77 -4 0
77 -4 0
77 -4 0
77 -4 0
77 -4 0
77 -4 0
77 -4 0
77 -4 0
77 -4 0
77 -4 0
77 -4 0
77 -4 0
77 -4 0
77 0 -4
77 0 -4
77 0 -4
77 0 -4
77 0 -4
77 0 -4
77 0 -4
77 0 -4
77 0 -4
77 0 -4
77 0 -4
77 0 -4
77 0 -4
77 0 -4
77 0 -4
77 0 -4
77 0 -4
77 0 -4
77 0 -4
77 0 -4
77 0 -4
77 0 -4
77 0 -4
77 0 -4
77 0 -4
77 0 -4
77 0 -4
77 4 0
77 4 0
77 4 0
77 4 0
77 4 0
77 4 0
77 4 0
77 4 0
77 4 0
77 4 0
77 4 0
77 4 0
77 4 0
77 4 0
77 4 0
77 4 0
77 4 0
77 4 0
77 4 0
77 4 0
77 4 0
77 4 0
77 4 0
77 4 0
77 4 0
77 4 0
77 4 0
77 0 4
77 0 4
77 0 4
77 0 4
77 0 4
77 0 4
77 0 4
77 0 4
77 0 4
77 0 4
77 0 4
77 0 4
77 0 4
77 0 4
77 0 4
77 0 4
77 0 4
77 0 4
77 0 4
77 0 4
77 0 4
77 0 4
77 0 4
77 0 4
77 0 4
77 0 4
77 0 4
# estimated from=77, to=78, diff=69
78 -4 0
78 -4 0
78 -4 0
78 -4 0
78 -4 0
78 -4 0
78 -4 0
78 -4 0
78 -4 0
78 -4 0
78 -4 0
78 -4 0
78 -4 0
78 -4 0
78 -4 0
78 -4 0
78 -4 0
78 -4 0
78 -4 0
78 -4 0
78 -4 0
78 -4 0
78 -4 0
78 -4 0
78 -4 0
78 -4 0
78 -4 0
78 0 -4
78 0 -4
78 0 -4
78 0 -4
78 0 -4
78 0 -4
78 0 -4
78 0 -4
78 0 -4
78 0 -4
78 0 -4
78 0 -4
78 0 -4
78 0 -4
78 0 -4
78 0 -4
78 0 -4
78 0 -4
78 0 -4
78 0 -4
78 0 -4
78 0 -4
78 0 -4
78 0 -4
78 0 -4
78 0 -4
78 0 -4
78 4 0
78 4 0
78 4 0
78 4 0
78 4 0
78 4 0
78 4 0
78 4 0
78 4 0
78 4 0
78 4 0
78 4 0
78 4 0
78 4 0
78 4 0
78 4 0
78 4 0
78 4 0
78 4 0
78 4 0
78 4 0
78 4 0
78 4 0
78 4 0
78 4 0
78 4 0
78 4 0
78 0 4
78 0 4
78 0 4
78 0 4
78 0 4
78 0 4
78 0 4
78 0 4
78 0 4
78 0 4
78 0 4
78 0 4
78 0 4
78 0 4
78 0 4
78 0 4
78 0 4
78 0 4
78 0 4
78 0 4
78 0 4
78 0 4
78 0 4
78 0 4
78 0 4
78 0 4
78 0 4
# estimated from=78, to=47, diff=138
79 -4 0
79 -4 0
79 -4 0
79 -4 0
79 -4 0
79 -4 0
79 -4 0
79 -4 0
79 -4 0
79 -4 0
79 -4 0
79 -4 0
79 -4 0
79 -4 0
79 -4 0
79 -4 0
79 -4 0
79 -4 0
79 -4 0
79 -4 0
79 -4 0
79 -4 0
79 -4 0
79 -4 0
79 -4 0
79 -4 0
79 -4 0
79 0 -4
79 0 -4
79 0 -4
79 0 -4
79 0 -4
79 0 -4
79 0 -4
79 0 -4
79 0 -4
79 0 -4
79 0 -4
79 0 -4
79 0 -4
79 0 -4
79 0 -4
79 0 -4
79 0 -4
79 0 -4
79 0 -4
79 0 -4
79 0 -4
79 0 -4
79 0 -4
79 0 -4
79 0 -4
79 0 -4
79 0 -4
79 4 0
79 4 0
79 4 0
79 4 0
79 4 0
79 4 0
79 4 0
79 4 0
79 4 0
79 4 0
79 4 0
79 4 0
79 4 0
79 4 0
79 4 0
79 4 0
79 4 0
79 4 0
79 4 0
79 4 0
79 4 0
79 4 0
79 4 0
79 4 0
79 4 0
79 4 0
79 4 0
79 0 4
79 0 4
79 0 4
79 0 4
79 0 4
79 0 4
79 0 4
79 0 4
79 0 4
79 0 4
79 0 4
79 0 4
79 0 4
79 0 4
79 0 4
79 0 4
79 0 4
79 0 4
79 0 4
79 0 4
79 0 4
79 0 4
79 0 4
79 0 4
79 0 4
79 0 4
79 0 4
# estimated from=79, to=52, diff=145
80 -4 0
80 -4 0
80 -4 0
80 -4 0
80 -4 0
80 -4 0
80 -4 0
80 -4 0
80 -4 0
80 -4 0
80 -4 0
80 -4 0
80 -4 0
80 -4 0
80 -4 0
80 -4 0
80 -4 0
80 -4 0
80 -4 0
80 -4 0
80 -4 0
80 -4 0
80 -4 0
80 -4 0
80 -4 0
80 -4 0
80 -4 0
80 0 -4
80 0 -4
80 0 -4
80 0 -4
80 0 -4
80 0 -4
80 0 -4
80 0 -4
80 0 -4
80 0 -4
80 0 -4
80 0 -4
80 0 -4
80 0 -4
80 0 -4
80 0 -4
80 0 -4
80 0 -4
80 0 -4
80 0 -4
80 0 -4
80 0 -4
80 0 -4
80 0 -4
80 0 -4
80 0 -4
80 0 -4
80 4 0
80 4 0
80 4 0
80 4 0
80 4 0
80 4 0
80 4 0
80 4 0
80 4 0
80 4 0
80 4 0
80 4 0
80 4 0
80 4 0
80 4 0
80 4 0
80 4 0
80 4 0
80 4 0
80 4 0
80 4 0
80 4 0
80 4 0
80 4 0
80 4 0
80 4 0
80 4 0
80 0 4
80 0 4
80 0 4
80 0 4
80 0 4
80 0 4
80 0 4
80 0 4
80 0 4
80 0 4
80 0 4
80 0 4
80 0 4
80 0 4
80 0 4
80 0 4
80 0 4
80 0 4
80 0 4
80 0 4
80 0 4
80 0 4
80 0 4
80 0 4
80 0 4
80 0 4
80 0 4
# estimated from=80, to=38, diff=56
81 -4 0
81 -4 0
81 -4 0
81 -4 0
81 -4 0
81 -4 0
81 -4 0
81 -4 0
81 -4 0
81 -4 0
81 -4 0
81 -4 0
81 -4 0
81 -4 0
81 -4 0
81 -4 0
81 -4 0
81 -4 0
81 -4 0
81 -4 0
81 -4 0
81 -4 0
81 -4 0
81 -4 0
81 -4 0
81 -4 0
81 -4 0
81 0 -4
81 0 -4
81 0 -4
81 0 -4
81 0 -4
81 0 -4
81 0 -4
81 0 -4
81 0 -4
81 0 -4
81 0 -4
81 0 -4
81 0 -4
81 0 -4
81 0 -4
81 0 -4
81 0 -4
81 0 -4
81 0 -4
81 0 -4
81 0 -4
81 0 -4
81 0 -4
81 0 -4
81 0 -4
81 0 -4
81 0 -4
81 4 0
81 4 0
81 4 0
81 4 0
81 4 0
81 4 0
81 4 0
81 4 0
81 4 0
81 4 0
81 4 0
81 4 0
81 4 0
81 4 0
81 4 0
81 4 0
81 4 0
81 4 0
81 4 0
81 4 0
81 4 0
81 4 0
81 4 0
81 4 0
81 4 0
81 4 0
81 4 0
81 0 4
81 0 4
81 0 4
81 0 4
81 0 4
81 0 4
81 0 4
81 0 4
81 0 4
81 0 4
81 0 4
81 0 4
81 0 4
81 0 4
81 0 4
81 0 4
81 0 4
81 0 4
81 0 4
81 0 4
81 0 4
81 0 4
81 0 4
81 0 4
81 0 4
81 0 4
81 0 4
# estimated from=81, to=54, diff=100
82 -4 0
82 -4 0
82 -4 0
82 -4 0
82 -4 0
82 -4 0
82 -4 0
82 -4 0
82 -4 0
82 -4 0
82 -4 0
82 -4 0
82 -4 0
82 -4 0
82 -4 0
82 -4 0
82 -4 0
82 -4 0
82 -4 0
82 -4 0
82 -4 0
82 -4 0
82 -4 0
82 -4 0
82 -4 0
82 -4 0
82 -4 0
82 0 -4
82 0 -4
82 0 -4
82 0 -4
82 0 -4
82 0 -4
82 0 -4
82 0 -4
82 0 -4
82 0 -4
82 0 -4
82 0 -4
82 0 -4
82 0 -4
82 0 -4
82 0 -4
82 0 -4
82 0 -4
82 0 -4
82 0 -4
82 0 -4
82 0 -4
82 0 -4
82 0 -4
82 0 -4
82 0 -4
82 0 -4
82 4 0
82 4 0
82 4 0
82 4 0
82 4 0
82 4 0
82 4 0
82 4 0
82 4 0
82 4 0
82 4 0
82 4 0
82 4 0
82 4 0
82 4 0
82 4 0
82 4 0
82 4 0
82 4 0
82 4 0
82 4 0
82 4 0
82 4 0
82 4 0
82 4 0
82 4 0
82 4 0
82 0 4
82 0 4
82 0 4
82 0 4
82 0 4
82 0 4
82 0 4
82 0 4
82 0 4
82 0 4
82 0 4
82 0 4
82 0 4
82 0 4
82 0 4
82 0 4
82 0 4
82 0 4
82 0 4
82 0 4
82 0 4
82 0 4
82 0 4
82 0 4
82 0 4
82 0 4
82 0 4
# estimated from=82, to=72, diff=165
83 -4 0
83 -4 0
83 -4 0
83 -4 0
83 -4 0
83 -4 0
83 -4 0
83 -4 0
83 -4 0
83 -4 0
83 -4 0
83 -4 0
83 -4 0
83 -4 0
83 -4 0
83 -4 0
83 -4 0
83 -4 0
83 -4 0
83 -4 0
83 -4 0
83 -4 0
83 -4 0
83 -4 0
83 -4 0
83 -4 0
83 -4 0
83 0 -4
83 0 -4
83 0 -4
83 0 -4
83 0 -4
83 0 -4
83 0 -4
83 0 -4
83 0 -4
83 0 -4
83 0 -4
83 0 -4
83 0 -4
83 0 -4
83 0 -4
83 0 -4
83 0 -4
83 0 -4
83 0 -4
83 0 -4
83 0 -4
83 0 -4
83 0 -4
83 0 -4
83 0 -4
83 0 -4
83 0 -4
83 4 0
83 4 0
83 4 0
83 4 0
83 4 0
83 4 0
83 4 0
83 4 0
83 4 0
83 4 0
83 4 0
83 4 0
83 4 0
83 4 0
83 4 0
83 4 0
83 4 0
83 4 0
83 4 0
83 4 0
83 4 0
83 4 0
83 4 0
83 4 0
83 4 0
83 4 0
83 4 0
83 0 4
83 0 4
83 0 4
83 0 4
83 0 4
83 0 4
83 0 4
83 0 4
83 0 4
83 0 4
83 0 4
83 0 4
83 0 4
83 0 4
83 0 4
83 0 4
83 0 4
83 0 4
83 0 4
83 0 4
83 0 4
83 0 4
83 0 4
83 0 4
83 0 4
83 0 4
83 0 4
# estimated from=83, to=53, diff=132
84 -4 0
84 -4 0
84 -4 0
84 -4 0
84 -4 0
84 -4 0
84 -4 0
84 -4 0
84 -4 0
84 -4 0
84 -4 0
84 -4 0
84 -4 0
84 -4 0
84 -4 0
84 -4 0
84 -4 0
84 -4 0
84 -4 0
84 -4 0
84 -4 0
84 -4 0
84 -4 0
84 -4 0
84 -4 0
84 -4 0
84 -4 0
84 0 -4
84 0 -4
84 0 -4
84 0 -4
84 0 -4
84 0 -4
84 0 -4
84 0 -4
84 0 -4
84 0 -4
84 0 -4
84 0 -4
84 0 -4
84 0 -4
84 0 -4
84 0 -4
84 0 -4
84 0 -4
84 0 -4
84 0 -4
84 0 -4
84 0 -4
84 0 -4
84 0 -4
84 0 -4
84 0 -4
84 0 -4
84 4 0
84 4 0
84 4 0
84 4 0
84 4 0
84 4 0
84 4 0
84 4 0
84 4 0
84 4 0
84 4 0
84 4 0
84 4 0
84 4 0
84 4 0
84 4 0
84 4 0
84 4 0
84 4 0
84 4 0
84 4 0
84 4 0
84 4 0
84 4 0
84 4 0
84 4 0
84 4 0
84 0 4
84 0 4
84 0 4
84 0 4
84 0 4
84 0 4
84 0 4
84 0 4
84 0 4
84 0 4
84 0 4
84 0 4
84 0 4
84 0 4
84 0 4
84 0 4
84 0 4
84 0 4
84 0 4
84 0 4
84 0 4
84 0 4
84 0 4
84 0 4
84 0 4
84 0 4
84 0 4
# estimated from=84, to=5, diff=71
85 -4 0
85 -4 0
85 -4 0
85 -4 0
85 -4 0
85 -4 0
85 -4 0
85 -4 0
85 -4 0
85 -4 0
85 -4 0
85 -4 0
85 -4 0
85 -4 0
85 -4 0
85 -4 0
85 -4 0
85 -4 0
85 -4 0
85 -4 0
85 -4 0
85 -4 0
85 -4 0
85 -4 0
85 -4 0
85 -4 0
85 -4 0
85 0 -4
85 0 -4
85 0 -4
85 0 -4
85 0 -4
85 0 -4
85 0 -4
85 0 -4
85 0 -4
85 0 -4
85 0 -4
85 0 -4
85 0 -4
85 0 -4
85 0 -4
85 0 -4
85 0 -4
85 0 -4
85 0 -4
85 0 -4
85 0 -4
85 0 -4
85 0 -4
85 0 -4
85 0 -4
85 0 -4
85 0 -4
85 4 0
85 4 0
85 4 0
85 4 0
85 4 0
85 4 0
85 4 0
85 4 0
85 4 0
85 4 0
85 4 0
85 4 0
85 4 0
85 4 0
85 4 0
85 4 0
85 4 0
85 4 0
85 4 0
85 4 0
85 4 0
85 4 0
85 4 0
85 4 0
85 4 0
85 4 0
85 4 0
85 0 4
85 0 4
85 0 4
85 0 4
85 0 4
85 0 4
85 0 4
85 0 4
85 0 4
85 0 4
85 0 4
85 0 4
85 0 4
85 0 4
85 0 4
85 0 4
85 0 4
85 0 4
85 0 4
85 0 4
85 0 4
85 0 4
85 0 4
85 0 4
85 0 4
85 0 4
85 0 4
# estimated from=85, to=78, diff=105
86 -4 0
86 -4 0
86 -4 0
86 -4 0
86 -4 0
86 -4 0
86 -4 0
86 -4 0
86 -4 0
86 -4 0
86 -4 0
86 -4 0
86 -4 0
86 -4 0
86 -4 0
86 -4 0
86 -4 0
86 -4 0
86 -4 0
86 -4 0
86 -4 0
86 -4 0
86 -4 0
86 -4 0
86 -4 0
86 -4 0
86 -4 0
86 0 -4
86 0 -4
86 0 -4
86 0 -4
86 0 -4
86 0 -4
86 0 -4
86 0 -4
86 0 -4
86 0 -4
86 0 -4
86 0 -4
86 0 -4
86 0 -4
86 0 -4
86 0 -4
86 0 -4
86 0 -4
86 0 -4
86 0 -4
86 0 -4
86 0 -4
86 0 -4
86 0 -4
86 0 -4
86 0 -4
86 0 -4
86 4 0
86 4 0
86 4 0
86 4 0
86 4 0
86 4 0
86 4 0
86 4 0
86 4 0
86 4 0
86 4 0
86 4 0
86 4 0
86 4 0
86 4 0
86 4 0
86 4 0
86 4 0
86 4 0
86 4 0
86 4 0
86 4 0
86 4 0
86 4 0
86 4 0
86 4 0
86 4 0
86 0 4
86 0 4
86 0 4
86 0 4
86 0 4
86 0 4
86 0 4
86 0 4
86 0 4
86 0 4
86 0 4
86 0 4
86 0 4
86 0 4
86 0 4
86 0 4
86 0 4
86 0 4
86 0 4
86 0 4
86 0 4
86 0 4
86 0 4
86 0 4
86 0 4
86 0 4
86 0 4
# estimated from=86, to=62, diff=161
87 -4 0
87 -4 0
87 -4 0
87 -4 0
87 -4 0
87 -4 0
87 -4 0
87 -4 0
87 -4 0
87 -4 0
87 -4 0
87 -4 0
87 -4 0
87 -4 0
87 -4 0
87 -4 0
87 -4 0
87 -4 0
87 -4 0
87 -4 0
87 -4 0
87 -4 0
87 -4 0
87 -4 0
87 -4 0
87 -4 0
87 -4 0
87 0 -4
87 0 -4
87 0 -4
87 0 -4
87 0 -4
87 0 -4
87 0 -4
87 0 -4
87 0 -4
87 0 -4
87 0 -4
87 0 -4
87 0 -4
87 0 -4
87 0 -4
87 0 -4
87 0 -4
87 0 -4
87 0 -4
87 0 -4
87 0 -4
87 0 -4
87 0 -4
87 0 -4
87 0 -4
87 0 -4
87 0 -4
87 4 0
87 4 0
87 4 0
87 4 0
87 4 0
87 4 0
87 4 0
87 4 0
87 4 0
87 4 0
87 4 0
87 4 0
87 4 0
87 4 0
87 4 0
87 4 0
87 4 0
87 4 0
87 4 0
87 4 0
87 4 0
87 4 0
87 4 0
87 4 0
87 4 0
87 4 0
87 4 0
87 0 4
87 0 4
87 0 4
87 0 4
87 0 4
87 0 4
87 0 4
87 0 4
87 0 4
87 0 4
87 0 4
87 0 4
87 0 4
87 0 4
87 0 4
87 0 4
87 0 4
87 0 4
87 0 4
87 0 4
87 0 4
87 0 4
87 0 4
87 0 4
87 0 4
87 0 4
87 0 4
# estimated from=87, to=70, diff=133
88 -4 0
88 -4 0
88 -4 0
88 -4 0
88 -4 0
88 -4 0
88 -4 0
88 -4 0
88 -4 0
88 -4 0
88 -4 0
88 -4 0
88 -4 0
88 -4 0
88 -4 0
88 -4 0
88 -4 0
88 -4 0
88 -4 0
88 -4 0
88 -4 0
88 -4 0
88 -4 0
88 -4 0
88 -4 0
88 -4 0
88 -4 0
88 0 -4
88 0 -4
88 0 -4
88 0 -4
88 0 -4
88 0 -4
88 0 -4
88 0 -4
88 0 -4
88 0 -4
88 0 -4
88 0 -4
88 0 -4
88 0 -4
88 0 -4
88 0 -4
88 0 -4
88 0 -4
88 0 -4
88 0 -4
88 0 -4
88 0 -4
88 0 -4
88 0 -4
88 0 -4
88 0 -4
88 0 -4
88 4 0
88 4 0
88 4 0
88 4 0
88 4 0
88 4 0
88 4 0
88 4 0
88 4 0
88 4 0
88 4 0
88 4 0
88 4 0
88 4 0
88 4 0
88 4 0
88 4 0
88 4 0
88 4 0
88 4 0
88 4 0
88 4 0
88 4 0
88 4 0
88 4 0
88 4 0
88 4 0
88 0 4
88 0 4
88 0 4
88 0 4
88 0 4
88 0 4
88 0 4
88 0 4
88 0 4
88 0 4
88 0 4
88 0 4
88 0 4
88 0 4
88 0 4
88 0 4
88 0 4
88 0 4
88 0 4
88 0 4
88 0 4
88 0 4
88 0 4
88 0 4
88 0 4
88 0 4
88 0 4
# estimated from=88, to=22, diff=138
89 -4 0
89 -4 0
89 -4 0
89 -4 0
89 -4 0
89 -4 0
89 -4 0
89 -4 0
89 -4 0
89 -4 0
89 -4 0
89 -4 0
89 -4 0
89 -4 0
89 -4 0
89 -4 0
89 -4 0
89 -4 0
89 -4 0
89 -4 0
89 -4 0
89 -4 0
89 -4 0
89 -4 0
89 -4 0
89 -4 0
89 -4 0
89 0 -4
89 0 -4
89 0 -4
89 0 -4
89 0 -4
89 0 -4
89 0 -4
89 0 -4
89 0 -4
89 0 -4
89 0 -4
89 0 -4
89 0 -4
89 0 -4
89 0 -4
89 0 -4
89 0 -4
89 0 -4
89 0 -4
89 0 -4
89 0 -4
89 0 -4
89 0 -4
89 0 -4
89 0 -4
89 0 -4
89 0 -4
89 4 0
89 4 0
89 4 0
89 4 0
89 4 0
89 4 0
89 4 0
89 4 0
89 4 0
89 4 0
89 4 0
89 4 0
89 4 0
89 4 0
89 4 0
89 4 0
89 4 0
89 4 0
89 4 0
89 4 0
89 4 0
89 4 0
89 4 0
89 4 0
89 4 0
89 4 0
89 4 0
89 0 4
89 0 4
89 0 4
89 0 4
89 0 4
89 0 4
89 0 4
89 0 4
89 0 4
89 0 4
89 0 4
89 0 4
89 0 4
89 0 4
89 0 4
89 0 4
89 0 4
89 0 4
89 0 4
89 0 4
89 0 4
89 0 4
89 0 4
89 0 4
89 0 4
89 0 4
89 0 4
# estimated from=89, to=49, diff=84
-1 -1 -1
86
24
21
60
66
29
7
9
5
88
44
48
0
43
87
33
8
11
83
37
2
23
50
20
19
1
39
18
34
76
72
81
40
3
6
36
58
56
12
15
85
64
65
39
28
55
15
16
35
79
32
25
42
88
11
68
26
73
75
44
61
67
71
78
14
59
35
13
46
82
75
46
63
27
57
69
25
78
47
52
38
54
72
53
5
78
62
70
22
49
