53 104 151 195 234 267 294 314 326 330 326 314 294 267 234 195 151 104 53
104 158 209 256 298 334 364 386 400 405 400 386 364 334 298 256 209 158 104
151 209 263 314 360 400 433 458 474 479 474 458 433 400 360 314 263 209 151
195 256 314 368 419 463 501 529 547 553 547 529 501 463 419 368 314 256 195
234 298 360 419 474 523 566 599 620 628 620 599 566 523 474 419 360 298 234
267 334 400 463 523 579 628 667 693 702 693 667 628 579 523 463 400 334 267
294 364 433 501 566 628 684 732 765 777 765 732 684 628 566 501 433 364 294
314 386 458 529 599 667 732 789 834 851 834 789 732 667 599 529 458 386 314
326 400 474 547 620 693 765 834 895 926 895 834 765 693 620 547 474 400 326
330 405 479 553 628 702 777 851 926 1000 926 851 777 702 628 553 479 405 330
326 400 474 547 620 693 765 834 895 926 895 834 765 693 620 547 474 400 326
314 386 458 529 599 667 732 789 834 851 834 789 732 667 599 529 458 386 314
294 364 433 501 566 628 684 732 765 777 765 732 684 628 566 501 433 364 294
267 334 400 463 523 579 628 667 693 702 693 667 628 579 523 463 400 334 267
234 298 360 419 474 523 566 599 620 628 620 599 566 523 474 419 360 298 234
195 256 314 368 419 463 501 529 547 553 547 529 501 463 419 368 314 256 195
151 209 263 314 360 400 433 458 474 479 474 458 433 400 360 314 263 209 151
104 158 209 256 298 334 364 386 400 405 400 386 364 334 298 256 209 158 104
53 104 151 195 234 267 294 314 326 330 326 314 294 267 234 195 151 104 53
0 -5 0
0 -5 0
0 -5 0
0 -5 0
0 -5 0
0 -5 0
0 -5 0
0 -5 0
0 -5 0
0 -5 0
0 -5 0
0 -5 0
0 -5 0
0 -5 0
0 -5 0
0 -5 0
0 -5 0
0 -5 0
0 -5 0
0 -5 0
0 -5 0
0 -5 0
0 -5 0
0 -5 0
0 -5 0
0 -5 0
0 -5 0
0 0 -5
0 0 -5
0 0 -5
0 0 -5
0 0 -5
0 0 -5
0 0 -5
0 0 -5
0 0 -5
0 0 -5
0 0 -5
0 0 -5
0 0 -5
0 0 -5
0 0 -5
0 0 -5
0 0 -5
0 0 -5
0 0 -5
0 0 -5
0 0 -5
0 0 -5
0 0 -5
0 0 -5
0 0 -5
0 0 -5
0 0 -5
0 5 0
0 5 0
0 5 0
0 5 0
0 5 0
0 5 0
0 5 0
0 5 0
0 5 0
0 5 0
0 5 0
0 5 0
0 5 0
0 5 0
0 5 0
0 5 0
0 5 0
0 5 0
0 5 0
0 5 0
0 5 0
0 5 0
0 5 0
0 5 0
0 5 0
0 5 0
0 5 0
0 0 5
0 0 5
0 0 5
0 0 5
0 0 5
0 0 5
0 0 5
0 0 5
0 0 5
0 0 5
0 0 5
0 0 5
0 0 5
0 0 5
0 0 5
0 0 5
0 0 5
0 0 5
0 0 5
0 0 5
0 0 5
0 0 5
0 0 5
0 0 5
0 0 5
0 0 5
0 0 5
1 -5 0
1 -5 0
1 -5 0
1 -5 0
1 -5 0
1 -5 0
1 -5 0
1 -5 0
1 -5 0
1 -5 0
1 -5 0
1 -5 0
1 -5 0
1 -5 0
1 -5 0
1 -5 0
1 -5 0
1 -5 0
1 -5 0
1 -5 0
1 -5 0
1 -5 0
1 -5 0
1 -5 0
1 -5 0
1 -5 0
1 -5 0
1 0 -5
1 0 -5
1 0 -5
1 0 -5
1 0 -5
1 0 -5
1 0 -5
1 0 -5
1 0 -5
1 0 -5
1 0 -5
1 0 -5
1 0 -5
1 0 -5
1 0 -5
1 0 -5
1 0 -5
1 0 -5
1 0 -5
1 0 -5
1 0 -5
1 0 -5
1 0 -5
1 0 -5
1 0 -5
1 0 -5
1 0 -5
1 5 0
1 5 0
1 5 0
1 5 0
1 5 0
1 5 0
1 5 0
1 5 0
1 5 0
1 5 0
1 5 0
1 5 0
1 5 0
1 5 0
1 5 0
1 5 0
1 5 0
1 5 0
1 5 0
1 5 0
1 5 0
1 5 0
1 5 0
1 5 0
1 5 0
1 5 0
1 5 0
1 0 5
1 0 5
1 0 5
1 0 5
1 0 5
1 0 5
1 0 5
1 0 5
1 0 5
1 0 5
1 0 5
1 0 5
1 0 5
1 0 5
1 0 5
1 0 5
1 0 5
1 0 5
1 0 5
1 0 5
1 0 5
1 0 5
1 0 5
1 0 5
1 0 5
1 0 5
1 0 5
2 -5 0
2 -5 0
2 -5 0
2 -5 0
2 -5 0
2 -5 0
2 -5 0
2 -5 0
2 -5 0
2 -5 0
2 -5 0
2 -5 0
2 -5 0
2 -5 0
2 -5 0
2 -5 0
2 -5 0
2 -5 0
2 -5 0
2 -5 0
2 -5 0
2 -5 0
2 -5 0
2 -5 0
2 -5 0
2 -5 0
2 -5 0
2 0 -5
2 0 -5
2 0 -5
2 0 -5
2 0 -5
2 0 -5
2 0 -5
2 0 -5
2 0 -5
2 0 -5
2 0 -5
2 0 -5
2 0 -5
2 0 -5
2 0 -5
2 0 -5
2 0 -5
2 0 -5
2 0 -5
2 0 -5
2 0 -5
2 0 -5
2 0 -5
2 0 -5
2 0 -5
2 0 -5
2 0 -5
2 5 0
2 5 0
2 5 0
2 5 0
2 5 0
2 5 0
2 5 0
2 5 0
2 5 0
2 5 0
2 5 0
2 5 0
2 5 0
2 5 0
2 5 0
2 5 0
2 5 0
2 5 0
2 5 0
2 5 0
2 5 0
2 5 0
2 5 0
2 5 0
2 5 0
2 5 0
2 5 0
2 0 5
2 0 5
2 0 5
2 0 5
2 0 5
2 0 5
2 0 5
2 0 5
2 0 5
2 0 5
2 0 5
2 0 5
2 0 5
2 0 5
2 0 5
2 0 5
2 0 5
2 0 5
2 0 5
2 0 5
2 0 5
2 0 5
2 0 5
2 0 5
2 0 5
2 0 5
2 0 5
3 -5 0
3 -5 0
3 -5 0
3 -5 0
3 -5 0
3 -5 0
3 -5 0
3 -5 0
3 -5 0
3 -5 0
3 -5 0
3 -5 0
3 -5 0
3 -5 0
3 -5 0
3 -5 0
3 -5 0
3 -5 0
3 -5 0
3 -5 0
3 -5 0
3 -5 0
3 -5 0
3 -5 0
3 -5 0
3 -5 0
3 -5 0
3 0 -5
3 0 -5
3 0 -5
3 0 -5
3 0 -5
3 0 -5
3 0 -5
3 0 -5
3 0 -5
3 0 -5
3 0 -5
3 0 -5
3 0 -5
3 0 -5
3 0 -5
3 0 -5
3 0 -5
3 0 -5
3 0 -5
3 0 -5
3 0 -5
3 0 -5
3 0 -5
3 0 -5
3 0 -5
3 0 -5
3 0 -5
3 5 0
3 5 0
3 5 0
3 5 0
3 5 0
3 5 0
3 5 0
3 5 0
3 5 0
3 5 0
3 5 0
3 5 0
3 5 0
3 5 0
3 5 0
3 5 0
3 5 0
3 5 0
3 5 0
3 5 0
3 5 0
3 5 0
3 5 0
3 5 0
3 5 0
3 5 0
3 5 0
3 0 5
3 0 5
3 0 5
3 0 5
3 0 5
3 0 5
3 0 5
3 0 5
3 0 5
3 0 5
3 0 5
3 0 5
3 0 5
3 0 5
3 0 5
3 0 5
3 0 5
3 0 5
3 0 5
3 0 5
3 0 5
3 0 5
3 0 5
3 0 5
3 0 5
3 0 5
3 0 5
4 -5 0
4 -5 0
4 -5 0
4 -5 0
4 -5 0
4 -5 0
4 -5 0
4 -5 0
4 -5 0
4 -5 0
4 -5 0
4 -5 0
4 -5 0
4 -5 0
4 -5 0
4 -5 0
4 -5 0
4 -5 0
4 -5 0
4 -5 0
4 -5 0
4 -5 0
4 -5 0
4 -5 0
4 -5 0
4 -5 0
4 -5 0
4 0 -5
4 0 -5
4 0 -5
4 0 -5
4 0 -5
4 0 -5
4 0 -5
4 0 -5
4 0 -5
4 0 -5
4 0 -5
4 0 -5
4 0 -5
4 0 -5
4 0 -5
4 0 -5
4 0 -5
4 0 -5
4 0 -5
4 0 -5
4 0 -5
4 0 -5
4 0 -5
4 0 -5
4 0 -5
4 0 -5
4 0 -5
4 5 0
4 5 0
4 5 0
4 5 0
4 5 0
4 5 0
4 5 0
4 5 0
4 5 0
4 5 0
4 5 0
4 5 0
4 5 0
4 5 0
4 5 0
4 5 0
4 5 0
4 5 0
4 5 0
4 5 0
4 5 0
4 5 0
4 5 0
4 5 0
4 5 0
4 5 0
4 5 0
4 0 5
4 0 5
4 0 5
4 0 5
4 0 5
4 0 5
4 0 5
4 0 5
4 0 5
4 0 5
4 0 5
4 0 5
4 0 5
4 0 5
4 0 5
4 0 5
4 0 5
4 0 5
4 0 5
4 0 5
4 0 5
4 0 5
4 0 5
4 0 5
4 0 5
4 0 5
4 0 5
5 -5 0
5 -5 0
5 -5 0
5 -5 0
5 -5 0
5 -5 0
5 -5 0
5 -5 0
5 -5 0
5 -5 0
5 -5 0
5 -5 0
5 -5 0
5 -5 0
5 -5 0
5 -5 0
5 -5 0
5 -5 0
5 -5 0
5 -5 0
5 -5 0
5 -5 0
5 -5 0
5 -5 0
5 -5 0
5 -5 0
5 -5 0
5 0 -5
5 0 -5
5 0 -5
5 0 -5
5 0 -5
5 0 -5
5 0 -5
5 0 -5
5 0 -5
5 0 -5
5 0 -5
5 0 -5
5 0 -5
5 0 -5
5 0 -5
5 0 -5
5 0 -5
5 0 -5
5 0 -5
5 0 -5
5 0 -5
5 0 -5
5 0 -5
5 0 -5
5 0 -5
5 0 -5
5 0 -5
5 5 0
5 5 0
5 5 0
5 5 0
5 5 0
5 5 0
5 5 0
5 5 0
5 5 0
5 5 0
5 5 0
5 5 0
5 5 0
5 5 0
5 5 0
5 5 0
5 5 0
5 5 0
5 5 0
5 5 0
5 5 0
5 5 0
5 5 0
5 5 0
5 5 0
5 5 0
5 5 0
5 0 5
5 0 5
5 0 5
5 0 5
5 0 5
5 0 5
5 0 5
5 0 5
5 0 5
5 0 5
5 0 5
5 0 5
5 0 5
5 0 5
5 0 5
5 0 5
5 0 5
5 0 5
5 0 5
5 0 5
5 0 5
5 0 5
5 0 5
5 0 5
5 0 5
5 0 5
5 0 5
6 -5 0
6 -5 0
6 -5 0
6 -5 0
6 -5 0
6 -5 0
6 -5 0
6 -5 0
6 -5 0
6 -5 0
6 -5 0
6 -5 0
6 -5 0
6 -5 0
6 -5 0
6 -5 0
6 -5 0
6 -5 0
6 -5 0
6 -5 0
6 -5 0
6 -5 0
6 -5 0
6 -5 0
6 -5 0
6 -5 0
6 -5 0
6 0 -5
6 0 -5
6 0 -5
6 0 -5
6 0 -5
6 0 -5
6 0 -5
6 0 -5
6 0 -5
6 0 -5
6 0 -5
6 0 -5
6 0 -5
6 0 -5
6 0 -5
6 0 -5
6 0 -5
6 0 -5
6 0 -5
6 0 -5
6 0 -5
6 0 -5
6 0 -5
6 0 -5
6 0 -5
6 0 -5
6 0 -5
6 5 0
6 5 0
6 5 0
6 5 0
6 5 0
6 5 0
6 5 0
6 5 0
6 5 0
6 5 0
6 5 0
6 5 0
6 5 0
6 5 0
6 5 0
6 5 0
6 5 0
6 5 0
6 5 0
6 5 0
6 5 0
6 5 0
6 5 0
6 5 0
6 5 0
6 5 0
6 5 0
6 0 5
6 0 5
6 0 5
6 0 5
6 0 5
6 0 5
6 0 5
6 0 5
6 0 5
6 0 5
6 0 5
6 0 5
6 0 5
6 0 5
6 0 5
6 0 5
6 0 5
6 0 5
6 0 5
6 0 5
6 0 5
6 0 5
6 0 5
6 0 5
6 0 5
6 0 5
6 0 5
7 -5 0
7 -5 0
7 -5 0
7 -5 0
7 -5 0
7 -5 0
7 -5 0
7 -5 0
7 -5 0
7 -5 0
7 -5 0
7 -5 0
7 -5 0
7 -5 0
7 -5 0
7 -5 0
7 -5 0
7 -5 0
7 -5 0
7 -5 0
7 -5 0
7 -5 0
7 -5 0
7 -5 0
7 -5 0
7 -5 0
7 -5 0
7 0 -5
7 0 -5
7 0 -5
7 0 -5
7 0 -5
7 0 -5
7 0 -5
7 0 -5
7 0 -5
7 0 -5
7 0 -5
7 0 -5
7 0 -5
7 0 -5
7 0 -5
7 0 -5
7 0 -5
7 0 -5
7 0 -5
7 0 -5
7 0 -5
7 0 -5
7 0 -5
7 0 -5
7 0 -5
7 0 -5
7 0 -5
7 5 0
7 5 0
7 5 0
7 5 0
7 5 0
7 5 0
7 5 0
7 5 0
7 5 0
7 5 0
7 5 0
7 5 0
7 5 0
7 5 0
7 5 0
7 5 0
7 5 0
7 5 0
7 5 0
7 5 0
7 5 0
7 5 0
7 5 0
7 5 0
7 5 0
7 5 0
7 5 0
7 0 5
7 0 5
7 0 5
7 0 5
7 0 5
7 0 5
7 0 5
7 0 5
7 0 5
7 0 5
7 0 5
7 0 5
7 0 5
7 0 5
7 0 5
7 0 5
7 0 5
7 0 5
7 0 5
7 0 5
7 0 5
7 0 5
7 0 5
7 0 5
7 0 5
7 0 5
7 0 5
8 -5 0
8 -5 0
8 -5 0
8 -5 0
8 -5 0
8 -5 0
8 -5 0
8 -5 0
8 -5 0
8 -5 0
8 -5 0
8 -5 0
8 -5 0
8 -5 0
8 -5 0
8 -5 0
8 -5 0
8 -5 0
8 -5 0
8 -5 0
8 -5 0
8 -5 0
8 -5 0
8 -5 0
8 -5 0
8 -5 0
8 -5 0
8 0 -5
8 0 -5
8 0 -5
8 0 -5
8 0 -5
8 0 -5
8 0 -5
8 0 -5
8 0 -5
8 0 -5
8 0 -5
8 0 -5
8 0 -5
8 0 -5
8 0 -5
8 0 -5
8 0 -5
8 0 -5
8 0 -5
8 0 -5
8 0 -5
8 0 -5
8 0 -5
8 0 -5
8 0 -5
8 0 -5
8 0 -5
8 5 0
8 5 0
8 5 0
8 5 0
8 5 0
8 5 0
8 5 0
8 5 0
8 5 0
8 5 0
8 5 0
8 5 0
8 5 0
8 5 0
8 5 0
8 5 0
8 5 0
8 5 0
8 5 0
8 5 0
8 5 0
8 5 0
8 5 0
8 5 0
8 5 0
8 5 0
8 5 0
8 0 5
8 0 5
8 0 5
8 0 5
8 0 5
8 0 5
8 0 5
8 0 5
8 0 5
8 0 5
8 0 5
8 0 5
8 0 5
8 0 5
8 0 5
8 0 5
8 0 5
8 0 5
8 0 5
8 0 5
8 0 5
8 0 5
8 0 5
8 0 5
8 0 5
8 0 5
8 0 5
9 -5 0
9 -5 0
9 -5 0
9 -5 0
9 -5 0
9 -5 0
9 -5 0
9 -5 0
9 -5 0
9 -5 0
9 -5 0
9 -5 0
9 -5 0
9 -5 0
9 -5 0
9 -5 0
9 -5 0
9 -5 0
9 -5 0
9 -5 0
9 -5 0
9 -5 0
9 -5 0
9 -5 0
9 -5 0
9 -5 0
9 -5 0
9 0 -5
9 0 -5
9 0 -5
9 0 -5
9 0 -5
9 0 -5
9 0 -5
9 0 -5
9 0 -5
9 0 -5
9 0 -5
9 0 -5
9 0 -5
9 0 -5
9 0 -5
9 0 -5
9 0 -5
9 0 -5
9 0 -5
9 0 -5
9 0 -5
9 0 -5
9 0 -5
9 0 -5
9 0 -5
9 0 -5
9 0 -5
9 5 0
9 5 0
9 5 0
9 5 0
9 5 0
9 5 0
9 5 0
9 5 0
9 5 0
9 5 0
9 5 0
9 5 0
9 5 0
9 5 0
9 5 0
9 5 0
9 5 0
9 5 0
9 5 0
9 5 0
9 5 0
9 5 0
9 5 0
9 5 0
9 5 0
9 5 0
9 5 0
9 0 5
9 0 5
9 0 5
9 0 5
9 0 5
9 0 5
9 0 5
9 0 5
9 0 5
9 0 5
9 0 5
9 0 5
9 0 5
9 0 5
9 0 5
9 0 5
9 0 5
9 0 5
9 0 5
9 0 5
9 0 5
9 0 5
9 0 5
9 0 5
9 0 5
9 0 5
9 0 5
10 -5 0
10 -5 0
10 -5 0
10 -5 0
10 -5 0
10 -5 0
10 -5 0
10 -5 0
10 -5 0
10 -5 0
10 -5 0
10 -5 0
10 -5 0
10 -5 0
10 -5 0
10 -5 0
10 -5 0
10 -5 0
10 -5 0
10 -5 0
10 -5 0
10 -5 0
10 -5 0
10 -5 0
10 -5 0
10 -5 0
10 -5 0
10 0 -5
10 0 -5
10 0 -5
10 0 -5
10 0 -5
10 0 -5
10 0 -5
10 0 -5
10 0 -5
10 0 -5
10 0 -5
10 0 -5
10 0 -5
10 0 -5
10 0 -5
10 0 -5
10 0 -5
10 0 -5
10 0 -5
10 0 -5
10 0 -5
10 0 -5
10 0 -5
10 0 -5
10 0 -5
10 0 -5
10 0 -5
10 5 0
10 5 0
10 5 0
10 5 0
10 5 0
10 5 0
10 5 0
10 5 0
10 5 0
10 5 0
10 5 0
10 5 0
10 5 0
10 5 0
10 5 0
10 5 0
10 5 0
10 5 0
10 5 0
10 5 0
10 5 0
10 5 0
10 5 0
10 5 0
10 5 0
10 5 0
10 5 0
10 0 5
10 0 5
10 0 5
10 0 5
10 0 5
10 0 5
10 0 5
10 0 5
10 0 5
10 0 5
10 0 5
10 0 5
10 0 5
10 0 5
10 0 5
10 0 5
10 0 5
10 0 5
10 0 5
10 0 5
10 0 5
10 0 5
10 0 5
10 0 5
10 0 5
10 0 5
10 0 5
11 -5 0
11 -5 0
11 -5 0
11 -5 0
11 -5 0
11 -5 0
11 -5 0
11 -5 0
11 -5 0
11 -5 0
11 -5 0
11 -5 0
11 -5 0
11 -5 0
11 -5 0
11 -5 0
11 -5 0
11 -5 0
11 -5 0
11 -5 0
11 -5 0
11 -5 0
11 -5 0
11 -5 0
11 -5 0
11 -5 0
11 -5 0
11 0 -5
11 0 -5
11 0 -5
11 0 -5
11 0 -5
11 0 -5
11 0 -5
11 0 -5
11 0 -5
11 0 -5
11 0 -5
11 0 -5
11 0 -5
11 0 -5
11 0 -5
11 0 -5
11 0 -5
11 0 -5
11 0 -5
11 0 -5
11 0 -5
11 0 -5
11 0 -5
11 0 -5
11 0 -5
11 0 -5
11 0 -5
11 5 0
11 5 0
11 5 0
11 5 0
11 5 0
11 5 0
11 5 0
11 5 0
11 5 0
11 5 0
11 5 0
11 5 0
11 5 0
11 5 0
11 5 0
11 5 0
11 5 0
11 5 0
11 5 0
11 5 0
11 5 0
11 5 0
11 5 0
11 5 0
11 5 0
11 5 0
11 5 0
11 0 5
11 0 5
11 0 5
11 0 5
11 0 5
11 0 5
11 0 5
11 0 5
11 0 5
11 0 5
11 0 5
11 0 5
11 0 5
11 0 5
11 0 5
11 0 5
11 0 5
11 0 5
11 0 5
11 0 5
11 0 5
11 0 5
11 0 5
11 0 5
11 0 5
11 0 5
11 0 5
12 -5 0
12 -5 0
12 -5 0
12 -5 0
12 -5 0
12 -5 0
12 -5 0
12 -5 0
12 -5 0
12 -5 0
12 -5 0
12 -5 0
12 -5 0
12 -5 0
12 -5 0
12 -5 0
12 -5 0
12 -5 0
12 -5 0
12 -5 0
12 -5 0
12 -5 0
12 -5 0
12 -5 0
12 -5 0
12 -5 0
12 -5 0
12 0 -5
12 0 -5
12 0 -5
12 0 -5
12 0 -5
12 0 -5
12 0 -5
12 0 -5
12 0 -5
12 0 -5
12 0 -5
12 0 -5
12 0 -5
12 0 -5
12 0 -5
12 0 -5
12 0 -5
12 0 -5
12 0 -5
12 0 -5
12 0 -5
12 0 -5
12 0 -5
12 0 -5
12 0 -5
12 0 -5
12 0 -5
12 5 0
12 5 0
12 5 0
12 5 0
12 5 0
12 5 0
12 5 0
12 5 0
12 5 0
12 5 0
12 5 0
12 5 0
12 5 0
12 5 0
12 5 0
12 5 0
12 5 0
12 5 0
12 5 0
12 5 0
12 5 0
12 5 0
12 5 0
12 5 0
12 5 0
12 5 0
12 5 0
12 0 5
12 0 5
12 0 5
12 0 5
12 0 5
12 0 5
12 0 5
12 0 5
12 0 5
12 0 5
12 0 5
12 0 5
12 0 5
12 0 5
12 0 5
12 0 5
12 0 5
12 0 5
12 0 5
12 0 5
12 0 5
12 0 5
12 0 5
12 0 5
12 0 5
12 0 5
12 0 5
13 -5 0
13 -5 0
13 -5 0
13 -5 0
13 -5 0
13 -5 0
13 -5 0
13 -5 0
13 -5 0
13 -5 0
13 -5 0
13 -5 0
13 -5 0
13 -5 0
13 -5 0
13 -5 0
13 -5 0
13 -5 0
13 -5 0
13 -5 0
13 -5 0
13 -5 0
13 -5 0
13 -5 0
13 -5 0
13 -5 0
13 -5 0
13 0 -5
13 0 -5
13 0 -5
13 0 -5
13 0 -5
13 0 -5
13 0 -5
13 0 -5
13 0 -5
13 0 -5
13 0 -5
13 0 -5
13 0 -5
13 0 -5
13 0 -5
13 0 -5
13 0 -5
13 0 -5
13 0 -5
13 0 -5
13 0 -5
13 0 -5
13 0 -5
13 0 -5
13 0 -5
13 0 -5
13 0 -5
13 5 0
13 5 0
13 5 0
13 5 0
13 5 0
13 5 0
13 5 0
13 5 0
13 5 0
13 5 0
13 5 0
13 5 0
13 5 0
13 5 0
13 5 0
13 5 0
13 5 0
13 5 0
13 5 0
13 5 0
13 5 0
13 5 0
13 5 0
13 5 0
13 5 0
13 5 0
13 5 0
13 0 5
13 0 5
13 0 5
13 0 5
13 0 5
13 0 5
13 0 5
13 0 5
13 0 5
13 0 5
13 0 5
13 0 5
13 0 5
13 0 5
13 0 5
13 0 5
13 0 5
13 0 5
13 0 5
13 0 5
13 0 5
13 0 5
13 0 5
13 0 5
13 0 5
13 0 5
13 0 5
14 -5 0
14 -5 0
14 -5 0
14 -5 0
14 -5 0
14 -5 0
14 -5 0
14 -5 0
14 -5 0
14 -5 0
14 -5 0
14 -5 0
14 -5 0
14 -5 0
14 -5 0
14 -5 0
14 -5 0
14 -5 0
14 -5 0
14 -5 0
14 -5 0
14 -5 0
14 -5 0
14 -5 0
14 -5 0
14 -5 0
14 -5 0
14 0 -5
14 0 -5
14 0 -5
14 0 -5
14 0 -5
14 0 -5
14 0 -5
14 0 -5
14 0 -5
14 0 -5
14 0 -5
14 0 -5
14 0 -5
14 0 -5
14 0 -5
14 0 -5
14 0 -5
14 0 -5
14 0 -5
14 0 -5
14 0 -5
14 0 -5
14 0 -5
14 0 -5
14 0 -5
14 0 -5
14 0 -5
14 5 0
14 5 0
14 5 0
14 5 0
14 5 0
14 5 0
14 5 0
14 5 0
14 5 0
14 5 0
14 5 0
14 5 0
14 5 0
14 5 0
14 5 0
14 5 0
14 5 0
14 5 0
14 5 0
14 5 0
14 5 0
14 5 0
14 5 0
14 5 0
14 5 0
14 5 0
14 5 0
14 0 5
14 0 5
14 0 5
14 0 5
14 0 5
14 0 5
14 0 5
14 0 5
14 0 5
14 0 5
14 0 5
14 0 5
14 0 5
14 0 5
14 0 5
14 0 5
14 0 5
14 0 5
14 0 5
14 0 5
14 0 5
14 0 5
14 0 5
14 0 5
14 0 5
14 0 5
14 0 5
15 -5 0
15 -5 0
15 -5 0
15 -5 0
15 -5 0
15 -5 0
15 -5 0
15 -5 0
15 -5 0
15 -5 0
15 -5 0
15 -5 0
15 -5 0
15 -5 0
15 -5 0
15 -5 0
15 -5 0
15 -5 0
15 -5 0
15 -5 0
15 -5 0
15 -5 0
15 -5 0
15 -5 0
15 -5 0
15 -5 0
15 -5 0
15 0 -5
15 0 -5
15 0 -5
15 0 -5
15 0 -5
15 0 -5
15 0 -5
15 0 -5
15 0 -5
15 0 -5
15 0 -5
15 0 -5
15 0 -5
15 0 -5
15 0 -5
15 0 -5
15 0 -5
15 0 -5
15 0 -5
15 0 -5
15 0 -5
15 0 -5
15 0 -5
15 0 -5
15 0 -5
15 0 -5
15 0 -5
15 5 0
15 5 0
15 5 0
15 5 0
15 5 0
15 5 0
15 5 0
15 5 0
15 5 0
15 5 0
15 5 0
15 5 0
15 5 0
15 5 0
15 5 0
15 5 0
15 5 0
15 5 0
15 5 0
15 5 0
15 5 0
15 5 0
15 5 0
15 5 0
15 5 0
15 5 0
15 5 0
15 0 5
15 0 5
15 0 5
15 0 5
15 0 5
15 0 5
15 0 5
15 0 5
15 0 5
15 0 5
15 0 5
15 0 5
15 0 5
15 0 5
15 0 5
15 0 5
15 0 5
15 0 5
15 0 5
15 0 5
15 0 5
15 0 5
15 0 5
15 0 5
15 0 5
15 0 5
15 0 5
16 -5 0
16 -5 0
16 -5 0
16 -5 0
16 -5 0
16 -5 0
16 -5 0
16 -5 0
16 -5 0
16 -5 0
16 -5 0
16 -5 0
16 -5 0
16 -5 0
16 -5 0
16 -5 0
16 -5 0
16 -5 0
16 -5 0
16 -5 0
16 -5 0
16 -5 0
16 -5 0
16 -5 0
16 -5 0
16 -5 0
16 -5 0
16 0 -5
16 0 -5
16 0 -5
16 0 -5
16 0 -5
16 0 -5
16 0 -5
16 0 -5
16 0 -5
16 0 -5
16 0 -5
16 0 -5
16 0 -5
16 0 -5
16 0 -5
16 0 -5
16 0 -5
16 0 -5
16 0 -5
16 0 -5
16 0 -5
16 0 -5
16 0 -5
16 0 -5
16 0 -5
16 0 -5
16 0 -5
16 5 0
16 5 0
16 5 0
16 5 0
16 5 0
16 5 0
16 5 0
16 5 0
16 5 0
16 5 0
16 5 0
16 5 0
16 5 0
16 5 0
16 5 0
16 5 0
16 5 0
16 5 0
16 5 0
16 5 0
16 5 0
16 5 0
16 5 0
16 5 0
16 5 0
16 5 0
16 5 0
16 0 5
16 0 5
16 0 5
16 0 5
16 0 5
16 0 5
16 0 5
16 0 5
16 0 5
16 0 5
16 0 5
16 0 5
16 0 5
16 0 5
16 0 5
16 0 5
16 0 5
16 0 5
16 0 5
16 0 5
16 0 5
16 0 5
16 0 5
16 0 5
16 0 5
16 0 5
16 0 5
17 -5 0
17 -5 0
17 -5 0
17 -5 0
17 -5 0
17 -5 0
17 -5 0
17 -5 0
17 -5 0
17 -5 0
17 -5 0
17 -5 0
17 -5 0
17 -5 0
17 -5 0
17 -5 0
17 -5 0
17 -5 0
17 -5 0
17 -5 0
17 -5 0
17 -5 0
17 -5 0
17 -5 0
17 -5 0
17 -5 0
17 -5 0
17 0 -5
17 0 -5
17 0 -5
17 0 -5
17 0 -5
17 0 -5
17 0 -5
17 0 -5
17 0 -5
17 0 -5
17 0 -5
17 0 -5
17 0 -5
17 0 -5
17 0 -5
17 0 -5
17 0 -5
17 0 -5
17 0 -5
17 0 -5
17 0 -5
17 0 -5
17 0 -5
17 0 -5
17 0 -5
17 0 -5
17 0 -5
17 5 0
17 5 0
17 5 0
17 5 0
17 5 0
17 5 0
17 5 0
17 5 0
17 5 0
17 5 0
17 5 0
17 5 0
17 5 0
17 5 0
17 5 0
17 5 0
17 5 0
17 5 0
17 5 0
17 5 0
17 5 0
17 5 0
17 5 0
17 5 0
17 5 0
17 5 0
17 5 0
17 0 5
17 0 5
17 0 5
17 0 5
17 0 5
17 0 5
17 0 5
17 0 5
17 0 5
17 0 5
17 0 5
17 0 5
17 0 5
17 0 5
17 0 5
17 0 5
17 0 5
17 0 5
17 0 5
17 0 5
17 0 5
17 0 5
17 0 5
17 0 5
17 0 5
17 0 5
17 0 5
18 -5 0
18 -5 0
18 -5 0
18 -5 0
18 -5 0
18 -5 0
18 -5 0
18 -5 0
18 -5 0
18 -5 0
18 -5 0
18 -5 0
18 -5 0
18 -5 0
18 -5 0
18 -5 0
18 -5 0
18 -5 0
18 -5 0
18 -5 0
18 -5 0
18 -5 0
18 -5 0
18 -5 0
18 -5 0
18 -5 0
18 -5 0
18 0 -5
18 0 -5
18 0 -5
18 0 -5
18 0 -5
18 0 -5
18 0 -5
18 0 -5
18 0 -5
18 0 -5
18 0 -5
18 0 -5
18 0 -5
18 0 -5
18 0 -5
18 0 -5
18 0 -5
18 0 -5
18 0 -5
18 0 -5
18 0 -5
18 0 -5
18 0 -5
18 0 -5
18 0 -5
18 0 -5
18 0 -5
18 5 0
18 5 0
18 5 0
18 5 0
18 5 0
18 5 0
18 5 0
18 5 0
18 5 0
18 5 0
18 5 0
18 5 0
18 5 0
18 5 0
18 5 0
18 5 0
18 5 0
18 5 0
18 5 0
18 5 0
18 5 0
18 5 0
18 5 0
18 5 0
18 5 0
18 5 0
18 5 0
18 0 5
18 0 5
18 0 5
18 0 5
18 0 5
18 0 5
18 0 5
18 0 5
18 0 5
18 0 5
18 0 5
18 0 5
18 0 5
18 0 5
18 0 5
18 0 5
18 0 5
18 0 5
18 0 5
18 0 5
18 0 5
18 0 5
18 0 5
18 0 5
18 0 5
18 0 5
18 0 5
19 -5 0
19 -5 0
19 -5 0
19 -5 0
19 -5 0
19 -5 0
19 -5 0
19 -5 0
19 -5 0
19 -5 0
19 -5 0
19 -5 0
19 -5 0
19 -5 0
19 -5 0
19 -5 0
19 -5 0
19 -5 0
19 -5 0
19 -5 0
19 -5 0
19 -5 0
19 -5 0
19 -5 0
19 -5 0
19 -5 0
19 -5 0
19 0 -5
19 0 -5
19 0 -5
19 0 -5
19 0 -5
19 0 -5
19 0 -5
19 0 -5
19 0 -5
19 0 -5
19 0 -5
19 0 -5
19 0 -5
19 0 -5
19 0 -5
19 0 -5
19 0 -5
19 0 -5
19 0 -5
19 0 -5
19 0 -5
19 0 -5
19 0 -5
19 0 -5
19 0 -5
19 0 -5
19 0 -5
19 5 0
19 5 0
19 5 0
19 5 0
19 5 0
19 5 0
19 5 0
19 5 0
19 5 0
19 5 0
19 5 0
19 5 0
19 5 0
19 5 0
19 5 0
19 5 0
19 5 0
19 5 0
19 5 0
19 5 0
19 5 0
19 5 0
19 5 0
19 5 0
19 5 0
19 5 0
19 5 0
19 0 5
19 0 5
19 0 5
19 0 5
19 0 5
19 0 5
19 0 5
19 0 5
19 0 5
19 0 5
19 0 5
19 0 5
19 0 5
19 0 5
19 0 5
19 0 5
19 0 5
19 0 5
19 0 5
19 0 5
19 0 5
19 0 5
19 0 5
19 0 5
19 0 5
19 0 5
19 0 5
20 -5 0
20 -5 0
20 -5 0
20 -5 0
20 -5 0
20 -5 0
20 -5 0
20 -5 0
20 -5 0
20 -5 0
20 -5 0
20 -5 0
20 -5 0
20 -5 0
20 -5 0
20 -5 0
20 -5 0
20 -5 0
20 -5 0
20 -5 0
20 -5 0
20 -5 0
20 -5 0
20 -5 0
20 -5 0
20 -5 0
20 -5 0
20 0 -5
20 0 -5
20 0 -5
20 0 -5
20 0 -5
20 0 -5
20 0 -5
20 0 -5
20 0 -5
20 0 -5
20 0 -5
20 0 -5
20 0 -5
20 0 -5
20 0 -5
20 0 -5
20 0 -5
20 0 -5
20 0 -5
20 0 -5
20 0 -5
20 0 -5
20 0 -5
20 0 -5
20 0 -5
20 0 -5
20 0 -5
20 5 0
20 5 0
20 5 0
20 5 0
20 5 0
20 5 0
20 5 0
20 5 0
20 5 0
20 5 0
20 5 0
20 5 0
20 5 0
20 5 0
20 5 0
20 5 0
20 5 0
20 5 0
20 5 0
20 5 0
20 5 0
20 5 0
20 5 0
20 5 0
20 5 0
20 5 0
20 5 0
20 0 5
20 0 5
20 0 5
20 0 5
20 0 5
20 0 5
20 0 5
20 0 5
20 0 5
20 0 5
20 0 5
20 0 5
20 0 5
20 0 5
20 0 5
20 0 5
20 0 5
20 0 5
20 0 5
20 0 5
20 0 5
20 0 5
20 0 5
20 0 5
20 0 5
20 0 5
20 0 5
21 -5 0
21 -5 0
21 -5 0
21 -5 0
21 -5 0
21 -5 0
21 -5 0
21 -5 0
21 -5 0
21 -5 0
21 -5 0
21 -5 0
21 -5 0
21 -5 0
21 -5 0
21 -5 0
21 -5 0
21 -5 0
21 -5 0
21 -5 0
21 -5 0
21 -5 0
21 -5 0
21 -5 0
21 -5 0
21 -5 0
21 -5 0
21 0 -5
21 0 -5
21 0 -5
21 0 -5
21 0 -5
21 0 -5
21 0 -5
21 0 -5
21 0 -5
21 0 -5
21 0 -5
21 0 -5
21 0 -5
21 0 -5
21 0 -5
21 0 -5
21 0 -5
21 0 -5
21 0 -5
21 0 -5
21 0 -5
21 0 -5
21 0 -5
21 0 -5
21 0 -5
21 0 -5
21 0 -5
21 5 0
21 5 0
21 5 0
21 5 0
21 5 0
21 5 0
21 5 0
21 5 0
21 5 0
21 5 0
21 5 0
21 5 0
21 5 0
21 5 0
21 5 0
21 5 0
21 5 0
21 5 0
21 5 0
21 5 0
21 5 0
21 5 0
21 5 0
21 5 0
21 5 0
21 5 0
21 5 0
21 0 5
21 0 5
21 0 5
21 0 5
21 0 5
21 0 5
21 0 5
21 0 5
21 0 5
21 0 5
21 0 5
21 0 5
21 0 5
21 0 5
21 0 5
21 0 5
21 0 5
21 0 5
21 0 5
21 0 5
21 0 5
21 0 5
21 0 5
21 0 5
21 0 5
21 0 5
21 0 5
22 -5 0
22 -5 0
22 -5 0
22 -5 0
22 -5 0
22 -5 0
22 -5 0
22 -5 0
22 -5 0
22 -5 0
22 -5 0
22 -5 0
22 -5 0
22 -5 0
22 -5 0
22 -5 0
22 -5 0
22 -5 0
22 -5 0
22 -5 0
22 -5 0
22 -5 0
22 -5 0
22 -5 0
22 -5 0
22 -5 0
22 -5 0
22 0 -5
22 0 -5
22 0 -5
22 0 -5
22 0 -5
22 0 -5
22 0 -5
22 0 -5
22 0 -5
22 0 -5
22 0 -5
22 0 -5
22 0 -5
22 0 -5
22 0 -5
22 0 -5
22 0 -5
22 0 -5
22 0 -5
22 0 -5
22 0 -5
22 0 -5
22 0 -5
22 0 -5
22 0 -5
22 0 -5
22 0 -5
22 5 0
22 5 0
22 5 0
22 5 0
22 5 0
22 5 0
22 5 0
22 5 0
22 5 0
22 5 0
22 5 0
22 5 0
22 5 0
22 5 0
22 5 0
22 5 0
22 5 0
22 5 0
22 5 0
22 5 0
22 5 0
22 5 0
22 5 0
22 5 0
22 5 0
22 5 0
22 5 0
22 0 5
22 0 5
22 0 5
22 0 5
22 0 5
22 0 5
22 0 5
22 0 5
22 0 5
22 0 5
22 0 5
22 0 5
22 0 5
22 0 5
22 0 5
22 0 5
22 0 5
22 0 5
22 0 5
22 0 5
22 0 5
22 0 5
22 0 5
22 0 5
22 0 5
22 0 5
22 0 5
23 -5 0
23 -5 0
23 -5 0
23 -5 0
23 -5 0
23 -5 0
23 -5 0
23 -5 0
23 -5 0
23 -5 0
23 -5 0
23 -5 0
23 -5 0
23 -5 0
23 -5 0
23 -5 0
23 -5 0
23 -5 0
23 -5 0
23 -5 0
23 -5 0
23 -5 0
23 -5 0
23 -5 0
23 -5 0
23 -5 0
23 -5 0
23 0 -5
23 0 -5
23 0 -5
23 0 -5
23 0 -5
23 0 -5
23 0 -5
23 0 -5
23 0 -5
23 0 -5
23 0 -5
23 0 -5
23 0 -5
23 0 -5
23 0 -5
23 0 -5
23 0 -5
23 0 -5
23 0 -5
23 0 -5
23 0 -5
23 0 -5
23 0 -5
23 0 -5
23 0 -5
23 0 -5
23 0 -5
23 5 0
23 5 0
23 5 0
23 5 0
23 5 0
23 5 0
23 5 0
23 5 0
23 5 0
23 5 0
23 5 0
23 5 0
23 5 0
23 5 0
23 5 0
23 5 0
23 5 0
23 5 0
23 5 0
23 5 0
23 5 0
23 5 0
23 5 0
23 5 0
23 5 0
23 5 0
23 5 0
23 0 5
23 0 5
23 0 5
23 0 5
23 0 5
23 0 5
23 0 5
23 0 5
23 0 5
23 0 5
23 0 5
23 0 5
23 0 5
23 0 5
23 0 5
23 0 5
23 0 5
23 0 5
23 0 5
23 0 5
23 0 5
23 0 5
23 0 5
23 0 5
23 0 5
23 0 5
23 0 5
24 -5 0
24 -5 0
24 -5 0
24 -5 0
24 -5 0
24 -5 0
24 -5 0
24 -5 0
24 -5 0
24 -5 0
24 -5 0
24 -5 0
24 -5 0
24 -5 0
24 -5 0
24 -5 0
24 -5 0
24 -5 0
24 -5 0
24 -5 0
24 -5 0
24 -5 0
24 -5 0
24 -5 0
24 -5 0
24 -5 0
24 -5 0
24 0 -5
24 0 -5
24 0 -5
24 0 -5
24 0 -5
24 0 -5
24 0 -5
24 0 -5
24 0 -5
24 0 -5
24 0 -5
24 0 -5
24 0 -5
24 0 -5
24 0 -5
24 0 -5
24 0 -5
24 0 -5
24 0 -5
24 0 -5
24 0 -5
24 0 -5
24 0 -5
24 0 -5
24 0 -5
24 0 -5
24 0 -5
24 5 0
24 5 0
24 5 0
24 5 0
24 5 0
24 5 0
24 5 0
24 5 0
24 5 0
24 5 0
24 5 0
24 5 0
24 5 0
24 5 0
24 5 0
24 5 0
24 5 0
24 5 0
24 5 0
24 5 0
24 5 0
24 5 0
24 5 0
24 5 0
24 5 0
24 5 0
24 5 0
24 0 5
24 0 5
24 0 5
24 0 5
24 0 5
24 0 5
24 0 5
24 0 5
24 0 5
24 0 5
24 0 5
24 0 5
24 0 5
24 0 5
24 0 5
24 0 5
24 0 5
24 0 5
24 0 5
24 0 5
24 0 5
24 0 5
24 0 5
24 0 5
24 0 5
24 0 5
24 0 5
25 -5 0
25 -5 0
25 -5 0
25 -5 0
25 -5 0
25 -5 0
25 -5 0
25 -5 0
25 -5 0
25 -5 0
25 -5 0
25 -5 0
25 -5 0
25 -5 0
25 -5 0
25 -5 0
25 -5 0
25 -5 0
25 -5 0
25 -5 0
25 -5 0
25 -5 0
25 -5 0
25 -5 0
25 -5 0
25 -5 0
25 -5 0
25 0 -5
25 0 -5
25 0 -5
25 0 -5
25 0 -5
25 0 -5
25 0 -5
25 0 -5
25 0 -5
25 0 -5
25 0 -5
25 0 -5
25 0 -5
25 0 -5
25 0 -5
25 0 -5
25 0 -5
25 0 -5
25 0 -5
25 0 -5
25 0 -5
25 0 -5
25 0 -5
25 0 -5
25 0 -5
25 0 -5
25 0 -5
25 5 0
25 5 0
25 5 0
25 5 0
25 5 0
25 5 0
25 5 0
25 5 0
25 5 0
25 5 0
25 5 0
25 5 0
25 5 0
25 5 0
25 5 0
25 5 0
25 5 0
25 5 0
25 5 0
25 5 0
25 5 0
25 5 0
25 5 0
25 5 0
25 5 0
25 5 0
25 5 0
25 0 5
25 0 5
25 0 5
25 0 5
25 0 5
25 0 5
25 0 5
25 0 5
25 0 5
25 0 5
25 0 5
25 0 5
25 0 5
25 0 5
25 0 5
25 0 5
25 0 5
25 0 5
25 0 5
25 0 5
25 0 5
25 0 5
25 0 5
25 0 5
25 0 5
25 0 5
25 0 5
26 -5 0
26 -5 0
26 -5 0
26 -5 0
26 -5 0
26 -5 0
26 -5 0
26 -5 0
26 -5 0
26 -5 0
26 -5 0
26 -5 0
26 -5 0
26 -5 0
26 -5 0
26 -5 0
26 -5 0
26 -5 0
26 -5 0
26 -5 0
26 -5 0
26 -5 0
26 -5 0
26 -5 0
26 -5 0
26 -5 0
26 -5 0
26 0 -5
26 0 -5
26 0 -5
26 0 -5
26 0 -5
26 0 -5
26 0 -5
26 0 -5
26 0 -5
26 0 -5
26 0 -5
26 0 -5
26 0 -5
26 0 -5
26 0 -5
26 0 -5
26 0 -5
26 0 -5
26 0 -5
26 0 -5
26 0 -5
26 0 -5
26 0 -5
26 0 -5
26 0 -5
26 0 -5
26 0 -5
26 5 0
26 5 0
26 5 0
26 5 0
26 5 0
26 5 0
26 5 0
26 5 0
26 5 0
26 5 0
26 5 0
26 5 0
26 5 0
26 5 0
26 5 0
26 5 0
26 5 0
26 5 0
26 5 0
26 5 0
26 5 0
26 5 0
26 5 0
26 5 0
26 5 0
26 5 0
26 5 0
26 0 5
26 0 5
26 0 5
26 0 5
26 0 5
26 0 5
26 0 5
26 0 5
26 0 5
26 0 5
26 0 5
26 0 5
26 0 5
26 0 5
26 0 5
26 0 5
26 0 5
26 0 5
26 0 5
26 0 5
26 0 5
26 0 5
26 0 5
26 0 5
26 0 5
26 0 5
26 0 5
27 -5 0
27 -5 0
27 -5 0
27 -5 0
27 -5 0
27 -5 0
27 -5 0
27 -5 0
27 -5 0
27 -5 0
27 -5 0
27 -5 0
27 -5 0
27 -5 0
27 -5 0
27 -5 0
27 -5 0
27 -5 0
27 -5 0
27 -5 0
27 -5 0
27 -5 0
27 -5 0
27 -5 0
27 -5 0
27 -5 0
27 -5 0
27 0 -5
27 0 -5
27 0 -5
27 0 -5
27 0 -5
27 0 -5
27 0 -5
27 0 -5
27 0 -5
27 0 -5
27 0 -5
27 0 -5
27 0 -5
27 0 -5
27 0 -5
27 0 -5
27 0 -5
27 0 -5
27 0 -5
27 0 -5
27 0 -5
27 0 -5
27 0 -5
27 0 -5
27 0 -5
27 0 -5
27 0 -5
27 5 0
27 5 0
27 5 0
27 5 0
27 5 0
27 5 0
27 5 0
27 5 0
27 5 0
27 5 0
27 5 0
27 5 0
27 5 0
27 5 0
27 5 0
27 5 0
27 5 0
27 5 0
27 5 0
27 5 0
27 5 0
27 5 0
27 5 0
27 5 0
27 5 0
27 5 0
27 5 0
27 0 5
27 0 5
27 0 5
27 0 5
27 0 5
27 0 5
27 0 5
27 0 5
27 0 5
27 0 5
27 0 5
27 0 5
27 0 5
27 0 5
27 0 5
27 0 5
27 0 5
27 0 5
27 0 5
27 0 5
27 0 5
27 0 5
27 0 5
27 0 5
27 0 5
27 0 5
27 0 5
28 -5 0
28 -5 0
28 -5 0
28 -5 0
28 -5 0
28 -5 0
28 -5 0
28 -5 0
28 -5 0
28 -5 0
28 -5 0
28 -5 0
28 -5 0
28 -5 0
28 -5 0
28 -5 0
28 -5 0
28 -5 0
28 -5 0
28 -5 0
28 -5 0
28 -5 0
28 -5 0
28 -5 0
28 -5 0
28 -5 0
28 -5 0
28 0 -5
28 0 -5
28 0 -5
28 0 -5
28 0 -5
28 0 -5
28 0 -5
28 0 -5
28 0 -5
28 0 -5
28 0 -5
28 0 -5
28 0 -5
28 0 -5
28 0 -5
28 0 -5
28 0 -5
28 0 -5
28 0 -5
28 0 -5
28 0 -5
28 0 -5
28 0 -5
28 0 -5
28 0 -5
28 0 -5
28 0 -5
28 5 0
28 5 0
28 5 0
28 5 0
28 5 0
28 5 0
28 5 0
28 5 0
28 5 0
28 5 0
28 5 0
28 5 0
28 5 0
28 5 0
28 5 0
28 5 0
28 5 0
28 5 0
28 5 0
28 5 0
28 5 0
28 5 0
28 5 0
28 5 0
28 5 0
28 5 0
28 5 0
28 0 5
28 0 5
28 0 5
28 0 5
28 0 5
28 0 5
28 0 5
28 0 5
28 0 5
28 0 5
28 0 5
28 0 5
28 0 5
28 0 5
28 0 5
28 0 5
28 0 5
28 0 5
28 0 5
28 0 5
28 0 5
28 0 5
28 0 5
28 0 5
28 0 5
28 0 5
28 0 5
29 -5 0
29 -5 0
29 -5 0
29 -5 0
29 -5 0
29 -5 0
29 -5 0
29 -5 0
29 -5 0
29 -5 0
29 -5 0
29 -5 0
29 -5 0
29 -5 0
29 -5 0
29 -5 0
29 -5 0
29 -5 0
29 -5 0
29 -5 0
29 -5 0
29 -5 0
29 -5 0
29 -5 0
29 -5 0
29 -5 0
29 -5 0
29 0 -5
29 0 -5
29 0 -5
29 0 -5
29 0 -5
29 0 -5
29 0 -5
29 0 -5
29 0 -5
29 0 -5
29 0 -5
29 0 -5
29 0 -5
29 0 -5
29 0 -5
29 0 -5
29 0 -5
29 0 -5
29 0 -5
29 0 -5
29 0 -5
29 0 -5
29 0 -5
29 0 -5
29 0 -5
29 0 -5
29 0 -5
29 5 0
29 5 0
29 5 0
29 5 0
29 5 0
29 5 0
29 5 0
29 5 0
29 5 0
29 5 0
29 5 0
29 5 0
29 5 0
29 5 0
29 5 0
29 5 0
29 5 0
29 5 0
29 5 0
29 5 0
29 5 0
29 5 0
29 5 0
29 5 0
29 5 0
29 5 0
29 5 0
29 0 5
29 0 5
29 0 5
29 0 5
29 0 5
29 0 5
29 0 5
29 0 5
29 0 5
29 0 5
29 0 5
29 0 5
29 0 5
29 0 5
29 0 5
29 0 5
29 0 5
29 0 5
29 0 5
29 0 5
29 0 5
29 0 5
29 0 5
29 0 5
29 0 5
29 0 5
29 0 5
30 -5 0
30 -5 0
30 -5 0
30 -5 0
30 -5 0
30 -5 0
30 -5 0
30 -5 0
30 -5 0
30 -5 0
30 -5 0
30 -5 0
30 -5 0
30 -5 0
30 -5 0
30 -5 0
30 -5 0
30 -5 0
30 -5 0
30 -5 0
30 -5 0
30 -5 0
30 -5 0
30 -5 0
30 -5 0
30 -5 0
30 -5 0
30 0 -5
30 0 -5
30 0 -5
30 0 -5
30 0 -5
30 0 -5
30 0 -5
30 0 -5
30 0 -5
30 0 -5
30 0 -5
30 0 -5
30 0 -5
30 0 -5
30 0 -5
30 0 -5
30 0 -5
30 0 -5
30 0 -5
30 0 -5
30 0 -5
30 0 -5
30 0 -5
30 0 -5
30 0 -5
30 0 -5
30 0 -5
30 5 0
30 5 0
30 5 0
30 5 0
30 5 0
30 5 0
30 5 0
30 5 0
30 5 0
30 5 0
30 5 0
30 5 0
30 5 0
30 5 0
30 5 0
30 5 0
30 5 0
30 5 0
30 5 0
30 5 0
30 5 0
30 5 0
30 5 0
30 5 0
30 5 0
30 5 0
30 5 0
30 0 5
30 0 5
30 0 5
30 0 5
30 0 5
30 0 5
30 0 5
30 0 5
30 0 5
30 0 5
30 0 5
30 0 5
30 0 5
30 0 5
30 0 5
30 0 5
30 0 5
30 0 5
30 0 5
30 0 5
30 0 5
30 0 5
30 0 5
30 0 5
30 0 5
30 0 5
30 0 5
31 -5 0
31 -5 0
31 -5 0
31 -5 0
31 -5 0
31 -5 0
31 -5 0
31 -5 0
31 -5 0
31 -5 0
31 -5 0
31 -5 0
31 -5 0
31 -5 0
31 -5 0
31 -5 0
31 -5 0
31 -5 0
31 -5 0
31 -5 0
31 -5 0
31 -5 0
31 -5 0
31 -5 0
31 -5 0
31 -5 0
31 -5 0
31 0 -5
31 0 -5
31 0 -5
31 0 -5
31 0 -5
31 0 -5
31 0 -5
31 0 -5
31 0 -5
31 0 -5
31 0 -5
31 0 -5
31 0 -5
31 0 -5
31 0 -5
31 0 -5
31 0 -5
31 0 -5
31 0 -5
31 0 -5
31 0 -5
31 0 -5
31 0 -5
31 0 -5
31 0 -5
31 0 -5
31 0 -5
31 5 0
31 5 0
31 5 0
31 5 0
31 5 0
31 5 0
31 5 0
31 5 0
31 5 0
31 5 0
31 5 0
31 5 0
31 5 0
31 5 0
31 5 0
31 5 0
31 5 0
31 5 0
31 5 0
31 5 0
31 5 0
31 5 0
31 5 0
31 5 0
31 5 0
31 5 0
31 5 0
31 0 5
31 0 5
31 0 5
31 0 5
31 0 5
31 0 5
31 0 5
31 0 5
31 0 5
31 0 5
31 0 5
31 0 5
31 0 5
31 0 5
31 0 5
31 0 5
31 0 5
31 0 5
31 0 5
31 0 5
31 0 5
31 0 5
31 0 5
31 0 5
31 0 5
31 0 5
31 0 5
32 -5 0
32 -5 0
32 -5 0
32 -5 0
32 -5 0
32 -5 0
32 -5 0
32 -5 0
32 -5 0
32 -5 0
32 -5 0
32 -5 0
32 -5 0
32 -5 0
32 -5 0
32 -5 0
32 -5 0
32 -5 0
32 -5 0
32 -5 0
32 -5 0
32 -5 0
32 -5 0
32 -5 0
32 -5 0
32 -5 0
32 -5 0
32 0 -5
32 0 -5
32 0 -5
32 0 -5
32 0 -5
32 0 -5
32 0 -5
32 0 -5
32 0 -5
32 0 -5
32 0 -5
32 0 -5
32 0 -5
32 0 -5
32 0 -5
32 0 -5
32 0 -5
32 0 -5
32 0 -5
32 0 -5
32 0 -5
32 0 -5
32 0 -5
32 0 -5
32 0 -5
32 0 -5
32 0 -5
32 5 0
32 5 0
32 5 0
32 5 0
32 5 0
32 5 0
32 5 0
32 5 0
32 5 0
32 5 0
32 5 0
32 5 0
32 5 0
32 5 0
32 5 0
32 5 0
32 5 0
32 5 0
32 5 0
32 5 0
32 5 0
32 5 0
32 5 0
32 5 0
32 5 0
32 5 0
32 5 0
32 0 5
32 0 5
32 0 5
32 0 5
32 0 5
32 0 5
32 0 5
32 0 5
32 0 5
32 0 5
32 0 5
32 0 5
32 0 5
32 0 5
32 0 5
32 0 5
32 0 5
32 0 5
32 0 5
32 0 5
32 0 5
32 0 5
32 0 5
32 0 5
32 0 5
32 0 5
32 0 5
33 -5 0
33 -5 0
33 -5 0
33 -5 0
33 -5 0
33 -5 0
33 -5 0
33 -5 0
33 -5 0
33 -5 0
33 -5 0
33 -5 0
33 -5 0
33 -5 0
33 -5 0
33 -5 0
33 -5 0
33 -5 0
33 -5 0
33 -5 0
33 -5 0
33 -5 0
33 -5 0
33 -5 0
33 -5 0
33 -5 0
33 -5 0
33 0 -5
33 0 -5
33 0 -5
33 0 -5
33 0 -5
33 0 -5
33 0 -5
33 0 -5
33 0 -5
33 0 -5
33 0 -5
33 0 -5
33 0 -5
33 0 -5
33 0 -5
33 0 -5
33 0 -5
33 0 -5
33 0 -5
33 0 -5
33 0 -5
33 0 -5
33 0 -5
33 0 -5
33 0 -5
33 0 -5
33 0 -5
33 5 0
33 5 0
33 5 0
33 5 0
33 5 0
33 5 0
33 5 0
33 5 0
33 5 0
33 5 0
33 5 0
33 5 0
33 5 0
33 5 0
33 5 0
33 5 0
33 5 0
33 5 0
33 5 0
33 5 0
33 5 0
33 5 0
33 5 0
33 5 0
33 5 0
33 5 0
33 5 0
33 0 5
33 0 5
33 0 5
33 0 5
33 0 5
33 0 5
33 0 5
33 0 5
33 0 5
33 0 5
33 0 5
33 0 5
33 0 5
33 0 5
33 0 5
33 0 5
33 0 5
33 0 5
33 0 5
33 0 5
33 0 5
33 0 5
33 0 5
33 0 5
33 0 5
33 0 5
33 0 5
34 -5 0
34 -5 0
34 -5 0
34 -5 0
34 -5 0
34 -5 0
34 -5 0
34 -5 0
34 -5 0
34 -5 0
34 -5 0
34 -5 0
34 -5 0
34 -5 0
34 -5 0
34 -5 0
34 -5 0
34 -5 0
34 -5 0
34 -5 0
34 -5 0
34 -5 0
34 -5 0
34 -5 0
34 -5 0
34 -5 0
34 -5 0
34 0 -5
34 0 -5
34 0 -5
34 0 -5
34 0 -5
34 0 -5
34 0 -5
34 0 -5
34 0 -5
34 0 -5
34 0 -5
34 0 -5
34 0 -5
34 0 -5
34 0 -5
34 0 -5
34 0 -5
34 0 -5
34 0 -5
34 0 -5
34 0 -5
34 0 -5
34 0 -5
34 0 -5
34 0 -5
34 0 -5
34 0 -5
34 5 0
34 5 0
34 5 0
34 5 0
34 5 0
34 5 0
34 5 0
34 5 0
34 5 0
34 5 0
34 5 0
34 5 0
34 5 0
34 5 0
34 5 0
34 5 0
34 5 0
34 5 0
34 5 0
34 5 0
34 5 0
34 5 0
34 5 0
34 5 0
34 5 0
34 5 0
34 5 0
34 0 5
34 0 5
34 0 5
34 0 5
34 0 5
34 0 5
34 0 5
34 0 5
34 0 5
34 0 5
34 0 5
34 0 5
34 0 5
34 0 5
34 0 5
34 0 5
34 0 5
34 0 5
34 0 5
34 0 5
34 0 5
34 0 5
34 0 5
34 0 5
34 0 5
34 0 5
34 0 5
35 -5 0
35 -5 0
35 -5 0
35 -5 0
35 -5 0
35 -5 0
35 -5 0
35 -5 0
35 -5 0
35 -5 0
35 -5 0
35 -5 0
35 -5 0
35 -5 0
35 -5 0
35 -5 0
35 -5 0
35 -5 0
35 -5 0
35 -5 0
35 -5 0
35 -5 0
35 -5 0
35 -5 0
35 -5 0
35 -5 0
35 -5 0
35 0 -5
35 0 -5
35 0 -5
35 0 -5
35 0 -5
35 0 -5
35 0 -5
35 0 -5
35 0 -5
35 0 -5
35 0 -5
35 0 -5
35 0 -5
35 0 -5
35 0 -5
35 0 -5
35 0 -5
35 0 -5
35 0 -5
35 0 -5
35 0 -5
35 0 -5
35 0 -5
35 0 -5
35 0 -5
35 0 -5
35 0 -5
35 5 0
35 5 0
35 5 0
35 5 0
35 5 0
35 5 0
35 5 0
35 5 0
35 5 0
35 5 0
35 5 0
35 5 0
35 5 0
35 5 0
35 5 0
35 5 0
35 5 0
35 5 0
35 5 0
35 5 0
35 5 0
35 5 0
35 5 0
35 5 0
35 5 0
35 5 0
35 5 0
35 0 5
35 0 5
35 0 5
35 0 5
35 0 5
35 0 5
35 0 5
35 0 5
35 0 5
35 0 5
35 0 5
35 0 5
35 0 5
35 0 5
35 0 5
35 0 5
35 0 5
35 0 5
35 0 5
35 0 5
35 0 5
35 0 5
35 0 5
35 0 5
35 0 5
35 0 5
35 0 5
36 -5 0
36 -5 0
36 -5 0
36 -5 0
36 -5 0
36 -5 0
36 -5 0
36 -5 0
36 -5 0
36 -5 0
36 -5 0
36 -5 0
36 -5 0
36 -5 0
36 -5 0
36 -5 0
36 -5 0
36 -5 0
36 -5 0
36 -5 0
36 -5 0
36 -5 0
36 -5 0
36 -5 0
36 -5 0
36 -5 0
36 -5 0
36 0 -5
36 0 -5
36 0 -5
36 0 -5
36 0 -5
36 0 -5
36 0 -5
36 0 -5
36 0 -5
36 0 -5
36 0 -5
36 0 -5
36 0 -5
36 0 -5
36 0 -5
36 0 -5
36 0 -5
36 0 -5
36 0 -5
36 0 -5
36 0 -5
36 0 -5
36 0 -5
36 0 -5
36 0 -5
36 0 -5
36 0 -5
36 5 0
36 5 0
36 5 0
36 5 0
36 5 0
36 5 0
36 5 0
36 5 0
36 5 0
36 5 0
36 5 0
36 5 0
36 5 0
36 5 0
36 5 0
36 5 0
36 5 0
36 5 0
36 5 0
36 5 0
36 5 0
36 5 0
36 5 0
36 5 0
36 5 0
36 5 0
36 5 0
36 0 5
36 0 5
36 0 5
36 0 5
36 0 5
36 0 5
36 0 5
36 0 5
36 0 5
36 0 5
36 0 5
36 0 5
36 0 5
36 0 5
36 0 5
36 0 5
36 0 5
36 0 5
36 0 5
36 0 5
36 0 5
36 0 5
36 0 5
36 0 5
36 0 5
36 0 5
36 0 5
37 -5 0
37 -5 0
37 -5 0
37 -5 0
37 -5 0
37 -5 0
37 -5 0
37 -5 0
37 -5 0
37 -5 0
37 -5 0
37 -5 0
37 -5 0
37 -5 0
37 -5 0
37 -5 0
37 -5 0
37 -5 0
37 -5 0
37 -5 0
37 -5 0
37 -5 0
37 -5 0
37 -5 0
37 -5 0
37 -5 0
37 -5 0
37 0 -5
37 0 -5
37 0 -5
37 0 -5
37 0 -5
37 0 -5
37 0 -5
37 0 -5
37 0 -5
37 0 -5
37 0 -5
37 0 -5
37 0 -5
37 0 -5
37 0 -5
37 0 -5
37 0 -5
37 0 -5
37 0 -5
37 0 -5
37 0 -5
37 0 -5
37 0 -5
37 0 -5
37 0 -5
37 0 -5
37 0 -5
37 5 0
37 5 0
37 5 0
37 5 0
37 5 0
37 5 0
37 5 0
37 5 0
37 5 0
37 5 0
37 5 0
37 5 0
37 5 0
37 5 0
37 5 0
37 5 0
37 5 0
37 5 0
37 5 0
37 5 0
37 5 0
37 5 0
37 5 0
37 5 0
37 5 0
37 5 0
37 5 0
37 0 5
37 0 5
37 0 5
37 0 5
37 0 5
37 0 5
37 0 5
37 0 5
37 0 5
37 0 5
37 0 5
37 0 5
37 0 5
37 0 5
37 0 5
37 0 5
37 0 5
37 0 5
37 0 5
37 0 5
37 0 5
37 0 5
37 0 5
37 0 5
37 0 5
37 0 5
37 0 5
38 -5 0
38 -5 0
38 -5 0
38 -5 0
38 -5 0
38 -5 0
38 -5 0
38 -5 0
38 -5 0
38 -5 0
38 -5 0
38 -5 0
38 -5 0
38 -5 0
38 -5 0
38 -5 0
38 -5 0
38 -5 0
38 -5 0
38 -5 0
38 -5 0
38 -5 0
38 -5 0
38 -5 0
38 -5 0
38 -5 0
38 -5 0
38 0 -5
38 0 -5
38 0 -5
38 0 -5
38 0 -5
38 0 -5
38 0 -5
38 0 -5
38 0 -5
38 0 -5
38 0 -5
38 0 -5
38 0 -5
38 0 -5
38 0 -5
38 0 -5
38 0 -5
38 0 -5
38 0 -5
38 0 -5
38 0 -5
38 0 -5
38 0 -5
38 0 -5
38 0 -5
38 0 -5
38 0 -5
38 5 0
38 5 0
38 5 0
38 5 0
38 5 0
38 5 0
38 5 0
38 5 0
38 5 0
38 5 0
38 5 0
38 5 0
38 5 0
38 5 0
38 5 0
38 5 0
38 5 0
38 5 0
38 5 0
38 5 0
38 5 0
38 5 0
38 5 0
38 5 0
38 5 0
38 5 0
38 5 0
38 0 5
38 0 5
38 0 5
38 0 5
38 0 5
38 0 5
38 0 5
38 0 5
38 0 5
38 0 5
38 0 5
38 0 5
38 0 5
38 0 5
38 0 5
38 0 5
38 0 5
38 0 5
38 0 5
38 0 5
38 0 5
38 0 5
38 0 5
38 0 5
38 0 5
38 0 5
38 0 5
39 -5 0
39 -5 0
39 -5 0
39 -5 0
39 -5 0
39 -5 0
39 -5 0
39 -5 0
39 -5 0
39 -5 0
39 -5 0
39 -5 0
39 -5 0
39 -5 0
39 -5 0
39 -5 0
39 -5 0
39 -5 0
39 -5 0
39 -5 0
39 -5 0
39 -5 0
39 -5 0
39 -5 0
39 -5 0
39 -5 0
39 -5 0
39 0 -5
39 0 -5
39 0 -5
39 0 -5
39 0 -5
39 0 -5
39 0 -5
39 0 -5
39 0 -5
39 0 -5
39 0 -5
39 0 -5
39 0 -5
39 0 -5
39 0 -5
39 0 -5
39 0 -5
39 0 -5
39 0 -5
39 0 -5
39 0 -5
39 0 -5
39 0 -5
39 0 -5
39 0 -5
39 0 -5
39 0 -5
39 5 0
39 5 0
39 5 0
39 5 0
39 5 0
39 5 0
39 5 0
39 5 0
39 5 0
39 5 0
39 5 0
39 5 0
39 5 0
39 5 0
39 5 0
39 5 0
39 5 0
39 5 0
39 5 0
39 5 0
39 5 0
39 5 0
39 5 0
39 5 0
39 5 0
39 5 0
39 5 0
39 0 5
39 0 5
39 0 5
39 0 5
39 0 5
39 0 5
39 0 5
39 0 5
39 0 5
39 0 5
39 0 5
39 0 5
39 0 5
39 0 5
39 0 5
39 0 5
39 0 5
39 0 5
39 0 5
39 0 5
39 0 5
39 0 5
39 0 5
39 0 5
39 0 5
39 0 5
39 0 5
40 -5 0
40 -5 0
40 -5 0
40 -5 0
40 -5 0
40 -5 0
40 -5 0
40 -5 0
40 -5 0
40 -5 0
40 -5 0
40 -5 0
40 -5 0
40 -5 0
40 -5 0
40 -5 0
40 -5 0
40 -5 0
40 -5 0
40 -5 0
40 -5 0
40 -5 0
40 -5 0
40 -5 0
40 -5 0
40 -5 0
40 -5 0
40 0 -5
40 0 -5
40 0 -5
40 0 -5
40 0 -5
40 0 -5
40 0 -5
40 0 -5
40 0 -5
40 0 -5
40 0 -5
40 0 -5
40 0 -5
40 0 -5
40 0 -5
40 0 -5
40 0 -5
40 0 -5
40 0 -5
40 0 -5
40 0 -5
40 0 -5
40 0 -5
40 0 -5
40 0 -5
40 0 -5
40 0 -5
40 5 0
40 5 0
40 5 0
40 5 0
40 5 0
40 5 0
40 5 0
40 5 0
40 5 0
40 5 0
40 5 0
40 5 0
40 5 0
40 5 0
40 5 0
40 5 0
40 5 0
40 5 0
40 5 0
40 5 0
40 5 0
40 5 0
40 5 0
40 5 0
40 5 0
40 5 0
40 5 0
40 0 5
40 0 5
40 0 5
40 0 5
40 0 5
40 0 5
40 0 5
40 0 5
40 0 5
40 0 5
40 0 5
40 0 5
40 0 5
40 0 5
40 0 5
40 0 5
40 0 5
40 0 5
40 0 5
40 0 5
40 0 5
40 0 5
40 0 5
40 0 5
40 0 5
40 0 5
40 0 5
41 -5 0
41 -5 0
41 -5 0
41 -5 0
41 -5 0
41 -5 0
41 -5 0
41 -5 0
41 -5 0
41 -5 0
41 -5 0
41 -5 0
41 -5 0
41 -5 0
41 -5 0
41 -5 0
41 -5 0
41 -5 0
41 -5 0
41 -5 0
41 -5 0
41 -5 0
41 -5 0
41 -5 0
41 -5 0
41 -5 0
41 -5 0
41 0 -5
41 0 -5
41 0 -5
41 0 -5
41 0 -5
41 0 -5
41 0 -5
41 0 -5
41 0 -5
41 0 -5
41 0 -5
41 0 -5
41 0 -5
41 0 -5
41 0 -5
41 0 -5
41 0 -5
41 0 -5
41 0 -5
41 0 -5
41 0 -5
41 0 -5
41 0 -5
41 0 -5
41 0 -5
41 0 -5
41 0 -5
41 5 0
41 5 0
41 5 0
41 5 0
41 5 0
41 5 0
41 5 0
41 5 0
41 5 0
41 5 0
41 5 0
41 5 0
41 5 0
41 5 0
41 5 0
41 5 0
41 5 0
41 5 0
41 5 0
41 5 0
41 5 0
41 5 0
41 5 0
41 5 0
41 5 0
41 5 0
41 5 0
41 0 5
41 0 5
41 0 5
41 0 5
41 0 5
41 0 5
41 0 5
41 0 5
41 0 5
41 0 5
41 0 5
41 0 5
41 0 5
41 0 5
41 0 5
41 0 5
41 0 5
41 0 5
41 0 5
41 0 5
41 0 5
41 0 5
41 0 5
41 0 5
41 0 5
41 0 5
41 0 5
42 -5 0
42 -5 0
42 -5 0
42 -5 0
42 -5 0
42 -5 0
42 -5 0
42 -5 0
42 -5 0
42 -5 0
42 -5 0
42 -5 0
42 -5 0
42 -5 0
42 -5 0
42 -5 0
42 -5 0
42 -5 0
42 -5 0
42 -5 0
42 -5 0
42 -5 0
42 -5 0
42 -5 0
42 -5 0
42 -5 0
42 -5 0
42 0 -5
42 0 -5
42 0 -5
42 0 -5
42 0 -5
42 0 -5
42 0 -5
42 0 -5
42 0 -5
42 0 -5
42 0 -5
42 0 -5
42 0 -5
42 0 -5
42 0 -5
42 0 -5
42 0 -5
42 0 -5
42 0 -5
42 0 -5
42 0 -5
42 0 -5
42 0 -5
42 0 -5
42 0 -5
42 0 -5
42 0 -5
42 5 0
42 5 0
42 5 0
42 5 0
42 5 0
42 5 0
42 5 0
42 5 0
42 5 0
42 5 0
42 5 0
42 5 0
42 5 0
42 5 0
42 5 0
42 5 0
42 5 0
42 5 0
42 5 0
42 5 0
42 5 0
42 5 0
42 5 0
42 5 0
42 5 0
42 5 0
42 5 0
42 0 5
42 0 5
42 0 5
42 0 5
42 0 5
42 0 5
42 0 5
42 0 5
42 0 5
42 0 5
42 0 5
42 0 5
42 0 5
42 0 5
42 0 5
42 0 5
42 0 5
42 0 5
42 0 5
42 0 5
42 0 5
42 0 5
42 0 5
42 0 5
42 0 5
42 0 5
42 0 5
43 -5 0
43 -5 0
43 -5 0
43 -5 0
43 -5 0
43 -5 0
43 -5 0
43 -5 0
43 -5 0
43 -5 0
43 -5 0
43 -5 0
43 -5 0
43 -5 0
43 -5 0
43 -5 0
43 -5 0
43 -5 0
43 -5 0
43 -5 0
43 -5 0
43 -5 0
43 -5 0
43 -5 0
43 -5 0
43 -5 0
43 -5 0
43 0 -5
43 0 -5
43 0 -5
43 0 -5
43 0 -5
43 0 -5
43 0 -5
43 0 -5
43 0 -5
43 0 -5
43 0 -5
43 0 -5
43 0 -5
43 0 -5
43 0 -5
43 0 -5
43 0 -5
43 0 -5
43 0 -5
43 0 -5
43 0 -5
43 0 -5
43 0 -5
43 0 -5
43 0 -5
43 0 -5
43 0 -5
43 5 0
43 5 0
43 5 0
43 5 0
43 5 0
43 5 0
43 5 0
43 5 0
43 5 0
43 5 0
43 5 0
43 5 0
43 5 0
43 5 0
43 5 0
43 5 0
43 5 0
43 5 0
43 5 0
43 5 0
43 5 0
43 5 0
43 5 0
43 5 0
43 5 0
43 5 0
43 5 0
43 0 5
43 0 5
43 0 5
43 0 5
43 0 5
43 0 5
43 0 5
43 0 5
43 0 5
43 0 5
43 0 5
43 0 5
43 0 5
43 0 5
43 0 5
43 0 5
43 0 5
43 0 5
43 0 5
43 0 5
43 0 5
43 0 5
43 0 5
43 0 5
43 0 5
43 0 5
43 0 5
44 -5 0
44 -5 0
44 -5 0
44 -5 0
44 -5 0
44 -5 0
44 -5 0
44 -5 0
44 -5 0
44 -5 0
44 -5 0
44 -5 0
44 -5 0
44 -5 0
44 -5 0
44 -5 0
44 -5 0
44 -5 0
44 -5 0
44 -5 0
44 -5 0
44 -5 0
44 -5 0
44 -5 0
44 -5 0
44 -5 0
44 -5 0
44 0 -5
44 0 -5
44 0 -5
44 0 -5
44 0 -5
44 0 -5
44 0 -5
44 0 -5
44 0 -5
44 0 -5
44 0 -5
44 0 -5
44 0 -5
44 0 -5
44 0 -5
44 0 -5
44 0 -5
44 0 -5
44 0 -5
44 0 -5
44 0 -5
44 0 -5
44 0 -5
44 0 -5
44 0 -5
44 0 -5
44 0 -5
44 5 0
44 5 0
44 5 0
44 5 0
44 5 0
44 5 0
44 5 0
44 5 0
44 5 0
44 5 0
44 5 0
44 5 0
44 5 0
44 5 0
44 5 0
44 5 0
44 5 0
44 5 0
44 5 0
44 5 0
44 5 0
44 5 0
44 5 0
44 5 0
44 5 0
44 5 0
44 5 0
44 0 5
44 0 5
44 0 5
44 0 5
44 0 5
44 0 5
44 0 5
44 0 5
44 0 5
44 0 5
44 0 5
44 0 5
44 0 5
44 0 5
44 0 5
44 0 5
44 0 5
44 0 5
44 0 5
44 0 5
44 0 5
44 0 5
44 0 5
44 0 5
44 0 5
44 0 5
44 0 5
45 -5 0
45 -5 0
45 -5 0
45 -5 0
45 -5 0
45 -5 0
45 -5 0
45 -5 0
45 -5 0
45 -5 0
45 -5 0
45 -5 0
45 -5 0
45 -5 0
45 -5 0
45 -5 0
45 -5 0
45 -5 0
45 -5 0
45 -5 0
45 -5 0
45 -5 0
45 -5 0
45 -5 0
45 -5 0
45 -5 0
45 -5 0
45 0 -5
45 0 -5
45 0 -5
45 0 -5
45 0 -5
45 0 -5
45 0 -5
45 0 -5
45 0 -5
45 0 -5
45 0 -5
45 0 -5
45 0 -5
45 0 -5
45 0 -5
45 0 -5
45 0 -5
45 0 -5
45 0 -5
45 0 -5
45 0 -5
45 0 -5
45 0 -5
45 0 -5
45 0 -5
45 0 -5
45 0 -5
45 5 0
45 5 0
45 5 0
45 5 0
45 5 0
45 5 0
45 5 0
45 5 0
45 5 0
45 5 0
45 5 0
45 5 0
45 5 0
45 5 0
45 5 0
45 5 0
45 5 0
45 5 0
45 5 0
45 5 0
45 5 0
45 5 0
45 5 0
45 5 0
45 5 0
45 5 0
45 5 0
45 0 5
45 0 5
45 0 5
45 0 5
45 0 5
45 0 5
45 0 5
45 0 5
45 0 5
45 0 5
45 0 5
45 0 5
45 0 5
45 0 5
45 0 5
45 0 5
45 0 5
45 0 5
45 0 5
45 0 5
45 0 5
45 0 5
45 0 5
45 0 5
45 0 5
45 0 5
45 0 5
46 -5 0
46 -5 0
46 -5 0
46 -5 0
46 -5 0
46 -5 0
46 -5 0
46 -5 0
46 -5 0
46 -5 0
46 -5 0
46 -5 0
46 -5 0
46 -5 0
46 -5 0
46 -5 0
46 -5 0
46 -5 0
46 -5 0
46 -5 0
46 -5 0
46 -5 0
46 -5 0
46 -5 0
46 -5 0
46 -5 0
46 -5 0
46 0 -5
46 0 -5
46 0 -5
46 0 -5
46 0 -5
46 0 -5
46 0 -5
46 0 -5
46 0 -5
46 0 -5
46 0 -5
46 0 -5
46 0 -5
46 0 -5
46 0 -5
46 0 -5
46 0 -5
46 0 -5
46 0 -5
46 0 -5
46 0 -5
46 0 -5
46 0 -5
46 0 -5
46 0 -5
46 0 -5
46 0 -5
46 5 0
46 5 0
46 5 0
46 5 0
46 5 0
46 5 0
46 5 0
46 5 0
46 5 0
46 5 0
46 5 0
46 5 0
46 5 0
46 5 0
46 5 0
46 5 0
46 5 0
46 5 0
46 5 0
46 5 0
46 5 0
46 5 0
46 5 0
46 5 0
46 5 0
46 5 0
46 5 0
46 0 5
46 0 5
46 0 5
46 0 5
46 0 5
46 0 5
46 0 5
46 0 5
46 0 5
46 0 5
46 0 5
46 0 5
46 0 5
46 0 5
46 0 5
46 0 5
46 0 5
46 0 5
46 0 5
46 0 5
46 0 5
46 0 5
46 0 5
46 0 5
46 0 5
46 0 5
46 0 5
47 -5 0
47 -5 0
47 -5 0
47 -5 0
47 -5 0
47 -5 0
47 -5 0
47 -5 0
47 -5 0
47 -5 0
47 -5 0
47 -5 0
47 -5 0
47 -5 0
47 -5 0
47 -5 0
47 -5 0
47 -5 0
47 -5 0
47 -5 0
47 -5 0
47 -5 0
47 -5 0
47 -5 0
47 -5 0
47 -5 0
47 -5 0
47 0 -5
47 0 -5
47 0 -5
47 0 -5
47 0 -5
47 0 -5
47 0 -5
47 0 -5
47 0 -5
47 0 -5
47 0 -5
47 0 -5
47 0 -5
47 0 -5
47 0 -5
47 0 -5
47 0 -5
47 0 -5
47 0 -5
47 0 -5
47 0 -5
47 0 -5
47 0 -5
47 0 -5
47 0 -5
47 0 -5
47 0 -5
47 5 0
47 5 0
47 5 0
47 5 0
47 5 0
47 5 0
47 5 0
47 5 0
47 5 0
47 5 0
47 5 0
47 5 0
47 5 0
47 5 0
47 5 0
47 5 0
47 5 0
47 5 0
47 5 0
47 5 0
47 5 0
47 5 0
47 5 0
47 5 0
47 5 0
47 5 0
47 5 0
47 0 5
47 0 5
47 0 5
47 0 5
47 0 5
47 0 5
47 0 5
47 0 5
47 0 5
47 0 5
47 0 5
47 0 5
47 0 5
47 0 5
47 0 5
47 0 5
47 0 5
47 0 5
47 0 5
47 0 5
47 0 5
47 0 5
47 0 5
47 0 5
47 0 5
47 0 5
47 0 5
48 -5 0
48 -5 0
48 -5 0
48 -5 0
48 -5 0
48 -5 0
48 -5 0
48 -5 0
48 -5 0
48 -5 0
48 -5 0
48 -5 0
48 -5 0
48 -5 0
48 -5 0
48 -5 0
48 -5 0
48 -5 0
48 -5 0
48 -5 0
48 -5 0
48 -5 0
48 -5 0
48 -5 0
48 -5 0
48 -5 0
48 -5 0
48 0 -5
48 0 -5
48 0 -5
48 0 -5
48 0 -5
48 0 -5
48 0 -5
48 0 -5
48 0 -5
48 0 -5
48 0 -5
48 0 -5
48 0 -5
48 0 -5
48 0 -5
48 0 -5
48 0 -5
48 0 -5
48 0 -5
48 0 -5
48 0 -5
48 0 -5
48 0 -5
48 0 -5
48 0 -5
48 0 -5
48 0 -5
48 5 0
48 5 0
48 5 0
48 5 0
48 5 0
48 5 0
48 5 0
48 5 0
48 5 0
48 5 0
48 5 0
48 5 0
48 5 0
48 5 0
48 5 0
48 5 0
48 5 0
48 5 0
48 5 0
48 5 0
48 5 0
48 5 0
48 5 0
48 5 0
48 5 0
48 5 0
48 5 0
48 0 5
48 0 5
48 0 5
48 0 5
48 0 5
48 0 5
48 0 5
48 0 5
48 0 5
48 0 5
48 0 5
48 0 5
48 0 5
48 0 5
48 0 5
48 0 5
48 0 5
48 0 5
48 0 5
48 0 5
48 0 5
48 0 5
48 0 5
48 0 5
48 0 5
48 0 5
48 0 5
49 -5 0
49 -5 0
49 -5 0
49 -5 0
49 -5 0
49 -5 0
49 -5 0
49 -5 0
49 -5 0
49 -5 0
49 -5 0
49 -5 0
49 -5 0
49 -5 0
49 -5 0
49 -5 0
49 -5 0
49 -5 0
49 -5 0
49 -5 0
49 -5 0
49 -5 0
49 -5 0
49 -5 0
49 -5 0
49 -5 0
49 -5 0
49 0 -5
49 0 -5
49 0 -5
49 0 -5
49 0 -5
49 0 -5
49 0 -5
49 0 -5
49 0 -5
49 0 -5
49 0 -5
49 0 -5
49 0 -5
49 0 -5
49 0 -5
49 0 -5
49 0 -5
49 0 -5
49 0 -5
49 0 -5
49 0 -5
49 0 -5
49 0 -5
49 0 -5
49 0 -5
49 0 -5
49 0 -5
49 5 0
49 5 0
49 5 0
49 5 0
49 5 0
49 5 0
49 5 0
49 5 0
49 5 0
49 5 0
49 5 0
49 5 0
49 5 0
49 5 0
49 5 0
49 5 0
49 5 0
49 5 0
49 5 0
49 5 0
49 5 0
49 5 0
49 5 0
49 5 0
49 5 0
49 5 0
49 5 0
49 0 5
49 0 5
49 0 5
49 0 5
49 0 5
49 0 5
49 0 5
49 0 5
49 0 5
49 0 5
49 0 5
49 0 5
49 0 5
49 0 5
49 0 5
49 0 5
49 0 5
49 0 5
49 0 5
49 0 5
49 0 5
49 0 5
49 0 5
49 0 5
49 0 5
49 0 5
49 0 5
50 -5 0
50 -5 0
50 -5 0
50 -5 0
50 -5 0
50 -5 0
50 -5 0
50 -5 0
50 -5 0
50 -5 0
50 -5 0
50 -5 0
50 -5 0
50 -5 0
50 -5 0
50 -5 0
50 -5 0
50 -5 0
50 -5 0
50 -5 0
50 -5 0
50 -5 0
50 -5 0
50 -5 0
50 -5 0
50 -5 0
50 -5 0
50 0 -5
50 0 -5
50 0 -5
50 0 -5
50 0 -5
50 0 -5
50 0 -5
50 0 -5
50 0 -5
50 0 -5
50 0 -5
50 0 -5
50 0 -5
50 0 -5
50 0 -5
50 0 -5
50 0 -5
50 0 -5
50 0 -5
50 0 -5
50 0 -5
50 0 -5
50 0 -5
50 0 -5
50 0 -5
50 0 -5
50 0 -5
50 5 0
50 5 0
50 5 0
50 5 0
50 5 0
50 5 0
50 5 0
50 5 0
50 5 0
50 5 0
50 5 0
50 5 0
50 5 0
50 5 0
50 5 0
50 5 0
50 5 0
50 5 0
50 5 0
50 5 0
50 5 0
50 5 0
50 5 0
50 5 0
50 5 0
50 5 0
50 5 0
50 0 5
50 0 5
50 0 5
50 0 5
50 0 5
50 0 5
50 0 5
50 0 5
50 0 5
50 0 5
50 0 5
50 0 5
50 0 5
50 0 5
50 0 5
50 0 5
50 0 5
50 0 5
50 0 5
50 0 5
50 0 5
50 0 5
50 0 5
50 0 5
50 0 5
50 0 5
50 0 5
51 -5 0
51 -5 0
51 -5 0
51 -5 0
51 -5 0
51 -5 0
51 -5 0
51 -5 0
51 -5 0
51 -5 0
51 -5 0
51 -5 0
51 -5 0
51 -5 0
51 -5 0
51 -5 0
51 -5 0
51 -5 0
51 -5 0
51 -5 0
51 -5 0
51 -5 0
51 -5 0
51 -5 0
51 -5 0
51 -5 0
51 -5 0
51 0 -5
51 0 -5
51 0 -5
51 0 -5
51 0 -5
51 0 -5
51 0 -5
51 0 -5
51 0 -5
51 0 -5
51 0 -5
51 0 -5
51 0 -5
51 0 -5
51 0 -5
51 0 -5
51 0 -5
51 0 -5
51 0 -5
51 0 -5
51 0 -5
51 0 -5
51 0 -5
51 0 -5
51 0 -5
51 0 -5
51 0 -5
51 5 0
51 5 0
51 5 0
51 5 0
51 5 0
51 5 0
51 5 0
51 5 0
51 5 0
51 5 0
51 5 0
51 5 0
51 5 0
51 5 0
51 5 0
51 5 0
51 5 0
51 5 0
51 5 0
51 5 0
51 5 0
51 5 0
51 5 0
51 5 0
51 5 0
51 5 0
51 5 0
51 0 5
51 0 5
51 0 5
51 0 5
51 0 5
51 0 5
51 0 5
51 0 5
51 0 5
51 0 5
51 0 5
51 0 5
51 0 5
51 0 5
51 0 5
51 0 5
51 0 5
51 0 5
51 0 5
51 0 5
51 0 5
51 0 5
51 0 5
51 0 5
51 0 5
51 0 5
51 0 5
52 -5 0
52 -5 0
52 -5 0
52 -5 0
52 -5 0
52 -5 0
52 -5 0
52 -5 0
52 -5 0
52 -5 0
52 -5 0
52 -5 0
52 -5 0
52 -5 0
52 -5 0
52 -5 0
52 -5 0
52 -5 0
52 -5 0
52 -5 0
52 -5 0
52 -5 0
52 -5 0
52 -5 0
52 -5 0
52 -5 0
52 -5 0
52 0 -5
52 0 -5
52 0 -5
52 0 -5
52 0 -5
52 0 -5
52 0 -5
52 0 -5
52 0 -5
52 0 -5
52 0 -5
52 0 -5
52 0 -5
52 0 -5
52 0 -5
52 0 -5
52 0 -5
52 0 -5
52 0 -5
52 0 -5
52 0 -5
52 0 -5
52 0 -5
52 0 -5
52 0 -5
52 0 -5
52 0 -5
52 5 0
52 5 0
52 5 0
52 5 0
52 5 0
52 5 0
52 5 0
52 5 0
52 5 0
52 5 0
52 5 0
52 5 0
52 5 0
52 5 0
52 5 0
52 5 0
52 5 0
52 5 0
52 5 0
52 5 0
52 5 0
52 5 0
52 5 0
52 5 0
52 5 0
52 5 0
52 5 0
52 0 5
52 0 5
52 0 5
52 0 5
52 0 5
52 0 5
52 0 5
52 0 5
52 0 5
52 0 5
52 0 5
52 0 5
52 0 5
52 0 5
52 0 5
52 0 5
52 0 5
52 0 5
52 0 5
52 0 5
52 0 5
52 0 5
52 0 5
52 0 5
52 0 5
52 0 5
52 0 5
53 -5 0
53 -5 0
53 -5 0
53 -5 0
53 -5 0
53 -5 0
53 -5 0
53 -5 0
53 -5 0
53 -5 0
53 -5 0
53 -5 0
53 -5 0
53 -5 0
53 -5 0
53 -5 0
53 -5 0
53 -5 0
53 -5 0
53 -5 0
53 -5 0
53 -5 0
53 -5 0
53 -5 0
53 -5 0
53 -5 0
53 -5 0
53 0 -5
53 0 -5
53 0 -5
53 0 -5
53 0 -5
53 0 -5
53 0 -5
53 0 -5
53 0 -5
53 0 -5
53 0 -5
53 0 -5
53 0 -5
53 0 -5
53 0 -5
53 0 -5
53 0 -5
53 0 -5
53 0 -5
53 0 -5
53 0 -5
53 0 -5
53 0 -5
53 0 -5
53 0 -5
53 0 -5
53 0 -5
53 5 0
53 5 0
53 5 0
53 5 0
53 5 0
53 5 0
53 5 0
53 5 0
53 5 0
53 5 0
53 5 0
53 5 0
53 5 0
53 5 0
53 5 0
53 5 0
53 5 0
53 5 0
53 5 0
53 5 0
53 5 0
53 5 0
53 5 0
53 5 0
53 5 0
53 5 0
53 5 0
53 0 5
53 0 5
53 0 5
53 0 5
53 0 5
53 0 5
53 0 5
53 0 5
53 0 5
53 0 5
53 0 5
53 0 5
53 0 5
53 0 5
53 0 5
53 0 5
53 0 5
53 0 5
53 0 5
53 0 5
53 0 5
53 0 5
53 0 5
53 0 5
53 0 5
53 0 5
53 0 5
54 -5 0
54 -5 0
54 -5 0
54 -5 0
54 -5 0
54 -5 0
54 -5 0
54 -5 0
54 -5 0
54 -5 0
54 -5 0
54 -5 0
54 -5 0
54 -5 0
54 -5 0
54 -5 0
54 -5 0
54 -5 0
54 -5 0
54 -5 0
54 -5 0
54 -5 0
54 -5 0
54 -5 0
54 -5 0
54 -5 0
54 -5 0
54 0 -5
54 0 -5
54 0 -5
54 0 -5
54 0 -5
54 0 -5
54 0 -5
54 0 -5
54 0 -5
54 0 -5
54 0 -5
54 0 -5
54 0 -5
54 0 -5
54 0 -5
54 0 -5
54 0 -5
54 0 -5
54 0 -5
54 0 -5
54 0 -5
54 0 -5
54 0 -5
54 0 -5
54 0 -5
54 0 -5
54 0 -5
54 5 0
54 5 0
54 5 0
54 5 0
54 5 0
54 5 0
54 5 0
54 5 0
54 5 0
54 5 0
54 5 0
54 5 0
54 5 0
54 5 0
54 5 0
54 5 0
54 5 0
54 5 0
54 5 0
54 5 0
54 5 0
54 5 0
54 5 0
54 5 0
54 5 0
54 5 0
54 5 0
54 0 5
54 0 5
54 0 5
54 0 5
54 0 5
54 0 5
54 0 5
54 0 5
54 0 5
54 0 5
54 0 5
54 0 5
54 0 5
54 0 5
54 0 5
54 0 5
54 0 5
54 0 5
54 0 5
54 0 5
54 0 5
54 0 5
54 0 5
54 0 5
54 0 5
54 0 5
54 0 5
55 -5 0
55 -5 0
55 -5 0
55 -5 0
55 -5 0
55 -5 0
55 -5 0
55 -5 0
55 -5 0
55 -5 0
55 -5 0
55 -5 0
55 -5 0
55 -5 0
55 -5 0
55 -5 0
55 -5 0
55 -5 0
55 -5 0
55 -5 0
55 -5 0
55 -5 0
55 -5 0
55 -5 0
55 -5 0
55 -5 0
55 -5 0
55 0 -5
55 0 -5
55 0 -5
55 0 -5
55 0 -5
55 0 -5
55 0 -5
55 0 -5
55 0 -5
55 0 -5
55 0 -5
55 0 -5
55 0 -5
55 0 -5
55 0 -5
55 0 -5
55 0 -5
55 0 -5
55 0 -5
55 0 -5
55 0 -5
55 0 -5
55 0 -5
55 0 -5
55 0 -5
55 0 -5
55 0 -5
55 5 0
55 5 0
55 5 0
55 5 0
55 5 0
55 5 0
55 5 0
55 5 0
55 5 0
55 5 0
55 5 0
55 5 0
55 5 0
55 5 0
55 5 0
55 5 0
55 5 0
55 5 0
55 5 0
55 5 0
55 5 0
55 5 0
55 5 0
55 5 0
55 5 0
55 5 0
55 5 0
55 0 5
55 0 5
55 0 5
55 0 5
55 0 5
55 0 5
55 0 5
55 0 5
55 0 5
55 0 5
55 0 5
55 0 5
55 0 5
55 0 5
55 0 5
55 0 5
55 0 5
55 0 5
55 0 5
55 0 5
55 0 5
55 0 5
55 0 5
55 0 5
55 0 5
55 0 5
55 0 5
56 -5 0
56 -5 0
56 -5 0
56 -5 0
56 -5 0
56 -5 0
56 -5 0
56 -5 0
56 -5 0
56 -5 0
56 -5 0
56 -5 0
56 -5 0
56 -5 0
56 -5 0
56 -5 0
56 -5 0
56 -5 0
56 -5 0
56 -5 0
56 -5 0
56 -5 0
56 -5 0
56 -5 0
56 -5 0
56 -5 0
56 -5 0
56 0 -5
56 0 -5
56 0 -5
56 0 -5
56 0 -5
56 0 -5
56 0 -5
56 0 -5
56 0 -5
56 0 -5
56 0 -5
56 0 -5
56 0 -5
56 0 -5
56 0 -5
56 0 -5
56 0 -5
56 0 -5
56 0 -5
56 0 -5
56 0 -5
56 0 -5
56 0 -5
56 0 -5
56 0 -5
56 0 -5
56 0 -5
56 5 0
56 5 0
56 5 0
56 5 0
56 5 0
56 5 0
56 5 0
56 5 0
56 5 0
56 5 0
56 5 0
56 5 0
56 5 0
56 5 0
56 5 0
56 5 0
56 5 0
56 5 0
56 5 0
56 5 0
56 5 0
56 5 0
56 5 0
56 5 0
56 5 0
56 5 0
56 5 0
56 0 5
56 0 5
56 0 5
56 0 5
56 0 5
56 0 5
56 0 5
56 0 5
56 0 5
56 0 5
56 0 5
56 0 5
56 0 5
56 0 5
56 0 5
56 0 5
56 0 5
56 0 5
56 0 5
56 0 5
56 0 5
56 0 5
56 0 5
56 0 5
56 0 5
56 0 5
56 0 5
57 -5 0
57 -5 0
57 -5 0
57 -5 0
57 -5 0
57 -5 0
57 -5 0
57 -5 0
57 -5 0
57 -5 0
57 -5 0
57 -5 0
57 -5 0
57 -5 0
57 -5 0
57 -5 0
57 -5 0
57 -5 0
57 -5 0
57 -5 0
57 -5 0
57 -5 0
57 -5 0
57 -5 0
57 -5 0
57 -5 0
57 -5 0
57 0 -5
57 0 -5
57 0 -5
57 0 -5
57 0 -5
57 0 -5
57 0 -5
57 0 -5
57 0 -5
57 0 -5
57 0 -5
57 0 -5
57 0 -5
57 0 -5
57 0 -5
57 0 -5
57 0 -5
57 0 -5
57 0 -5
57 0 -5
57 0 -5
57 0 -5
57 0 -5
57 0 -5
57 0 -5
57 0 -5
57 0 -5
57 5 0
57 5 0
57 5 0
57 5 0
57 5 0
57 5 0
57 5 0
57 5 0
57 5 0
57 5 0
57 5 0
57 5 0
57 5 0
57 5 0
57 5 0
57 5 0
57 5 0
57 5 0
57 5 0
57 5 0
57 5 0
57 5 0
57 5 0
57 5 0
57 5 0
57 5 0
57 5 0
57 0 5
57 0 5
57 0 5
57 0 5
57 0 5
57 0 5
57 0 5
57 0 5
57 0 5
57 0 5
57 0 5
57 0 5
57 0 5
57 0 5
57 0 5
57 0 5
57 0 5
57 0 5
57 0 5
57 0 5
57 0 5
57 0 5
57 0 5
57 0 5
57 0 5
57 0 5
57 0 5
58 -5 0
58 -5 0
58 -5 0
58 -5 0
58 -5 0
58 -5 0
58 -5 0
58 -5 0
58 -5 0
58 -5 0
58 -5 0
58 -5 0
58 -5 0
58 -5 0
58 -5 0
58 -5 0
58 -5 0
58 -5 0
58 -5 0
58 -5 0
58 -5 0
58 -5 0
58 -5 0
58 -5 0
58 -5 0
58 -5 0
58 -5 0
58 0 -5
58 0 -5
58 0 -5
58 0 -5
58 0 -5
58 0 -5
58 0 -5
58 0 -5
58 0 -5
58 0 -5
58 0 -5
58 0 -5
58 0 -5
58 0 -5
58 0 -5
58 0 -5
58 0 -5
58 0 -5
58 0 -5
58 0 -5
58 0 -5
58 0 -5
58 0 -5
58 0 -5
58 0 -5
58 0 -5
58 0 -5
58 5 0
58 5 0
58 5 0
58 5 0
58 5 0
58 5 0
58 5 0
58 5 0
58 5 0
58 5 0
58 5 0
58 5 0
58 5 0
58 5 0
58 5 0
58 5 0
58 5 0
58 5 0
58 5 0
58 5 0
58 5 0
58 5 0
58 5 0
58 5 0
58 5 0
58 5 0
58 5 0
58 0 5
58 0 5
58 0 5
58 0 5
58 0 5
58 0 5
58 0 5
58 0 5
58 0 5
58 0 5
58 0 5
58 0 5
58 0 5
58 0 5
58 0 5
58 0 5
58 0 5
58 0 5
58 0 5
58 0 5
58 0 5
58 0 5
58 0 5
58 0 5
58 0 5
58 0 5
58 0 5
59 -5 0
59 -5 0
59 -5 0
59 -5 0
59 -5 0
59 -5 0
59 -5 0
59 -5 0
59 -5 0
59 -5 0
59 -5 0
59 -5 0
59 -5 0
59 -5 0
59 -5 0
59 -5 0
59 -5 0
59 -5 0
59 -5 0
59 -5 0
59 -5 0
59 -5 0
59 -5 0
59 -5 0
59 -5 0
59 -5 0
59 -5 0
59 0 -5
59 0 -5
59 0 -5
59 0 -5
59 0 -5
59 0 -5
59 0 -5
59 0 -5
59 0 -5
59 0 -5
59 0 -5
59 0 -5
59 0 -5
59 0 -5
59 0 -5
59 0 -5
59 0 -5
59 0 -5
59 0 -5
59 0 -5
59 0 -5
59 0 -5
59 0 -5
59 0 -5
59 0 -5
59 0 -5
59 0 -5
59 5 0
59 5 0
59 5 0
59 5 0
59 5 0
59 5 0
59 5 0
59 5 0
59 5 0
59 5 0
59 5 0
59 5 0
59 5 0
59 5 0
59 5 0
59 5 0
59 5 0
59 5 0
59 5 0
59 5 0
59 5 0
59 5 0
59 5 0
59 5 0
59 5 0
59 5 0
59 5 0
59 0 5
59 0 5
59 0 5
59 0 5
59 0 5
59 0 5
59 0 5
59 0 5
59 0 5
59 0 5
59 0 5
59 0 5
59 0 5
59 0 5
59 0 5
59 0 5
59 0 5
59 0 5
59 0 5
59 0 5
59 0 5
59 0 5
59 0 5
59 0 5
59 0 5
59 0 5
59 0 5
60 -5 0
60 -5 0
60 -5 0
60 -5 0
60 -5 0
60 -5 0
60 -5 0
60 -5 0
60 -5 0
60 -5 0
60 -5 0
60 -5 0
60 -5 0
60 -5 0
60 -5 0
60 -5 0
60 -5 0
60 -5 0
60 -5 0
60 -5 0
60 -5 0
60 -5 0
60 -5 0
60 -5 0
60 -5 0
60 -5 0
60 -5 0
60 0 -5
60 0 -5
60 0 -5
60 0 -5
60 0 -5
60 0 -5
60 0 -5
60 0 -5
60 0 -5
60 0 -5
60 0 -5
60 0 -5
60 0 -5
60 0 -5
60 0 -5
60 0 -5
60 0 -5
60 0 -5
60 0 -5
60 0 -5
60 0 -5
60 0 -5
60 0 -5
60 0 -5
60 0 -5
60 0 -5
60 0 -5
60 5 0
60 5 0
60 5 0
60 5 0
60 5 0
60 5 0
60 5 0
60 5 0
60 5 0
60 5 0
60 5 0
60 5 0
60 5 0
60 5 0
60 5 0
60 5 0
60 5 0
60 5 0
60 5 0
60 5 0
60 5 0
60 5 0
60 5 0
60 5 0
60 5 0
60 5 0
60 5 0
60 0 5
60 0 5
60 0 5
60 0 5
60 0 5
60 0 5
60 0 5
60 0 5
60 0 5
60 0 5
60 0 5
60 0 5
60 0 5
60 0 5
60 0 5
60 0 5
60 0 5
60 0 5
60 0 5
60 0 5
60 0 5
60 0 5
60 0 5
60 0 5
60 0 5
60 0 5
60 0 5
61 -5 0
61 -5 0
61 -5 0
61 -5 0
61 -5 0
61 -5 0
61 -5 0
61 -5 0
61 -5 0
61 -5 0
61 -5 0
61 -5 0
61 -5 0
61 -5 0
61 -5 0
61 -5 0
61 -5 0
61 -5 0
61 -5 0
61 -5 0
61 -5 0
61 -5 0
61 -5 0
61 -5 0
61 -5 0
61 -5 0
61 -5 0
61 0 -5
61 0 -5
61 0 -5
61 0 -5
61 0 -5
61 0 -5
61 0 -5
61 0 -5
61 0 -5
61 0 -5
61 0 -5
61 0 -5
61 0 -5
61 0 -5
61 0 -5
61 0 -5
61 0 -5
61 0 -5
61 0 -5
61 0 -5
61 0 -5
61 0 -5
61 0 -5
61 0 -5
61 0 -5
61 0 -5
61 0 -5
61 5 0
61 5 0
61 5 0
61 5 0
61 5 0
61 5 0
61 5 0
61 5 0
61 5 0
61 5 0
61 5 0
61 5 0
61 5 0
61 5 0
61 5 0
61 5 0
61 5 0
61 5 0
61 5 0
61 5 0
61 5 0
61 5 0
61 5 0
61 5 0
61 5 0
61 5 0
61 5 0
61 0 5
61 0 5
61 0 5
61 0 5
61 0 5
61 0 5
61 0 5
61 0 5
61 0 5
61 0 5
61 0 5
61 0 5
61 0 5
61 0 5
61 0 5
61 0 5
61 0 5
61 0 5
61 0 5
61 0 5
61 0 5
61 0 5
61 0 5
61 0 5
61 0 5
61 0 5
61 0 5
62 -5 0
62 -5 0
62 -5 0
62 -5 0
62 -5 0
62 -5 0
62 -5 0
62 -5 0
62 -5 0
62 -5 0
62 -5 0
62 -5 0
62 -5 0
62 -5 0
62 -5 0
62 -5 0
62 -5 0
62 -5 0
62 -5 0
62 -5 0
62 -5 0
62 -5 0
62 -5 0
62 -5 0
62 -5 0
62 -5 0
62 -5 0
62 0 -5
62 0 -5
62 0 -5
62 0 -5
62 0 -5
62 0 -5
62 0 -5
62 0 -5
62 0 -5
62 0 -5
62 0 -5
62 0 -5
62 0 -5
62 0 -5
62 0 -5
62 0 -5
62 0 -5
62 0 -5
62 0 -5
62 0 -5
62 0 -5
62 0 -5
62 0 -5
62 0 -5
62 0 -5
62 0 -5
62 0 -5
62 5 0
62 5 0
62 5 0
62 5 0
62 5 0
62 5 0
62 5 0
62 5 0
62 5 0
62 5 0
62 5 0
62 5 0
62 5 0
62 5 0
62 5 0
62 5 0
62 5 0
62 5 0
62 5 0
62 5 0
62 5 0
62 5 0
62 5 0
62 5 0
62 5 0
62 5 0
62 5 0
62 0 5
62 0 5
62 0 5
62 0 5
62 0 5
62 0 5
62 0 5
62 0 5
62 0 5
62 0 5
62 0 5
62 0 5
62 0 5
62 0 5
62 0 5
62 0 5
62 0 5
62 0 5
62 0 5
62 0 5
62 0 5
62 0 5
62 0 5
62 0 5
62 0 5
62 0 5
62 0 5
63 -5 0
63 -5 0
63 -5 0
63 -5 0
63 -5 0
63 -5 0
63 -5 0
63 -5 0
63 -5 0
63 -5 0
63 -5 0
63 -5 0
63 -5 0
63 -5 0
63 -5 0
63 -5 0
63 -5 0
63 -5 0
63 -5 0
63 -5 0
63 -5 0
63 -5 0
63 -5 0
63 -5 0
63 -5 0
63 -5 0
63 -5 0
63 0 -5
63 0 -5
63 0 -5
63 0 -5
63 0 -5
63 0 -5
63 0 -5
63 0 -5
63 0 -5
63 0 -5
63 0 -5
63 0 -5
63 0 -5
63 0 -5
63 0 -5
63 0 -5
63 0 -5
63 0 -5
63 0 -5
63 0 -5
63 0 -5
63 0 -5
63 0 -5
63 0 -5
63 0 -5
63 0 -5
63 0 -5
63 5 0
63 5 0
63 5 0
63 5 0
63 5 0
63 5 0
63 5 0
63 5 0
63 5 0
63 5 0
63 5 0
63 5 0
63 5 0
63 5 0
63 5 0
63 5 0
63 5 0
63 5 0
63 5 0
63 5 0
63 5 0
63 5 0
63 5 0
63 5 0
63 5 0
63 5 0
63 5 0
63 0 5
63 0 5
63 0 5
63 0 5
63 0 5
63 0 5
63 0 5
63 0 5
63 0 5
63 0 5
63 0 5
63 0 5
63 0 5
63 0 5
63 0 5
63 0 5
63 0 5
63 0 5
63 0 5
63 0 5
63 0 5
63 0 5
63 0 5
63 0 5
63 0 5
63 0 5
63 0 5
64 -5 0
64 -5 0
64 -5 0
64 -5 0
64 -5 0
64 -5 0
64 -5 0
64 -5 0
64 -5 0
64 -5 0
64 -5 0
64 -5 0
64 -5 0
64 -5 0
64 -5 0
64 -5 0
64 -5 0
64 -5 0
64 -5 0
64 -5 0
64 -5 0
64 -5 0
64 -5 0
64 -5 0
64 -5 0
64 -5 0
64 -5 0
64 0 -5
64 0 -5
64 0 -5
64 0 -5
64 0 -5
64 0 -5
64 0 -5
64 0 -5
64 0 -5
64 0 -5
64 0 -5
64 0 -5
64 0 -5
64 0 -5
64 0 -5
64 0 -5
64 0 -5
64 0 -5
64 0 -5
64 0 -5
64 0 -5
64 0 -5
64 0 -5
64 0 -5
64 0 -5
64 0 -5
64 0 -5
64 5 0
64 5 0
64 5 0
64 5 0
64 5 0
64 5 0
64 5 0
64 5 0
64 5 0
64 5 0
64 5 0
64 5 0
64 5 0
64 5 0
64 5 0
64 5 0
64 5 0
64 5 0
64 5 0
64 5 0
64 5 0
64 5 0
64 5 0
64 5 0
64 5 0
64 5 0
64 5 0
64 0 5
64 0 5
64 0 5
64 0 5
64 0 5
64 0 5
64 0 5
64 0 5
64 0 5
64 0 5
64 0 5
64 0 5
64 0 5
64 0 5
64 0 5
64 0 5
64 0 5
64 0 5
64 0 5
64 0 5
64 0 5
64 0 5
64 0 5
64 0 5
64 0 5
64 0 5
64 0 5
65 -5 0
65 -5 0
65 -5 0
65 -5 0
65 -5 0
65 -5 0
65 -5 0
65 -5 0
65 -5 0
65 -5 0
65 -5 0
65 -5 0
65 -5 0
65 -5 0
65 -5 0
65 -5 0
65 -5 0
65 -5 0
65 -5 0
65 -5 0
65 -5 0
65 -5 0
65 -5 0
65 -5 0
65 -5 0
65 -5 0
65 -5 0
65 0 -5
65 0 -5
65 0 -5
65 0 -5
65 0 -5
65 0 -5
65 0 -5
65 0 -5
65 0 -5
65 0 -5
65 0 -5
65 0 -5
65 0 -5
65 0 -5
65 0 -5
65 0 -5
65 0 -5
65 0 -5
65 0 -5
65 0 -5
65 0 -5
65 0 -5
65 0 -5
65 0 -5
65 0 -5
65 0 -5
65 0 -5
65 5 0
65 5 0
65 5 0
65 5 0
65 5 0
65 5 0
65 5 0
65 5 0
65 5 0
65 5 0
65 5 0
65 5 0
65 5 0
65 5 0
65 5 0
65 5 0
65 5 0
65 5 0
65 5 0
65 5 0
65 5 0
65 5 0
65 5 0
65 5 0
65 5 0
65 5 0
65 5 0
65 0 5
65 0 5
65 0 5
65 0 5
65 0 5
65 0 5
65 0 5
65 0 5
65 0 5
65 0 5
65 0 5
65 0 5
65 0 5
65 0 5
65 0 5
65 0 5
65 0 5
65 0 5
65 0 5
65 0 5
65 0 5
65 0 5
65 0 5
65 0 5
65 0 5
65 0 5
65 0 5
66 -5 0
66 -5 0
66 -5 0
66 -5 0
66 -5 0
66 -5 0
66 -5 0
66 -5 0
66 -5 0
66 -5 0
66 -5 0
66 -5 0
66 -5 0
66 -5 0
66 -5 0
66 -5 0
66 -5 0
66 -5 0
66 -5 0
66 -5 0
66 -5 0
66 -5 0
66 -5 0
66 -5 0
66 -5 0
66 -5 0
66 -5 0
66 0 -5
66 0 -5
66 0 -5
66 0 -5
66 0 -5
66 0 -5
66 0 -5
66 0 -5
66 0 -5
66 0 -5
66 0 -5
66 0 -5
66 0 -5
66 0 -5
66 0 -5
66 0 -5
66 0 -5
66 0 -5
66 0 -5
66 0 -5
66 0 -5
66 0 -5
66 0 -5
66 0 -5
66 0 -5
66 0 -5
66 0 -5
66 5 0
66 5 0
66 5 0
66 5 0
66 5 0
66 5 0
66 5 0
66 5 0
66 5 0
66 5 0
66 5 0
66 5 0
66 5 0
66 5 0
66 5 0
66 5 0
66 5 0
66 5 0
66 5 0
66 5 0
66 5 0
66 5 0
66 5 0
66 5 0
66 5 0
66 5 0
66 5 0
66 0 5
66 0 5
66 0 5
66 0 5
66 0 5
66 0 5
66 0 5
66 0 5
66 0 5
66 0 5
66 0 5
66 0 5
66 0 5
66 0 5
66 0 5
66 0 5
66 0 5
66 0 5
66 0 5
66 0 5
66 0 5
66 0 5
66 0 5
66 0 5
66 0 5
66 0 5
66 0 5
67 -5 0
67 -5 0
67 -5 0
67 -5 0
67 -5 0
67 -5 0
67 -5 0
67 -5 0
67 -5 0
67 -5 0
67 -5 0
67 -5 0
67 -5 0
67 -5 0
67 -5 0
67 -5 0
67 -5 0
67 -5 0
67 -5 0
67 -5 0
67 -5 0
67 -5 0
67 -5 0
67 -5 0
67 -5 0
67 -5 0
67 -5 0
67 0 -5
67 0 -5
67 0 -5
67 0 -5
67 0 -5
67 0 -5
67 0 -5
67 0 -5
67 0 -5
67 0 -5
67 0 -5
67 0 -5
67 0 -5
67 0 -5
67 0 -5
67 0 -5
67 0 -5
67 0 -5
67 0 -5
67 0 -5
67 0 -5
67 0 -5
67 0 -5
67 0 -5
67 0 -5
67 0 -5
67 0 -5
67 5 0
67 5 0
67 5 0
67 5 0
67 5 0
67 5 0
67 5 0
67 5 0
67 5 0
67 5 0
67 5 0
67 5 0
67 5 0
67 5 0
67 5 0
67 5 0
67 5 0
67 5 0
67 5 0
67 5 0
67 5 0
67 5 0
67 5 0
67 5 0
67 5 0
67 5 0
67 5 0
67 0 5
67 0 5
67 0 5
67 0 5
67 0 5
67 0 5
67 0 5
67 0 5
67 0 5
67 0 5
67 0 5
67 0 5
67 0 5
67 0 5
67 0 5
67 0 5
67 0 5
67 0 5
67 0 5
67 0 5
67 0 5
67 0 5
67 0 5
67 0 5
67 0 5
67 0 5
67 0 5
68 -5 0
68 -5 0
68 -5 0
68 -5 0
68 -5 0
68 -5 0
68 -5 0
68 -5 0
68 -5 0
68 -5 0
68 -5 0
68 -5 0
68 -5 0
68 -5 0
68 -5 0
68 -5 0
68 -5 0
68 -5 0
68 -5 0
68 -5 0
68 -5 0
68 -5 0
68 -5 0
68 -5 0
68 -5 0
68 -5 0
68 -5 0
68 0 -5
68 0 -5
68 0 -5
68 0 -5
68 0 -5
68 0 -5
68 0 -5
68 0 -5
68 0 -5
68 0 -5
68 0 -5
68 0 -5
68 0 -5
68 0 -5
68 0 -5
68 0 -5
68 0 -5
68 0 -5
68 0 -5
68 0 -5
68 0 -5
68 0 -5
68 0 -5
68 0 -5
68 0 -5
68 0 -5
68 0 -5
68 5 0
68 5 0
68 5 0
68 5 0
68 5 0
68 5 0
68 5 0
68 5 0
68 5 0
68 5 0
68 5 0
68 5 0
68 5 0
68 5 0
68 5 0
68 5 0
68 5 0
68 5 0
68 5 0
68 5 0
68 5 0
68 5 0
68 5 0
68 5 0
68 5 0
68 5 0
68 5 0
68 0 5
68 0 5
68 0 5
68 0 5
68 0 5
68 0 5
68 0 5
68 0 5
68 0 5
68 0 5
68 0 5
68 0 5
68 0 5
68 0 5
68 0 5
68 0 5
68 0 5
68 0 5
68 0 5
68 0 5
68 0 5
68 0 5
68 0 5
68 0 5
68 0 5
68 0 5
68 0 5
69 -5 0
69 -5 0
69 -5 0
69 -5 0
69 -5 0
69 -5 0
69 -5 0
69 -5 0
69 -5 0
69 -5 0
69 -5 0
69 -5 0
69 -5 0
69 -5 0
69 -5 0
69 -5 0
69 -5 0
69 -5 0
69 -5 0
69 -5 0
69 -5 0
69 -5 0
69 -5 0
69 -5 0
69 -5 0
69 -5 0
69 -5 0
69 0 -5
69 0 -5
69 0 -5
69 0 -5
69 0 -5
69 0 -5
69 0 -5
69 0 -5
69 0 -5
69 0 -5
69 0 -5
69 0 -5
69 0 -5
69 0 -5
69 0 -5
69 0 -5
69 0 -5
69 0 -5
69 0 -5
69 0 -5
69 0 -5
69 0 -5
69 0 -5
69 0 -5
69 0 -5
69 0 -5
69 0 -5
69 5 0
69 5 0
69 5 0
69 5 0
69 5 0
69 5 0
69 5 0
69 5 0
69 5 0
69 5 0
69 5 0
69 5 0
69 5 0
69 5 0
69 5 0
69 5 0
69 5 0
69 5 0
69 5 0
69 5 0
69 5 0
69 5 0
69 5 0
69 5 0
69 5 0
69 5 0
69 5 0
69 0 5
69 0 5
69 0 5
69 0 5
69 0 5
69 0 5
69 0 5
69 0 5
69 0 5
69 0 5
69 0 5
69 0 5
69 0 5
69 0 5
69 0 5
69 0 5
69 0 5
69 0 5
69 0 5
69 0 5
69 0 5
69 0 5
69 0 5
69 0 5
69 0 5
69 0 5
69 0 5
70 -5 0
70 -5 0
70 -5 0
70 -5 0
70 -5 0
70 -5 0
70 -5 0
70 -5 0
70 -5 0
70 -5 0
70 -5 0
70 -5 0
70 -5 0
70 -5 0
70 -5 0
70 -5 0
70 -5 0
70 -5 0
70 -5 0
70 -5 0
70 -5 0
70 -5 0
70 -5 0
70 -5 0
70 -5 0
70 -5 0
70 -5 0
70 0 -5
70 0 -5
70 0 -5
70 0 -5
70 0 -5
70 0 -5
70 0 -5
70 0 -5
70 0 -5
70 0 -5
70 0 -5
70 0 -5
70 0 -5
70 0 -5
70 0 -5
70 0 -5
70 0 -5
70 0 -5
70 0 -5
70 0 -5
70 0 -5
70 0 -5
70 0 -5
70 0 -5
70 0 -5
70 0 -5
70 0 -5
70 5 0
70 5 0
70 5 0
70 5 0
70 5 0
70 5 0
70 5 0
70 5 0
70 5 0
70 5 0
70 5 0
70 5 0
70 5 0
70 5 0
70 5 0
70 5 0
70 5 0
70 5 0
70 5 0
70 5 0
70 5 0
70 5 0
70 5 0
70 5 0
70 5 0
70 5 0
70 5 0
70 0 5
70 0 5
70 0 5
70 0 5
70 0 5
70 0 5
70 0 5
70 0 5
70 0 5
70 0 5
70 0 5
70 0 5
70 0 5
70 0 5
70 0 5
70 0 5
70 0 5
70 0 5
70 0 5
70 0 5
70 0 5
70 0 5
70 0 5
70 0 5
70 0 5
70 0 5
70 0 5
71 -5 0
71 -5 0
71 -5 0
71 -5 0
71 -5 0
71 -5 0
71 -5 0
71 -5 0
71 -5 0
71 -5 0
71 -5 0
71 -5 0
71 -5 0
71 -5 0
71 -5 0
71 -5 0
71 -5 0
71 -5 0
71 -5 0
71 -5 0
71 -5 0
71 -5 0
71 -5 0
71 -5 0
71 -5 0
71 -5 0
71 -5 0
71 0 -5
71 0 -5
71 0 -5
71 0 -5
71 0 -5
71 0 -5
71 0 -5
71 0 -5
71 0 -5
71 0 -5
71 0 -5
71 0 -5
71 0 -5
71 0 -5
71 0 -5
71 0 -5
71 0 -5
71 0 -5
71 0 -5
71 0 -5
71 0 -5
71 0 -5
71 0 -5
71 0 -5
71 0 -5
71 0 -5
71 0 -5
71 5 0
71 5 0
71 5 0
71 5 0
71 5 0
71 5 0
71 5 0
71 5 0
71 5 0
71 5 0
71 5 0
71 5 0
71 5 0
71 5 0
71 5 0
71 5 0
71 5 0
71 5 0
71 5 0
71 5 0
71 5 0
71 5 0
71 5 0
71 5 0
71 5 0
71 5 0
71 5 0
71 0 5
71 0 5
71 0 5
71 0 5
71 0 5
71 0 5
71 0 5
71 0 5
71 0 5
71 0 5
71 0 5
71 0 5
71 0 5
71 0 5
71 0 5
71 0 5
71 0 5
71 0 5
71 0 5
71 0 5
71 0 5
71 0 5
71 0 5
71 0 5
71 0 5
71 0 5
71 0 5
72 -5 0
72 -5 0
72 -5 0
72 -5 0
72 -5 0
72 -5 0
72 -5 0
72 -5 0
72 -5 0
72 -5 0
72 -5 0
72 -5 0
72 -5 0
72 -5 0
72 -5 0
72 -5 0
72 -5 0
72 -5 0
72 -5 0
72 -5 0
72 -5 0
72 -5 0
72 -5 0
72 -5 0
72 -5 0
72 -5 0
72 -5 0
72 0 -5
72 0 -5
72 0 -5
72 0 -5
72 0 -5
72 0 -5
72 0 -5
72 0 -5
72 0 -5
72 0 -5
72 0 -5
72 0 -5
72 0 -5
72 0 -5
72 0 -5
72 0 -5
72 0 -5
72 0 -5
72 0 -5
72 0 -5
72 0 -5
72 0 -5
72 0 -5
72 0 -5
72 0 -5
72 0 -5
72 0 -5
72 5 0
72 5 0
72 5 0
72 5 0
72 5 0
72 5 0
72 5 0
72 5 0
72 5 0
72 5 0
72 5 0
72 5 0
72 5 0
72 5 0
72 5 0
72 5 0
72 5 0
72 5 0
72 5 0
72 5 0
72 5 0
72 5 0
72 5 0
72 5 0
72 5 0
72 5 0
72 5 0
72 0 5
72 0 5
72 0 5
72 0 5
72 0 5
72 0 5
72 0 5
72 0 5
72 0 5
72 0 5
72 0 5
72 0 5
72 0 5
72 0 5
72 0 5
72 0 5
72 0 5
72 0 5
72 0 5
72 0 5
72 0 5
72 0 5
72 0 5
72 0 5
72 0 5
72 0 5
72 0 5
73 -5 0
73 -5 0
73 -5 0
73 -5 0
73 -5 0
73 -5 0
73 -5 0
73 -5 0
73 -5 0
73 -5 0
73 -5 0
73 -5 0
73 -5 0
73 -5 0
73 -5 0
73 -5 0
73 -5 0
73 -5 0
73 -5 0
73 -5 0
73 -5 0
73 -5 0
73 -5 0
73 -5 0
73 -5 0
73 -5 0
73 -5 0
73 0 -5
73 0 -5
73 0 -5
73 0 -5
73 0 -5
73 0 -5
73 0 -5
73 0 -5
73 0 -5
73 0 -5
73 0 -5
73 0 -5
73 0 -5
73 0 -5
73 0 -5
73 0 -5
73 0 -5
73 0 -5
73 0 -5
73 0 -5
73 0 -5
73 0 -5
73 0 -5
73 0 -5
73 0 -5
73 0 -5
73 0 -5
73 5 0
73 5 0
73 5 0
73 5 0
73 5 0
73 5 0
73 5 0
73 5 0
73 5 0
73 5 0
73 5 0
73 5 0
73 5 0
73 5 0
73 5 0
73 5 0
73 5 0
73 5 0
73 5 0
73 5 0
73 5 0
73 5 0
73 5 0
73 5 0
73 5 0
73 5 0
73 5 0
73 0 5
73 0 5
73 0 5
73 0 5
73 0 5
73 0 5
73 0 5
73 0 5
73 0 5
73 0 5
73 0 5
73 0 5
73 0 5
73 0 5
73 0 5
73 0 5
73 0 5
73 0 5
73 0 5
73 0 5
73 0 5
73 0 5
73 0 5
73 0 5
73 0 5
73 0 5
73 0 5
74 -5 0
74 -5 0
74 -5 0
74 -5 0
74 -5 0
74 -5 0
74 -5 0
74 -5 0
74 -5 0
74 -5 0
74 -5 0
74 -5 0
74 -5 0
74 -5 0
74 -5 0
74 -5 0
74 -5 0
74 -5 0
74 -5 0
74 -5 0
74 -5 0
74 -5 0
74 -5 0
74 -5 0
74 -5 0
74 -5 0
74 -5 0
74 0 -5
74 0 -5
74 0 -5
74 0 -5
74 0 -5
74 0 -5
74 0 -5
74 0 -5
74 0 -5
74 0 -5
74 0 -5
74 0 -5
74 0 -5
74 0 -5
74 0 -5
74 0 -5
74 0 -5
74 0 -5
74 0 -5
74 0 -5
74 0 -5
74 0 -5
74 0 -5
74 0 -5
74 0 -5
74 0 -5
74 0 -5
74 5 0
74 5 0
74 5 0
74 5 0
74 5 0
74 5 0
74 5 0
74 5 0
74 5 0
74 5 0
74 5 0
74 5 0
74 5 0
74 5 0
74 5 0
74 5 0
74 5 0
74 5 0
74 5 0
74 5 0
74 5 0
74 5 0
74 5 0
74 5 0
74 5 0
74 5 0
74 5 0
74 0 5
74 0 5
74 0 5
74 0 5
74 0 5
74 0 5
74 0 5
74 0 5
74 0 5
74 0 5
74 0 5
74 0 5
74 0 5
74 0 5
74 0 5
74 0 5
74 0 5
74 0 5
74 0 5
74 0 5
74 0 5
74 0 5
74 0 5
74 0 5
74 0 5
74 0 5
74 0 5
75 -5 0
75 -5 0
75 -5 0
75 -5 0
75 -5 0
75 -5 0
75 -5 0
75 -5 0
75 -5 0
75 -5 0
75 -5 0
75 -5 0
75 -5 0
75 -5 0
75 -5 0
75 -5 0
75 -5 0
75 -5 0
75 -5 0
75 -5 0
75 -5 0
75 -5 0
75 -5 0
75 -5 0
75 -5 0
75 -5 0
75 -5 0
75 0 -5
75 0 -5
75 0 -5
75 0 -5
75 0 -5
75 0 -5
75 0 -5
75 0 -5
75 0 -5
75 0 -5
75 0 -5
75 0 -5
75 0 -5
75 0 -5
75 0 -5
75 0 -5
75 0 -5
75 0 -5
75 0 -5
75 0 -5
75 0 -5
75 0 -5
75 0 -5
75 0 -5
75 0 -5
75 0 -5
75 0 -5
75 5 0
75 5 0
75 5 0
75 5 0
75 5 0
75 5 0
75 5 0
75 5 0
75 5 0
75 5 0
75 5 0
75 5 0
75 5 0
75 5 0
75 5 0
75 5 0
75 5 0
75 5 0
75 5 0
75 5 0
75 5 0
75 5 0
75 5 0
75 5 0
75 5 0
75 5 0
75 5 0
75 0 5
75 0 5
75 0 5
75 0 5
75 0 5
75 0 5
75 0 5
75 0 5
75 0 5
75 0 5
75 0 5
75 0 5
75 0 5
75 0 5
75 0 5
75 0 5
75 0 5
75 0 5
75 0 5
75 0 5
75 0 5
75 0 5
75 0 5
75 0 5
75 0 5
75 0 5
75 0 5
76 -5 0
76 -5 0
76 -5 0
76 -5 0
76 -5 0
76 -5 0
76 -5 0
76 -5 0
76 -5 0
76 -5 0
76 -5 0
76 -5 0
76 -5 0
76 -5 0
76 -5 0
76 -5 0
76 -5 0
76 -5 0
76 -5 0
76 -5 0
76 -5 0
76 -5 0
76 -5 0
76 -5 0
76 -5 0
76 -5 0
76 -5 0
76 0 -5
76 0 -5
76 0 -5
76 0 -5
76 0 -5
76 0 -5
76 0 -5
76 0 -5
76 0 -5
76 0 -5
76 0 -5
76 0 -5
76 0 -5
76 0 -5
76 0 -5
76 0 -5
76 0 -5
76 0 -5
76 0 -5
76 0 -5
76 0 -5
76 0 -5
76 0 -5
76 0 -5
76 0 -5
76 0 -5
76 0 -5
76 5 0
76 5 0
76 5 0
76 5 0
76 5 0
76 5 0
76 5 0
76 5 0
76 5 0
76 5 0
76 5 0
76 5 0
76 5 0
76 5 0
76 5 0
76 5 0
76 5 0
76 5 0
76 5 0
76 5 0
76 5 0
76 5 0
76 5 0
76 5 0
76 5 0
76 5 0
76 5 0
76 0 5
76 0 5
76 0 5
76 0 5
76 0 5
76 0 5
76 0 5
76 0 5
76 0 5
76 0 5
76 0 5
76 0 5
76 0 5
76 0 5
76 0 5
76 0 5
76 0 5
76 0 5
76 0 5
76 0 5
76 0 5
76 0 5
76 0 5
76 0 5
76 0 5
76 0 5
76 0 5
77 -5 0
77 -5 0
77 -5 0
77 -5 0
77 -5 0
77 -5 0
77 -5 0
77 -5 0
77 -5 0
77 -5 0
77 -5 0
77 -5 0
77 -5 0
77 -5 0
77 -5 0
77 -5 0
77 -5 0
77 -5 0
77 -5 0
77 -5 0
77 -5 0
77 -5 0
77 -5 0
77 -5 0
77 -5 0
77 -5 0
77 -5 0
77 0 -5
77 0 -5
77 0 -5
77 0 -5
77 0 -5
77 0 -5
77 0 -5
77 0 -5
77 0 -5
77 0 -5
77 0 -5
77 0 -5
77 0 -5
77 0 -5
77 0 -5
77 0 -5
77 0 -5
77 0 -5
77 0 -5
77 0 -5
77 0 -5
77 0 -5
77 0 -5
77 0 -5
77 0 -5
77 0 -5
77 0 -5
77 5 0
77 5 0
77 5 0
77 5 0
77 5 0
77 5 0
77 5 0
77 5 0
77 5 0
77 5 0
77 5 0
77 5 0
77 5 0
77 5 0
77 5 0
77 5 0
77 5 0
77 5 0
77 5 0
77 5 0
77 5 0
77 5 0
77 5 0
77 5 0
77 5 0
77 5 0
77 5 0
77 0 5
77 0 5
77 0 5
77 0 5
77 0 5
77 0 5
77 0 5
77 0 5
77 0 5
77 0 5
77 0 5
77 0 5
77 0 5
77 0 5
77 0 5
77 0 5
77 0 5
77 0 5
77 0 5
77 0 5
77 0 5
77 0 5
77 0 5
77 0 5
77 0 5
77 0 5
77 0 5
78 -5 0
78 -5 0
78 -5 0
78 -5 0
78 -5 0
78 -5 0
78 -5 0
78 -5 0
78 -5 0
78 -5 0
78 -5 0
78 -5 0
78 -5 0
78 -5 0
78 -5 0
78 -5 0
78 -5 0
78 -5 0
78 -5 0
78 -5 0
78 -5 0
78 -5 0
78 -5 0
78 -5 0
78 -5 0
78 -5 0
78 -5 0
78 0 -5
78 0 -5
78 0 -5
78 0 -5
78 0 -5
78 0 -5
78 0 -5
78 0 -5
78 0 -5
78 0 -5
78 0 -5
78 0 -5
78 0 -5
78 0 -5
78 0 -5
78 0 -5
78 0 -5
78 0 -5
78 0 -5
78 0 -5
78 0 -5
78 0 -5
78 0 -5
78 0 -5
78 0 -5
78 0 -5
78 0 -5
78 5 0
78 5 0
78 5 0
78 5 0
78 5 0
78 5 0
78 5 0
78 5 0
78 5 0
78 5 0
78 5 0
78 5 0
78 5 0
78 5 0
78 5 0
78 5 0
78 5 0
78 5 0
78 5 0
78 5 0
78 5 0
78 5 0
78 5 0
78 5 0
78 5 0
78 5 0
78 5 0
78 0 5
78 0 5
78 0 5
78 0 5
78 0 5
78 0 5
78 0 5
78 0 5
78 0 5
78 0 5
78 0 5
78 0 5
78 0 5
78 0 5
78 0 5
78 0 5
78 0 5
78 0 5
78 0 5
78 0 5
78 0 5
78 0 5
78 0 5
78 0 5
78 0 5
78 0 5
78 0 5
79 -5 0
79 -5 0
79 -5 0
79 -5 0
79 -5 0
79 -5 0
79 -5 0
79 -5 0
79 -5 0
79 -5 0
79 -5 0
79 -5 0
79 -5 0
79 -5 0
79 -5 0
79 -5 0
79 -5 0
79 -5 0
79 -5 0
79 -5 0
79 -5 0
79 -5 0
79 -5 0
79 -5 0
79 -5 0
79 -5 0
79 -5 0
79 0 -5
79 0 -5
79 0 -5
79 0 -5
79 0 -5
79 0 -5
79 0 -5
79 0 -5
79 0 -5
79 0 -5
79 0 -5
79 0 -5
79 0 -5
79 0 -5
79 0 -5
79 0 -5
79 0 -5
79 0 -5
79 0 -5
79 0 -5
79 0 -5
79 0 -5
79 0 -5
79 0 -5
79 0 -5
79 0 -5
79 0 -5
79 5 0
79 5 0
79 5 0
79 5 0
79 5 0
79 5 0
79 5 0
79 5 0
79 5 0
79 5 0
79 5 0
79 5 0
79 5 0
79 5 0
79 5 0
79 5 0
79 5 0
79 5 0
79 5 0
79 5 0
79 5 0
79 5 0
79 5 0
79 5 0
79 5 0
79 5 0
79 5 0
79 0 5
79 0 5
79 0 5
79 0 5
79 0 5
79 0 5
79 0 5
79 0 5
79 0 5
79 0 5
79 0 5
79 0 5
79 0 5
79 0 5
79 0 5
79 0 5
79 0 5
79 0 5
79 0 5
79 0 5
79 0 5
79 0 5
79 0 5
79 0 5
79 0 5
79 0 5
79 0 5
80 -5 0
80 -5 0
80 -5 0
80 -5 0
80 -5 0
80 -5 0
80 -5 0
80 -5 0
80 -5 0
80 -5 0
80 -5 0
80 -5 0
80 -5 0
80 -5 0
80 -5 0
80 -5 0
80 -5 0
80 -5 0
80 -5 0
80 -5 0
80 -5 0
80 -5 0
80 -5 0
80 -5 0
80 -5 0
80 -5 0
80 -5 0
80 0 -5
80 0 -5
80 0 -5
80 0 -5
80 0 -5
80 0 -5
80 0 -5
80 0 -5
80 0 -5
80 0 -5
80 0 -5
80 0 -5
80 0 -5
80 0 -5
80 0 -5
80 0 -5
80 0 -5
80 0 -5
80 0 -5
80 0 -5
80 0 -5
80 0 -5
80 0 -5
80 0 -5
80 0 -5
80 0 -5
80 0 -5
80 5 0
80 5 0
80 5 0
80 5 0
80 5 0
80 5 0
80 5 0
80 5 0
80 5 0
80 5 0
80 5 0
80 5 0
80 5 0
80 5 0
80 5 0
80 5 0
80 5 0
80 5 0
80 5 0
80 5 0
80 5 0
80 5 0
80 5 0
80 5 0
80 5 0
80 5 0
80 5 0
80 0 5
80 0 5
80 0 5
80 0 5
80 0 5
80 0 5
80 0 5
80 0 5
80 0 5
80 0 5
80 0 5
80 0 5
80 0 5
80 0 5
80 0 5
80 0 5
80 0 5
80 0 5
80 0 5
80 0 5
80 0 5
80 0 5
80 0 5
80 0 5
80 0 5
80 0 5
80 0 5
81 -5 0
81 -5 0
81 -5 0
81 -5 0
81 -5 0
81 -5 0
81 -5 0
81 -5 0
81 -5 0
81 -5 0
81 -5 0
81 -5 0
81 -5 0
81 -5 0
81 -5 0
81 -5 0
81 -5 0
81 -5 0
81 -5 0
81 -5 0
81 -5 0
81 -5 0
81 -5 0
81 -5 0
81 -5 0
81 -5 0
81 -5 0
81 0 -5
81 0 -5
81 0 -5
81 0 -5
81 0 -5
81 0 -5
81 0 -5
81 0 -5
81 0 -5
81 0 -5
81 0 -5
81 0 -5
81 0 -5
81 0 -5
81 0 -5
81 0 -5
81 0 -5
81 0 -5
81 0 -5
81 0 -5
81 0 -5
81 0 -5
81 0 -5
81 0 -5
81 0 -5
81 0 -5
81 0 -5
81 5 0
81 5 0
81 5 0
81 5 0
81 5 0
81 5 0
81 5 0
81 5 0
81 5 0
81 5 0
81 5 0
81 5 0
81 5 0
81 5 0
81 5 0
81 5 0
81 5 0
81 5 0
81 5 0
81 5 0
81 5 0
81 5 0
81 5 0
81 5 0
81 5 0
81 5 0
81 5 0
81 0 5
81 0 5
81 0 5
81 0 5
81 0 5
81 0 5
81 0 5
81 0 5
81 0 5
81 0 5
81 0 5
81 0 5
81 0 5
81 0 5
81 0 5
81 0 5
81 0 5
81 0 5
81 0 5
81 0 5
81 0 5
81 0 5
81 0 5
81 0 5
81 0 5
81 0 5
81 0 5
82 -5 0
82 -5 0
82 -5 0
82 -5 0
82 -5 0
82 -5 0
82 -5 0
82 -5 0
82 -5 0
82 -5 0
82 -5 0
82 -5 0
82 -5 0
82 -5 0
82 -5 0
82 -5 0
82 -5 0
82 -5 0
82 -5 0
82 -5 0
82 -5 0
82 -5 0
82 -5 0
82 -5 0
82 -5 0
82 -5 0
82 -5 0
82 0 -5
82 0 -5
82 0 -5
82 0 -5
82 0 -5
82 0 -5
82 0 -5
82 0 -5
82 0 -5
82 0 -5
82 0 -5
82 0 -5
82 0 -5
82 0 -5
82 0 -5
82 0 -5
82 0 -5
82 0 -5
82 0 -5
82 0 -5
82 0 -5
82 0 -5
82 0 -5
82 0 -5
82 0 -5
82 0 -5
82 0 -5
82 5 0
82 5 0
82 5 0
82 5 0
82 5 0
82 5 0
82 5 0
82 5 0
82 5 0
82 5 0
82 5 0
82 5 0
82 5 0
82 5 0
82 5 0
82 5 0
82 5 0
82 5 0
82 5 0
82 5 0
82 5 0
82 5 0
82 5 0
82 5 0
82 5 0
82 5 0
82 5 0
82 0 5
82 0 5
82 0 5
82 0 5
82 0 5
82 0 5
82 0 5
82 0 5
82 0 5
82 0 5
82 0 5
82 0 5
82 0 5
82 0 5
82 0 5
82 0 5
82 0 5
82 0 5
82 0 5
82 0 5
82 0 5
82 0 5
82 0 5
82 0 5
82 0 5
82 0 5
82 0 5
83 -5 0
83 -5 0
83 -5 0
83 -5 0
83 -5 0
83 -5 0
83 -5 0
83 -5 0
83 -5 0
83 -5 0
83 -5 0
83 -5 0
83 -5 0
83 -5 0
83 -5 0
83 -5 0
83 -5 0
83 -5 0
83 -5 0
83 -5 0
83 -5 0
83 -5 0
83 -5 0
83 -5 0
83 -5 0
83 -5 0
83 -5 0
83 0 -5
83 0 -5
83 0 -5
83 0 -5
83 0 -5
83 0 -5
83 0 -5
83 0 -5
83 0 -5
83 0 -5
83 0 -5
83 0 -5
83 0 -5
83 0 -5
83 0 -5
83 0 -5
83 0 -5
83 0 -5
83 0 -5
83 0 -5
83 0 -5
83 0 -5
83 0 -5
83 0 -5
83 0 -5
83 0 -5
83 0 -5
83 5 0
83 5 0
83 5 0
83 5 0
83 5 0
83 5 0
83 5 0
83 5 0
83 5 0
83 5 0
83 5 0
83 5 0
83 5 0
83 5 0
83 5 0
83 5 0
83 5 0
83 5 0
83 5 0
83 5 0
83 5 0
83 5 0
83 5 0
83 5 0
83 5 0
83 5 0
83 5 0
83 0 5
83 0 5
83 0 5
83 0 5
83 0 5
83 0 5
83 0 5
83 0 5
83 0 5
83 0 5
83 0 5
83 0 5
83 0 5
83 0 5
83 0 5
83 0 5
83 0 5
83 0 5
83 0 5
83 0 5
83 0 5
83 0 5
83 0 5
83 0 5
83 0 5
83 0 5
83 0 5
84 -5 0
84 -5 0
84 -5 0
84 -5 0
84 -5 0
84 -5 0
84 -5 0
84 -5 0
84 -5 0
84 -5 0
84 -5 0
84 -5 0
84 -5 0
84 -5 0
84 -5 0
84 -5 0
84 -5 0
84 -5 0
84 -5 0
84 -5 0
84 -5 0
84 -5 0
84 -5 0
84 -5 0
84 -5 0
84 -5 0
84 -5 0
84 0 -5
84 0 -5
84 0 -5
84 0 -5
84 0 -5
84 0 -5
84 0 -5
84 0 -5
84 0 -5
84 0 -5
84 0 -5
84 0 -5
84 0 -5
84 0 -5
84 0 -5
84 0 -5
84 0 -5
84 0 -5
84 0 -5
84 0 -5
84 0 -5
84 0 -5
84 0 -5
84 0 -5
84 0 -5
84 0 -5
84 0 -5
84 5 0
84 5 0
84 5 0
84 5 0
84 5 0
84 5 0
84 5 0
84 5 0
84 5 0
84 5 0
84 5 0
84 5 0
84 5 0
84 5 0
84 5 0
84 5 0
84 5 0
84 5 0
84 5 0
84 5 0
84 5 0
84 5 0
84 5 0
84 5 0
84 5 0
84 5 0
84 5 0
84 0 5
84 0 5
84 0 5
84 0 5
84 0 5
84 0 5
84 0 5
84 0 5
84 0 5
84 0 5
84 0 5
84 0 5
84 0 5
84 0 5
84 0 5
84 0 5
84 0 5
84 0 5
84 0 5
84 0 5
84 0 5
84 0 5
84 0 5
84 0 5
84 0 5
84 0 5
84 0 5
85 -5 0
85 -5 0
85 -5 0
85 -5 0
85 -5 0
85 -5 0
85 -5 0
85 -5 0
85 -5 0
85 -5 0
85 -5 0
85 -5 0
85 -5 0
85 -5 0
85 -5 0
85 -5 0
85 -5 0
85 -5 0
85 -5 0
85 -5 0
85 -5 0
85 -5 0
85 -5 0
85 -5 0
85 -5 0
85 -5 0
85 -5 0
85 0 -5
85 0 -5
85 0 -5
85 0 -5
85 0 -5
85 0 -5
85 0 -5
85 0 -5
85 0 -5
85 0 -5
85 0 -5
85 0 -5
85 0 -5
85 0 -5
85 0 -5
85 0 -5
85 0 -5
85 0 -5
85 0 -5
85 0 -5
85 0 -5
85 0 -5
85 0 -5
85 0 -5
85 0 -5
85 0 -5
85 0 -5
85 5 0
85 5 0
85 5 0
85 5 0
85 5 0
85 5 0
85 5 0
85 5 0
85 5 0
85 5 0
85 5 0
85 5 0
85 5 0
85 5 0
85 5 0
85 5 0
85 5 0
85 5 0
85 5 0
85 5 0
85 5 0
85 5 0
85 5 0
85 5 0
85 5 0
85 5 0
85 5 0
85 0 5
85 0 5
85 0 5
85 0 5
85 0 5
85 0 5
85 0 5
85 0 5
85 0 5
85 0 5
85 0 5
85 0 5
85 0 5
85 0 5
85 0 5
85 0 5
85 0 5
85 0 5
85 0 5
85 0 5
85 0 5
85 0 5
85 0 5
85 0 5
85 0 5
85 0 5
85 0 5
86 -5 0
86 -5 0
86 -5 0
86 -5 0
86 -5 0
86 -5 0
86 -5 0
86 -5 0
86 -5 0
86 -5 0
86 -5 0
86 -5 0
86 -5 0
86 -5 0
86 -5 0
86 -5 0
86 -5 0
86 -5 0
86 -5 0
86 -5 0
86 -5 0
86 -5 0
86 -5 0
86 -5 0
86 -5 0
86 -5 0
86 -5 0
86 0 -5
86 0 -5
86 0 -5
86 0 -5
86 0 -5
86 0 -5
86 0 -5
86 0 -5
86 0 -5
86 0 -5
86 0 -5
86 0 -5
86 0 -5
86 0 -5
86 0 -5
86 0 -5
86 0 -5
86 0 -5
86 0 -5
86 0 -5
86 0 -5
86 0 -5
86 0 -5
86 0 -5
86 0 -5
86 0 -5
86 0 -5
86 5 0
86 5 0
86 5 0
86 5 0
86 5 0
86 5 0
86 5 0
86 5 0
86 5 0
86 5 0
86 5 0
86 5 0
86 5 0
86 5 0
86 5 0
86 5 0
86 5 0
86 5 0
86 5 0
86 5 0
86 5 0
86 5 0
86 5 0
86 5 0
86 5 0
86 5 0
86 5 0
86 0 5
86 0 5
86 0 5
86 0 5
86 0 5
86 0 5
86 0 5
86 0 5
86 0 5
86 0 5
86 0 5
86 0 5
86 0 5
86 0 5
86 0 5
86 0 5
86 0 5
86 0 5
86 0 5
86 0 5
86 0 5
86 0 5
86 0 5
86 0 5
86 0 5
86 0 5
86 0 5
87 -5 0
87 -5 0
87 -5 0
87 -5 0
87 -5 0
87 -5 0
87 -5 0
87 -5 0
87 -5 0
87 -5 0
87 -5 0
87 -5 0
87 -5 0
87 -5 0
87 -5 0
87 -5 0
87 -5 0
87 -5 0
87 -5 0
87 -5 0
87 -5 0
87 -5 0
87 -5 0
87 -5 0
87 -5 0
87 -5 0
87 -5 0
87 0 -5
87 0 -5
87 0 -5
87 0 -5
87 0 -5
87 0 -5
87 0 -5
87 0 -5
87 0 -5
87 0 -5
87 0 -5
87 0 -5
87 0 -5
87 0 -5
87 0 -5
87 0 -5
87 0 -5
87 0 -5
87 0 -5
87 0 -5
87 0 -5
87 0 -5
87 0 -5
87 0 -5
87 0 -5
87 0 -5
87 0 -5
87 5 0
87 5 0
87 5 0
87 5 0
87 5 0
87 5 0
87 5 0
87 5 0
87 5 0
87 5 0
87 5 0
87 5 0
87 5 0
87 5 0
87 5 0
87 5 0
87 5 0
87 5 0
87 5 0
87 5 0
87 5 0
87 5 0
87 5 0
87 5 0
87 5 0
87 5 0
87 5 0
87 0 5
87 0 5
87 0 5
87 0 5
87 0 5
87 0 5
87 0 5
87 0 5
87 0 5
87 0 5
87 0 5
87 0 5
87 0 5
87 0 5
87 0 5
87 0 5
87 0 5
87 0 5
87 0 5
87 0 5
87 0 5
87 0 5
87 0 5
87 0 5
87 0 5
87 0 5
87 0 5
88 -5 0
88 -5 0
88 -5 0
88 -5 0
88 -5 0
88 -5 0
88 -5 0
88 -5 0
88 -5 0
88 -5 0
88 -5 0
88 -5 0
88 -5 0
88 -5 0
88 -5 0
88 -5 0
88 -5 0
88 -5 0
88 -5 0
88 -5 0
88 -5 0
88 -5 0
88 -5 0
88 -5 0
88 -5 0
88 -5 0
88 -5 0
88 0 -5
88 0 -5
88 0 -5
88 0 -5
88 0 -5
88 0 -5
88 0 -5
88 0 -5
88 0 -5
88 0 -5
88 0 -5
88 0 -5
88 0 -5
88 0 -5
88 0 -5
88 0 -5
88 0 -5
88 0 -5
88 0 -5
88 0 -5
88 0 -5
88 0 -5
88 0 -5
88 0 -5
88 0 -5
88 0 -5
88 0 -5
88 5 0
88 5 0
88 5 0
88 5 0
88 5 0
88 5 0
88 5 0
88 5 0
88 5 0
88 5 0
88 5 0
88 5 0
88 5 0
88 5 0
88 5 0
88 5 0
88 5 0
88 5 0
88 5 0
88 5 0
88 5 0
88 5 0
88 5 0
88 5 0
88 5 0
88 5 0
88 5 0
88 0 5
88 0 5
88 0 5
88 0 5
88 0 5
88 0 5
88 0 5
88 0 5
88 0 5
88 0 5
88 0 5
88 0 5
88 0 5
88 0 5
88 0 5
88 0 5
88 0 5
88 0 5
88 0 5
88 0 5
88 0 5
88 0 5
88 0 5
88 0 5
88 0 5
88 0 5
88 0 5
89 -5 0
89 -5 0
89 -5 0
89 -5 0
89 -5 0
89 -5 0
89 -5 0
89 -5 0
89 -5 0
89 -5 0
89 -5 0
89 -5 0
89 -5 0
89 -5 0
89 -5 0
89 -5 0
89 -5 0
89 -5 0
89 -5 0
89 -5 0
89 -5 0
89 -5 0
89 -5 0
89 -5 0
89 -5 0
89 -5 0
89 -5 0
89 0 -5
89 0 -5
89 0 -5
89 0 -5
89 0 -5
89 0 -5
89 0 -5
89 0 -5
89 0 -5
89 0 -5
89 0 -5
89 0 -5
89 0 -5
89 0 -5
89 0 -5
89 0 -5
89 0 -5
89 0 -5
89 0 -5
89 0 -5
89 0 -5
89 0 -5
89 0 -5
89 0 -5
89 0 -5
89 0 -5
89 0 -5
89 5 0
89 5 0
89 5 0
89 5 0
89 5 0
89 5 0
89 5 0
89 5 0
89 5 0
89 5 0
89 5 0
89 5 0
89 5 0
89 5 0
89 5 0
89 5 0
89 5 0
89 5 0
89 5 0
89 5 0
89 5 0
89 5 0
89 5 0
89 5 0
89 5 0
89 5 0
89 5 0
89 0 5
89 0 5
89 0 5
89 0 5
89 0 5
89 0 5
89 0 5
89 0 5
89 0 5
89 0 5
89 0 5
89 0 5
89 0 5
89 0 5
89 0 5
89 0 5
89 0 5
89 0 5
89 0 5
89 0 5
89 0 5
89 0 5
89 0 5
89 0 5
89 0 5
89 0 5
89 0 5
# looped 12249150 times
-1 -1 -1
86
24
21
60
66
29
7
9
5
88
51
48
0
43
87
33
8
11
83
37
2
23
50
20
19
1
39
18
34
70
72
81
40
3
6
36
58
56
12
15
85
64
65
30
28
55
17
16
41
84
32
31
42
89
10
68
26
73
74
44
61
67
71
78
14
59
35
13
46
82
75
45
63
27
57
69
25
77
47
52
38
54
80
53
4
79
62
76
22
49
