0 0 20 20 20 0 0 0 0 0 0 0 930 930 930 0 0 0 0 0 0 0 0 0 0 0 0 0 0 0 0 0 0 0 30 30 30 0 0 0 10 10 10 0 40 40 940 940 940 0
0 0 20 20 20 0 0 0 0 0 0 0 0 0 0 0 0 0 0 0 0 0 50 50 50 0 0 0 0 60 60 60 0 0 30 70 70 70 0 0 10 10 10 0 40 40 40 0 0 0
0 0 20 80 80 80 0 0 0 0 0 0 0 0 0 0 0 0 0 0 0 0 50 50 50 0 0 0 90 90 90 60 0 0 100 100 100 70 0 0 0 0 0 0 40 40 40 0 0 0
0 0 0 80 80 80 110 110 110 0 0 0 0 0 0 0 0 0 0 0 0 0 50 50 50 0 0 0 90 90 90 60 0 0 100 100 100 70 0 0 0 0 0 0 0 0 0 0 0 0
0 0 0 80 80 80 110 120 120 120 0 0 0 0 0 0 0 0 0 0 0 0 0 0 0 0 0 0 90 90 90 0 0 0 100 100 100 0 0 0 0 0 0 0 0 0 0 0 0 0
0 0 0 0 130 130 130 120 120 120 0 0 0 0 0 0 0 0 0 140 140 140 0 0 0 0 0 0 0 0 0 0 0 0 0 0 0 0 0 0 0 0 0 0 0 0 0 0 0 0
0 0 0 0 130 130 130 120 120 120 0 0 0 0 0 0 0 0 0 140 140 140 0 0 0 0 0 0 0 0 0 0 0 0 0 0 0 0 0 0 0 0 0 150 150 150 0 0 0 0
0 0 0 0 130 130 130 0 0 0 0 0 0 0 0 0 0 0 0 140 140 140 0 160 160 160 0 0 170 170 170 0 0 0 0 0 0 0 0 0 0 0 0 150 150 150 0 0 0 0
0 0 0 0 0 0 0 0 0 0 0 0 0 0 0 0 0 0 0 0 0 0 0 160 160 160 0 0 170 170 170 0 0 0 0 0 0 180 180 180 0 0 0 150 150 150 0 0 0 0
0 0 0 0 0 0 0 0 0 0 0 190 190 190 0 0 0 0 0 0 0 0 0 160 160 160 0 0 170 170 170 0 0 0 0 0 0 180 180 180 0 0 0 0 0 200 200 200 0 0
0 0 0 0 0 0 0 210 220 220 220 190 190 190 0 0 0 0 0 0 0 0 0 0 0 0 0 0 0 0 230 230 240 240 240 0 0 180 180 180 0 0 0 0 0 200 200 200 0 0
0 0 0 0 0 0 0 210 220 220 220 190 190 190 0 0 0 0 0 0 0 0 0 0 0 0 0 0 0 0 230 230 240 240 240 0 0 0 0 0 0 0 0 0 0 200 200 200 0 0
250 250 0 0 0 260 260 260 220 220 220 0 0 0 0 0 0 0 270 270 270 0 0 0 0 0 0 0 0 0 230 230 240 240 240 0 0 0 0 0 280 280 280 0 0 0 0 0 0 250
250 250 0 0 0 260 260 260 0 0 0 0 0 0 0 0 0 0 270 270 270 0 0 0 0 0 0 0 0 0 0 0 0 0 0 0 0 0 0 0 280 280 280 0 0 0 0 0 0 250
250 250 0 0 0 260 260 260 0 0 0 0 0 0 0 0 0 0 270 270 270 0 0 0 0 0 0 0 0 0 0 0 0 290 290 290 0 0 0 0 280 280 280 0 0 0 0 0 0 250
0 0 0 0 0 0 0 0 0 0 0 0 0 0 0 0 0 0 0 0 0 0 0 0 0 0 0 0 0 0 0 300 300 300 290 290 0 0 0 0 0 0 0 0 0 0 0 0 0 0
0 0 0 0 0 0 0 0 0 0 0 0 0 0 0 0 0 0 0 310 310 310 0 0 0 0 0 0 0 0 0 300 300 300 290 290 0 0 0 0 0 0 0 0 0 0 320 320 320 0
0 0 0 0 0 0 0 0 0 0 0 0 0 0 0 0 0 0 0 310 310 310 0 0 0 0 0 0 0 0 0 300 300 300 0 0 0 330 330 330 0 0 0 0 0 340 340 340 320 0
0 0 0 0 0 0 0 0 350 350 350 0 360 360 360 0 0 0 0 310 310 310 0 0 0 0 0 0 0 0 0 0 0 0 0 0 0 330 330 370 370 370 0 0 0 340 340 340 320 0
0 0 0 0 0 0 0 0 350 350 350 0 360 360 360 0 0 0 0 0 0 0 0 0 0 0 0 0 0 0 0 0 0 0 0 0 0 330 330 370 370 370 0 0 0 340 340 340 0 0
0 0 0 0 0 0 0 0 350 350 350 0 360 360 360 0 0 0 0 0 0 0 0 0 0 0 0 0 380 380 380 0 0 0 0 0 0 0 0 370 370 370 0 0 0 0 0 0 0 0
0 0 0 0 0 0 0 0 0 0 0 0 0 0 0 0 0 0 0 0 0 0 0 0 0 390 390 390 380 380 380 0 0 0 0 0 0 0 400 400 400 0 0 0 0 0 0 0 0 0
410 410 410 0 0 420 420 420 0 0 0 0 0 0 0 0 0 0 0 0 0 0 0 0 0 390 390 390 380 380 380 0 0 0 0 0 0 0 400 400 400 0 0 0 0 0 0 0 0 0
410 410 410 0 0 420 420 420 0 0 0 0 0 0 0 0 0 0 0 0 0 0 0 0 0 390 390 390 0 0 0 0 0 0 0 0 0 0 400 400 400 0 0 0 0 0 0 0 0 0
410 410 410 0 430 430 430 420 0 0 0 0 0 0 0 0 0 0 0 0 0 0 0 0 440 440 450 450 450 0 0 0 0 0 0 0 0 0 0 0 0 0 0 0 0 0 0 0 0 0
0 0 0 0 430 430 430 0 0 0 0 460 460 460 0 0 0 0 0 0 0 470 470 470 440 440 450 450 450 0 0 0 0 0 0 0 0 0 0 0 0 0 0 0 0 0 0 0 0 0
480 480 0 0 430 430 430 0 0 0 0 460 460 460 0 0 0 0 0 0 0 490 490 490 440 440 450 450 450 0 0 0 0 0 500 500 500 0 0 510 510 510 0 0 0 0 0 0 0 480
480 480 0 0 0 0 0 0 0 0 520 520 520 530 530 530 0 0 0 0 0 490 490 490 0 0 0 0 0 0 0 0 0 0 500 500 500 0 0 510 510 510 0 0 0 0 540 540 540 480
480 480 0 0 0 0 0 0 0 0 520 520 520 530 530 530 0 0 0 0 0 490 490 490 550 550 550 0 0 0 0 0 0 0 500 500 500 0 0 510 510 510 0 0 0 0 540 540 540 480
0 0 0 0 560 560 560 0 0 0 520 520 520 570 570 570 0 0 0 0 0 0 0 0 550 550 550 580 580 580 0 0 0 0 590 590 590 0 0 0 0 0 0 0 0 0 540 540 540 0
620 600 0 0 560 610 610 610 0 0 0 0 0 570 570 570 0 0 0 0 0 0 0 0 550 550 550 580 580 580 0 0 0 0 590 590 590 0 0 0 0 0 0 0 0 0 0 0 620 620
620 600 0 0 560 610 610 610 0 0 0 0 0 570 570 570 0 0 0 0 0 0 0 0 0 0 0 580 630 630 630 0 0 0 590 590 590 0 0 0 0 0 0 0 0 0 0 0 620 620
620 600 0 0 0 640 640 640 0 0 0 0 0 0 0 0 0 0 0 0 0 0 650 650 650 0 0 0 630 630 630 0 0 0 0 0 0 0 0 660 660 660 0 0 0 0 0 0 620 620
0 0 0 0 0 640 640 640 0 0 0 0 0 0 0 0 0 0 0 0 0 0 650 650 650 0 0 0 630 630 630 0 0 0 670 670 670 0 0 660 660 660 0 0 0 0 0 0 0 0
0 0 0 0 0 640 640 640 0 0 0 0 0 0 0 0 0 0 0 0 0 0 650 650 650 0 0 680 680 680 0 0 0 0 670 670 670 0 0 660 690 690 690 0 0 0 0 0 0 0
0 0 0 0 0 0 0 0 0 0 0 0 0 0 0 0 0 0 0 0 0 0 0 0 0 0 0 680 700 700 700 0 0 0 670 670 670 0 0 0 690 690 690 0 0 0 0 0 0 0
0 0 0 0 0 0 0 0 0 0 0 0 0 0 0 0 0 0 0 0 0 0 0 0 0 0 0 680 700 700 700 0 0 0 0 0 0 0 0 0 690 690 690 0 0 0 0 0 0 0
0 0 0 0 0 0 0 0 0 0 0 0 0 0 0 0 0 0 0 0 0 0 0 0 0 0 0 0 700 700 700 710 710 710 0 0 0 0 0 0 0 0 0 0 0 0 0 0 0 0
0 0 720 720 720 0 0 0 0 0 0 0 0 0 0 0 0 0 0 0 0 0 0 0 0 0 0 0 0 0 0 710 710 710 0 0 0 0 0 0 0 0 0 0 0 0 0 0 0 0
0 0 720 720 720 0 730 730 730 0 0 0 0 0 0 0 0 0 0 0 0 0 0 0 0 0 0 0 0 0 0 710 710 710 0 0 0 0 740 740 740 0 0 750 750 750 0 0 0 0
0 0 720 720 720 0 730 730 730 0 0 0 760 760 760 0 0 770 770 770 0 0 0 0 0 0 0 0 0 780 780 780 0 0 790 790 790 0 740 740 740 0 0 750 750 750 0 0 0 0
0 0 0 0 0 0 730 730 730 0 0 0 760 760 800 800 800 770 770 770 0 0 810 810 810 0 0 0 0 780 780 780 0 0 790 790 790 0 740 740 740 0 0 750 750 750 0 0 0 0
0 0 0 0 0 0 820 820 820 0 0 0 760 760 800 800 800 770 770 770 0 0 810 810 810 0 0 0 0 780 780 780 0 0 790 790 790 0 0 0 0 0 0 0 0 0 0 0 0 0
0 0 0 0 0 0 820 820 830 830 830 0 840 840 840 800 800 0 0 0 0 0 810 810 850 850 850 0 0 0 0 0 0 0 0 0 0 0 0 0 0 0 0 0 0 0 0 0 0 0
0 0 0 0 0 0 820 820 830 830 830 0 840 840 840 0 0 0 0 0 0 0 0 0 850 850 850 0 0 0 0 0 0 0 0 0 0 0 0 0 0 0 0 0 0 0 0 0 0 0
0 0 0 0 0 0 0 0 830 830 830 0 840 840 840 0 0 0 0 0 0 0 0 0 860 860 860 0 0 0 0 0 0 0 0 0 0 0 0 0 0 0 0 0 0 0 0 0 0 0
0 0 0 0 870 870 870 0 0 0 0 0 0 0 0 0 0 0 0 0 0 0 0 0 860 860 860 0 0 0 0 880 880 880 0 890 890 890 0 0 0 0 0 0 0 0 0 0 0 0
0 0 0 0 870 870 870 0 0 0 0 0 900 900 900 0 0 0 0 0 0 0 0 0 860 860 860 910 910 920 920 920 880 880 0 890 890 890 0 0 0 0 0 0 0 0 0 0 0 0
0 0 0 0 870 870 870 0 0 0 0 0 930 930 930 0 0 0 0 0 0 0 0 0 0 0 0 910 910 920 920 920 880 880 0 890 890 890 0 0 0 0 0 0 0 0 940 940 940 0
0 0 0 0 0 0 0 0 0 0 0 0 930 930 930 0 0 0 0 0 0 0 0 0 0 0 0 910 910 920 920 920 0 0 0 0 0 0 0 0 10 10 10 0 0 0 940 940 940 0
0 0 0
0 -1 0
0 -1 -1
0 0 -1
0 1 -1
0 1 0
0 1 1
0 0 1
0 -1 1
# measure in=0, out=79, v=792.4444444444445
1 0 0
1 -1 0
1 -1 -1
1 0 -1
1 1 -1
1 1 0
1 1 1
1 0 1
1 -1 1
# measure in=1, out=91, v=910.3333333333334
2 0 0
2 -1 0
2 -1 -1
2 0 -1
2 1 -1
2 1 0
2 1 1
2 0 1
2 -1 1
# measure in=2, out=13, v=131.33333333333334
3 0 0
3 -1 0
3 -1 -1
3 0 -1
3 1 -1
3 1 0
3 1 1
3 0 1
3 -1 1
# measure in=3, out=73, v=727.3333333333334
4 0 0
4 -1 0
4 -1 -1
4 0 -1
4 1 -1
4 1 0
4 1 1
4 0 1
4 -1 1
# measure in=4, out=15, v=146
5 0 0
5 -1 0
5 -1 -1
5 0 -1
5 1 -1
5 1 0
5 1 1
5 0 1
5 -1 1
# measure in=5, out=75, v=750.1111111111111
6 0 0
6 -1 0
6 -1 -1
6 0 -1
6 1 -1
6 1 0
6 1 1
6 0 1
6 -1 1
# measure in=6, out=69, v=686
7 0 0
7 -1 0
7 -1 -1
7 0 -1
7 1 -1
7 1 0
7 1 1
7 0 1
7 -1 1
# measure in=7, out=24, v=236.88888888888889
8 0 0
8 -1 0
8 -1 -1
8 0 -1
8 1 -1
8 1 0
8 1 1
8 0 1
8 -1 1
# measure in=8, out=56, v=600.6666666666666
9 0 0
9 -1 0
9 -1 -1
9 0 -1
9 1 -1
9 1 0
9 1 1
9 0 1
9 -1 1
# measure in=9, out=48, v=472.8888888888889
10 0 0
10 -1 0
10 -1 -1
10 0 -1
10 1 -1
10 1 0
10 1 1
10 0 1
10 -1 1
# measure in=10, out=24, v=240.88888888888889
11 0 0
11 -1 0
11 -1 -1
11 0 -1
11 1 -1
11 1 0
11 1 1
11 0 1
11 -1 1
# measure in=11, out=15, v=149.88888888888889
12 0 0
12 -1 0
12 -1 -1
12 0 -1
12 1 -1
12 1 0
12 1 1
12 0 1
12 -1 1
# measure in=12, out=72, v=717.1111111111111
13 0 0
13 -1 0
13 -1 -1
13 0 -1
13 1 -1
13 1 0
13 1 1
13 0 1
13 -1 1
# measure in=13, out=80, v=804.8888888888889
14 0 0
14 -1 0
14 -1 -1
14 0 -1
14 1 -1
14 1 0
14 1 1
14 0 1
14 -1 1
# measure in=14, out=57, v=574.1111111111111
15 0 0
15 -1 0
15 -1 -1
15 0 -1
15 1 -1
15 1 0
15 1 1
15 0 1
15 -1 1
# measure in=15, out=51, v=509.8888888888889
16 0 0
16 -1 0
16 -1 -1
16 0 -1
16 1 -1
16 1 0
16 1 1
16 0 1
16 -1 1
# measure in=16, out=24, v=244.88888888888889
17 0 0
17 -1 0
17 -1 -1
17 0 -1
17 1 -1
17 1 0
17 1 1
17 0 1
17 -1 1
# measure in=17, out=3, v=69.55555555555556
18 0 0
18 -1 0
18 -1 -1
18 0 -1
18 1 -1
18 1 0
18 1 1
18 0 1
18 -1 1
# measure in=18, out=50, v=502.77777777777777
19 0 0
19 -1 0
19 -1 -1
19 0 -1
19 1 -1
19 1 0
19 1 1
19 0 1
19 -1 1
# measure in=19, out=36, v=362.3333333333333
20 0 0
20 -1 0
20 -1 -1
20 0 -1
20 1 -1
20 1 0
20 1 1
20 0 1
20 -1 1
# measure in=20, out=46, v=455.3333333333333
21 0 0
21 -1 0
21 -1 -1
21 0 -1
21 1 -1
21 1 0
21 1 1
21 0 1
21 -1 1
# measure in=21, out=6, v=94.11111111111111
22 0 0
22 -1 0
22 -1 -1
22 0 -1
22 1 -1
22 1 0
22 1 1
22 0 1
22 -1 1
# measure in=22, out=7, v=107.66666666666667
23 0 0
23 -1 0
23 -1 -1
23 0 -1
23 1 -1
23 1 0
23 1 1
23 0 1
23 -1 1
# measure in=23, out=64, v=639.5555555555555
24 0 0
24 -1 0
24 -1 -1
24 0 -1
24 1 -1
24 1 0
24 1 1
24 0 1
24 -1 1
# measure in=24, out=31, v=311
25 0 0
25 -1 0
25 -1 -1
25 0 -1
25 1 -1
25 1 0
25 1 1
25 0 1
25 -1 1
# measure in=25, out=90, v=926.4444444444445
26 0 0
26 -1 0
26 -1 -1
26 0 -1
26 1 -1
26 1 0
26 1 1
26 0 1
26 -1 1
# measure in=26, out=89, v=900
27 0 0
27 -1 0
27 -1 -1
27 0 -1
27 1 -1
27 1 0
27 1 1
27 0 1
27 -1 1
# measure in=27, out=89, v=887.3333333333334
28 0 0
28 -1 0
28 -1 -1
28 0 -1
28 1 -1
28 1 0
28 1 1
28 0 1
28 -1 1
# measure in=28, out=5, v=47.44444444444444
29 0 0
29 -1 0
29 -1 -1
29 0 -1
29 1 -1
29 1 0
29 1 1
29 0 1
29 -1 1
# measure in=29, out=45, v=449.6666666666667
30 0 0
30 -1 0
30 -1 -1
30 0 -1
30 1 -1
30 1 0
30 1 1
30 0 1
30 -1 1
# measure in=30, out=80, v=804.4444444444445
31 0 0
31 -1 0
31 -1 -1
31 0 -1
31 1 -1
31 1 0
31 1 1
31 0 1
31 -1 1
# measure in=31, out=26, v=262.8888888888889
32 0 0
32 -1 0
32 -1 -1
32 0 -1
32 1 -1
32 1 0
32 1 1
32 0 1
32 -1 1
# measure in=32, out=8, v=84.55555555555556
33 0 0
33 -1 0
33 -1 -1
33 0 -1
33 1 -1
33 1 0
33 1 1
33 0 1
33 -1 1
# measure in=33, out=57, v=564.2222222222222
34 0 0
34 -1 0
34 -1 -1
34 0 -1
34 1 -1
34 1 0
34 1 1
34 0 1
34 -1 1
# measure in=34, out=6, v=89.77777777777777
35 0 0
35 -1 0
35 -1 -1
35 0 -1
35 1 -1
35 1 0
35 1 1
35 0 1
35 -1 1
# measure in=35, out=21, v=216.55555555555554
36 0 0
36 -1 0
36 -1 -1
36 0 -1
36 1 -1
36 1 0
36 1 1
36 0 1
36 -1 1
# measure in=36, out=29, v=291.3333333333333
37 0 0
37 -1 0
37 -1 -1
37 0 -1
37 1 -1
37 1 0
37 1 1
37 0 1
37 -1 1
# measure in=37, out=45, v=445.6666666666667
38 0 0
38 -1 0
38 -1 -1
38 0 -1
38 1 -1
38 1 0
38 1 1
38 0 1
38 -1 1
# measure in=38, out=6, v=91.11111111111111
39 0 0
39 -1 0
39 -1 -1
39 0 -1
39 1 -1
39 1 0
39 1 1
39 0 1
39 -1 1
# measure in=39, out=20, v=202.33333333333334
40 0 0
40 -1 0
40 -1 -1
40 0 -1
40 1 -1
40 1 0
40 1 1
40 0 1
40 -1 1
# measure in=40, out=68, v=701.1111111111111
41 0 0
41 -1 0
41 -1 -1
41 0 -1
41 1 -1
41 1 0
41 1 1
41 0 1
41 -1 1
# measure in=41, out=90, v=931
42 0 0
42 -1 0
42 -1 -1
42 0 -1
42 1 -1
42 1 0
42 1 1
42 0 1
42 -1 1
# measure in=42, out=33, v=334.77777777777777
43 0 0
43 -1 0
43 -1 -1
43 0 -1
43 1 -1
43 1 0
43 1 1
43 0 1
43 -1 1
# measure in=43, out=42, v=423.1111111111111
44 0 0
44 -1 0
44 -1 -1
44 0 -1
44 1 -1
44 1 0
44 1 1
44 0 1
44 -1 1
# measure in=44, out=56, v=608.8888888888889
45 0 0
45 -1 0
45 -1 -1
45 0 -1
45 1 -1
45 1 0
45 1 1
45 0 1
45 -1 1
# measure in=45, out=67, v=670.8888888888889
46 0 0
46 -1 0
46 -1 -1
46 0 -1
46 1 -1
46 1 0
46 1 1
46 0 1
46 -1 1
# measure in=46, out=89, v=892.6666666666666
47 0 0
47 -1 0
47 -1 -1
47 0 -1
47 1 -1
47 1 0
47 1 1
47 0 1
47 -1 1
# measure in=47, out=85, v=847.3333333333334
48 0 0
48 -1 0
48 -1 -1
48 0 -1
48 1 -1
48 1 0
48 1 1
48 0 1
48 -1 1
# measure in=48, out=87, v=874.4444444444445
49 0 0
49 -1 0
49 -1 -1
49 0 -1
49 1 -1
49 1 0
49 1 1
49 0 1
49 -1 1
# measure in=49, out=46, v=465.22222222222223
50 0 0
50 -1 0
50 -1 -1
50 0 -1
50 1 -1
50 1 0
50 1 1
50 0 1
50 -1 1
# measure in=50, out=14, v=138.55555555555554
51 0 0
51 -1 0
51 -1 -1
51 0 -1
51 1 -1
51 1 0
51 1 1
51 0 1
51 -1 1
# measure in=51, out=68, v=702.8888888888889
52 0 0
52 -1 0
52 -1 -1
52 0 -1
52 1 -1
52 1 0
52 1 1
52 0 1
52 -1 1
# measure in=52, out=25, v=249.55555555555554
53 0 0
53 -1 0
53 -1 -1
53 0 -1
53 1 -1
53 1 0
53 1 1
53 0 1
53 -1 1
# measure in=53, out=83, v=833.8888888888889
54 0 0
54 -1 0
54 -1 -1
54 0 -1
54 1 -1
54 1 0
54 1 1
54 0 1
54 -1 1
# measure in=54, out=26, v=257.1111111111111
55 0 0
55 -1 0
55 -1 -1
55 0 -1
55 1 -1
55 1 0
55 1 1
55 0 1
55 -1 1
# measure in=55, out=35, v=351.8888888888889
56 0 0
56 -1 0
56 -1 -1
56 0 -1
56 1 -1
56 1 0
56 1 1
56 0 1
56 -1 1
# measure in=56, out=50, v=499.44444444444446
57 0 0
57 -1 0
57 -1 -1
57 0 -1
57 1 -1
57 1 0
57 1 1
57 0 1
57 -1 1
# measure in=57, out=28, v=280.6666666666667
58 0 0
58 -1 0
58 -1 -1
58 0 -1
58 1 -1
58 1 0
58 1 1
58 0 1
58 -1 1
# measure in=58, out=42, v=419.3333333333333
59 0 0
59 -1 0
59 -1 -1
59 0 -1
59 1 -1
59 1 0
59 1 1
59 0 1
59 -1 1
# measure in=59, out=75, v=751.5555555555555
60 0 0
60 -1 0
60 -1 -1
60 0 -1
60 1 -1
60 1 0
60 1 1
60 0 1
60 -1 1
# measure in=60, out=18, v=176.66666666666666
61 0 0
61 -1 0
61 -1 -1
61 0 -1
61 1 -1
61 1 0
61 1 1
61 0 1
61 -1 1
# measure in=61, out=89, v=885.3333333333334
62 0 0
62 -1 0
62 -1 -1
62 0 -1
62 1 -1
62 1 0
62 1 1
62 0 1
62 -1 1
# measure in=62, out=65, v=651.2222222222222
63 0 0
63 -1 0
63 -1 -1
63 0 -1
63 1 -1
63 1 0
63 1 1
63 0 1
63 -1 1
# measure in=63, out=64, v=642.5555555555555
64 0 0
64 -1 0
64 -1 -1
64 0 -1
64 1 -1
64 1 0
64 1 1
64 0 1
64 -1 1
# measure in=64, out=77, v=770.8888888888889
65 0 0
65 -1 0
65 -1 -1
65 0 -1
65 1 -1
65 1 0
65 1 1
65 0 1
65 -1 1
# measure in=65, out=82, v=822.3333333333334
66 0 0
66 -1 0
66 -1 -1
66 0 -1
66 1 -1
66 1 0
66 1 1
66 0 1
66 -1 1
# measure in=66, out=50, v=495.55555555555554
67 0 0
67 -1 0
67 -1 -1
67 0 -1
67 1 -1
67 1 0
67 1 1
67 0 1
67 -1 1
# measure in=67, out=77, v=765.8888888888889
68 0 0
68 -1 0
68 -1 -1
68 0 -1
68 1 -1
68 1 0
68 1 1
68 0 1
68 -1 1
# measure in=68, out=30, v=303.55555555555554
69 0 0
69 -1 0
69 -1 -1
69 0 -1
69 1 -1
69 1 0
69 1 1
69 0 1
69 -1 1
# measure in=69, out=15, v=148.55555555555554
70 0 0
70 -1 0
70 -1 -1
70 0 -1
70 1 -1
70 1 0
70 1 1
70 0 1
70 -1 1
# measure in=70, out=60, v=619.2222222222222
71 0 0
71 -1 0
71 -1 -1
71 0 -1
71 1 -1
71 1 0
71 1 1
71 0 1
71 -1 1
# measure in=71, out=18, v=179.88888888888889
72 0 0
72 -1 0
72 -1 -1
72 0 -1
72 1 -1
72 1 0
72 1 1
72 0 1
72 -1 1
# measure in=72, out=54, v=543.3333333333334
73 0 0
73 -1 0
73 -1 -1
73 0 -1
73 1 -1
73 1 0
73 1 1
73 0 1
73 -1 1
# measure in=73, out=13, v=134.77777777777777
74 0 0
74 -1 0
74 -1 -1
74 0 -1
74 1 -1
74 1 0
74 1 1
74 0 1
74 -1 1
# measure in=74, out=17, v=174.11111111111111
75 0 0
75 -1 0
75 -1 -1
75 0 -1
75 1 -1
75 1 0
75 1 1
75 0 1
75 -1 1
# measure in=75, out=18, v=176.55555555555554
76 0 0
76 -1 0
76 -1 -1
76 0 -1
76 1 -1
76 1 0
76 1 1
76 0 1
76 -1 1
# measure in=76, out=55, v=545.6666666666666
77 0 0
77 -1 0
77 -1 -1
77 0 -1
77 1 -1
77 1 0
77 1 1
77 0 1
77 -1 1
# measure in=77, out=42, v=415.22222222222223
78 0 0
78 -1 0
78 -1 -1
78 0 -1
78 1 -1
78 1 0
78 1 1
78 0 1
78 -1 1
# measure in=78, out=2, v=16.88888888888889
79 0 0
79 -1 0
79 -1 -1
79 0 -1
79 1 -1
79 1 0
79 1 1
79 0 1
79 -1 1
# measure in=79, out=66, v=660.6666666666666
80 0 0
80 -1 0
80 -1 -1
80 0 -1
80 1 -1
80 1 0
80 1 1
80 0 1
80 -1 1
# measure in=80, out=35, v=346.44444444444446
81 0 0
81 -1 0
81 -1 -1
81 0 -1
81 1 -1
81 1 0
81 1 1
81 0 1
81 -1 1
# measure in=81, out=59, v=595.4444444444445
82 0 0
82 -1 0
82 -1 -1
82 0 -1
82 1 -1
82 1 0
82 1 1
82 0 1
82 -1 1
# measure in=82, out=77, v=771.6666666666666
83 0 0
83 -1 0
83 -1 -1
83 0 -1
83 1 -1
83 1 0
83 1 1
83 0 1
83 -1 1
# measure in=83, out=60, v=620.8888888888889
84 0 0
84 -1 0
84 -1 -1
84 0 -1
84 1 -1
84 1 0
84 1 1
84 0 1
84 -1 1
# measure in=84, out=55, v=552.2222222222222
85 0 0
85 -1 0
85 -1 -1
85 0 -1
85 1 -1
85 1 0
85 1 1
85 0 1
85 -1 1
# measure in=85, out=37, v=369.1111111111111
86 0 0
86 -1 0
86 -1 -1
86 0 -1
86 1 -1
86 1 0
86 1 1
86 0 1
86 -1 1
# measure in=86, out=51, v=510.6666666666667
87 0 0
87 -1 0
87 -1 -1
87 0 -1
87 1 -1
87 1 0
87 1 1
87 0 1
87 -1 1
# measure in=87, out=91, v=910.6666666666666
88 0 0
88 -1 0
88 -1 -1
88 0 -1
88 1 -1
88 1 0
88 1 1
88 0 1
88 -1 1
# measure in=88, out=39, v=391.77777777777777
89 0 0
89 -1 0
89 -1 -1
89 0 -1
89 1 -1
89 1 0
89 1 1
89 0 1
89 -1 1
# measure in=89, out=3, v=73.33333333333333
90 0 0
90 -1 0
90 -1 -1
90 0 -1
90 1 -1
90 1 0
90 1 1
90 0 1
90 -1 1
# measure in=90, out=2, v=16.333333333333332
91 0 0
91 -1 0
91 -1 -1
91 0 -1
91 1 -1
91 1 0
91 1 1
91 0 1
91 -1 1
# measure in=91, out=32, v=342.6666666666667
92 0 0
92 -1 0
92 -1 -1
92 0 -1
92 1 -1
92 1 0
92 1 1
92 0 1
92 -1 1
# measure in=92, out=33, v=320.3333333333333
93 0 0
93 -1 0
93 -1 -1
93 0 -1
93 1 -1
93 1 0
93 1 1
93 0 1
93 -1 1
# measure in=93, out=83, v=829.3333333333334
94 0 0
94 -1 0
94 -1 -1
94 0 -1
94 1 -1
94 1 0
94 1 1
94 0 1
94 -1 1
# measure in=94, out=72, v=723
-1 -1 -1
79
91
13
73
15
75
69
24
56
48
24
15
72
80
57
51
24
3
50
36
46
6
7
64
31
90
89
89
5
45
80
26
8
57
6
21
29
45
6
20
68
90
33
42
56
67
89
85
87
46
14
68
25
83
26
35
50
28
42
75
18
89
65
64
77
82
50
77
30
15
60
18
54
13
17
18
55
42
2
66
35
59
77
60
55
37
51
91
39
3
2
32
33
83
72
