0 0 0 0 0 0 0 0 0 0 0 0 0 0 0 0 0 0 0 0 0 0 0 10 0 0 0 0 0 0 0 20 0 0 0
0 0 0 0 0 0 0 0 0 0 0 0 0 0 0 0 0 0 0 0 0 0 0 30 0 0 0 0 0 0 0 0 0 0 0
0 0 0 40 0 0 0 0 0 0 0 0 50 0 0 0 0 0 0 0 0 0 0 0 60 0 0 0 0 70 0 0 0 0 0
0 0 0 0 0 0 0 0 0 0 0 80 0 0 0 0 0 0 0 0 0 0 90 0 0 0 0 0 0 0 100 0 0 0 0
0 0 0 0 0 0 0 110 0 0 0 0 0 0 0 0 0 0 0 0 0 0 0 0 0 0 120 0 0 0 0 0 0 0 0
0 0 0 0 0 0 0 0 0 0 0 0 0 0 0 130 140 0 0 0 0 0 150 0 0 0 0 0 0 0 0 0 0 0 0
160 0 0 0 0 0 0 0 0 170 0 0 0 0 0 0 0 0 0 0 0 0 0 0 0 0 0 0 0 0 0 0 0 0 180
0 0 0 0 0 0 0 0 0 0 0 0 0 0 0 0 190 0 0 200 0 0 0 0 0 0 0 0 210 0 0 0 0 0 0
0 0 0 0 0 0 0 0 0 0 0 0 0 0 0 0 0 0 0 0 0 0 0 0 0 0 0 0 220 0 0 0 0 0 0
0 0 230 0 0 0 0 0 0 0 0 0 0 0 0 0 240 0 0 0 0 0 0 0 0 0 0 0 0 0 0 0 0 0 0
0 0 0 0 0 0 0 0 0 0 0 0 0 0 0 0 250 0 0 0 0 0 0 0 0 0 0 0 0 0 0 0 0 0 0
0 0 0 0 0 0 0 0 0 0 0 0 0 0 0 0 0 0 0 0 0 0 0 0 0 0 0 0 0 0 0 0 0 0 0
0 260 0 0 0 0 0 0 0 0 0 270 0 280 0 0 0 0 0 0 0 0 0 0 0 0 0 0 0 0 0 0 0 0 0
0 0 0 0 0 0 0 0 0 0 0 0 0 0 0 0 0 0 0 0 0 290 0 0 0 0 0 0 0 0 0 0 0 0 0
0 0 0 0 0 0 0 0 0 0 0 0 0 0 0 0 0 0 0 0 0 0 0 0 0 0 0 0 0 0 0 300 0 0 0
0 0 0 0 0 0 0 0 0 0 0 0 0 0 0 0 310 320 0 0 0 0 0 0 0 330 0 0 0 0 0 0 0 0 0
0 0 0 0 0 0 0 0 0 0 0 0 0 0 0 0 0 0 340 0 0 0 0 0 0 0 0 0 0 350 0 0 0 0 0
360 0 0 0 0 0 370 0 0 0 0 0 0 0 380 0 0 390 0 0 0 0 0 0 0 400 0 0 0 0 0 0 0 0 0
0 0 0 0 0 0 0 0 0 0 0 0 0 0 0 0 0 0 0 410 0 0 0 0 0 0 0 0 0 0 0 0 0 420 0
0 0 0 0 0 0 0 0 0 0 0 0 0 0 0 0 0 0 0 0 0 0 0 0 0 0 0 0 430 0 0 0 0 440 0
0 0 0 0 0 0 450 0 0 0 0 0 460 0 0 0 0 0 0 0 0 0 0 0 0 0 0 0 0 0 0 0 0 0 0
0 0 0 0 0 0 0 0 0 470 0 0 0 0 0 480 0 0 490 0 0 0 0 0 0 0 0 500 0 0 0 0 0 0 0
0 0 0 0 0 0 0 0 0 0 510 0 0 0 0 0 0 0 0 0 0 0 0 0 0 0 0 0 0 0 0 0 520 0 0
0 0 0 0 0 0 0 0 0 0 0 0 0 0 0 0 0 0 0 0 0 0 0 0 0 0 0 0 0 0 0 0 0 0 0
0 0 530 0 0 0 0 0 0 0 540 0 0 0 0 0 0 0 0 0 0 0 0 550 0 0 0 560 0 0 0 0 0 0 0
0 0 0 0 570 0 0 0 0 0 0 0 0 0 0 0 0 0 580 0 0 0 0 0 0 0 0 0 0 0 0 0 0 0 0
0 0 0 0 0 0 0 0 0 0 0 0 0 0 590 0 0 0 0 0 0 0 0 0 0 0 0 0 0 0 0 0 0 0 0
0 600 0 0 0 0 0 0 0 0 0 0 0 0 0 0 0 0 0 0 0 0 0 0 0 0 0 0 0 0 0 0 0 0 0
0 0 0 0 0 0 0 0 0 0 0 0 0 0 0 0 0 0 0 0 610 620 0 0 0 0 0 0 0 0 0 0 630 0 0
640 0 0 0 0 0 650 0 0 0 0 0 0 0 0 0 0 0 660 0 0 0 0 0 0 0 0 0 0 0 0 0 0 0 0
0 0 0 0 0 0 0 0 0 0 0 0 0 0 0 0 0 0 0 0 0 0 0 0 0 0 0 0 0 0 0 0 0 0 0
0 0 0 0 0 0 0 0 0 0 0 0 670 0 0 0 0 0 0 0 0 0 680 0 0 0 0 0 0 0 0 0 0 0 0
0 0 0 0 0 0 0 0 0 0 0 0 0 0 0 0 690 0 0 0 0 0 0 0 0 0 0 0 0 0 0 0 0 0 0
0 0 700 0 0 0 0 0 0 0 0 0 0 0 0 0 0 0 0 0 0 0 0 0 0 0 0 0 0 0 0 0 0 0 0
0 0 0 0 0 0 0 0 0 0 0 710 0 0 0 0 0 0 0 0 0 0 0 0 0 0 0 0 0 0 0 0 0 0 0
# measure i=0, move=(0, 0)
0 0 0
# measure i=1, move=(0, 0)
1 0 0
# measure i=2, move=(0, 0)
2 0 0
# measure i=3, move=(0, 0)
3 0 0
# measure i=4, move=(0, 0)
4 0 0
# measure i=5, move=(0, 0)
5 0 0
# measure i=6, move=(0, 0)
6 0 0
# measure i=7, move=(0, 0)
7 0 0
# measure i=8, move=(0, 0)
8 0 0
# measure i=9, move=(0, 0)
9 0 0
# measure i=10, move=(0, 0)
10 0 0
# measure i=11, move=(0, 0)
11 0 0
# measure i=12, move=(0, 0)
12 0 0
# measure i=13, move=(0, 0)
13 0 0
# measure i=14, move=(0, 0)
14 0 0
# measure i=15, move=(0, 0)
15 0 0
# measure i=16, move=(0, 0)
16 0 0
# measure i=17, move=(0, 0)
17 0 0
# measure i=18, move=(0, 0)
18 0 0
# measure i=19, move=(0, 0)
19 0 0
# measure i=20, move=(0, 0)
20 0 0
# measure i=21, move=(0, 0)
21 0 0
# measure i=22, move=(0, 0)
22 0 0
# measure i=23, move=(0, 0)
23 0 0
# measure i=24, move=(0, 0)
24 0 0
# measure i=25, move=(0, 0)
25 0 0
# measure i=26, move=(0, 0)
26 0 0
# measure i=27, move=(0, 0)
27 0 0
# measure i=28, move=(0, 0)
28 0 0
# measure i=29, move=(0, 0)
29 0 0
# measure i=30, move=(0, 0)
30 0 0
# measure i=31, move=(0, 0)
31 0 0
# measure i=32, move=(0, 0)
32 0 0
# measure i=33, move=(0, 0)
33 0 0
# measure i=34, move=(0, 0)
34 0 0
# measure i=35, move=(0, 0)
35 0 0
# measure i=36, move=(0, 0)
36 0 0
# measure i=37, move=(0, 0)
37 0 0
# measure i=38, move=(0, 0)
38 0 0
# measure i=39, move=(0, 0)
39 0 0
# measure i=40, move=(0, 0)
40 0 0
# measure i=41, move=(0, 0)
41 0 0
# measure i=42, move=(0, 0)
42 0 0
# measure i=43, move=(0, 0)
43 0 0
# measure i=44, move=(0, 0)
44 0 0
# measure i=45, move=(0, 0)
45 0 0
# measure i=46, move=(0, 0)
46 0 0
# measure i=47, move=(0, 0)
47 0 0
# measure i=48, move=(0, 0)
48 0 0
# measure i=49, move=(0, 0)
49 0 0
# measure i=50, move=(0, 0)
50 0 0
# measure i=51, move=(0, 0)
51 0 0
# measure i=52, move=(0, 0)
52 0 0
# measure i=53, move=(0, 0)
53 0 0
# measure i=54, move=(0, 0)
54 0 0
# measure i=55, move=(0, 0)
55 0 0
# measure i=56, move=(0, 0)
56 0 0
# measure i=57, move=(0, 0)
57 0 0
# measure i=58, move=(0, 0)
58 0 0
# measure i=59, move=(0, 0)
59 0 0
# measure i=60, move=(0, 0)
60 0 0
# measure i=61, move=(0, 0)
61 0 0
# measure i=62, move=(0, 0)
62 0 0
# measure i=63, move=(0, 0)
63 0 0
# measure i=64, move=(0, 0)
64 0 0
# measure i=65, move=(0, 0)
65 0 0
# measure i=66, move=(0, 0)
66 0 0
# measure i=67, move=(0, 0)
67 0 0
# measure i=68, move=(0, 0)
68 0 0
# measure i=69, move=(0, 0)
69 0 0
# measure i=70, move=(0, 0)
70 0 0
# measure i=71, move=(0, 0)
71 0 0
-1 -1 -1
28
1
71
21
0
39
71
36
71
40
56
38
65
51
42
71
47
5
67
0
22
71
18
15
0
20
4
0
71
71
0
6
71
0
11
6
57
0
64
67
71
71
7
3
52
19
22
71
71
35
36
0
9
0
71
53
16
29
57
60
70
52
0
13
35
71
67
71
0
15
5
71
