35 72 361
0 2
0 23
0 31
1 23
2 3
2 12
2 24
2 29
3 11
3 22
3 30
4 7
4 26
5 15
5 16
5 22
6 0
6 9
6 34
7 16
7 19
7 28
8 28
9 2
9 16
10 16
12 1
12 11
12 13
13 21
14 31
15 16
15 17
15 25
16 18
16 29
17 0
17 6
17 14
17 17
17 25
18 19
18 33
19 28
19 33
20 6
20 12
21 9
21 15
21 18
21 27
22 10
22 32
24 2
24 10
24 23
24 27
25 4
25 18
26 14
27 1
28 20
28 21
28 32
29 0
29 6
29 18
31 12
31 22
32 16
33 2
34 11
33
44
55
5
40
42
45
0
67
2
56
7
64
35
21
29
26
51
59
22
13
54
53
27
38
10
9
23
57
43
12
48
8
16
11
47
15
14
68
65
71
24
36
17
37
28
49
63
61
19
60
3
4
32
52
41
31
62
34
58
50
70
18
39
1
46
66
69
6
30
25
20
-51
-434
166
159
-883
-25
398
356
601
377
0
309
13
156
210
668
208
-461
78
-347
92
253
-347
-118
-887
97
-50
-359
626
434
-226
-422
738
-179
4
-407
418
-158
-41
21
160
734
-287
-138
151
-89
-271
174
114
157
-239
-407
50
-384
268
120
-154
-334
226
17
200
-180
-220
-259
341
593
12
468
-67
-152
-199
802
127
233
66
412
-386
116
46
-378
183
211
646
11
310
-158
89
180
-453
-330
-507
-61
440
447
-498
281
638
42
117
-46
489
6
-164
-531
-108
371
202
-734
388
-326
245
-288
-202
-197
-330
-14
-12
-1046
264
-187
267
119
-115
-112
-586
-73
-369
-169
219
31
-346
34
-510
31
305
-1061
-359
537
-127
78
52
-34
53
-149
-101
-495
-518
-540
-386
533
-81
-994
93
-953
252
180
-757
-1092
203
-242
0
-233
-331
-69
94
161
-37
421
-661
-330
-71
-470
46
-495
-182
39
-108
133
666
431
-184
137
-316
125
-878
-14
23
-360
-668
162
172
181
-797
-19
240
109
454
83
-31
110
375
-717
-416
-130
5
-418
877
139
284
-8
184
168
-426
-202
-554
-61
-281
212
-441
-59
414
-142
-442
-323
-36
531
399
433
-1022
-139
-174
-164
333
-573
627
-557
1050
-596
-652
-308
-8
675
-239
215
-281
469
599
-72
-504
-183
544
347
-443
-480
-122
-453
91
105
403
-24
-331
-202
-18
-308
174
262
204
-158
141
124
-318
19
-387
-90
204
-353
-157
119
196
218
295
131
280
-71
-133
203
-339
1
233
-241
247
398
-43
-252
-24
-56
-225
-499
463
-411
-266
506
266
113
421
-169
119
-259
472
167
-215
-365
-259
-562
-431
-376
-733
-584
-187
63
-59
-133
-784
-462
-477
290
231
380
-226
247
724
323
85
99
-41
271
-1017
-385
1
-659
605
-633
62
-173
387
381
-50
-211
-85
-381
-354
575
-63
589
19
-53
-476
-497
725
-270
-275
372
-6
335
-114
614
43
-308
-862
-463
-176
-444
-659
-959
-677
-246
268
-447
-220
-361
-60
57
-561
138
-136
252
26
162
-497
55
207
-13
-229
581
59
-607
-226
569
40
141
-47
-58
1
-110
85
39
62
44
-360
-154
654
-22
-84
455
-330
312
139
430
-217
174
53
157
255
99
-24
2
-9
-90
-102
-264
755
-159
300
-978
259
-118
-219
191
-239
-557
303
266
292
1124
221
327
-482
-134
-1
-343
-529
-343
418
48
41
-10
294
-606
-499
-179
-38
-553
-551
52
585
188
-136
233
287
196
-481
663
-487
-432
191
-534
-122
761
-399
-105
-283
-508
15
78
-426
-148
33
355
-268
-418
133
-311
-580
-370
-205
135
-110
112
-401
66
339
337
-148
-355
182
-548
34
-46
51
-722
-578
-546
150
-562
24
-313
-401
-235
20
-38
-279
461
-52
259
260
243
48
84
54
146
258
-212
296
671
-267
356
-337
-1091
489
-32
-427
-272
-151
-420
529
323
-156
-502
-418
-68
237
199
-33
649
-6
-133
-506
-347
-156
84
44
275
456
-25
-572
640
-182
-143
-206
378
372
-506
-677
-35
-60
-129
308
-54
-660
13
-76
58
-449
-310
-415
890
-640
111
177
87
256
74
26
-202
-315
-214
136
357
288
691
-213
536
272
36
-100
-456
144
70
2
683
7
-295
462
317
-577
263
-919
-371
-165
-101
500
-332
15
135
228
-182
-363
-835
-122
-36
-628
380
-234
427
-505
-306
363
-425
-82
647
-155
-34
-662
-613
-564
718
-162
-503
-246
-103
-318
-213
-531
-112
271
-798
-338
-440
-56
-201
566
-468
-340
200
519
-233
145
-87
892
324
-124
513
67
-272
387
-166
478
218
251
-4
-564
-546
-371
-445
-58
-436
-337
-314
-130
559
-111
226
-480
332
215
-647
117
58
11
-183
-212
235
-423
-617
-7
-168
105
-330
-406
-205
-899
215
-402
307
109
-76
402
-261
530
-85
20
-106
249
351
366
-239
844
-287
-604
-72
358
228
70
386
-197
-419
-59
348
-440
92
-274
458
206
25
823
402
-144
-271
77
590
-362
4
-584
101
121
83
-159
291
-103
-694
-256
-325
-175
-439
567
-35
-96
265
235
459
505
-462
-399
111
269
-668
460
118
1197
-165
-197
-320
-368
-348
-122
-244
69
118
430
-294
171
-488
527
74
-552
-564
-658
-409
-366
125
-33
-82
-326
16
22
292
-118
-260
132
-322
-444
621
-303
283
-97
-235
177
-247
630
-201
125
-236
434
345
55
-165
58
-197
-183
-243
-17
-482
332
250
-186
28
574
327
18
499
-516
-176
-407
-476
599
159
-422
421
166
438
10
332
-184
-65
-181
252
-65
106
41
186
-42
-124
-89
79
-346
-221
1
-104
-115
-241
-273
345
-846
83
192
-77
-511
-437
125
206
120
-73
-115
231
-214
116
352
-387
721
-204
-126
-94
440
-210
-2
109
721
333
-109
-64
-480
770
234
647
341
98
246
141
-644
-228
260
171
421
-153
152
252
-621
-355
-180
-232
23
660
-148
-118
-207
-484
532
-187
-266
427
149
789
104
-525
-17
68
372
-35
281
-685
-277
-432
-682
-58
-57
-145
-45
-281
187
286
403
88
12
964
-244
-109
-264
-381
164
89
439
-355
-400
2
-98
13
-441
283
-383
-593
170
129
173
272
69
-152
-440
312
-7
-220
313
16
477
-365
-120
-200
100
189
102
-504
603
112
-493
-945
-575
-508
126
-625
-471
214
-57
233
13
104
-39
269
327
-153
-228
-759
-494
240
-290
-124
187
285
137
-88
283
-78
90
75
-586
689
160
89
-241
552
653
-99
134
262
154
338
57
192
-27
127
-444
-346
54
-435
405
-388
201
486
155
212
339
21
-216
166
-261
-611
-27
218
6
289
-960
-307
-100
-278
358
357
-365
359
-362
-152
145
-281
66
972
811
-277
-99
595
-52
-215
-165
132
44
-615
119
252
63
-291
418
-314
272
28
63
154
243
55
-435
339
-628
-549
155
83
171
177
-593
-744
-202
139
-97
117
103
608
470
178
65
99
-871
-127
-340
-234
-138
251
145
103
134
-207
37
-97
305
-25
-315
130
375
-5
-120
-600
-205
-110
552
223
-639
525
68
118
-239
392
-461
536
208
-228
221
-105
194
9
87
-695
160
-68
393
-409
-265
29
-343
-295
561
97
212
703
137
322
145
-51
-425
39
-528
-247
204
201
-37
-38
-298
299
-186
194
370
48
-78
-371
355
-2
221
-130
-369
258
-429
-13
-908
-415
-21
-360
-347
-485
-44
-190
357
-371
125
231
152
4
-493
-495
245
-350
-532
382
-305
3
-267
665
65
-473
-143
-585
-519
404
190
160
-708
-45
106
530
-259
233
161
-169
130
-86
-148
-168
-378
-338
245
-19
69
-242
-359
-133
-186
-559
-125
-3
-371
-462
212
-840
-427
-222
147
51
19
-203
278
-781
-506
133
109
94
599
-405
236
-565
313
429
-183
183
181
-852
-430
61
-546
268
-351
762
517
-129
-274
-130
239
782
105
209
615
237
-361
-363
98
-161
-41
-131
235
379
-90
163
-171
-78
187
-9
-131
-124
-132
364
-559
607
115
-7
-170
27
-140
-76
-350
-413
66
-39
-456
291
137
-134
498
-293
-49
-350
379
426
-531
899
40
372
-409
-497
-159
-781
457
-46
-355
419
-301
219
-252
-75
364
368
534
-260
-352
-104
96
-593
448
35
175
327
-159
-70
-149
147
300
89
-159
394
166
122
304
-55
232
2
95
571
-178
-103
-507
-292
-667
185
145
431
295
488
-557
-555
-440
555
144
308
246
632
164
-581
-321
-6
-478
292
-515
509
14
90
-588
-357
-725
162
425
-367
-134
19
106
-734
-236
613
763
-522
-241
-331
-414
-283
-299
672
-395
-48
-407
-605
468
-152
-339
-238
439
612
-558
35
-96
66
181
104
698
-474
212
-393
84
-522
-259
-180
59
-491
-82
-133
228
282
114
-466
236
70
-221
-169
339
279
524
452
640
8
-351
19
182
209
-456
-275
-225
75
-733
492
-283
-198
-424
823
-14
491
-207
191
-751
120
74
5
1037
249
-255
-429
526
-617
340
-271
-207
-96
8
659
-190
143
-48
-227
235
437
-151
42
15
519
-371
54
253
-116
331
432
106
789
-107
104
551
923
-134
-125
666
231
51
779
-960
468
302
-367
284
319
-275
296
-770
942
-244
-226
287
56
71
-497
-211
170
30
159
71
85
-63
-23
316
136
466
-78
-155
95
6
182
383
-661
543
-887
-105
0
-435
197
-204
131
-424
266
-129
23
154
33
128
321
-834
-153
273
64
17
375
-171
-288
-39
-31
66
-96
-764
-18
-182
805
-218
-255
452
297
240
55
-236
683
815
477
-159
21
-497
152
-282
-41
356
-176
409
307
-179
146
449
-199
310
-76
-271
-134
-61
-232
292
101
352
501
-179
-205
446
-182
-298
-496
-300
-321
19
-996
-86
299
299
-472
-148
436
434
-83
376
-492
9
-661
-85
-657
132
751
-315
-185
-615
181
-135
-169
385
-102
275
154
296
25
3
-261
47
185
-398
-379
266
12
218
414
-114
321
84
-24
-264
421
-802
158
-160
44
69
-285
302
79
-99
75
-804
-320
-66
431
-76
104
-659
497
381
561
-617
403
98
0
89
-528
-260
960
-74
-678
-228
-293
-999
470
-793
-642
-213
-158
-150
-562
-53
428
-48
426
210
-378
-412
236
357
70
219
303
-36
-539
110
-784
404
330
-301
165
-213
44
1
-225
698
-202
155
-386
38
-627
-792
-259
-309
195
-345
-527
-5
168
-96
-312
264
126
283
152
781
-215
-32
31
-314
378
-370
152
339
389
-31
339
-199
355
129
-215
60
-94
-229
-112
-290
388
563
-105
469
216
-126
-123
-320
793
-210
-439
-289
-233
-541
-107
276
-347
-346
-49
54
-20
416
451
-529
290
276
-709
554
95
193
846
-316
-604
-47
-107
40
491
654
159
-340
-605
928
567
870
-337
-659
486
228
-200
-713
-135
5
182
115
256
-94
-318
97
-862
-82
28
-160
1254
-539
-525
-275
11
-791
181
-72
40
435
-430
-137
-208
183
104
-424
-27
-60
-427
-21
84
11
-234
-315
660
563
111
-59
-507
-28
-236
-194
345
-209
-456
-76
-282
25
28
458
586
-13
-320
133
794
254
391
-469
532
-523
-775
601
385
83
-376
-50
158
-585
-212
-77
-470
177
-695
-336
310
-454
24
-581
736
-8
-254
-371
36
265
-209
-153
257
-35
-137
-184
-437
-444
503
-66
31
422
459
-335
56
-111
88
681
-92
-60
-170
-55
399
-185
389
232
53
-27
210
-351
481
569
413
521
214
420
371
-217
684
248
-105
-6
164
856
27
-338
-446
155
-100
-601
4
-175
549
63
-363
107
-234
-637
-172
402
118
107
-385
-18
-682
-90
1008
68
-73
469
-67
575
76
-563
81
258
-167
44
-426
499
-14
137
-132
-39
672
190
155
-534
-614
557
-619
251
-607
182
-679
-178
-186
-302
-693
86
190
-469
-5
18
-778
-266
102
-59
-759
-33
-131
431
295
-30
202
-322
-87
-47
-880
374
172
676
461
-491
-21
81
162
-288
-19
261
763
257
-186
76
126
-322
105
631
-262
365
250
344
-149
161
-263
126
48
-361
471
293
141
-649
-13
-19
-160
-22
-232
467
-508
359
-280
637
-77
48
688
-58
-214
-45
-94
20
187
-98
-434
-242
-307
-98
131
774
-88
211
-168
-454
-40
96
2
-994
-82
-182
141
170
562
-290
595
821
454
61
427
54
302
83
533
-179
-257
-291
-77
-29
-379
871
-73
91
-164
-142
98
-588
410
-219
-64
-432
515
-544
-12
253
185
-342
-91
-99
417
-44
-31
54
88
422
-522
14
542
75
-375
85
-22
-121
-6
259
840
465
121
-367
-846
-178
-362
255
312
436
-849
211
311
76
-12
-129
506
-148
204
288
-268
1119
-232
-67
-577
-55
-158
-206
-427
555
383
429
-401
148
50
-92
681
32
-109
20
-94
-692
387
225
214
-320
-29
-318
-338
-2
-6
-147
249
120
294
-316
7
-102
-53
306
109
-95
8
371
509
-880
434
-304
-256
-499
302
-228
-191
-761
401
-675
18
-178
-63
89
-248
180
-54
-22
-231
460
81
-76
-69
-91
-266
106
606
734
-468
-40
216
76
227
-612
-221
-227
329
101
399
-467
-675
487
-83
-459
-154
491
28
-153
306
155
-40
-129
-202
-383
455
92
-553
283
49
-199
551
-1129
-517
-303
334
815
386
-61
-142
354
602
-155
-365
388
155
-393
-179
536
-244
-283
-750
268
260
-366
740
-119
462
-85
-169
-111
-116
486
-294
-939
-214
874
124
-93
265
713
131
276
230
-21
514
742
-311
-166
-140
68
376
-132
-695
-125
-407
737
-488
354
-520
-211
213
20
225
-116
74
-473
-308
122
-330
119
-7
48
-448
512
-476
-365
831
118
765
235
-318
147
64
472
-149
333
-14
-43
-504
127
304
-877
19
-427
-70
-273
195
-137
565
-808
362
-639
88
-161
455
-441
-374
468
89
60
598
564
352
377
-124
-257
801
62
270
-64
-447
-29
185
82
565
60
-271
218
-182
-162
309
18
70
10
80
-333
49
-109
-299
-938
-808
-72
-438
35
307
-593
321
-129
-720
-243
526
176
-460
-32
-128
179
151
512
-320
-197
608
413
103
57
417
354
670
503
425
368
-35
-265
-144
-475
204
277
-354
441
158
-84
273
341
251
291
928
172
-509
-340
-106
-475
-321
6
-59
-521
542
-110
-43
-798
-4
-565
-503
11
-926
667
455
-29
143
-189
-241
-418
14
618
83
88
176
95
251
240
-698
132
487
381
672
-610
172
84
-779
-67
403
-331
221
-61
-656
-75
779
-257
-30
278
-334
186
-144
350
-13
36
36
68
-184
386
117
279
-544
-405
-61
148
305
397
93
-535
-305
-205
-64
164
356
323
342
-471
799
41
-89
99
-306
181
27
106
-732
-117
-879
-301
-516
534
197
-155
22
-342
195
-505
554
70
247
603
-33
178
-284
129
-236
186
-105
-698
328
178
-225
-34
-443
434
119
261
-261
112
-151
-6
-92
871
455
-5
-78
458
-192
396
-90
271
-281
-166
-37
155
127
364
462
-140
-64
406
-436
153
-312
280
152
216
540
137
-38
-167
445
-363
103
668
-563
518
-30
55
121
-801
-256
173
785
103
-526
246
35
-257
268
-489
-186
-43
703
91
-1159
-648
-23
-408
-45
128
463
246
-156
-5
44
-35
-408
524
-7
-276
153
-229
-230
513
-73
-35
36
332
309
17
-299
509
269
319
-189
-253
-140
380
-178
314
24
3
-625
-87
-253
506
-47
143
245
13
-325
339
94
435
-391
189
382
163
-485
108
-493
18
196
82
100
135
-58
489
357
94
66
-272
43
-549
-387
-411
-189
-207
401
174
434
-75
47
-299
-39
277
-187
-202
22
-397
390
-174
860
301
-52
426
-163
-507
118
164
-6
-749
1249
318
209
791
-552
448
-540
222
540
324
-714
-959
-343
-885
100
5
-284
-795
53
-144
-358
-392
-327
-160
-406
-1254
104
-134
-103
-134
-27
371
-472
9
597
329
-641
-706
-421
-553
437
-367
-336
180
233
271
-121
-366
-3
430
-109
439
11
223
-104
-336
131
-153
-92
-472
-166
103
-198
351
89
-50
-168
89
402
-78
12
-613
2
-445
-88
-43
-25
640
151
299
-261
1004
1050
-220
-101
836
315
-252
606
-27
-450
-106
412
-508
-142
-1118
-56
-442
599
-101
335
717
-403
-211
279
65
127
-239
105
354
163
10
106
393
489
-360
199
-208
249
27
138
491
-981
-134
346
395
-461
-170
275
373
0
-154
-148
189
-4
-357
-775
-31
351
-117
632
-154
381
-45
-240
244
-186
206
-97
209
-88
432
564
560
216
-393
-178
110
375
388
-135
197
-931
-170
222
-478
-1361
613
-906
-32
189
-115
413
515
201
881
56
204
32
-155
-249
-574
855
15
-365
701
296
549
-443
9
-422
192
-258
206
-304
169
-152
-242
864
-330
57
475
-140
167
745
-217
205
536
-307
343
-153
249
76
300
-106
-305
99
-51
-728
49
-1167
251
434
-235
-320
-150
-167
20
74
-166
134
168
553
26
194
38
-478
-5
-530
364
204
437
-31
-215
-407
-246
268
-142
-31
442
-286
-281
30
-620
-41
-645
156
298
-345
-539
248
905
444
36
124
244
-250
534
297
359
16
46
469
-218
-379
-553
-151
419
-125
-350
-34
58
-28
79
-53
32
-194
14
29
13
522
-307
-632
-263
-76
496
464
-506
309
185
144
354
-736
-115
191
-184
-493
-160
-627
-35
-556
-147
109
-118
-1205
-534
-771
197
-306
133
430
-359
-371
714
200
355
252
-174
623
198
264
-671
-197
149
567
71
98
114
-107
243
276
83
209
-5
222
-23
193
590
175
305
-105
-225
-476
-532
611
562
-413
379
405
140
-211
-101
-351
-10
813
-553
-543
336
-238
-240
-305
-489
84
-307
269
422
-283
-149
-212
297
676
-159
257
70
303
397
407
845
-477
145
576
-301
595
294
216
-9
-235
-194
-159
-27
-79
-202
-145
-274
-415
-348
29
-511
-98
-418
-202
-1453
209
508
-330
75
-274
-615
-170
436
-375
70
140
-341
909
-401
-499
626
-140
110
283
-149
8
-233
351
-102
636
-207
44
1180
343
142
-872
-490
9
-642
145
-252
-415
544
-221
134
-902
593
-25
-250
509
261
-442
248
305
573
-200
-3
347
-208
45
273
-227
-33
589
86
150
-181
-87
189
49
-300
-17
-283
379
-158
-335
-114
201
274
-463
-81
-196
-149
-326
-211
781
-249
181
-33
360
422
447
357
-286
-314
317
-229
116
687
348
118
-80
182
136
0
64
-318
759
-156
178
507
601
510
-110
-249
328
154
111
130
-306
-13
-166
404
-346
-107
-218
326
220
116
539
-446
-670
-190
-581
105
5
-245
-139
-17
104
-433
-241
-730
-182
241
-85
-52
540
-184
-125
89
-517
104
-383
358
-380
193
182
200
234
-217
-22
-323
339
-512
134
-705
-608
-518
-632
-9
390
595
199
14
605
126
-286
-3
80
2
281
-589
31
211
-298
246
-110
168
-916
-106
-173
-418
160
10
-83
13
-332
-81
-300
-365
-423
272
-234
384
-241
219
-296
-254
-394
95
-86
-114
143
-12
-16
260
-318
502
-510
523
-192
455
113
190
427
-140
-160
383
38
-424
15
590
64
-371
-1317
-315
327
-19
-58
951
261
-11
12
-287
2
-65
140
-291
210
336
45
0
-654
159
256
537
-406
-30
883
77
48
-91
-731
231
-410
204
-293
24
246
-275
27
61
363
-265
76
-404
-592
-393
6
132
34
-44
164
405
-456
-91
-71
-308
-234
169
168
550
-39
-383
-804
4
80
110
181
703
-402
-479
512
-163
19
-418
539
-438
-93
-90
77
592
-304
26
76
-468
108
310
522
-586
860
-318
341
-239
879
40
550
109
-562
496
1
-103
651
-627
274
-453
-174
542
318
-22
156
129
56
489
-147
20
-106
529
-239
-496
-79
-33
-627
-631
181
181
-98
665
118
-74
244
-457
-105
-436
301
-306
243
167
-177
-164
235
675
829
338
-196
646
-549
-46
309
276
-294
-52
-30
-12
480
514
364
-264
-595
-576
-65
-44
42
-160
-450
523
-74
206
227
400
220
269
-105
436
373
39
177
-222
295
-144
-443
-216
-883
-130
-470
24
282
177
-457
48
-259
97
-172
-32
491
-168
-344
-278
434
129
-149
222
-409
-766
277
700
-646
-475
-307
-147
53
-9
112
215
152
-256
227
276
20
-184
0
-357
588
652
-279
180
-103
-49
-663
-64
365
-1241
-170
-313
543
879
301
274
416
-525
-24
-312
-338
367
-161
30
156
-201
184
-731
223
166
211
148
244
-83
619
146
-271
506
469
109
-115
408
-358
-41
-283
-53
339
18
472
-383
-287
-269
-125
476
383
-514
376
-293
-156
129
-40
-176
-694
166
28
-411
-443
666
410
46
19
320
268
-417
-333
238
418
-551
-120
216
-282
-7
-68
53
-162
244
255
-45
-87
70
-508
354
382
306
189
-197
128
329
298
-87
-142
496
58
-45
47
352
-465
-405
-210
763
236
348
145
-428
-425
-269
-67
258
-390
327
666
270
325
136
270
234
-392
-300
-103
241
-83
-25
-676
264
-15
452
39
-129
275
151
-652
-751
111
-301
-152
-337
444
-606
-154
321
163
-213
-864
-471
37
-690
18
646
-201
22
-507
-878
-40
-271
-573
241
-292
-226
-220
396
417
-896
100
234
92
566
77
28
137
-341
532
24
-869
-610
859
-68
382
558
-392
-118
-58
-91
-91
368
1215
508
193
-238
-353
570
1
732
456
-58
558
-110
202
184
-214
472
-84
294
272
497
387
83
579
150
-373
230
-329
335
166
84
-620
4
-313
422
790
-334
318
-360
463
4
487
-379
-716
64
-420
532
113
-49
447
-26
-15
-22
370
508
-392
-298
-39
316
331
256
-50
-104
-125
-475
482
-265
195
-89
24
93
-504
-379
-396
-24
-376
-128
375
-418
207
304
-480
262
-576
-28
135
707
419
43
299
461
418
736
79
540
-342
-314
-340
298
345
799
-349
432
-547
1113
541
637
-102
-19
-783
236
858
-304
683
209
351
-222
416
-763
-121
-179
329
182
-809
393
983
-45
435
208
337
320
457
-239
212
887
-254
-115
882
607
217
-401
49
28
-475
328
-367
-247
-249
161
-825
-353
-430
-315
312
591
-4
-121
302
-558
-477
-515
-38
294
331
392
-362
-106
-420
159
536
182
-792
443
-125
-232
-301
-175
-416
778
139
195
-448
293
178
-750
-135
-142
811
-122
-367
74
86
216
-118
-460
34
212
83
-29
171
475
-508
-491
-289
-426
-7
214
203
577
-125
525
35
499
71
170
233
146
-83
-49
-690
-338
597
-63
-556
-627
-175
400
-295
-233
-36
-40
-200
17
7
-841
811
-92
-76
-432
188
602
132
230
-225
-180
-30
-164
-438
-795
539
359
-395
-312
38
97
-416
168
-210
-200
254
-113
-494
451
-125
-116
-604
149
182
25
-11
-257
-121
460
-515
365
271
-511
96
73
221
46
54
-355
-361
-97
-517
215
479
-245
465
-199
114
227
599
-540
-102
-373
-153
153
361
285
178
-152
-62
-441
126
284
-408
1025
-410
699
-428
-118
-125
-372
547
398
-358
138
245
-431
456
-42
-303
-559
-304
211
-446
-305
-356
-1
121
377
13
376
962
380
82
139
-194
-753
42
81
-347
222
188
398
-27
-630
-250
312
-66
80
-171
-191
135
8
363
508
255
-239
-646
-960
130
181
-156
-155
551
-237
519
-287
566
391
-236
244
211
14
-354
579
48
-215
-174
-506
-420
-97
149
342
119
-231
15
-167
101
75
191
247
-840
417
-897
-441
-534
-572
162
-66
5
-349
-306
444
-41
88
-338
-195
-265
-353
589
734
-552
123
-68
-617
103
550
627
23
269
-373
-477
510
66
359
537
-486
-237
-247
43
-398
57
709
-165
-60
524
-621
-290
156
78
515
679
217
-199
-425
455
-162
235
-288
86
66
-283
672
-534
-542
45
-376
478
-171
-380
290
791
44
268
384
-277
52
-535
-77
174
-24
-14
-33
-403
-223
30
451
-413
-320
348
-449
-56
-819
-381
403
11
20
623
78
390
-449
333
-109
526
-317
578
184
-110
-19
-313
-425
198
-64
-497
-143
513
-392
616
-36
-244
373
-143
-423
44
54
88
720
-152
147
-270
-143
333
-597
-462
125
-270
471
-172
134
386
194
-134
188
377
-350
164
-468
-494
-209
210
-308
-1003
71
-290
120
111
603
-35
-168
421
135
-54
-132
526
362
246
-79
-317
401
690
-69
-115
-182
15
-107
-148
-325
-178
238
-559
111
323
-30
251
-67
-627
199
336
166
6
-296
-591
470
-731
97
318
-559
-143
119
-104
-217
-695
133
127
355
-456
566
411
-147
-226
-138
145
-62
-349
135
-236
-13
-317
174
-416
-417
97
125
380
81
194
268
-560
128
-378
380
-273
22
186
-209
180
621
-364
483
-12
-660
357
413
-138
406
-179
-72
-404
43
-115
-272
57
392
521
130
481
-27
455
408
263
464
231
-105
193
239
-74
-15
-391
-172
386
-18
206
115
274
-172
355
561
192
33
-198
126
153
-455
386
-609
417
-161
-242
169
390
252
174
-439
-627
-5
-23
58
494
49
-279
507
139
-83
679
-762
215
-973
476
542
-295
430
86
-36
387
-297
170
453
110
-204
-163
-502
450
-220
499
208
-149
-209
282
-294
33
-416
-401
40
205
-498
79
-315
90
-465
144
21
479
-566
-529
-38
41
-561
58
12
304
-475
-212
-463
129
224
169
-225
295
111
-495
-28
-229
-246
-46
405
754
-361
51
-208
-182
126
-633
368
5
165
150
440
-630
163
536
518
144
41
344
15
598
-395
-193
-547
261
193
-538
7
16
808
-249
-120
-175
298
433
173
-257
391
104
-112
343
-701
166
537
53
-184
-245
117
-457
248
-247
-163
-95
-35
-330
-41
381
-81
-598
-91
-705
219
-161
-88
153
27
216
-255
353
565
100
248
-4
408
239
509
487
-27
-170
4
-521
-397
45
-120
-72
434
-437
142
-362
562
490
308
491
-645
-883
-692
66
52
-570
-591
266
630
238
-352
-229
280
-699
235
-5
-254
82
-182
-333
78
271
-487
-353
497
-370
140
487
210
-226
-401
-106
309
79
-72
-69
-117
-315
42
512
-490
566
-443
-34
-1
-261
320
291
-140
-354
-53
-229
259
197
22
60
-186
78
31
605
-463
-120
318
-144
507
-456
44
-380
-367
-108
142
-477
142
27
140
-7
-463
-216
-265
150
391
-233
-60
79
333
75
148
-169
347
-411
687
40
524
28
-365
-55
337
453
-243
-16
35
424
-249
71
147
-35
123
102
-221
-53
185
-258
270
-469
-174
21
28
-93
517
-562
103
975
723
220
-670
222
-216
-51
-752
232
-467
-569
-69
-609
16
32
-14
-108
131
-323
-154
-149
28
47
268
-200
41
242
-55
-283
-627
296
515
70
747
297
-165
-141
259
118
574
551
28
-400
-224
20
-91
-26
-115
582
19
129
-577
-231
124
-338
612
-275
-36
99
429
287
313
-497
-107
-525
-143
217
853
207
319
-101
-91
-83
-378
103
283
-433
298
735
-132
54
-49
162
-466
223
469
-84
-412
260
-631
365
240
121
1139
-369
374
-158
57
-50
1039
-376
89
929
-236
73
-785
237
-88
136
-22
-229
-43
560
-441
-61
-346
704
-511
212
-54
177
-780
-69
-138
-242
216
-247
-70
-89
175
-502
353
-139
2
-877
106
-682
82
356
332
-55
-33
-93
-384
931
301
297
153
120
-314
155
95
235
-110
-569
17
58
-638
-244
5
-207
179
44
-260
-395
120
349
-309
-173
203
519
-228
-367
113
370
331
-118
-46
-465
-254
-794
52
-258
149
-121
295
320
306
524
-576
331
-457
688
-311
305
-381
-396
-13
116
-358
-343
-512
232
170
1276
309
391
-396
-245
218
-277
52
2
-369
227
-474
-301
-113
-147
814
340
-206
44
-401
504
358
-187
181
298
-664
181
130
-249
-195
-232
319
-74
-426
-440
371
128
-208
171
-252
-83
-265
177
311
-281
29
396
68
-1049
401
-10
65
65
-571
-516
162
-590
-479
-479
4
1
3
383
86
-93
-469
143
-365
-711
1082
-92
91
211
406
493
542
-137
-404
281
975
127
-349
0
62
-331
-361
-90
286
177
516
237
-329
-168
105
-369
643
89
-414
-687
58
-677
606
-378
188
92
579
-200
-416
437
500
46
-485
46
-821
42
9
-621
378
-265
-12
-76
-537
-96
-475
439
189
349
-64
-200
229
50
21
0
125
1021
701
106
-202
374
124
270
-188
224
460
-98
-278
-479
179
461
248
-23
-28
700
103
509
4
347
33
444
83
181
-316
426
112
-44
-218
132
517
49
-372
63
568
-561
44
20
391
384
-69
296
84
-39
-155
-1005
-415
-135
-523
-264
257
180
-70
-207
480
70
-31
307
-763
16
-23
572
407
-122
549
38
-550
99
-37
-183
-485
-451
-78
-220
-16
-290
736
217
70
355
-187
-468
-310
171
-339
485
469
-641
-219
130
-143
-172
-139
-197
-226
48
19
333
328
-552
405
159
-181
-85
30
311
246
-4
-142
-80
653
-734
156
-31
154
-83
-356
128
-159
-331
-813
85
-232
-755
-533
95
-990
-38
721
-312
-431
364
773
315
-173
-336
41
-145
797
259
384
-332
-52
-18
287
259
663
-119
107
-77
87
332
148
55
-162
5
-106
-39
217
-443
-51
-79
-255
288
-73
431
-306
181
57
292
-371
-173
133
429
103
-27
228
-403
-356
-433
-291
-248
-290
572
-192
560
99
228
35
-431
302
-157
300
36
103
-118
-135
-465
304
884
-144
72
221
-39
421
706
-359
154
-564
486
-808
380
372
571
395
-602
-320
164
360
-558
404
-466
790
405
-115
150
-174
225
-77
-415
141
483
-242
-272
-221
-143
74
-345
-19
-133
-143
371
376
168
454
38
-512
-204
-743
-268
296
393
456
151
-160
-395
407
-201
662
-170
99
-83
530
-637
7
-1120
-194
-47
508
386
-192
451
-269
554
-144
201
55
197
484
369
-384
367
-460
105
-622
228
111
319
-489
50
498
147
-474
-12
-451
232
412
-662
-418
231
63
330
243
164
-744
-282
525
408
27
171
424
-31
-187
-86
-101
29
-404
279
5
-289
-370
-138
531
-151
450
370
482
13
139
-511
-1086
175
-211
189
77
139
-168
242
-94
173
290
-672
143
-103
62
173
-111
222
57
-213
982
-365
37
-430
225
-167
-194
129
272
-120
658
-324
-219
-131
836
-201
-240
-133
-531
416
-376
464
490
-456
234
16
-565
-95
11
-156
603
155
309
-515
725
-760
-213
-238
633
733
181
376
193
439
335
469
325
409
334
6
-121
-725
247
-188
322
-232
400
-593
42
-257
54
47
359
-408
-180
113
-430
-75
144
256
-262
575
261
258
461
459
369
545
3
641
421
-177
426
-100
217
-113
-281
-669
-263
-217
-167
-480
55
-458
201
166
287
666
46
675
25
411
285
185
68
-2
499
691
-169
-95
-180
-229
549
-220
741
-367
284
-513
-504
422
-77
-182
135
128
-354
-244
-285
-205
165
105
-442
86
-34
-78
-308
395
316
533
238
151
385
-149
-107
369
417
138
-756
187
64
243
-334
-20
384
-280
-694
-255
-43
577
-691
-12
-205
121
-195
-9
-182
128
-71
4
-160
524
597
136
144
242
-140
377
-62
349
92
416
-87
-25
-624
-704
-70
-419
-616
-222
-103
155
-431
64
224
-32
359
759
280
-100
114
-431
276
313
-66
282
-470
205
184
189
-487
-325
566
48
-263
540
-131
-509
-1137
-178
55
-108
-223
188
232
345
-608
530
-484
-569
227
-1040
338
376
580
-536
-133
-576
39
153
408
-73
400
-57
-166
-249
-355
465
-451
-184
-148
489
458
4
502
118
-566
366
272
253
157
-391
327
-174
-327
-468
6
333
204
0
71
-106
242
155
-335
-363
-592
-313
-68
-257
107
-147
182
-339
-582
-225
53
222
-107
-341
-33
264
-272
73
284
273
36
846
551
548
850
-217
-225
-200
-189
-178
264
40
618
843
-260
-54
556
-198
53
98
-309
264
491
45
-375
-48
93
653
-114
4
-184
-600
-330
82
-49
-526
657
114
-942
-103
853
-267
-112
-178
222
308
163
-797
284
-366
-752
-299
94
308
-624
215
69
-411
-324
-372
-149
767
147
562
107
189
-68
-23
-293
69
-282
273
487
6
-345
-559
-625
22
-1
251
57
701
419
-549
-310
374
440
-286
718
809
438
404
129
36
-73
-38
341
-302
436
-252
1
357
-50
-544
270
-1037
167
-105
-732
254
350
702
79
427
331
-64
-148
-812
-690
-624
247
336
551
27
795
373
-444
-50
651
-370
131
-78
621
540
-216
-449
197
-213
212
444
-333
-837
-331
-99
134
354
-299
-124
21
-272
-98
13
235
436
64
130
-396
-621
40
-345
159
-147
-560
-269
-299
704
330
401
-240
377
394
402
-436
-440
243
78
384
-213
-87
27
-55
-102
897
-164
-205
-595
58
-531
50
300
-711
29
-160
-751
-510
211
644
278
105
198
277
63
-106
67
-132
418
85
210
340
341
-13
-634
270
464
193
46
745
407
-221
-85
-296
655
-246
-131
81
195
299
311
399
-430
-89
-995
-193
-135
78
-236
-83
417
223
-266
2
-87
69
688
-156
-524
485
252
-45
-38
766
-55
-513
308
567
757
503
489
-412
588
404
392
103
-625
86
-171
-116
-781
-188
303
-240
9
447
789
421
466
-167
126
-217
163
704
620
70
308
-632
284
372
-110
245
507
-121
237
-255
-226
91
-840
-75
84
557
219
366
-85
142
53
-192
411
704
753
134
-330
-147
2
-724
53
-612
-225
15
336
21
211
-340
-147
-168
442
-117
-22
-129
520
641
-2
56
-600
-178
-393
-338
521
195
-709
465
328
-247
156
-24
-460
938
-231
-73
659
-17
-257
-49
537
306
203
735
101
379
154
-193
5
-896
-290
-223
-242
-99
294
-190
690
-408
429
415
245
-117
793
374
776
-31
-383
274
-461
874
109
-214
60
-74
-357
225
-215
306
462
-670
173
658
-378
-395
-774
586
273
659
84
335
151
521
679
317
-466
745
-192
336
294
-53
-498
-307
-254
39
-148
849
260
240
-535
576
-533
-309
115
-176
635
-681
-348
-341
318
-612
503
379
-389
-283
541
-93
231
158
334
-621
-244
-418
-697
-357
152
478
-418
-134
34
-35
266
666
-604
99
-129
159
-125
128
-12
685
117
-192
261
-128
-70
-323
20
398
-33
393
-205
303
560
180
272
-461
81
-621
-100
-1098
249
843
606
308
77
-168
177
-144
-225
-88
-726
-39
-825
503
-284
-31
140
-566
426
141
-150
191
403
-79
-143
-181
-400
-580
42
-194
-356
-260
98
-302
224
-5
-46
-78
-46
-350
-318
21
-694
779
-181
-16
-618
169
-101
43
-345
312
114
-309
-390
155
-512
360
724
-19
-393
264
-1
211
-484
55
389
-384
385
-17
-27
-202
451
531
-305
361
-624
-178
34
691
-186
317
-140
-184
-354
-314
-410
474
175
-434
-104
103
816
-238
-626
370
31
-391
44
-790
48
13
625
-278
0
-583
24
-29
243
-56
418
-157
-214
-480
-53
98
160
28
-224
178
343
-27
323
-38
-322
-735
-47
-557
530
-246
-658
157
-297
510
-731
697
458
-167
126
1
-157
-15
-225
-311
647
-70
-533
268
-95
63
230
157
337
180
-92
141
332
208
410
221
377
-389
-78
236
148
-26
68
539
-730
243
-268
-1002
-125
118
325
-194
-343
278
-445
26
438
-44
-486
-371
147
128
34
-259
154
-534
124
-412
-472
479
153
242
-11
-553
449
-724
146
-398
116
455
155
482
-89
-779
37
-300
191
-156
108
-102
125
34
-268
-494
270
-209
473
-261
16
809
-420
180
481
139
-3
293
352
-417
199
-171
-77
93
731
-243
-128
126
-324
415
598
213
355
-397
233
618
16
-235
430
-18
88
45
-155
242
37
3
632
184
220
-617
-326
483
-47
-30
-235
-121
71
-65
-425
-203
482
-216
89
-170
194
-347
-101
-295
-232
804
124
33
-434
118
-234
-337
-165
-143
-95
44
-322
514
-495
309
547
-106
-156
243
8
15
-9
164
-601
-241
91
-363
-272
-31
-42
-416
-232
482
463
1015
-155
499
-4
-770
89
362
-100
44
-122
444
357
-289
-90
505
-4
418
-52
-43
354
-767
205
-651
-326
111
-106
-33
286
-17
-27
-104
405
305
31
221
-186
-364
59
-359
-10
-224
-511
-253
740
27
70
-188
573
-320
204
215
-932
-541
45
-245
519
166
436
3
248
364
-395
690
211
260
-43
-352
-270
-697
-390
-923
-373
299
475
537
11
-469
-43
-796
272
233
-22
-202
471
-101
-691
72
39
196
211
-217
518
-609
-150
-158
748
-135
-618
948
-71
-43
104
-352
-539
-86
-126
213
69
201
204
-196
-247
873
226
-199
330
-248
569
-480
-333
-194
118
-126
-468
-193
295
289
-405
-395
129
-729
46
-93
-128
259
-418
-274
3
254
245
262
367
365
444
-205
233
-267
-226
-761
148
140
176
304
344
544
265
57
104
305
-660
-232
-77
-77
330
2
-253
639
47
135
667
-201
51
329
525
-297
-783
-199
280
12
-201
297
-159
71
-295
496
-591
341
658
-714
-209
552
29
-484
-163
320
547
-360
8
763
-85
-313
-814
176
28
307
-415
407
-144
-38
-55
-48
398
-264
-274
-555
26
252
-167
36
-253
-342
-376
-42
147
271
114
-300
126
-84
42
71
996
232
209
-140
261
-990
310
-319
184
-478
545
-154
-636
308
-278
-234
-85
425
-252
-100
-66
-213
51
64
-752
-106
-15
-69
-503
-441
780
91
-88
-26
898
96
109
-312
-464
238
-304
-156
111
212
-388
-699
256
517
-746
143
-149
-194
170
-576
103
746
-376
479
-225
327
159
116
673
-376
-74
-568
342
2
-467
-715
231
322
-96
-497
64
42
-293
38
338
245
-178
-220
-492
579
23
248
-424
323
562
-307
56
241
444
-39
710
-82
720
-61
95
-275
-206
269
-388
-462
-142
410
-86
-209
234
56
-82
-779
176
285
-158
-324
398
148
72
-141
-226
-230
271
61
317
-211
220
-107
-478
-35
319
177
-44
-723
-81
-27
-337
230
-407
-61
614
300
18
37
135
-820
-385
-301
777
-35
-510
655
-431
-160
387
838
280
49
162
26
-93
174
-278
647
97
352
-817
-197
571
-968
-119
-260
27
-95
-110
-408
-383
-288
325
-49
405
194
-582
256
-311
329
27
113
332
-564
-203
-380
-9
-37
-242
-37
47
123
58
-476
456
78
367
6
-18
-532
632
-243
-757
280
-306
-625
491
139
451
113
-61
-435
-620
239
280
69
-33
89
353
-210
-56
-343
335
-807
-222
155
-292
910
91
142
-6
-254
-752
686
-324
-65
-597
-167
-219
435
-36
264
-147
555
140
-80
57
352
-83
236
540
-68
189
-812
-327
-318
3
-397
408
-168
275
127
270
-191
-29
281
-145
56
327
-373
-360
-205
-487
543
606
246
-515
-539
-610
268
389
-366
765
-69
-123
-251
-494
-223
-776
297
499
146
273
-36
4
-557
-309
-508
-607
-130
-705
391
-391
96
-386
198
-651
-407
-242
277
65
520
125
-31
-41
298
15
-80
-229
-562
150
-280
-292
622
-592
298
-91
-610
-502
177
-334
314
470
520
-315
-272
-45
-402
-304
-83
20
-453
233
294
-520
-398
-83
-404
252
219
87
-185
334
371
-61
-19
435
-7
-482
549
-400
103
-26
545
85
-700
72
-488
19
-199
-58
-549
-63
37
24
34
109
-401
144
441
201
-17
125
-440
-34
234
-90
-145
-464
-246
411
-57
492
-492
531
-561
17
777
-12
-209
-254
-779
617
-83
387
169
-98
729
-201
-235
-45
63
189
709
559
-255
593
310
-9
524
344
576
367
873
-564
177
91
-53
444
180
-123
-686
595
-290
498
441
-25
-118
-587
-274
-162
-32
168
-464
231
146
-113
-71
-40
47
7
103
7
543
68
-525
-598
-51
103
-224
-458
-73
-221
-39
-490
-604
-300
-310
74
575
215
-914
96
159
-360
-220
294
-737
-661
192
135
245
379
106
189
-386
550
6
-452
69
65
-346
207
436
27
-286
-242
-3
256
144
548
293
-195
236
473
-113
-189
349
-475
358
357
-461
-245
472
-200
-531
-833
-45
160
18
-71
-116
0
229
146
238
15
98
-14
-43
196
-560
306
1106
229
216
-42
686
184
-236
327
250
-251
-343
-330
-68
528
14
725
584
605
-225
4
-535
-226
83
21
-170
-359
-7
-425
-77
413
-349
374
224
282
-196
-15
-850
-133
-310
-568
17
104
-261
16
-759
-173
158
-19
-419
-382
-326
450
895
651
-68
-372
-560
43
120
-328
51
-433
227
1438
-676
-471
117
-36
-361
88
215
-260
-65
-607
554
374
-503
-170
948
-108
407
-160
448
-300
233
283
50
-543
-561
868
298
-286
102
246
282
-287
-399
41
43
399
-197
74
211
33
4
-1087
340
-133
13
226
383
-194
288
25
-176
308
339
-400
-147
224
-295
-1009
-4
96
349
-685
99
434
-515
-142
375
65
-266
401
-74
-282
695
252
115
-289
-401
511
-197
-179
247
-186
-110
-301
-202
322
-286
523
-35
130
307
184
-211
-220
198
-362
-505
-330
-226
119
44
311
-284
375
-490
873
-156
-428
-63
-192
-183
-138
42
-146
419
245
381
148
-156
-253
-907
476
-41
294
-195
-9
-71
269
-459
-39
-302
48
-92
-118
391
8
78
107
-652
208
-387
-703
501
-350
-32
741
-32
-374
-264
278
-354
-658
-330
-781
-421
-365
-72
110
496
-251
410
182
482
-5
167
809
-392
-556
100
145
268
-617
36
723
-367
-171
53
-247
44
-535
27
282
-354
495
-343
129
-38
-224
-273
-75
679
-8
486
-4
123
515
-433
335
157
226
172
-499
175
-259
-77
-707
9
-512
-460
68
-545
-31
-863
424
-104
8
-166
-411
95
352
695
541
177
-433
89
-33
-263
221
-346
366
354
-174
293
397
-397
507
286
565
357
375
238
646
-300
42
-85
-250
247
270
-272
41
-145
-219
-191
443
-139
470
113
-222
-401
225
272
179
112
-653
-681
-114
-498
173
248
-114
132
-532
-323
-403
-862
-109
-343
-156
119
189
191
-668
-83
-208
234
-316
-247
-802
211
280
-116
201
-570
255
-11
217
259
-101
-747
118
-242
-554
-520
615
-164
209
11
358
266
-124
362
18
-149
-312
432
-92
-275
38
474
739
-724
-315
71
596
-341
455
-31
-503
-170
559
566
-182
-552
158
-489
287
470
-26
-394
599
-683
-473
-607
-119
131
-276
6
18
-475
-255
130
-453
388
-469
-766
273
-329
-126
392
-251
-432
784
-38
412
277
113
9
-168
538
395
72
481
-216
562
668
445
323
-148
294
-129
-156
184
106
-274
-72
261
493
477
330
221
133
-116
-52
-275
304
439
-206
27
249
-427
363
595
491
235
240
990
-14
-115
-318
-404
598
-288
1095
525
-491
-259
25
861
1019
106
171
24
46
174
-682
225
-185
-325
-23
-171
-1
-1105
-749
128
-55
-49
-100
549
334
258
494
-493
192
293
-263
548
332
-83
87
-226
271
-503
-255
-5
611
-290
363
-19
-410
183
-14
-54
-198
-5
190
421
362
316
-173
-130
-16
-256
282
209
319
-222
-364
171
-725
-513
-532
-199
114
6
383
-111
-88
-51
209
29
-222
970
224
407
-156
-230
229
383
503
334
220
107
157
-580
335
20
212
522
-419
441
-990
-377
-340
552
54
750
-98
-282
1077
287
197
-124
447
975
-479
118
-407
-659
384
117
-320
-429
-657
542
-27
-26
-136
100
-547
302
530
400
7
350
-204
-248
-396
190
101
22
277
-1037
0
113
-706
-373
-218
260
572
348
79
748
137
512
429
-75
-288
416
231
111
296
-586
-386
666
356
-754
-79
-408
630
-448
-164
-417
-7
181
-4
43
-363
-92
-573
-490
280
283
-217
511
-1295
59
-204
-16
405
-297
401
241
104
10
-309
-1066
116
-67
-444
200
149
377
64
657
-86
-167
-479
108
145
79
715
-265
-702
761
-168
-406
-675
850
433
110
-466
50
640
-11
244
-189
-497
-238
139
-60
530
734
490
809
437
429
59
143
584
520
-270
1
12
-311
-284
24
316
-83
128
-188
103
-409
76
-265
278
-175
-247
-235
86
-420
365
75
393
555
-121
292
54
-134
818
-96
-285
-236
56
388
-72
-1
35
-41
588
-97
111
-516
-77
303
184
-54
276
377
28
-685
-1
-432
-809
-527
243
-412
111
-440
-474
515
-305
-180
222
-323
-227
155
271
290
575
77
154
-117
448
-163
-31
-108
-168
278
28
58
-125
23
202
525
-119
65
-418
-78
-274
448
537
-53
-31
136
-154
799
-191
241
-287
-138
153
-61
55
63
-35
-169
-194
378
165
-261
-17
693
-136
-579
410
276
-249
-169
-373
-81
-31
-85
777
-114
947
171
396
276
-77
229
496
-34
242
775
4
-353
338
-715
-55
-186
144
893
245
582
-974
31
-269
-126
80
37
51
-140
350
-23
375
-87
310
54
91
216
344
-34
-213
549
-1
-393
-517
-237
173
-330
-833
203
338
-240
412
441
400
100
-324
414
32
-153
-296
734
4
-160
-356
416
184
-93
29
620
-56
-506
122
203
-361
-152
855
-206
115
-461
-176
577
-480
500
770
-294
-48
561
277
5
-38
-155
294
26
177
-120
612
-113
292
507
-130
-218
-283
179
-741
122
233
767
644
80
110
-293
-361
398
-652
220
569
11
416
303
-130
366
459
-91
514
-81
26
754
-11
-455
41
-217
-146
433
-316
45
-47
-46
-77
-64
-380
126
450
52
-632
-501
513
-258
104
-750
590
-34
-74
91
337
910
-237
-420
284
-462
-16
-738
134
-175
461
-285
-712
-250
-708
-425
47
258
-215
189
-277
405
-176
-347
177
-377
151
-291
-233
30
-100
35
206
173
-193
303
-518
61
168
-61
332
-243
283
-83
76
515
-2
-61
165
-328
-346
904
-184
44
496
278
1051
-425
357
169
-381
-270
162
-88
-6
-595
462
814
529
958
-586
-371
-77
-42
-306
-340
-431
506
622
208
266
-528
51
510
-72
45
-230
471
-434
-899
383
-210
386
7
203
-130
-353
51
-66
295
307
272
290
-372
256
-170
-93
452
-436
-56
-40
599
835
-125
-42
-414
-378
574
254
-287
-778
127
271
-374
-891
-90
293
-458
110
341
311
539
-933
-81
-387
-120
-89
176
-444
-24
-532
-45
-319
175
-74
51
265
-474
-35
-200
-706
301
101
13
253
-345
-340
-97
143
-109
-114
224
198
-64
52
-262
430
427
-103
-51
283
-284
717
-145
122
285
825
32
-626
-188
184
-73
604
-419
-491
521
497
-613
-166
-537
-147
285
416
177
229
531
147
-704
164
30
411
-509
42
-65
-130
-417
-188
334
41
-78
-254
-75
-278
-38
-56
-121
120
324
159
-316
393
788
259
-80
-278
-157
-396
-516
31
-704
-106
-598
274
-757
-432
-176
566
-81
465
-200
23
-129
-79
-30
417
224
75
-644
-425
338
249
-229
-434
-476
312
-504
255
896
204
653
264
290
107
204
-290
137
121
187
-16
-159
-98
-35
492
243
427
-270
343
721
61
-296
225
93
-144
211
121
-265
363
180
-43
-771
359
269
-52
345
335
7
3
-479
-310
-570
47
711
61
-56
241
-301
-171
-191
-285
267
191
901
286
264
-134
71
305
-41
396
-883
-196
264
7
70
265
-135
264
-455
546
130
-152
-466
332
370
-259
385
-88
-125
-205
569
407
163
-65
-332
-567
-600
-290
-1157
216
234
234
-763
194
-9
-774
104
91
-470
-340
-42
-271
35
246
72
68
-310
253
328
-1
-671
-170
-298
-2
821
-379
-355
-215
163
-64
-434
4
-7
-481
149
-572
-155
-188
41
57
267
189
-254
-37
-439
7
49
299
123
134
-378
-196
-208
391
485
-39
610
62
300
-313
-532
-248
-132
-108
-268
96
246
477
28
58
-359
41
-254
649
-341
221
-588
136
-353
592
-623
380
-329
-163
-526
-541
-10
-347
-61
-583
285
-183
-479
-291
14
-103
364
140
308
-610
-8
245
-36
232
-191
-243
267
-304
-149
590
451
-82
220
-86
-52
-618
144
209
223
215
550
-103
-148
-185
118
-638
317
304
-300
129
-139
-285
269
-971
387
36
122
311
-131
-279
-755
-921
345
54
-101
14
320
-347
-269
-185
-688
265
-382
-350
-170
270
181
7
-71
-287
351
39
274
81
585
433
-218
-128
26
-122
-189
-107
-378
65
-103
400
-13
237
262
129
-603
259
93
-375
384
474
197
-338
92
-747
-6
-79
-150
-474
-21
-361
-238
374
-857
-100
-255
89
406
-132
-37
-20
204
497
-50
378
315
56
79
131
-359
194
-780
-530
25
-335
-88
-301
-143
-230
-43
188
95
486
176
586
57
386
53
-27
222
-507
355
-455
880
-218
-158
-144
-197
-382
332
-269
644
175
414
-329
747
-267
-601
539
217
111
-224
-272
-283
839
-220
3
-150
30
-111
-260
379
496
-454
1053
110
-364
-391
529
259
259
-303
428
375
290
-259
252
327
-252
-317
-252
-254
-1246
71
-206
29
-189
-315
443
-503
112
-62
658
-54
197
276
-402
94
633
-54
-514
468
-238
513
-49
603
-13
671
112
-74
-61
-73
-148
-94
-146
37
-33
-477
176
344
201
-218
80
-665
-160
-616
-2
-41
116
501
8
182
62
-174
-467
-489
-175
599
-12
56
601
-3
10
742
33
-4
-33
311
-330
-282
-13
-271
165
-99
-62
-572
20
99
-541
-25
-251
-323
46
215
-90
-331
-956
462
35
21
623
-43
147
-300
-290
-255
361
114
-140
175
-3
-42
296
317
12
-114
267
863
360
-291
-52
-83
-17
194
230
-298
312
450
797
295
-303
-162
86
-49
268
-506
286
-464
378
824
274
16
-594
-115
70
-437
202
-420
114
-408
52
54
-327
562
-392
194
236
-71
-197
-94
-36
408
315
-122
-392
115
-160
-555
-159
187
-550
-234
-223
327
581
-53
-207
-140
-14
210
67
247
-244
740
516
36
-510
-11
509
-234
-519
-14
-64
305
-739
-321
222
-284
-107
-126
-63
83
-71
77
337
212
47
486
-27
79
-202
150
-565
-710
37
45
-184
-797
731
92
126
308
226
-384
144
185
214
-419
-69
-157
-356
286
113
-270
166
-63
793
111
-71
101
2
426
-678
-781
-247
449
-438
224
-405
-497
277
-122
-84
-315
-85
-40
235
741
-223
-335
-260
160
-7
-472
-157
-550
9
304
505
-523
-230
107
77
-28
-631
-5
43
-234
9
40
135
-245
-670
203
-174
-256
499
-567
-468
105
-225
-64
-377
-135
-236
-474
103
-185
-11
188
558
-154
241
-378
153
94
-216
407
756
467
-796
65
-270
30
-511
355
-428
34
439
-567
246
-174
-361
-412
23
289
-168
-300
-897
-418
-158
-228
-26
248
-28
422
234
469
58
442
625
1127
510
-127
-69
-176
166
-43
369
-272
-778
193
-624
529
-585
29
199
-306
157
-206
-65
444
-36
-169
801
377
-11
-91
34
160
-543
-562
108
144
329
600
-11
-88
152
-429
355
-366
153
139
226
-44
283
274
584
80
-525
-48
-227
-13
-101
-249
-143
-372
66
-200
428
247
421
639
208
386
239
-112
348
-351
449
-29
-440
-617
470
-490
500
434
628
-34
-913
136
509
117
-635
7
130
-39
250
-318
81
-155
-698
-108
299
-76
-703
-365
90
158
96
523
-57
537
-267
49
-60
-210
-97
708
-418
-124
180
224
427
-609
-326
77
-174
-141
64
397
-257
-606
-494
-444
124
136
-619
114
-357
806
210
536
-596
-146
-419
-617
-300
-16
-416
272
333
-125
497
121
77
467
-624
105
-71
-87
-740
905
-154
-630
350
-125
373
-107
234
667
54
127
-55
-288
239
-12
678
136
-361
131
778
-262
57
-199
38
177
-393
-433
241
-430
392
-393
724
-91
360
-345
505
-212
598
-800
127
-228
139
-649
102
-576
-126
-397
-770
451
-281
-44
-321
-182
-125
584
-139
83
-43
-291
-153
-269
-252
-20
-353
312
127
-904
723
-7
-180
241
-442
-487
53
-277
187
41
715
-234
226
-23
197
134
66
-221
363
216
-17
-252
-291
133
336
159
-158
-259
-124
-17
-294
-46
351
228
6
547
449
365
55
114
298
-133
1
163
142
-639
-262
-596
83
301
1065
-372
-347
-367
-524
166
-161
504
-634
-364
-195
302
-223
226
-380
119
-233
-266
80
565
-174
24
236
-252
-88
-20
304
-8
-41
-140
193
110
33
217
-110
303
88
164
216
-286
-511
216
-280
-420
-331
113
-368
-151
-551
-43
-246
-709
-14
-462
62
62
157
-44
200
-300
-149
-600
-446
-476
121
-19
385
-525
258
-200
-164
-411
-86
-45
-734
244
-19
40
491
537
-308
668
186
90
137
255
-515
37
321
-101
-143
-465
-552
-96
-73
122
-119
-624
-49
-733
-91
-266
641
478
-262
-173
-497
308
596
90
-356
-140
189
-159
-419
-325
-9
-355
748
309
-596
-402
-5
-1
-459
114
-529
107
-13
-377
145
493
482
320
-701
-598
251
422
124
361
-265
-79
507
241
-26
-417
155
172
349
356
410
-479
264
163
-93
39
15
-278
612
-575
-70
260
-146
100
-385
-517
-93
-440
603
72
-44
370
-75
166
376
151
-538
-122
262
-369
812
-582
-339
69
594
-264
295
-325
-329
343
333
60
152
-240
-288
-344
359
405
-748
-151
122
233
325
-26
-316
-424
472
-321
26
-195
-212
336
642
222
320
79
485
-537
360
306
-315
-85
-27
827
442
-258
-574
512
-55
-111
-30
562
208
154
-92
-772
204
368
-88
-426
438
21
-128
-336
-284
-101
535
-133
71
302
205
429
428
127
195
332
147
-23
-247
101
-442
180
-699
-318
-527
-384
-141
303
-135
-436
-383
297
-221
323
-725
249
245
-203
26
-156
-145
116
220
152
-209
-575
-59
41
-353
-446
-615
-675
284
-302
-611
-35
-71
-342
-355
271
309
-94
324
179
290
-269
-246
496
702
504
137
480
-66
-313
-39
83
-357
-610
-311
-134
-606
-531
-110
17
15
-453
101
-205
-537
184
-332
271
481
-567
-66
-165
124
-328
142
165
-244
-336
-418
-287
208
-167
85
43
-156
-301
619
-371
197
363
-138
-13
-412
-199
248
258
192
101
-781
535
-82
-148
-328
478
30
-76
415
47
-281
-456
297
-361
-262
-477
-6
-64
6
214
-181
-72
676
215
116
345
254
-58
-247
-487
-158
-82
-461
-508
-221
346
-446
-600
277
-232
-425
287
-328
128
-607
-18
310
500
516
-283
183
-161
290
543
-469
55
254
30
353
-503
-267
224
-668
-256
-12
27
-173
-417
-324
-292
-208
-629
213
-326
-623
-195
210
-228
-346
-153
2
93
-262
-330
