19 90 196
0 2
0 4
0 8
0 15
1 6
1 7
1 8
1 12
1 17
2 1
2 4
2 6
2 9
2 15
2 18
3 2
3 5
4 2
4 4
4 11
4 16
5 1
5 4
5 5
5 6
5 17
6 0
6 1
6 8
6 12
6 16
6 18
7 6
7 14
7 15
8 5
8 8
8 12
8 15
8 16
8 17
9 5
9 6
9 8
9 9
9 14
9 15
9 16
9 18
10 2
10 5
10 9
10 11
10 18
11 2
11 5
11 6
11 7
11 14
12 1
12 4
12 7
12 10
12 13
12 15
14 12
14 13
14 15
14 17
15 5
15 10
15 11
15 16
16 1
16 6
16 7
16 10
16 11
16 12
16 13
16 17
17 1
17 4
17 10
17 13
18 1
18 6
18 8
18 16
18 17
86
24
27
60
66
29
7
9
5
88
51
53
0
43
87
33
8
11
83
37
2
23
50
20
19
1
39
18
34
70
72
81
40
3
6
36
58
56
12
15
85
64
65
30
28
55
17
16
41
84
32
31
42
89
10
68
26
73
74
44
61
67
71
78
14
59
35
13
46
82
75
45
63
21
57
69
25
77
47
52
38
54
80
48
4
79
62
76
22
49
80
97
116
-16
-126
92
-33
-217
17
-209
341
-37
-93
8
-7
198
64
24
-230
78
-334
184
-92
-117
-41
-252
-67
66
-91
-212
180
-37
59
201
-82
136
-347
-282
224
-155
47
108
260
-120
231
-11
-278
-125
104
229
161
-48
51
-375
-30
-48
73
-40
344
-239
-203
-11
-198
75
-73
288
-115
163
48
-24
-100
-67
-285
7
154
193
15
-378
150
-233
-155
-340
167
-173
132
-146
225
289
-19
-321
-170
-40
-179
-270
69
-144
-39
-28
148
-9
-87
-90
379
-121
56
36
102
-426
177
-50
195
145
-204
-12
61
379
247
-146
-141
-201
197
100
87
90
-128
37
91
119
297
112
-355
112
-53
-240
-83
89
274
-472
171
167
65
-254
-147
-119
537
28
-120
-186
47
-48
-123
-236
224
134
121
433
158
116
-385
-142
586
80
-60
238
-151
-58
-225
117
-305
-399
-41
49
-254
24
152
99
-24
244
-38
-266
174
2
-78
-105
-79
131
118
-190
74
47
-191
-109
388
193
-34
49
344
-80
-12
-5
-35
-53
-32
-373
-124
71
114
-138
317
74
-46
-189
-99
-373
-104
-11
-62
-34
8
-133
110
-3
-335
294
2
144
-312
-84
-83
-187
-283
326
-178
27
-126
-220
-23
-88
67
-90
-195
-72
-64
90
-172
203
112
-316
-83
88
-42
-120
-5
59
-198
178
-258
88
243
-18
-1
118
187
-400
-34
29
37
-165
-56
139
117
163
-79
94
28
170
281
-104
-57
29
-112
160
8
391
454
456
12
53
-198
55
101
-150
-98
167
221
20
-245
-143
-108
16
-349
259
1
49
49
-135
-69
155
130
-30
-60
171
352
265
-422
492
45
356
159
-193
188
-122
397
-73
-157
594
25
-199
87
190
246
-49
-97
21
-49
599
-58
56
-202
-184
165
-183
174
-133
-102
4
133
-72
78
-348
114
-299
-151
41
98
-204
285
-203
-224
-11
-36
89
112
-168
-360
4
-271
210
-44
514
244
-469
39
-129
332
130
169
306
171
-136
215
-220
-261
-90
9
261
-111
-54
-101
77
-91
-460
-172
-473
-76
123
70
-408
375
196
-89
-61
-450
227
240
48
-103
-522
-11
228
233
119
-108
-170
-128
142
-60
54
-200
68
232
146
365
-499
51
-256
131
-54
345
76
-78
0
41
-91
-38
238
-256
-290
258
292
-49
-173
87
-312
-13
195
-133
-120
-83
145
111
45
65
-129
-48
-10
-188
-52
43
178
260
-106
170
7
158
-118
143
-62
-227
50
-3
135
-73
79
-6
-307
4
66
-278
213
165
-139
-50
93
144
296
-48
233
-10
-43
56
-142
-195
-99
-33
50
-173
27
254
55
140
216
-24
-142
174
93
105
37
-43
276
68
23
-127
115
269
51
-314
24
-25
271
97
73
102
-61
-71
-595
-81
-55
-207
25
-34
9
176
232
235
119
65
99
51
66
-38
-198
182
382
-24
20
-159
-198
21
-369
-315
-503
417
-187
110
-16
-128
-148
47
-223
-150
-289
498
115
-57
-54
-46
211
-159
-181
-284
-140
77
-511
-285
48
153
-16
-176
-88
16
-88
-23
146
17
-215
-45
-2
487
-112
-96
-249
71
243
25
-103
-142
168
-156
-517
-203
-390
-252
-370
73
-46
306
-65
123
-57
-130
-61
-29
-25
153
253
552
27
-264
89
-73
176
89
-87
148
211
-17
4
-54
-132
132
-363
-96
-31
45
-210
243
159
-86
-267
-172
-194
-87
-263
240
-151
329
142
-128
198
-394
73
-165
143
70
148
-121
105
-46
78
165
254
-98
86
230
4
-149
107
-16
-283
-531
235
-296
-30
302
85
-231
-16
-234
-175
-26
-300
-78
98
88
-408
108
112
83
-117
84
201
-104
162
252
4
-108
-481
-445
-31
-348
314
62
-79
123
205
-243
217
333
-1
-226
-155
61
657
-183
-67
-33
-252
-164
-158
-13
-95
-191
-25
31
72
-117
-40
-5
156
339
-85
183
132
-182
28
67
-14
344
101
-102
14
-253
340
-187
208
140
171
125
-255
-204
-365
86
-108
-177
-300
179
-26
-43
264
54
78
-26
-51
49
5
41
-71
211
-127
-238
-155
-302
-84
-194
-2
222
-50
-115
84
-23
-155
-162
-52
144
50
202
18
220
446
180
363
-31
-270
117
288
-172
-73
-25
-279
-132
15
291
326
-330
93
373
-28
1
146
-211
-99
-30
225
-100
55
-165
-360
-303
-151
-158
-97
-231
264
-103
-456
13
-98
-6
523
-31
4
-13
222
180
38
229
-53
105
-69
-86
35
-358
-72
74
13
-156
58
-16
79
-11
-7
-380
-38
511
149
18
-12
-108
121
-10
53
-25
-382
-153
-46
-113
-626
-281
-29
-115
186
83
242
-429
-34
259
-348
-12
41
-75
8
-80
-543
-5
114
175
234
109
-40
-189
-42
-27
61
148
69
164
-38
379
-302
-90
-43
-142
-119
379
-55
52
-276
-25
12
100
-73
65
-118
-160
-121
10
-77
76
-103
145
-65
-133
-144
156
95
183
-18
212
165
-359
129
318
155
-103
-44
-119
-256
75
-168
73
-206
-326
4
241
-206
-291
-37
81
67
116
32
258
-185
-92
27
43
-5
56
79
19
118
173
-64
-56
350
-269
-9
-135
221
-170
23
232
-64
95
-136
-33
-165
-337
-350
40
88
109
200
5
-74
64
-7
370
180
-23
-362
263
129
-101
-370
146
177
182
-67
-18
431
-29
97
106
331
407
-193
-344
-38
136
-47
-179
63
-211
88
-144
-419
15
7
-487
-202
208
53
-243
62
-260
-100
-194
175
-149
1
344
129
-436
-111
33
383
-135
-272
28
-120
176
612
165
-169
105
60
-188
-180
214
155
2
-12
-22
-334
-58
-290
-127
-74
-8
-122
15
-148
314
273
383
135
109
232
24
6
-81
96
-139
-118
-478
-12
7
-510
-4
-24
-29
103
-350
170
-412
-104
148
276
-191
-364
262
-64
-37
176
-217
-159
-354
36
12
247
67
-162
56
182
271
-175
239
106
-278
280
236
276
50
-76
54
67
-188
-23
9
-58
12
172
189
183
281
-23
57
-97
-309
115
-19
107
68
149
46
-175
-109
-502
207
-121
152
521
-128
112
-382
164
103
-191
-139
113
181
301
6
352
332
-45
-226
403
-198
-160
-257
169
-154
33
66
19
115
-12
-376
271
-34
-108
25
154
322
325
-162
-10
0
114
-64
167
222
-200
-426
47
36
-203
355
-42
118
-91
80
-139
-24
-236
-249
133
3
41
-239
-382
2
-134
543
-237
177
-180
182
56
182
-343
-130
-114
139
-423
119
135
230
-156
8
-496
81
-58
-52
-86
-88
213
-500
-44
-24
152
2
-80
-226
-29
147
297
-324
-567
-335
260
232
-33
32
146
-218
242
-137
143
-40
130
-384
-68
16
-22
159
-41
242
-219
260
72
433
29
-205
-8
40
-111
63
-346
-297
-365
-72
14
-345
-6
-46
-47
74
-79
359
-390
218
-48
174
-338
97
138
145
-170
-192
146
-28
254
1
164
-129
-57
-265
-171
-197
-466
-464
-320
125
-3
-169
-344
23
137
217
200
-218
-81
217
100
100
-94
25
-203
-74
-50
70
-174
-250
-117
-199
193
409
-235
467
-520
-219
-26
209
-168
264
-44
-276
-104
-60
-254
229
30
-426
-294
356
131
217
-112
5
-38
-107
223
276
331
-82
-110
56
307
-36
187
-75
-123
-311
38
-80
-204
153
114
-46
-16
-145
88
-170
-100
-232
-145
199
56
126
122
-89
-364
-369
-203
222
25
145
-115
-98
44
-37
264
-52
1
-40
-165
46
43
87
-370
26
19
272
91
-130
-149
8
-5
210
19
-263
20
-60
-151
174
117
253
129
-70
108
46
-115
-28
-107
-152
103
-168
438
-54
-199
-8
145
312
-27
78
-208
-340
-28
84
-219
249
89
-74
100
-299
48
-22
-263
-209
-166
157
-68
-279
-304
-139
154
-1
225
120
-51
110
-96
-94
90
12
-71
65
-4
-196
48
-81
-64
-277
-115
-157
337
-85
207
254
38
193
-79
-402
4
194
-68
120
506
-161
-52
5
-61
36
22
-175
475
40
-113
-211
-196
326
-45
208
-334
164
-307
95
210
215
-184
-235
9
238
-4
-106
-57
208
-162
329
-48
-355
362
1
-231
135
407
-44
-27
195
-13
-109
-98
194
70
-501
-238
114
101
-312
369
126
-403
-526
339
-267
-237
116
-29
42
-47
-157
119
6
-238
-27
44
221
29
42
38
104
188
-71
41
-98
-59
81
-464
-88
169
-91
-338
-223
23
-214
87
-151
-6
-333
-17
-88
227
339
-25
97
-28
-378
-108
534
-219
3
114
-11
-184
-74
-218
7
-122
220
-107
73
-89
219
-144
118
17
78
180
-157
28
154
73
189
-166
190
-84
-111
-331
-337
295
35
-189
194
-64
291
-214
-21
375
407
-147
323
-231
340
56
235
15
20
279
-324
174
-111
-32
-6
-83
-48
-104
161
17
-30
-55
26
67
-110
-257
37
-348
274
123
198
-195
-58
216
240
-247
-87
426
73
-205
264
-96
191
-92
-5
267
-225
93
157
-179
134
403
-19
-143
-112
-444
285
142
75
216
-77
216
-39
-227
163
129
-84
333
-161
333
104
59
-84
-75
-84
-396
-268
-171
-333
0
-19
-6
103
252
-169
-276
-12
202
183
76
-44
-77
-45
41
188
348
-473
-288
274
-245
188
-96
-18
-25
-69
389
68
189
-268
81
255
-294
93
229
157
-22
-7
8
-267
569
43
-98
271
290
-144
-30
-223
-240
-19
177
-35
242
119
-12
-658
221
77
-336
178
9
31
213
6
-220
57
19
253
393
-167
-92
-34
-182
-352
147
200
154
155
-156
-197
-283
-198
-77
56
237
111
-171
3
-94
42
-76
-67
393
-68
62
100
-6
-211
129
181
-93
-108
-531
-27
-76
175
-159
334
-61
-269
91
234
179
97
-88
28
-10
-248
-453
-63
-33
-171
-324
106
-191
-150
141
285
-24
-186
-291
-201
-155
-157
-12
392
35
280
106
234
211
-42
-273
-454
72
308
101
192
-159
-182
-401
94
39
23
-7
-240
226
-105
-305
-368
-92
-34
41
259
-77
-12
285
-84
-212
90
377
298
-40
205
-6
9
-156
-184
13
126
-18
64
-4
-44
-388
-83
-23
103
236
-179
-87
464
359
150
-263
59
-321
162
-170
-38
-74
19
-180
-293
189
-182
-258
84
-130
-291
-103
193
-36
127
18
-90
-163
504
326
-401
52
-48
361
393
169
184
235
-100
419
124
-36
-325
290
235
14
325
183
120
273
-139
223
2
-83
185
-188
325
63
-73
-161
73
-225
74
138
10
-265
99
105
94
232
-32
124
-166
-18
287
75
182
-19
114
354
-334
-264
-265
-208
-318
43
-88
-511
269
308
24
82
131
-8
-101
-12
171
-237
-65
27
260
139
-79
-119
205
308
28
210
51
281
141
49
47
-186
-109
-53
-123
64
-228
-13
74
264
-145
185
146
408
-156
-154
158
9
303
150
-225
101
320
131
128
207
-174
62
119
103
243
40
9
-170
-69
-318
6
-36
374
-60
266
203
81
169
-37
-14
290
-118
-350
-62
-37
-443
-333
206
113
-44
22
-274
126
-72
-19
-63
46
-268
-10
181
-92
-71
55
-119
-139
63
-41
206
0
-117
-158
25
132
218
233
164
-282
-256
-183
-74
288
-116
-4
-62
-212
478
237
150
221
162
-214
105
-21
171
-72
-47
77
-59
150
-120
85
180
-200
-38
-55
528
-72
201
-332
277
123
-130
-43
117
-30
58
-238
-79
-107
-222
-55
-348
-86
254
56
39
-135
407
-233
105
-174
213
-180
157
336
-46
55
-61
301
-124
-52
276
-22
65
66
-85
209
-270
253
215
-30
210
233
69
-37
-190
251
-315
60
-49
103
-81
-13
463
195
-292
-10
40
-76
213
285
-72
55
147
-194
-143
-621
150
-6
103
238
75
-67
176
-209
-518
-77
123
-48
-95
-383
-63
-65
29
-79
-253
389
-77
-283
220
-102
507
187
-184
412
422
-174
-49
-238
55
70
154
117
164
-261
-50
75
1
30
-58
103
-96
151
64
-329
98
-7
-234
131
192
202
-91
331
338
-11
228
49
1
-159
120
-76
170
79
-177
332
109
280
62
15
-113
69
280
137
143
438
-85
-208
-336
-61
288
232
-135
195
-232
183
36
-90
135
65
86
407
-29
-151
356
-52
0
322
-317
-372
-170
151
-148
-103
-321
-115
-244
-40
-93
-142
-115
124
170
-307
233
-254
161
231
-140
491
360
-159
-144
-132
-177
239
53
153
50
18
-241
-373
407
-167
9
166
206
73
167
-44
-2
79
-59
33
103
83
25
-46
-10
-446
119
308
-8
-4
-171
208
-18
-192
66
-195
-240
-11
294
369
-70
-237
116
-159
-330
156
388
185
-215
286
160
598
-41
219
136
-29
-47
-297
107
-235
-80
-101
-105
13
-183
8
-77
-182
54
-95
-148
-140
108
-60
386
-164
-100
-148
-359
9
55
372
-53
-416
-279
255
138
397
423
110
187
138
28
166
62
-336
-499
-208
-175
315
170
-327
29
561
-448
252
37
275
-113
1
107
-113
-37
-2
106
-138
445
-439
-263
159
-193
-27
-77
-179
-42
82
-110
-35
-35
293
-152
-557
-237
-207
-75
-22
1
35
497
87
-256
44
-128
-56
71
81
30
-103
-28
-20
-158
-111
-74
-285
114
237
-133
538
-196
36
3
192
-504
-200
-209
264
-191
-29
93
291
-198
-67
-96
225
50
-155
22
-32
-244
-25
210
-5
69
25
-124
43
-204
68
79
186
-67
81
-307
-21
238
-119
-82
228
179
170
291
113
1
197
-87
-23
-431
-300
-379
-37
-85
-41
-169
42
163
243
361
-107
363
-150
25
-44
2
-311
-137
-38
-173
155
-100
-241
169
-61
-205
-185
133
-660
38
61
-136
-48
24
88
-43
12
83
-138
-381
-250
11
26
140
68
38
-110
-195
-112
-200
-28
-32
267
-27
-138
-195
6
-94
194
234
-56
-175
-3
-184
-105
-29
132
115
97
-210
114
-18
-177
-190
-243
220
-18
53
-127
99
23
293
319
-146
223
80
-48
-44
-16
27
-66
-80
45
35
-253
185
-50
-103
-29
68
100
-6
-201
-268
205
-22
77
-239
471
192
249
84
-56
-322
-14
134
-45
-95
102
169
-271
-37
432
-400
-367
-77
99
205
219
33
63
-66
-153
58
162
-88
-135
-37
-10
-172
-274
196
-225
309
-304
174
31
148
277
90
521
-272
-319
-108
255
-116
92
187
287
201
-19
-250
142
-153
-159
369
-127
-174
-2
24
45
316
-246
308
-117
-238
-232
-203
5
38
-311
179
-62
104
34
-371
-279
25
-94
-3
108
-68
-62
-88
96
-1
157
138
525
-243
-45
297
-176
266
-93
147
28
-39
31
-179
173
-14
101
109
-140
54
-234
-133
287
148
325
-35
-238
169
6
-7
150
-190
191
273
-602
100
34
117
228
61
356
-159
253
253
-247
-146
-120
272
74
-189
-13
292
-21
40
257
333
100
42
40
92
66
139
113
-254
48
364
-298
-207
-50
-120
-35
610
-38
174
-267
133
-234
-114
73
-176
157
45
169
-223
30
-20
-10
97
-277
-233
153
-145
-200
-27
75
-305
-55
-49
135
13
-75
-27
-96
113
71
-33
-120
-65
-22
13
-11
-14
37
127
-101
-144
-378
144
-187
-257
81
68
168
-360
7
73
213
73
-253
-129
-140
-326
-178
-180
-301
42
241
-100
20
-160
64
27
93
226
-337
-103
143
-65
-204
224
108
-159
2
140
-75
129
61
15
-543
159
23
51
32
-77
146
-88
92
-430
-297
46
330
127
-186
-170
-249
152
99
-162
210
370
397
2
223
-47
-39
109
77
-267
-2
67
-73
-80
23
50
76
-155
-70
-160
54
-137
127
194
-124
329
-49
-8
-391
-6
51
100
-104
-189
-110
222
-335
-24
131
13
-435
253
-216
146
-216
-153
-79
40
-181
30
-235
-119
-6
-45
205
91
-167
-3
304
250
63
360
-21
-181
22
-187
344
-15
66
-112
-67
-309
-18
207
-42
76
55
82
18
-15
237
187
-93
42
-21
-166
119
-212
170
-45
223
-65
319
136
56
95
-24
196
51
-589
-251
271
67
232
-167
16
-25
-90
84
-90
231
-200
40
-44
6
-23
-91
-218
45
204
179
221
-93
-185
-124
-17
42
-1
50
-94
-276
-102
143
-238
-182
316
-220
411
-185
-347
-64
12
155
43
-393
-29
107
152
-260
-49
-119
89
56
-55
-222
-74
-148
-60
-172
-7
201
181
-6
54
-116
-119
-328
-13
13
100
-155
27
-175
112
-82
-269
-199
-169
80
21
-29
62
462
18
-327
3
-472
-39
202
-127
-48
-58
-160
-32
-99
-213
292
-106
-118
30
41
129
-274
28
-168
143
194
-247
-375
-7
45
-243
-185
252
1
7
264
124
-255
51
-95
126
173
59
87
36
-160
-49
266
168
-141
-243
14
-80
316
274
181
-135
86
133
-36
-49
123
-80
33
458
-254
-172
-96
-51
74
-345
187
-308
-404
208
194
-74
-100
-115
-205
-43
-392
66
345
170
-85
-413
-89
-26
-223
-95
82
-253
155
-206
-144
-41
126
-653
182
233
-69
-49
56
199
105
184
104
-209
191
-121
277
306
395
227
-39
33
64
-192
15
50
82
45
113
40
-417
77
-6
-153
-369
-40
-183
46
121
-138
-150
-27
-222
-343
341
-343
-312
119
109
31
349
-119
208
208
86
440
1
26
-100
86
-163
350
135
-183
-53
290
-110
-130
78
-207
41
35
105
-294
-110
206
-34
61
126
-94
280
283
252
-399
-254
-164
118
-209
-118
52
332
-237
212
83
-98
-235
241
67
126
-325
69
159
-44
-13
-84
-308
159
118
165
-179
187
-81
-519
-45
-150
-21
-334
-466
-49
465
-309
278
-189
46
384
-87
115
1
-108
96
26
-50
-66
21
-245
30
-76
85
-59
275
20
57
77
-21
47
132
-44
-94
62
109
-43
210
166
-26
-472
-320
-52
105
-182
-277
-339
-95
220
468
251
443
-123
288
-185
48
-240
-1
112
75
40
104
-233
167
-133
247
-298
-92
105
172
295
-65
-12
200
-156
312
231
44
-551
184
385
-203
-390
-89
-66
-135
142
-125
-85
-51
-55
357
144
85
-168
439
36
-326
393
-101
-221
-82
-242
-157
-49
54
141
4
-93
202
-322
53
-281
-216
275
-70
-35
52
-26
11
-121
-122
-127
-136
308
35
238
-494
115
-484
-144
434
-279
11
64
-85
79
75
-8
279
-33
144
138
-144
-157
-9
316
38
-330
-213
125
2
353
138
-75
263
21
-14
196
-12
172
-36
194
-174
33
-36
-79
197
-126
6
256
-123
-215
-63
-17
-22
349
222
2
112
-55
218
217
-47
-56
301
58
165
-98
154
-135
-201
62
324
68
367
-134
-148
94
-182
22
-396
-12
128
82
-5
27
-61
-98
339
-229
-54
-400
128
413
71
-210
-274
-166
9
-278
272
202
-74
-249
-152
-309
102
201
91
32
-275
-51
106
306
-8
-107
-212
-130
-227
160
240
41
-208
213
60
-150
10
211
108
39
-157
156
230
38
50
-142
3
9
100
191
154
270
-107
221
-350
155
-596
-133
-214
-155
-218
96
36
-217
-92
17
-196
-299
239
-74
324
-395
-176
150
-58
315
-264
64
-233
-295
206
-156
310
261
-160
95
94
-10
70
-42
-6
-153
14
376
80
134
54
-156
-61
-61
-257
-382
133
175
51
-179
121
158
19
322
106
-20
276
32
-260
16
-4
-70
-243
328
-233
-46
15
437
-186
462
207
377
103
-117
-382
8
-108
-205
16
-103
-63
89
-65
133
154
116
49
-94
409
-238
-11
-72
222
22
-143
43
-99
-154
106
-91
457
-165
222
32
145
-229
64
118
47
-263
-52
-76
-52
181
339
83
-62
113
339
293
275
-63
184
-21
-109
-297
215
184
-126
-161
297
286
202
361
-262
-48
138
-264
272
93
-309
-156
-150
-152
103
158
-33
-188
-127
134
61
145
-311
-2
-110
-156
356
-165
-50
20
-58
191
94
20
105
157
45
-13
-7
161
193
82
-144
-148
-215
-146
295
130
107
267
63
-57
77
-10
-248
-104
240
-85
-167
-69
181
-93
-396
-151
-54
182
-199
-156
514
22
26
-99
194
16
-296
-261
-198
178
-255
-47
-104
-63
-659
175
-265
-21
-75
25
-204
-101
-183
-153
-66
-303
-198
-101
-69
-112
135
-152
207
97
241
-232
-68
-190
172
-350
58
-274
-123
-22
-71
-51
-27
-166
369
151
-55
30
167
28
191
103
137
-127
160
-147
-229
267
-67
230
8
-151
148
-380
-33
-177
-320
-283
49
129
-111
2
86
255
73
-16
-244
-122
51
84
-143
165
-296
-168
26
280
279
-86
-22
117
9
150
-442
-98
114
74
512
87
279
93
-199
610
-2
139
-219
-417
37
-148
275
175
-205
-34
349
64
192
-175
-62
-376
406
198
-124
-109
137
82
-161
330
-81
-358
-138
89
129
-122
263
-153
113
-166
201
-201
-268
357
160
-88
70
-82
-121
-123
-80
39
-160
-172
271
-278
-138
-57
191
199
-147
301
106
392
-305
-191
-179
212
-47
19
-148
309
-61
-104
184
-388
356
156
221
111
-41
-441
192
-80
105
392
-362
-9
19
70
-61
218
-18
-82
210
91
203
-34
-249
114
35
82
153
117
226
302
-140
193
91
-215
5
-134
113
133
99
244
-526
-469
-135
167
-39
-227
-209
81
-369
-332
-95
-171
-67
-437
169
167
-139
120
-164
45
-198
-87
-167
-442
27
-37
98
234
-500
-201
-33
-163
-202
268
172
118
272
-268
9
436
-88
-457
-31
-555
-184
-57
172
-302
101
-153
137
306
-141
36
28
299
27
-390
-346
-317
308
242
-58
-80
318
-93
48
-303
277
-186
41
20
70
-47
239
-228
-275
-179
175
-391
65
-122
-73
-200
-78
208
-45
-194
262
75
36
-23
-204
304
179
-115
472
-136
-145
-357
254
213
-35
413
-83
-158
-110
-28
262
-324
118
244
222
438
35
77
311
78
-1
107
270
-13
55
-437
-171
45
28
-98
159
104
70
-219
-66
-345
179
-331
333
-87
128
65
272
-113
116
-140
-177
37
-87
-309
-19
6
87
51
31
-57
-35
-162
175
45
11
-204
65
162
98
195
106
-107
108
62
-156
-364
-235
98
-103
-16
-293
121
-205
-309
-90
165
303
-149
86
-719
-59
216
-286
-1
98
-85
208
89
98
72
72
156
109
330
-256
-235
177
284
250
60
359
138
212
-37
-72
23
41
133
12
20
-112
156
195
-176
-149
17
-28
-230
160
268
-189
281
-214
160
74
-100
23
-159
-164
-60
-204
114
-450
-137
58
216
24
-67
23
-53
-198
434
55
252
-93
-14
244
-306
177
-147
47
-26
-29
147
-74
-38
-119
267
-52
-215
-66
370
-10
-216
-268
288
-194
-67
-163
-452
-239
-115
-320
-99
-331
-309
97
151
-28
16
-26
-289
-382
303
-84
42
88
-41
-41
-365
177
-367
-315
102
-301
340
-213
-5
89
166
239
-174
-131
157
-139
27
-89
20
-207
85
107
-193
81
139
368
332
150
238
-67
-21
157
-34
-228
24
46
211
-179
-254
-156
-81
-245
-218
-291
140
92
-312
261
41
31
175
167
-174
-54
191
-306
314
-409
-135
99
354
176
-10
8
61
228
-73
336
-266
308
70
287
-231
-119
72
41
-191
-203
19
-155
54
-100
-35
-147
-169
-311
9
139
161
162
-25
-86
255
-19
-1
90
234
131
-222
-235
-306
46
-176
234
146
-168
-94
285
47
-327
386
215
-118
-159
3
3
63
2
-49
-35
-92
65
159
-451
128
334
103
88
62
53
-236
7
-348
175
114
268
27
272
-79
14
197
157
-154
-633
327
537
-6
-319
-112
349
-303
-142
5
209
-133
-197
-134
-200
23
-21
-81
129
-113
-64
92
-150
36
260
125
-173
90
-480
257
234
226
28
-199
219
-73
-444
1
139
224
-223
-153
-19
-261
-59
-126
201
-317
44
-397
-50
52
-53
118
-73
446
-241
-167
-104
24
252
111
47
-63
256
186
-204
-52
-98
84
251
118
106
-135
58
138
-13
125
-151
-102
-146
-44
331
-54
-100
-12
271
42
319
-82
15
-276
169
48
75
-338
-281
443
-424
-109
34
142
270
-411
-338
100
90
64
253
-333
301
169
511
-263
-95
-145
282
-429
-113
176
44
103
286
-30
-140
-25
30
-369
-365
186
182
368
-133
0
-342
1
-162
372
169
-200
212
259
20
57
176
-25
-72
137
290
52
-53
16
162
-211
-121
53
72
82
-71
-284
112
-229
62
368
38
-34
-75
176
42
17
131
-149
-168
-40
-88
66
-340
-84
79
140
-195
-505
-19
113
123
-258
-17
102
-20
-294
166
85
-365
102
361
202
-276
-381
-11
84
-201
-269
-226
-159
-135
-284
186
9
0
24
101
-238
236
242
-23
161
-271
-163
-150
-403
-246
286
66
-122
5
-3
75
-126
-69
39
-396
160
48
352
75
-462
279
-170
-78
-154
-145
568
399
-123
-181
131
-23
-115
-121
171
16
164
59
35
64
240
-7
-18
56
172
195
112
-113
29
-151
343
135
-127
-62
288
-130
-206
226
210
254
379
-131
324
-220
303
-169
-123
-215
-5
680
-171
80
177
184
71
-329
-93
303
-292
-86
513
-116
47
89
-447
-33
245
183
277
-180
-13
53
81
200
-15
3
-311
-45
-203
194
-94
-477
163
67
33
132
-48
-51
-247
183
-170
140
-12
-47
422
237
82
-134
50
-208
72
158
362
-172
149
-138
-231
38
-56
-67
-144
137
-33
54
231
-173
127
58
174
-116
115
-115
113
-130
-179
40
-151
171
159
176
83
160
-14
288
37
137
246
109
366
125
-19
89
86
-178
7
-8
55
-214
-109
-288
-228
40
2
310
-202
-222
-264
-285
-240
101
-265
-47
360
-47
-58
-52
85
240
-20
30
208
88
184
173
-22
-207
-208
-300
-19
-70
185
306
125
276
103
-268
152
238
-164
136
-80
-64
330
-306
-29
246
57
-36
293
-43
-74
-26
-8
304
-236
253
-174
-71
123
392
115
-409
-50
18
142
292
306
-80
-473
-120
76
-107
80
-616
-110
38
258
1
-205
-400
105
-232
29
-181
12
191
199
-101
-555
230
-59
79
-121
-23
220
149
-190
192
-296
-146
-44
136
-204
-45
-10
65
-175
-360
32
-128
269
-93
-345
-42
-321
156
273
-402
140
288
385
-124
-53
-60
-92
-239
-66
-311
197
-82
277
-272
119
-27
-154
-165
-80
-103
236
-271
-216
-49
28
-116
-64
180
-242
-297
10
-204
-159
316
27
-543
318
-17
3
104
14
114
-140
44
-68
141
122
128
147
-42
255
-181
-10
67
-15
-313
461
-74
-26
123
-170
-154
-92
-102
-113
23
-55
-212
284
-66
186
355
-169
-218
29
-34
-15
200
-351
-215
-4
-52
143
-251
-228
93
81
-255
-422
-98
-318
-546
264
-11
-132
-420
-25
139
266
-153
447
-180
350
264
297
101
0
-262
112
-24
-146
70
-40
-357
-95
207
-412
41
524
-222
-48
-365
278
-13
-93
251
-157
-42
25
119
52
-63
-199
64
188
53
-88
132
-48
-269
-169
-43
-143
156
198
-43
141
-274
84
-93
-18
-3
-27
-87
275
-60
-136
-232
-154
-5
-280
41
-61
93
9
-202
-377
-123
212
168
70
44
474
179
147
137
231
-83
108
-211
94
-43
-315
409
151
143
-159
-213
13
-252
-100
76
73
-252
333
345
125
28
-9
164
33
147
226
-58
195
35
-12
176
-251
-10
84
48
-52
201
62
-22
294
-249
158
-22
88
-231
-179
94
-132
-198
-55
102
3
-95
434
-206
-80
17
252
-263
-188
-7
215
96
-22
16
-125
-13
-328
68
-54
-156
154
-172
-167
-317
179
150
4
208
-150
-293
-276
-281
689
70
-23
-73
-33
233
24
521
-202
225
3
-204
-241
112
240
-487
-51
-414
-61
-332
9
138
-85
81
-21
-202
-333
-52
75
92
57
434
-162
258
72
73
269
18
-30
262
44
-138
-73
-132
11
-74
278
113
-175
389
-57
192
48
90
-440
-294
-256
39
65
300
110
-120
-310
37
-173
-386
33
-32
352
37
391
106
63
-254
-181
56
263
181
57
-574
287
-5
178
183
-282
416
2
-254
24
209
-346
56
-304
-342
-183
89
-37
-219
-133
-178
48
15
-194
571
269
205
370
159
350
135
230
371
-281
74
-46
262
202
-244
-13
39
-96
-213
123
-218
182
-130
29
-39
116
386
80
-127
-52
-14
374
291
-65
89
359
-193
47
35
-174
-63
243
-92
240
81
-36
-212
331
-133
-215
-42
-145
127
-12
-345
254
75
162
224
-263
-443
48
315
200
-77
-194
-97
319
310
-82
-126
-219
158
-121
-178
100
-73
-1
-397
-99
-445
-190
-14
6
-49
82
73
5
250
109
-147
-135
-404
-259
137
28
-16
-43
-14
-465
9
-36
-68
330
89
-106
222
360
334
-210
2
259
263
-206
184
-261
-192
-120
212
35
54
-7
-140
-100
131
105
-396
-266
362
-229
-56
225
-206
13
135
86
-11
-284
-481
252
157
-23
-27
-115
-23
14
-47
-350
-450
94
236
-122
-100
-162
148
-124
-183
39
-140
449
282
-21
214
-18
157
124
226
112
226
-201
8
-283
174
60
-105
-68
-143
237
-36
3
109
-54
-93
125
-147
142
-313
62
-63
-148
-238
38
280
-147
3
-380
-371
215
512
-97
36
-21
178
-437
-102
165
20
24
103
15
-63
139
8
-40
217
-231
-222
-102
-14
146
-163
-298
-176
-29
38
-92
-36
-95
2
-55
204
18
-452
213
94
94
-166
160
129
165
383
-109
-5
-51
-12
71
-28
-545
-39
-154
160
370
51
160
347
-36
126
155
126
-62
82
111
-167
238
37
476
-264
72
236
80
-230
-143
14
-84
-241
-190
155
-287
-76
-158
335
-90
311
-250
-16
-67
-26
-149
-22
-23
104
-10
-22
107
-246
-533
188
-105
-20
-89
-351
106
190
212
239
56
-59
-56
126
-44
148
-253
-59
6
129
-542
74
30
-149
-167
-58
46
-1
-170
-105
-278
206
-169
-257
-154
-170
-155
-264
65
-362
-65
-189
217
-88
168
442
-447
49
-162
-69
-121
176
-206
73
-350
31
-218
224
-65
-254
-57
170
168
-17
35
-239
280
-13
2
80
-96
-18
-309
22
-107
-163
65
-150
-15
34
56
-128
-173
-91
-15
191
-210
-374
197
111
43
-178
-73
-157
116
-316
10
300
197
-12
-107
109
220
117
-133
306
-134
18
51
258
301
-58
-124
198
139
-265
-71
172
152
308
-23
-165
36
95
-280
101
-148
-8
-175
116
-216
-13
-166
29
-109
352
177
-226
52
322
-111
-261
-104
-17
-99
-120
-420
-13
21
-44
120
-2
171
-108
340
-167
117
421
338
107
-149
-242
115
38
285
142
212
576
-181
352
-183
-264
169
68
37
92
262
416
176
-17
18
155
5
94
-215
-317
108
228
-173
-10
48
280
-80
340
56
496
-6
354
-338
-82
279
97
106
-23
14
-135
180
0
-135
-111
112
357
-60
-19
343
-176
22
-49
-42
-28
-74
-24
88
-76
410
112
-190
-140
394
209
-98
-68
29
-317
-4
217
201
-104
-37
-67
210
-378
15
-441
15
-61
11
-285
94
218
16
-172
190
-188
-81
-153
-357
-129
-530
100
22
-10
-341
-439
95
322
178
426
188
-228
73
43
26
284
-41
172
434
6
-257
336
153
-164
-160
232
323
515
-186
-265
28
-61
235
61
-266
-254
-30
38
100
18
315
127
44
-103
339
155
-382
-103
212
412
147
270
115
150
188
98
93
59
198
81
-293
349
14
-279
440
-17
-112
-166
-58
8
281
296
-119
-131
-139
-169
53
52
-211
-222
-89
82
-155
-405
278
174
-229
-168
103
148
71
-14
178
106
214
-126
-291
-116
436
-257
-128
215
161
207
-160
-232
255
190
16
19
-370
-64
-46
257
-351
-75
-349
86
52
-24
123
-160
-56
58
-56
380
-11
-273
67
-28
60
-32
54
28
-102
172
-26
-82
92
262
-24
-333
-14
119
-50
178
96
-273
309
-114
-10
154
-113
-17
-51
67
32
117
-209
-31
-100
28
-127
116
-97
-72
-315
49
138
-55
-227
-347
-2
73
160
22
64
-262
272
-77
-215
-349
176
254
331
193
-133
66
-132
67
123
-353
199
-17
-54
116
38
-23
62
-317
347
260
163
-242
-94
78
141
225
-76
345
-119
236
-13
-138
273
160
276
133
-213
-284
18
311
0
-12
530
-118
341
-149
-30
43
243
-455
378
-148
145
-54
-98
14
-121
21
67
-191
3
-404
-81
-220
-134
-317
34
-102
302
-231
-5
-14
-163
87
-163
230
-196
204
-97
288
216
301
266
168
-73
-148
263
-78
95
-109
-301
304
35
231
208
-55
-447
-36
-9
-131
3
35
141
517
-61
-57
-174
281
-204
-81
43
175
-60
223
72
-146
326
-224
116
327
213
-205
-27
52
81
53
88
-32
-139
-84
-54
-175
13
-179
-175
-6
-32
272
181
103
40
-121
232
225
-238
114
-10
-96
-205
49
-240
-308
-57
49
-43
30
225
-61
-297
93
222
-214
101
-43
-77
-509
178
-141
73
6
-37
96
-6
-84
76
329
180
-187
-50
244
69
-66
-290
300
277
24
-95
-350
141
-83
37
-3
58
-37
-141
139
-78
120
-52
55
26
-107
-215
132
65
-440
59
166
47
-162
-121
29
-231
-303
30
327
13
-34
172
112
-107
-138
45
124
-65
-333
24
196
-166
-166
-211
92
-34
-38
-46
60
-149
-191
74
402
45
-442
-135
-169
25
-90
-209
69
171
386
-225
318
-29
443
-162
-332
28
-28
-165
22
469
143
-118
-291
-185
-43
-74
-153
98
41
-82
42
195
-87
73
-37
38
-5
331
-144
60
80
84
-5
-65
-249
-279
-15
235
-27
249
-359
139
286
294
-85
265
-30
259
89
-10
50
193
-4
139
-19
95
-9
-346
-88
184
265
193
-57
-18
182
-111
-14
-120
-170
-8
-57
96
65
69
-85
106
-324
-169
112
260
81
142
188
-409
-89
-157
234
105
104
402
-308
-400
-136
39
152
-143
340
-79
-98
178
7
97
-69
102
-549
-38
459
9
495
194
74
-11
-183
305
-34
416
-152
416
-49
171
190
158
18
85
-80
-52
-19
2
174
-348
16
-255
223
-287
-290
-48
-58
143
44
-135
32
-49
56
246
-26
238
50
-315
-151
366
-334
-49
-68
-8
543
-304
-134
212
-11
301
216
-96
-27
42
-251
-264
211
63
61
405
-400
122
-193
-188
165
-17
-63
274
-98
34
170
-243
82
146
91
129
127
-132
18
6
47
63
-11
284
240
-85
-204
217
43
94
-155
66
174
149
50
-65
204
266
-90
-238
-214
-393
40
-81
-465
-203
-19
-129
165
282
-186
-11
303
-26
124
170
-116
-83
-154
85
-267
-50
471
140
67
118
-3
-189
-25
149
444
-63
278
245
385
-262
841
71
266
-79
-148
295
88
41
156
-415
31
-2
189
-66
64
111
406
-387
-305
88
41
156
-100
167
-483
-171
268
-71
-263
214
-71
-1
195
33
-117
-46
-125
2
-179
-220
-105
223
561
-104
82
310
-357
122
205
-24
-96
-68
-176
312
189
67
240
-15
184
67
-47
18
-166
119
137
271
-197
-35
25
511
-251
-8
-317
166
10
-155
99
378
59
-373
37
370
194
-426
184
290
169
199
146
227
150
55
-98
-3
76
-206
-174
104
-83
10
1
273
-168
163
1
-157
-7
192
317
-214
-169
212
24
170
-74
-275
-136
-476
288
176
-35
-482
-155
166
-95
-58
19
-196
526
427
72
-299
285
93
-318
134
0
590
120
186
-160
49
475
-342
-338
176
119
-127
-261
191
-32
65
-205
-64
-258
-138
-6
80
231
-191
285
-107
-196
-104
-154
-166
136
8
-176
-204
-205
449
218
-89
311
-102
101
92
60
0
65
-176
370
106
-167
-9
-96
-77
232
-142
322
-270
-76
-127
137
-87
-54
-55
-37
-60
-107
-283
-74
108
112
268
-413
-42
-97
159
165
84
-14
-96
-355
-84
-43
-177
-53
-257
-6
-113
108
-23
-175
274
591
221
25
79
319
-87
-13
-233
-135
181
96
-89
39
107
-27
-62
215
168
-121
-90
5
202
125
-153
-288
-177
148
-221
-192
-316
-292
13
-166
410
-104
44
-67
200
180
-287
27
-166
-65
-259
9
275
38
-66
-460
-440
488
12
116
35
-49
-192
-177
-141
286
35
198
-13
-92
261
-48
-69
340
215
-95
-139
67
-20
382
363
141
-15
303
-41
-208
-69
146
-190
171
774
-319
-150
174
52
-9
-98
56
-67
-133
32
-67
-417
-55
-9
-192
-311
292
396
38
-68
61
-48
343
64
-111
-135
62
200
-138
-256
172
334
56
-243
-68
359
-3
-369
-140
-142
-375
-13
72
-56
115
-282
269
108
-107
216
334
332
-258
-110
132
110
-336
-279
-108
166
-316
-169
267
90
-183
19
-71
-198
119
-100
59
-41
85
-152
-178
-211
90
283
-273
323
-112
149
159
-267
-193
66
-125
82
-204
335
-31
89
224
22
-163
-313
-163
195
-378
-10
-162
64
-197
191
402
124
85
-85
-74
65
-195
99
8
32
-175
299
-98
111
-3
-235
-241
-396
28
71
188
38
46
-32
-236
-42
468
163
203
-222
66
-420
78
-355
250
101
11
249
-3
-148
-298
-24
165
49
-11
-91
47
17
-174
102
34
-70
-128
-105
-93
194
-189
400
-127
185
131
-377
205
-23
-115
205
-176
97
-246
-86
-313
104
81
-296
3
167
6
151
-7
73
-303
103
324
-166
-378
-90
66
54
116
10
-70
139
-288
-52
38
-2
-398
147
-501
-515
-54
190
-327
401
60
-380
48
267
-287
-189
41
347
-274
23
-24
138
97
25
-92
157
253
153
299
-77
-62
178
8
104
-213
-300
40
-131
59
2
302
27
-288
203
-204
-70
-167
51
-206
126
-169
-133
76
-151
-25
-23
-92
265
-342
-48
-78
-148
-257
-307
-116
-282
62
-24
316
59
-301
-115
177
-153
239
-9
7
-32
97
212
401
-123
257
45
-312
358
-2
116
51
-188
-224
-285
227
93
-228
393
14
98
-283
-41
-12
95
31
-108
-63
93
-98
-132
-108
236
196
218
-64
-38
-105
32
145
208
101
46
-74
133
-140
-95
-2
21
-1
514
-110
-301
-165
429
63
-38
-315
-94
-119
40
-218
275
-124
-159
203
-8
-401
-30
425
446
-98
74
-71
51
-94
398
114
189
-82
62
128
298
165
-34
364
102
292
-27
-150
3
100
-66
304
-106
171
-311
-165
126
-214
-35
-386
-26
37
69
35
129
-200
372
498
98
108
-73
-130
-66
116
-240
-38
144
-260
92
-158
-103
-162
-143
27
-169
212
47
-84
71
-42
-10
-97
190
-96
-77
-15
149
-213
-113
-14
-368
-28
14
-102
-114
83
91
-174
311
-339
244
-106
191
79
-16
-472
-3
101
-25
224
-168
218
-257
373
148
77
-86
91
220
175
216
-260
173
-206
432
-178
99
-317
27
28
20
141
3
-409
174
509
62
47
-20
287
-120
-255
325
235
-223
-205
207
-407
122
336
98
43
-33
2
-58
30
316
98
-122
18
253
81
162
62
578
-226
64
104
192
-35
15
-76
241
32
20
89
-446
-142
-310
123
275
-268
205
457
77
20
19
-206
136
140
319
59
-194
-164
-405
-289
146
-140
350
-11
171
-102
-41
-83
-157
-151
33
-85
-135
-200
-56
-59
163
-79
49
268
-308
164
-139
205
-11
83
85
-365
569
306
409
-106
60
141
37
256
112
251
92
-16
46
-150
-305
137
-19
-179
-434
383
-131
-67
254
-60
212
-45
108
61
78
-209
273
22
-275
169
-143
-269
-174
-270
289
-143
-142
267
247
-6
-177
132
134
40
-40
-50
-191
-164
-172
405
106
120
469
-35
93
415
-58
-76
-3
109
-237
-161
165
69
-145
176
243
-102
-506
108
-103
-96
-352
-108
-61
84
-44
-30
-196
1
-186
-414
-17
-113
-186
85
-81
-139
204
317
-17
-262
203
8
-82
-140
-181
-155
269
-261
169
88
-33
-392
360
-74
-105
-116
-58
78
18
45
61
164
-19
417
-96
265
-95
47
291
256
-201
209
13
55
152
-272
45
-253
-237
8
17
196
246
120
-87
-69
-124
106
-19
-140
-228
-54
122
-234
110
-478
-415
-2
232
-184
-165
-167
206
281
-80
343
-152
399
-202
174
-205
-135
-336
-101
28
-120
228
166
45
113
250
58
152
-505
16
269
-245
-290
-170
-49
-148
35
-151
139
-302
-32
-154
-16
-42
-6
226
-34
68
169
-225
3
51
-275
-212
-44
-9
-353
-142
221
324
-249
-391
-195
73
60
297
-178
204
99
-81
-38
-59
-10
-157
22
142
116
13
79
0
-198
20
-372
-141
155
47
301
-135
362
-61
116
212
-36
15
528
212
-132
73
311
-324
-164
171
-18
-571
-52
-66
311
-431
215
6
-238
50
135
408
-161
86
-185
-139
37
134
20
-38
-297
111
-207
242
32
86
66
419
-154
-69
66
223
-131
93
43
-165
-284
-29
154
-147
-175
-436
73
0
-97
151
-70
281
81
117
-147
512
-186
9
-322
114
177
297
-351
184
-403
-314
132
-59
-195
32
289
-21
-342
61
-68
-123
-96
208
-245
199
-220
424
-41
-150
-274
-201
219
208
-35
101
-155
-162
-174
259
-100
-345
-193
72
47
-54
-277
139
79
-251
-73
160
-138
-186
21
-179
-74
137
53
240
-184
-362
-36
-326
-177
89
-57
25
-216
-125
-135
-255
65
-206
-49
445
-51
-93
258
-417
-25
-157
-126
175
-20
-144
15
128
36
15
-192
36
-80
260
-9
63
388
84
-105
-171
-6
297
-324
-251
161
-344
35
196
168
-118
64
128
44
187
-35
259
-98
137
-87
-185
-223
249
-26
138
269
192
-277
114
118
36
-23
-287
-104
245
154
244
178
88
535
244
300
1
203
170
-114
-4
-7
-177
-311
137
61
451
3
0
-72
-97
-117
22
206
-106
115
-48
76
-167
47
65
1
373
231
-212
20
-252
-79
-83
220
-27
173
-70
-642
-468
12
-81
31
-228
-160
46
68
-78
-388
-394
1
125
-79
75
-8
-267
-32
147
-1
46
-18
65
-100
-89
-70
-137
307
-209
44
228
16
-100
-291
-356
252
-8
16
83
14
2
180
218
239
241
-9
-57
-29
-83
-5
163
13
128
0
-237
51
173
212
29
329
240
92
-322
188
37
13
38
94
409
118
125
49
-135
-166
-206
-91
-17
-464
7
10
23
106
97
227
-73
255
-116
-78
-262
277
278
-203
-194
195
-242
-343
74
147
317
70
-190
-396
64
232
245
-91
160
35
41
-127
-16
-268
384
-132
-61
207
-38
184
-220
119
-110
294
186
17
235
121
-10
-3
-91
85
15
157
-316
-57
99
140
-86
-38
-67
242
-90
-45
143
183
-39
72
312
-222
-50
-189
33
134
133
484
112
-244
95
-148
468
-181
-163
305
9
-272
90
121
-135
4
47
-91
-215
141
-117
-159
-90
297
153
163
-35
230
208
-183
41
114
-123
115
-17
-101
-35
-271
213
-173
146
275
100
-14
-113
-211
245
119
-9
-222
-58
464
-42
79
-52
66
180
68
-553
46
-128
-4
-25
52
96
184
149
-231
-216
-160
197
-9
369
359
224
190
-48
103
-105
178
-236
-83
86
-222
-128
-332
-179
89
-65
-119
-221
-249
41
-4
59
-154
348
37
-179
-56
168
-237
44
120
-139
419
19
-201
-179
-115
469
-109
58
-323
-35
-212
-191
-87
268
-146
-144
239
-2
115
12
-153
199
34
-88
-273
109
38
-227
47
203
50
-241
52
80
-89
204
-110
161
-155
30
-283
-144
-23
-95
-160
-89
310
452
206
-1
118
-95
182
-92
34
305
-174
100
146
-96
-25
147
-193
-79
392
101
309
42
-138
-111
256
125
-34
-242
471
287
32
129
-115
253
-377
-212
-12
179
9
222
-207
-192
99
67
148
-150
-49
276
-24
-82
-49
-144
-97
-135
51
190
-191
-67
241
207
103
107
-273
-200
338
-164
-251
19
-53
301
-64
66
-120
-249
20
29
130
2
54
269
59
-45
81
-41
-54
-112
283
-135
-83
-112
-93
285
58
0
110
24
-215
290
75
-63
46
-113
-143
-54
-174
-110
-345
-144
-540
179
215
69
-110
143
86
-311
-330
108
114
-155
3
276
240
89
39
63
-40
-61
-93
23
148
-279
239
-164
285
184
-126
96
40
-219
93
206
29
-226
172
410
128
202
158
-426
187
253
-13
-169
45
-383
-78
183
-15
244
90
-193
-202
-108
462
-51
-34
315
-12
137
7
451
80
182
-266
165
61
8
133
-24
-442
85
-427
-249
99
33
-215
-36
-3
-237
108
-54
316
26
-190
249
13
-99
-429
175
-232
173
152
-237
220
-264
-8
271
254
-217
62
41
29
81
168
310
-152
69
-223
153
218
-5
-39
66
-147
39
1
159
37
29
-177
319
-300
-128
-124
-198
-13
-92
-42
-135
281
-17
-239
90
-1
37
-307
-137
260
-381
62
256
-212
-304
-336
-183
20
-58
174
57
-188
37
32
308
-56
-377
-292
299
-328
249
213
-220
-58
-7
466
83
-53
463
74
-156
121
105
-105
-238
-5
-38
-20
-135
-13
-78
203
-143
58
-29
-13
-227
-22
-182
-307
-54
-157
283
-83
85
-335
-322
352
-148
78
-190
236
170
-582
-407
216
68
22
-13
-108
-68
294
57
-187
-13
-96
-182
-79
-181
-155
-90
-310
67
-213
-122
54
-81
357
281
-178
-200
-274
-155
-259
98
-158
-79
-65
-313
287
141
-110
82
-1
14
-78
-216
-74
-182
-275
-186
69
-116
79
-107
60
-123
68
129
227
19
-260
143
-181
250
-17
-176
142
354
337
-248
-125
5
161
-460
6
136
-83
-184
-123
-249
165
219
-450
-167
322
145
-13
-11
185
17
62
209
206
41
271
-17
131
77
0
150
-178
81
-292
-65
-238
-2
74
108
-61
-390
-148
42
-383
34
-165
189
48
53
-165
242
208
-33
-252
-20
202
-447
-97
7
236
55
-6
537
-98
83
151
-198
-180
-45
-212
-236
-20
-76
-339
91
-116
-47
-120
23
-118
116
169
-72
-49
-302
-161
254
-80
70
-8
-310
223
-65
-457
-161
-127
-112
-219
-87
88
293
63
52
10
-60
-92
-43
365
-153
71
-173
109
-49
-285
236
-117
1
-119
-229
94
12
476
10
-189
263
-143
-151
10
11
399
-98
-33
361
7
-238
-367
-46
361
51
-142
189
-171
-98
-181
-77
147
54
330
-241
-20
-27
9
-103
-491
-124
0
173
233
142
69
79
-40
-206
247
154
154
47
67
-46
-245
-190
-133
119
344
405
-276
-131
31
-22
-69
343
-233
-259
45
-93
214
-64
157
123
253
-412
294
-88
31
319
31
-12
198
301
-3
278
-10
-35
-372
-180
81
-14
-175
-186
34
-213
52
147
18
-211
232
43
184
-216
-45
306
470
-135
237
-218
61
-49
86
14
-145
39
-266
-52
81
-349
-548
228
221
12
-197
-49
60
97
158
8
191
148
344
20
-41
254
143
-146
33
193
111
-80
38
262
366
3
-364
85
5
80
-118
-242
-65
-434
-109
77
-189
66
1
-21
111
307
-47
-61
-232
170
187
-99
-190
-149
-83
269
387
164
134
-76
-218
-33
215
23
-108
-25
-297
-251
-213
-270
66
180
-155
94
-15
-19
-81
-135
346
-396
332
-206
-59
36
-17
-241
-147
-126
386
0
154
54
-32
19
-203
-413
180
269
50
145
-565
267
-80
225
-106
-147
141
119
-52
350
39
283
-91
-168
-191
-147
-230
327
432
63
-220
263
417
124
191
-172
437
-108
-3
23
193
183
193
226
187
-105
-307
-55
-280
287
467
163
-50
-51
-194
-181
262
112
-5
-62
-13
-35
-125
-523
-172
42
402
-268
-16
-188
29
128
127
345
-223
441
263
-85
-21
91
84
30
72
-365
68
-202
116
38
242
-270
142
-245
-265
-215
201
-403
-301
-27
259
153
91
-170
-196
-103
166
90
95
-132
-28
-98
86
-74
-306
129
-33
181
-121
-497
146
248
-105
181
-423
14
241
-159
312
-221
83
107
113
171
-56
-299
227
-160
-98
2
208
9
-90
-53
128
260
-205
-207
121
91
321
-37
-47
70
320
176
258
104
-208
-104
-280
-77
216
-38
-6
-55
81
-147
-248
13
-137
-41
-165
179
38
-205
-65
-222
-242
290
-127
205
-68
24
-178
43
42
-194
-57
-134
-139
-237
-143
-155
119
333
-84
-235
53
228
-53
-171
283
259
147
-273
-42
-64
-121
-13
72
176
-94
164
-103
298
-125
-3
342
-207
-281
453
-71
27
-54
-135
-212
55
-25
-134
145
-67
209
-82
212
-212
143
30
-89
62
12
-177
244
84
-53
-139
45
-246
263
-67
287
306
-319
320
207
25
-347
519
35
9
-104
211
236
-209
-56
-87
-14
-193
47
-106
-165
179
7
-73
135
-120
61
190
335
-10
-58
118
87
23
220
105
297
-76
-495
75
-22
-70
292
-100
-315
328
99
-291
79
192
68
66
-20
110
9
183
113
137
-36
448
-95
5
338
20
312
-22
-160
26
-187
-194
-103
62
-221
-173
-24
-19
-350
14
-103
9
289
73
-116
223
-123
-143
406
-31
191
7
194
-44
-117
-115
170
276
-61
65
-221
22
88
188
332
442
-159
102
-162
111
-3
-10
-185
-161
60
261
79
-137
483
8
223
-2
-150
62
234
274
211
-34
-194
-72
73
-303
26
137
-291
-253
-83
-104
-45
-49
16
317
203
143
-206
-123
-374
-117
-48
173
-323
40
220
294
-215
-171
72
395
407
64
114
-240
290
-31
221
216
137
276
-252
58
-290
158
109
71
-114
135
-9
-168
219
-48
-163
36
-303
-51
260
-163
-204
-49
214
-111
292
-22
77
141
-84
11
-269
283
87
118
-179
-65
-346
-211
-135
324
-27
-214
-136
-45
549
-98
13
15
-52
-194
269
-31
158
320
105
65
-106
192
117
426
-131
-161
175
103
-87
264
-131
441
131
-179
-518
200
-89
-107
-108
-26
51
235
41
-203
-107
115
-48
162
143
158
142
-90
-124
218
116
59
-170
25
42
-181
170
331
14
-35
68
58
-116
96
-91
-212
-39
-38
-204
-39
46
-88
-25
-150
420
16
-128
-237
-568
-202
125
-19
196
61
86
9
-364
-337
145
150
271
-217
-293
12
314
246
112
62
28
208
138
-50
-111
-260
-3
284
57
219
211
-100
149
375
-178
463
-119
-196
35
-217
197
119
351
106
-167
-49
-42
-95
29
379
-6
40
379
-199
204
-30
208
34
-270
96
183
-276
31
40
245
209
-265
54
-85
41
197
329
-430
26
-10
76
-183
25
-64
13
187
-279
-364
211
336
-78
-128
57
-40
55
250
-54
79
574
-53
43
-74
99
28
183
-46
-211
284
153
365
220
329
-168
-2
-252
188
52
-453
-46
-149
151
46
-76
-42
276
-147
82
252
426
385
-79
105
-9
287
-270
-276
48
101
99
-50
111
-233
422
-310
-81
157
-65
52
381
-4
-28
12
-168
-100
-622
149
13
-163
55
35
-157
46
50
-156
74
38
-134
-193
-221
-118
489
107
335
-605
184
-61
-29
-320
96
-57
207
6
222
-233
466
-25
-140
41
184
-27
-236
4
-149
-315
131
-361
73
197
2
84
-148
-105
152
-59
-240
-71
13
-24
-140
185
197
-125
-211
-104
-144
113
120
-38
295
151
37
-196
59
-23
-283
24
-424
-14
-79
-183
-294
233
-156
-34
-115
182
129
560
27
-144
-141
-28
-60
38
206
-298
124
354
-50
-85
176
-114
468
-165
-224
-109
200
79
-141
64
151
96
-60
-258
150
-114
253
-255
122
-364
414
140
-66
199
-24
333
235
-96
23
-42
62
-359
-80
101
-13
-23
50
83
286
189
198
-219
-580
-62
232
-222
-166
333
408
11
276
120
126
384
-130
111
338
-351
-43
-5
-92
-80
-151
-428
-135
-174
-156
-4
-218
-177
213
-148
-69
249
197
66
172
455
-251
-27
51
125
-15
395
163
132
212
238
-72
-257
-630
50
-87
260
-61
-17
-170
-192
42
-57
-128
-115
73
57
184
-6
-206
-198
-141
45
-31
154
-240
-171
-76
-85
-376
124
173
3
-96
-170
-102
53
-40
197
-60
320
-309
227
252
23
-298
-156
301
259
-39
-189
27
133
289
-47
-9
-113
-165
-73
51
-296
-259
10
399
401
304
91
-14
-19
-193
-78
-55
19
-165
52
126
160
-23
32
114
21
-126
-106
288
-60
126
247
-56
-190
140
-100
189
-290
98
22
-92
37
-161
200
98
70
48
115
41
-24
-68
-354
547
-145
88
-170
350
-33
-398
-210
-28
53
269
3
75
161
100
60
-108
-110
5
173
-130
109
215
96
-359
-7
-143
-103
106
143
-11
-375
-100
114
41
115
173
-76
-60
88
-333
-221
111
20
26
282
-29
450
-55
50
-102
-32
235
-99
92
-10
-245
274
292
122
-166
-165
-38
-345
-273
-47
131
114
-185
199
73
364
34
370
-49
-420
29
125
-235
-62
-92
-6
-251
-108
66
-149
-179
217
176
128
244
232
54
140
-150
228
-295
226
-204
282
135
108
158
151
-88
-245
-53
26
322
240
-106
-124
75
264
-228
-237
270
-220
-101
223
-51
-63
309
140
-133
-179
-223
-278
108
-95
24
69
-377
57
68
-36
-286
-105
182
-927
432
97
155
69
242
128
-165
-106
-88
483
74
228
-153
-200
-379
-180
-85
366
8
108
167
10
224
193
215
278
14
66
-18
-323
-142
62
541
-391
47
135
-341
93
