16 64 225
0 0
0 1
0 4
0 5
0 6
0 10
0 14
1 0
1 8
1 12
1 15
2 0
2 3
2 7
2 12
3 0
3 3
3 5
3 7
3 14
4 1
4 4
4 8
4 10
4 11
4 15
5 8
5 9
5 10
6 1
6 7
6 10
6 15
7 9
7 10
8 3
8 14
9 1
9 8
9 15
10 4
10 6
10 7
11 4
11 5
11 9
11 10
11 13
12 0
12 1
12 6
12 8
13 9
13 14
13 15
14 8
14 9
14 11
15 1
15 6
15 9
15 10
15 13
15 14
3
63
32
13
35
22
61
51
17
11
44
33
15
24
48
46
30
59
60
27
31
16
49
29
55
57
7
47
52
1
40
20
2
42
43
19
10
58
25
56
14
38
53
45
36
50
6
37
34
4
5
0
23
62
39
26
12
9
21
8
41
18
28
54
221
-523
169
235
133
133
-55
112
295
-131
-275
315
-91
8
12
91
273
-94
159
205
-83
187
-91
31
18
67
269
-80
-126
-43
-457
23
-185
-254
-166
-66
152
192
-40
442
525
137
130
129
140
191
-516
-304
-29
347
496
242
320
271
-96
-277
162
-358
-346
-51
-325
-291
224
301
113
293
-4
-175
82
-287
-112
128
203
-271
70
112
357
156
128
-69
265
-90
-199
70
48
227
21
-42
-155
45
196
-112
-349
574
-45
-66
410
-128
-224
-122
-41
-488
-220
-437
41
113
293
-121
217
13
21
-419
63
523
-99
-54
-40
-224
-278
89
-3
132
-364
205
493
-326
269
-174
190
-81
353
57
21
131
-149
-119
-22
79
243
228
-5
-79
86
-274
114
-95
279
-300
309
145
-27
129
68
-41
-326
150
-78
-38
452
376
412
590
36
-138
424
120
64
-680
9
228
-382
-13
-101
-287
307
26
-387
-73
-16
70
139
-251
-288
-225
-43
184
-96
-72
165
-84
-169
152
16
-293
-27
-48
152
-293
102
102
227
-12
212
-29
391
-236
-310
218
14
115
34
-65
-71
-507
-372
199
-136
307
53
172
-127
5
-156
-373
56
374
-131
-11
-93
61
63
-43
-117
-310
55
224
-25
538
279
212
235
-69
125
-234
280
-6
249
146
57
-87
-574
-239
-180
196
10
450
273
190
-31
-238
-113
-400
443
424
-111
94
68
-318
323
114
-170
323
108
404
34
-77
299
-159
81
-36
111
401
203
-380
86
-126
-397
-75
-94
88
-45
53
-338
390
514
28
49
-63
-310
251
609
-278
42
-196
-25
-22
197
159
178
107
18
-72
66
254
-114
-449
201
76
-35
-351
-9
59
35
-83
247
-343
192
596
206
53
-273
28
339
-91
-153
-32
150
-168
-238
-299
319
-136
244
122
-46
222
-106
224
-64
-246
27
0
506
-252
-224
89
-102
-4
-152
-118
-133
8
-9
-54
241
-32
342
-333
267
147
-80
56
138
46
267
148
114
-386
-55
126
-263
188
480
106
-263
-136
-297
-207
90
122
288
102
506
64
-295
204
-32
-330
-35
464
-394
-217
-80
-207
24
-94
334
103
229
-22
226
-571
67
-203
-69
104
72
-131
-400
-262
-103
25
-619
119
-81
-328
-188
67
-408
-13
352
-104
-197
125
49
-307
-198
399
183
133
-151
513
-132
-210
-375
-162
-136
78
-21
-89
331
325
-27
-269
151
-195
-162
192
-86
-26
45
315
-106
94
474
-20
185
220
114
158
224
295
-19
89
170
170
72
-330
42
-61
-427
-39
129
-62
269
53
-80
461
111
-133
-461
-37
284
283
52
500
374
84
-253
-268
-314
-168
192
-281
-349
72
125
-129
588
-70
253
103
-53
198
0
-41
217
-31
8
220
181
81
-287
-115
-253
-424
297
2
-92
300
9
440
209
-275
-143
184
-343
-87
-233
-5
-115
50
115
532
23
172
-190
-110
274
-390
80
-192
-71
-80
101
-59
136
-7
-98
-61
316
59
-83
-395
-508
299
422
-334
-490
-419
-253
-481
60
15
-513
102
251
-130
39
-477
-561
-188
501
-235
-51
-208
-300
-249
100
163
334
60
132
183
66
163
87
54
113
316
-38
229
-218
251
-183
-241
102
198
236
117
115
87
209
-126
-260
-482
-90
-264
-251
-244
-21
220
-140
40
-176
524
111
-102
-100
-304
-87
363
-254
45
134
-274
-24
-23
179
-106
195
99
-438
-56
-87
49
-129
448
-350
39
-61
336
393
106
-162
227
-221
494
175
-99
-18
314
-248
-57
206
-554
49
213
-284
-168
-535
-44
235
26
69
-195
161
141
-125
-237
-293
543
-463
187
-168
-30
15
-8
60
-29
51
308
-17
-302
190
-588
-320
-321
-426
179
496
-252
86
372
99
100
193
72
64
235
130
327
-142
182
-114
-272
6
-32
-296
32
-246
2
253
-37
108
154
-361
-329
212
473
-313
145
-69
273
96
-270
61
189
-481
125
129
-332
-273
-329
-59
-177
-215
-7
-215
341
-315
93
-438
-14
251
52
-293
71
-277
-182
-348
121
-89
-14
-227
-362
73
-68
67
-225
-169
125
293
-225
35
-11
-139
-202
75
-86
-20
349
-6
54
118
-286
-30
-199
73
226
128
-370
-391
-10
-343
456
221
-47
155
89
-229
88
-107
-51
-49
-271
25
57
-166
255
-173
-331
-84
104
75
242
126
183
252
84
198
-516
418
57
-241
147
76
-85
211
144
185
96
144
365
90
139
113
-112
-33
-223
13
-382
101
236
181
-5
-350
267
274
-544
-63
101
-11
-47
4
-47
105
-111
-7
-159
120
234
-291
525
-189
153
90
128
74
244
203
-340
164
311
-158
-306
-102
195
-139
-26
86
-45
51
58
29
380
39
88
168
-144
-46
332
-34
179
34
49
-9
162
390
-447
-29
132
-271
167
-185
-173
337
-37
-225
-141
212
250
334
351
84
30
296
142
-333
-63
192
113
35
158
38
126
121
-203
4
-18
41
-231
549
293
-179
85
-231
86
127
121
139
136
144
48
-12
-58
-381
40
116
-521
509
-82
16
-117
-205
69
-250
-163
312
-74
-7
384
-28
-505
178
229
-300
-129
-258
-96
114
-240
-495
181
363
33
63
44
-112
1
-272
-64
344
-99
-257
-105
-16
181
215
-199
-162
70
-205
-277
-339
-73
-21
0
-45
-147
150
-330
-183
-177
-213
133
-62
498
234
61
-216
-180
-358
337
246
183
261
130
91
5
123
81
-557
-27
104
-31
-175
-180
-186
154
-103
-111
250
-12
360
214
99
22
-8
147
174
-190
41
102
-110
-52
-565
-154
-130
-214
59
202
91
211
-39
-212
-215
-265
-16
-164
-197
259
-166
55
-52
-213
4
108
97
-270
171
56
-194
-27
-257
105
-174
-78
144
-275
-100
678
80
-143
453
-280
-44
-336
-162
28
-312
26
-175
213
-48
195
167
129
-78
-168
-241
-26
140
-41
-229
22
148
276
122
-187
-76
198
12
-168
235
-13
-51
-102
57
147
93
-58
-21
299
-135
-393
-294
-60
169
-27
-22
45
-463
-227
466
-411
-53
-51
25
117
-148
-167
-264
50
32
-400
5
-56
153
158
-153
63
255
458
-440
34
304
-77
-300
-369
-150
453
36
53
-103
242
-463
-178
-406
-206
229
188
136
-18
342
387
115
235
286
34
-104
51
-228
-438
265
386
-14
53
-171
-107
28
200
182
-61
-216
140
183
345
-57
118
434
-556
131
-196
236
-305
1
280
159
2
-50
284
-93
437
-195
182
155
17
-438
-236
-74
21
120
243
-186
-66
-107
197
-188
-95
-348
-260
-18
92
-157
-198
326
292
54
268
-141
255
-3
320
31
22
63
-727
-48
-11
112
75
17
-472
64
-634
-283
-145
-132
-111
154
286
-304
100
-72
-484
-207
-56
40
-79
273
-50
-180
126
-315
197
43
259
-132
294
96
-263
-18
-58
-250
-364
-72
-98
325
-371
-62
-155
392
-153
242
-43
184
-235
-19
-571
280
23
-151
-100
-211
-110
282
138
-430
5
31
-198
165
-233
-419
186
-253
224
-95
-41
-262
128
-76
-44
328
140
-378
-100
-113
289
34
-156
238
262
-7
-368
-91
42
163
183
30
-206
469
-46
146
-182
197
-75
374
-33
-50
-255
-141
-168
185
228
173
127
-297
-266
72
-30
410
-508
64
-191
-302
778
-224
468
23
11
21
85
174
-208
-131
73
-31
-210
67
-145
302
-218
194
-10
-129
-176
21
19
-312
146
187
-41
-33
152
74
259
39
151
0
171
231
-98
143
-61
204
-244
246
218
-344
-146
-59
100
120
320
-80
184
-125
170
335
-130
-50
-279
-249
-315
501
183
-170
10
281
173
15
201
-116
200
274
-92
-164
-226
268
222
-300
6
-242
4
366
109
-65
69
-144
-411
0
1
34
-215
-227
-147
-283
187
-116
-159
147
-288
-201
-116
-135
75
-89
-213
-135
-386
226
-201
463
-72
218
-200
226
457
-98
2
-50
151
-48
392
-197
353
-82
249
-194
130
-137
29
-246
-117
-17
-240
146
225
-340
88
-291
-309
234
-175
-188
309
127
-3
-39
-577
-237
-114
125
18
62
138
-171
133
125
-148
52
-43
-148
-80
392
-120
249
236
-161
-88
134
-259
-169
7
52
269
100
79
211
165
41
-163
279
49
220
116
-333
279
298
-41
-416
-168
-216
-217
80
199
195
-175
-211
91
-88
-56
-323
72
7
-147
-425
0
-47
86
-67
-566
6
109
-223
-31
648
-340
607
-138
156
-30
-65
-30
168
-26
-550
442
320
-296
-443
-349
-285
702
177
-158
24
-155
202
498
134
200
98
69
137
-170
-160
16
130
-147
-296
115
-175
74
-32
283
58
-96
301
-212
78
185
214
-224
-113
257
-22
-19
-20
-159
117
370
-64
130
189
92
-585
-114
-265
213
-169
82
131
-67
-18
-249
180
-159
-325
160
-272
-205
-232
-37
-103
105
75
67
-286
188
-160
-286
236
-218
-561
36
148
-98
33
330
36
-157
-258
-131
271
75
247
207
-360
-531
-168
51
163
381
-21
-318
-51
515
-124
-217
157
-56
401
141
-88
431
151
-132
-91
194
-23
-20
187
138
-11
-314
-456
547
79
-189
-163
74
94
-93
-208
69
11
-432
412
23
73
33
131
-86
-78
211
-210
155
2
118
342
503
-52
-155
16
56
218
-155
-269
-191
-302
-158
-43
154
368
76
-80
-645
59
-191
129
-219
105
316
78
142
257
-195
18
26
229
153
622
-25
-349
38
-201
66
402
35
-34
-221
281
-230
71
190
-43
-35
-527
108
49
6
104
49
-39
-92
-203
533
423
-216
-69
-92
-238
601
147
177
297
-131
-110
218
264
101
-244
-15
97
50
51
202
-323
297
371
26
370
-389
166
74
109
158
-61
-63
-151
-92
282
1
-209
58
299
-65
-41
366
-241
130
273
-227
-51
337
424
-17
-226
387
10
-78
-123
-23
-53
91
-180
0
144
-5
357
184
60
-79
126
-55
322
-75
6
93
-190
26
271
-31
-419
421
208
-195
365
83
-129
-279
304
-223
-70
-151
41
-32
190
-50
-31
-115
-36
76
-62
-34
-15
-256
110
-14
-235
217
-453
214
80
-337
191
206
280
-27
314
313
19
70
218
96
-4
396
-255
-235
-326
-91
310
-157
285
14
87
470
9
-245
-85
-19
-227
-158
4
-238
-374
-420
-349
-279
32
174
-51
463
-286
-202
1
-224
301
-113
367
-129
-85
421
-277
39
373
149
210
-113
129
246
0
144
-36
-420
46
-389
-269
19
-102
411
353
-54
-50
-181
33
226
10
-206
-178
290
145
113
-297
-108
142
-123
325
562
122
189
398
-104
-229
-64
-30
-487
-16
161
30
301
-120
-376
348
170
28
269
-112
-224
-58
136
-332
387
65
-231
28
246
182
260
232
-213
-114
159
-68
-94
183
89
-239
35
-176
-25
303
415
125
-294
81
103
273
-38
237
-71
-113
-139
189
55
29
198
84
-310
-137
6
-350
179
-11
13
-169
144
-87
-214
36
125
285
-443
17
384
-180
151
-215
-12
-94
203
86
104
-8
-182
-146
-11
42
85
-415
-234
142
-13
-51
-28
84
-135
-551
-112
-97
-116
167
243
118
-514
91
149
-265
266
102
551
38
232
-306
146
-54
-243
-179
-41
-76
-124
113
-117
215
-421
-127
-215
226
502
106
449
-46
-227
-381
135
89
213
99
-113
-23
240
-168
-91
336
-4
-263
215
19
117
124
-428
-153
378
-132
72
64
-89
72
603
260
78
110
-109
-152
-49
369
-46
117
-298
126
625
356
81
-110
-3
130
58
-506
159
-9
170
10
-103
-83
38
172
277
280
-354
305
-357
-86
244
160
206
-42
161
14
-125
-206
64
-436
-284
549
482
76
334
-90
59
-398
-37
-581
-56
89
-79
-64
-100
57
-34
-12
-83
52
378
123
-134
205
-26
-38
100
127
55
353
-111
375
361
-573
-152
-351
240
-247
-36
-154
-120
-333
95
80
-246
-195
324
-166
388
-182
18
-320
162
-154
106
-14
296
27
7
271
33
-46
239
46
-243
-112
2
-11
157
-37
279
224
431
-188
55
-104
-325
-613
-56
525
193
-159
176
-35
151
-309
665
7
11
362
-94
-158
53
-194
-331
-124
-63
121
287
-264
772
-311
18
81
259
27
-27
594
487
-158
365
52
570
102
-223
-10
-192
62
92
156
-170
671
284
123
-152
-144
88
-47
-313
371
101
175
-9
-130
-397
922
237
57
-185
-223
-200
-438
296
-191
-166
-217
-127
-2
330
190
-24
49
237
-340
47
-344
7
-12
12
67
105
-16
13
-179
43
-56
-54
-346
92
-479
239
-115
60
-74
-202
24
-217
33
-9
-964
512
-149
66
19
-194
-74
45
36
-113
34
-284
-313
394
-213
-249
9
-478
249
317
10
322
-225
-560
41
102
-228
-108
367
30
-92
-41
-175
259
-115
-51
157
206
-401
129
194
181
-45
227
-187
277
114
-14
103
-209
-7
-311
8
-127
55
-165
157
-153
99
-269
186
317
232
94
103
-283
-108
-85
-234
507
-294
-9
-205
119
521
-106
-307
218
449
323
43
-34
62
-152
-137
61
-269
79
-39
-492
-375
-108
-283
313
-77
-81
98
-375
-289
8
231
-132
145
-160
38
-179
382
-281
424
-454
19
310
47
183
128
-7
15
282
-1
-313
-56
-413
420
149
208
203
100
-104
-252
148
151
-537
7
-117
-58
-167
183
-66
37
211
26
-41
-46
13
165
-47
-216
-196
106
300
-18
-282
78
66
93
-70
-32
-158
153
348
-139
27
487
-125
-110
-112
71
-223
-447
-40
-106
307
-41
-148
-18
-474
-107
104
-485
155
-455
-133
-122
370
126
-92
-67
-55
-63
401
-197
83
6
-19
101
88
-54
-208
-137
88
294
-152
57
-563
549
-195
-8
65
256
122
214
-178
-544
-94
-281
262
-182
129
141
177
18
-106
-19
130
138
375
0
-108
-130
-304
-85
91
32
-330
-70
230
216
-122
-136
290
-314
-76
174
133
289
-93
-236
-105
-155
38
198
-28
-18
-233
375
-112
-89
232
-146
177
-266
419
231
-59
119
-85
-209
-120
-169
-101
146
-334
-56
-564
382
-477
-135
-178
-47
-87
58
-351
93
-2
-111
-167
-359
166
173
-149
-79
-11
226
145
324
-6
-199
68
-55
11
-377
44
38
189
-140
-9
-338
127
-291
219
189
-4
76
165
331
246
81
-472
-437
339
219
-458
696
342
43
-411
129
253
160
550
-113
285
-42
-98
-417
322
-73
309
259
472
-226
-46
35
-136
171
-147
157
-233
88
-54
220
81
-301
-180
-168
-280
-212
-266
322
-2
9
120
91
13
-55
18
94
501
-299
378
-35
111
26
-4
88
398
19
-106
-88
100
9
227
-368
237
34
179
137
103
130
-287
54
163
-230
-149
253
96
31
462
176
-73
-14
293
259
-55
-116
56
-312
-108
0
101
-137
249
-12
2
-351
-71
252
47
-50
616
-41
423
106
16
203
89
44
-155
25
115
-224
254
118
-524
-66
-146
-111
92
335
-139
120
-210
112
-103
-398
124
-360
-335
-164
41
-279
72
-260
404
270
435
132
345
-262
124
-223
238
-32
290
-176
-31
128
27
-207
-48
273
14
25
43
-260
-419
20
-149
191
619
-238
242
-15
117
-116
-298
114
599
273
-444
-212
-270
98
156
-240
-170
-23
-96
-174
304
94
-43
68
403
-39
-427
127
-170
-7
-229
-43
-332
-274
-184
-76
-183
-59
47
-257
75
-198
-10
-260
-73
3
-116
-71
-64
-121
228
-427
-78
-225
-231
129
435
123
-251
-75
14
-337
131
-224
103
-132
-182
-13
-154
-11
62
-180
-2
327
-55
-242
-331
-98
-356
-184
182
-2
375
-353
53
471
-12
290
177
-206
86
215
-198
332
365
-136
112
-130
308
263
112
33
70
46
325
61
344
240
-310
93
267
2
81
3
-97
73
-136
-275
-118
39
-142
-96
81
-221
-83
-394
-413
210
-123
240
-103
59
-327
199
239
-349
-113
-6
197
-137
-15
287
-1
27
398
-202
335
-180
26
-122
-207
-133
-437
-441
-157
277
-118
331
366
-489
-130
-383
-163
109
-212
-25
-226
-45
-5
592
-165
-17
217
117
-419
91
148
-34
-306
-421
-468
-278
45
-147
18
407
-107
-333
152
169
75
-185
-503
-212
-143
-100
-366
-420
48
319
-50
48
-42
22
-138
143
124
228
424
-657
-9
-224
79
14
-237
-265
-167
628
42
-39
110
112
-21
-112
255
-289
-376
133
-122
-4
196
291
489
136
49
83
37
-167
30
13
527
-456
11
181
-257
100
223
-59
-16
16
377
301
-193
18
39
-63
-146
60
-101
496
156
10
-206
-59
135
126
-157
-218
-91
152
-98
-243
-200
86
66
146
-175
245
263
-122
-65
44
168
-93
-600
-101
-48
167
202
-52
25
-148
-180
-495
-2
-341
-118
42
365
259
-291
-311
129
-50
-10
234
-81
15
166
134
-51
24
-110
-101
-6
-266
-64
77
-63
117
255
111
-58
161
154
280
-335
392
156
210
-159
-349
307
20
395
198
305
180
-538
-97
-315
-204
-154
-33
185
8
-171
-452
82
-39
-181
100
-646
-111
-29
226
16
75
-29
-198
33
171
-128
-288
-104
-150
-508
-533
-15
-162
364
296
74
-156
-105
-126
104
-292
-180
129
-65
37
577
207
-237
-243
-298
-361
385
339
155
67
-302
65
-299
-131
268
-164
209
429
-334
-84
-27
41
-155
-124
-117
-247
263
78
311
-221
85
26
3
10
-48
-473
-19
154
-309
-108
-30
297
171
58
262
0
-261
-220
9
-22
-37
193
-53
-57
-330
-12
147
-51
-685
-265
-6
51
48
-19
-252
-11
-71
290
-240
-76
-190
-161
139
149
-86
50
-210
-120
-455
-63
-53
37
25
-107
-127
162
-357
-100
-202
-18
53
376
330
-271
58
89
-198
28
210
-29
-190
171
-427
-296
-120
83
69
48
98
68
480
107
-213
42
292
-134
3
526
-152
-70
-110
243
16
88
70
135
-7
-38
221
263
-162
-64
147
94
25
69
80
-26
232
4
146
-38
-305
-21
49
-454
412
588
-28
-105
302
125
-109
383
99
-152
105
84
92
61
31
-177
-192
4
469
-121
368
200
94
286
-419
-200
-57
482
-27
-73
78
71
-141
229
-231
-157
-170
-126
33
164
266
288
68
53
145
156
-41
119
72
39
167
-223
-63
425
-216
148
-263
-114
408
503
288
65
-208
257
240
-241
-62
246
-40
-309
-174
-172
281
79
28
399
-9
285
-308
299
543
81
11
67
-116
1
456
103
-335
100
505
-361
-345
-404
148
173
122
-177
394
16
-134
0
237
97
316
-251
-222
-112
67
163
345
-171
393
41
340
25
557
-291
151
-80
403
-205
-105
-214
137
-165
264
-117
-20
-111
-410
8
371
2
-213
-156
-198
404
-38
-10
5
383
-105
-307
0
161
-509
-247
-16
156
104
56
-222
-71
65
-408
243
30
20
125
-223
317
-144
-79
432
-7
437
221
-437
88
-138
-590
-79
21
-143
-115
155
-39
-333
264
512
39
-257
-244
472
235
-225
288
93
260
-234
-4
-152
-86
-28
-125
237
62
162
-507
-52
-399
31
-243
61
212
-577
-575
48
-2
-194
150
193
-497
445
1
-89
-158
-276
-277
407
37
-341
5
-202
362
-99
214
-533
255
-110
-336
422
430
171
90
162
273
8
-11
194
-417
-190
-59
134
10
-319
-193
-30
265
98
182
333
10
13
394
-231
-168
338
163
-90
-8
-108
-167
2
-224
266
17
236
-81
369
-287
198
-101
99
99
26
-154
142
-131
177
-378
-407
-146
138
-2
-566
37
-104
384
61
-96
-500
-29
278
-68
-273
-238
-46
-256
67
-16
78
-70
256
-159
-126
85
117
-205
216
37
62
-48
287
124
-114
-52
-25
38
-163
-152
109
-46
-40
-89
414
-32
10
-141
-139
83
237
218
-103
-143
-153
-4
-234
-142
-191
62
-215
214
85
290
164
3
-594
593
32
101
-320
-97
45
482
337
494
-63
-163
544
-556
-62
88
15
49
-230
-258
464
100
10
308
-121
-267
183
-27
353
188
-234
42
-163
-21
-216
353
190
-257
207
-274
248
92
-79
149
183
-23
154
362
-53
-285
226
-195
-164
235
206
-362
-212
-53
-108
-9
219
-51
-69
-220
316
280
121
41
-160
181
-231
-24
97
319
91
-6
163
-104
-409
-380
255
225
160
-4
-416
-59
8
108
-261
-267
98
149
349
173
354
180
346
-105
-385
141
520
-369
-322
-3
597
48
65
103
6
-186
135
19
120
-368
67
146
30
-46
150
145
125
270
-6
126
16
51
240
-143
-70
-394
133
36
-195
-7
-223
299
-184
103
93
-2
452
12
431
-71
-219
-10
-41
193
73
-52
-165
221
93
39
96
282
586
-152
327
-97
-117
65
-106
-113
-66
-94
-473
75
71
33
-140
-475
150
-132
125
-281
-26
102
156
242
229
-121
374
-123
94
70
-123
-238
240
172
319
-302
211
-175
131
-198
48
-2
214
401
372
39
75
-193
118
-32
220
-384
-68
150
-64
-38
-105
-2
-89
-109
61
-46
-7
-349
-29
110
122
-75
234
-216
-257
260
-32
-357
-246
57
-23
233
11
-215
-24
235
164
-512
178
-146
135
-22
5
-158
353
-106
-144
41
-3
311
-365
252
38
198
-247
-245
-160
79
-35
191
-178
-215
318
-119
-63
-200
161
18
-118
-103
347
40
155
270
-54
-249
193
-314
293
-361
98
33
59
175
72
190
26
71
-111
-129
16
-129
-36
541
-339
-313
338
-229
-21
-96
115
-441
95
40
84
176
-66
-693
-105
394
-175
-227
-448
371
-241
107
122
-373
-9
120
426
-326
-39
347
49
104
-250
211
-188
66
478
-371
271
34
-98
147
-205
-115
122
429
363
8
-72
156
-129
-153
-41
28
-172
-387
344
-66
-192
-144
-115
263
-161
186
-122
50
-56
257
117
44
-348
105
130
-299
149
-48
18
-76
-63
-411
-128
-12
114
218
-84
168
339
-226
-238
40
-315
-5
-303
-219
-357
152
194
189
-260
-17
23
-165
76
-86
89
46
-348
-82
-172
42
-575
-89
-134
-128
319
162
-372
385
138
-2
31
236
125
113
110
-319
170
-124
44
141
76
-90
-194
111
-245
127
-264
-130
-107
-170
-450
-328
128
50
246
10
165
-92
-325
43
155
455
-236
-198
-193
401
29
-83
-36
381
226
-278
102
53
486
-115
203
-162
74
-78
-119
-31
-242
393
277
121
239
-51
339
187
112
161
-93
-16
314
515
-262
234
-152
-203
284
338
257
-202
-313
-140
204
-129
-74
-253
-273
-231
-200
387
360
-38
-212
-212
124
186
224
-60
-389
-49
389
327
86
-289
-71
215
66
-329
41
-12
-60
237
-266
128
-8
62
-58
78
-425
-278
177
343
-300
282
451
153
10
-202
198
-157
62
-94
-405
-629
-35
-264
-426
235
85
142
297
-28
182
-52
-128
18
340
-169
-137
-24
-232
-487
-96
485
-215
-67
194
-64
-273
-44
460
-29
-184
171
182
184
-244
-227
-188
105
-414
283
-349
10
-310
-205
-8
-286
-60
226
-36
46
36
66
-155
126
254
129
-368
405
-20
167
275
48
411
-21
174
34
-278
-125
-16
422
98
73
-142
-122
-62
71
-325
316
165
427
181
202
-58
-506
103
-158
375
378
-326
-292
-140
201
-153
-71
27
-318
233
64
123
129
-431
29
-138
-390
97
68
39
-372
-92
211
-349
-162
100
-84
-109
278
-3
-85
-379
-156
-104
13
-311
257
-199
167
-337
122
-55
-158
37
94
-635
-307
119
58
-63
-246
-240
-17
152
-177
59
102
-169
13
-56
-372
-81
613
248
49
370
-77
454
-5
35
-214
77
-275
182
-42
-257
-427
88
69
-269
395
-131
-552
143
333
245
-278
109
-66
71
-44
-40
529
2
261
502
-475
113
8
647
24
293
-192
204
340
-608
35
-49
180
-291
452
41
-73
59
304
210
-205
22
176
52
-127
111
69
42
352
76
-107
-136
-285
-405
-133
-109
-256
-141
216
-177
5
-184
68
167
-15
296
332
-162
147
-172
351
-349
61
-29
-104
292
211
255
104
-9
373
-534
74
-148
215
-298
-243
604
-224
338
-128
378
126
120
666
19
-95
-203
-82
54
83
39
-278
525
-162
-410
272
119
123
137
-352
247
-250
-406
-226
-20
211
227
94
219
12
37
222
228
-231
283
-215
-434
-217
-82
163
347
-92
217
-395
-193
-264
-100
150
-165
333
145
146
-190
-247
202
25
-88
4
-107
-275
173
199
-302
-226
-99
22
-61
-202
389
-39
-108
-11
313
122
-118
344
-203
117
-172
479
-3
-69
124
232
-359
-12
-30
482
100
271
-199
-396
-240
-122
343
-404
212
145
-650
74
-367
431
-285
298
-513
73
-201
-236
152
350
449
274
60
43
-103
-3
277
140
-326
131
121
87
158
204
101
16
-397
294
-23
-20
185
91
-163
37
34
166
276
-83
190
98
-173
-100
161
35
-89
571
-164
305
190
255
-200
93
52
-232
487
336
-211
-178
154
-140
-191
73
364
187
-305
38
-74
310
-453
184
281
-243
343
-114
-56
388
-39
-47
-70
-476
27
-186
-128
-174
55
266
-82
-108
-228
-278
209
176
151
106
-776
199
174
24
-213
203
-74
198
166
-114
17
776
76
-16
165
-314
-85
-596
335
130
543
-151
179
-495
-371
-242
-199
-364
-109
447
-16
-508
200
-25
-96
108
5
163
-51
-158
-162
174
-53
-25
-6
308
-1
185
77
-56
278
159
194
571
-146
-206
61
50
445
106
-5
-267
136
-232
38
-154
-56
-91
-75
-351
-226
-265
101
45
116
-231
-179
78
318
-348
26
158
139
-352
-406
106
-160
-20
-67
-479
472
-91
-51
-226
210
-254
114
106
240
-355
127
111
-92
-401
-232
-35
-69
-45
113
-18
302
395
628
83
71
248
-152
35
38
-220
-188
-13
-98
27
144
-65
77
64
19
-274
-6
69
182
169
90
-229
-110
-31
-64
-165
143
-279
8
142
578
-10
-64
-554
466
-247
191
356
-202
-35
38
-13
-95
-5
72
175
369
-163
91
-287
-149
-283
123
84
-9
-221
-559
8
428
225
-8
-96
-413
-162
-176
203
0
78
91
-64
68
-162
-137
-7
178
297
-509
289
-113
-257
-225
-326
-220
93
-151
28
370
-8
234
-164
411
585
-416
203
58
-86
-96
97
223
244
-49
-176
-161
-197
-276
229
151
-91
-129
-233
263
1
24
262
121
33
-229
195
-131
9
-353
-564
-200
102
499
62
-163
246
271
54
81
-145
165
62
-199
-68
-337
-218
109
-123
92
-218
-82
-20
-53
8
-17
-153
66
121
163
-158
-60
95
-86
315
-97
326
-68
-31
276
-237
3
212
-28
-448
-271
474
107
-160
263
-281
292
128
-30
119
-199
-99
111
211
113
-106
153
-618
-214
-208
-362
-275
150
-232
299
136
138
267
-6
96
-57
69
119
0
30
119
240
-198
-250
53
104
60
-286
73
-88
-240
82
453
-79
-233
-238
-310
220
48
-12
-176
54
225
141
-133
-93
-232
-143
-59
-238
-161
85
-71
-146
421
-650
20
442
36
19
240
-95
49
51
-68
-126
286
-205
177
310
166
-73
-136
45
430
-395
28
-66
-98
172
310
-216
117
18
-168
-127
356
2
109
99
334
65
90
-101
172
203
-230
173
-562
-20
78
38
194
315
247
278
278
123
2
-219
-98
644
283
69
-118
100
-118
-101
67
-163
-53
2
200
197
145
22
222
273
-65
-324
290
23
410
457
16
101
48
206
-36
338
111
52
50
13
-194
167
-116
-20
-141
-243
71
-18
-104
76
-151
300
-198
-35
240
-55
-102
74
-133
64
124
-157
-147
-155
-150
240
93
-125
-5
-59
26
151
485
-113
-141
84
-320
15
-129
165
-144
113
-224
372
80
352
-24
105
165
455
-421
203
-66
-184
136
-448
68
3
-156
-170
104
144
97
-196
462
-427
490
-142
-316
147
-16
-96
282
154
-7
-311
-66
-155
-148
180
227
93
10
-158
43
-143
299
-214
-31
-309
59
10
-274
-148
-329
-223
-39
105
69
87
23
-135
237
318
95
213
16
152
187
-302
184
483
347
-117
358
180
-39
-580
-185
177
-71
-521
210
-91
-315
261
150
311
438
-459
-390
-137
-272
180
62
-191
-174
-253
161
347
95
-444
-290
21
162
48
269
33
-17
-97
120
-49
20
-50
449
327
-43
122
-158
471
-64
249
84
-359
-401
-343
323
-506
-601
138
574
234
-138
-73
290
-192
186
119
-92
24
97
87
128
253
-265
-261
0
-498
295
-235
-67
-16
212
-140
-30
-68
-25
-279
279
103
423
-131
-242
-57
-110
120
20
-112
-245
-22
-310
255
-233
-120
167
388
-163
-46
-79
-154
67
-75
217
434
344
245
-639
-320
255
4
-88
-111
241
324
181
-406
-34
127
9
-104
-17
-31
-6
-97
-159
231
-124
55
-355
215
208
-56
-22
52
93
117
10
-383
144
249
-76
47
-68
403
-168
329
217
-245
225
-233
-104
-53
-399
101
38
-47
134
-115
123
87
-290
247
-72
-330
206
-205
-32
-2
176
-81
-131
-123
159
129
173
-47
-285
227
96
-14
98
-18
-75
-497
-398
-115
207
-176
-109
18
-162
193
-58
193
-4
-424
164
-448
345
-312
96
150
-77
-525
-96
67
-105
-84
-329
-264
55
-80
23
-7
-71
-312
-126
91
40
151
-63
27
599
127
330
-158
-218
-78
-647
81
348
119
54
50
47
227
149
80
-123
-78
-77
-322
-281
-146
368
267
547
461
240
203
-187
-176
-258
-125
-1
-107
-139
68
-247
-11
-26
72
-2
-100
-321
-6
-245
-230
0
312
-37
93
51
266
478
-62
54
293
391
-194
184
-3
70
121
230
262
272
126
-92
-51
208
18
-241
124
117
50
-78
-5
-208
611
345
-30
-224
310
-291
-260
155
-105
-67
-611
332
179
-330
60
-234
-357
198
-210
-153
-58
70
95
371
-94
-187
120
-386
476
250
36
216
-85
175
-18
-167
-146
176
-23
35
112
-181
332
16
-160
-261
-266
127
122
-87
-18
92
96
-35
92
-260
-382
-132
-70
136
-45
150
139
53
278
558
-281
-204
198
320
354
414
-156
-87
-156
-370
-38
327
185
273
294
-34
109
76
-172
63
-272
125
42
-370
-87
76
-93
-200
161
126
-82
187
-36
-24
395
541
329
135
-142
562
310
-81
108
46
127
193
136
-98
353
-9
-41
-209
-536
516
308
146
39
5
239
-541
3
-333
185
-110
-208
-202
60
-64
211
-172
-191
67
92
316
221
-405
262
-115
-181
-82
15
-95
89
230
460
50
73
144
68
-30
-411
153
-135
182
-90
-235
68
17
70
-97
-522
61
15
5
56
70
131
-44
-406
47
-38
21
10
265
-107
-117
-284
69
525
209
115
401
237
77
-112
107
-84
-1
-158
85
347
-402
-265
39
-139
-662
105
-195
301
109
113
278
14
12
-127
36
-212
106
-132
356
-147
-48
158
1
195
299
-176
-176
-315
-336
53
-176
-107
210
-85
-222
41
-296
60
221
-66
35
-335
32
48
-146
68
13
164
-12
-149
-13
185
-138
-68
128
245
-376
111
276
558
31
126
77
-255
-311
166
124
-249
-274
224
-39
-189
-74
-141
159
233
543
-263
-294
-93
-295
278
296
78
231
-313
170
-74
-22
64
36
257
-114
332
-119
25
-76
-197
-100
70
174
-224
504
-91
-124
-165
7
247
-166
-174
-26
-230
-142
-21
-294
-148
-152
-41
-221
-505
74
-247
46
262
117
-452
-248
-377
300
-174
-162
119
278
-154
-120
230
226
-145
179
79
-444
-78
78
13
274
-21
88
292
-121
-38
-53
-173
-11
59
171
250
121
-145
293
102
222
167
-238
-161
117
25
-75
380
502
118
-20
224
-120
316
-124
40
38
-57
-441
76
200
-7
148
186
269
-7
178
-281
86
-180
-200
-75
-64
-340
29
-38
5
-138
216
37
-81
91
-148
-50
-141
132
-82
167
165
101
372
-398
-695
228
-40
43
-256
-101
205
17
437
-195
-79
394
-33
5
522
-572
-668
100
-55
39
-606
0
-119
-57
-211
-318
-5
-320
63
-403
205
-16
-368
448
9
-30
-153
-79
35
3
23
293
91
-130
251
54
-224
62
-136
61
-260
47
566
100
-282
-455
120
91
186
105
181
-208
27
-23
25
-71
59
386
112
150
-250
-254
-297
-456
82
248
-17
114
190
263
202
-334
95
160
-100
-53
24
356
415
295
19
-153
-202
-419
256
64
530
323
-210
-195
-132
70
-16
343
-116
-350
79
410
-111
117
-131
-350
-286
-122
91
174
50
-199
-95
4
-281
88
64
289
-38
295
-217
-363
-114
-314
-248
1
-86
119
-191
35
253
485
-29
41
386
-144
140
60
237
181
227
130
-7
-26
434
-152
22
85
-233
87
75
50
64
244
13
-19
-124
266
254
-34
71
-288
275
492
-134
264
384
84
168
-42
430
260
-120
-52
-140
134
208
82
199
-162
226
183
326
231
299
-140
55
-294
-594
150
-74
-62
25
-199
47
-13
260
173
-49
-46
-62
205
21
245
14
8
-207
-346
241
-210
-158
-207
-226
263
-196
-250
147
145
96
163
321
-471
166
-327
120
-13
-276
68
-153
115
210
95
401
178
71
-373
-5
5
141
198
-304
437
-337
194
283
-57
166
174
173
-129
120
-111
-104
128
116
-119
-189
27
-202
-73
75
-15
-54
-104
-259
218
111
175
180
-123
-31
100
356
-89
-118
489
-75
-81
345
330
-166
126
-417
-24
23
-122
-282
-282
160
-142
-424
143
-218
-161
-72
68
25
36
33
-4
169
-348
-11
-161
10
-199
-106
116
142
165
25
26
89
-78
27
98
259
98
-195
89
-266
164
235
246
-113
79
-160
108
138
-20
-196
-39
184
-284
-139
-415
49
262
393
-252
342
-205
-197
26
-88
-39
-186
300
-318
549
-456
121
117
-69
136
-322
113
710
89
391
-22
165
512
-216
301
22
-206
198
342
-637
-374
68
717
-144
-99
38
-336
137
-95
174
179
-120
54
-103
-200
-341
-128
250
-190
275
-142
69
-211
-56
-227
328
258
469
71
-251
-454
-300
303
128
233
-21
-203
-43
28
-171
214
305
55
88
91
240
50
-130
109
-176
-211
78
-381
45
106
214
-80
198
272
249
-86
152
-107
-286
188
-221
-553
-292
-120
-192
-196
-137
18
395
-177
260
-427
130
94
43
106
-31
195
312
106
-485
14
5
80
-155
485
202
-230
32
158
152
199
-517
494
-65
-249
70
596
8
85
303
75
-138
190
-13
-99
-189
409
237
-77
-281
316
94
-224
-65
69
217
170
24
119
163
20
105
-271
157
231
82
-53
64
-318
460
280
289
56
261
48
-148
-117
-257
-199
-375
-365
-52
144
-220
-5
55
-103
97
75
-333
-12
4
67
-125
-531
-451
-181
289
-29
379
0
117
236
6
32
49
177
87
-92
369
-107
-366
446
-2
-124
-268
-13
-13
438
276
60
266
257
113
-88
38
336
-45
-111
22
-467
67
-157
-77
289
342
106
147
19
-224
65
-162
208
-64
80
-268
401
319
-201
211
-104
240
136
-387
-175
58
31
-385
-195
-215
-385
169
-73
-173
-349
-222
10
122
-199
278
12
43
-76
267
-117
-381
256
-277
-146
-89
101
300
19
-157
-363
-118
-82
-463
-57
102
125
323
308
-263
224
-26
154
176
-70
63
-200
274
23
157
-13
423
250
201
350
247
428
-588
-167
-95
220
132
132
234
492
-344
448
-65
-61
-144
-168
-302
189
-165
-31
-226
106
-58
-427
248
64
6
-279
144
-216
78
-138
-431
100
-33
153
-269
-199
147
399
-250
-53
81
-123
66
-252
-96
38
283
-182
-241
108
354
356
-328
-31
-60
26
-129
152
329
-298
372
-216
71
-159
-278
22
54
145
136
250
292
-100
73
-43
309
235
28
147
-193
-138
72
-74
-428
-220
-190
-140
-625
676
-431
84
53
-163
116
-215
145
-146
133
-259
-207
-262
256
-139
29
236
458
-278
-13
-42
39
-1
8
1
-157
153
124
-131
-95
-96
101
-224
-197
34
-169
-182
105
718
235
-117
579
337
245
273
141
20
-68
-219
277
193
411
184
236
289
-96
2
8
289
215
-14
-187
-424
-90
127
-63
-124
-6
185
-15
97
-157
342
464
-372
-7
33
180
-70
-337
301
-183
-204
5
247
56
221
-37
131
6
207
113
-259
219
117
-33
-249
355
8
63
-288
0
63
-104
507
-258
-232
92
324
293
152
-31
43
-106
-108
264
-311
444
-480
-377
262
-462
107
-207
37
638
-43
-201
35
23
203
-119
-365
-272
73
292
-100
-440
317
-221
-63
-59
228
258
28
243
-130
-335
234
-43
-135
-15
-36
223
-65
304
-697
-149
-87
-87
301
84
-50
383
220
217
234
-22
-393
206
83
-55
233
312
-128
303
254
271
421
42
110
-158
-279
-264
-34
-42
147
-63
78
-106
107
453
-232
-308
266
-2
102
-186
7
166
-38
-18
22
-280
291
-297
-420
366
-54
-295
181
80
-161
58
-19
196
-105
-340
-157
-50
-278
-122
93
-141
149
-370
-342
-118
-102
113
-3
40
70
-321
112
180
367
-275
-113
237
-204
-247
-25
225
5
123
-585
-71
-19
99
158
-118
284
-358
-523
-76
-204
163
71
10
81
-1
304
157
239
231
-371
-337
93
-48
-49
327
421
283
101
238
-443
121
-74
178
-31
-245
-184
463
-196
-158
235
-406
-115
94
231
-408
191
-237
66
133
205
554
-298
-212
215
-51
69
-360
341
32
-75
-278
-437
-60
348
-29
63
-48
233
7
226
-93
-25
95
-283
204
188
432
60
97
-10
39
-189
-179
78
-235
-369
308
-76
56
169
-492
-44
-101
-283
260
-105
253
-541
-67
9
-83
-20
-179
245
-217
-63
97
-227
69
-27
-215
123
210
211
164
-175
-522
116
-336
-206
267
-222
110
-39
424
-195
161
143
234
293
-48
8
277
-183
-268
-135
-38
-153
76
208
260
351
-90
-213
165
405
109
319
-34
29
281
-182
-26
-321
74
-168
-168
-576
-141
259
-93
-118
44
-18
-33
-222
-412
170
88
-224
-255
126
212
-158
-244
-328
90
494
382
88
102
109
-207
-38
-203
271
-132
-11
341
81
-27
272
73
216
-49
-270
-101
30
294
369
261
-74
-169
270
-306
119
-28
-105
9
-279
126
399
69
251
-286
41
13
72
99
174
490
586
80
-204
189
-198
450
120
128
-324
174
246
-44
-32
-63
55
-137
181
-203
179
181
-43
-389
48
-286
-247
64
-126
-340
42
283
264
70
-94
-23
-28
-105
196
-72
-157
359
62
287
222
-240
-559
-198
-467
-28
-122
-20
195
-104
-441
85
337
-461
-264
-54
-192
102
124
69
-292
20
-117
-284
7
168
-10
-183
-144
-234
54
237
-76
67
55
-261
-607
-229
-220
160
310
277
-22
215
-152
-193
-453
142
-145
-342
194
-196
-349
-2
167
42
161
-389
-399
-406
108
82
-121
186
-23
4
-220
-31
223
98
59
93
214
17
-605
248
330
-429
181
-347
-24
153
3
-439
194
-323
45
-526
247
224
448
-116
121
274
-36
-27
-102
-879
90
-78
100
200
-140
176
-350
268
-403
-3
-174
-276
133
273
-98
153
274
420
39
235
-336
15
-125
140
-389
233
-111
116
-258
-76
-9
-235
-48
434
-134
226
-120
31
-113
85
195
353
-172
18
238
-4
16
204
-118
121
55
-92
-163
146
-317
354
-33
232
28
-49
431
-229
85
-131
-503
-101
357
62
16
-430
255
-517
75
347
-87
-299
18
-360
-264
-131
-431
331
239
310
-265
-84
202
196
39
-48
-261
-284
-384
-78
66
-295
303
268
-128
1
262
12
65
214
25
204
217
-125
-67
-133
49
229
-226
-7
-108
-130
182
220
-61
-340
214
19
-392
80
80
-279
209
366
159
102
-45
90
-118
312
64
416
-39
211
-7
-339
130
-71
-568
401
416
18
245
250
-104
311
12
409
182
-157
292
-263
263
219
457
-4
3
195
-292
13
-47
149
373
-226
43
-160
57
-321
-314
-438
166
-29
-176
177
170
-134
367
160
295
-272
-35
4
-167
-69
12
-453
-92
57
280
-461
54
-45
356
427
282
-63
371
289
82
-241
71
-106
-86
170
534
-215
227
-113
-193
140
310
114
253
361
-227
-255
-29
-77
4
-282
375
-326
237
-69
-104
-113
262
270
-26
40
273
-154
-181
-31
234
-389
-49
-117
-355
-120
381
12
-2
520
-204
182
128
328
101
16
73
64
-4
-178
-81
240
-345
-130
-326
-87
-498
356
299
-293
9
17
-18
-107
6
371
-126
-732
-141
-94
84
170
-46
92
-99
360
45
-343
-241
-28
-190
-45
150
187
569
108
-56
-48
-385
61
-297
19
131
10
22
-211
200
67
-13
-241
198
136
-47
49
-20
271
-296
-264
-249
119
160
107
322
193
194
228
34
-75
511
359
284
174
-6
36
-129
250
-333
-300
-33
282
358
75
71
59
72
-60
-285
-40
245
-362
-368
15
12
17
139
-228
142
208
200
-76
-32
253
107
166
-769
-199
153
-45
8
-308
-86
-13
-115
164
80
311
262
-150
-61
263
-183
295
202
190
177
83
35
6
144
-4
-57
99
-145
-37
-210
-248
-427
78
-79
-53
106
54
89
37
-72
281
-325
-254
123
0
344
247
-300
-87
33
219
-57
13
-96
132
19
-91
288
614
-84
81
330
115
-355
-238
-217
160
-298
221
202
291
-183
244
1
279
210
18
-168
235
-43
-44
152
-319
-83
90
150
-442
56
-25
-71
175
-303
69
103
190
126
19
-422
-156
0
-276
-95
211
-177
-53
190
156
-121
-325
252
-173
-217
159
-18
531
94
410
-6
-48
-172
146
-411
189
-23
398
80
-112
-125
195
64
-131
50
-78
215
-159
293
-568
-194
-49
-101
118
79
61
-123
110
-55
1
-114
37
-209
141
298
685
-57
3
-61
-205
253
-54
730
-133
-621
-105
-422
-94
101
290
33
218
154
-128
-252
-91
285
-137
-345
-268
-43
298
-218
124
164
164
-296
132
183
19
-457
11
171
-15
208
-168
-135
-243
-116
-305
120
282
310
453
-224
-1
-159
43
-212
248
189
-484
-128
-503
-512
-87
-34
68
-301
-176
-76
-157
-10
-264
-95
219
191
230
151
137
92
-337
374
200
-378
-163
136
196
100
262
93
-65
36
308
-322
264
-279
-436
307
-243
171
-245
76
104
503
-179
102
-113
-301
276
104
65
-419
532
-10
176
54
44
39
153
-296
-296
-251
-95
-184
-368
44
88
-204
278
236
-282
34
14
-534
217
277
-344
29
-89
-194
10
-195
-153
-217
-247
14
-395
240
-10
-23
319
-110
-135
-156
79
342
-72
241
171
-59
369
49
-206
-99
-236
267
-445
90
3
-441
-89
52
-181
-82
85
-145
96
-186
361
-287
-56
-8
138
-208
8
171
55
107
14
294
-16
194
72
-227
-465
-196
33
43
-106
-109
44
8
-14
90
133
-142
-387
345
190
216
-2
135
326
138
508
20
230
-99
-65
74
58
179
261
387
-274
78
-165
-8
-78
-155
-137
-250
309
133
-23
-86
147
-119
-21
136
-316
168
89
-75
105
-35
-333
286
235
266
-52
80
-45
9
144
-131
-124
-172
-114
-176
119
15
-24
-191
-296
-73
152
-279
308
134
141
-196
-178
-151
67
74
109
-1
-180
126
215
-67
104
23
304
-84
-91
235
-102
-16
1
-49
55
-39
-156
-497
70
-148
77
-339
366
184
239
-392
-213
-15
139
127
-296
331
-9
-380
-199
-135
-166
-170
-428
-48
-25
-135
162
160
119
-446
-138
-180
-45
-156
206
-130
42
-151
-102
309
195
161
-62
84
89
67
-21
-346
-50
-35
245
156
173
85
-8
-63
-463
106
-273
137
126
-269
-176
389
375
310
-267
149
-359
-135
-48
-277
98
345
330
-70
311
128
117
-31
67
53
-193
205
-247
106
209
71
170
-201
2
-82
188
426
108
-197
229
54
32
117
314
-318
245
187
89
475
-30
-500
-273
-71
239
-11
27
166
-201
122
-184
119
-152
-407
-149
57
-35
3
-92
315
356
-172
-92
-151
184
-325
59
11
5
-348
242
-60
98
-243
31
-166
257
221
404
-92
119
-132
426
-317
-243
-409
-133
89
-322
93
-60
265
-444
260
-319
-8
-368
79
17
179
197
286
112
-58
98
11
47
148
17
30
-332
296
-289
-9
-76
85
166
127
-135
-236
330
-173
22
576
-190
89
-324
-186
120
-11
-97
449
403
41
127
159
0
147
93
76
371
-76
116
822
-73
172
-501
-188
-229
250
258
-40
-55
53
367
101
-309
407
45
-42
-13
353
-195
-281
-55
183
293
59
133
-237
-182
77
-109
-31
-547
76
306
-55
-332
-291
-786
89
-130
134
6
150
95
22
135
396
35
301
-334
117
-68
67
-168
103
-84
-60
300
-304
-8
323
-386
-102
135
304
-372
310
473
-359
362
-84
34
-273
-50
121
-295
185
-119
167
285
44
-251
72
294
-41
153
-355
-423
239
351
-204
223
301
44
-218
-360
-61
113
-161
430
-256
-606
-192
-214
-120
-106
147
-118
-178
232
-27
-1
170
93
-106
-11
393
-102
163
-200
-19
77
-185
136
174
172
53
-275
66
209
-533
-2
-152
95
27
-6
-217
6
39
-301
50
-27
-386
-14
102
-312
-120
-152
-55
84
298
-151
126
416
306
-220
174
-239
114
-247
195
267
-25
-246
-118
212
-193
-341
189
-86
139
36
-187
-82
119
253
-163
-345
76
-96
-75
-55
350
494
33
-347
-12
66
-61
58
126
278
104
-429
453
223
-399
37
119
105
-238
116
63
108
389
21
112
-75
-143
73
-317
26
128
43
402
-398
440
206
-154
298
-226
-197
261
9
-27
176
573
27
-264
100
-257
364
-5
-21
-31
120
-185
23
-210
117
221
-262
-95
-386
149
-71
265
292
57
122
-51
-86
193
153
-142
-199
-390
-191
-470
241
85
73
159
115
-477
-188
130
-193
-236
219
203
374
-410
79
25
188
-14
-17
-100
2
105
-87
230
-238
-124
13
165
201
-475
195
162
41
-298
-125
280
156
-636
-128
-246
85
-3
-16
166
297
95
-3
-16
190
242
-91
384
480
18
156
-339
-242
-115
-279
166
-497
-225
-228
3
15
42
-89
399
-237
46
-90
168
-63
-41
1
52
-362
113
124
-452
-79
-136
-152
8
119
45
1
-400
242
289
-41
121
-109
440
287
82
-104
160
29
-167
-78
223
145
-96
-443
-26
-117
-246
35
405
-93
111
-163
30
-138
-65
390
-422
234
116
-237
141
-602
-428
-15
-409
129
-65
-102
441
80
-271
-26
-41
24
559
179
-482
108
114
-44
112
239
852
-226
344
294
-90
214
245
274
248
-290
-243
87
-182
290
-313
-35
186
-273
-195
-82
166
298
-118
-46
474
-571
180
30
-63
-450
-243
-385
-89
34
-14
247
-128
131
-381
407
394
509
-202
236
-23
4
320
-333
-114
-3
-113
-314
253
600
-172
-166
-52
-227
132
-2
120
109
76
250
-95
-80
3
212
44
-297
252
115
-310
387
198
-46
-100
109
263
-177
330
255
86
-79
53
-188
-320
103
136
-37
374
-110
-347
-18
-235
-10
-81
-192
73
-131
-145
-195
-46
263
-209
52
-139
-85
250
24
103
305
-38
32
-162
352
36
-279
21
-231
345
-112
-84
11
-667
-158
-145
221
25
350
-257
96
140
-235
198
-131
-106
307
79
-72
251
-12
-114
-416
18
187
57
-173
-138
-134
-98
-14
244
-253
-2
-46
-33
-40
-158
-172
254
-99
116
-462
-182
-358
119
-153
417
449
-397
260
-441
-102
-155
-81
-192
-125
96
-369
-20
-361
66
-371
334
-139
117
-435
334
226
156
92
179
44
29
-222
-23
17
112
133
80
-291
-2
11
120
-268
211
278
-512
-13
-647
52
104
-499
-123
60
277
-327
43
-319
350
-300
178
-140
73
155
245
-253
182
265
147
-24
-208
-65
381
47
-179
3
-462
122
604
480
-188
-66
-99
6
158
30
49
97
41
-93
-351
-92
201
-167
248
-117
-183
-82
102
68
-400
174
-442
248
112
121
-24
106
276
-161
194
-300
38
-36
-49
461
-83
-378
-11
-148
-97
-109
-23
77
311
-468
105
260
110
144
-96
-49
-200
142
-30
-157
-12
-127
260
75
149
194
156
59
-126
-173
609
257
-55
-9
-480
-43
-172
-534
-463
-342
-310
220
350
-48
137
525
115
-113
-159
-348
141
-135
394
-259
181
-208
247
-518
150
39
-122
-120
6
-207
-33
-233
-35
-298
279
39
-311
316
237
77
29
17
-419
222
-22
-44
-351
-215
-451
-419
-51
-289
-229
-232
13
-249
86
937
-419
-185
-31
20
118
-48
72
-73
-180
-95
-490
255
-91
-156
296
141
-81
396
-147
-18
-53
-139
64
41
53
342
-365
367
322
-272
-176
-190
218
-129
-28
-223
-368
140
-204
-168
76
49
-263
-74
56
148
117
-413
-199
-72
-76
30
-359
158
340
-233
-24
33
-36
186
57
-136
-86
10
9
139
-356
-118
34
-32
-137
-26
-362
5
-25
-242
-45
263
242
-421
-187
398
74
-51
5
119
409
-86
-136
-111
-454
123
119
75
-272
240
-91
-212
-86
56
164
72
-502
-280
10
229
112
47
33
-84
52
95
-101
-25
-152
249
117
163
310
36
450
5
204
-323
-193
239
252
-59
-39
186
179
-152
243
-38
344
224
363
29
152
209
-354
86
278
165
260
-74
-177
-156
-32
-465
58
-60
-377
276
224
202
-25
-58
-68
78
308
-38
-305
-350
31
18
82
260
356
-221
-57
173
-118
108
-358
-117
384
-13
223
-70
423
126
-237
185
1
-7
168
-113
243
-37
221
-107
33
243
-286
187
-415
-141
-65
-144
243
-84
293
315
104
135
-199
44
-286
-50
-205
77
186
-119
-58
-180
53
-320
-215
-482
-323
-237
-206
-351
14
214
360
-82
-416
-433
308
72
426
-124
106
-291
-94
281
-29
133
103
96
-52
-212
149
-132
208
-271
-162
10
-202
39
-339
311
-18
-572
-341
196
-124
-88
-52
-323
-467
275
121
-108
250
-204
-7
94
510
-86
-114
-516
213
54
-109
-132
93
-49
-64
-87
419
-483
-53
-150
208
-44
329
-124
-30
121
-157
349
-15
-329
-169
-120
-287
262
-87
-114
-475
137
-28
82
117
99
325
8
-303
107
-38
-343
8
208
277
-12
197
-9
-443
104
28
-227
177
233
75
-465
-200
-76
-169
54
599
312
195
62
-81
-62
-221
417
-239
204
450
-119
456
408
-97
49
-224
19
-109
285
-64
-324
479
-243
246
94
-148
361
316
622
146
-14
19
110
92
-422
-256
54
-349
-193
372
92
191
-496
-141
172
176
10
-498
37
88
201
-356
-279
-195
123
329
-254
189
11
-135
-38
-107
-139
-368
-92
-152
-59
358
-103
223
1
-64
-30
-211
503
-80
-182
-131
-148
219
78
124
-329
-25
691
-209
-419
-172
333
197
285
96
90
-131
8
164
-476
33
377
265
349
350
-35
-129
181
-147
167
24
421
-10
-196
40
46
325
-43
31
203
186
-77
-120
-48
459
-13
332
38
324
-53
79
165
221
-305
-114
4
-96
-185
-182
140
-211
22
-224
114
90
229
276
-83
59
251
-192
102
237
257
-524
161
-30
-301
-267
-312
-66
-168
-92
-174
202
94
-319
38
404
15
46
-184
-298
-317
-119
-103
-715
256
416
21
-53
-130
-520
544
-92
13
123
370
94
91
-5
-286
145
65
428
-30
95
-77
-57
118
329
-140
-234
69
42
-258
-106
67
100
425
205
406
400
-163
97
-231
-37
-114
-147
86
-35
143
118
-94
3
610
-168
203
226
157
35
86
374
134
159
154
-363
-176
-123
238
155
-348
160
152
360
-7
162
284
-79
366
-43
229
-37
22
310
-230
-88
-181
-129
304
104
104
-58
135
-222
-123
332
293
357
178
115
-197
56
84
-578
-189
119
-39
78
149
-99
-173
-175
-277
-301
112
-1
35
380
136
136
45
-6
384
-58
17
139
410
287
3
-4
-274
-3
-218
56
168
230
-106
241
390
152
-154
-99
543
-283
118
270
-77
221
-375
-21
317
241
153
-231
-210
437
276
246
-55
-77
137
-270
211
-35
20
4
123
-57
203
330
-136
-56
83
81
50
192
-185
-47
20
80
247
226
416
54
-92
62
176
137
-14
23
-474
-391
266
-6
-89
240
-366
157
153
111
-303
-39
67
-103
519
9
-126
-20
-435
-414
-41
147
12
-2
-76
159
275
-4
-157
56
-267
70
201
-42
-277
-23
-278
309
-66
192
213
445
68
36
-399
-15
-58
-351
-304
-144
23
264
-225
-143
77
473
71
116
-173
-193
-303
72
-46
-236
188
286
-17
-212
121
-237
-78
210
-149
-212
-137
-175
-257
188
-37
3
56
-43
-118
-307
91
-18
21
31
184
-103
-28
-23
23
-114
-67
220
-407
24
89
-82
67
150
-220
-6
7
-51
-581
173
106
275
-43
-268
-118
123
-194
477
-7
-218
-196
-173
-127
610
388
174
30
216
85
136
86
-357
-291
-149
-116
341
80
130
154
-392
247
154
-558
-92
39
254
53
-312
25
245
104
400
178
-258
382
77
-182
140
354
-78
-188
36
21
421
15
174
30
-153
207
-147
281
116
107
-244
47
295
-113
-52
30
-65
141
-81
-245
-39
503
528
-69
-196
162
240
-251
40
7
13
191
215
-224
293
55
-113
154
