37 92 676
1 21
1 25
1 27
2 1
2 14
2 16
2 28
2 31
3 16
3 23
4 19
4 22
4 31
5 2
5 4
5 15
5 19
5 23
6 2
6 3
6 13
6 15
6 28
7 19
8 26
9 1
10 7
10 35
11 5
11 15
11 24
11 26
11 27
11 34
13 22
14 0
14 22
14 35
15 16
15 19
16 3
16 12
17 0
17 12
17 24
18 1
18 14
18 17
18 19
18 20
18 29
19 4
19 6
19 13
21 7
21 10
21 24
22 24
22 25
23 17
24 25
24 31
25 20
25 33
26 5
26 17
27 0
27 9
27 18
27 23
27 33
28 14
29 5
29 18
29 21
30 9
30 25
30 30
31 12
31 25
32 20
33 23
33 29
33 36
34 5
34 8
34 10
35 21
35 26
35 27
36 2
36 31
89
52
39
63
11
4
18
47
83
65
20
61
54
23
49
78
80
44
36
19
76
28
51
56
68
38
34
16
5
79
59
46
70
75
35
48
10
84
86
21
1
32
40
74
24
13
12
26
31
58
64
69
85
60
50
9
90
29
0
55
57
73
42
8
71
3
14
88
41
77
67
82
7
66
30
91
72
25
6
33
22
37
2
45
15
81
17
87
27
43
62
53
978
-93
475
1252
-49
402
304
1304
-139
-1478
136
-961
-9
213
-622
-632
1460
-1138
-832
404
363
358
-216
1000
-93
-227
177
778
292
141
-1343
-884
675
1617
425
-347
-484
-218
-212
137
769
-1020
1018
-546
-415
1149
641
1190
663
566
-1078
534
335
135
-117
-45
41
227
-260
1341
-48
166
-430
-45
581
122
40
-1730
661
-71
-279
817
-1145
-411
1523
-1153
-1491
-641
145
-95
-245
64
219
-878
-298
128
837
862
349
154
-6
658
150
-419
160
-1161
565
-196
35
1115
349
836
426
-1320
-940
-415
1149
-583
-148
-365
596
470
314
-573
1114
137
-117
-455
500
-193
1150
776
32
-612
-567
1319
474
-181
-640
-363
272
539
273
-874
1068
-95
-862
-420
216
40
1621
1178
-610
-557
320
-209
-156
639
1002
177
163
1113
-816
-421
477
-467
23
-677
-1058
-449
735
688
-283
-295
131
-876
-242
222
-533
-856
780
253
-532
-126
860
-90
-148
-585
-911
373
588
-642
-16
726
-915
224
-719
515
-33
1067
379
-1146
1346
924
1100
342
922
-221
-1517
942
534
-1300
-588
1806
-531
544
-79
511
262
-753
793
515
-236
351
-370
-581
436
1180
-291
587
1578
531
-261
241
-663
694
-448
815
93
-576
1071
1059
1001
-865
1109
483
216
-499
-1077
893
438
484
58
-91
-532
-635
-65
1235
1173
-1215
924
131
-1069
1254
-38
1154
37
-512
1328
-352
-852
-22
-318
109
363
-859
1098
-128
582
88
310
-992
-112
700
-230
689
90
-555
-696
966
1042
-826
-919
-211
-401
-643
-1103
1545
846
-1227
87
-969
-266
-644
-56
-235
-607
-2129
409
801
-648
-849
-1593
-1140
19
180
-146
1179
546
401
-499
1278
780
629
-511
-278
-879
-825
-1083
35
-308
-12
-131
117
-281
1764
-540
-117
-180
1189
-650
-243
287
1197
467
-839
862
-795
-1065
390
1066
179
9
-1048
-1224
-838
-165
-3
782
346
301
137
324
-1431
-103
478
306
-104
572
545
-794
-485
-721
742
-529
1471
-244
-1029
-43
559
-1247
-475
803
8
-44
1073
-264
676
-479
-198
262
122
90
1314
-79
-1462
523
748
-767
245
-241
161
-533
218
222
533
447
1085
-2006
-1377
365
1001
-646
-730
-141
-1384
-1179
-51
415
-406
148
260
366
1123
543
394
325
-824
78
-45
1037
352
1162
-626
-228
371
-475
590
-219
-127
-503
374
-179
-120
1137
-224
-382
881
-289
1084
-49
-1101
-439
-248
767
961
560
-58
100
-187
-45
-243
530
417
-1064
-526
-777
-37
216
1518
332
-371
-918
627
-424
386
855
-611
102
366
-83
1802
59
-425
210
-99
-172
1207
736
1350
-575
-505
789
184
572
-241
-756
-110
-569
-267
-1934
63
593
-1177
1704
256
797
-980
-709
-272
1339
-391
402
-154
614
-309
420
971
540
147
221
-332
-566
-138
203
-1932
233
-349
-394
594
-309
-406
-477
-477
-143
-538
-827
367
-49
638
210
-372
-1084
-735
202
-29
757
497
-1630
121
-108
-418
55
-770
692
-478
334
-139
-513
-641
1088
-198
-361
1416
-335
42
368
379
643
608
85
339
-74
-851
-1917
-308
-1251
-69
-286
558
15
-207
234
-129
-1222
61
511
-1021
535
-792
184
513
14
-504
547
-1455
-1195
-310
-524
232
1210
-154
896
599
-442
526
-733
434
379
700
-928
-952
1065
-134
-531
-422
-420
-349
533
-593
-21
2
305
-250
-256
840
-310
-265
-1045
470
504
-221
-227
2122
38
-1085
1695
-417
1494
-470
676
646
-715
275
23
1333
799
-905
-187
-1478
-292
-711
-537
-910
598
-45
1538
308
1152
-661
-75
491
-210
331
-594
-705
90
-677
-515
298
1834
-73
-755
-1754
-59
1335
1186
-57
-959
-844
610
958
557
731
-873
-405
45
-223
1396
661
67
-607
-295
-725
-937
721
-696
-90
876
754
-363
-1055
1434
176
552
695
-552
-560
116
-177
-194
36
274
-192
321
1585
1020
-323
422
270
-905
1667
449
-677
428
488
79
-1582
1150
686
-41
185
-582
-582
-299
-288
226
-799
18
230
412
-1316
122
-801
126
483
122
-114
344
227
95
-557
336
806
-737
27
417
-297
-224
-195
-90
-518
465
-1219
85
46
112
403
-195
-1134
-301
-219
423
484
577
-596
-1085
334
687
-530
397
-1287
258
937
-783
-466
401
-482
-417
-587
-740
-1310
506
-1038
-60
185
548
17
1070
366
-107
-1342
298
298
-209
361
275
936
82
639
-488
87
848
-799
-655
-1162
871
385
-236
-275
-377
-297
206
550
-259
-373
-195
186
-410
1130
-403
-202
706
58
-1010
-336
267
199
-793
-800
-592
-36
-329
418
-29
-569
915
44
-1245
-319
423
-364
-434
193
286
205
-680
314
630
782
269
-606
501
538
-887
-643
1536
-506
-10
770
-59
61
-505
-113
144
777
-441
-153
-509
1908
-478
-447
-319
-596
34
-579
35
-707
-883
388
-358
1423
748
940
-746
1324
-213
764
1222
71
419
-863
-120
-972
1038
1412
254
502
541
-672
103
871
315
680
-552
177
-353
-787
-1193
351
248
-968
606
-29
171
375
-230
703
87
-178
453
-776
-132
286
-305
-441
996
-1674
-765
564
-698
-25
330
789
-51
-843
-1099
627
973
588
-870
-68
426
275
-1119
1080
366
726
-550
163
984
-676
18
-46
912
477
-180
385
298
625
-1169
-1492
-912
-927
629
390
-121
59
931
-654
422
-292
561
900
-363
-654
803
-195
-859
136
1580
1730
664
-332
-86
-384
-1113
-267
-1050
-162
102
453
867
-433
-954
-284
121
172
628
-111
480
-18
-350
487
485
622
-449
96
-358
-297
-649
-136
-1225
-437
-561
-1783
1603
-49
1317
-107
-1074
218
163
822
1026
1237
874
-218
-337
1105
32
-343
729
-322
741
-1395
720
-13
-91
-374
492
-331
-579
385
249
-1012
875
-1157
325
-1331
-153
234
362
-247
-1138
-135
382
-588
-1200
819
1241
-395
30
938
486
1223
172
246
371
-261
-843
58
945
903
293
-435
-354
551
1890
-375
-320
120
-1033
1022
150
-995
-320
313
-142
-869
-617
1226
-419
-261
655
-411
305
-362
933
823
-175
87
754
596
370
208
57
41
575
561
618
-412
642
398
-602
136
1417
-494
-917
154
3
-513
-683
1024
-441
36
529
-212
189
-422
-551
325
1585
-601
-860
-889
961
-687
-594
-53
-270
-341
444
-142
-241
-903
-490
-1485
-1388
-70
-151
766
-36
-1300
-632
753
215
-88
-27
-108
-76
-173
-41
327
-259
1186
2
1034
-354
489
89
-446
422
-665
339
89
134
-438
-442
-539
25
-821
879
1114
-625
-167
433
335
-1108
665
1653
-1231
-376
-683
455
-425
-94
-552
-214
176
489
922
48
-315
958
152
-571
502
-199
-117
1173
797
-1575
1235
432
153
-1101
-650
621
-118
-709
16
510
298
881
-647
-289
-986
711
418
-249
653
576
-751
-400
438
1314
504
141
-226
-274
-315
799
53
-69
-70
363
-622
-21
-380
-476
364
-633
559
9
-772
77
379
-463
390
358
558
-459
-226
1176
363
378
4
-210
1119
110
-513
-43
1170
-262
827
-402
1601
-100
533
143
508
262
-492
315
-853
63
1448
-470
-477
730
-1311
134
324
-136
-482
-174
47
1009
-693
515
15
389
463
-90
-644
661
-1746
-212
-1014
-1083
769
1377
-402
-602
564
860
-400
352
743
-283
-6
827
910
400
-1114
-424
273
-26
1314
692
182
829
-946
1235
169
-227
191
-21
648
539
-692
-2
209
-1050
-1120
314
-21
57
-436
722
8
652
-2011
577
393
254
-333
1288
394
-933
-655
-198
-66
258
180
-413
241
-764
163
-674
416
-311
-1046
556
-658
188
-33
-356
758
-1064
664
-28
-445
379
150
-64
1140
1257
-1120
854
729
943
-601
-2043
292
-1117
-110
229
1000
-835
1561
-327
178
649
-311
1544
-69
457
1445
464
785
630
-560
-200
-403
-1376
-782
-342
-381
52
-223
-262
128
665
-545
319
1058
591
777
676
-715
-157
1125
132
-110
-515
-377
106
188
218
463
496
-330
-903
277
1292
861
-523
-399
-980
-507
-761
331
638
-215
-365
-687
-55
-785
-312
719
-525
1192
-373
-778
507
30
-476
251
218
1400
591
-1385
277
147
625
-529
-656
-278
-628
295
-511
744
561
381
-29
-338
32
-1230
-268
-184
712
-41
254
-121
142
853
130
305
396
-290
-651
715
-299
484
-808
-126
-457
-397
868
458
-8
-147
-152
406
52
434
-1091
239
-597
-722
1369
-91
-696
-508
859
-190
-214
-106
-1377
656
1104
-387
635
-658
681
739
179
1049
282
-840
-731
-226
-948
-359
598
-256
889
-1277
-349
-142
568
-1108
64
178
-649
140
-234
508
-132
-313
71
569
630
-1350
-47
629
-876
1400
-713
-818
-467
-371
1096
-933
1529
-298
-1081
-44
-164
-963
282
-72
-548
-724
-291
-545
269
503
1002
-617
-496
-800
1107
132
-220
-56
63
708
625
181
-268
638
634
779
218
1364
513
175
-1233
1158
44
-10
1123
-64
-444
131
-527
523
-273
-601
954
-85
677
1800
-387
1388
337
-99
-1187
143
361
-85
-543
391
-516
1474
256
249
-891
658
-931
-228
-476
1310
-449
407
311
128
-223
523
526
1014
578
11
-58
840
1421
-1226
241
-676
493
-574
522
-240
246
-89
33
96
22
972
-256
1052
659
584
-359
-2091
860
122
229
220
293
23
-111
-77
-1014
205
-25
-756
-49
-89
598
-434
-197
-1295
-10
-1126
1043
-1078
413
-904
-59
969
-237
182
379
649
345
-9
-694
312
510
-137
-540
-422
-569
244
-621
151
-264
-879
263
613
-714
-2024
468
-331
715
41
-670
395
1236
1143
420
278
716
-223
-1394
-284
94
-275
-97
-567
-112
-219
212
-44
-121
343
-282
-1052
508
201
-209
862
-238
-1069
335
14
-311
198
337
635
-704
-356
60
-1206
-233
366
789
-975
-516
323
-213
-854
279
-778
-659
604
-1220
575
808
-1527
-966
381
-77
145
-1320
428
133
423
109
-440
-1643
361
-1062
950
-14
720
754
-215
707
-119
1046
-501
-1295
-1295
-588
37
84
-1402
-742
165
536
-1099
327
-323
-562
-1082
-1631
589
205
341
1036
434
346
1265
218
72
267
129
563
247
-361
372
-681
-645
1560
-437
215
973
-1122
-955
-22
-216
-431
109
-77
-989
-250
-1050
304
80
-911
164
1027
-156
-564
-1334
-978
1276
-985
97
70
260
-91
-853
188
-861
-129
-167
45
432
848
164
274
-117
134
-95
219
479
-217
384
-791
-290
94
33
-681
-65
-82
-234
998
-716
-183
1091
398
116
-109
-412
-191
1120
-46
988
631
445
805
-520
-620
-868
371
512
-1613
220
-14
-903
955
-973
173
134
-222
-87
565
347
-383
-820
359
-707
-52
-495
185
-143
-44
-696
-450
-80
681
646
398
857
136
1243
84
256
235
-94
136
-807
-171
-1169
135
-873
1119
582
-544
1220
-271
48
-1319
-1012
790
-835
-106
-1225
420
-409
1565
-257
-40
-1028
493
-286
1410
-681
-1275
-721
540
356
727
-92
141
-1077
-290
-56
-70
910
660
-1751
174
-789
328
108
-170
368
-91
210
573
326
110
1203
140
-530
-1
658
-80
254
-1126
113
-314
-385
31
-270
-51
-247
454
-208
-478
-366
-466
813
-392
-604
-505
121
1040
383
814
-377
633
-4
-61
143
28
965
923
613
-79
-1102
112
-624
914
-55
-20
1271
805
378
607
1075
-342
-970
934
246
162
153
-232
631
-602
79
-480
-899
-661
586
-554
-971
-210
-689
-1052
484
1927
652
-56
55
-693
297
385
781
-570
408
-558
1522
-28
883
-830
-41
-490
-595
168
-248
352
-243
-954
805
-981
-315
-757
-494
76
364
-536
-185
505
504
512
316
-498
-1189
-995
391
1272
-843
-757
544
-304
191
-1
297
-12
-376
-1048
-468
538
649
70
109
-749
264
-694
313
-611
795
-928
-155
127
203
-203
-970
869
-314
-377
-647
698
1515
564
-866
-1563
501
760
271
-201
192
-326
-990
2
601
-822
185
-958
590
37
-761
-679
-388
217
-1105
372
-499
-592
731
1132
154
922
-590
161
-583
348
-155
127
-381
-259
1303
-910
-204
1307
-532
186
-106
-237
469
-474
-217
-1003
545
89
1052
-1018
-473
116
-221
73
15
-1071
158
1004
364
-631
288
157
494
177
376
793
695
-1945
-199
-840
-78
-69
16
-82
-613
355
90
-1169
125
-248
-251
630
282
561
109
-260
1183
-869
-505
396
-124
521
647
-1250
-281
1050
-187
-506
1002
1000
899
470
1801
662
745
-265
-79
-459
961
869
436
-173
-350
-361
1018
-878
-542
-11
4
360
734
1022
552
811
208
715
-634
-774
-488
-1678
9
496
-1604
258
-315
-763
216
859
-386
-221
-526
-595
-329
-629
-42
-705
-85
1302
-563
-891
-1036
-637
222
565
-743
-126
439
114
760
93
-488
79
61
612
304
-1596
580
-1155
-1828
133
376
679
-291
-914
1235
206
-638
415
-539
-191
187
464
132
69
-94
-618
-691
-287
453
80
1101
-312
-772
725
448
604
-756
1039
-609
-499
-742
69
-271
-629
405
-51
-240
-306
1242
-1576
-831
667
-302
499
-368
16
234
-882
-995
532
667
311
-290
-509
954
-1305
-139
-1237
-383
-374
-706
-389
372
633
-759
-1392
-1366
700
921
-683
998
35
-330
781
-513
685
-512
1325
-1031
651
294
77
-167
-24
-1330
-163
-301
877
-576
-1047
-437
-794
681
669
-194
212
1221
-828
319
-1346
902
305
-46
-353
-349
685
-239
-547
-461
-772
556
-520
-528
1155
1232
-1012
-1631
746
-1166
-361
823
563
-292
592
-669
119
-665
-134
-305
-1454
-536
21
-640
1801
-1485
33
872
-79
835
-1281
-246
879
428
-691
-316
107
29
-501
886
-271
-495
445
689
-609
202
-820
121
691
-578
124
-459
-435
339
533
267
1820
15
725
-978
-720
962
156
1166
1222
-365
1030
-456
-1323
137
-76
-107
-1497
130
1819
593
1054
482
-535
-817
545
163
-197
704
299
719
1477
465
-220
-153
356
632
-414
273
82
631
1685
-193
-533
540
199
532
731
539
-123
372
709
-401
-755
112
-1252
25
1141
296
366
193
851
-584
195
652
1422
877
-969
-59
426
-975
-700
-382
-297
193
421
-417
426
1141
-496
-245
-485
-15
1089
292
-111
-54
758
-589
-635
-658
-53
-435
332
-714
-194
-593
362
-1380
721
122
100
33
145
-88
1144
218
558
-337
-506
-751
-104
-191
245
-525
45
675
204
1078
213
-126
339
749
76
755
254
1405
-668
-715
566
-164
-445
-236
1521
302
-483
117
-33
1467
-280
169
-427
-474
312
192
509
96
-703
640
-100
329
34
540
1250
-1160
398
27
78
-824
-492
1172
-548
-37
9
737
-224
195
170
-462
907
1171
-633
186
347
-891
-1422
-144
1252
510
-666
-396
-180
370
386
-258
175
528
447
-713
423
513
-577
-910
375
-690
113
675
63
-726
316
410
-206
109
305
1163
-1030
519
208
244
-527
-615
-898
613
-283
1336
-504
820
-562
-337
162
511
-1158
517
701
864
-360
39
-114
-260
-288
150
96
-56
581
-301
170
-157
-1363
120
393
195
-418
-980
-538
425
-432
600
-375
1244
-713
114
65
589
639
-28
-220
-1158
-68
721
539
-135
-402
-1874
71
-44
347
1280
171
519
401
496
-498
-294
553
68
-602
-241
356
-394
496
373
772
43
-801
289
69
100
415
272
-497
-246
161
569
-706
-1453
152
-524
1817
-196
1182
-52
-699
6
65
-118
-39
635
-318
695
590
108
-938
-394
-339
-788
-615
-400
497
-812
-678
630
-1054
-317
-277
-367
702
-1248
-858
-465
-109
956
550
647
-589
244
152
118
238
-423
-249
-495
356
-1008
-121
612
-752
37
1026
426
-1130
485
-371
-556
2093
-40
-493
95
386
-207
766
-488
1099
-633
-73
867
103
613
-1368
905
-1018
1395
967
-60
182
731
924
1860
-474
-192
-66
-366
-382
-633
1219
-443
327
-25
-365
1865
205
126
-1
918
431
-871
22
-769
-568
-123
445
-75
350
410
603
-1494
211
561
800
906
-459
303
-425
388
-543
-118
932
1075
-1627
506
612
856
193
44
173
-348
925
494
-1048
-206
1092
-374
372
186
671
-253
1241
1312
1755
234
-583
430
115
28
-30
736
584
-705
-735
-1114
-590
-428
48
362
119
106
-1018
263
-160
599
1025
-424
-652
343
-488
-255
-26
-676
-550
522
-1136
1203
-969
-89
-204
358
476
-415
-314
-236
387
-618
493
-15
493
525
-976
-913
-107
-416
-308
392
803
-147
-596
-375
587
355
-1002
9
-43
802
43
1155
194
-156
-1629
-6
-203
1219
1111
747
-139
-194
241
-625
-499
812
-124
-347
-212
-94
-543
32
222
1286
502
816
-200
-35
540
-476
262
62
-1170
-1303
-1433
263
-277
-353
695
1240
387
-26
559
-702
-290
555
-468
211
-68
92
716
-300
199
296
-424
629
-496
-62
810
-223
-650
444
-92
-493
-340
-79
-113
-278
1185
511
-685
-66
-378
1160
-691
370
-730
1021
654
-186
-1084
-585
297
309
49
-400
624
79
172
1403
-159
-672
-208
275
141
688
832
-9
-341
238
45
-143
147
647
-94
320
1152
-482
81
-31
-50
-298
758
398
954
867
343
437
-487
410
728
-737
-66
258
-739
169
-19
-592
-21
-389
316
206
147
498
625
-47
1
947
-597
293
1846
-1132
-160
-549
-231
-835
-880
-398
-2
-1126
280
-1226
-14
705
-319
-462
146
246
84
440
-322
164
82
-88
151
-59
296
388
-42
-511
-766
777
1049
177
-388
-824
246
-1081
-549
-246
145
-1429
309
-392
-1178
-930
183
452
255
1250
527
-49
-532
-343
338
489
865
201
426
-1097
-27
-1443
-827
-1076
-308
-541
-706
1320
-412
1173
-499
475
-1716
484
173
232
-441
628
25
-1127
1677
567
-305
342
-1032
1700
-119
263
-356
-1152
-454
-898
-444
6
708
942
800
751
-1004
-757
-516
-32
-190
96
-97
-150
32
-265
-228
-576
770
-283
-436
-815
-741
-303
-713
1229
462
349
-538
-497
170
446
-130
337
800
265
-469
-180
929
356
-269
484
-780
-101
127
-802
253
-352
-1621
956
-219
130
342
43
-744
386
298
-280
384
1371
533
252
-49
-552
178
615
-275
-279
-442
1209
573
-824
83
417
-985
144
-344
1350
514
1198
-991
255
-1213
-152
-733
78
333
-403
77
-190
-1013
-400
283
3
168
-239
328
611
295
-607
-197
-560
-653
988
-269
-1338
1192
-500
-345
751
-1245
-361
448
649
-235
-340
213
200
269
883
-373
-110
-807
-59
467
260
33
359
-767
-147
-1127
-1236
-258
-589
1203
-35
218
1120
576
510
-1145
1556
260
-132
-839
-797
597
271
1045
-132
-68
-59
-559
98
138
-231
-1081
1337
-830
113
-777
717
-556
-195
812
571
268
268
328
-804
-132
-985
825
407
604
1612
-576
165
510
222
-307
696
-2485
-929
-253
-593
-655
-903
460
-1095
-162
-534
-100
14
924
-363
-544
230
-663
751
-897
-869
794
1177
-1053
-1369
-419
-438
386
316
142
103
-496
-768
309
-961
245
232
1376
-239
83
-170
796
542
809
794
-567
-1371
-228
-421
-489
-742
514
-721
-1457
197
900
284
-367
-1646
153
-80
401
-873
42
-305
-271
636
-483
-372
475
1727
968
-207
850
-1187
-475
1270
-233
647
297
333
1729
-364
-343
393
1456
601
-389
67
272
-264
937
195
-708
-117
231
286
-447
-558
-1324
114
-1080
-197
-16
-825
-160
-491
740
1083
496
73
250
1644
-1088
-209
1309
34
68
-541
-62
-208
-430
354
-532
463
233
272
-451
447
-783
-199
-388
-48
-519
1109
-381
752
325
-148
210
888
-670
999
-1480
51
499
232
-1011
-843
204
-111
249
-127
662
-639
-149
-46
-279
-813
130
317
1128
-350
1048
666
-81
-1002
-908
177
161
1118
-904
-204
239
870
384
-635
-258
402
-15
-70
872
-584
461
417
-94
-205
1495
-401
-224
-274
794
-384
180
-89
-840
160
-552
289
848
781
785
1054
-32
1465
-1007
-68
281
-104
885
1978
-39
-625
123
-567
-83
1497
345
744
-1159
944
161
359
-269
311
261
-332
-916
762
-1312
-157
1369
-358
79
113
409
-106
-1116
423
-724
460
-1768
-1087
131
460
-1639
-5
904
-126
818
607
263
-172
-663
325
375
-1146
619
-345
30
1199
-296
-770
-9
635
330
-400
914
-254
-59
-389
900
-374
501
529
897
1039
119
-168
-127
74
238
561
430
1203
459
218
-990
2686
-619
443
231
679
-780
-927
550
-515
777
-472
977
-516
127
694
1591
-548
41
1341
-775
-44
649
628
-16
-1054
704
198
-181
-975
-199
-1640
75
-287
1716
1101
47
232
-662
-994
469
-40
-841
681
-175
-337
-1723
-341
-47
1054
871
427
-188
-920
991
-620
-618
-12
329
-438
551
94
-75
338
1235
-3
134
917
-563
389
212
-46
264
513
-297
1075
-549
-1192
910
-554
-422
939
-1113
388
-40
-833
-526
-274
-528
-212
-788
653
840
-266
-550
-267
-567
-20
-459
733
300
-258
-351
1146
-1888
670
-95
-9
543
752
-697
554
406
94
191
-597
-500
-202
238
-348
-220
-268
-580
333
361
-1334
-450
761
46
212
941
252
-37
-408
-550
202
816
207
-1267
687
-125
52
212
-897
-256
522
-170
64
-979
-1006
280
379
1562
433
1280
791
438
-1463
-31
644
752
864
1386
345
-144
-578
102
25
-89
-331
-1080
-109
197
725
-1107
-423
647
639
-431
1092
76
-132
802
-216
-929
559
266
185
-732
-721
87
-1997
-660
-522
2071
1887
709
671
-643
839
569
886
849
-27
-512
-54
-320
108
-237
-1820
1816
539
66
-332
-150
738
91
-401
200
406
673
59
-310
-588
533
607
563
-358
424
990
-73
-834
32
596
-227
1444
311
775
560
-63
-200
992
-839
-401
427
-135
347
-938
779
-1025
637
1163
862
-120
-1002
-851
-502
-810
-321
-557
-954
-753
594
-269
532
304
-1067
-1254
441
-1323
-1312
150
227
-596
554
217
-2
1206
-110
45
258
75
739
-1127
-243
187
376
-1077
-520
-67
-644
484
373
1432
778
-574
156
619
927
44
58
-70
387
55
73
-695
-67
-668
-191
130
-555
989
-510
1234
58
-1179
75
84
-274
-602
35
1093
38
391
-395
1089
-848
-480
252
-653
652
518
-213
-993
-1287
299
-965
30
-820
-1113
542
1178
-991
-281
655
-626
88
-255
-998
281
-1701
-512
299
610
341
975
288
-570
736
551
960
-502
-110
140
386
82
840
-74
-647
476
0
607
-146
355
-868
177
599
394
-220
303
941
-492
-461
-104
59
-406
-773
-246
-377
-110
336
-671
-357
-581
393
725
-461
1020
915
499
-56
-125
-478
206
91
0
162
-1202
-968
127
-1165
-398
188
-787
-877
835
567
-865
433
673
-957
1012
-863
22
565
601
376
808
421
-960
-786
406
1918
626
-353
221
536
-59
-119
699
-1543
846
653
821
21
198
613
-909
-1026
544
153
236
225
-511
590
-526
809
-1116
590
-433
334
519
759
-463
-583
1215
184
-321
229
730
-2
364
273
14
754
-284
-257
-1122
-1057
219
-195
1066
144
-214
-373
-541
-668
395
1170
1406
110
-127
-1223
-833
237
-478
14
-177
-1422
657
-313
361
436
-75
-189
453
-786
1487
861
1087
149
-369
76
-37
-287
247
-751
195
-117
332
813
-579
-274
1522
-357
210
-180
-945
1220
441
66
589
-1735
549
868
734
-240
505
-436
91
597
781
1057
523
-704
190
-66
-1180
-100
310
-926
-277
826
982
-70
893
33
-1289
-969
-1110
1067
469
-235
181
-484
480
-448
-294
726
-1310
1539
-12
657
101
1062
268
-853
-275
-442
848
-803
-756
275
-472
538
-468
-755
679
101
136
741
-781
781
1343
3
725
667
887
-36
731
1047
-892
112
348
-909
529
-1530
989
1425
124
-594
671
-641
179
47
378
273
-466
90
835
-526
1114
365
168
1474
866
1242
535
-478
-543
-67
-448
-637
-78
183
579
-1364
-1136
991
-842
7
-1391
-113
-1504
-160
869
346
-452
-572
1206
2139
-846
551
332
290
425
-685
161
103
899
-316
-241
-680
503
400
165
1115
63
-1202
274
-603
833
-479
-444
553
-631
486
-126
-1178
-637
14
-1529
210
-1225
496
86
506
988
-59
-26
234
-98
-292
60
-96
34
623
860
-525
7
348
42
-736
1049
-69
-446
-621
-334
-393
-319
-2051
-607
1207
1666
-206
926
957
-590
949
-383
-693
1018
122
-212
-338
-485
-140
-127
-762
790
-1156
454
-58
123
-201
-850
-734
1361
-1117
-386
-141
640
-977
-444
1464
501
269
47
261
68
-841
260
261
209
-610
236
-172
598
-381
1343
-2
451
-67
343
263
-25
-1396
-116
785
313
203
1264
-13
-141
-199
989
-93
1161
-52
-634
-302
-563
-378
-689
361
-460
-304
-278
-761
379
2
-159
-124
606
-256
986
-144
-939
455
-640
-54
128
-716
670
615
47
-51
77
-760
-452
-377
1517
1058
-706
-183
102
933
-927
-437
-216
772
-929
-748
-1435
-673
-368
690
164
96
36
-655
140
-57
895
204
-786
258
709
-398
713
-608
421
-347
-338
952
-427
616
1152
-159
-61
-386
-289
28
-220
763
-350
-273
-142
339
460
362
-360
-159
-951
375
-137
288
-717
-311
-188
257
-460
-644
725
434
705
453
-729
611
1218
-652
-544
-74
-596
-243
1035
-836
-687
-71
1457
-1717
501
769
565
821
-478
214
-1166
406
182
643
-1027
342
388
-393
-943
-407
-928
1325
-1063
-692
-1952
378
525
-110
-617
159
-1248
-65
-337
328
-1013
-398
380
66
57
-112
-207
-293
-45
116
682
774
1301
-1183
458
-833
57
-618
-266
1155
-267
-107
-736
730
-148
-531
608
521
-806
1277
1411
-305
101
310
-475
-400
1317
-951
-478
-6
378
-265
883
845
-734
-284
1269
-919
-798
759
66
698
397
-175
859
1082
-1064
-57
480
614
-396
342
-984
1225
-865
46
671
-70
338
635
-277
-1021
-739
745
-159
-1084
-241
-163
700
-596
17
-363
696
-745
-1169
793
-451
-1516
1281
760
-630
-367
-619
-818
31
-37
421
291
449
-59
150
65
1228
-1038
1328
-57
244
687
694
712
-1041
102
-1550
452
-791
429
-658
857
-420
-933
2061
244
-1046
838
897
1500
-582
144
286
30
-191
575
-622
1278
-470
-838
356
-356
-309
-409
181
-9
-72
-391
1221
62
1011
-1274
902
132
1296
-737
984
-1242
-6
-356
-1534
451
-1015
-1151
-338
-705
-657
1193
-1134
-71
122
-534
501
-125
1202
-1211
-561
-306
211
-641
1707
-825
-764
-342
-24
-194
-366
-1269
508
965
276
1398
-537
-202
340
1305
-648
3
1256
-238
-143
-662
-564
-986
-137
953
-528
-805
446
810
-175
-693
221
-609
-329
1164
-667
-173
459
1320
-293
-2014
361
-166
-92
449
41
411
1053
79
-1034
-36
-20
465
379
-1350
-412
-1088
-286
-144
804
571
-454
1408
-182
-321
287
427
-277
-744
-557
-813
-790
383
116
-351
235
-588
-117
401
485
56
503
1858
190
345
610
1030
-43
-83
-1223
427
-1012
296
-787
1821
-192
-645
1219
35
989
427
727
1217
-523
-80
374
-946
11
-325
1229
184
-719
-394
208
1180
-415
422
-24
676
899
259
232
115
257
650
300
-89
79
-329
-96
614
-2
-562
-856
-905
-295
1095
1067
2076
-209
-1075
475
-1040
-4
30
-42
-1103
224
-641
-168
936
150
-1083
1298
-708
613
-405
-300
873
-388
167
638
-296
-1208
-274
-428
260
772
1505
-420
393
-397
-1510
-329
389
417
324
200
-1747
-189
-635
-638
874
618
-1134
415
-947
-982
-270
159
-742
-968
130
-391
-812
-909
232
1183
-173
-41
854
-297
-97
-45
-366
271
-645
460
403
-226
-388
-557
179
352
-152
-152
-358
-673
-63
-1530
-884
-57
-329
-975
-1084
153
101
-175
-68
-846
413
-163
-891
-72
-619
-223
-76
1309
-212
1059
1373
413
-763
1903
116
-425
-728
529
495
-887
-1431
938
905
-477
-537
-366
-1436
543
693
410
465
-123
585
-947
-766
-558
-95
92
-845
-509
-626
-545
352
-929
-1376
326
-1601
-74
1697
1350
-635
-158
291
181
-1251
116
946
1285
-191
-81
205
-94
1199
-6
667
540
-209
325
394
279
275
561
-62
544
528
-372
956
-547
1472
-924
-170
659
-861
707
357
58
187
-510
-504
-839
551
1315
645
106
377
-457
-608
-284
-131
215
7
1080
927
-890
456
-467
556
-478
1402
-561
-511
356
-537
-380
110
-168
-890
549
-511
123
-375
-878
-623
-286
863
-582
1036
-645
141
-655
142
320
-205
-592
1156
-395
212
1038
841
-281
-361
-464
680
12
-167
704
326
-706
1665
-438
-180
-197
472
-420
-166
83
863
-435
-280
277
-1392
-1299
1426
-226
549
138
1437
-226
-395
-205
244
84
1102
-50
-589
-1045
-1057
971
-109
224
-206
-116
-188
-383
157
-872
-77
-587
-158
1450
-321
-286
-255
-152
-658
459
648
-598
98
303
769
-649
413
10
629
849
-502
-109
666
1463
669
1324
100
-455
293
242
-254
386
971
32
756
-99
-970
321
86
306
645
-124
-341
913
-189
-655
1189
-193
877
81
631
595
974
-153
460
-537
1165
-415
1379
-308
364
1054
-726
-1219
-576
-151
-236
-797
-590
257
741
251
-560
465
-225
-1338
518
342
652
424
-259
273
303
-731
-695
662
498
269
72
-634
981
580
319
398
436
786
626
-415
-69
-786
-883
-840
1210
284
1886
-1012
-1571
-522
-77
-1345
142
62
687
872
-497
808
790
169
-855
1036
-462
-654
-1029
1292
-756
-521
-590
514
-517
1192
84
88
202
589
-258
-280
-195
615
-318
-316
-1243
538
-388
768
24
-378
-28
543
-980
911
-147
354
694
-422
-58
-179
-449
-295
734
-118
1759
1306
690
268
2145
-1030
-1573
1165
400
-834
1003
475
1002
392
668
-628
158
-1579
553
514
-396
223
471
811
606
428
1454
256
-415
826
673
-1179
1055
1856
-374
-463
-279
86
1654
196
-839
-742
-276
-1435
518
778
-412
-772
1214
-435
26
97
-1321
273
253
-475
428
-169
-952
935
-616
285
18
-283
-240
-1011
220
-298
706
1488
61
248
-945
120
1356
4
-1055
-714
-521
401
-893
-599
-438
-426
-759
1105
-670
318
893
481
578
784
-16
102
-1201
159
-371
476
-764
-953
1249
-163
-87
-42
-520
-276
-185
-923
66
609
-422
-856
-94
295
-389
-860
-567
-596
108
220
-366
110
-1220
1266
998
395
4
-649
-963
-695
-589
796
-376
400
720
-523
783
649
456
-860
25
1067
-2
124
247
-29
1868
230
289
-1559
-715
-698
-537
-8
429
1032
1011
-313
-1227
17
-212
1153
-1659
119
128
-356
-660
-1182
511
-744
-1144
-706
-1161
-944
-782
-74
280
1192
-288
520
-451
225
-707
213
1028
238
-255
89
-159
-543
38
-1195
1012
280
973
554
-381
443
737
787
146
-613
656
867
-255
-44
-581
-397
370
548
-462
1347
-184
-627
-1155
-184
1104
1030
304
-83
-740
368
151
-63
1155
-1952
-490
-696
-16
-601
-1179
-405
-264
1172
-1067
-677
548
392
-907
14
872
-262
385
-1085
612
-1597
-185
990
1096
772
-952
425
604
53
78
-1110
704
-201
144
173
-582
620
-786
-106
866
337
-420
-78
382
291
491
592
-889
-1317
851
611
358
330
-909
33
550
461
-513
-229
377
180
1260
-235
750
323
-916
-1229
-536
-236
-1644
-514
417
1092
697
1111
523
-113
239
-1175
52
424
-662
-781
-382
-1287
-1045
428
792
-338
-1020
-73
-804
226
514
-142
800
313
620
-313
-1182
-410
520
-491
712
65
320
-815
151
223
-650
467
-61
758
398
-628
-955
-99
608
-681
916
-905
-684
-222
-12
-122
-411
763
1281
174
816
-65
524
-1185
-209
-330
-409
19
157
-14
-58
1170
-348
971
-460
-778
262
-24
-919
-245
161
194
-211
262
525
-1216
458
-1177
-1140
195
-653
-612
412
-286
387
-324
784
-143
22
1160
328
247
-735
936
536
-26
57
-258
126
-99
1151
-604
-147
238
847
65
608
-747
-344
509
359
-1099
205
-340
-907
-555
-369
150
-51
-705
-198
-267
-796
632
214
560
974
89
-687
-198
922
-183
113
-467
-566
-509
287
-2080
-212
-855
-739
490
74
-960
-405
-194
298
282
-783
764
350
619
-337
-749
-800
587
695
53
-26
-427
-179
822
-25
-315
-595
-157
749
1131
-137
-417
20
-151
-300
-236
-1008
-78
-1302
282
529
-85
-505
-323
-200
-511
1728
293
-950
-213
826
708
677
234
-36
48
296
-1479
454
387
-25
-550
-804
370
-48
-450
483
-341
868
180
-459
86
-526
67
-58
-924
-772
-164
891
-150
262
-398
-27
-528
123
-1092
-260
-320
334
950
-93
-828
326
1258
1288
-576
-442
799
18
-357
-1314
146
-446
351
-134
798
567
-1405
-365
451
537
-928
535
1147
1399
1159
61
155
1937
574
301
-770
-446
515
-220
-165
713
942
798
-898
-195
-605
664
894
328
-1059
-619
-166
-1045
620
469
-420
-883
-488
-179
870
437
-5
-693
1793
-311
1715
81
471
2448
574
-99
-272
1186
-645
550
-950
-20
60
-406
-643
153
40
-433
746
266
-514
-710
-488
-937
266
-847
-868
-613
283
-1022
795
-674
-1070
-798
-1000
-935
693
410
550
1070
-3050
2013
-1251
-660
-721
-153
202
-1210
-498
38
212
-92
452
-462
-889
400
-521
-67
-27
-267
201
-625
1582
-649
-385
-236
-59
-1426
-1253
1270
-112
206
9
574
-358
-232
-23
-535
-1003
1830
-989
1040
705
-1207
478
21
1132
468
-561
-446
51
146
-37
542
-867
336
152
304
146
-740
601
-989
422
-144
689
-679
71
-160
-339
18
-137
241
-891
399
-319
-37
-677
125
-1315
-539
456
-103
-1472
-537
68
-302
583
137
-1112
957
-1597
442
192
641
-607
11
-106
-179
677
695
795
-348
-1258
394
-1841
-229
-256
607
-211
-1020
-96
112
582
-1080
-63
802
-244
-263
164
71
450
-390
-188
367
-181
-102
1030
491
274
-947
-260
-732
107
-352
-11
-216
344
-352
370
-188
-113
-1120
-378
649
-899
978
-313
142
416
-314
-187
-33
58
361
314
473
-652
-997
876
-493
-514
-78
-182
-52
0
492
408
-177
153
784
-1036
1294
-957
1396
178
604
-151
968
585
709
-336
-594
242
180
801
-710
234
-404
239
-49
230
1036
199
-542
-2045
601
504
915
279
892
276
1286
604
-193
349
789
-735
429
169
-594
-449
-664
-606
-242
-355
772
-209
-779
-449
-598
-395
589
-829
17
665
-224
-355
553
251
-1227
646
-1139
1041
-249
950
58
39
524
611
421
-721
-1050
-526
-156
-370
-1124
365
107
1151
-633
-438
-364
1040
248
31
-357
-663
634
1474
582
254
-1000
243
-606
117
601
45
127
-592
-71
-551
895
412
-32
26
419
-418
-1104
390
445
714
373
1509
1377
-861
-715
434
275
347
8
-1983
395
1033
219
303
-1090
243
229
73
-391
1356
932
-1410
-572
-113
754
128
-71
1009
-443
917
-711
782
562
-226
-333
-714
32
-234
-443
324
777
-1160
-792
-549
-71
168
-85
716
825
-124
868
-23
-604
387
-168
719
457
963
-129
120
-1537
-124
198
-988
-1054
196
239
-449
-220
-116
1129
1193
544
-785
-1235
-676
-81
-2022
-539
199
354
-192
1134
-75
581
466
-175
-106
95
-1054
-77
317
-649
-221
-566
118
994
870
-1294
-69
33
1158
662
784
-902
331
-125
35
-675
89
-476
919
24
799
407
632
306
522
111
-741
-936
-305
65
286
781
-254
-1293
-103
-201
304
404
677
-4
488
369
409
1068
417
-681
-61
-782
-90
-1348
-247
-673
470
-874
256
-637
1027
-928
-214
84
-786
-729
-303
215
-809
1363
1226
224
-573
-82
-118
-174
-237
-182
-1014
-990
663
611
607
-717
-535
-311
-291
-973
415
650
-1162
-779
584
773
-34
-1521
-859
-206
215
-310
144
-734
1307
-624
672
-1404
-159
496
-302
-639
-1317
-779
-1161
184
-987
111
-1373
-1108
694
-130
-274
81
478
-101
-840
-338
-219
724
461
-779
-272
-189
-928
-316
402
-628
723
-102
-86
-1091
-523
750
-360
-366
726
370
-1391
-802
767
-355
41
388
-166
28
-138
123
-938
-649
-818
1
417
-547
-685
-243
435
-410
-232
70
882
953
-211
-22
151
739
-647
83
448
-107
-430
-1748
54
-168
-709
-103
-410
387
-589
90
-1228
28
-168
397
70
-384
-754
-1440
149
-303
-822
370
-122
357
-612
-544
1548
-1136
-561
294
-303
-877
-588
-1017
1246
-328
34
1251
369
177
-1397
-636
-30
434
-91
747
-1038
-62
431
-329
-516
-242
-1145
256
-255
242
939
-712
912
1383
458
-277
-54
-264
172
-164
-404
516
427
-917
-577
-1062
-1525
742
44
-1212
-246
98
-899
-42
93
-945
-680
833
1057
-1320
450
1033
-279
-156
-799
-152
926
-202
10
-866
-886
16
742
-499
-72
-1
38
911
632
-1053
359
131
-96
-255
150
-807
285
186
-31
-783
1032
-565
-241
-1119
-1456
819
-47
438
-358
641
262
344
-1392
600
-977
755
1433
172
-183
66
409
613
-516
539
472
791
-1360
179
155
-81
1380
1253
-8
906
-368
65
428
827
-87
-1248
97
440
-990
184
-421
127
-60
1557
546
-60
-763
-1040
-1358
-200
608
-545
310
1150
708
-586
-573
78
660
224
-678
-491
-65
1039
775
231
-255
-1026
703
-1011
828
-1261
-493
-512
-892
-1
-1330
-493
-256
-1315
547
-502
-497
843
362
452
470
-119
-856
-178
-198
937
-488
548
-264
201
-1260
357
-891
976
-140
-353
-267
-153
-465
-603
-118
-952
-63
794
188
-195
1280
928
-107
434
692
-245
1403
774
-207
481
-696
-308
235
81
972
423
-1194
-715
1035
-439
95
-1006
-608
-1229
-659
-561
167
-372
-486
500
1028
309
-1026
497
256
-688
-61
570
-798
173
-149
-183
1226
-258
48
129
210
-776
98
-672
183
-696
-481
1237
702
-529
-366
-1165
-314
-312
595
-170
322
82
727
1854
-228
42
-863
-294
451
303
-837
612
-805
-523
227
-299
84
-467
-66
940
-107
-291
598
-527
-227
832
232
-1425
944
754
-1530
-672
412
1018
631
153
208
-269
-1480
-24
303
-147
-78
-330
353
928
227
1327
-40
-262
-260
-629
416
197
-429
127
-553
306
-876
922
-37
-852
-784
-991
-299
-121
1246
-108
-820
1056
-163
75
-894
-297
-1392
898
-1261
-507
-144
323
-1164
-405
524
801
516
-449
-354
-337
754
-1038
-1829
60
151
1000
76
-89
286
484
-589
-383
103
-370
-923
-761
1006
-401
169
352
624
-677
-201
-68
-1793
517
-22
-719
578
163
195
-417
100
-207
947
-335
-269
-175
328
204
-548
94
-223
-395
-35
467
-406
-636
-28
-365
-585
-841
-269
-98
926
-125
480
-757
-626
-914
311
1198
523
381
907
-597
51
-47
-114
-1370
-422
926
-740
835
-292
428
283
148
-441
-11
21
-437
-438
-1762
-266
-10
-311
-223
529
-300
16
-659
-93
1660
670
-1164
-473
-524
242
-1098
-1258
-72
-846
348
-944
-78
-885
-92
-1244
-1462
-548
693
2488
-659
1096
-87
-119
-699
622
101
-498
438
824
394
-977
-1812
45
-723
120
-824
335
229
-159
-432
-66
-329
-96
-15
-798
782
1078
94
-7
-521
142
571
-141
588
-20
422
1325
903
734
1424
-641
-463
1204
-354
-968
324
-192
379
-294
-366
-302
766
946
-84
289
1054
105
867
1205
-732
-552
174
-279
-325
-94
117
-490
65
424
-588
-4
599
331
648
-420
-287
954
171
45
-187
922
625
-451
62
218
-1051
797
-1746
151
399
-189
-1807
264
-964
-470
673
-350
1255
-446
-782
-1050
-661
1382
-521
59
136
805
-129
468
540
-52
185
173
-425
351
-233
-1328
-201
-260
1744
16
-167
-326
719
494
256
119
-78
428
49
863
-225
-1
-339
56
37
525
-63
977
-1453
-359
-53
-895
171
-103
1395
-979
543
619
-531
49
-454
-698
-1078
468
151
720
-596
1278
-446
263
-90
-131
-493
590
552
-637
-795
-614
-212
889
532
-154
-214
-245
72
583
-99
-477
499
624
64
-319
304
903
507
-934
50
-438
533
767
-872
352
-666
-181
135
370
957
-333
33
-703
-1276
-151
142
-252
167
395
724
492
243
135
-99
380
-596
390
777
-531
1064
242
103
-89
-686
-548
-130
-586
494
608
424
880
1335
161
-559
-724
-55
-52
541
251
713
191
-248
-430
-402
688
-858
95
-177
15
315
-22
-708
-566
448
327
41
441
87
7
-370
1592
-808
-1065
1346
-934
-114
-797
104
869
-674
-797
770
786
339
-493
902
455
1644
83
549
-1152
-688
-250
-22
438
-277
941
-78
-364
148
-357
-2069
312
482
-588
-57
-366
314
-1051
141
-94
181
-1007
-190
42
832
-120
444
-1095
3
400
-555
166
-637
-102
-1134
731
-97
455
160
255
-669
-627
1697
-217
112
-1067
-544
-169
685
-121
51
327
574
-1657
496
-192
-1042
584
183
-1878
-580
-548
989
-626
-639
1154
-40
-86
-817
-629
-235
34
38
-515
-148
821
-561
-52
-1135
-807
11
-871
45
751
-425
528
18
-1225
-353
222
323
-31
448
-291
-786
-705
670
-437
-362
-157
117
-431
-648
-664
-1144
686
387
793
-459
-1748
62
-413
669
-209
-719
360
279
-509
710
880
-109
178
-79
9
797
643
-1318
700
347
-222
-67
-11
-775
-575
123
265
660
-888
1378
-507
-98
-475
524
-200
447
-432
-1337
351
68
-502
-284
-15
-334
-300
-122
-264
-1155
-775
846
1027
639
784
1438
-260
-72
-129
-184
-429
884
894
-414
-272
174
-27
234
2
654
-668
-575
-156
532
84
742
-121
-107
539
-780
-394
385
-824
-748
252
349
-9
-599
1183
-1070
1294
-517
216
-320
-1083
206
328
-1182
169
-219
202
1449
217
-724
525
-289
-657
784
-554
-403
329
330
-244
381
-242
-87
1459
-985
-335
1439
-212
-1129
-495
-998
-1793
-1383
16
-928
63
585
759
712
-734
-326
176
-1
-1229
-1151
-475
-89
-985
-142
478
742
55
1049
-392
554
450
-279
-130
11
145
-73
-1113
841
-1067
1040
-1052
844
917
704
404
81
-358
194
-622
-464
-194
1244
1248
-2033
-770
201
-610
314
-385
607
152
-598
1151
-534
-924
-1061
248
245
324
-699
332
-231
349
580
420
-1522
296
-484
535
1403
-1080
215
525
951
395
-413
1172
-115
18
780
-788
16
-217
76
-788
-321
743
24
-91
145
581
404
-1648
-658
69
-235
1067
558
317
-36
-222
-663
-152
377
-330
821
-811
-669
221
564
-510
1118
527
827
-690
-600
-497
487
1325
-50
-93
752
578
-532
1872
-984
37
178
-634
-150
-174
-967
270
-674
461
-566
-323
-141
-589
808
-424
550
-299
-468
-1104
-267
-589
468
-450
233
265
866
-1051
765
185
-82
-509
-367
-1047
184
509
-656
1147
306
-793
1181
963
298
-424
-617
-586
-139
10
379
517
311
-189
-304
-334
-1014
525
1132
985
416
1838
-383
886
-304
-266
-214
-892
41
54
-746
-384
796
1032
364
1058
207
64
61
-124
171
596
739
1582
171
275
-559
64
245
-253
-274
27
146
-328
-1479
-42
469
-391
-638
213
-128
-146
-1070
26
1272
343
246
-99
103
894
-189
89
-277
-748
-110
120
-1315
-222
220
-430
29
475
-1366
267
159
486
-948
604
-814
921
433
1007
-137
-430
240
188
486
263
859
-1124
-119
-467
332
1008
224
-826
-259
1127
74
-563
-555
687
-2
-103
194
446
-648
-476
-238
-12
439
-249
-444
723
379
-406
1001
-668
-130
-436
-793
-219
71
164
578
957
-82
-702
636
510
662
-55
-244
-1707
506
-36
275
-951
-227
-131
169
-1028
724
1008
488
384
821
341
642
-185
-534
237
1028
-614
-620
-130
-146
760
460
-829
102
-428
378
614
-532
-666
867
-873
-456
-477
442
-136
-479
162
552
1621
-307
-509
-45
257
-630
521
-735
926
312
683
643
-340
527
543
222
143
124
407
94
-755
427
265
695
413
376
1065
908
-1351
-78
-428
-596
1058
208
329
-1018
160
4
-1279
198
13
-271
301
-939
-2322
-838
913
-15
578
-349
-216
187
866
1002
-499
-327
-121
523
535
284
52
-983
885
1092
597
439
618
782
-261
950
331
67
135
-67
649
-543
154
-270
-369
-281
-362
-469
-739
-936
-886
-1253
-178
230
640
1065
-1073
-529
-65
191
351
-1084
411
-462
-114
-389
-736
839
-296
-1197
358
-1680
-119
1445
738
-849
-313
1248
-716
-929
-682
53
1043
-289
1265
266
991
-905
467
110
1056
396
87
131
480
-209
-1127
353
180
-180
-157
-240
549
476
-260
1082
-618
-187
-559
-46
981
165
-1137
-1410
-377
443
1499
-1230
-69
-568
-536
394
192
-601
-1044
395
-32
275
-304
159
510
354
446
44
-588
-942
37
960
648
-701
1101
307
601
-281
699
320
-565
200
457
-103
-886
274
1025
271
-721
-377
-998
156
684
580
-780
443
100
246
-344
-1175
-180
722
-205
1117
-1214
668
89
-769
-14
-519
477
-659
492
-357
60
-23
-426
768
-1100
1934
239
345
132
669
446
-1307
-453
523
-133
-358
440
997
-632
-210
-708
-475
35
-1032
14
983
-1313
480
-566
98
-355
-240
1120
277
962
215
-1425
-981
530
1064
-1050
422
-867
-637
390
573
-126
-967
120
-240
510
624
-692
176
-125
-665
-404
-534
-1141
709
-133
-780
302
-261
281
1201
736
-65
268
153
749
-763
586
899
-91
263
-1062
761
780
104
286
-779
1467
-1043
180
-93
-578
-650
329
774
-194
-195
-1700
-271
572
-805
541
-353
1095
-286
-379
-659
-351
1288
-122
1177
-171
-1053
-1322
497
395
115
698
439
1048
216
-979
5
-29
1013
1080
-196
501
-2011
683
-1386
-526
248
87
-197
420
647
-153
-1033
-232
-361
-861
-1068
-212
685
-377
-708
-803
672
-130
-64
289
430
295
17
-837
-1026
-71
347
694
-344
-1459
190
698
-633
204
289
49
-144
548
216
-607
562
-1234
311
-867
-832
1215
-346
796
-10
-73
-320
-153
199
215
354
-502
270
-34
-1068
-461
-408
-960
-11
-428
746
393
-476
420
-88
1735
-513
327
-68
185
1093
1026
-461
-817
-632
770
56
975
-139
1413
-173
754
1095
891
647
827
-291
96
-106
249
-225
-718
-31
83
945
1688
-865
230
545
153
-602
-1053
541
-1176
-508
878
-234
496
-811
-229
-411
-264
-640
585
-116
-501
-527
-903
-212
-573
516
1420
-180
-24
1105
-147
267
335
490
457
1229
60
-374
944
-116
202
-586
1074
-352
373
1293
-1010
-500
-814
1438
-250
-948
1245
185
447
-1559
729
-1282
-378
584
216
141
269
-139
315
-831
-546
-189
395
-1039
-274
-285
1123
-528
-706
-208
677
237
142
398
-246
1035
329
-814
-294
437
1373
-877
1588
-568
750
909
-420
503
-336
1108
238
-540
52
1551
230
789
594
23
351
133
928
-900
176
173
1333
-679
837
18
652
-484
92
322
-582
-18
-182
169
1215
1116
-834
398
33
-900
23
815
389
-304
1361
385
-697
-169
-384
-912
205
1503
972
615
-433
-324
-935
424
352
600
-861
46
14
-502
-428
357
-291
-198
204
-192
1135
-107
-44
-645
-375
268
131
1513
-565
385
-187
-286
496
-521
-732
-338
-219
482
115
269
-196
367
70
83
539
-818
162
-1449
498
775
-317
437
-558
-459
742
286
-408
1026
1106
1824
40
-70
818
737
-1010
-1083
761
-737
767
725
519
-873
1400
67
-565
186
-1378
-1768
1335
-928
-323
-555
121
71
368
229
1694
-161
91
-988
-397
1541
-1192
782
361
-167
370
-73
-1163
816
-866
580
323
286
-403
478
1197
373
966
454
372
763
-978
-482
-861
-240
135
-111
1499
-32
-685
832
-1010
207
1555
761
-870
-865
-425
1208
-382
372
395
-1012
865
-10
-332
89
-155
-89
-421
344
265
963
940
-158
924
359
-915
-439
587
-43
943
1406
37
-237
-1464
-195
-313
-851
1057
898
267
-660
1020
257
170
-547
-358
-420
727
356
-238
378
-22
-829
251
-92
-208
276
215
-157
713
495
235
-427
-853
1222
-562
1075
20
119
269
413
-300
-244
267
-170
-643
83
-1065
608
-299
331
-329
-79
-57
-324
628
-1548
395
78
610
-952
511
448
685
-164
-642
934
860
1105
-719
-410
211
972
-474
530
-208
-499
1041
455
130
137
533
337
204
-500
-941
-931
781
-688
1074
-762
-338
-574
200
95
-199
199
452
348
-408
-252
-1079
-429
808
390
-561
273
402
-776
453
-1520
-372
820
-926
-28
-199
-975
-475
257
-332
-432
-112
156
33
572
-657
494
-291
1728
-194
119
-541
974
-1037
-6
1052
-55
260
-474
-119
630
-814
-92
-898
-1219
-504
507
256
578
954
-1466
-86
-76
-290
161
458
-141
821
687
-1
585
484
232
694
-1171
-408
768
-765
281
101
124
55
-774
-373
-122
373
1069
-718
-324
677
740
-186
-281
-888
760
1356
52
-385
-38
713
-451
542
-665
-598
374
248
119
-299
-1575
-462
898
250
931
29
-347
-705
-264
-947
-975
-116
-23
-190
-731
-1471
732
325
591
-27
-445
1121
-1616
-64
-1091
-463
-18
-332
-439
154
-8
-368
-1164
70
-1339
-399
251
236
1308
-234
-91
73
-324
-1018
94
698
-924
-614
372
-623
371
625
114
1041
-346
-791
-216
-210
-949
-148
-220
-1290
743
-972
477
491
86
-590
-1
729
-429
110
782
38
613
-100
125
-1195
1034
43
989
127
-572
1009
-146
-689
-562
-332
1235
-1202
-616
-351
-522
-1258
257
534
1238
-515
-187
-569
245
-38
-528
-320
-13
-788
212
-1395
1001
296
-990
-156
-1502
-264
-1027
637
246
-370
-359
721
775
-617
-34
-930
-140
320
-10
1081
-186
-235
1159
-52
-244
214
1165
1224
116
-1018
-959
-963
734
-296
19
278
828
590
377
322
356
-1113
803
1012
-487
-966
-363
-423
-382
283
240
-359
-381
-232
-1167
14
525
-312
450
-409
-1754
1001
41
-764
2008
-109
330
765
354
-510
277
-94
64
-435
346
-82
608
-18
-1363
-225
378
-131
1296
379
959
290
279
1261
56
521
-196
2
426
-355
367
-432
536
-69
538
109
1586
833
-95
672
664
-792
657
-183
782
1587
951
132
-373
-7
123
-752
592
727
964
-174
-1883
1185
406
-1302
103
495
634
-320
-578
-223
-98
578
-26
-279
-245
48
44
-1300
-767
-129
1282
343
-1080
9
904
-625
327
-344
-18
702
-298
-419
-18
-65
953
-1687
-538
534
-160
-384
423
-391
-15
1314
144
94
272
-753
-262
532
396
323
-880
41
-402
166
-289
-209
805
652
-3050
612
1181
638
1438
-171
573
-565
573
172
-439
-495
-493
-147
-804
-680
-1129
534
-648
380
-495
403
48
-569
41
-186
523
252
-96
548
1452
-149
495
-555
-166
98
364
-660
907
-860
922
-485
824
261
-591
294
-1158
-265
593
415
227
282
847
-83
429
246
-152
-86
-308
-649
-99
-84
-323
-140
-473
-454
-43
-231
388
242
-349
295
187
-1365
555
-856
-1633
377
-101
-220
239
-983
517
-1058
-680
-580
-153
-710
881
775
452
92
875
1027
121
-917
452
827
-147
1312
-236
-220
-360
778
652
75
442
873
-476
-292
-838
-50
-182
142
340
-848
250
721
-106
1338
178
262
-27
-1323
-458
423
-626
16
299
173
943
251
-108
-624
-124
490
309
-497
346
520
-644
-461
-335
531
719
1013
-544
23
-453
46
-1310
764
-477
-112
-63
-602
-373
-831
410
-539
-105
-850
877
-942
1125
720
-624
1
600
353
64
-328
-163
267
953
-1092
-227
-123
-354
939
1318
56
-268
387
180
-139
-121
-691
202
984
-430
1228
-70
-74
-505
64
396
-650
-276
805
-347
814
-33
448
1230
583
768
692
-522
-128
-110
46
470
79
-1251
1010
698
395
683
522
-617
1194
488
293
827
449
-329
696
-166
706
-1884
-737
-373
204
335
-77
-591
197
-489
-764
903
340
-227
-1301
295
528
1224
92
-512
-971
142
-41
525
-698
-1030
-484
-1576
545
328
709
16
104
-841
444
744
1659
-717
-1047
601
-1021
-681
611
-85
-459
-1528
-437
-405
-274
103
-1315
314
-254
-109
592
601
1154
-1979
-99
-357
548
-794
376
-246
828
1019
974
-271
683
-546
-140
753
142
-1929
276
-479
-580
-907
725
-470
-323
804
414
-575
-256
880
270
105
-886
-260
520
137
-466
-217
-542
-750
-340
-334
2
-98
758
-48
455
236
716
-918
-21
1382
426
-265
831
794
504
-369
1053
-239
705
-993
-372
1490
640
-269
-441
-28
-60
-306
-652
150
612
464
-1378
106
328
338
938
-188
214
773
-90
-441
1096
-479
89
1176
-283
1670
-485
509
-64
-1823
795
-283
-664
-210
523
-1351
899
227
1035
318
-239
917
-923
-32
-424
1388
65
-367
66
-1009
421
1078
-578
1366
361
-266
-314
1020
-479
-485
496
540
-904
259
636
-507
-1542
-192
682
-429
31
-215
-399
503
-685
450
502
1168
247
-802
-415
259
766
519
-935
876
276
885
927
-740
1087
-1060
217
90
826
169
746
268
387
-494
-1128
-743
-152
123
-318
369
-760
126
-784
8
-10
-123
142
768
-471
96
645
-880
377
-569
1026
-200
484
356
1010
-548
-581
404
-507
421
-704
-256
-650
-479
-1361
-739
1284
624
-293
608
-866
569
-397
245
115
-375
714
-722
-1015
769
620
-478
1192
-790
400
409
-1102
-761
-668
-931
-210
46
-162
417
-399
433
-101
-876
638
-160
38
148
-347
412
1251
-1338
768
-1035
-404
414
149
427
452
105
-72
-250
-202
-111
-230
2
-945
438
837
-587
487
-622
328
773
-691
844
196
301
-532
460
-260
-530
851
-21
-164
2006
232
172
617
-230
1205
339
-472
-1205
1000
-199
-269
60
-356
642
-152
1244
792
-57
1231
-104
821
1279
-621
-1533
-225
-214
706
697
1260
-442
-396
451
11
1189
789
-618
706
340
1076
-1894
-600
1410
187
167
-1370
-573
-492
-387
-359
142
593
596
965
59
88
-460
-461
-31
-551
-10
-688
1085
-395
-36
69
508
521
913
586
176
-385
131
-829
-571
-165
-523
-360
712
153
21
300
114
1462
863
390
1516
907
521
1949
-825
-483
-639
838
173
-44
440
8
781
-562
1200
-670
642
-44
-426
1001
-213
-63
-143
751
-678
577
395
882
-1189
-147
525
-1611
1187
-86
-411
389
-834
-385
-1370
820
-480
1131
889
-44
-145
-30
22
-335
87
682
1474
-293
478
-1318
-301
196
324
73
-491
-271
-1373
1886
-99
512
-268
256
659
471
440
244
247
56
626
-415
850
1020
-541
-108
-1115
508
1385
43
-222
362
-1333
-1112
-152
488
447
737
-2037
-75
-406
495
146
17
3
140
669
-678
206
-1252
691
116
-77
452
115
395
817
-25
582
-348
458
801
301
-377
-136
650
87
916
388
-912
545
-1130
487
-514
-62
-765
-158
-687
-519
-983
-667
-784
1035
372
-408
73
-675
213
825
-875
571
-699
373
1790
-331
246
-443
-216
-27
-241
-431
-427
-368
-194
-197
662
842
-1968
-108
-505
24
-718
791
-191
-374
67
-352
-100
-717
-489
344
-1724
74
-453
1378
-343
879
-548
544
-1608
-105
579
-203
283
189
379
-272
354
1010
-723
-54
295
730
-964
36
-466
160
751
-1028
835
-372
308
48
802
110
-560
-568
460
988
-389
1333
497
902
537
1047
-23
458
99
372
-321
286
-438
545
-263
-1393
1031
904
719
-230
-746
-1259
728
-560
218
1320
-478
328
1380
463
54
537
-743
1766
-761
