11 65 576
0 0
0 3
0 4
0 5
1 1
1 2
1 3
1 5
1 6
2 3
2 4
2 5
2 6
2 7
2 9
2 10
3 2
3 7
3 9
3 10
4 0
4 1
4 2
4 3
4 7
4 8
4 9
5 0
5 2
5 3
5 4
5 5
5 7
5 8
5 10
6 0
6 1
6 2
6 6
6 7
6 8
6 9
7 3
7 4
7 6
7 7
7 8
8 0
8 1
8 5
8 6
8 7
8 8
8 9
9 3
9 5
9 6
9 9
10 2
10 4
10 5
10 6
10 8
10 9
10 10
58
29
8
19
3
45
43
0
23
63
21
40
15
50
34
27
54
47
33
18
31
24
16
55
1
53
17
5
12
51
9
49
10
60
64
57
44
36
20
62
39
56
48
28
7
37
26
11
22
14
32
59
13
41
2
38
6
61
4
30
25
35
42
46
52
-70
357
-94
1019
778
-632
-60
14
494
-121
-119
100
-111
-616
67
-91
432
913
855
416
-912
-492
100
432
-186
448
-280
-451
1271
-603
-738
114
-812
-431
718
3
-8
-1442
-477
-362
541
257
207
431
-259
1505
171
84
-477
-307
289
676
-605
-200
-657
-1259
76
-633
-478
409
-285
570
-483
-560
-150
-150
-1732
253
-446
-1084
-991
603
462
144
-232
-29
-49
262
18
-156
-208
226
143
377
-215
147
177
-135
104
375
-1394
390
609
-84
271
-706
186
-174
-162
250
-260
-608
-1652
-225
-330
-765
11
586
154
230
229
150
918
721
-703
532
451
-925
-862
436
946
623
1342
-258
990
289
-105
89
-30
283
-1448
-93
-33
566
263
-232
887
402
281
254
391
-408
122
657
694
252
522
-839
-21
49
-552
-104
731
-436
-669
352
-869
-435
-1572
559
-338
506
-491
46
1181
1006
802
-406
884
483
946
738
64
601
606
-254
-710
366
159
-205
-75
-651
658
-266
-772
331
-63
1184
443
688
-375
1166
60
-149
-639
-336
866
-456
-314
642
153
164
71
-103
379
-408
670
-143
387
133
-599
-1075
-224
397
-124
280
1156
-128
132
126
744
169
-743
346
100
-207
2
210
-20
-460
-75
1076
-109
386
1460
608
-63
-382
717
-22
-843
541
242
268
-205
-231
1455
451
153
-383
705
-388
-360
873
-59
231
180
-213
-19
120
-276
-963
936
302
-635
1568
838
312
-705
491
832
-736
-1164
-589
-334
417
93
449
-1210
481
-247
147
19
385
389
-61
609
555
-292
-1446
459
183
519
631
-54
-143
781
-211
69
128
-345
237
-83
-393
-47
-957
147
298
861
-297
181
-490
-280
186
-435
-918
348
-253
193
49
152
245
-1055
-595
-116
-640
670
-1426
-630
-900
525
118
-714
333
-585
529
680
-654
799
-19
747
-89
-36
66
433
-149
425
-367
-617
393
-919
747
-573
-16
1183
-449
398
723
-282
294
744
711
-521
350
-132
-798
-877
-477
-239
248
-338
-266
1711
-496
95
74
218
-13
-869
-101
-233
229
908
607
-939
243
29
-67
149
-1259
-283
164
-893
-714
-379
262
557
-202
-628
632
839
-54
329
248
77
308
586
799
1147
-766
-26
626
294
-272
588
534
1069
2
-752
-652
-517
-434
-284
155
293
-114
-872
-526
-417
-693
698
139
733
-191
215
-728
-351
-184
521
-260
-428
-392
1120
851
-628
-39
-444
447
-282
538
-45
286
-58
-305
-115
-422
-745
-327
751
-101
-569
676
631
-522
15
-620
-89
-131
242
-128
-215
-753
354
-211
256
666
-1336
341
-499
21
-812
3
-203
975
368
222
220
-146
-579
1145
477
186
-513
-1155
24
361
1287
-308
120
-352
-658
336
55
365
-751
-779
-384
-326
328
-1240
820
-554
-742
527
-993
-346
395
-434
-452
-303
314
-513
-106
240
211
-8
965
18
152
290
-280
1467
391
581
-121
822
965
-118
-716
-390
248
-172
-961
-134
-404
124
-347
3
31
-886
-561
145
-835
-33
97
123
423
-659
-153
-108
51
976
-511
-65
469
-481
231
604
-433
-399
-912
204
-4
-627
1096
-568
-9
497
-34
306
105
-242
-327
184
514
-851
-367
890
-616
-902
597
1450
-288
-47
311
-343
-336
-28
-47
-380
77
-756
309
-101
-833
24
1100
-124
-193
-497
357
-637
-570
180
-108
-172
328
1421
-53
-330
86
1108
48
101
289
-239
-901
31
126
1461
-257
-234
-197
-31
-227
567
-528
274
-1507
635
123
-286
57
-501
-719
-143
556
-1145
648
-772
-347
1178
338
-128
591
-747
315
-1401
-429
52
141
371
586
-359
215
-62
-384
400
227
463
194
-616
501
-559
845
-60
4
-656
-334
-649
608
-24
532
-132
92
891
35
-545
-521
-120
-940
502
1191
-670
-202
402
-159
733
689
386
-552
-76
73
188
-333
-21
-1185
-725
441
-131
-265
558
-377
972
-116
223
-1729
-327
-302
-273
653
142
-338
205
-170
159
-653
77
776
-33
-728
-213
412
560
-633
509
-610
-184
609
398
-944
441
-116
595
230
-533
13
229
470
1552
-165
-603
-403
-553
331
1061
-79
-511
287
248
-681
-322
-518
588
-367
771
247
260
-590
-906
146
-1026
449
-144
-187
-309
615
119
319
-374
641
795
-295
-693
221
734
70
316
36
-83
-1001
-381
526
526
-59
144
570
543
793
427
-161
255
-1033
520
5
341
-328
303
197
-1218
-286
-308
100
256
-377
-501
-954
21
0
291
-327
-596
-367
915
536
-81
-381
1089
-50
200
210
-659
142
-257
-441
-439
-988
180
-148
889
765
987
-691
-368
-581
-622
-4
-106
656
303
180
1067
-737
-579
193
395
435
-713
-222
-305
-201
-598
-811
-673
300
-540
-629
462
-411
-463
847
1582
1
-201
523
-35
22
833
-524
-270
392
210
649
311
315
-24
-352
-209
-85
-418
-228
179
-354
-28
231
105
148
677
-96
6
953
349
662
625
-780
-348
-224
698
-71
25
228
-288
21
558
-757
431
731
313
-441
363
74
894
86
56
-560
338
-450
410
160
-526
-469
-501
-1054
124
259
-332
-533
-1078
-558
-757
-155
-249
588
-661
1580
-674
-1038
-408
925
-2
855
157
570
51
340
-1691
-976
350
-27
758
-165
215
655
672
-270
454
49
-334
129
306
498
-537
144
-111
-489
-489
950
371
841
698
445
-174
-48
-273
-800
-120
-1085
100
568
-598
-247
-467
-554
291
-447
1
275
350
762
543
230
669
-1074
-188
-557
-702
429
241
-843
-289
-32
199
-173
-169
-720
121
477
-192
161
318
-820
160
-156
-545
-211
-994
633
-814
-340
1135
-910
275
417
711
395
345
171
176
-58
-165
-681
578
-487
-712
755
-1244
938
778
254
-385
879
0
304
-269
-56
265
-119
-1065
-828
-197
-74
1209
367
4
250
-788
-1307
142
-531
-6
-362
-228
408
480
-1341
608
413
467
576
557
749
-465
154
377
134
-197
581
-368
207
-527
-699
-292
321
-644
252
-369
865
143
1303
219
-436
538
-424
-669
-618
-238
35
-50
-197
104
627
31
174
-289
44
-295
-514
407
-497
-938
-352
-318
-366
-499
-696
-695
-593
563
-1354
-299
-361
-463
-283
676
312
-227
105
148
-686
149
-811
857
-553
-601
376
333
532
-999
-189
79
-925
475
-115
151
-288
1001
-387
-615
-881
865
783
574
95
-74
-212
387
333
-648
174
480
-136
-67
-260
826
-1203
766
-324
910
-269
-862
-411
-416
256
-616
-554
253
1027
-918
-643
-57
-436
1968
-1059
-302
-364
326
-426
146
-458
-733
-587
192
103
-742
-367
277
-1170
-83
-718
-593
-526
239
-239
-35
118
973
76
287
1007
459
866
-813
-431
-284
-111
543
1294
11
235
8
282
-458
547
-727
-767
-162
-942
-350
-297
429
630
-345
266
-489
551
758
277
177
777
286
-670
682
-180
-507
-348
-116
897
338
608
338
555
475
24
-215
-801
-1103
313
-1187
231
67
184
609
-659
-469
134
-46
630
133
-474
441
-666
1033
-259
-305
-345
656
721
-388
71
882
-21
-286
-36
823
133
-61
487
213
435
-207
-49
657
493
249
-264
1330
-157
-56
-219
643
1156
-535
-143
-122
878
462
311
-564
194
-279
858
-673
-1586
1055
-733
690
-296
87
-629
1593
-99
399
-216
-541
-206
-627
-484
1094
394
293
-1483
990
-40
-864
-1091
633
459
-35
-147
499
267
-161
33
-375
-353
1693
-554
33
-10
489
-749
235
218
557
583
696
-296
679
-702
1937
695
-175
562
233
-1180
1256
-511
-360
283
578
-316
-172
-242
-122
-503
869
-10
36
370
-54
735
-181
75
-1061
-538
182
-137
-758
-448
495
-156
663
790
-215
-1379
-267
-138
1396
67
-515
-746
-398
50
939
392
-299
654
570
-597
-411
-848
-332
-82
1195
-1177
-751
1097
396
-545
362
-407
178
40
120
81
-105
69
-162
-1066
-474
655
605
-205
-738
-32
179
-450
-601
203
-75
473
-941
-461
-31
510
92
417
377
362
199
-202
-315
55
-644
292
-178
-246
-427
286
-437
782
428
798
-212
-156
594
469
-659
-749
-117
-56
-249
-81
-244
286
-317
554
-135
-5
338
-44
-576
253
60
49
-658
-745
-490
-570
111
-628
-930
-153
-251
596
742
-87
231
-351
227
535
310
-36
639
284
-161
384
481
-131
149
-99
-93
-337
843
654
39
95
-1113
-1277
-145
201
-178
1056
596
288
358
-813
-417
-818
-902
-303
688
86
-489
24
1254
-827
-448
-50
281
243
-310
-200
-344
466
69
-514
410
-434
-658
267
75
391
-508
201
-446
-422
-288
-195
115
323
314
-587
73
-314
725
-1166
-284
406
76
273
1852
-478
-288
755
-581
-120
-205
102
-511
-590
-661
2
-165
-479
491
-590
273
-133
-155
35
-555
-59
-419
120
138
569
59
39
292
270
-35
986
253
166
-33
-661
399
196
-76
834
-346
-1
-610
-219
460
-358
-608
-513
45
416
683
5
431
1453
-625
-496
-730
-91
38
764
-142
-141
190
-95
788
-901
471
325
-705
831
-512
189
-432
232
1076
-123
-811
319
55
-346
6
-454
253
505
253
389
-167
27
-361
100
591
601
-171
-1242
-161
483
352
1208
-29
317
129
-1126
461
-394
-284
903
-229
406
132
555
-301
-350
-452
-60
-346
-295
308
254
8
337
530
-554
-386
496
-458
-973
-795
9
-65
-777
-58
458
-422
440
-554
-273
-599
254
-232
278
-160
-1064
-398
-851
696
-1093
-156
-989
-522
-643
-688
-309
-464
-412
-1116
356
358
545
0
-102
403
357
10
-262
833
-450
-573
-388
-38
-926
17
257
-241
15
-735
77
-1802
-19
105
-672
-16
7
-165
522
-485
563
-526
-874
128
183
19
-24
-189
-1138
387
673
374
206
-887
104
-103
437
489
89
-89
-109
1053
-760
-384
-170
-125
-1461
-1189
989
-58
642
-437
-779
26
287
-359
-997
955
429
182
-477
-893
486
548
685
224
-362
-184
-186
-19
1004
113
-435
-112
-602
-666
-450
684
-320
373
-217
1458
1168
142
-220
203
-729
-960
-923
1044
-618
-40
596
-260
154
292
-632
-264
-451
939
927
292
315
513
-755
-467
-1056
-301
-608
-95
1378
314
-589
-429
-129
-474
210
176
-136
115
-444
11
233
269
151
319
-210
-652
522
-447
357
390
593
-275
650
-382
-474
564
-29
-5
94
-724
848
501
205
447
90
-14
325
462
420
140
-241
-341
1618
-668
207
-269
-226
1367
-540
215
771
339
727
-742
-506
-321
1222
165
-318
-652
-347
-406
-215
-938
408
-540
76
-771
16
9
386
-649
33
1084
-497
-413
-37
-244
-418
641
-529
-300
804
94
-3
-155
-545
926
671
-558
153
-300
-362
-772
-1079
-1119
388
-806
-709
426
24
-1001
-502
-1110
766
-258
139
586
-507
-414
763
317
-403
-509
1027
233
95
461
-965
447
-608
884
499
-186
-866
376
-335
921
707
-1066
-56
377
861
693
659
-399
356
-103
34
364
-114
444
812
-994
-447
-429
-1055
-1253
-368
-1079
2
979
828
70
441
-18
-1179
-1165
259
-133
353
-259
422
-426
-409
-423
607
-516
171
468
474
-1027
819
364
300
265
1027
-832
-263
-889
-128
-169
-329
850
70
348
-1074
-523
-290
112
-544
414
-972
-934
321
53
220
566
-267
183
66
-474
-63
-896
-581
508
-570
1379
-1163
-182
-454
-730
987
-213
283
93
-138
-210
345
-688
45
1282
-512
2
-280
-195
-158
410
-316
-184
76
-698
-943
-1094
-645
-80
6
604
116
361
33
528
-93
-666
-336
-1051
18
1344
-646
859
972
928
109
-850
-1004
-119
-381
-67
1226
-973
-723
-94
-964
209
-635
65
-839
1269
618
-660
457
-618
-112
179
339
372
122
143
1074
348
-811
-127
-1415
329
-610
938
1203
539
207
-641
237
-1355
-101
182
502
-117
847
-250
-766
-945
266
28
-62
181
376
827
-223
887
442
64
-158
1
-577
-32
-126
569
-192
-37
629
253
-313
-601
261
754
-65
-363
683
-505
670
-336
264
-950
659
-144
-615
308
-189
406
709
-661
-130
-148
-616
313
142
-716
-184
-596
1057
-847
-503
9
1214
63
-170
909
-133
229
37
-342
-73
-404
-342
467
-419
1403
-714
-744
-81
-872
-934
-211
-440
-97
291
-694
-657
-1191
723
-417
-108
-779
282
-1141
-416
351
-157
-901
-728
-303
675
650
-166
-128
-262
756
-410
284
326
-1063
173
-809
325
-276
-280
447
533
760
25
-448
122
-122
-690
-37
-530
-908
-760
-294
-268
-91
-690
-233
123
-710
691
-29
-905
-420
-654
-327
-83
-1262
-271
239
-1186
707
-545
442
197
-316
-754
355
-236
-463
81
-402
-198
370
542
-1501
417
-223
99
755
-122
-363
58
596
90
302
-315
21
-517
593
113
189
-97
480
693
449
-743
292
-191
-677
-941
539
202
454
-558
340
-380
-208
78
720
-73
217
-1169
-1019
9
-461
58
-33
-178
-210
677
735
447
-301
-144
454
-153
309
764
267
-25
181
-189
270
-606
40
-396
442
-119
-675
239
49
787
-586
412
304
311
492
-966
-1275
231
-562
-144
-331
-1270
499
1134
-204
-634
519
-326
389
-819
-384
913
-50
607
-366
41
20
-915
138
-179
-722
-113
468
-467
-915
-1300
907
65
922
853
41
988
1
-1122
862
-223
394
347
-493
-327
859
220
41
524
-519
69
-315
955
-594
264
16
421
-329
-46
327
1186
428
474
126
-656
582
-721
-526
-368
-131
-83
534
94
4
696
-204
-647
135
173
-678
-285
-151
822
-209
-83
866
-651
351
162
-1152
104
6
564
-96
-314
-389
-787
-267
404
-1000
-1057
277
273
503
-768
478
-445
312
387
-397
-285
-126
592
-809
105
-349
-60
-1624
525
544
166
-27
1416
-424
-428
1190
33
707
16
866
-81
427
425
-436
-851
29
-74
-511
727
546
37
-441
200
-491
-426
345
-9
173
185
-618
1686
-55
-473
-416
-981
-186
-294
-157
-355
-1654
172
-265
-140
-1048
-622
336
594
510
-310
-280
-302
-940
-1513
-299
1063
-54
-783
-1018
647
-271
-803
-304
437
325
299
-332
452
793
-1751
-54
-473
-401
429
590
460
-46
-820
-532
-119
-507
-2
-296
799
-873
485
-576
-599
1060
479
-437
-305
-295
220
59
210
-363
382
45
222
-259
-563
-11
-260
-76
-913
-394
-443
-28
-173
158
21
-456
-60
107
164
979
907
-332
570
-738
878
-504
-523
965
-170
617
454
-609
386
843
875
366
148
-872
173
-1097
16
-172
431
747
-226
-251
-347
-273
711
-193
-140
-217
-190
676
-437
-311
-1338
-103
456
-616
-516
208
817
-121
-529
-359
-642
540
-1107
1074
-354
196
-65
-258
394
73
891
578
-300
-858
751
1431
-321
636
-1399
-724
722
-917
1526
-971
-149
-649
-626
22
-391
-317
-1238
986
514
-553
98
147
167
1016
-349
-126
-697
-350
219
-197
946
471
1255
-293
417
-1520
378
-162
-28
-627
308
-225
-547
371
-890
-296
314
449
353
-650
787
409
3
-268
245
329
245
167
-819
-585
373
472
-525
-402
133
-726
370
-1031
-328
995
559
542
-598
-397
-63
525
545
1201
575
-250
-777
-184
686
1335
-192
-123
936
1040
625
1065
280
-591
-52
-546
392
-672
369
876
180
-1288
1025
-512
1203
733
281
-66
-742
602
-71
27
256
47
317
49
-263
133
355
-979
389
412
119
83
-232
286
-881
-829
-236
-542
-263
321
-222
-443
-54
135
467
-585
982
579
423
177
478
96
302
144
-151
544
284
-1088
52
158
105
-152
248
-854
-482
72
394
1191
177
-97
645
1188
57
-36
489
321
-738
719
180
342
-1095
-624
-527
303
360
279
-236
603
521
-497
-1093
-248
-121
134
-507
-19
-146
1067
-213
-529
-1140
768
66
1039
-96
222
-180
52
58
581
424
-243
-286
-100
45
788
-387
40
97
-202
212
44
-260
149
-747
606
-268
293
112
-194
500
440
16
-831
-832
-186
-137
559
226
365
-63
-321
-799
-242
588
-501
157
-1615
267
748
-54
43
777
-572
612
-818
348
-254
-908
274
-893
713
-757
339
70
358
-33
-603
117
918
5
-265
495
1481
365
82
-514
387
-1479
-344
-1075
60
-535
-776
-554
-84
-80
-1157
263
-323
804
181
104
-339
-300
991
16
86
1491
-677
188
780
343
-414
-484
19
-167
21
183
-906
73
340
-177
-743
-315
89
-423
-65
-121
111
-255
-525
486
-74
-679
-475
488
-1449
253
-635
-47
-342
110
-95
260
-117
413
-933
-453
548
-99
-285
-149
-1152
-122
99
-9
-854
-92
-529
744
1332
768
1085
-231
705
325
-62
-726
533
-2
-368
-175
541
-88
-72
-338
-387
117
348
-177
697
-326
-46
39
374
5
-457
301
-136
-562
-383
47
-79
1434
399
-804
-703
-595
-696
381
751
849
-147
746
-112
537
235
72
-172
138
-454
-303
282
734
166
-16
-45
-631
468
1055
640
549
508
-116
-1300
131
-395
-186
-906
-503
77
-992
-135
-65
503
-160
-67
-980
-175
100
294
-298
389
646
82
-299
5
-234
735
1999
94
-155
873
-551
-218
385
-746
993
-82
-515
-613
-601
-334
-26
-712
1249
-219
-511
-197
-732
-252
461
93
-162
532
293
932
-163
-338
471
191
17
493
-585
213
-732
-117
-487
-302
-804
-350
620
270
-1229
367
-29
-109
404
-88
319
379
-387
-276
301
2
-564
724
-692
-409
-637
-120
414
887
555
-441
932
746
364
1098
-429
-599
320
-374
596
163
651
2
17
-873
705
-11
-766
-794
-645
-389
320
838
-363
241
1168
-511
-250
-93
-99
-755
856
-247
151
-110
548
92
-528
72
384
-668
119
6
-772
409
-417
-424
532
642
86
-217
-701
901
-42
188
-412
303
322
618
404
807
-94
286
186
-511
4
341
-131
44
-506
-222
634
-936
-1163
908
800
-695
228
-427
56
-893
234
-121
29
295
-355
800
1019
147
-1783
606
545
-754
171
56
1060
1039
-1084
-322
437
181
274
56
211
-832
5
642
-7
-475
-332
-379
-440
50
10
1255
-1150
635
-555
-79
724
-293
-353
168
208
-3
-413
-59
147
-917
-560
549
-877
791
-29
-326
376
-126
583
-476
610
20
-192
-175
-436
-602
70
-984
516
-261
-318
-783
-104
729
-547
139
-121
-332
1107
231
-52
531
-490
-300
8
409
-818
-289
-91
97
-530
316
594
-1444
-458
-169
535
759
213
-97
196
-893
-476
5
-931
-1110
703
-931
414
-594
-102
967
771
538
1082
-713
60
18
-455
656
-191
5
639
770
649
-149
-56
183
819
-184
758
-850
-49
-31
-1537
228
559
-164
646
-47
5
-584
97
-190
-1013
-927
577
-322
-773
314
-267
-82
354
-721
25
-99
549
323
248
488
472
-667
44
271
-900
384
12
319
88
-509
190
461
-9
-401
-530
-647
11
-593
15
-140
89
1046
273
-866
-1010
511
675
-387
831
-342
-478
-514
-124
-190
159
509
-177
-1448
-666
195
368
-294
290
-785
420
-257
-1371
470
694
-186
-301
99
459
-831
-697
40
99
322
-410
-123
-562
-148
390
362
-105
-17
-310
1129
551
-681
-312
-451
130
657
1
306
330
470
-535
-58
-872
277
-123
-1263
951
-810
-298
-745
493
-1127
381
-242
-760
449
-714
-92
131
-483
456
1048
437
-141
-3
595
271
795
808
439
206
-661
-161
-652
62
116
125
495
-915
-386
528
-676
745
500
-604
428
-56
-159
-1098
-430
-338
534
655
-1008
624
609
-393
357
118
366
-325
-929
348
145
505
148
733
33
960
-91
829
-660
-701
211
487
783
605
150
7
666
140
-827
-192
47
-174
-762
-477
567
-158
514
213
-496
-292
-86
-349
-285
-1291
290
-374
-611
-634
-111
-836
66
318
-587
424
-188
-156
501
-153
-350
168
-772
-137
-99
-188
-785
319
166
148
-477
-533
507
649
-96
-650
698
590
-161
-39
1504
851
1013
-34
106
795
406
-179
-254
-568
1323
289
834
1243
570
-104
-238
54
17
782
-713
866
786
400
-456
-85
-232
421
-195
-1039
666
-32
534
209
2
461
383
-819
378
-665
147
1094
-240
808
469
-274
180
-158
-122
240
-184
-556
197
-1008
-221
-37
-197
141
-951
-410
234
392
-221
1379
-159
-1098
-316
-79
726
-268
-575
-169
888
515
197
966
786
262
1219
14
819
-24
-164
116
361
37
-518
172
200
472
-284
608
-1565
201
360
-884
-336
472
717
134
166
-246
230
-221
-31
989
510
333
201
-153
527
622
-512
-145
847
-281
-403
255
471
-643
662
-549
142
-521
-939
-103
845
-47
149
1005
-408
-318
-100
264
623
571
-253
1001
180
-73
-514
-81
517
-695
33
596
140
432
156
-473
-501
528
625
-912
153
452
44
-1053
-500
823
-272
1174
-302
521
-808
-560
-485
-401
811
-540
835
-68
29
-258
570
944
107
-379
-445
1322
89
-260
-245
-1154
733
-177
830
-212
901
-217
-66
-643
704
-366
-168
-713
304
545
205
-534
-420
371
184
-14
952
-514
-1233
263
208
-289
54
357
181
220
-283
-687
-471
932
-169
-49
-508
-51
-930
-915
-296
-364
-531
-241
-232
626
-608
147
18
-693
1266
-142
-286
178
-461
-672
292
-359
92
535
679
-162
288
-144
150
-504
-129
-849
-89
135
283
382
64
92
883
78
-503
-512
-1193
-629
-150
765
833
-935
-367
-30
921
656
-539
422
-642
-523
-42
1288
-718
-225
-654
-1202
-377
378
-43
213
150
51
-627
-34
959
1201
336
-215
-202
656
714
-129
-124
-974
-597
399
-360
-284
-1011
-1253
104
130
401
1498
856
693
-1687
-310
682
405
177
692
495
-1
700
308
-969
-98
440
95
-646
77
-591
483
108
124
481
582
435
427
-454
486
-90
116
-282
-20
869
105
42
108
-447
-1200
-514
542
-979
423
-1073
-87
-545
459
-1204
235
-49
-1280
183
51
309
10
21
423
1236
76
-370
410
-1099
-579
-760
27
-273
-672
-1026
-547
-302
254
40
855
-1064
-79
-865
-449
388
341
527
589
-268
-26
220
410
-350
-361
604
333
-518
92
1149
-1037
442
724
-1044
107
85
-981
-334
-182
-397
-194
163
1366
88
-550
-49
301
-1495
963
-99
-1119
-750
44
180
726
-437
863
-361
-74
-193
-44
641
511
-916
-7
404
-643
-397
285
1029
366
390
311
-507
-25
553
-452
1043
834
211
1027
473
-33
-128
-369
-405
-278
-13
474
110
-37
-50
-95
9
321
-748
1420
307
-830
-185
140
-85
108
-19
838
462
-134
-589
-476
-68
576
-519
651
150
-754
113
-263
-617
-688
91
-180
121
1
-325
-618
-344
850
-77
317
230
-146
258
-317
-361
1015
-851
410
188
-484
1140
-532
64
1209
312
706
-263
120
241
478
429
234
663
669
491
316
-591
751
-1346
150
467
-462
-361
986
-542
-470
1283
360
891
-509
-757
-790
344
-46
662
95
-827
-854
-79
141
356
-90
95
-48
-951
332
-1147
17
-921
-1061
-515
-179
-282
228
116
-402
-587
-203
38
15
617
252
465
-28
152
-34
324
-189
-154
566
-570
819
-185
320
597
-14
-335
459
-18
-438
-44
-5
-193
2318
-252
195
-478
-239
-93
260
334
-133
-251
-178
-85
-428
-320
133
603
-715
-428
830
243
288
710
468
349
89
357
-12
143
400
-42
969
689
416
-241
3
-315
-165
223
-396
85
-283
78
289
201
-390
646
392
1420
30
773
-415
-889
-208
-172
-689
-42
-191
-1264
399
854
272
-50
-131
217
1017
-355
-86
-106
276
140
78
-1192
933
-457
-1245
156
151
-1218
-137
-834
453
-55
50
52
917
404
-185
-536
-1063
-132
31
1084
-202
-127
-275
-714
94
-299
170
-582
-97
-951
764
314
-227
141
895
-722
620
-217
40
83
376
354
-87
109
-251
179
-920
783
-736
-222
55
-516
-174
43
35
108
607
-107
-279
492
-197
399
-1078
688
-1279
-191
-1525
230
-352
423
-523
35
98
-237
302
-31
60
531
-248
913
523
761
-167
314
-181
-554
-221
-133
121
-849
-105
653
586
-334
291
429
-72
40
-103
-223
146
1057
885
455
496
-256
114
167
-98
1178
289
224
415
597
549
-1419
215
221
-100
1323
841
-363
17
193
1030
433
193
-555
603
-152
206
233
-292
-165
561
-500
-1209
514
-464
-243
19
718
1024
-55
82
-245
278
16
-119
-913
-301
271
8
-456
601
109
-1386
-328
259
260
-375
625
442
-120
-416
-823
-354
629
808
693
957
-497
989
369
740
35
-666
956
-1165
506
369
-779
-1483
167
197
1034
312
-165
25
-173
-204
164
42
675
364
-361
1159
683
-490
353
671
-244
-1315
351
-126
-511
-350
-393
-113
-307
584
-262
-360
799
1326
-167
513
577
576
555
32
357
246
777
338
156
871
-163
417
-707
-314
-602
-330
449
271
416
136
386
-276
564
-890
-188
678
1347
-242
-752
-1541
-601
-867
-56
300
-1316
782
-738
-8
134
185
-820
-582
58
-483
-207
539
-223
-284
-936
-412
287
779
422
77
-158
232
673
-160
444
-363
-941
-499
-239
-781
628
381
-846
592
487
267
-108
304
517
-544
202
1172
158
575
-370
1106
428
-38
-153
1198
-678
977
126
1319
352
294
69
367
369
-326
107
-25
447
-736
-218
1186
-176
419
-240
-248
-638
-538
129
453
-693
-75
-673
136
166
199
174
703
53
271
993
-832
634
928
1046
-52
-1038
188
-339
404
350
126
352
-372
-385
313
233
-78
310
-476
614
-854
-194
612
-243
52
597
-795
1239
-5
-276
-13
-39
-98
69
-1107
248
150
226
-88
277
417
-284
288
-29
133
131
-173
-285
970
-726
456
-24
-961
-146
40
-658
-592
-277
47
-191
109
62
-32
-323
-326
-74
-1257
-443
-609
-418
-121
1856
1209
551
-303
-328
319
126
-77
99
-286
-484
-162
-1080
424
-173
59
467
369
-618
602
168
382
375
-539
-327
-306
238
-176
489
-395
-318
1560
-497
-499
80
-268
-364
364
-1047
828
-726
-507
-120
170
371
119
-817
-156
-253
757
71
373
605
-476
549
-541
-432
476
796
-1608
490
-362
-237
528
-819
411
-685
-94
818
200
249
-688
498
542
432
-369
-12
-739
-932
-93
-138
481
-653
120
250
375
223
-586
-31
452
-599
636
474
49
881
236
173
-148
-21
771
-463
-236
-276
-711
1103
607
-864
700
-232
-1753
-982
-166
817
-223
-756
418
-383
229
569
-532
-415
-85
867
-23
565
-117
519
-705
-35
-1015
-661
46
378
-476
-670
624
519
-1059
-476
426
1042
382
-507
3
668
-144
-253
276
-250
-544
-536
617
61
-3
1541
252
271
-87
574
-673
-81
-518
-586
-238
639
-87
-150
-249
-1057
-254
-996
142
-99
41
-106
-296
-1692
-8
-83
-763
72
-228
691
50
-3
-473
-535
-345
-701
242
121
288
751
-694
-46
447
1204
36
-250
-1194
376
-1249
-519
-207
21
442
-551
-109
-212
260
245
-1597
-372
336
-790
-103
188
-292
-207
-516
183
-658
452
246
536
-737
889
-244
-447
-128
-267
147
-534
1
-412
-1429
-833
380
-574
471
-394
583
648
496
70
1194
-587
710
-368
-764
-166
240
659
-315
1222
-1098
-166
-275
460
90
496
115
361
933
-740
-43
-82
21
195
335
-288
-184
-230
996
655
-1430
-710
380
807
-435
-1426
47
122
38
625
-292
-281
1107
414
522
-450
1262
-29
-779
-839
-26
489
-870
232
290
-350
24
764
-532
1722
673
19
93
75
-443
73
-286
125
230
-337
-1058
-593
1067
139
-851
-1391
261
31
-101
-54
-879
532
661
543
-350
-374
-501
433
423
1236
247
-316
-188
936
-545
102
-493
-1190
-453
-1371
-832
396
-1159
-986
-592
-683
-786
218
-150
476
-923
612
242
159
-185
647
238
-908
-603
811
786
-40
-157
606
956
53
-155
505
-179
213
693
963
324
288
-861
831
-1090
-64
876
-262
52
-84
381
-257
492
116
1067
-549
809
381
1520
-396
-234
221
366
1546
-351
1326
358
296
-1204
97
-162
-399
903
-108
-114
92
585
-1035
628
-876
-367
780
-22
613
777
619
-8
795
20
499
-123
773
-222
-2590
-463
-83
350
-529
344
462
-19
-89
-419
-642
-40
-388
-273
-443
1029
-589
92
986
845
1173
60
764
702
-238
384
791
-243
263
914
685
761
-1215
353
-204
1001
784
94
-147
57
-378
-270
-550
-717
174
312
-369
-1121
229
250
381
60
-327
222
-488
1368
-1728
622
351
287
457
1040
660
-685
-453
1178
232
996
-420
-890
-1227
230
-531
-63
163
1008
-252
-601
-576
-1323
655
60
933
-199
-1076
-234
866
876
419
-134
-140
27
-86
60
-1258
107
-239
-141
-417
-386
-213
193
-897
-766
-472
-583
705
-157
-816
667
446
292
-502
313
0
-56
-421
432
-1206
-534
301
-265
-202
-265
702
-1189
1079
-598
334
775
-593
-95
-75
12
572
-168
1229
138
-432
518
-128
-521
1274
-301
4
275
-331
9
17
-343
308
229
29
65
1031
135
-741
259
159
-97
-609
1
-979
-302
-344
20
-429
-100
314
-164
-55
-38
469
390
350
417
-137
-438
-599
320
48
-302
-338
-154
-338
-535
415
-729
-709
-677
-244
244
75
237
389
13
-759
-64
573
1105
-175
-167
-674
-963
212
-77
477
-275
141
396
-75
992
-701
130
218
256
460
-570
-298
724
847
-396
-330
-502
-448
443
-788
-263
-343
-463
450
-172
922
843
-704
-721
-18
223
-837
-650
-703
-610
487
440
-136
969
-538
191
16
-853
439
-658
-1126
-28
386
547
1
73
22
31
324
-804
1138
636
637
-1190
-460
-114
-357
1146
140
1110
-1033
920
-186
-107
251
53
-885
412
-983
-915
101
-377
-192
370
-33
167
-718
-567
-218
660
-57
30
51
-350
339
460
234
-149
9
463
-752
-1226
-125
250
-1041
-140
10
-716
-344
-211
-83
254
-554
114
397
41
-401
410
166
-846
139
809
459
93
-237
-260
230
-915
322
-866
295
84
724
-312
-641
259
-1016
484
473
-291
87
4
684
449
1073
44
-488
15
-350
-576
225
1293
-79
1062
-868
574
452
109
492
190
-554
646
503
678
374
170
377
-887
1104
-814
-279
-879
-1080
-582
429
108
-347
234
872
-805
-736
-362
704
608
-490
113
132
916
-298
-229
112
-334
1006
101
-449
-253
-1239
-951
-234
-754
-526
355
-488
-42
143
569
-310
959
-116
997
569
194
432
328
-101
131
-413
836
215
-966
5
796
-316
545
-1294
-729
-477
-344
-262
576
229
-115
547
-1093
-429
-181
310
-310
-1091
-258
-488
-533
-212
992
-3
1026
-307
220
-117
-343
22
84
-1096
56
-30
672
441
-272
1669
-99
-51
-38
-316
1071
-476
558
47
-1365
602
140
179
-771
-283
-411
48
254
883
-413
799
-617
-498
-143
-369
-782
-870
-400
858
380
336
-690
-862
-280
-438
720
46
-217
-285
-458
-130
258
379
914
-179
-925
-634
304
-686
577
39
-137
234
1412
-964
-1005
387
676
352
235
499
-763
329
423
-127
-479
1079
939
142
422
-651
-25
-234
-89
47
-537
286
-360
-628
273
-134
-1271
-253
-1157
49
702
1318
-244
-766
-472
573
186
-737
-443
-268
175
-385
808
-408
671
287
-1795
32
-34
-584
288
-68
592
-51
-237
-404
326
-71
710
422
-1234
-526
987
-499
-971
-445
400
776
-552
-76
324
441
-414
473
235
434
143
484
125
-98
50
-686
307
-371
-418
-102
133
-651
59
366
184
4
-354
-967
144
870
1144
534
-785
180
-1079
-358
169
-124
-451
228
-817
361
-422
-229
514
-327
-249
-1139
693
858
-962
814
-226
207
10
196
302
369
1162
834
-1002
-269
1236
1271
-841
-762
-26
1013
586
-68
251
484
-635
-30
1327
197
-1464
492
-1098
187
-379
626
-529
117
-786
-661
185
1000
558
-435
21
-114
34
-149
143
-359
-152
-359
251
-517
-227
-206
336
579
568
-821
277
1266
-262
674
-15
765
1159
298
-367
534
-271
417
-395
609
-93
731
-742
113
-660
190
566
440
95
1032
-267
-153
1278
-22
257
-887
252
-428
-30
-779
-22
44
317
-605
181
-265
716
-433
41
1389
107
-714
362
625
-1051
-536
252
-466
-8
511
-458
438
489
184
1271
-302
-94
-708
379
716
218
505
456
-902
427
-1477
-975
-329
-148
1041
-151
197
368
355
-670
-701
-336
-1146
-974
566
-1472
1244
-565
1424
328
-659
923
-485
362
-180
557
801
348
497
-155
232
449
-766
-386
142
1089
1245
448
-1698
-103
-721
-1087
1510
-210
919
558
-173
320
-532
1094
-929
280
1026
-1390
103
-642
409
-928
378
-268
713
186
-18
518
-603
-906
241
1099
-647
-86
42
-298
278
794
-94
-430
-816
421
-439
80
68
159
142
-234
229
875
67
-185
804
-392
-89
606
876
-192
553
1112
504
704
1452
599
449
-204
466
-635
-211
93
-1284
-631
-286
790
73
514
-115
84
-158
189
1100
570
-839
53
-637
234
1083
1232
-394
-58
452
-179
601
-1287
-209
412
-87
-230
770
382
183
-332
800
541
-688
-831
558
-227
130
-525
230
790
-497
-499
-417
-84
403
282
347
-1531
185
-313
146
-454
510
274
418
-343
-445
-570
409
219
-253
-232
32
-21
1008
66
-47
777
264
353
-472
667
81
-83
-446
-353
-45
-392
1105
-432
1155
-773
270
-199
621
1388
-478
5
-168
893
-126
566
75
74
247
168
-21
241
-811
-381
362
-536
-1077
-361
-471
435
653
361
-92
-344
1070
752
513
52
-219
506
761
90
-60
1129
193
-126
768
-498
-585
706
-1670
-16
-135
722
61
596
-31
780
-85
-641
938
-379
-44
-95
-49
66
-943
-1184
700
-894
758
-1909
224
-566
-237
-40
-786
-285
-307
53
-339
-676
-423
-199
-283
488
1177
-485
486
-289
-7
-69
-141
-407
-466
1307
-409
-287
-454
-714
682
196
-179
-471
431
-3
-404
562
688
-541
-114
49
-96
-954
-1193
396
419
473
267
-58
202
1103
50
-548
854
92
175
212
-415
11
188
-337
-492
-966
-62
-267
527
657
-707
530
-96
270
53
-552
557
996
-2278
-182
254
536
947
297
28
429
538
-69
666
-665
-627
-227
-108
1054
-386
-283
105
-375
1567
612
-455
-113
303
388
902
-453
918
590
881
-931
-576
327
62
-834
27
585
-166
229
444
148
658
415
-474
442
-422
402
374
-112
266
917
-270
-92
-772
1040
33
-817
1018
-887
-766
618
895
-457
606
-3
139
-745
-41
-436
254
-575
-287
-1091
552
-905
-122
806
304
-6
-65
631
119
-810
88
1174
786
-259
-917
490
1556
-1048
-120
-775
-361
733
23
-66
-343
69
929
-624
-628
101
86
-241
410
-471
-347
-990
152
540
139
-395
-8
-881
-918
21
-476
-103
125
-393
-274
-270
591
-1550
1065
173
-50
105
-373
149
50
1172
-1089
335
725
-157
-552
1003
311
-495
-100
616
-142
-112
52
231
-323
162
233
-954
353
-243
498
-267
1049
277
268
171
-252
-83
-300
1174
-426
502
-613
-320
153
1104
321
-33
-154
-237
-714
-105
581
-151
-265
522
-570
391
388
-876
241
-213
530
144
-156
751
-28
890
-328
104
-1450
-1538
-228
-1075
-575
199
333
-905
-686
-95
634
165
-98
-120
-447
-629
-209
-175
23
-198
23
-235
-31
-876
-71
539
655
-595
43
-79
193
201
-1131
548
-534
286
747
809
-643
77
-607
-950
148
659
-213
-1092
510
-439
895
-766
-270
137
-455
-589
-154
260
-1312
328
848
68
177
434
937
526
901
175
802
827
212
-468
-402
-710
1626
-575
-535
181
-392
-1097
-208
599
-19
-499
-613
549
-144
-934
425
613
103
-48
-439
601
8
393
-899
153
853
-300
867
122
284
957
-1117
269
106
73
-472
-122
930
429
-357
-276
-286
485
520
279
167
-910
-604
-252
217
-491
629
91
161
184
-143
-264
324
673
-466
413
-983
840
-183
-13
-395
-82
-298
-90
-401
270
-659
-1476
251
-81
587
-205
185
627
-729
-813
536
287
848
-640
-576
-316
463
-85
96
1495
-165
670
-495
-145
502
-293
-812
578
-81
-227
-5
-354
5
261
-995
495
-70
241
-8
37
327
545
-32
716
-672
-911
-373
373
-634
-325
-146
734
360
-73
-9
416
124
395
-138
-843
-31
-670
64
112
-106
625
-900
278
-478
-411
-187
281
-990
212
-443
161
746
520
242
97
476
-765
-340
573
-1025
-512
257
467
561
479
-376
440
344
-55
-161
420
-312
-216
-150
-337
423
796
-498
993
208
-407
503
308
-149
-610
710
-180
-360
-229
-480
-723
1052
405
720
-261
934
146
193
-467
-275
-789
-824
-128
-197
62
-1015
520
360
-247
504
-315
-177
-466
285
-1008
98
-565
330
758
-223
-956
254
-675
627
-393
-244
-438
-467
-198
262
-782
-359
-505
-81
-330
50
-433
-62
1684
151
-91
-184
995
901
207
508
-820
-682
-647
-175
-140
402
238
-283
298
192
364
733
-1134
595
115
755
-1030
-976
309
135
417
264
142
-218
-630
341
353
-226
201
361
-293
381
-544
1452
819
468
424
-898
493
292
705
-1143
-103
1265
322
795
628
271
-67
-686
421
-1067
254
127
580
-574
-144
-277
-168
-1086
-314
-1519
1456
13
737
80
900
1065
-1000
654
-316
-590
-310
-168
731
70
985
478
42
264
-107
-263
-619
-130
-211
676
54
118
190
-566
312
-626
-157
-311
-347
-355
-715
83
-154
-534
-304
-231
317
-88
-353
-419
635
-454
-1874
832
-164
-760
-311
796
-98
-29
63
738
17
172
796
-545
112
405
133
804
-35
-377
-291
381
-665
-290
-417
67
909
-747
-45
-159
510
-124
-181
344
-521
707
135
-92
-772
-326
-176
230
139
-255
-76
-494
209
-469
-781
189
481
375
276
1124
512
371
-286
129
-342
-1002
966
-562
-227
272
-529
-509
749
702
105
812
244
-932
767
-905
-173
456
133
-491
138
891
1171
499
394
404
-627
483
585
182
349
-588
-104
-19
-423
-790
-327
-644
-81
-304
372
-418
685
788
-453
-112
-169
-252
-685
1027
-258
561
634
-266
243
378
-203
-115
177
815
-143
60
546
1140
-214
-302
186
18
492
-37
-588
225
592
-581
251
907
70
-322
330
-473
-515
-471
300
421
439
-1074
202
-231
5
140
292
-1326
877
125
-405
-629
227
29
-281
547
-485
287
879
-304
71
468
-647
443
-607
114
42
998
513
-374
-592
587
27
707
451
298
147
302
335
1129
91
-165
165
147
-359
214
25
-627
-732
-927
42
714
-75
914
541
1100
-480
-279
-1430
783
-297
-854
-703
-894
-375
-1206
-540
-443
-708
-332
300
-761
1041
-560
-280
218
-223
42
255
-833
-564
342
-681
-513
372
-596
335
-205
-347
-1093
-977
940
470
-556
-231
-45
548
-708
1005
115
167
-116
-1063
-82
-493
-67
1164
242
-55
-1178
376
-56
-477
-444
-533
473
-67
-539
265
177
419
846
1108
-1321
-676
-91
-855
318
443
294
-139
-16
-518
-159
-1334
-33
245
-433
-199
-59
-4
-232
160
1174
-28
-58
78
73
245
-277
579
-1598
-844
-754
-739
-571
-1203
100
-1262
426
191
210
912
-92
588
159
-569
263
-353
453
-24
80
964
128
745
181
164
255
242
-223
34
192
15
185
370
-699
-199
221
1002
237
29
1236
-582
343
222
-487
720
163
752
-1117
475
-66
776
-402
303
-14
-258
-829
-265
-102
874
-314
34
-181
-497
-558
-62
529
-417
-238
400
671
-65
-1307
533
-92
1173
-14
842
257
108
286
-793
462
-961
497
21
522
456
-54
170
1030
1220
-1310
317
-71
156
358
365
-733
768
54
-866
302
-195
-390
551
941
-273
122
957
112
58
518
-411
-61
620
271
612
-30
889
-221
-411
710
807
-285
-157
182
-469
-718
325
17
222
646
-382
-489
-975
-716
527
-376
-569
89
-178
605
94
541
-389
740
11
347
-266
65
212
-374
58
-444
235
70
259
-83
-284
59
164
-138
291
-44
344
-776
634
-472
-899
42
353
730
-684
-1224
853
-91
82
-983
68
-203
748
-98
154
1041
-852
-120
497
200
220
202
318
238
-57
522
-434
22
430
426
-942
436
66
270
-577
-212
231
413
150
36
-510
351
12
529
568
-10
-924
249
876
187
-554
-321
-963
325
486
-848
-660
399
-291
-657
-664
-583
786
-218
191
-603
-759
-112
-1024
-887
-768
-656
600
-385
-891
-383
-154
274
386
-494
96
7
-41
417
-180
-1274
1352
-305
-666
-730
442
-740
-524
-356
257
891
-1000
-729
96
-1071
47
1382
-113
-968
316
1075
10
-518
-103
854
967
-67
787
-942
-561
-410
-182
-317
-905
799
134
790
982
725
336
-255
109
1091
-376
767
1184
423
-1674
502
-161
273
-244
-588
1099
402
-163
-621
-12
947
189
538
-903
-203
469
-480
764
343
-60
-1101
315
1013
-1020
229
-398
-54
-731
-820
83
170
-255
-348
-741
-1148
-286
250
481
-319
-485
525
137
153
-244
102
483
260
324
364
-325
-207
461
-742
-122
398
127
120
397
-873
461
461
-139
755
-326
-1129
181
-1215
-106
-495
826
539
157
-856
547
276
-796
-77
350
-777
-520
-720
-210
-753
320
138
244
-200
-662
879
-113
-672
419
-142
-360
143
1240
-813
488
123
-822
65
-317
599
178
411
515
-295
-100
-399
854
383
822
204
-157
241
-387
-149
-148
106
496
189
-41
-825
374
-107
666
-147
-108
702
-67
-338
-563
-750
877
628
487
-298
-400
-989
-699
-512
-430
-845
-580
447
-260
1326
209
-183
346
594
94
1018
-270
-214
1284
-111
-790
-170
124
-767
468
-360
-110
388
466
-451
412
-652
-252
283
194
-204
208
446
-686
-584
235
-669
53
91
-662
-335
385
309
526
567
-426
-1227
7
237
-109
-728
429
-176
638
-400
103
1219
-929
1571
-980
186
530
-393
88
249
-444
-216
-509
-281
-221
-79
656
130
1071
-983
-130
-341
807
7
-123
-380
-420
-213
878
157
-715
-1267
1246
140
656
-818
-32
-465
-345
736
348
-980
-1382
-2
630
-199
-623
140
802
2156
1527
-139
-93
-339
535
-33
385
890
889
319
258
-1361
-122
25
-371
1356
-222
-85
308
-1257
661
1498
924
406
-882
162
-56
-766
-463
608
-543
280
183
-685
-51
-391
290
-325
-699
-1252
-743
947
-1364
-128
-546
-1192
539
-84
266
-51
910
-1036
995
-313
467
-102
77
-561
-878
-849
612
210
503
-442
-494
-195
281
-552
393
-1272
-445
-344
-1014
-922
-224
-289
357
657
504
414
100
-704
36
-243
53
124
-291
-504
233
22
-336
300
-1889
657
522
38
868
-296
-124
10
1596
-1147
-858
-186
365
348
74
-388
570
537
-143
-239
-430
167
655
-183
343
25
238
-1785
149
-209
219
-139
474
208
456
-207
-96
-277
276
-116
65
-414
-412
449
1405
63
230
-221
435
271
-186
-931
-565
-1466
948
269
-284
-786
-343
-234
-269
186
-170
392
-1365
650
-315
-547
302
-597
-893
635
-1006
-1016
577
-609
-268
1208
-296
192
-450
-396
-143
655
-638
-206
-490
-398
-676
-909
-422
642
182
781
-284
519
291
-877
-172
-19
-623
425
989
-169
-548
185
-917
-751
139
223
934
-591
-732
-258
-256
-200
72
-69
-268
263
195
-616
146
11
431
-141
-128
959
-160
-24
287
-375
-1178
-1453
-39
522
-200
-341
313
-188
-1201
-732
1092
-325
375
-308
-11
225
84
-224
-337
216
-58
-390
503
599
42
472
378
-255
736
-607
-481
696
254
-202
-823
-1164
-195
-552
553
427
325
383
505
-550
307
-196
-709
-863
58
-656
-1169
-273
929
-752
397
-495
91
513
-739
-647
718
7
-925
542
-390
-273
858
184
-157
301
-83
872
-1271
-361
-667
594
192
-558
-596
58
-49
186
-452
375
243
-286
-196
355
305
-292
128
85
-21
952
77
-401
58
-65
491
-284
-12
-254
144
124
-469
-364
-374
-317
-422
205
-272
26
-334
-312
262
-17
-47
546
-445
-267
-795
443
1351
-462
-442
401
-368
210
-402
365
-538
532
1590
677
-731
-984
-322
70
-63
-15
-875
514
-42
-209
-601
376
262
430
368
-21
247
68
-706
341
-1402
-817
-158
661
426
-419
452
810
725
545
-876
161
-863
580
-918
395
212
165
1257
137
-610
561
109
-56
725
462
-770
-487
-171
655
-393
-708
-140
349
282
416
-775
709
789
56
113
-770
164
108
566
-367
-133
-76
59
60
381
271
-347
-731
-103
360
634
57
455
265
298
-1028
-635
-219
-91
123
215
488
12
753
753
1179
-528
82
377
-406
-691
1331
-32
-51
-20
1155
685
886
-916
771
1031
-764
-685
333
-185
-235
-113
-702
-561
-931
190
-148
-362
-1367
-9
564
-788
-8
-284
-1173
-302
-172
975
207
-72
-705
411
496
470
45
73
-712
-244
-697
620
839
966
375
-509
492
-403
-214
-43
-545
-93
-778
-37
102
302
-273
205
399
-421
267
71
538
30
470
17
82
-743
29
-301
-1058
-576
147
-18
430
717
-778
-814
-734
343
-85
814
79
-97
707
802
76
474
-548
-697
-192
303
-240
346
390
1090
423
1145
-8
951
449
-907
1264
-979
428
-232
-714
-325
-35
-727
326
631
646
927
-523
356
362
-464
-495
640
-371
166
-619
540
502
-479
617
76
772
1337
-67
-1176
1023
895
1116
127
900
761
80
-1211
1826
226
-87
-530
-625
917
-151
-396
1052
-417
-364
-797
125
-290
-105
602
200
-101
369
-1333
336
884
-341
231
551
-332
495
-289
-145
428
-298
774
389
-566
290
123
409
69
-375
-522
118
-525
298
-1115
66
207
-368
127
181
265
215
733
720
-1115
329
-23
1020
634
-662
-545
13
-260
-78
-338
-45
373
630
-622
-289
539
606
780
-521
604
2
-735
-244
1208
-631
65
286
241
-157
1039
673
895
-662
9
150
-946
-301
421
40
-627
-427
-370
-867
-173
444
760
376
1
-54
582
111
1065
450
-1065
572
-382
57
-1642
-209
604
917
3
-781
-255
1377
-859
445
233
203
626
-1791
161
-108
-832
343
1198
-890
693
117
-1205
-407
-1246
207
-347
792
-369
353
283
-99
-189
329
531
-188
-621
875
282
1022
352
-865
442
269
481
257
-440
148
-890
240
-709
285
-807
648
-414
-395
302
-179
6
-453
74
-967
284
-230
321
340
-204
305
-87
627
301
102
431
848
-708
206
91
274
-717
257
-573
300
53
505
-1049
33
492
232
132
811
-54
-770
303
535
-179
-48
-628
646
1081
-270
-710
-110
194
-97
-456
140
805
147
-340
481
108
98
-45
-1030
-11
760
-200
-268
-618
322
401
-877
74
-61
-198
410
436
-143
-404
-616
330
178
376
-582
-362
-206
141
708
211
-242
240
-38
844
753
-380
-871
-88
663
-206
510
871
-30
174
138
-181
-397
-733
-233
90
-103
1062
282
-646
16
-353
-368
270
504
-515
733
-947
-95
-741
-74
274
234
139
-337
-94
708
735
-939
-260
-385
-118
-306
195
256
126
788
402
-228
-670
787
-560
181
418
1010
44
1191
-514
706
747
-525
-99
-423
-327
801
342
-1081
-153
1121
658
-274
230
-677
-178
766
538
-584
-116
-493
89
-317
-1011
27
57
-352
-276
-287
-410
-332
446
-463
427
-602
728
-117
-79
-173
-829
-124
1102
332
-767
72
541
887
-337
399
156
-233
-6
-220
-13
-168
812
-855
307
-1337
750
599
-350
763
-54
166
345
-150
600
-939
-482
-259
338
-1098
-684
424
15
1118
-751
-1064
-1078
-137
852
-198
-316
-1033
436
-1186
636
198
934
140
-1366
-211
-473
534
-409
-108
820
-69
465
-2
332
-709
-387
1004
733
1
604
560
32
-991
-98
-410
-233
390
-614
-202
639
304
-227
52
176
-1003
362
-214
-103
189
446
-177
742
434
319
747
380
121
186
-991
449
-81
28
129
-166
-406
1102
-88
328
-749
-423
349
35
-206
159
11
385
1352
-444
-1549
370
815
-1155
1022
37
-619
158
740
1133
230
719
-243
-1013
-85
360
293
-119
-637
-120
855
-91
430
757
-214
286
-686
705
-294
1185
54
-39
-504
-126
403
-203
155
-267
507
84
522
451
965
-472
-70
66
304
968
-791
598
-605
-668
494
-268
196
182
62
313
-176
34
-549
113
-357
-21
-327
34
596
1473
-468
371
-26
-802
1060
-172
8
-155
503
209
166
-373
351
415
-244
592
335
292
548
-1168
-1178
-476
419
825
-827
422
-239
-7
-194
849
72
725
-501
473
-869
749
558
-799
1279
461
256
96
529
-158
-868
113
-344
499
434
96
-137
-84
-34
-448
-350
142
-539
-96
700
-131
718
-314
-318
595
-409
479
296
-751
1006
-1214
-463
683
504
626
-810
-634
-558
611
-1141
-372
621
-54
-304
815
-171
-353
-459
-92
407
331
-353
-878
1085
195
-409
420
932
-194
-588
402
1004
-205
-407
393
-564
283
-653
-12
-320
478
-66
347
-1430
-380
28
315
-412
-14
-575
2
324
540
2
-116
822
-227
545
39
-275
-310
-614
-452
4
-209
636
-843
760
683
-641
865
127
-427
147
-1079
433
-472
-607
-435
-301
-718
-910
724
-1050
-441
558
-1040
868
82
-646
859
-477
391
613
59
524
211
1156
128
1154
336
517
-401
-640
562
-203
96
-279
157
969
423
113
1107
294
355
-606
-160
206
742
-384
331
-486
388
-200
1158
206
-60
0
327
-884
-407
760
91
-41
-587
848
-295
-73
819
-365
66
138
-348
-573
328
171
-332
169
166
418
1361
681
534
35
-355
-386
9
144
239
828
-30
-226
1017
-82
-318
-43
-109
-666
298
777
-634
156
223
-896
-312
-404
508
-753
633
-1253
-201
-83
188
522
171
-108
-578
978
-328
-110
-42
-1053
-998
-340
-2244
-20
-460
-583
-149
-165
-464
932
222
-525
-595
-443
-887
-1612
-405
-262
-406
-382
-1045
-853
-54
466
5
-412
-5
670
-792
367
-570
166
240
133
227
8
-244
333
35
198
72
-322
-514
-390
582
-463
-1164
-222
-1331
273
-292
825
506
-467
517
287
737
-847
477
138
207
-303
42
-127
-967
-1307
-70
-535
893
56
21
-95
671
550
558
726
-96
-707
700
-166
-636
-938
801
282
123
222
656
-110
515
-738
-843
439
580
-204
622
20
-1337
238
-786
209
-581
134
103
126
-682
285
1039
215
97
413
355
142
238
-114
-82
178
99
-139
-33
-646
-114
-835
-330
482
-206
-314
-258
301
900
137
-1397
61
-882
-553
731
365
350
-781
-515
-162
-756
354
-155
208
850
574
-174
-28
-1137
-40
-17
-216
-46
799
-226
195
-1529
75
59
355
736
-831
-500
-648
-1008
-298
501
1135
-346
221
420
-163
146
68
383
395
430
404
-351
293
274
-1559
143
-1063
610
17
486
327
425
-209
331
393
296
-197
-530
396
-415
-1690
-449
-477
1082
579
291
63
447
804
304
-1280
-692
184
125
-707
69
678
340
742
306
805
-23
591
31
-296
-103
646
-308
416
608
341
-252
300
-27
-171
411
8
190
294
-519
-513
52
-812
193
-164
733
-477
279
-119
567
-591
364
-161
1428
253
1430
147
-222
-779
-541
-1368
760
124
911
-16
1036
217
-864
853
878
-55
-465
436
-106
-1222
-876
1575
725
1175
124
728
-500
-484
154
44
-723
-74
-1021
-69
988
-222
8
274
-749
490
428
43
-500
501
943
-791
-727
-696
374
295
117
-582
-1024
662
-458
-202
-259
-122
-11
835
-1517
21
255
-317
734
-108
1087
-1334
-726
677
626
1506
-570
-168
777
-683
-143
194
-349
517
-561
1154
-302
169
107
-3
55
348
212
348
122
-194
-537
294
-80
-503
-1097
-606
-228
138
-299
-429
-88
558
78
1021
-351
632
-481
-324
-140
-145
261
131
983
38
-497
886
243
-188
-769
-511
-701
-612
214
21
-321
1198
-171
378
407
-152
207
60
-710
1076
-180
-603
535
-829
-792
-1495
-60
795
715
731
373
-531
628
51
143
-1085
947
-633
401
-1588
222
-505
46
-313
-340
271
772
-262
233
-1051
-152
-205
461
30
-86
-175
385
991
838
-458
268
1075
-693
-517
348
-1025
-471
32
276
-757
164
-416
-145
-613
407
-951
-110
-275
745
402
172
-663
-174
-842
-949
-326
334
839
375
-342
-248
186
-33
250
-333
40
-1348
260
-712
119
-1094
-603
-791
-264
656
-770
-148
32
-214
459
-860
319
423
276
-471
323
744
-629
-140
-371
-431
335
-1121
-952
-349
-214
809
-614
244
-778
-831
786
348
82
-313
168
-1100
310
607
-1436
-46
-263
-582
324
419
1021
-415
328
301
-450
216
-108
-960
-634
829
-622
-426
-668
354
-425
50
75
731
-134
185
-319
627
224
394
213
-401
244
669
-622
1077
50
-85
719
1311
-129
-679
524
426
155
416
374
292
-556
362
545
574
210
-87
-283
195
145
-533
51
871
-108
7
-594
-1259
575
-429
-201
-833
-400
529
660
-154
-544
7
917
-628
-513
-518
171
232
-217
80
-652
-412
-250
-93
485
-145
-227
856
338
-672
487
-924
202
1536
484
-277
265
1016
-279
-217
528
-248
556
439
-721
-370
-233
-100
-615
410
916
-924
961
-369
-360
-907
-99
-164
39
360
5
503
-701
119
194
-34
830
278
-243
32
338
-589
-552
446
332
189
-632
-274
-189
165
-691
-148
-155
157
366
-282
-320
-1343
-185
-206
-805
186
-483
-614
149
-421
-1013
-677
303
-252
-418
-596
243
-804
738
-525
188
-695
-363
690
384
103
404
-60
325
-309
-397
-476
-651
-180
-235
-676
156
-393
-235
-388
943
174
201
126
808
-349
164
331
1495
297
-1045
595
-383
99
151
-270
491
333
-613
478
352
-248
906
-157
-94
76
552
-744
-693
-731
-435
348
1470
377
1235
-193
-1537
-304
218
1095
978
49
-399
-211
-536
890
-709
-279
-85
-668
69
-182
10
471
-684
603
-749
-800
106
-491
764
-529
-211
-385
785
670
-395
-83
445
-27
248
454
-855
1111
172
1458
157
-1148
-564
-1020
-405
605
-514
37
189
421
1097
-251
30
-216
-338
358
186
-247
88
477
133
-916
489
71
-306
-549
632
-366
-1028
597
7
-544
-71
-120
1266
-1094
-1024
219
83
379
625
555
-906
58
568
350
-153
631
-410
728
155
-237
-10
553
293
187
158
-956
-236
105
-195
-34
26
-435
192
171
940
331
957
-259
-81
673
933
-252
-589
-1428
-376
-932
1047
-643
-665
-293
361
473
-199
-352
-645
270
-398
-79
-1156
-510
19
-172
110
-769
118
-288
-450
549
-809
83
-368
-166
502
999
-363
-199
-518
161
779
-633
414
535
1334
72
279
716
-389
-193
70
-123
-215
-271
-107
105
-556
305
-294
-405
433
150
-234
1654
-427
-171
738
114
-344
275
-55
-481
450
-399
-105
291
187
-1576
-96
-566
23
252
-395
213
799
-597
156
-1049
1066
591
470
183
-674
732
448
-16
-56
-562
-208
-149
1084
