32 81 529
0 0
1 4
1 7
2 17
2 20
3 4
3 14
3 30
3 31
4 18
4 25
5 0
5 12
5 15
5 29
5 31
6 5
6 17
6 19
7 0
7 30
8 9
9 1
9 8
9 18
9 21
10 3
10 6
10 10
11 17
12 2
12 13
12 19
12 22
13 11
13 16
13 22
14 17
14 24
14 29
16 2
16 23
17 9
17 21
17 22
17 28
18 1
18 5
19 15
20 17
21 0
21 3
22 31
23 4
23 17
23 19
24 4
24 6
24 21
24 24
25 13
25 19
25 22
26 10
26 13
26 18
26 21
26 27
26 29
27 8
27 15
28 4
28 20
28 24
28 27
29 11
29 25
30 22
31 4
31 10
31 29
61
41
45
29
72
56
16
5
66
9
38
22
27
31
24
12
14
70
7
44
64
10
6
74
58
57
40
13
76
75
28
17
35
26
15
71
60
69
39
67
25
48
42
20
73
78
19
2
62
46
50
36
34
65
0
59
79
21
55
80
11
52
23
77
1
37
32
43
68
8
47
3
49
51
30
18
4
53
54
63
33
-251
-343
883
52
1028
302
191
-19
-14
713
286
-84
145
863
-353
266
633
143
-20
118
173
72
-13
436
-506
68
187
-237
-307
295
710
698
-871
464
-404
204
-268
-672
-228
120
599
-20
-296
-472
556
676
-321
-82
-620
-611
-123
-14
-496
668
725
-32
-70
557
6
-981
-327
-39
-255
-315
24
315
-29
-530
-135
-635
-827
-146
229
527
-449
514
-240
476
-345
123
-531
-819
-182
558
-256
555
-185
-582
1083
782
266
52
331
368
334
207
73
242
-124
-39
-91
-242
213
-301
-881
-339
-359
309
124
-19
-509
2
206
305
-177
185
580
-693
554
-756
92
-275
60
-153
-832
997
-1226
-710
415
348
-634
-720
23
-596
1316
713
107
106
890
140
-327
570
-379
396
264
372
-551
-586
4
-221
460
-816
875
180
301
-319
-172
27
1066
206
267
-128
-56
-100
562
-268
688
308
305
833
-863
21
387
196
-394
-109
-447
-819
547
-77
-1158
-432
618
-175
720
-568
-759
762
104
-22
246
103
-494
45
-56
-5
-214
543
1033
-539
321
-74
233
-624
-135
1431
112
-31
-171
-1056
-810
-683
-450
140
620
-152
719
-403
-686
-245
695
-417
-31
-202
-412
390
-262
-887
-490
489
222
80
-254
-205
-830
-63
1058
1096
753
392
-331
371
-286
127
135
345
209
110
-74
-732
-140
571
1563
367
-727
383
-434
162
829
470
424
-885
858
725
387
-66
196
-78
-300
-66
-762
699
-768
-626
189
311
-420
-62
445
-463
684
-656
-440
-286
524
419
214
241
-138
331
-363
-635
-209
-1646
486
124
78
-25
-361
201
5
-918
-1244
119
-297
598
-66
-320
215
1207
278
-232
-312
-81
-459
-533
290
-1107
-199
293
365
961
-37
-32
-256
295
551
-424
208
203
-306
242
1352
252
514
560
259
685
-291
-437
-26
914
281
204
669
-254
594
-251
-373
-436
205
310
484
6
-2
865
1269
-447
-395
-504
289
-1008
91
-60
-372
1386
575
987
403
247
311
231
-569
346
245
-675
155
424
912
361
301
-58
205
436
-531
126
535
-223
561
-81
364
-409
641
377
-1045
441
-265
-1117
750
-955
-863
75
-1064
-67
745
73
-77
-374
-68
-496
824
-74
907
315
42
926
-158
-37
582
-495
147
-1170
-184
-236
715
361
31
644
732
346
262
-541
967
-1274
-178
-657
293
-612
300
-261
-614
-167
142
770
-1255
-24
-344
-23
367
169
-355
302
-375
-331
-325
156
259
843
8
-1241
723
462
-460
-713
414
-1366
307
-947
-317
-574
-391
320
-92
623
1
-691
191
41
653
-1068
187
351
-328
-73
-358
347
1070
121
580
-211
-690
-597
-142
-439
-69
379
1300
-98
-196
20
-304
157
-1014
-313
373
-492
728
159
-121
58
456
-389
158
716
-384
-637
-116
-327
1113
-406
241
367
495
-459
45
-298
-480
-193
11
-337
-1363
737
253
483
-35
-27
-424
-235
-160
336
347
355
-405
-409
402
-26
-558
498
-272
-119
258
-421
-708
-415
431
-829
179
-204
313
-390
-248
-209
121
-768
159
360
-445
-186
-113
-546
361
723
-346
-752
296
-475
-409
497
491
-370
290
650
-42
598
-455
904
459
60
524
-832
-290
243
220
497
148
-990
26
-192
868
301
59
-1436
-523
299
182
484
111
-317
-225
278
461
43
252
1184
-624
122
-808
951
-226
240
102
563
83
134
-337
128
-458
871
-150
69
781
-749
927
412
-322
-498
299
304
-473
-222
412
-89
677
-849
956
416
-132
-255
456
233
131
108
717
-72
735
-92
-547
-235
626
731
-286
-195
135
395
-131
439
-267
796
-84
330
-69
374
235
-490
-439
-87
388
586
-272
657
142
-850
-478
-744
52
51
123
-16
327
541
76
89
-656
273
180
-255
216
73
-631
-217
158
-162
465
81
594
908
-467
91
885
521
-835
-1047
336
-127
-82
501
-769
-717
-735
-239
-633
-401
-9
-206
549
-111
159
575
-1008
858
-44
-277
303
-305
22
-468
248
-580
-53
-956
67
-31
-328
-353
52
1393
395
618
-388
286
-1195
-443
-171
714
132
875
251
525
-690
-539
441
-581
119
-450
1012
389
-1332
551
165
113
-774
498
442
-15
43
505
-131
-74
3
92
-241
-160
20
985
31
-231
96
158
1266
142
255
-144
-104
-143
-900
-74
-79
393
534
244
356
49
-56
481
226
468
1280
-121
-543
-746
211
599
-460
-334
-446
-147
660
331
-354
-168
-1266
162
153
18
-162
-141
249
-211
178
-678
483
207
26
-504
-25
-460
-1097
-7
479
633
-696
-64
-395
-709
-277
27
-846
-750
-897
785
-125
308
125
600
665
-322
358
-213
-420
-243
-421
-265
186
528
-90
618
640
210
263
-235
-526
-264
700
-295
-136
-57
595
63
-305
-148
-432
-1357
-755
-812
-1057
613
-758
808
138
-1385
-994
282
-916
57
-28
-641
-345
-882
847
417
745
-609
-755
-432
927
-521
316
48
-296
-492
31
-62
499
19
-737
235
832
-272
316
-38
352
-345
414
-416
503
-405
-595
-788
313
-1042
154
741
533
204
709
691
297
114
-122
164
-272
1055
-358
43
-1093
264
199
-662
-451
-151
-291
172
306
150
-1275
-433
-629
-90
-317
20
-663
186
202
-328
273
73
-330
453
-38
-180
-452
-475
679
-78
167
108
-411
-341
-681
-28
-609
257
275
169
111
336
9
-513
-55
-137
-281
98
-1018
284
220
522
586
-347
100
434
262
-168
-290
-12
-798
573
392
949
51
180
-1005
-531
789
-117
-612
-412
-414
595
-273
496
38
143
-927
-248
-247
-1268
868
-1201
174
1335
548
-32
1151
-745
-662
102
446
394
470
35
35
255
266
642
638
-931
-125
-236
772
-356
-137
425
172
-545
454
-337
231
-341
-575
-92
-427
604
-73
685
760
1269
968
-343
-97
-639
177
-325
342
210
269
-70
-239
-101
283
343
219
111
-44
347
-425
306
1010
487
1147
-263
419
-33
112
-25
-747
-1560
299
738
-292
-111
171
557
508
-299
1425
-150
-42
-562
-863
712
333
-447
-45
-649
753
-194
-187
-264
-1
-7
437
385
495
743
1136
301
455
290
-254
636
-1109
-521
748
-29
-347
-667
236
74
-686
-434
-329
-346
-1160
280
-632
-186
1043
-157
-394
-588
92
-310
180
288
-798
154
-969
-415
569
0
-69
-324
-310
106
146
29
-1248
-369
164
510
-359
930
-452
-539
90
-111
894
-657
407
-774
-642
389
58
300
-161
258
-157
-246
364
192
-502
365
-462
-190
437
1228
-464
-211
62
639
1042
279
-231
122
-440
245
-1029
1122
-270
-237
-27
-814
-947
512
479
419
89
-378
589
1101
248
316
623
276
-30
29
-153
-636
-75
565
455
457
-624
490
347
216
-24
-179
528
463
-1120
-327
43
-182
37
599
326
294
-421
-393
-732
-435
58
726
150
582
-199
-140
-334
520
504
-495
-1170
-467
-210
-1144
-899
-444
-396
270
284
4
1256
688
680
-488
-977
-137
86
-913
200
-160
-737
-375
784
-165
-1040
-283
-796
31
-106
-1041
-686
314
299
-90
280
442
30
-1678
-70
92
383
-43
-926
400
108
-90
718
-190
-238
-229
120
668
-87
-332
-284
-340
-618
469
-231
-889
767
155
-189
-592
-82
467
361
70
-886
-490
387
-803
-575
1236
1013
-552
-653
-143
-396
531
-273
-68
-292
222
331
-317
-847
465
195
-432
-503
-68
751
-74
567
244
-145
-150
-179
-221
16
223
-251
350
934
375
182
-474
123
-309
-237
-190
-641
-420
136
184
731
43
-698
878
634
97
387
-119
705
172
-52
716
1236
164
-389
-301
974
-395
343
493
176
367
-32
-496
-954
35
245
153
-139
-232
704
-450
534
-435
427
-29
1087
188
243
-194
-720
608
-160
249
-251
39
-479
-23
-155
442
-642
-934
-133
-104
1211
-185
284
-959
258
-258
-936
811
573
505
-149
-122
141
-191
-495
-173
-590
325
-104
822
181
58
-598
262
-425
-113
-1271
-849
1062
-308
-457
164
-795
-280
563
798
-932
-358
-385
-701
285
-299
-947
134
-231
-23
-143
648
-381
-128
-257
59
936
-159
-128
-270
216
-217
628
-344
-811
-130
330
-648
-690
429
7
-18
-126
-846
-296
788
-308
460
423
-546
-650
-271
64
931
-465
699
252
806
306
400
402
-582
-289
-579
-92
-939
-188
-423
2
689
-357
-165
675
-200
-462
114
767
190
-200
-331
-406
-1139
-544
330
-661
-554
-7
-672
-500
616
518
462
-196
-274
-525
525
-263
-56
-174
-1099
-206
-1922
229
538
76
377
-445
292
16
535
-1106
139
65
-109
154
320
67
-473
818
-101
-1091
-966
-1317
38
-363
380
286
174
-184
30
-314
601
61
-639
454
-214
-430
-295
-271
-211
-369
255
-124
-218
505
-883
-44
145
-722
647
-90
1069
78
687
-1133
-71
155
324
-531
109
44
-106
381
808
850
-385
272
468
906
-245
-672
436
181
-231
335
227
-391
394
52
-88
-767
-31
-308
1079
-914
-505
219
443
358
252
-176
-73
672
-463
977
153
-285
-155
476
-344
-284
-301
308
-320
-881
75
458
-174
-1435
631
63
59
-228
-126
85
616
564
-24
19
-798
-822
314
625
99
-466
132
146
558
-248
424
626
211
364
1171
412
-602
165
483
-451
-345
-107
-209
-257
-382
-327
993
1165
419
255
352
-144
-758
51
-197
374
-333
-173
-305
117
-51
1057
360
108
-471
125
-243
85
560
-751
191
-537
43
328
-197
-362
-335
-251
415
-1258
687
-64
-273
-364
-802
-620
1067
158
-278
395
395
-73
37
844
132
-606
418
-67
-92
-75
-996
-2
-105
760
717
-858
-477
512
565
113
27
634
-183
922
-15
-877
-476
-979
-35
-762
-334
-308
350
6
-802
-574
-606
-46
-11
-111
27
-107
268
-5
-619
69
339
-445
-279
-303
514
-992
306
-653
412
316
178
975
-589
-138
1012
247
39
302
714
152
-749
655
-154
-410
425
-1382
30
-928
940
238
979
-661
-255
-236
-884
681
86
147
62
82
244
200
-586
170
-135
492
229
143
202
-430
-640
67
-415
74
-829
-609
121
176
399
-24
-1406
-695
-702
388
292
-106
-811
161
-272
-121
-608
-218
137
847
-145
-567
-862
293
521
-167
-144
51
-170
-19
527
-283
236
136
-265
-1087
106
-161
158
1091
149
59
-92
-45
-42
-262
433
347
-701
455
-17
1092
760
602
-314
-187
-218
-523
357
-542
484
-326
189
-102
400
-1393
-300
300
-705
-583
328
-348
-513
678
-170
-1093
891
-775
-1356
-161
-152
-215
254
351
-424
379
93
165
66
-277
-173
50
1225
1029
-725
500
-288
893
-528
200
-613
-519
83
209
633
-295
-340
-473
-429
-382
-248
-880
267
176
1471
784
-457
543
-494
72
-532
401
226
438
582
199
-96
-128
-382
627
-208
-587
-978
-468
413
332
668
1055
192
-308
260
-26
-548
326
322
448
205
159
315
509
-473
-563
159
352
39
-408
-467
-175
-728
-270
773
482
190
-414
498
128
-41
660
517
711
523
-994
-196
-598
37
92
-706
153
283
310
309
89
-885
-366
-529
-193
-189
-53
-58
-357
-895
557
-337
-1209
-585
-1367
755
531
487
-872
-80
548
-181
597
-248
466
178
-151
400
26
-448
-540
1007
256
-686
134
319
-961
37
320
-151
86
-352
-26
-518
1234
-448
126
-465
60
-365
636
623
-28
93
-222
62
116
-1236
139
-261
164
14
-452
123
25
-420
543
-375
-12
555
-547
215
-24
-529
-717
-288
631
-133
-984
-593
350
207
-37
353
-457
445
371
260
-323
-173
431
260
-185
-61
1307
-273
221
-237
102
-460
-992
-196
100
430
-37
-417
-185
-140
-372
-554
209
-1597
-156
-514
-23
79
833
-314
-596
-525
425
293
447
824
96
-267
82
-352
-630
-45
101
198
1
999
-175
-994
-366
755
629
634
742
156
-677
-216
-119
-206
-26
-181
1192
598
-384
811
279
942
368
317
122
-554
-516
-30
-375
-141
335
821
951
-755
137
253
236
-933
443
1103
-1203
40
477
2
368
-409
449
95
316
366
1037
416
87
-499
-161
-93
-1410
-949
-345
-144
-909
113
-456
445
-329
141
670
744
-452
364
-90
541
142
-141
-295
-634
1182
-696
695
-458
723
498
90
186
1290
-209
-438
245
758
379
1105
1055
-475
-16
-404
-153
-1317
-152
631
267
-935
-19
241
538
-211
482
787
912
-437
44
35
1525
420
477
-174
-1270
264
-641
-5
-402
573
382
744
82
825
150
242
-231
880
704
149
173
413
271
-429
10
-384
71
682
-773
-79
79
399
-20
263
-566
-396
-626
-180
12
-40
619
-561
463
-1110
-443
-357
1044
-187
-436
220
170
275
478
503
-400
15
-731
-506
313
720
86
395
-317
462
-1359
533
-484
-238
-525
-267
-595
1213
-47
157
-11
49
292
1029
-461
110
-253
-422
547
-1088
389
-750
69
-403
-495
37
-18
430
168
297
-288
344
-439
-122
-553
73
259
855
160
170
21
443
92
453
-324
905
365
-450
-214
280
97
820
-286
-701
124
134
-138
405
480
-238
728
-910
-543
594
376
20
769
-105
-148
468
198
774
-355
-56
580
-21
-323
-202
337
607
374
-910
627
-528
561
327
-1166
-935
-158
-413
-398
-309
-192
-698
-111
-169
-336
-293
465
-55
-247
-114
-146
572
-1172
-428
-340
901
-346
-379
-112
-113
435
-256
-200
275
381
-685
-1
991
142
-777
-202
-495
154
882
110
-20
343
-439
-726
478
319
-351
18
-596
-83
847
-681
-47
-28
380
-673
1199
-289
286
464
-635
-815
-1087
645
-304
1
233
-322
-704
249
687
-743
132
780
-67
-363
-250
-177
350
-357
477
230
-134
81
86
-418
-526
61
831
-229
782
661
-206
595
379
-166
-198
-869
39
118
225
396
285
324
-627
498
-348
615
-648
652
-464
-39
-109
-476
482
-330
-623
263
785
383
-850
363
-600
-514
357
-975
-64
474
123
368
742
-308
-81
-403
-376
112
161
437
-253
248
-173
833
69
-130
817
-75
589
-290
-182
-334
848
-1107
531
-1051
-388
-165
-239
-867
-863
532
-137
-742
546
1001
330
518
-153
435
32
965
311
217
784
333
923
-143
370
320
-186
-179
-18
-24
-447
-617
-209
-482
571
323
134
-921
9
721
-781
152
1729
100
-485
-821
117
570
95
-674
-74
-138
698
213
122
-324
-215
-208
37
116
-161
405
24
253
219
788
281
404
-881
503
761
-746
-49
-5
-752
362
-1105
-1002
-196
-82
460
-673
-125
834
122
-1381
-486
-380
304
-279
201
-940
790
-254
231
-939
601
-3
213
824
55
-934
207
322
34
99
925
-779
-15
106
96
-221
15
56
-826
819
-42
-170
-817
-69
961
-399
124
-834
-842
-183
593
101
-157
-38
-203
-655
-200
875
28
-862
959
-261
-587
-126
341
370
-392
-345
-748
-881
-758
-535
173
-289
-650
-221
-627
-1033
52
-571
187
-661
-696
-206
-138
118
-434
41
7
397
-228
-472
18
236
634
439
-746
-56
-503
-1275
-278
993
279
647
-367
-128
-1024
462
290
737
813
519
-553
-298
-744
390
-614
-386
547
514
-133
-524
227
-604
103
493
918
273
171
-376
-41
256
520
-990
264
-655
-715
185
602
240
332
-508
375
371
-88
-310
-213
412
122
-44
-63
562
-936
-355
-914
13
-355
592
-279
-216
-1562
357
11
-381
-111
191
-142
-94
436
253
22
45
-212
975
856
-256
-492
238
-357
-72
-606
136
-290
566
60
-375
32
250
832
-390
545
-181
665
419
-658
304
169
-588
282
-72
86
217
-297
-170
288
-457
494
819
-1168
-157
-760
-113
-167
-112
310
-582
-36
568
-661
959
-206
-306
453
15
-820
-78
-51
-464
138
387
406
-113
398
-767
-723
330
-59
620
-299
292
-639
158
-24
-151
270
-535
-161
-191
-222
-384
625
-330
-501
-289
481
89
901
-221
-145
-107
-70
795
145
305
245
-183
-438
343
-1101
295
275
-120
758
743
228
-847
-321
74
142
-11
-21
20
75
180
-1037
390
776
-179
-681
23
-140
52
126
535
-601
505
-154
803
436
-1554
-140
667
-111
77
-55
335
898
573
-283
915
-270
-589
1243
-152
-374
193
-870
67
588
264
-586
39
-89
-377
441
-728
252
-67
-185
127
-131
-657
-373
-764
129
209
1044
546
24
-761
342
344
-238
-805
-261
149
256
358
-138
-2
437
262
371
116
-140
-94
109
550
213
635
145
-479
180
674
281
-3
5
-40
-4
-720
-215
-937
277
-468
315
-900
-267
887
-218
-360
-639
420
53
587
-559
566
-563
-311
728
-334
354
-480
33
432
-271
292
421
27
250
757
-482
243
187
-71
544
-648
-373
367
1119
-326
62
143
-465
618
509
-520
-1173
-351
-331
-44
-1228
436
-270
388
-220
702
-257
91
-362
-382
-809
13
-652
235
99
-148
328
662
-893
-200
-93
107
-1238
-244
154
206
496
-80
-124
-47
-223
1029
484
182
394
1215
206
-463
506
545
-949
-9
792
919
-309
-84
528
473
670
571
1011
61
-554
-79
210
700
489
-435
-898
833
315
-215
-12
143
292
260
-214
923
-142
-981
633
-181
817
-685
-128
738
-249
271
-434
64
-89
-273
-510
764
-910
-11
171
86
360
-599
-369
615
97
1349
-841
926
296
-147
-310
-117
-81
9
978
4
403
-361
-174
-254
-402
-182
186
-30
3
-112
463
-269
422
349
-139
275
577
-152
-1077
1326
-611
372
214
-5
256
218
-33
-332
-362
-137
90
-553
-1016
463
-1022
153
-743
96
277
-375
554
457
122
-127
1137
608
210
-528
572
-170
-531
-166
512
1068
111
-387
-58
-1001
-85
-237
56
74
343
-72
-118
-360
383
-552
-318
11
-627
-470
764
267
-409
439
-389
-731
422
138
-46
139
-419
-192
184
-365
248
175
187
-749
309
-290
-260
-717
-248
102
-38
-1014
118
-382
-122
342
-554
-596
-256
-540
-530
-814
-425
-359
-466
104
-974
-770
-293
-1346
582
-40
-359
267
86
-753
338
354
-929
-624
1112
-238
536
-81
-373
513
193
-423
1202
115
-703
-490
451
89
-705
-106
-280
-278
250
-543
-907
172
-559
-173
-266
461
-107
483
661
275
-326
317
-661
-280
598
984
-679
-682
-315
570
279
-32
258
339
-172
-485
1045
963
-236
507
878
61
-866
149
132
362
-645
-323
145
745
232
619
849
380
680
544
-226
310
272
-143
-329
-765
-131
68
219
568
-420
-31
-383
-77
-992
-102
69
252
-1260
92
-425
-448
-134
-213
458
448
-427
-43
-482
-200
545
3
-855
44
-5
-150
627
546
-107
-360
275
-20
-300
270
88
301
-510
-184
-51
773
597
-615
225
-1051
340
498
458
-188
964
-488
-308
-348
-495
112
-342
-742
887
-93
219
130
115
-267
306
278
-575
68
-242
-518
647
743
493
-643
-258
-912
636
-996
-391
-364
286
-656
415
-204
532
-3
1034
845
-274
257
-191
-503
228
778
891
14
-102
121
434
396
-316
117
-402
28
571
296
-91
-307
385
-55
931
-334
786
1606
-799
-477
459
-1057
281
-505
-206
-113
-589
395
617
202
-707
544
-689
-289
-39
9
237
50
421
-194
171
-392
-63
-455
384
9
704
726
272
-797
299
-352
219
-193
-5
563
-856
1108
281
-292
-50
27
-4
-755
260
41
405
351
201
373
-55
328
-121
554
832
668
328
185
-1023
98
876
510
-289
375
81
-694
652
260
-382
-817
-1350
73
-63
520
69
-370
-301
-660
186
338
713
81
187
-27
-168
-612
-235
-170
785
-138
-319
1058
-646
-48
-627
955
-57
-124
114
-270
259
-737
-630
667
-62
68
-195
258
-245
701
501
-47
448
375
268
-107
8
406
-496
-391
847
-326
1063
245
-518
-553
-58
-511
-354
-536
855
235
605
410
101
181
465
830
213
538
729
-300
139
767
709
461
-68
693
704
-69
-14
-190
892
383
457
422
-200
-371
-303
464
720
-188
261
-663
437
-490
12
1267
37
-54
-140
-312
80
506
1052
-283
929
-110
-224
259
-78
160
94
-234
9
414
435
235
-5
76
-303
627
258
246
416
638
975
-461
269
-245
594
-398
-817
22
195
-416
54
-500
-177
-453
75
-173
-1043
693
1450
-286
531
802
-601
-643
-1266
-367
-308
1161
770
-145
661
347
429
390
-443
672
881
661
-250
-109
-806
106
-511
629
-296
508
388
215
-799
930
1225
-19
138
-131
486
-42
-511
520
-94
750
-428
70
-183
123
-381
155
-767
-360
267
688
-264
-941
993
-448
694
897
13
421
-363
-193
149
-91
-610
-972
391
291
390
170
-490
239
-24
620
-376
476
949
323
884
-336
-69
-105
409
124
-117
479
-927
59
205
258
-653
533
-4
340
170
578
536
812
813
723
-294
-1306
-200
1025
229
435
252
-405
312
-146
613
255
-196
-190
237
-250
56
178
316
-51
252
40
-381
1319
1232
-858
-11
230
-299
155
-42
-375
-560
-1810
108
282
-121
54
21
83
-644
151
192
-42
-525
299
-586
-129
139
-70
-850
462
143
559
-291
-8
-480
472
-249
52
252
-50
-511
491
876
12
257
611
-1015
434
418
-481
-161
-103
200
64
-565
105
-190
342
2
-830
833
14
-502
247
-75
58
-1034
690
-404
118
159
-61
1257
-691
-29
47
-678
176
-638
-31
-174
502
-326
349
42
579
-266
214
-81
52
96
-156
-28
99
406
66
6
-756
323
29
1179
-48
506
-171
414
-465
67
989
315
-159
317
-567
-805
655
850
814
-42
114
167
-420
-31
-309
380
-21
401
144
1041
-686
-377
-365
-60
169
891
742
265
-22
-277
-339
-57
-479
-112
119
260
684
237
164
-574
-517
-773
402
1034
-1210
-643
636
-411
194
113
119
-317
370
205
320
3
-126
207
781
-67
439
-493
206
336
677
-313
-353
1014
551
78
279
427
290
203
-425
162
-462
190
-80
698
437
332
-890
256
-749
-231
-460
559
539
-361
232
360
715
52
-288
-230
-711
266
-1097
479
276
614
-589
-142
574
508
-134
495
6
-736
-269
127
-346
58
257
217
193
400
-601
798
859
-361
-44
100
281
423
-227
1242
334
553
-395
610
222
239
-1173
-77
-270
-521
205
945
557
-618
36
-453
349
69
285
-899
-71
-128
-1000
-222
44
-498
-901
693
453
818
589
258
-220
653
-492
347
573
-698
-410
62
292
-158
-252
-715
304
-999
-25
-516
-210
795
-28
-76
32
-91
82
133
-106
444
-94
-129
-1048
1483
559
243
1080
431
-474
-75
538
-415
-760
-220
376
624
-1146
-228
284
-448
-1177
-245
-711
214
-122
176
-143
21
-60
-160
-147
412
719
1555
181
311
-919
-541
-463
269
621
320
924
4
76
610
554
516
-772
-1130
-158
497
1121
-322
-413
457
490
-601
669
342
115
976
-44
795
-958
454
48
531
426
-325
-225
217
150
481
928
-385
-179
154
-302
910
533
-69
57
-429
-80
-662
-758
-41
-90
569
88
-158
878
-751
-538
555
-512
-1
442
-625
-124
-108
-199
-511
-366
526
-1244
360
-1424
-32
457
556
426
36
-45
93
14
692
-310
78
-554
-454
100
-370
-192
-317
-55
-679
-555
-319
-111
-889
-965
481
54
-219
-300
-427
-841
240
719
-342
561
-209
-307
-1023
-964
-29
-30
305
934
546
-462
-105
403
-311
372
-285
-306
-1080
408
-241
-226
30
64
-53
105
-125
-394
-226
1087
109
-319
-364
303
-552
68
-94
199
-200
236
-72
-526
6
196
-48
-66
179
596
-381
179
-255
785
-825
381
918
-190
794
104
245
-1117
619
533
-219
91
-188
-607
-352
122
-328
714
-237
307
113
567
512
1358
888
588
-836
-86
-403
974
567
-490
251
197
-168
897
285
96
940
166
-79
482
216
285
205
-729
-201
234
-82
-630
-1076
1680
516
-305
361
-311
-308
912
-616
-462
110
27
-112
-55
443
-159
-675
-383
478
-268
-109
-777
120
-530
491
538
-328
-825
-253
377
2
-463
-21
1072
-612
394
47
399
297
-720
-22
523
-93
-281
250
-1143
369
659
-641
-687
-363
-568
294
168
-838
-53
106
-546
-894
163
-559
174
544
-52
-669
507
-505
-742
201
101
-162
-496
-696
-418
772
-69
846
-31
338
-304
-131
-687
876
201
646
361
677
1206
-229
-971
1109
467
-966
-48
-280
202
293
506
780
39
-631
-503
-226
551
-72
-86
673
-445
-281
683
883
308
-154
-322
-27
-211
732
-1197
-1351
-722
501
-270
905
-752
290
-1272
-1144
385
80
-13
330
66
164
151
90
307
-423
-331
73
554
-35
-332
276
209
233
1492
810
-407
260
-22
-174
-55
132
725
-155
118
238
-54
1525
7
341
-450
-332
-71
-961
-426
128
-451
-362
574
371
50
-310
589
793
-1125
270
95
-245
-37
-243
-1126
-692
82
352
-74
429
-320
-146
1140
439
167
353
750
27
-1215
83
60
-615
-138
477
-51
1015
168
71
-670
-78
235
-1063
-452
353
105
-747
635
-282
-54
533
336
989
50
101
-792
-69
91
-376
512
710
-1275
1166
440
18
586
733
504
130
-969
95
776
532
28
344
-331
-910
367
173
-905
-181
308
184
74
361
-306
624
601
148
351
335
795
140
115
-118
-435
-427
-159
108
413
1091
-708
-383
456
-712
-178
98
-953
-263
444
-248
605
-170
-838
460
-37
909
384
149
-44
900
-804
238
-598
-547
86
254
438
-143
184
-239
-76
-218
753
886
463
306
-319
-220
617
-858
158
107
-199
305
8
-499
-744
337
108
354
1403
-470
-159
570
208
-183
-462
138
-333
418
-223
-1047
-82
-594
868
-383
-489
-465
-346
-1665
-3
52
79
214
579
-227
-1609
300
694
-305
221
-525
99
-730
-250
-894
-515
577
214
-103
848
667
-170
-526
209
549
-59
395
-51
-520
525
-109
-491
-966
-641
-884
360
271
-299
205
-94
1009
-252
-551
-859
-28
-159
-125
-174
-443
291
-25
-406
-35
106
-746
222
-487
796
307
-711
425
-763
-929
-161
-327
-410
278
-675
-925
147
-672
196
-1019
1263
547
-451
-2004
320
-546
-303
-216
-476
305
-387
540
-354
-361
-503
334
-671
245
-275
248
-58
-133
530
-302
536
-252
-612
-2
-1011
209
-735
740
463
-178
625
356
779
-756
607
346
-194
18
-735
452
-739
-169
-40
-211
-319
656
-485
55
-365
763
-211
32
-80
38
-294
1053
314
1002
-35
-234
-503
-480
58
-374
523
-498
129
-554
258
699
-276
-15
375
-818
-27
141
-102
-408
-285
893
186
639
1106
381
-365
734
1283
128
-488
41
1361
1057
1322
1336
106
426
0
-789
-20
-1000
621
-170
128
401
281
-216
-79
67
171
-29
209
275
-87
-902
422
-456
946
-192
413
-849
-138
673
-195
297
-105
1131
746
-1350
208
-13
488
291
313
66
782
1014
-476
-598
232
376
546
-669
-457
-55
67
-136
-1296
-429
177
-455
-378
-823
-56
-748
-585
-428
768
-426
-689
-12
229
874
-543
472
-195
131
575
-119
-633
-1238
197
381
164
86
895
-118
128
382
-300
-579
-71
-48
439
775
-554
-483
-385
-474
-232
-113
443
-247
-124
-387
440
316
-236
698
493
-555
182
478
-6
15
386
-644
-276
732
-147
-64
223
704
-273
-264
233
-628
-46
-239
-811
395
72
-511
362
-125
187
-25
-508
429
-762
-57
-488
-104
-173
1305
-470
-361
175
-38
-1058
428
25
402
220
-468
-410
-108
206
62
6
193
-1220
432
562
515
617
749
-217
30
1532
-221
568
-95
36
306
297
37
-185
-825
508
-369
345
234
-1597
268
330
-695
187
-527
744
224
-267
237
162
250
-94
72
231
50
825
-520
-53
932
-145
-260
-228
754
-85
276
-243
-310
-517
26
123
-500
-407
690
471
-200
-223
991
383
472
1152
155
810
-157
709
-1033
513
561
-960
606
-430
328
-3
-493
1319
-267
112
338
451
371
406
996
779
-132
226
1062
-379
-69
-20
-656
156
265
410
90
-643
-449
56
848
-376
-591
-145
-553
655
-548
229
-375
-72
-321
415
-159
-225
-503
-451
410
179
869
-104
256
475
569
394
1039
143
-295
393
243
184
-341
-262
96
-186
806
-146
133
88
-493
27
-543
-609
-356
721
-183
-80
502
-598
361
-13
-15
-236
-23
-552
-75
6
122
-289
507
268
383
373
862
438
-12
760
215
106
-532
81
879
-41
390
-1110
-106
71
-341
-250
271
-345
-143
-55
954
-564
763
538
33
-418
-1026
-147
-1095
-198
198
-154
75
533
303
779
-244
-498
-176
-179
671
610
21
382
-292
-764
-575
574
-616
-247
119
-216
-1094
1071
-620
279
-485
263
237
-210
-347
465
-322
477
-352
124
-341
-355
331
-304
399
-85
18
-478
285
304
106
-122
-493
164
7
36
-136
-1491
-24
30
-819
-83
-348
-163
12
194
234
371
-369
-897
-524
84
-100
855
194
576
172
-102
-221
520
239
-314
-508
362
209
-674
-969
-233
-643
634
1139
-423
-401
85
163
682
881
615
-171
-450
1235
1063
-1010
-152
62
345
1131
-62
503
-64
582
314
1122
524
292
651
-61
91
-790
-42
1019
334
-112
-252
519
-1167
-41
847
372
-186
-983
537
-538
498
-7
544
405
352
-1278
266
-472
-84
759
-163
1114
952
-12
-136
196
-220
745
-545
-78
140
-503
-593
838
-81
41
577
268
240
-791
-27
152
199
-719
6
-618
70
-861
210
-110
133
-523
-708
-337
226
-5
-729
941
-913
-758
-61
445
-673
569
1196
706
503
44
-229
460
485
41
-27
1051
577
-494
294
1055
-4
393
227
112
390
-74
459
-54
221
-66
920
219
1140
776
334
-255
874
431
-245
-538
1789
309
206
-205
38
353
753
-74
437
252
610
-18
-487
162
-881
474
-707
37
71
-108
-108
499
211
4
26
154
-178
-99
285
-305
-193
658
395
-93
784
-435
-215
-105
9
-407
1109
204
1110
259
139
-250
-658
460
394
-684
536
-495
9
-726
390
38
-130
225
-129
392
-791
-738
-472
-95
76
-872
1574
-129
848
-106
51
-738
-425
762
373
211
413
681
672
536
-394
-106
366
568
43
782
330
-223
-524
-360
49
922
-293
-764
-621
225
437
371
-169
-507
748
-306
140
692
126
-728
-602
222
653
-361
832
-104
-186
-100
-52
-165
223
103
131
-295
-160
-284
-423
-415
-324
-162
-523
-645
95
656
345
258
-128
218
371
319
590
616
-599
425
434
-137
-129
-288
-108
-547
246
-160
344
355
137
457
942
-423
249
78
-440
-269
1180
626
181
-244
-404
-476
-380
-310
527
-157
-316
-345
610
-761
-21
-554
-12
-491
341
748
32
233
173
138
316
-300
-355
-81
236
182
-369
73
260
184
-340
-294
-83
-475
-467
592
-70
-123
109
53
-519
-110
-638
-187
-529
31
494
-199
-127
-509
310
-198
865
-538
-367
767
-142
-53
-324
723
520
115
196
258
-991
-430
857
694
-386
664
1250
865
-387
189
-1135
347
-134
470
96
-517
330
-242
521
-28
402
-493
528
-249
-668
49
-847
70
-305
-628
-763
-362
-354
139
-43
705
-303
-388
22
-444
-335
-400
113
-37
462
29
-288
-87
-222
-27
-598
151
804
431
548
400
-777
666
-430
-459
-288
-261
-491
-231
33
4
1320
747
-684
204
-838
-129
-695
-835
-99
-25
67
-723
638
97
409
337
-277
-208
699
954
-142
66
-408
23
-484
1034
302
-149
-301
289
-528
484
944
-233
711
17
380
294
166
1122
393
-363
-165
115
-501
-831
-90
-432
-237
3
-1052
-69
553
-119
-99
-777
299
273
-255
561
-1329
-645
7
-474
136
-750
107
-86
-1053
404
-310
463
-796
72
367
-431
66
444
-165
561
-131
210
-23
-337
417
-327
-77
694
-1451
84
173
359
-175
681
603
181
-102
-169
-233
-665
678
398
61
817
465
18
723
750
681
-262
-28
-390
-1146
187
-325
981
1207
-214
-915
-126
324
374
-129
-772
-37
-139
244
-111
-614
125
-121
507
34
34
-620
-35
-575
-22
970
-602
249
-42
-1233
-48
-593
112
385
374
408
119
1142
-896
-253
-453
-276
487
385
262
251
37
-41
-692
941
623
433
832
-29
-234
59
604
-524
-452
-112
-428
477
-263
693
-159
-162
470
170
937
-454
444
642
867
-375
-76
135
1003
-135
-85
10
-386
-619
-113
-383
-147
25
753
-384
459
-370
-51
-322
193
568
-196
-194
-653
-208
-538
-858
-805
-454
120
604
-493
167
-58
410
314
-778
463
119
819
45
-136
398
547
-790
742
-518
-99
-428
-264
267
142
270
-426
-884
238
-954
117
-419
-38
569
11
-321
-1030
-522
-495
-380
-861
615
-394
-212
386
-143
127
43
-218
-274
46
-281
-984
525
-446
-156
605
276
688
-166
-93
-17
-233
660
316
137
-391
389
-503
120
-675
1197
60
166
470
192
360
244
-1366
191
103
-387
26
608
692
763
-656
672
-696
184
700
792
-188
79
1560
981
695
-624
-54
134
-10
565
664
-225
-207
-385
399
247
-226
-647
-390
-183
76
-41
-422
457
-403
-397
-1184
-456
772
406
-332
-665
102
989
902
166
444
28
-441
1042
-307
-124
721
-475
195
559
-495
-601
-804
-553
206
951
-322
-17
-955
1215
303
-168
163
404
236
720
308
507
348
-91
-1099
285
1324
-935
143
-1050
625
-200
238
-72
30
361
-450
807
811
328
578
718
47
-122
279
-391
891
-171
-251
809
719
46
-235
-53
178
184
-174
354
113
-503
410
-283
303
-238
733
877
-19
-345
243
-29
191
-263
-188
-1242
-308
783
-746
310
972
-531
-223
459
-786
58
-29
-247
-291
-1208
-239
473
-117
-398
127
-588
-334
-451
1230
374
-166
724
-874
-32
-1074
-521
-280
323
1256
-39
-130
718
168
31
-398
-179
-77
-1161
12
653
210
-307
98
-324
-589
854
-336
265
588
619
-1034
38
35
-86
-239
-26
-1056
409
694
327
-390
170
228
337
-1079
-800
723
-323
-146
-278
-245
540
-224
617
495
930
579
-768
155
1003
-1064
13
71
-424
-477
-31
-419
-570
-1018
-1157
-856
235
-282
626
-345
443
382
430
48
304
-641
-878
205
-139
-263
5
101
-446
139
291
271
-929
-642
-489
-305
-512
-79
-523
-609
774
-354
-454
-271
-163
350
-260
364
-271
61
-1155
109
429
-118
-361
48
800
-177
-165
762
-1335
-731
-1329
-206
1229
-742
6
14
-27
-322
-12
-489
445
263
69
953
-46
910
-115
96
-15
72
-95
-94
-28
1021
170
-410
-500
1233
84
-171
601
1217
603
-688
-508
-641
381
-150
677
0
157
740
198
-143
408
-533
-478
912
39
-283
-77
762
-147
723
-714
-370
12
-327
-83
290
84
1103
111
440
-234
27
292
436
-376
-332
-177
240
-296
452
66
469
14
72
-84
-726
218
-142
327
-1047
417
-726
-445
434
729
-364
246
-1034
-175
338
61
-670
-177
-121
-783
-271
225
-132
-1537
1010
914
917
-431
696
182
-668
-83
341
897
383
305
87
-308
-647
-403
-167
282
-823
478
682
-406
-435
-301
253
514
-210
877
524
-1181
468
-259
954
432
687
-939
670
-442
-68
-583
-706
-82
471
299
549
-177
-113
-179
-346
-586
-85
55
-44
-203
-257
107
293
1533
-174
-313
147
495
-394
-186
-590
864
488
699
-31
-150
545
-533
87
1145
-291
276
557
1343
163
-773
932
-559
-1667
954
-417
-17
-607
324
359
356
460
386
-40
-552
-618
-677
-146
-147
-524
538
350
-104
-492
-211
414
-545
-268
-177
-410
-739
-196
90
-98
-556
-605
-46
-292
-35
949
28
-498
-83
1148
17
-281
-440
-352
291
160
817
1007
50
-69
504
-126
147
1208
-213
-5
-360
-84
103
145
772
-422
259
695
245
-317
-126
389
1161
48
1167
-664
-543
417
690
711
482
-489
-672
289
-1082
48
-570
-706
155
877
868
-16
107
670
423
1013
33
211
453
123
127
-78
646
-26
447
296
-388
276
241
515
495
615
773
-88
562
354
288
571
-150
441
-89
524
-1017
-56
-66
3
-150
-466
-726
-1184
256
-396
-619
877
-25
-1260
-431
-156
-905
-9
-98
-1018
279
666
-1809
455
333
124
-270
-518
-1191
-776
203
-320
-895
566
524
524
269
716
-330
-1187
173
56
-377
-531
543
-305
14
358
-772
-75
-416
-420
-184
-118
-416
1205
-363
-521
-533
255
193
-695
780
351
-1304
-786
-48
123
-487
1057
80
151
595
-310
502
206
105
-650
323
-380
-452
-406
488
707
-249
575
-110
-408
281
365
-617
727
-734
217
936
711
-7
171
-541
148
-341
474
487
81
-330
807
118
-1131
638
-127
1096
-274
700
652
-528
-167
-355
341
617
524
-215
165
135
185
824
344
-75
95
-24
517
-72
615
448
-152
-424
703
-897
-261
1503
-889
535
171
-231
268
179
-712
527
241
1126
-329
-274
225
249
124
414
831
-126
733
633
214
131
273
-592
-174
-376
-285
1048
-1085
645
-593
-597
72
-143
-661
364
-110
299
368
-206
-47
484
-610
-686
-576
-778
-270
-300
-69
910
-64
-281
-513
376
994
-128
-254
72
-299
71
-658
149
-647
227
532
240
-647
-405
148
-19
-317
244
-517
638
-138
72
-402
54
934
311
113
91
439
263
-3
-417
-419
983
726
222
-150
5
-135
495
695
434
318
-168
-538
-648
368
566
-646
574
431
89
-417
429
115
389
-261
-554
126
215
233
424
-1304
900
372
47
-128
281
-401
50
27
193
-191
525
-58
-50
197
-853
295
361
-260
266
354
-45
-889
361
-585
-60
-325
-248
-806
-196
-331
223
-370
140
-293
-257
-295
135
-360
1196
-666
791
423
193
671
53
-739
-356
-433
549
-78
-1289
1127
345
673
-889
641
767
-302
-459
-729
-1147
-172
1141
-346
-318
74
929
-294
-524
172
251
51
201
-1168
-530
-26
645
-35
-353
-1057
-433
-988
392
-307
-646
117
447
1079
-928
-815
-148
232
306
74
-81
-20
-59
-797
1524
427
-36
578
-843
410
-512
-257
-231
-36
-124
-324
-726
1000
220
640
302
-350
-83
-1080
-76
561
-580
-357
28
-1048
328
-42
-503
80
-42
-668
217
-470
-903
-360
-391
-29
-244
256
308
-344
-560
340
1063
-301
-464
439
-883
-537
-231
-1311
-705
173
149
1140
387
-311
440
402
373
-14
-371
-60
-339
147
-125
-152
-1132
-221
-12
728
299
466
-597
-861
-1110
-358
-229
-165
-620
475
-148
770
-28
423
-137
-399
440
-1594
-294
-1317
-167
113
-819
590
-313
-56
15
-407
77
447
42
310
-1026
107
382
-727
-950
130
-47
144
-367
-68
333
787
-93
52
-122
565
-184
252
-229
-412
482
320
546
201
-1457
105
921
1
62
625
-664
-722
-523
925
-162
-407
285
1764
-527
1224
-786
650
277
-74
-103
-160
-906
-497
-363
113
-393
621
-492
149
-199
531
-811
-53
300
-462
582
248
-426
-42
-230
344
-567
297
-737
736
-316
-679
129
360
-102
-333
-395
285
569
294
206
-122
444
-254
736
88
-413
391
-1805
-922
101
347
-957
577
85
-606
-149
-1369
-121
344
794
467
407
490
-238
868
-260
-186
-34
447
208
120
144
-514
-458
270
789
-100
-1118
141
870
-141
-237
-37
751
513
-151
333
-523
-52
77
-429
-686
-519
282
155
-185
534
108
-1320
-366
445
-417
-540
597
-1221
180
288
-380
-413
-813
785
849
-257
214
212
-1213
484
646
-272
-38
134
-336
-141
119
87
207
343
-742
-502
-26
292
253
-910
-252
222
988
514
-139
610
386
691
356
252
-19
-66
172
-6
51
278
-793
-1154
-182
-1201
-76
387
-76
-31
467
397
30
102
160
-1148
-526
-303
-10
324
-850
-112
682
365
1275
-321
319
-25
401
597
-60
-637
-205
-269
-1583
790
-34
124
-21
565
-650
-340
-292
-368
865
23
-12
-289
356
-556
-578
-812
-53
-324
92
193
590
-250
1038
-12
-239
409
-327
-62
-215
1326
-17
-536
-506
288
595
-545
593
794
259
-923
369
642
-352
82
285
133
-1035
-362
591
-38
-572
-830
141
681
769
-455
-259
317
-658
220
-461
-1273
11
409
-17
-406
484
383
-4
66
106
172
517
-255
37
-558
-173
-348
813
6
-465
503
290
-754
97
454
343
-20
275
-2
-515
520
-535
-190
119
651
34
542
-416
-375
183
417
979
-1180
-80
54
405
-66
-240
-996
156
-184
171
115
-1458
-556
-262
100
-122
190
-422
-180
776
-731
-140
425
1108
-558
101
2
313
153
181
1056
-528
337
66
44
-1528
222
-381
-518
-263
-86
107
-751
76
100
340
-172
264
2
-614
-914
-335
450
-186
265
504
585
187
154
707
-140
-443
-85
-320
-288
553
199
-237
-609
-114
228
134
-317
-108
262
185
26
-242
854
530
-846
-367
111
-162
568
259
-110
1625
-90
701
574
948
372
-698
651
556
340
-375
0
222
1109
-252
-379
593
-245
784
341
-485
620
-54
-189
143
727
224
-402
844
-359
-254
151
293
81
48
207
-201
120
-17
-1164
140
-692
112
729
-250
-112
-666
-632
868
-522
-1061
-700
-215
-188
-441
291
280
710
-554
382
150
-327
396
-11
104
870
946
-103
-377
-934
551
664
-571
-316
-226
262
444
-746
-243
322
-1466
-86
124
-60
-304
-928
143
122
-624
-165
-343
-476
-10
374
22
-224
-147
162
760
333
-1022
672
870
301
-893
767
311
45
-124
-964
103
-200
109
-859
-431
436
-487
261
181
-1075
-767
-578
-52
-390
-1020
-1120
-239
115
604
161
-161
-445
302
-495
-334
546
286
972
548
-565
-770
-287
-66
142
-904
693
682
-122
-425
550
-601
17
398
684
-2
319
-158
-364
-214
-202
-320
-275
264
211
300
690
-537
418
15
35
711
511
-542
616
632
-790
89
149
-235
78
472
-109
-1176
1198
-693
511
612
578
248
-223
515
422
-332
561
-433
556
-505
481
-612
-464
-337
346
-374
44
32
528
266
224
-914
-233
-555
81
452
-680
296
95
-233
-168
-67
509
-153
930
-1262
182
908
105
-527
206
22
-84
-364
1139
118
-675
-401
-516
-177
-659
-313
-6
1026
-110
-48
193
900
506
-1032
-234
-959
289
206
364
123
-351
178
-221
-400
-94
-355
149
-358
36
-42
-209
102
358
-144
-35
372
345
455
-648
-942
-481
305
-579
-233
-239
-170
892
-1220
54
-358
108
-380
505
374
502
-423
294
25
804
76
-378
13
622
-18
405
-17
1303
-188
223
-731
-550
90
289
-794
-611
-838
1447
10
312
577
736
255
-1020
8
537
625
195
348
266
-496
259
257
-797
362
237
187
568
-141
-146
-1282
387
-141
-121
-789
150
-378
784
118
238
-624
1187
-100
-3
565
722
185
-62
-610
322
827
108
349
-702
482
-5
622
571
300
99
81
95
-541
-310
-96
-658
383
33
411
-626
-658
-440
-371
344
-209
10
906
-371
231
201
-384
286
816
-251
57
74
651
509
-490
-642
-1106
-539
177
-80
174
-29
-478
338
-1452
-70
-77
-114
-283
-814
32
232
1208
267
5
1075
-1209
-452
-586
420
407
-142
-14
265
467
-776
892
-636
-572
453
-403
-17
-557
-366
-410
-104
4
-840
808
99
-44
-260
326
523
-326
-71
356
742
-122
377
-671
-303
707
119
-362
21
1199
-302
-507
524
323
-570
-171
80
-706
-758
551
10
993
377
-558
100
-578
193
563
-402
-760
431
917
586
565
-69
-388
-503
-1471
-257
-185
-240
569
1550
516
112
468
294
-463
-137
328
-623
477
381
-219
867
869
329
-32
458
31
-784
876
-128
75
-510
-128
366
-989
-255
-320
248
257
254
455
-610
-293
-68
462
292
-340
427
-431
-127
469
136
-1208
-183
-113
-841
-668
-270
490
961
-27
-1036
528
951
-229
-648
75
-825
-561
256
665
152
-46
553
-12
517
-524
-131
44
-668
-11
106
117
703
-512
1338
308
-100
96
-526
165
-1654
185
820
-331
-179
-73
11
-298
217
-431
250
-86
-588
-1436
186
-318
-350
-240
-88
-450
382
606
-80
-55
260
-483
-473
-233
-1007
65
-106
-385
362
-67
-736
-250
153
-1588
462
732
196
-799
-188
-68
680
-1262
-228
185
317
-203
-946
-547
-211
197
18
-163
-78
-171
247
-255
727
-467
-263
-68
5
553
1115
-40
572
-59
-81
650
-348
-514
-52
600
169
-499
432
636
-122
503
756
276
166
-487
-1073
-212
269
549
392
587
765
-83
-428
-521
-545
252
955
-140
-1440
-1047
369
518
599
-366
316
-1062
843
357
886
865
488
-534
791
84
212
-514
21
-190
114
-935
-436
378
-665
601
-53
-643
650
138
62
-438
791
83
667
515
-331
-656
-618
101
664
-437
-5
-1239
119
-746
31
-40
-564
367
257
-332
68
367
-272
549
-899
249
95
-871
306
-481
815
-607
464
-640
180
-122
-720
149
-238
232
493
428
957
-1171
500
165
505
679
526
-742
-882
-766
-563
-96
947
803
-132
-70
-208
192
-137
304
-34
-245
-441
799
697
303
192
-427
107
833
398
-218
-34
347
-421
267
1154
-101
-281
373
-456
105
-730
-1107
-199
63
-197
611
-174
768
-732
452
109
29
537
419
694
-275
206
-17
-837
-759
286
-599
-482
-2
-115
418
12
626
502
330
-605
115
33
993
699
148
-1350
378
-86
-239
-272
-297
-514
79
1431
75
-315
-357
632
-519
371
100
284
57
-436
563
-151
248
-456
-93
-326
-85
-977
-286
-327
-1596
931
-264
-811
-45
971
636
37
533
110
-695
565
443
63
524
-189
416
-899
-698
285
142
-107
-48
240
93
-1181
726
1352
617
386
754
-142
442
-140
86
-152
486
549
251
-194
321
384
-320
87
-522
472
507
68
-163
153
-204
544
-29
433
-681
686
-290
-980
46
360
-55
-187
-239
212
-1012
-666
51
-335
-373
701
-957
-554
159
624
-399
258
-88
-730
-510
-250
-478
75
-750
881
884
135
-422
-981
568
-1263
-557
-790
237
251
-1261
-501
-310
-560
-38
-99
-652
-591
706
-64
-813
-392
-141
911
608
-610
-499
18
69
425
-136
911
-1087
625
293
760
193
163
-193
-128
-1407
11
339
-185
-136
-749
-208
446
-523
-59
-201
-954
-7
879
-722
702
403
-490
263
-1068
-423
-177
352
-622
-1245
-920
-47
462
525
-559
-797
543
-67
-411
-533
-216
1379
-483
9
-929
846
-59
-121
124
-666
-18
-1092
-338
419
1013
-515
-397
-538
999
-1322
662
102
-307
377
101
359
-22
68
888
75
263
-59
-618
719
941
-281
645
63
-63
178
-106
311
1100
756
-226
-463
125
-1112
-416
186
794
736
322
80
-370
-200
-1583
89
849
669
588
332
19
-307
197
-480
-527
388
645
364
-497
96
89
-999
230
-662
459
263
-275
-483
-103
-532
-139
165
-388
-114
-10
85
1342
-257
1197
1451
-365
-632
-536
-298
-262
269
302
-179
99
-257
706
372
-1107
-950
182
-285
-242
532
-794
-560
-889
118
472
12
794
224
-151
670
906
-27
-1015
-144
781
588
312
206
-186
527
-61
109
799
352
184
-27
214
281
66
-371
103
-61
-335
-1085
37
1447
181
250
259
1125
177
-335
1176
-405
863
-338
-5
366
300
-747
-356
-797
-349
-604
-1295
-11
385
-425
357
515
-397
-107
152
-1084
1172
761
532
561
-752
-384
165
1384
-960
-112
-510
273
-93
479
449
-312
-145
219
48
-29
-544
-63
-219
-327
1294
-183
-243
501
239
0
-158
50
96
986
201
-767
-458
351
-619
259
-298
-70
1150
-603
111
526
1111
131
652
385
524
923
-647
411
161
-481
267
171
331
160
672
-942
257
-287
164
-1529
-608
1212
-161
-683
-91
-919
61
113
-191
1108
-211
344
-390
536
-681
651
910
-137
-219
181
-872
-110
954
-134
-284
-141
387
178
-175
396
-31
309
-262
754
-738
215
363
1078
409
-1021
445
-485
677
303
226
-80
574
430
188
71
497
188
935
363
537
137
222
-323
1331
-477
-320
78
-297
536
52
173
-247
515
924
1197
-700
-338
183
336
481
-221
-11
529
-138
-1479
-663
-377
404
-643
-290
678
130
-70
-374
-511
423
615
213
328
-98
304
-104
-683
365
-367
685
-558
873
-107
-786
-244
-365
-11
768
-253
109
-169
-671
653
-127
482
-835
692
930
580
-1021
466
-82
1023
-1189
-282
113
-532
214
414
-350
456
553
41
-458
-479
-206
280
642
1065
38
-436
390
-324
642
-340
187
100
901
-205
-306
-13
-194
271
136
61
169
-844
-65
332
-30
-506
-551
-18
-1139
-19
516
203
455
-515
-707
-424
76
909
89
-92
388
651
-1335
-736
507
818
-168
-174
293
164
332
-652
-1211
-183
-50
1369
-559
379
250
-259
-404
-285
204
629
565
-856
270
174
591
80
-410
164
183
-601
-83
393
-286
807
697
-12
12
521
-139
201
30
-499
138
517
-536
393
-456
-377
-272
-122
606
-914
723
-687
148
-206
56
386
-251
-48
-384
518
-388
-159
1003
136
-909
20
-1141
-826
176
-878
-979
613
-603
28
-499
965
-536
-308
-289
-531
165
-921
346
-1021
425
384
-204
-704
-307
-294
85
444
-247
168
-225
62
344
-448
54
-149
517
290
79
166
-183
-542
642
-14
295
-77
-1090
-904
-573
77
260
-276
59
963
118
-99
176
760
-153
236
-396
-547
-370
-51
108
308
598
203
359
-683
816
-1397
148
631
114
431
-715
164
180
846
65
498
237
-119
856
-254
596
-216
-576
385
162
258
-418
87
967
365
-158
-202
41
-483
116
376
-687
346
396
206
-184
-491
-415
-1117
-1529
818
748
-394
-436
-13
1081
-405
586
-116
757
877
64
509
913
-859
-72
-509
-48
668
96
-1117
530
389
302
-87
894
645
1151
151
-849
433
21
-854
975
-203
-30
597
-686
453
-839
636
-1048
96
-29
-561
225
-753
429
291
-158
-227
423
-361
-380
-201
-226
24
-226
290
-809
31
-542
351
651
340
-225
-164
25
1599
2
-733
-452
820
-480
512
-211
39
403
-669
161
492
-148
207
95
433
-568
-504
-138
-350
283
-484
-312
-192
50
-913
-364
53
934
-579
-297
1680
-387
-875
-305
1375
-334
-301
-989
-307
-78
594
285
-319
-1478
-280
572
415
117
469
351
56
149
-389
-33
91
-621
-1216
452
342
824
-836
325
-219
634
122
189
1715
407
-930
475
-847
-598
370
137
-377
-312
-5
74
587
399
-361
-196
-52
-100
-517
274
235
-952
980
-555
344
-73
-602
-348
61
-494
219
238
63
467
599
-369
104
728
48
389
483
176
-61
70
448
-751
1061
199
254
-819
-294
543
258
37
-417
301
464
-379
137
187
-130
-221
-1134
708
391
803
-245
113
99
-705
83
628
-300
-139
-246
-967
480
-288
-424
590
308
-9
21
46
-416
553
283
-170
387
-213
-214
218
-600
628
-312
179
-23
512
-860
509
-912
-614
-163
-510
240
-50
36
776
-742
-395
-651
206
5
-585
170
-1104
110
-612
-99
892
-48
379
1
93
99
-413
383
102
651
-237
711
-123
870
-781
-75
-55
-480
-669
-651
9
316
1045
196
713
918
718
423
-70
47
-21
1071
378
345
-352
-102
916
245
-764
-436
391
410
11
-40
-1222
-274
-20
93
-315
-156
329
-126
168
-1166
-180
-151
1296
142
796
-579
-117
-93
-294
-564
176
1059
-246
-100
430
168
1293
-421
639
-940
294
1693
-777
-82
634
-682
-793
61
214
-256
-640
816
136
4
235
-16
450
32
458
1055
167
-1433
-825
-1457
-482
-188
-1000
-690
523
1054
325
117
-75
525
216
602
-238
194
-195
-1362
662
-80
985
397
622
-394
-1045
1107
696
-264
-979
359
-46
266
-262
58
308
221
305
195
-106
347
-745
999
-124
-381
-440
-561
-615
1169
18
296
245
62
-64
919
203
-158
257
-37
-498
33
-404
-489
-45
416
-300
174
-884
-165
531
-783
193
517
132
214
329
-236
-31
-246
20
-331
744
-565
-775
-464
94
313
782
287
897
595
-251
381
44
584
50
-307
-268
-58
576
62
554
93
-213
-620
706
196
-389
192
481
-912
-611
-93
226
-1364
211
359
-1077
219
867
485
-987
-192
47
-669
-33
-619
227
-918
164
379
-156
-58
467
-121
-232
1254
-295
318
6
-894
-269
-449
-254
-60
-860
402
-109
-672
-131
-192
-139
-76
-266
-567
560
-503
266
-72
325
-398
480
-47
528
-738
100
-359
-368
603
174
-135
304
-82
119
225
1684
715
-282
466
-422
1776
308
875
269
-1074
218
-225
580
-280
562
203
-468
262
517
675
521
795
148
208
-618
-159
-427
-337
246
-346
-20
473
-486
594
-860
-670
593
-449
-76
867
-353
896
53
686
213
-155
99
513
-766
-659
-846
-751
25
1547
324
-154
600
-455
-122
536
-467
481
334
-361
115
-833
5
687
275
-301
19
671
609
165
-78
87
506
-10
-129
664
-332
413
158
-526
-126
344
-117
-332
4
-126
387
-600
-27
-293
-479
-52
733
-458
-323
-452
45
355
62
720
-213
-501
441
-634
-236
-175
-755
466
-247
-520
-268
686
574
-277
192
30
507
169
333
331
-668
613
-1045
-117
-430
-333
991
-470
716
-600
-354
638
-647
-374
-160
1446
-1124
767
-269
-220
504
-1148
-170
-348
-616
-1070
1041
332
225
-524
-276
-642
-114
281
-284
81
19
-1258
25
-307
364
713
998
-72
276
72
-82
-808
-131
733
540
147
-355
-1070
-149
-223
122
821
366
-729
-641
918
-249
483
1026
-570
-262
-567
-1091
585
-65
251
-1152
-315
-1838
203
107
-59
-485
-497
-573
-357
800
-604
-10
69
-360
-1284
-232
1096
-371
163
399
-657
-626
269
-322
-196
937
667
22
-4
335
988
1448
616
-380
372
-300
-1481
-148
-78
-289
-205
692
44
223
416
-1076
-294
426
-337
-422
-46
259
984
-1377
425
-1097
272
813
872
-87
624
533
196
697
100
463
-1045
-825
387
12
765
182
-313
1080
-634
-426
-519
-901
647
30
170
45
-703
-726
-473
263
200
-224
-751
-233
251
345
-257
2
584
-807
830
1237
-91
-15
372
-1373
326
30
-16
284
915
450
-614
337
-3
83
-299
120
66
210
916
499
-760
-508
530
537
-268
-1130
-81
-423
-293
-137
-105
403
188
-746
15
113
231
-179
-505
-551
111
162
-430
38
416
675
1005
201
586
274
369
-444
-111
95
582
355
1094
305
60
-371
856
-38
-414
-16
296
115
-120
247
149
520
406
332
-138
-1097
629
-17
561
-484
194
-667
228
996
497
-412
769
-148
1
192
-122
-97
256
881
919
-870
-1008
-91
632
401
215
-360
-79
-804
-284
86
-131
286
-848
