30 70 529
0 2
0 8
0 25
1 2
1 4
1 15
1 24
1 27
1 29
2 0
2 4
2 7
2 8
2 17
3 18
4 22
5 4
5 6
6 7
6 8
6 20
6 22
7 7
7 19
7 23
7 26
8 7
8 8
8 15
9 13
10 7
10 13
11 5
11 28
12 25
13 0
13 15
13 16
13 23
14 1
14 28
15 0
15 5
15 26
15 29
16 17
18 6
18 26
19 4
19 12
19 16
19 17
20 18
21 11
21 12
22 17
22 23
22 25
23 16
24 13
25 22
26 1
27 10
27 15
27 21
27 26
28 3
28 16
29 2
29 15
45
12
39
57
26
29
64
63
14
44
56
5
35
7
33
52
68
24
15
60
17
25
38
20
22
28
66
40
55
34
6
9
50
67
62
19
41
47
31
23
2
36
10
46
21
69
58
4
13
16
27
54
61
53
18
30
11
32
1
3
0
65
42
37
43
48
8
49
51
59
405
312
-89
-683
772
-49
-147
-204
277
-525
400
-45
677
137
1065
-799
392
-257
-526
-33
-83
-388
-930
288
1059
341
1137
29
-514
-943
-9
587
-93
265
-821
-329
402
407
474
371
-231
250
77
347
-258
-55
-342
-647
246
311
-145
-277
487
-74
446
316
502
24
270
-77
728
-8
756
74
-494
-34
471
-324
-361
-125
-263
-977
-58
66
735
-149
162
310
238
268
-258
473
153
339
-102
321
337
271
1547
326
-569
101
514
-371
-339
707
134
134
-1051
-10
-93
52
-585
-224
116
155
154
923
727
-381
-333
-175
501
109
109
-625
-1212
620
-409
914
665
1515
-319
229
343
-944
-328
385
1
-152
-557
429
-1053
35
438
1218
82
81
313
354
-217
953
241
-40
1485
-579
-804
-1379
288
-396
191
6
-651
-136
-652
-525
429
-678
-485
7
717
1113
141
-9
1032
-236
310
-112
693
-398
86
806
1244
-55
586
11
1243
-873
36
601
656
144
-89
-59
-541
263
343
19
-14
89
-129
-360
-94
490
-94
63
-230
1270
-821
83
185
-1038
523
-2
-909
-312
-66
1009
-1010
631
283
387
-587
868
-401
-277
-832
307
196
-201
989
992
753
561
6
551
552
-572
-409
151
-435
-326
789
769
-384
-298
-145
532
-301
174
976
676
54
59
-1017
-271
892
417
-294
123
-885
-89
1012
-520
173
47
-163
-169
148
493
-494
-217
-153
-1100
-143
-239
-407
175
37
342
877
13
-400
464
344
-350
531
475
606
-80
-194
-254
335
368
236
244
-37
273
135
-97
-278
217
-1251
-270
-306
558
-44
341
564
-32
181
572
-753
-299
-170
310
-414
71
396
199
-172
670
-164
296
-301
-215
240
-33
102
437
-734
-178
54
-100
1180
-657
444
-124
959
-600
-253
514
-550
108
1458
234
-872
-316
633
-94
129
1088
163
-530
-1
-7
-359
-112
-32
-667
989
913
267
-720
-96
1227
-131
358
-487
-123
-602
628
372
416
-357
423
-81
209
-663
-170
168
771
145
-60
15
-882
-908
-679
188
410
279
843
1347
-18
779
259
-373
445
-794
-665
145
-349
56
-765
-228
110
766
432
-212
397
-164
-286
-108
705
313
-515
660
-20
112
-792
-112
-1044
1502
612
1
-1141
626
-730
465
15
-714
458
-490
-178
684
128
681
-395
-54
670
-726
-484
674
-301
381
683
456
-593
-377
337
138
576
39
-584
-186
806
22
-381
-358
91
-546
-431
-1073
-609
-117
735
-546
-42
-327
591
-339
408
12
1391
835
-469
-803
885
282
-315
307
95
16
534
-493
240
559
233
-321
532
744
22
665
1072
105
104
-14
637
-400
189
388
-174
369
-298
-35
1266
40
419
-228
246
246
-155
346
-315
409
-741
169
135
-436
-230
-527
205
332
-525
5
158
483
904
-607
30
1454
198
-84
215
261
-532
102
277
-24
150
232
907
97
271
-64
107
-281
925
392
-808
-190
-835
-1012
56
1442
-199
358
-336
-96
-121
78
526
199
269
376
-256
-197
-110
716
-295
-88
1838
-492
-105
-465
-839
293
-103
290
-178
113
514
-271
-312
397
798
479
346
92
-1068
585
-54
91
113
254
514
-35
86
1146
-452
-232
38
522
-507
-195
45
-303
727
538
16
367
227
129
-1434
-99
805
-320
45
771
-484
649
1220
-411
3
193
523
-671
219
424
158
736
20
280
19
167
696
588
-34
-53
-60
-221
-457
1151
-617
189
385
550
-17
322
-429
-166
164
272
-111
767
-474
540
411
279
-376
-237
-333
-747
668
-161
185
-593
-18
1203
149
-968
-1055
566
239
-52
-664
-33
956
-173
57
85
57
-73
-135
-385
1171
-12
525
-379
64
-117
-28
-364
-868
-836
-416
190
257
-566
-652
-929
-366
168
176
514
-586
-657
89
-119
259
-83
-1449
-388
-379
-296
297
-477
-769
33
-895
-573
230
-11
-169
149
-361
834
266
33
-1060
137
234
275
-45
562
-157
-57
605
-207
1242
-155
-892
817
256
279
-173
121
-171
-698
-608
675
-348
303
268
-133
-110
-827
-299
300
-372
-420
-105
-717
-629
-656
290
-276
-329
62
-317
-598
-519
119
201
194
75
857
151
-314
-273
-868
177
263
851
108
-564
80
-347
-522
115
555
-1132
-332
-954
-214
16
388
0
875
-33
97
430
-494
-565
-97
-678
-369
7
-75
401
727
114
-395
-639
-337
-38
804
256
-327
719
-932
-459
-584
-91
229
150
-189
-952
304
299
304
-417
-568
1098
574
926
-144
780
156
-254
991
484
822
851
219
39
197
-34
418
280
-667
-447
-337
-414
-288
-7
423
-347
-650
-97
-236
-923
851
-870
-246
-875
160
550
354
0
860
-614
115
524
827
197
-101
31
-909
-949
780
472
-219
393
170
-631
-526
717
-446
-317
127
-778
-176
-224
-539
367
276
-807
674
165
267
467
-227
-481
-87
554
122
-589
677
-280
-169
116
-1256
756
561
-137
233
-94
-642
384
47
-146
667
-32
477
322
-206
-341
9
73
-360
-654
-386
131
737
-151
-69
-82
-335
58
-109
110
197
-931
562
-241
207
-586
689
-109
29
-26
344
1276
-589
-405
-734
-430
-117
95
820
-24
34
-771
-54
-74
694
-385
-158
80
-1316
466
-1447
710
209
-99
-211
6
672
-236
-1323
-1
266
495
576
-523
-456
-1309
-883
1
-29
-226
-188
-782
-27
-714
596
-103
-955
-128
473
83
725
817
41
443
-1769
389
-91
-50
-131
-51
337
738
-538
-32
331
-560
-675
237
-341
494
66
-318
613
-421
46
-648
0
-93
229
-244
471
-66
130
400
1193
-1068
-554
94
741
-110
-360
-634
-895
-727
479
-260
-109
-443
-88
749
386
-405
-8
262
168
645
741
364
25
-244
-612
488
-216
-123
-250
1152
674
-172
-284
-1075
-553
-1292
-555
-371
28
-205
-580
-203
-235
-395
-304
-211
763
-676
-321
-136
312
274
-815
-554
-154
7
485
629
-1571
678
556
430
540
375
1205
421
157
100
282
4
-139
-253
521
-22
383
238
-42
432
1085
-987
-283
-196
41
474
-466
-330
82
-710
579
790
33
137
-629
417
-826
-601
1000
-282
1244
-275
-298
-1247
-454
-41
851
129
-13
-1066
-218
-325
-785
621
401
12
-366
70
80
-257
-29
3
270
495
559
133
-103
-790
1089
-581
524
1278
-10
-86
825
-313
-164
-432
604
-702
717
-152
359
-61
-509
-305
-176
-298
98
-387
162
158
572
285
169
851
-62
656
-337
24
348
786
-193
688
-785
5
589
-739
434
-365
-1112
-235
93
10
-33
124
295
-444
-113
-52
99
-151
268
-67
-49
798
-72
-280
-331
-348
457
204
-155
-883
48
57
-470
-88
-264
-1028
388
-545
1085
-643
170
-446
1083
71
922
-476
812
239
1567
385
769
138
561
-433
-495
487
-130
848
239
-92
642
1209
361
-489
-249
1333
-164
-488
191
-618
58
539
-106
491
418
-353
15
-502
156
269
-430
-103
875
-793
383
-496
-538
-360
240
-129
359
-679
-464
504
28
-352
169
-1269
-372
407
-817
92
-357
725
396
-191
147
516
159
-1125
368
742
481
-917
1408
-608
-642
477
-344
275
-720
768
-30
-53
373
-201
370
-188
-323
-259
1154
-366
-581
-15
392
-39
176
453
95
-493
-647
-486
223
-82
320
-1161
-466
1646
-107
-518
341
-871
114
-861
620
-194
-108
-496
-43
148
-88
-656
316
-255
-115
-1093
285
658
605
93
-569
184
-380
452
665
-242
-16
-380
613
92
524
-865
224
210
464
974
254
-212
-19
-285
630
-88
347
-312
-279
-289
105
-172
128
-108
334
-108
-225
-494
-492
-60
652
-366
374
-296
142
-282
532
-271
-56
-562
-165
-29
-322
999
-26
699
-374
9
-803
-196
294
-330
-649
664
-142
1694
-91
-525
17
-359
616
-465
-593
-712
-418
269
-647
57
283
1227
-205
219
-912
763
-334
50
-941
221
401
-317
555
921
39
-438
873
545
-310
-814
-62
-260
-218
316
1091
373
712
309
659
-14
-20
80
-143
-123
-123
-114
438
336
-62
90
365
948
-443
-850
427
227
-45
-224
16
803
-618
-567
-243
-726
-964
753
-53
-54
826
-749
-379
246
-3
471
-148
-411
-447
85
-186
1646
-701
29
427
-227
-84
328
-80
-854
-113
74
-132
315
-102
-38
-761
146
370
747
310
859
438
319
-111
775
-194
-150
-387
16
-37
147
-171
302
-60
-455
-363
-1153
-382
-783
-771
-578
-982
13
144
602
1110
463
226
-199
-127
-146
-785
-356
1023
612
-238
0
-1000
-665
910
-429
517
361
802
-386
-242
787
267
134
348
818
-721
-1350
-173
-937
-313
-499
423
455
-441
83
341
-1115
1070
-830
834
46
-522
-317
582
671
-88
494
460
-18
627
204
627
-426
1012
28
-665
-282
-254
-665
-410
-21
1014
-84
-202
-580
282
-592
-1272
-13
693
-1242
486
-472
-278
-1074
1341
-165
63
-772
628
-455
752
162
-618
1372
-1061
-538
17
-350
693
-73
250
101
-67
110
222
697
94
273
830
-1155
1026
586
-678
822
-478
194
80
163
-518
-245
-19
-108
-306
12
470
311
-92
-388
620
928
179
-20
185
147
-603
452
990
556
-485
718
574
-438
-238
1026
67
489
-212
435
-745
535
-700
-513
426
258
437
-284
330
-189
341
-163
-112
141
-439
-539
176
729
-477
89
222
1010
-925
-105
92
-556
164
-240
133
-664
833
-191
-186
327
-248
-24
197
-324
-164
-1132
-767
389
1171
1027
662
429
-913
-591
627
108
107
-226
663
-139
-828
1244
752
220
176
407
-766
-168
603
490
158
-88
-554
-515
-237
638
-659
-26
-564
-110
-496
-52
-608
307
-78
228
666
-761
-465
309
-478
532
-346
-588
-297
-543
-391
722
383
971
683
1168
315
-221
-205
-251
37
-219
-389
7
211
621
368
-13
-426
-540
99
1752
-118
537
140
386
533
-114
-66
395
-618
-279
-742
481
378
347
-281
39
81
574
-873
24
341
325
89
-402
-687
39
206
-1269
-509
-497
-257
-53
-501
-359
208
726
-528
-679
296
70
-756
779
49
510
-63
-289
917
-431
53
111
-221
-233
-355
-408
560
-149
-343
583
-598
518
261
356
-495
680
775
635
171
386
-225
-17
-9
-780
184
-44
-1312
-296
822
-613
1085
-697
-138
-938
589
-618
-207
380
-447
69
158
289
-511
327
588
85
216
332
1
92
-11
-660
-1640
-1177
-1109
-992
-381
690
-98
115
291
-1196
-256
1123
-402
36
-1145
-734
631
358
572
167
-404
-102
379
448
11
457
-430
-479
206
-89
84
724
-86
-53
-45
771
-639
346
-37
-102
336
-544
-182
-299
1179
-701
-1016
-163
-1024
-401
714
414
118
-522
-155
439
-113
610
-518
115
217
-544
1299
-560
196
505
16
-668
268
-403
114
-389
164
409
672
373
-157
107
37
-734
351
-291
-296
-356
410
332
94
487
292
1215
-404
148
447
-39
482
271
-416
-232
-395
-199
-848
491
-317
598
-176
45
76
225
-63
-274
288
-389
-1150
-188
1340
-342
591
-123
-216
-686
-342
582
-635
608
106
-343
-431
63
-489
-868
-312
-409
-392
148
-1068
-30
96
-167
59
584
-488
-853
807
126
307
-701
-341
-96
178
34
-560
-952
-12
78
-701
366
-155
311
362
218
-797
79
-69
-469
-146
168
283
-312
139
-278
-352
192
493
403
67
444
-495
479
201
50
787
-200
284
389
74
229
-321
132
67
-207
686
482
-677
-107
335
67
-194
911
-386
-38
35
672
366
-265
430
4
86
466
-589
-610
1085
-45
-196
295
753
-216
-278
-66
-27
201
-817
63
-103
16
267
-185
-291
-210
-154
618
92
-139
-529
-986
732
151
989
631
993
60
-396
-21
616
534
-634
-21
-69
-187
-599
-793
-278
-536
-55
248
579
-224
-810
442
-560
403
-511
90
-153
-735
996
-598
140
458
-161
-823
-277
205
52
-812
-1
1054
-92
714
-92
-274
-528
507
-37
-782
-918
439
405
266
94
-112
-396
-254
134
-3
376
518
-96
-224
-660
-493
104
-273
-476
-259
-557
237
-709
-332
-614
131
19
186
240
1492
920
-545
-119
-2072
399
585
-361
-340
253
229
112
-767
854
-224
110
-143
-698
-78
188
140
-300
366
-513
199
-146
-355
548
87
-398
59
77
58
58
-435
-766
13
95
616
336
-488
659
859
427
-609
1256
279
-159
594
-801
66
-659
863
-248
-672
-194
196
-110
85
90
-476
330
-45
525
-532
-5
475
-317
-51
416
355
-470
446
-594
-447
215
742
-566
553
165
344
-360
303
-415
563
207
126
411
-539
367
-440
166
-105
343
278
504
25
-76
455
-597
492
141
218
222
200
-225
-1027
117
467
196
-400
-689
24
-295
229
-780
-529
566
436
-225
51
-223
-700
-342
781
-223
-308
437
516
-652
-227
-3
314
-45
-207
-787
1344
513
737
-493
-207
-233
-41
404
81
5
-538
22
66
-146
75
35
220
-645
280
88
-292
27
678
-15
496
-81
-629
-548
336
-751
61
993
528
-123
-740
189
-30
866
86
-114
-112
-13
65
357
45
-637
-765
71
794
1070
-692
873
-405
-46
-330
1183
863
-68
-524
605
-602
344
321
-312
620
-646
811
610
493
-95
-389
-218
-795
-629
275
-934
139
-357
150
383
480
-1492
-860
-101
548
521
-481
-503
42
239
-627
-115
-251
-288
89
-405
-330
858
-462
-305
508
-1208
-19
133
596
-253
449
-70
-368
-499
-1158
-317
802
-132
1023
300
627
224
-128
-144
232
264
-232
476
487
268
-353
139
617
141
4
692
-524
-52
-726
-11
407
-74
-387
1204
521
1248
-481
-170
583
-30
-1092
-207
302
-794
-519
1108
702
-383
1370
401
323
46
-223
-919
-232
-747
553
-1229
769
-143
-373
-396
484
-311
388
-61
794
1532
-82
-209
47
156
1126
246
652
-1
272
-255
290
-501
-681
-292
-975
-39
52
-57
279
116
115
121
-64
-665
-412
103
-501
-434
244
65
-328
-263
55
-267
512
378
-22
1118
1137
-162
0
-821
-90
226
-230
130
474
-262
-608
-597
162
-165
184
42
664
83
-332
-236
-37
-20
180
-752
818
-400
-844
-57
-153
-951
-618
193
1046
-528
-537
-11
756
1045
-583
-99
358
-348
-487
-173
19
-206
426
774
418
-220
-603
132
594
609
365
103
-709
-1006
1302
-172
571
-62
124
-512
-587
-82
227
-48
767
-555
507
554
-181
-187
-250
-36
21
-174
292
550
142
-567
-238
-861
859
180
-267
203
302
-453
431
1285
318
-67
-1103
-6
-349
1258
-412
12
-346
78
464
-502
603
-246
591
106
71
-928
-312
-446
-544
264
1186
-580
-236
598
-927
648
610
-247
361
185
527
-592
-416
9
-329
808
-615
-449
755
-165
154
-1021
-293
-901
513
632
918
509
444
-529
-603
-21
-292
417
20
647
156
520
432
-143
-373
98
540
-82
124
557
-319
965
221
-679
-176
-61
-276
148
-47
-191
-435
-471
-252
-528
58
-452
867
-1270
527
351
83
-511
53
-613
631
-1086
682
-106
-62
-129
797
-713
121
-271
636
-68
658
-994
-262
546
203
-92
747
-1424
953
-52
-513
-343
-772
-686
-1161
698
769
-199
-503
-1296
-644
-359
1039
217
-60
-707
-265
-1038
-544
95
-346
-759
-130
704
739
309
-772
591
473
476
511
168
239
-457
-628
959
-232
-507
29
-706
799
-55
-282
-68
149
395
-1155
829
538
-284
-809
678
-806
-462
-809
213
-400
692
-701
-168
-589
305
-99
508
270
405
151
187
-440
-610
-54
-521
-375
449
262
1031
336
-396
1248
-674
-332
68
-385
304
439
-25
-448
62
451
511
759
-25
548
57
232
350
633
-293
496
-341
681
-100
-429
-148
-484
1002
-151
-864
40
618
-395
-613
340
510
156
-73
-517
364
46
1033
-233
392
-287
-548
290
-270
-1056
580
-189
52
-91
242
-717
131
353
643
514
-270
340
-435
201
679
-212
183
-1079
-311
11
-615
-248
304
-520
266
292
-278
-34
547
-605
780
597
-59
556
-193
1103
-976
-13
621
70
298
339
1107
-49
-275
-224
493
765
-577
-350
-234
-956
341
-454
-706
-375
-348
-29
27
-303
285
321
-165
-496
-767
811
-63
-352
1109
-501
485
-714
161
241
-540
244
-744
191
-269
194
-341
-66
151
1276
-87
-530
295
-107
-549
-847
-199
552
70
-919
145
-445
-241
628
227
374
875
-326
156
-410
-1314
-38
-160
666
120
-315
660
229
46
-21
-897
-272
-739
647
-773
727
456
135
-527
393
328
-52
-911
373
349
335
85
-514
256
-485
-148
-13
-866
-33
-358
-468
1259
386
-669
-164
18
355
105
-283
22
-97
825
371
-160
315
-598
963
436
-1181
479
1080
-201
-77
-989
-271
256
88
24
177
-40
425
695
-39
345
602
-472
504
-1446
-803
-387
-99
50
-170
-819
-95
-464
-403
-409
-22
-343
111
546
71
-374
-103
77
-533
-520
-401
103
1063
-101
-719
117
-412
322
-202
-66
-135
164
539
-53
-51
-439
-460
-597
-161
-55
-1183
-317
66
432
-183
524
-347
30
924
-671
184
-209
-112
737
116
81
316
419
-394
71
-129
218
842
-1234
-331
-517
-1273
111
482
54
-231
-28
188
1370
-438
-179
-755
1029
-340
659
-659
-1040
854
601
-1084
191
-50
305
738
98
-184
-231
-604
471
99
339
6
27
-755
-390
270
536
-9
304
473
446
-372
-943
376
-50
118
550
794
-584
460
-606
258
723
-409
-629
-349
-1293
-395
462
-108
237
-787
-912
661
47
-433
-200
-293
-245
160
374
-274
-38
-817
-407
537
-435
211
-527
706
-590
-260
70
161
533
1387
556
785
469
10
632
12
-298
621
3
-443
-56
574
-572
-565
-1048
451
675
440
916
-8
-30
37
801
198
-60
6
610
-324
-92
-382
-22
-490
43
-694
1887
-570
46
472
-732
-310
-119
344
-465
360
479
729
-1346
793
680
-115
424
-438
102
642
283
484
870
-863
549
-396
-647
-306
-885
-443
-689
-220
-1399
470
-1011
-494
2
285
782
-55
-1404
198
-1038
319
-645
82
4
326
709
246
-288
31
397
628
-555
-104
-924
-534
-43
971
423
678
193
-393
325
260
644
386
-238
-1066
-35
-189
507
-317
-250
264
345
340
-967
303
-152
45
456
24
497
21
-229
-821
-665
526
-24
820
13
-655
-138
679
-47
-414
55
275
-8
-58
121
308
-1505
-613
233
-166
-66
471
419
253
326
30
3
645
35
-395
872
-699
-1341
-731
69
323
-358
168
514
-265
672
637
819
116
341
-172
-316
-147
709
-757
547
73
323
-116
-1115
65
-1571
-325
229
-520
-508
563
144
1074
-308
-373
48
-749
284
-746
-167
-16
168
-599
247
8
-402
137
-96
-49
-529
144
-566
-106
711
-45
-101
-736
409
-110
88
-142
-265
-229
347
148
-438
616
258
-513
-83
-210
-378
3
918
-893
111
-535
21
-576
333
428
-465
-869
-322
-101
171
-350
-950
-143
338
243
-545
543
-567
374
-308
-402
-233
74
661
831
355
-751
-404
433
887
-1027
-215
-803
-211
-315
-428
-102
427
-244
-920
272
371
566
-494
-864
-668
-370
750
434
31
463
573
-54
-441
-144
-297
171
-955
346
-455
-357
-782
228
-864
-94
480
131
-424
286
-206
-580
288
0
-1196
1214
0
-338
381
-119
255
302
-1056
-814
-527
735
-620
567
841
-212
-400
797
387
250
-177
-137
554
-99
-714
-193
478
-9
-100
-166
-227
-168
-139
73
921
171
684
229
455
611
-769
1007
541
-990
903
-63
284
-368
66
-67
328
-398
596
978
191
-291
322
-210
783
18
745
466
221
549
460
-366
530
246
470
751
1343
123
-482
-518
72
-448
629
979
-166
-114
-241
-342
1275
-472
230
602
298
-240
221
766
-40
1128
-409
24
-63
-30
-455
987
807
-181
-984
-219
-299
-425
377
-704
-498
319
1053
746
-448
-229
991
222
-362
-157
805
16
-111
264
-518
135
49
716
887
-308
-58
-12
-382
152
-54
-276
-293
614
-1000
-784
-106
522
-284
-187
-434
283
-13
438
-27
120
305
-129
-40
542
250
-336
1364
641
360
1140
-712
446
224
-133
-1046
109
814
-78
394
-50
375
37
-28
-446
-528
-644
-214
-339
400
-534
89
-88
-52
194
127
190
88
-166
-106
-522
-99
208
-306
-41
-212
-1007
117
245
73
-311
76
246
331
-607
-128
-246
-386
844
510
124
-337
-334
-180
-520
19
219
-656
25
-681
524
418
1666
-1012
51
-586
-992
-663
-497
-366
-364
156
-102
-87
918
-36
184
-636
458
735
330
-721
169
-116
-72
-255
-400
523
95
942
-7
-397
-872
385
899
892
-102
-244
-104
-225
-26
1253
857
-428
163
25
47
95
-208
-443
336
221
218
-628
-38
-601
-446
-1241
179
41
-395
124
374
-292
324
-120
378
169
-294
-467
-172
286
-172
-405
153
164
329
63
-1153
736
-567
451
-374
641
1451
-20
-889
-693
400
1597
-1038
-1065
-133
342
262
108
62
-376
-291
584
-548
-395
-291
182
357
876
-576
226
-375
-827
-325
933
-590
-63
-304
-628
103
-432
-887
-619
-162
-448
498
-631
489
-1194
89
-627
764
-256
-787
-650
-360
16
-705
736
921
622
106
-794
959
-220
-14
-213
-681
-220
387
366
-414
1776
119
232
568
379
956
-298
-530
-336
-132
33
-289
-101
395
462
485
1504
-924
30
-701
-839
-93
-230
-716
318
-692
-310
268
509
-709
-130
123
-336
1738
-24
-340
-271
298
94
-232
-393
-500
-730
753
-174
-420
202
-484
1233
-608
254
344
37
-802
-593
37
-84
-170
850
-160
81
1278
-478
250
199
-44
-545
-709
-18
-1396
-973
-870
-638
371
-7
562
-958
726
-469
-381
-716
863
-120
1410
-757
274
269
38
-278
339
-396
-701
919
436
-653
262
189
-962
774
-136
-14
-829
531
-226
-56
64
-229
-399
582
615
663
592
505
594
343
659
278
-251
-217
1077
256
-486
-1132
-1006
-340
284
20
73
-117
976
-845
-351
-14
-324
-334
-136
630
241
832
-1223
729
-168
-69
31
-46
-652
51
-652
197
554
-209
771
1139
941
-109
428
45
256
3
-171
-499
76
342
-35
412
312
-766
293
-200
400
-564
448
407
250
197
31
16
-15
239
423
190
-107
-544
382
-792
57
519
457
-353
89
-1052
-433
449
-577
-668
-400
-41
19
-835
93
-151
-515
-333
-184
176
-275
-40
-853
174
-773
-756
166
216
233
-431
-247
461
-87
208
-299
238
402
-597
-896
757
-1216
306
882
-272
260
-789
-604
107
-232
-208
-1032
288
-336
-210
-126
-629
706
-658
600
90
-23
337
67
-356
819
226
299
-134
559
-672
-174
-335
-34
-237
617
-136
343
9
-635
-731
30
-682
125
-9
614
-244
992
331
-337
-98
-176
425
-522
83
35
-54
-411
252
-55
80
-833
203
-508
-299
209
-490
-585
-433
436
-495
122
566
-282
-319
275
-399
344
297
-44
312
1232
-1
-161
-346
-273
-438
-394
-347
-490
-71
984
480
-784
164
771
913
-751
-218
220
62
-663
36
539
103
96
-36
-428
98
-397
-231
644
788
592
-329
506
-87
-388
321
-16
228
237
-339
-387
185
-551
41
282
-1077
-750
682
-539
-1387
630
-359
909
-447
434
-568
-132
687
-268
57
-842
590
636
-367
1078
35
294
-1198
311
-216
-490
507
-147
403
39
358
-1023
215
256
14
63
-79
-736
149
618
788
349
155
228
-145
-799
163
65
-470
488
75
92
132
-230
-724
1220
-249
-57
-1087
66
-63
-46
443
606
-115
-216
-945
361
-625
-863
82
169
-409
-1162
-352
-117
-394
181
84
36
-363
-507
494
-123
632
-522
-137
74
-568
716
-177
-810
696
-326
284
838
582
2
-1011
-12
752
-75
137
273
-615
60
440
1021
150
-202
364
-539
616
1064
-65
-622
92
-666
-500
-319
-25
166
-61
-1260
-684
607
-1265
178
1180
-383
-234
-743
128
-397
143
-111
-76
-387
-56
-281
-361
-1361
1190
-573
268
998
648
-98
-568
-87
-140
-81
907
436
-330
339
-403
936
-165
-580
-153
242
814
961
42
-331
-65
-1234
-235
-808
424
-405
664
-133
-825
229
-660
-567
34
-307
442
-877
267
-179
-110
-54
-403
-762
191
713
-999
477
616
84
127
-445
636
445
-32
-35
639
150
-287
-136
-238
-404
-686
-559
116
-360
145
-282
127
249
-201
450
182
-33
-284
193
492
1037
-474
81
276
-432
59
-346
-720
-40
-201
178
33
-348
-232
-146
-154
-394
-886
-444
-16
-706
-30
-962
308
453
676
-1478
248
-78
-241
236
1811
-1145
-185
296
-314
-665
750
385
157
-4
301
-480
-53
-622
-227
-648
105
354
314
630
-96
442
-398
58
-7
516
-184
-142
-878
296
413
-477
456
-710
-705
-527
-151
-418
-1492
770
1052
874
259
-54
235
72
-92
342
-464
397
-283
-165
-245
203
-660
203
-977
-669
341
972
75
142
101
-867
-81
217
442
-349
-1017
720
545
-102
-518
-66
-26
79
500
200
324
899
212
-411
-479
-365
377
619
609
-356
239
-12
-160
-425
-81
849
77
252
153
-175
-651
372
-1144
-365
221
235
-1224
651
-356
-163
-168
-891
1039
669
168
-272
572
779
503
309
705
144
-175
-433
288
921
165
868
1087
200
-498
715
-385
346
-165
490
427
978
-838
905
-251
-578
290
550
-275
18
15
570
351
662
-527
-470
285
-117
679
252
-67
-97
-49
-431
-305
171
490
178
-113
-620
-72
820
204
-1164
391
-40
10
-861
69
1271
-356
1050
-31
281
98
575
204
-450
116
-125
3
532
51
-1414
-541
76
-36
-628
-970
151
1105
109
-940
384
-95
75
-442
132
-478
23
-176
558
196
-616
106
-259
972
-340
-775
-225
32
471
-272
-758
-579
1047
-1321
-304
157
-349
-319
-223
120
580
100
-554
368
-73
-486
417
-251
464
503
-53
498
-41
-269
-730
-206
578
61
584
-679
-193
-504
635
109
-97
279
-494
-175
-765
-29
75
-316
-334
293
218
238
-127
-872
-118
-71
986
-410
457
-418
-333
-245
-373
-778
699
-633
27
-232
-300
-931
542
-113
89
428
505
952
157
451
108
-477
302
-757
289
430
609
523
616
380
-336
705
-466
154
325
-370
-82
269
316
206
449
-863
-30
-6
-159
939
-602
98
259
454
-83
-47
843
-616
310
83
-30
-302
-595
750
646
1641
48
399
-35
-896
1104
311
828
-581
510
-150
232
-823
168
450
-438
-515
-277
-536
-439
442
88
65
-67
-563
190
-326
16
1265
-188
8
131
-182
-212
69
-1475
-63
-438
468
-453
37
368
291
921
210
455
489
828
299
-756
-97
-363
137
237
-250
-644
258
-541
450
-288
102
-112
172
-459
-249
-436
-4
-469
-722
-816
-65
386
297
-3
164
1056
833
171
48
-455
-71
972
326
67
128
610
476
515
51
-344
578
260
151
185
-62
307
-403
-1180
-99
155
408
540
-847
-679
-83
-177
-456
634
-320
-293
458
-327
947
-498
92
-234
429
28
-523
-96
494
-109
-344
-701
-32
-195
27
511
-127
-40
-755
467
-50
-423
-484
-608
-430
355
-267
282
414
172
-887
-885
662
444
-603
-697
-157
-152
-118
-687
-57
-29
-138
-10
145
-134
-1404
13
551
190
590
1060
702
322
279
-1075
-78
-601
-355
111
-938
859
-388
1626
-575
301
103
453
756
98
176
282
411
115
529
-800
636
295
-523
18
25
-702
159
-574
586
-563
132
-410
-193
287
-405
960
298
508
205
-32
-185
942
-127
-641
-503
-447
-247
-250
916
178
130
-233
-39
267
36
182
-3
54
-46
563
-1257
-368
-1088
163
-19
1816
-904
578
285
-344
472
389
-371
1035
21
525
192
-88
49
855
-645
-703
-8
136
-487
-83
-511
-470
596
-738
-552
884
342
415
-297
-455
-550
522
604
216
-528
31
878
765
-272
-295
402
-25
-239
-35
385
-184
-15
427
143
-505
424
705
442
418
-838
625
1350
-63
230
-276
282
20
-217
-675
-752
13
-575
565
288
-11
-520
328
182
311
-397
-397
-499
54
-270
30
167
423
64
-681
322
-119
401
-195
78
-903
434
-484
1019
-714
-296
493
-398
-226
371
-347
1068
708
320
72
359
464
369
-76
548
626
316
-1213
843
297
1058
503
-1052
-143
-607
-320
-476
1433
1223
-143
102
-244
-590
-502
259
-273
-181
-372
112
860
559
-38
-26
-542
-427
363
-200
537
394
205
515
570
-377
-140
-418
389
-628
-682
-424
-575
-355
-325
-663
426
-83
-1059
-667
-410
538
272
154
-183
-834
-210
139
1576
26
-979
273
-331
947
156
337
-79
502
-316
128
0
867
813
297
-843
632
516
486
-109
411
280
34
574
-399
-122
568
-474
-175
-481
975
-122
-535
170
-103
-1022
-355
60
318
1404
1150
582
1240
554
-50
-288
131
-1108
-101
-515
673
411
-142
120
-474
50
-164
84
-233
327
475
448
-93
-1018
852
575
970
406
-652
211
-6
323
433
53
-372
-270
-71
453
36
830
-681
-29
398
-108
-1063
357
-823
551
-569
-182
45
895
46
-103
670
225
429
-146
-605
-648
557
-180
-543
56
540
-743
-375
-262
1048
230
-1112
1119
-548
-381
337
53
-99
355
354
802
-343
360
-480
-367
-487
-809
425
822
238
-262
-330
14
407
176
281
-259
-8
-227
-215
-401
450
1043
155
-743
-1027
245
848
1
317
-544
-337
815
-122
351
-1015
530
-437
-356
446
-514
-396
288
93
-279
305
-646
-341
-116
-325
969
743
562
-48
-118
1054
61
-482
921
355
64
137
-247
-692
-1
398
1462
-775
261
424
477
-112
-229
-491
-765
-431
130
-294
227
1315
-164
-846
-78
-503
620
856
450
349
-289
856
-724
113
-529
405
118
-269
-223
-310
178
575
-141
832
-355
-312
22
325
-341
650
1
243
191
220
-7
247
968
26
-181
757
-42
-209
-538
-372
646
-677
360
-664
115
-267
-258
-319
-633
-301
221
-860
257
-25
-517
150
-598
12
-281
-4
344
-350
-132
9
-122
184
-418
-352
-828
404
-1035
-769
101
1192
-289
-532
246
620
501
-301
304
477
1097
684
-804
580
-535
-299
104
-437
42
223
-346
446
-140
-714
585
-118
-1211
-729
103
623
-983
554
374
666
-195
780
139
733
-274
181
268
693
82
-444
-181
1683
295
843
-295
190
428
-560
-651
-1401
24
-204
-600
388
-151
-630
17
-498
333
505
551
-149
-267
147
-106
-136
521
-556
-213
-615
229
-990
-1179
896
325
-371
40
-418
610
-448
-69
190
99
-565
-815
550
-920
-299
193
-274
-661
-371
337
-989
324
199
727
-70
729
-398
16
-754
1276
-763
408
87
-718
208
371
543
-495
26
-408
-295
-538
66
-27
172
66
-44
473
-302
-227
-526
1112
46
-177
-6
-2
-266
227
-763
-231
256
988
559
-645
110
490
63
40
-161
-846
339
-801
1386
218
212
-104
-428
234
-692
-494
381
831
-918
-150
163
-423
603
420
-121
-124
-165
104
367
-747
909
-63
-1043
-862
720
-792
1186
43
-973
-945
182
1635
-440
-687
-315
-687
-209
734
1185
-1029
-477
-172
-415
594
930
395
46
-1179
1084
-443
-340
-534
-474
512
-456
255
-81
50
-373
-652
327
156
-610
789
-701
688
-372
-831
173
495
78
-703
957
207
-401
-508
228
692
612
819
-727
-277
-26
-147
-270
980
-686
-188
113
671
-548
-883
-234
168
1061
-691
652
-659
81
-780
-233
208
-593
637
457
-310
502
895
-667
-197
231
-22
-555
194
347
1006
350
-148
680
889
-554
122
-250
398
-445
601
305
-3
532
-468
444
-191
10
220
-89
-411
-385
42
-316
-370
-975
584
-493
-502
46
661
1077
-490
65
-286
97
544
-216
-613
482
444
876
705
-156
-1153
-85
596
8
405
-250
-708
971
-201
728
77
-90
-242
-340
-727
-717
93
-255
-447
-68
-726
312
-669
0
979
-289
299
-899
-671
188
-807
-418
-816
-213
-471
-129
-240
30
-452
-583
1169
61
-146
-79
-354
296
141
589
-741
483
-326
-304
-465
-191
369
5
69
-50
-753
-649
927
399
515
521
51
-147
-73
-117
-457
228
-237
91
-1260
-340
998
-195
79
278
-328
-1272
-202
-542
742
-286
-2155
46
332
-52
-675
-769
-774
-24
538
886
-566
1345
374
-363
946
3
538
370
313
-117
-574
829
-344
-1
-448
-175
412
-279
-473
287
-88
674
-666
-4
1216
18
-208
-177
-46
937
257
45
-741
1241
-241
37
881
-1240
-189
464
-54
49
-322
148
-627
-94
788
246
23
608
-394
-397
-991
-416
380
847
-504
-91
1163
-800
-160
604
-179
561
-239
-185
397
472
12
1085
221
-149
-1069
-920
-7
328
-19
-485
160
556
-252
-630
371
5
-720
323
452
690
-383
261
806
261
-251
42
-676
314
-580
595
230
340
-250
-44
285
-281
205
183
-61
880
284
-413
192
351
-179
-642
-17
789
345
-979
626
307
123
-8
307
197
560
-557
1486
-330
135
1008
-516
-624
737
-446
-320
120
-126
-303
230
314
869
171
-679
441
673
-26
1281
42
221
-305
373
-1001
-159
207
-121
119
745
-956
633
-329
-1087
-406
-540
-13
-417
-514
-635
-196
-430
131
656
285
-250
-257
-33
-383
42
-536
-245
-688
-701
77
11
-146
210
1169
-791
-90
-585
-163
166
598
531
-155
-119
-119
-438
-1104
-954
763
715
1149
-802
-104
-197
605
73
-251
210
801
317
1205
710
-264
253
-738
698
-299
-292
-178
-453
-1103
133
279
358
743
992
-1699
-837
-1006
586
109
-116
-475
511
-286
-50
450
524
-435
-622
528
-399
576
-650
-68
114
-546
162
-455
-4
-346
47
-73
-41
114
-705
-204
-203
105
-30
-11
-642
358
-275
169
-610
-1024
-168
-738
-118
-661
-822
477
-351
220
-780
-69
328
776
-729
146
31
-366
-896
-329
-643
-75
589
508
322
-96
842
-677
918
-195
804
-561
-169
-175
251
-877
380
-730
467
306
377
385
0
-883
332
-408
-135
416
-752
-717
-244
39
41
719
-528
-591
-849
-102
-260
335
240
726
256
1136
215
-445
-539
84
-385
207
-674
-207
-703
-148
-159
-542
423
-1011
-101
-269
598
859
-408
-335
-41
1094
523
933
-652
681
-380
943
257
-481
422
-108
-64
-1010
-402
-127
-259
618
-203
-45
-20
-886
-85
-6
-1108
-232
-407
587
14
-819
-268
-370
-81
-895
-1446
529
600
-66
40
-362
-18
833
1839
-121
48
-30
514
99
355
246
-292
389
92
647
273
281
345
1130
-404
197
-445
188
72
-595
448
304
-188
318
-393
1088
-731
-265
67
564
-12
873
335
666
702
213
-7
-264
-101
497
270
-8
406
769
-278
352
-718
758
132
-266
-1158
-129
186
239
-91
59
121
-1135
294
682
346
615
558
955
479
-235
220
203
1230
435
317
161
1034
203
-784
63
225
522
823
510
-1265
518
467
-840
-31
-112
-235
-86
-1021
753
-913
-469
-235
-897
657
-939
-98
-930
-273
-567
-255
-184
273
1
630
162
-337
189
-376
479
942
-616
270
-231
529
253
-89
612
410
271
826
428
-64
580
-164
190
-298
-460
443
88
-184
159
-1308
21
-283
-555
-635
732
-1642
-209
-615
828
38
-297
303
316
118
-63
618
632
-542
-602
-113
-295
497
-636
736
-193
499
-492
51
932
236
1170
-645
-130
261
843
-274
-352
205
343
-689
-293
-673
-743
-153
-85
207
79
-621
833
983
684
-677
-566
-27
964
43
103
-288
579
-193
-29
1043
18
-35
602
265
-613
-581
1029
-75
-173
-283
-503
-929
-370
386
-692
-1
256
724
-559
864
-63
83
-338
463
-460
-461
-434
26
-853
249
-638
753
17
-944
122
-631
170
-86
-484
-673
1145
-1
1322
63
-440
313
92
223
-56
759
264
-80
416
-87
-23
814
220
-32
-65
-1109
385
335
478
451
-318
1074
-942
1008
-116
111
-176
-710
-1531
-154
-136
-63
-361
460
481
-635
83
-152
-504
-335
-193
-414
111
778
-21
-432
601
570
60
496
504
-346
-640
-80
-275
958
-437
332
-375
499
198
101
595
-152
31
-190
315
-1062
218
265
686
361
-462
62
-416
-807
823
495
327
332
-135
11
277
53
1009
509
595
280
-866
1041
-777
-119
123
89
1262
-33
-277
-410
-55
-163
-144
1141
-417
1190
432
-453
421
300
-893
-249
-1011
-430
-74
1323
161
-412
-243
623
-252
-739
-115
568
1004
-672
913
219
1074
-645
172
-251
267
472
383
-516
-86
-928
-106
735
-14
-497
55
-894
-97
-290
-340
-378
-161
448
685
64
-613
223
789
150
-172
-879
18
42
-162
-407
609
-965
-338
-603
-94
-39
-458
407
-339
-408
94
-618
956
-155
-196
-401
478
933
2
-299
-167
452
-61
1069
532
409
326
549
-701
-103
106
-152
-228
401
68
-440
416
317
-15
-447
334
591
-716
-401
1213
69
341
-78
553
330
699
-726
-107
-1164
1031
-697
135
603
346
214
387
-280
-119
221
186
995
709
-357
-373
357
-619
426
-76
-16
1344
576
477
636
247
704
-609
-792
260
659
-823
279
-425
34
168
101
-244
421
121
-196
-730
-293
-940
93
-753
385
293
201
-313
46
249
461
656
510
60
-153
-272
13
-524
-602
-441
-9
-692
-342
-1180
32
-1040
462
-177
-417
828
-1033
81
306
217
217
-166
-845
-630
444
-81
559
-119
-327
315
189
-690
-92
183
57
590
-118
657
-281
268
-624
-430
414
-40
-754
831
165
-265
-941
-534
224
-241
339
252
52
109
195
20
-177
280
571
933
262
-725
194
574
-147
-163
866
124
-324
255
-43
-661
-142
-995
-375
319
836
273
748
-162
-921
-97
460
-643
685
-1052
-973
-602
124
-32
1134
-815
-386
-82
-207
348
-1388
-714
757
50
208
156
475
-131
-137
264
-1657
-675
1055
-1021
-390
172
293
810
-99
-579
-580
288
621
-432
-153
-618
146
50
451
76
-405
158
711
-101
447
421
-638
-484
-681
-235
-13
10
-638
-1441
-244
194
-204
-291
325
-156
-335
882
-275
399
1119
503
770
139
1073
-491
439
-954
-573
219
422
-122
-798
894
-39
230
337
-1598
56
285
22
587
-397
-1444
84
-245
566
-84
331
2
131
-673
74
-856
916
74
-136
-531
-372
323
203
-560
441
-848
378
-413
-686
-1115
-163
-920
300
6
-18
80
464
-124
934
-511
-874
-428
-10
-7
-253
722
53
441
342
355
-971
-81
242
296
534
-198
-814
1227
-7
1023
94
-242
294
-124
609
157
656
-161
609
-1176
-204
56
-132
-892
-682
517
-241
469
-684
219
320
329
278
15
598
-277
32
227
700
-200
413
-320
633
122
471
-98
709
271
-258
335
432
269
299
-102
-379
-678
730
-620
-121
275
-355
-209
-35
-438
1087
-107
987
-34
-1169
-669
-204
-737
-778
371
-621
189
56
628
-279
571
-1057
274
-313
173
-53
-708
-651
977
-229
269
-1134
-387
-141
93
439
-45
-395
283
352
-560
-78
-365
557
-512
285
-239
-564
573
-1004
512
234
380
494
-1167
-6
549
-561
556
481
468
-1118
395
-61
642
104
15
-465
431
-260
-240
-536
-382
279
757
278
-237
-96
-429
-250
258
339
-111
-613
803
209
376
1029
-150
216
361
249
-292
277
-615
826
-320
393
-316
127
259
-532
416
101
-395
-1019
-249
522
843
1
560
-913
423
-229
-311
712
-55
506
611
-254
886
174
-908
1190
-993
143
76
-61
-812
289
814
420
61
-469
313
-704
-743
3
-1323
-492
960
-1246
-893
327
-137
598
-582
-558
62
521
81
11
172
-286
209
-147
536
-1113
-312
7
-120
-695
-774
-54
-25
205
66
207
-189
390
1129
800
86
-1350
79
-208
691
-119
-1
66
-535
253
728
1125
523
-119
674
1304
3
-835
156
387
715
-663
-222
-396
121
-8
-35
-118
89
1035
663
2
-269
701
-911
-476
430
241
573
922
156
-305
-445
-681
484
419
196
226
-157
166
275
-663
-759
98
-376
518
-558
-379
-478
-551
-830
-287
-426
-397
-211
553
-458
332
-667
327
479
-954
-1330
-199
-243
-213
-109
187
-301
-293
97
-412
493
120
-126
-793
-744
-438
381
252
224
-379
348
-432
-152
194
861
547
-769
-185
-222
89
-239
-202
-263
731
-352
-378
190
-457
-114
195
-388
-807
353
134
444
300
-170
241
-171
897
-51
-197
914
543
82
-845
405
-874
346
-317
194
180
-1107
78
-257
315
216
689
144
-166
-250
-569
250
724
521
-842
-447
-242
409
73
518
988
285
424
-674
54
527
-412
-305
-202
-660
75
-114
-446
-395
262
959
-307
1139
1041
504
-1
54
-154
344
-957
-42
-329
-591
1251
-429
-820
-1057
813
-823
-443
441
-34
-324
277
-218
189
-364
-1014
-740
-468
-155
314
49
601
-43
251
-58
160
483
206
-271
583
1093
-539
-797
210
-312
-184
-8
-611
-305
549
-448
266
274
437
-697
457
-798
-438
-342
142
565
-223
-349
-410
21
-453
357
478
-1036
-403
532
-167
-310
-117
2
-623
175
-498
-171
-875
-161
534
703
298
1116
12
534
261
431
-770
744
-591
418
736
-354
349
593
-698
88
-368
98
379
-569
-1136
-320
66
325
758
156
-234
-512
1548
-454
246
362
238
364
-287
985
274
128
-435
200
1089
-93
-147
73
-429
-710
392
534
1064
490
471
473
244
-345
-188
752
-618
419
288
352
-883
265
-151
122
198
112
-528
-619
-670
1038
114
-364
-365
-708
-239
-569
-130
293
404
391
199
-214
251
-586
-1102
-252
-891
-159
-159
-317
112
436
-55
367
739
1192
627
-242
-669
-529
381
288
727
-823
693
668
515
317
-82
-823
350
359
-203
-170
392
-163
-33
187
-372
91
256
293
368
-670
352
-49
475
-433
-867
-790
-266
706
522
170
263
-404
2
30
215
263
-549
-105
-617
931
-125
-820
737
-448
337
327
-1238
449
195
-125
-800
205
510
373
-754
40
-86
-797
-486
688
-555
-732
571
140
-13
-242
-214
-238
-473
-1033
-237
-808
-364
415
-538
-857
889
762
-448
332
711
-229
-257
363
3
407
61
418
97
-543
-327
812
-34
604
-178
564
-924
254
518
111
-15
-769
-262
-113
-404
461
62
-580
-86
-454
-182
13
433
-437
-68
391
748
-255
-393
96
905
-519
1435
-221
-17
562
58
1382
-200
200
115
37
166
-1168
-1007
275
-694
327
324
-150
-96
-681
-336
-951
-404
-48
591
-181
-308
-65
-70
-141
4
335
74
-987
65
421
-644
-572
227
83
639
28
-178
649
-1102
185
-158
180
1154
-337
-809
-217
1212
-187
-307
307
398
1099
-691
-474
190
-67
-350
37
437
-771
703
464
-255
124
-570
673
-285
133
500
914
41
-307
-524
239
17
289
-80
134
-279
-469
429
175
544
360
-158
-815
-237
-474
388
-706
759
367
-1194
550
-986
-377
708
445
-15
435
946
782
249
-601
130
54
-169
-501
202
763
-22
402
466
-445
297
181
-763
99
-306
-299
-159
-467
-809
286
-111
-306
-112
85
-217
-105
362
-595
828
263
169
110
-58
-398
710
-104
-402
183
-94
500
-467
234
-64
-824
-556
-304
492
560
253
-225
-360
777
292
594
1129
-483
40
-214
2
455
-262
-903
288
160
-697
558
-64
80
-936
123
-222
-115
160
-489
-299
-41
-390
-160
1017
-405
12
1396
-590
-1533
-67
653
-187
-558
221
-633
-68
213
881
-1039
-523
-917
467
398
206
53
-564
600
-183
449
787
-751
-931
-507
411
-249
-342
107
395
-347
945
372
320
-197
268
-832
389
-92
-105
-475
719
-567
781
-906
-646
-173
-843
879
350
432
520
183
-534
9
152
-196
-764
-187
-345
214
-73
-122
22
-26
533
-501
26
172
-977
367
700
-235
-498
231
-155
443
302
35
-488
-301
-339
525
-466
-637
700
3
-524
528
341
562
-1011
-14
408
223
153
86
83
497
896
-1223
-24
629
-1324
992
105
627
1
547
429
134
-239
-342
331
-24
-170
366
212
774
260
-195
450
582
273
-294
-49
-450
-635
1295
730
656
-428
2028
-918
-369
1150
-172
-127
451
778
-418
-481
-464
-1550
-701
537
146
513
-919
-240
-1011
-525
61
34
-1120
33
-171
-81
-210
-1152
-389
941
1732
761
533
-626
60
712
54
-976
371
-373
-483
-1207
-665
-29
-585
-777
-301
566
993
-261
627
-495
111
1206
1103
312
-202
39
-740
-263
-223
524
-46
-42
-323
100
-5
467
173
-125
-486
-311
839
156
-304
482
-580
-1296
396
-452
268
214
-817
35
-1088
324
-93
60
696
477
155
36
188
-214
249
-88
218
-67
327
224
-824
75
-851
371
-190
-1250
-709
-693
-820
477
62
223
785
-404
842
-162
141
-188
-145
-182
-347
-391
287
-48
-418
-367
-587
-833
218
155
120
-197
-657
-492
-116
469
-115
691
-185
684
-361
85
451
220
96
287
380
-352
-385
-447
322
-428
-147
-210
48
-602
-908
323
399
-539
593
1211
234
301
314
567
-745
-617
146
473
-494
-562
863
644
247
-754
719
-354
310
562
-391
940
-459
314
466
542
-339
-123
1447
-671
689
240
585
-458
-930
-200
-196
268
-262
-1110
-1043
-673
-158
37
252
110
232
97
-1212
-316
-877
787
-500
700
-538
-594
-887
28
-344
-406
390
263
-872
-327
-478
8
1123
-920
364
441
-106
-514
-280
-861
570
-802
-612
93
-414
-161
613
-61
-678
285
24
-116
-114
29
-209
221
-378
-221
-361
-877
-658
882
-115
-879
805
24
499
62
387
45
-718
256
1112
-56
287
-88
-75
91
-563
-800
487
-665
-494
-232
-332
-792
196
737
-300
-1252
210
211
-279
489
-144
423
1275
292
475
-65
986
-1543
261
278
137
-81
-256
-29
1005
839
-20
152
226
-129
-810
493
-10
661
-18
-45
392
235
801
-52
3
-568
-293
464
1251
-316
128
238
-606
178
938
-1162
-732
-462
-300
68
-884
-828
-1036
312
-175
-604
-621
116
374
-414
71
1038
377
358
-531
-623
-278
267
364
-73
-261
-127
-278
9
-48
-1420
209
-444
-445
91
-548
-987
-231
-234
1
298
552
189
498
-437
-850
-333
315
-962
-1
-178
1189
-233
324
735
-204
355
1034
-1132
332
-732
469
343
255
-403
-396
216
242
-62
-618
-137
-241
-74
1028
-493
227
494
-455
455
-989
258
33
-276
-364
-520
-295
-375
597
664
931
372
260
-3
304
-105
-106
88
-207
-86
-47
342
-366
245
181
-73
-794
-316
159
75
-262
39
217
-66
-616
-315
283
-36
-436
-317
415
-349
808
-314
-134
81
861
311
-226
812
-348
483
138
-787
-178
92
-536
-832
361
373
-65
-924
-338
-781
9
-975
-278
-1465
467
-686
-63
759
266
-684
280
-26
-1211
-91
-338
1115
629
-310
-719
1355
-1304
408
-500
-38
1366
318
1112
-445
-610
-61
-386
-870
-618
-726
-419
197
702
-360
600
-513
-130
199
-86
31
482
-331
-227
-14
259
-614
-928
492
965
-444
-70
-198
-142
-8
19
-486
296
711
36
441
534
-817
67
-113
-325
-446
-183
775
-217
2033
511
-589
594
-643
-276
306
297
213
263
748
-644
-171
-711
122
166
1046
266
-373
-178
110
281
929
504
-21
-342
122
-32
-436
-448
191
-994
-131
159
763
-271
728
406
-465
527
869
-617
303
-815
653
258
172
813
-380
-455
-676
-347
-411
923
139
-166
-181
763
88
498
231
-80
394
-558
-564
345
581
1142
218
603
352
727
176
-465
986
-1103
9
-83
-177
-491
563
1132
970
-94
165
-131
420
-743
49
-496
11
528
232
521
-305
280
818
-524
43
-1111
264
-180
-205
95
318
-434
-109
540
477
227
631
567
-528
-116
63
-87
-867
-397
403
773
91
-189
628
-224
640
363
243
62
-1222
-109
-950
-2
-379
743
1194
-1012
1019
325
-378
-928
510
473
646
194
-10
872
198
565
921
-618
309
535
-565
-454
659
-51
73
-92
269
53
-200
555
-67
-330
1257
-463
-992
-411
-1213
-184
443
-710
436
-258
276
-637
-424
-242
-135
183
-1132
343
-409
-924
6
-387
-24
293
73
-109
-158
374
-307
701
-485
870
199
-838
102
848
-683
93
74
-682
-781
285
687
-71
-47
-60
-90
-75
-63
161
493
-547
-762
-1139
525
316
-311
23
-313
517
141
598
67
350
172
-158
462
-13
-437
-937
21
174
-74
-329
667
-253
-351
272
-124
1832
375
582
171
22
-257
-94
34
-587
-94
289
-334
-13
-74
418
475
-239
-192
-164
-808
324
562
434
-343
875
-407
-241
549
-482
-740
-304
57
-589
-140
541
624
-196
394
-315
-440
-253
498
-776
-36
131
-426
-1572
-39
-122
277
123
501
40
-433
48
-783
-577
-240
352
7
-538
-644
703
-360
-515
-550
-958
-1124
-668
-1395
-689
454
-166
506
-66
872
1004
270
-206
259
41
-1006
-594
-197
-101
330
-75
-75
-332
-404
514
-102
-387
-525
-1218
-246
-372
-486
231
-926
-304
32
206
-165
507
566
-150
50
-450
-551
-104
149
524
182
-276
256
-371
671
608
-529
349
-572
251
-408
-1063
-83
597
510
-71
1193
-459
-517
27
1229
-581
-777
102
-306
130
-550
-60
962
-680
-528
343
-279
-798
-18
341
283
-89
-60
524
818
134
308
435
147
49
-19
-832
-698
-614
-110
-523
857
931
-323
917
-71
301
79
508
-36
-736
-277
-224
58
633
-274
77
712
394
432
585
512
273
-392
15
-556
-1123
-239
-274
-157
383
-1100
-231
90
278
728
403
505
-552
-440
715
1306
313
-254
-160
63
-671
470
581
-726
-374
454
641
144
182
-834
-172
-572
719
290
-175
-620
-510
-640
457
965
1691
613
901
929
327
-102
-409
88
566
63
725
-181
228
1068
-592
-155
384
121
-628
455
-461
791
592
13
572
51
-980
-1418
-477
-266
185
-96
-484
185
-981
-450
625
557
140
-707
-184
375
-669
691
-244
-692
244
-249
-18
-288
-299
-120
-409
78
-666
-393
-949
319
-115
99
13
682
-226
61
255
208
-9
563
61
324
278
194
48
-326
400
-457
-146
-475
-503
905
543
1518
655
-234
434
592
-317
-598
144
-346
-363
660
447
-411
-226
355
-683
361
-229
-260
77
252
-841
274
-57
-214
-689
70
-1197
129
-38
-643
380
5
-435
644
-261
-160
-262
-40
78
798
-332
47
90
-896
674
-573
552
-188
-630
-8
-28
157
263
-586
824
296
-334
-720
-222
296
-445
-489
36
-687
71
202
407
-288
-370
461
44
-878
774
-830
-388
285
-196
9
-269
758
-369
399
545
658
792
26
-375
-373
141
636
298
401
1098
-505
242
-486
385
-923
1085
-631
-1291
330
-312
-581
174
-194
-479
319
-82
-1145
497
-696
409
263
-99
214
-614
-85
472
-478
582
-1020
893
-321
-698
-436
409
321
-299
-513
260
-209
436
-231
-251
213
77
-309
452
511
400
-903
-335
472
-240
816
802
62
617
-502
-525
-63
254
905
312
-384
-526
254
-1020
221
874
844
69
1038
-449
791
-295
-417
53
347
-561
413
95
235
-678
-298
-504
356
913
352
534
1145
330
896
740
45
331
-85
-472
-592
290
462
-532
-111
-741
413
-489
-547
-754
-473
761
416
-330
406
-600
-401
912
-354
1325
141
180
565
-578
-499
748
-199
867
-407
608
308
-533
-167
-55
-582
886
-272
-268
827
32
-97
-56
-1042
1090
-327
-396
-58
-104
330
452
531
592
107
-143
375
-347
369
-148
-610
-195
147
25
-116
-238
-685
-45
-407
-1174
402
-366
-1235
-345
-811
-684
194
-394
-35
72
201
-102
-566
-660
-687
151
-506
-444
-90
-89
83
354
505
-9
-207
-65
-405
-53
-92
-569
544
463
-637
-375
-422
283
367
560
-282
106
1294
-805
-675
600
624
-414
-55
-576
240
-318
-196
851
130
489
100
-136
-639
45
-345
336
348
-93
292
87
-366
-296
-552
79
-216
-486
-470
-358
271
-260
959
75
94
589
-91
-561
361
248
537
140
333
384
200
-213
643
973
646
1412
161
-138
424
-964
725
-963
210
13
217
468
-331
154
-107
-479
371
972
-681
-247
-758
915
419
-737
575
357
1102
235
-644
484
-348
406
-79
777
-1018
-415
51
1043
615
-5
420
-527
308
-636
117
271
425
345
-388
-874
-911
-213
-227
532
-641
54
-345
-402
313
291
-602
75
-95
144
-303
-250
-617
279
463
-393
20
255
367
201
378
765
371
-252
-398
85
-74
845
90
-161
595
552
-235
580
-1222
773
702
-114
82
148
-376
36
-318
-385
63
-219
-160
154
77
-449
-279
709
194
-306
-250
-430
-252
-739
22
1
103
87
51
-607
-742
225
93
428
516
3
-190
-412
-616
135
-170
-127
919
-386
-96
-194
226
-349
-521
460
-452
-65
98
-357
-94
309
445
141
156
641
-259
-97
1458
-379
-134
431
-431
-384
-2102
86
744
-328
457
769
465
-845
-1086
172
-528
695
689
598
398
399
161
-364
545
-411
-127
-109
1724
492
442
-38
639
146
233
-265
-357
982
549
-329
479
-466
92
-930
-28
-681
-98
-227
-412
1025
-162
-58
-88
-146
-136
-642
-432
167
-378
111
852
757
700
-683
172
289
141
950
-486
-697
-431
227
-22
-734
695
-88
-238
-58
-59
-21
-851
503
-695
870
-1080
-124
144
682
-222
-1396
-645
-50
936
240
303
-794
339
432
-240
-1107
-222
-22
395
-213
-333
546
-27
-1064
95
145
-117
-100
649
-907
1205
57
1114
931
-984
-502
-137
-56
108
1101
886
1077
-233
682
-956
294
-38
721
-289
-348
-275
410
-608
-369
-73
-100
-518
-378
440
723
88
-165
129
-127
-127
-196
800
536
382
150
76
464
-34
398
-730
-148
-114
-55
153
-418
204
27
-739
-733
-1131
191
-207
438
140
952
66
84
-217
812
853
322
650
300
-376
-144
-664
-474
-327
-1211
-600
1427
-43
-279
-800
-570
512
-158
161
621
140
485
147
196
662
-87
700
77
40
-221
74
71
-291
714
99
-632
573
372
523
-819
-1241
-496
-769
-460
-411
630
754
1616
-135
690
787
-494
-254
1061
487
-262
128
104
-230
-174
913
410
977
-55
-322
732
220
-972
-316
629
-511
357
-498
-416
-1133
-264
382
808
1056
-514
78
275
889
-262
138
-398
-2
414
1140
-890
-252
-97
587
412
556
852
968
-347
-87
129
25
50
-145
68
264
-49
461
-741
173
482
-271
-303
147
-1402
799
384
113
-19
464
496
0
253
413
-718
181
825
567
-567
889
526
-631
1008
-414
-522
720
-207
552
60
278
-875
-263
-1083
-795
-506
-65
450
-480
-361
-167
-519
-48
-1031
998
-205
-403
-496
214
-9
-412
-523
166
437
-396
-536
1542
