10 88 16
0 0
0 1
0 2
0 3
0 5
0 6
0 7
0 8
0 9
1 0
1 1
1 2
1 3
1 4
1 5
1 6
1 7
1 8
1 9
2 0
2 1
2 2
2 3
2 5
2 6
2 8
2 9
3 2
3 4
3 5
3 6
3 7
3 9
4 0
4 1
4 3
4 4
4 5
4 6
4 8
4 9
5 0
5 1
5 2
5 3
5 4
5 5
5 6
5 7
5 8
5 9
6 0
6 1
6 2
6 3
6 5
6 6
6 7
6 8
6 9
7 0
7 1
7 2
7 3
7 5
7 6
7 7
7 8
7 9
8 0
8 1
8 2
8 3
8 4
8 5
8 6
8 7
8 8
8 9
9 1
9 2
9 3
9 4
9 5
9 6
9 7
9 8
9 9
69
24
79
4
22
78
42
55
31
8
76
37
67
52
11
18
48
85
81
86
57
61
3
58
19
28
30
38
27
73
12
64
83
43
15
32
47
33
53
63
14
46
68
0
87
2
41
39
10
17
7
25
77
84
23
5
6
16
36
9
65
70
59
56
62
74
75
21
82
80
40
35
45
13
71
51
54
20
49
50
60
66
72
44
1
26
29
34
-5
-3
14
-30
-16
0
-3
-19
20
4
3
30
-9
11
5
-10
18
-32
-20
-10
15
-3
31
-31
5
-18
7
15
-18
-6
-21
-10
0
4
-31
-3
-25
1
24
21
-7
7
23
-9
30
6
-1
19
4
20
-6
17
15
-12
4
-4
-15
24
-4
25
-16
23
11
-1
-4
-9
-3
36
-28
-8
-7
0
30
-8
-17
1
17
2
-7
-6
-9
-13
0
21
17
9
-25
-5
6
4
-3
-11
2
-15
-4
-5
-5
35
1
10
-4
24
29
12
6
-18
-21
-32
-29
18
5
45
2
-3
-4
-12
11
1
13
-2
-22
-23
-6
0
13
-4
22
18
11
-17
-9
-10
-1
-7
-9
14
16
-19
-10
15
-6
-13
14
17
-20
-6
3
-15
-14
3
-1
-16
15
4
-2
8
2
7
-1
-11
16
-1
-28
-11
-3
16
26
7
23
43
-7
-14
-21
-4
-1
23
22
-5
11
48
5
6
-1
-12
24
15
8
5
22
2
16
-9
-11
-4
20
-33
42
16
-7
16
-1
14
11
-20
6
-10
-32
5
14
17
6
-8
-12
15
22
12
-8
38
1
-6
-6
23
17
-4
3
-17
18
1
-12
-21
6
-22
9
10
29
14
-8
1
3
-3
-21
-14
4
-11
-12
-27
-16
19
-16
-46
30
7
-11
-14
2
-8
-6
1
-21
15
-10
27
2
-9
1
-3
11
-7
20
0
-10
13
22
30
-11
3
-11
13
21
-6
1
10
-20
-38
14
-10
-25
1
-15
-12
-7
10
28
-9
31
-2
7
-12
6
-7
16
11
-10
0
-2
-43
9
25
23
13
-17
17
-18
-5
9
1
13
18
6
-18
-27
-26
-2
-13
14
13
-34
-29
1
13
9
-16
16
2
17
43
-22
0
11
-20
-3
-27
13
10
28
23
9
-12
0
18
-10
22
16
18
20
-10
-11
-29
28
16
24
0
-4
-16
13
40
7
-21
-30
-20
-4
-21
23
47
-16
-13
-12
-6
-21
16
-33
21
-13
-10
5
-7
1
-4
13
-4
19
-1
-22
14
16
17
-7
-9
10
-7
-34
18
-9
-27
-26
7
5
6
24
6
-3
0
-9
2
6
5
14
-6
4
4
13
-11
-9
-3
21
13
5
-5
-8
-34
12
7
9
17
-3
-8
8
-3
10
-23
8
-23
42
4
2
-14
0
-8
20
-42
17
8
-25
20
-1
-11
22
5
-14
-5
15
0
-11
33
3
3
-12
11
-10
-22
16
-16
-15
12
9
-6
-7
-14
3
8
26
-26
1
1
-8
-19
-11
1
33
-5
1
-20
-12
13
11
-1
-29
16
0
2
-26
6
6
2
23
1
3
13
16
19
-10
-1
7
32
29
-21
-10
-21
-4
2
-15
-1
30
-3
0
14
4
-20
11
11
-15
20
22
18
-4
4
19
16
-34
-1
-20
24
22
22
11
5
-10
5
19
3
-43
-28
-6
-26
13
-10
-3
20
7
12
5
-2
-26
11
4
-20
5
-20
15
1
-2
14
13
-24
23
-18
3
0
-28
-2
-14
18
-13
-12
-2
16
5
12
11
-15
24
12
0
-4
-2
-8
-10
23
6
-24
-14
18
-15
-10
-32
-18
13
-11
-18
9
1
-31
17
21
23
16
20
-2
0
3
34
-38
19
-37
11
18
10
17
29
0
7
4
6
-12
-29
-5
-23
-10
19
-8
-1
9
-34
4
-18
-21
-7
3
0
-13
-24
0
-7
-16
31
-9
-14
-12
7
10
-13
3
9
9
10
-10
-16
-20
8
38
-6
-27
6
-10
-7
-9
-5
-15
1
-23
17
26
-27
2
14
0
16
-1
-1
11
-5
-5
-12
-19
-6
-1
-3
0
-5
17
-3
0
28
-3
13
-6
11
-14
15
1
1
10
-11
12
-18
4
1
16
41
5
8
-8
16
11
-11
-11
8
-17
-19
19
-13
-7
24
-3
0
-6
11
6
8
15
-4
7
0
8
11
-8
0
4
-3
12
-7
-13
-12
33
6
-24
9
18
-11
-19
-4
3
13
1
-8
-9
-16
-5
-13
5
-23
16
-3
-3
2
28
-12
-23
-5
17
-20
-13
-32
-6
-17
-14
-15
27
-30
10
-30
-13
19
9
9
-10
3
11
21
-2
2
-1
-4
-1
0
30
-33
39
-1
32
23
-11
3
-15
-1
10
14
6
3
13
-6
14
-12
7
31
5
8
-18
12
21
2
-9
11
16
4
8
-3
-11
14
27
-18
36
-17
12
-33
17
4
-1
12
15
-20
11
-29
-1
5
3
29
-36
4
4
26
13
-6
-4
-34
12
-12
-38
9
-9
-25
-7
1
-15
-28
-12
6
-5
-13
6
-46
-21
-3
-11
-6
-33
4
-9
2
12
12
1
-7
12
20
-9
-13
20
-5
2
-6
5
-12
31
11
-3
-7
-10
11
15
17
-27
29
6
-3
28
-22
17
-36
-21
-6
-18
8
-6
13
2
-29
9
41
-2
-4
-1
-8
17
7
-8
-8
10
7
15
-24
-33
11
10
-6
11
10
-18
-14
8
-18
-26
24
29
13
-6
-18
-35
-3
-30
1
5
-16
-5
5
13
-13
29
10
-3
-39
13
-3
-1
-21
-29
10
23
-35
9
-9
0
33
-14
12
31
7
17
26
1
8
47
1
20
-17
0
-2
-29
5
12
8
-5
16
7
-25
7
4
5
9
-5
13
6
24
-25
4
5
13
21
9
15
9
18
2
15
11
22
18
17
-1
9
-19
4
-2
-1
12
26
19
2
-19
-2
-24
12
-21
13
12
-14
-1
21
13
-26
-25
-20
21
11
-27
-5
-6
-3
2
-11
0
-17
-15
31
-25
-2
-1
30
-27
-1
10
17
3
12
0
19
-3
-3
-17
14
22
-6
-12
22
-19
7
28
9
-23
-28
-6
8
-11
33
20
-5
-12
3
-28
-5
-1
-10
-7
-27
20
2
28
17
17
15
-13
-58
3
-10
3
-10
28
26
7
-6
8
-16
-11
12
5
-1
-14
-9
9
-5
-1
17
-14
11
-23
6
37
14
-7
8
4
19
-9
7
20
19
3
2
22
19
-35
2
-29
9
27
21
18
8
15
18
-27
3
-15
-10
-8
-4
-4
-11
3
-2
3
-11
4
-9
26
-6
4
11
-2
-27
11
-3
-24
2
2
22
-2
14
-12
1
-7
-9
-25
-12
-13
7
7
4
34
-20
26
5
-23
13
27
-22
-8
-7
-14
19
-9
-21
-8
31
8
5
7
-9
-4
18
-16
14
0
24
-3
27
17
6
-18
16
7
-8
13
-19
-4
-17
-16
-12
16
15
12
-2
12
-9
22
-7
11
-2
-32
12
-28
-21
4
-10
-4
-26
-3
8
26
23
2
-12
9
4
24
14
-23
0
4
17
18
-8
-8
-18
23
12
13
-12
18
18
11
48
-9
5
-16
-21
-15
-3
19
8
-15
-10
1
-14
-2
21
-9
6
14
20
-11
-11
-6
-18
-14
-3
3
22
-3
0
-38
7
-22
23
-8
2
26
-37
-11
-2
23
-17
-14
-10
5
16
-21
-7
26
0
29
-17
12
15
-1
4
20
11
-35
20
-16
4
-7
3
-15
-15
10
6
20
-2
4
-9
-5
24
39
-14
-22
-12
22
-23
-6
-15
1
14
-5
3
4
-8
-13
6
18
-6
4
-7
9
13
10
14
27
5
17
3
-9
-12
8
-15
-4
-15
5
-11
19
-25
7
-24
-9
-3
-16
1
-9
0
2
13
-5
12
25
2
8
7
-21
-11
3
5
-13
-17
2
5
8
1
7
15
-1
-3
11
0
-17
-30
23
-19
27
-6
10
16
1
1
-4
6
-50
-15
6
-39
17
-21
30
22
-9
-6
-27
0
-13
3
-16
11
1
-31
0
22
-23
17
-3
25
-12
-11
-4
-6
3
-13
-16
15
24
-7
9
-8
-5
-18
28
35
-10
-6
15
5
-48
-7
17
-13
23
-13
-15
3
0
-11
18
-6
-22
11
-10
20
-3
5
-7
20
7
5
11
6
11
-4
-11
17
18
-24
23
-6
-21
-8
20
-27
12
-15
0
2
16
-2
5
-10
-9
-52
-10
-43
-20
-8
6
-4
2
-3
15
16
-2
-6
1
-9
0
1
23
37
8
-2
13
3
-23
-10
-12
4
1
-15
23
-4
9
15
20
4
-18
-29
-12
14
1
5
31
-14
-4
24
-13
6
-15
12
-10
-43
16
-8
-12
-18
2
-25
10
10
9
6
-22
8
4
10
-32
-29
20
16
12
-37
-5
-38
-16
16
3
-7
21
6
9
-3
-9
-6
21
-11
26
-6
-8
18
2
8
25
3
26
10
-7
-8
4
-10
6
-10
-9
-2
8
11
-12
6
-18
-10
45
-14
0
23
-2
22
-13
-6
-9
-15
12
10
-10
-17
-12
-29
3
0
-15
1
0
0
7
13
-4
-4
12
15
10
7
-7
20
-17
3
30
9
-21
0
-2
10
-3
15
7
10
-17
33
11
16
20
1
-13
-11
-11
13
29
9
-4
6
-14
-1
11
13
16
-7
8
27
29
0
-19
10
6
22
-8
4
-30
-2
-35
10
-12
-15
0
-17
-2
4
24
-3
-9
-17
6
-11
-17
7
-14
28
1
-26
-22
-10
8
-40
-16
-3
0
-46
-24
-4
-13
2
-11
16
-3
11
-11
10
9
0
-56
-3
-13
-7
9
-20
-11
-12
38
25
9
-2
-11
0
-15
-12
11
13
-9
18
46
28
-8
-29
5
-12
2
13
38
-29
21
-16
25
8
-7
-35
-16
-1
-1
-7
46
7
-6
32
5
17
14
21
0
6
5
14
10
-10
-10
21
12
-4
8
8
28
3
-12
-12
27
-3
-20
-9
7
-26
0
-13
1
3
-3
11
-32
10
-16
-25
16
2
-29
-6
-18
-17
42
32
-24
3
-13
-10
30
-2
-5
13
22
-10
13
19
19
-17
-37
17
15
-15
3
-40
-7
15
-18
15
1
-2
26
8
-12
15
-9
1
-27
6
-13
-21
-24
-14
13
-25
14
-15
-6
6
8
-25
-7
-12
0
2
12
32
8
-11
3
-2
-25
-8
12
-18
14
14
-7
18
-2
-8
-3
-16
-13
-1
-21
8
14
-5
-5
24
1
-31
-4
-26
9
-26
4
-23
6
5
26
0
-9
6
3
3
10
-11
-8
-17
-19
-9
27
42
-7
-7
20
15
17
8
38
1
10
6
19
37
-16
-29
8
-24
-2
12
18
3
-3
13
-5
10
10
-6
-11
-6
25
9
27
-20
3
19
8
39
21
0
1
8
6
-6
0
-3
22
0
4
-8
-16
-5
13
-5
14
4
-28
-5
2
34
-5
-29
-2
-13
17
4
-4
-5
-5
-12
-23
-7
-9
13
-30
-5
-7
-1
3
1
18
8
-11
21
2
0
-29
11
-8
-6
16
-18
35
-2
-24
-5
-1
2
25
-22
18
6
16
3
-9
10
8
1
15
17
3
6
5
-26
-12
14
9
1
4
-3
-1
-18
-23
-18
-3
-4
5
9
16
11
-4
-8
4
-14
5
-5
-1
-27
4
-9
8
-22
13
26
30
27
7
-6
7
21
-10
23
-18
-21
-10
-21
14
10
-30
-12
2
46
-1
-6
9
20
9
0
-19
7
7
4
-3
3
4
11
-24
-24
-32
12
5
-33
17
0
5
-10
21
24
41
-13
15
13
15
1
-19
3
-23
33
3
22
22
27
-5
19
-18
-13
18
-15
-27
-3
-4
4
10
-14
-17
-1
-18
9
29
14
-17
-28
-6
8
-6
2
7
-16
10
2
9
33
0
-28
-5
1
6
10
-20
-7
11
10
-7
-17
1
7
16
3
-11
-3
14
36
0
-1
8
-13
-17
-7
5
4
-15
3
-8
5
10
-11
-2
-3
2
-19
-13
-10
12
-17
1
2
13
24
18
24
-18
4
-4
6
-42
20
3
10
-1
7
35
10
13
9
-29
19
-3
-14
-11
-7
-6
-1
9
6
-10
14
-17
3
10
5
11
-15
-3
-36
-8
-20
-8
-13
15
-10
-29
-11
3
4
16
1
2
39
12
3
-12
-15
-15
-4
51
29
30
-27
-1
-17
-4
-6
-21
12
-21
-24
7
-9
5
-7
3
-11
15
0
40
11
-44
-19
-29
0
5
4
-16
-1
-11
-5
-13
11
22
8
-7
12
2
17
9
-5
-7
10
-1
1
-42
2
-35
-12
17
-11
-15
-4
12
-9
27
12
-20
5
0
26
-12
-18
-14
2
29
-13
-15
-3
3
-6
2
-14
-1
4
-2
16
48
0
-2
-5
34
-1
11
1
-30
5
-7
14
4
1
-6
2
-13
-8
-2
-9
27
-36
6
-5
12
5
3
-10
-7
-11
19
11
-6
12
-4
0
0
-11
-13
33
-16
12
26
11
14
-5
2
5
-10
22
24
19
-6
26
22
-8
0
41
9
11
-6
-22
-11
6
-7
2
-21
3
20
-18
-6
3
-24
-13
6
20
7
-22
11
-12
29
-2
10
-8
16
3
16
5
-26
-6
4
-41
2
-5
10
-1
0
-8
6
-2
14
-9
21
-8
-14
-20
-3
-10
-4
-2
19
0
-8
-3
0
-7
-16
1
-10
-2
-5
-4
4
17
2
-15
9
-20
-2
0
-1
2
-18
-3
-8
-13
16
18
-19
7
4
-9
-16
4
-37
18
9
-6
-30
1
-15
-40
14
-1
-1
2
30
7
9
-10
-5
41
-34
1
3
3
-1
-22
27
2
-12
16
-2
0
27
-15
-13
-23
11
33
1
29
6
-7
12
-4
33
-3
-48
-5
-12
6
-12
-15
1
13
-5
-2
-29
11
-29
19
-3
12
7
3
3
-19
5
-6
-21
-9
7
7
4
0
-18
-7
2
-11
7
-5
17
27
33
-15
-43
-13
4
-13
-1
6
20
24
-6
-7
2
3
9
-3
3
3
20
12
-16
5
-19
16
-6
-6
-1
8
18
-3
-10
11
37
3
-11
16
-26
17
28
-5
-6
0
-11
13
1
27
-16
-2
1
15
32
-1
-13
-10
8
11
-12
-8
22
-10
-12
-8
-1
-16
-18
-3
8
0
-8
5
17
-2
1
9
-6
3
-14
2
-8
14
16
-14
-24
-17
3
-30
-12
-6
-24
-16
13
29
11
16
-21
22
9
15
-27
6
-11
8
2
-7
-4
-24
11
12
-2
-5
23
-10
-9
-6
0
25
-18
7
-26
13
-5
-27
-22
-26
-15
-36
-23
-11
-6
24
-2
32
-9
-27
-14
-5
-28
19
22
-22
-1
-37
-9
14
-21
-13
12
1
-4
-4
-22
27
-8
-11
-26
-7
4
-12
-26
-19
-13
4
-10
20
-3
15
4
-3
11
-9
-10
18
-18
10
2
-15
5
-30
5
-7
-14
-10
-12
3
14
20
-25
-34
-7
19
12
-2
-31
-23
-18
5
19
33
3
-1
6
-13
12
8
5
9
-7
30
6
-6
29
16
7
8
33
-28
28
16
-22
-10
9
-16
-11
9
3
-34
2
-23
8
25
-8
18
9
-12
15
-14
-24
2
20
10
17
-12
3
1
-3
-22
25
22
-4
-13
15
18
3
-3
-20
-8
2
22
-16
31
11
21
3
-15
-15
7
-10
-15
-10
15
-7
15
-15
-18
-3
-9
-3
13
18
-1
-2
18
27
-9
-7
-5
-7
9
24
32
16
-9
-6
34
-4
5
-2
-28
10
-1
43
9
-10
-12
-1
10
-1
-13
-10
4
-19
-17
-6
23
2
-37
-3
-25
5
7
-25
-15
30
3
-7
20
14
14
-2
13
5
5
-2
-9
1
1
4
-21
26
-19
-14
19
7
-15
19
3
27
-3
-33
-17
21
-21
13
4
9
-2
3
-7
4
7
32
14
6
2
-9
3
11
-1
-22
30
10
28
8
-13
12
13
9
24
1
-26
-1
-14
-25
-25
19
11
-21
9
13
-4
-4
-6
4
12
9
18
0
11
-4
-34
3
6
9
12
-15
8
26
2
-19
-19
17
-14
2
-19
15
-13
-27
-12
21
-1
19
14
-21
1
-2
10
17
-11
-2
11
-10
12
-12
-11
-7
1
19
0
-5
-1
-4
-6
-1
-8
1
13
15
-14
19
-11
28
-35
-13
15
12
0
25
0
-4
8
8
-14
9
9
13
11
-2
11
34
-3
-22
22
2
-10
4
25
11
-2
-4
-7
19
-6
1
16
-13
1
5
6
1
12
7
17
-2
-9
-2
-5
6
24
19
-6
9
-28
2
10
-19
2
-7
2
-7
-8
-9
-17
-16
-16
17
-14
36
-13
-7
3
-7
-5
-3
-2
16
-11
-25
-7
6
-6
-7
-12
24
-3
-8
5
-3
11
-28
-7
-28
-12
-13
3
11
-21
11
-17
-21
14
0
-12
-13
29
3
-13
1
5
-11
-26
-29
1
14
14
11
-24
-3
-14
1
11
19
-2
7
2
10
-16
13
-1
6
-16
18
-3
2
-1
-10
-27
-5
7
-22
1
-22
4
-7
-11
-4
-27
-28
21
-9
4
6
13
-20
5
6
-1
-7
-7
-9
-2
-11
-4
16
11
16
2
2
-3
4
-8
7
-19
-23
-3
1
-2
0
19
29
-13
-28
-2
-20
-4
5
12
2
-6
-12
13
7
-10
-10
-34
-22
26
-8
12
8
-21
11
16
-5
-8
17
-6
-3
27
-8
2
-8
5
21
-1
-2
-17
2
-7
6
4
15
-23
14
-1
-25
14
-17
-8
0
9
-15
27
19
1
-12
30
-16
-7
-28
16
31
0
-18
-2
16
-7
16
11
-17
18
3
-19
-27
-2
42
30
14
17
-22
6
11
4
-7
-25
2
0
25
20
1
15
-12
-11
-6
-5
-18
-6
19
-35
-12
-15
15
-12
9
-23
-4
-4
-25
1
16
-11
-7
-4
3
11
10
-14
2
34
-22
-6
10
-3
-4
6
-24
3
-38
-1
5
0
-3
20
16
-22
7
-14
11
-12
13
-5
1
29
-15
8
11
-17
18
-2
32
6
5
-12
-23
-7
20
-5
-24
8
-13
28
-9
-11
1
10
7
-4
6
-4
19
23
-25
16
12
9
0
6
25
5
16
-29
-7
13
-2
-23
3
-18
13
36
-26
8
-4
-34
-8
-18
-10
-10
-24
27
7
-2
17
-21
-5
-13
-14
-30
-8
-10
2
-1
4
-20
18
-7
-8
-10
0
16
-4
-30
10
7
23
0
0
-5
2
-26
30
-6
-11
2
1
0
7
-23
-27
-1
-13
13
11
3
3
-1
-3
-27
-19
-11
35
10
5
-5
-8
-7
13
-10
11
-19
12
7
-13
-23
1
10
-25
13
-3
-10
26
12
15
-19
22
-19
13
-13
-28
2
40
26
1
-10
5
0
6
6
-24
-13
-28
17
-17
-14
-3
1
10
-22
8
10
-19
-2
-13
-9
-10
-8
17
0
26
-1
11
2
-1
7
18
-6
-42
23
8
-16
5
-16
2
10
6
42
7
15
-1
3
-16
-33
-3
-18
-8
23
1
22
-3
36
19
-29
-11
10
2
13
16
27
-10
-1
29
-30
9
27
3
34
12
9
-8
0
15
-6
-4
-17
2
-23
-1
-2
-17
-10
-4
3
13
3
-8
8
-22
5
3
-3
-19
-29
4
-20
-4
-20
1
-11
-3
-13
-5
-8
-26
-27
-18
24
14
4
3
-15
-12
4
3
-1
20
-4
17
-6
15
-25
-21
-8
6
-14
10
15
-17
-25
15
1
3
-13
-22
13
-14
-2
11
-12
22
-14
-19
24
6
-16
-2
27
8
-8
7
22
23
-19
-2
23
0
8
-57
-3
-1
-33
5
-25
24
-3
17
-8
1
-17
-12
39
6
30
-15
22
8
-6
-9
-4
26
-21
-29
-6
1
-13
18
12
32
5
21
-12
35
1
-24
41
13
41
2
-22
14
-4
-18
-26
2
6
9
19
-9
6
-2
-23
7
5
-16
13
-3
15
-11
-15
32
-4
-15
-27
36
-5
11
20
-26
15
-18
-13
-30
-9
11
-12
-15
8
20
-14
14
23
4
5
-2
-2
-17
19
-4
-9
-6
-1
-15
6
5
-29
-4
15
-9
-10
3
31
21
-14
-33
17
-2
-10
2
-18
3
-26
10
13
-13
37
6
-3
-7
6
3
6
3
10
9
1
-11
-20
-4
-20
2
7
18
-24
9
11
-8
26
12
-30
1
-12
-16
19
11
19
7
-21
20
-19
-13
-20
18
-17
2
-6
7
-9
14
-3
3
15
18
-29
-3
35
-9
-17
-10
-2
-27
-7
-3
1
-1
19
3
33
-16
17
-1
-14
2
13
15
29
39
-19
-7
8
43
10
-1
-7
15
-13
22
-22
-14
15
10
-9
36
-17
15
-17
-9
-22
0
15
7
-4
3
-9
-1
9
14
-18
27
10
-4
-9
-5
7
14
8
-3
23
6
-4
-31
11
3
-26
13
18
7
-14
-15
-20
-11
-13
10
-3
13
14
-16
8
0
12
-18
6
-11
0
0
8
-8
27
18
14
-6
-7
-5
13
-5
-15
2
-2
-6
-4
16
7
4
24
-5
-1
12
20
-2
13
-3
0
-13
-6
12
-36
-10
-9
5
22
-6
8
-19
13
-3
15
-4
-12
-3
37
5
12
-32
-13
-9
-12
-28
3
-4
10
-5
-12
-9
0
-2
7
40
-5
12
-9
-15
-10
23
4
-27
-19
13
1
0
12
2
6
18
-44
-34
0
6
-5
-3
12
-8
5
16
9
8
-1
3
-5
11
-30
-21
-10
-22
4
-8
-22
0
-25
3
-5
13
-9
-6
-5
-8
-10
-5
6
-12
-7
-8
15
3
2
5
32
1
-9
22
-2
-15
-20
2
5
-32
7
17
-6
3
-20
-16
25
-14
-8
16
-3
26
5
23
2
-9
12
30
1
-33
10
13
-7
10
33
20
-7
10
-15
12
-30
2
2
-13
-29
13
20
3
-10
6
-21
3
8
-25
-8
-44
-5
9
-1
-1
-15
-16
8
16
-16
-7
-26
-36
-9
13
10
-25
5
-10
-8
-2
7
0
17
6
-3
-5
20
-6
7
45
5
10
6
-27
13
-2
2
33
-26
-3
0
-29
2
-23
4
-5
1
-4
-11
10
3
-21
-16
3
10
-5
-12
-5
13
-28
34
-9
-24
2
27
-19
23
19
11
45
28
10
11
-5
25
6
-2
20
11
-15
-7
9
23
2
-4
18
10
18
13
31
7
5
12
30
30
-14
-25
0
18
-12
24
1
-13
-3
-14
21
33
13
-2
-1
27
3
13
40
-25
5
2
-16
-5
-2
-4
7
40
13
-11
-9
22
17
8
22
14
-8
13
-26
34
0
-11
31
2
12
-16
10
33
17
11
26
11
20
4
14
-1
0
15
11
33
-17
-31
8
-6
10
-13
21
-19
9
-29
40
-27
-7
-6
10
-11
-1
29
22
-9
-33
12
-22
-14
-24
20
4
-27
1
6
-4
13
2
-7
10
2
-8
-1
3
0
-15
-9
25
11
4
0
-13
13
-22
3
-12
-19
1
10
-4
-14
-10
-7
-13
-16
28
6
-9
20
21
-17
-10
-22
-11
-1
-5
-17
3
7
-12
7
15
-26
-11
4
-13
-11
-1
14
-9
-4
-10
29
18
7
23
9
-2
15
-2
4
9
-6
15
-20
-21
-1
6
9
-15
10
9
0
22
-11
-10
23
-38
-6
-29
6
-6
-3
5
-3
6
-25
14
-9
22
2
-17
-15
4
-13
24
32
-10
29
-14
-18
-13
-7
2
31
-17
-6
1
14
4
15
3
22
-1
18
6
-3
-4
36
9
4
5
9
-9
35
10
-2
-25
-6
29
7
8
-22
10
17
8
-23
3
13
-14
12
18
4
22
2
-25
2
2
8
15
-2
33
-28
4
7
2
-18
7
30
11
8
-24
-3
8
-11
20
-12
34
26
22
-12
-10
-18
-21
6
6
9
-20
-13
22
-21
4
8
-32
1
23
-26
-4
-5
2
-7
-7
-7
8
-20
13
29
8
9
3
2
11
-25
-9
-23
-5
-17
-14
-13
-6
8
10
14
-5
-16
7
1
1
-2
-5
21
-3
-12
25
-26
5
3
-16
-4
14
-6
-3
17
6
9
11
-6
13
-10
10
19
10
17
-22
17
-25
10
-19
28
1
-3
4
2
0
13
-21
10
-10
-11
9
36
-36
7
0
-8
-17
31
10
-18
-4
-25
-6
-18
25
1
-4
4
43
0
-9
-5
21
-7
-10
3
-23
-10
2
-26
9
2
38
22
6
-3
-31
-29
-2
-18
-9
-20
10
-15
-1
4
6
-12
8
-22
-9
23
-13
38
-18
-24
14
3
10
-13
13
-18
11
10
-11
0
7
-11
7
14
-10
7
2
-32
-32
-20
-8
-10
5
23
-11
-3
-7
26
-3
3
7
14
-9
33
-42
13
7
8
4
-27
-15
-8
5
-14
-29
-17
-28
11
-12
-19
3
2
29
5
-7
-21
-12
5
0
3
-16
3
11
-9
6
-26
16
18
-11
6
-12
-5
-12
-8
6
-11
12
4
1
22
23
-4
-1
-9
18
-6
-18
-19
-20
15
41
-9
4
14
18
-15
13
-14
-2
6
-16
13
8
4
5
13
12
22
-48
-40
-3
-23
-15
20
11
25
-13
14
16
1
16
-12
-17
7
18
2
-3
3
-3
-5
-3
1
13
-5
-11
5
17
20
1
-17
-9
-10
-3
-4
4
12
26
-6
-10
-19
11
5
-4
-20
4
-34
-22
9
-16
5
-9
-48
11
6
16
-12
13
8
9
5
4
8
-1
-24
17
-7
-4
12
-7
26
3
-3
-1
24
11
17
-30
18
16
1
10
-18
-16
-25
-14
6
-20
15
1
5
-1
-8
-23
2
20
6
17
7
-24
8
-11
-6
-9
21
-14
-16
-6
-2
-9
-9
18
-2
21
-7
9
-11
-28
-15
2
-25
6
16
-10
-33
-10
-25
5
-3
-15
-18
2
14
-15
-17
27
-4
11
20
27
1
-4
-33
-5
12
20
-8
15
33
27
-8
16
-4
-4
44
0
-2
6
-10
-4
-10
7
7
-40
4
-9
7
24
-12
-26
-13
-11
19
12
-19
16
-1
-37
-8
-15
-5
21
1
12
1
-10
25
12
13
4
6
-10
-11
22
-1
-20
20
-18
-2
20
3
9
6
-5
-5
13
-9
-19
16
-13
15
16
35
10
-7
-15
8
2
-2
-27
1
9
-2
-4
1
4
7
-5
-16
10
9
20
-41
-22
-24
-38
-27
-4
-22
-15
-3
27
20
-5
12
-8
20
-23
17
-33
0
0
16
-10
-14
-28
-44
-28
-5
-2
-8
8
5
-17
9
-11
-26
21
0
-19
11
8
-23
-35
38
-4
9
26
3
-4
-8
3
-9
5
-4
-8
8
21
-1
0
-11
-25
6
29
26
8
0
-23
24
8
-5
-4
-4
5
-18
23
-24
23
13
9
-18
1
-7
14
-19
-17
-3
11
-19
25
-18
2
-27
0
-20
-12
11
-7
6
4
19
-3
19
15
25
-18
-10
-23
-13
-31
8
-17
-6
14
-17
-8
7
-1
4
-23
20
5
-8
37
12
24
10
17
-3
-5
4
-9
15
4
21
8
8
4
-15
-3
-2
-10
19
24
-5
-18
-2
11
9
-16
11
-20
-1
10
-27
-26
-11
-7
22
7
-9
6
1
12
2
28
7
7
14
5
-4
15
1
-1
-11
0
19
-18
0
-14
-3
-12
-22
-4
16
-13
1
-2
3
-12
-15
-8
2
-5
-21
14
8
3
-5
5
6
15
-10
3
-6
4
13
16
-1
2
-1
-25
-5
-27
-14
10
-13
-25
-19
2
8
8
13
-7
-13
-34
11
1
-18
3
-12
16
8
-1
-6
1
16
-18
9
-3
-14
-21
0
20
-4
22
-24
23
-17
9
-24
0
13
-26
18
11
11
-1
-13
-7
5
-25
-22
-21
22
-18
13
25
23
-32
1
13
-5
23
-19
-18
-5
22
-10
10
4
10
-2
-30
-1
-22
-15
-15
15
5
-16
-53
-17
7
2
-34
-7
4
11
0
9
-13
-10
-14
1
14
-1
-23
25
8
-16
-31
-6
1
6
-7
14
7
6
-14
9
-21
13
-9
4
-2
18
-9
-14
-7
4
-10
-25
-48
39
-19
-13
-19
21
-2
-10
-18
-3
-13
16
4
-16
0
18
5
-9
3
16
-9
1
-26
-2
10
36
-7
33
-2
13
26
5
18
4
-17
25
-4
16
11
9
0
-22
6
25
-24
30
-33
16
-11
-17
8
4
7
2
0
10
-26
7
24
-1
-24
9
7
14
23
19
21
-39
3
-3
-1
-3
8
5
-17
-9
-6
1
22
20
-23
-16
6
22
21
-6
16
-11
-1
21
-23
14
-16
5
-20
4
-10
3
8
0
-23
6
15
-10
18
8
8
-20
-30
8
4
19
6
-16
-14
1
2
-7
-10
-15
15
16
-42
3
-25
10
7
-3
-3
-9
-17
-6
1
-14
0
-4
0
20
-22
-2
-8
-14
-10
-8
9
21
4
1
9
-8
12
19
18
15
-23
9
2
7
-12
-2
13
-6
-1
-4
5
32
-19
22
-23
-20
-3
-11
29
3
-4
-12
0
-16
22
-6
12
-4
28
27
-18
-15
-9
24
16
-9
30
27
-9
-9
12
16
13
21
19
4
0
15
12
-30
23
4
-4
9
-11
11
-25
25
-10
-22
-26
12
-4
-13
10
14
-4
-7
0
21
-2
16
12
11
-15
3
9
-8
-7
1
-23
-9
25
17
-8
-5
27
-1
19
1
0
2
-21
4
26
20
-17
-4
14
-11
-8
-3
4
6
-9
11
17
-27
19
7
15
16
6
9
4
37
-5
7
12
-1
13
-21
9
-7
31
-2
0
5
6
-3
15
-14
15
-1
-17
0
-13
12
-7
-24
13
-5
11
13
7
17
9
-25
0
-3
27
6
-8
7
12
-29
25
10
-17
-2
-1
19
14
-1
4
-8
2
-10
-1
-1
2
24
7
-8
0
-13
21
4
-19
5
-15
19
6
-12
15
24
-6
-10
3
16
6
4
2
-44
-9
-24
-8
-31
16
31
-4
-1
7
-6
8
16
-3
-16
-27
17
5
-5
39
-1
1
35
-6
-22
10
18
1
5
18
-12
16
16
-8
9
-15
-35
3
12
16
4
11
17
25
-6
2
-10
25
-3
-4
-8
-10
-1
-3
-21
36
-30
-7
-24
-10
16
33
20
2
18
-7
7
5
-44
10
-15
4
26
-12
-14
3
36
11
2
-2
-25
9
-1
19
-6
3
-20
15
22
-24
19
-7
-20
2
-14
0
-4
-11
-18
-18
-10
2
13
-3
-1
28
11
23
4
1
19
35
13
-16
0
4
-2
15
4
18
0
37
-9
-10
0
-20
-17
17
9
-12
12
-12
17
21
-14
-7
-23
-21
13
4
-6
-14
-1
-1
9
-29
-1
-8
-10
1
-10
-8
17
9
20
-10
-8
-31
15
-12
-27
6
-15
3
3
0
-14
-25
-9
7
8
-20
11
-15
-3
6
-15
-12
-15
5
29
12
-3
-16
14
-4
-6
-8
-7
6
0
-23
5
-37
-2
-18
-4
13
-7
2
15
-16
6
15
5
-4
-16
-14
14
-2
13
5
24
18
-1
15
12
4
-6
45
31
4
13
-2
8
-12
-7
-31
-21
-6
29
-17
19
6
18
9
6
0
18
10
-15
27
18
-8
29
-5
2
-19
-46
-1
-19
-15
-12
-5
-9
-6
10
-11
-11
-11
10
-3
-15
-24
19
-5
14
-16
-34
-1
-39
14
-19
40
19
26
-7
-9
-3
-13
22
6
-21
-14
8
14
5
5
-12
-8
-34
-3
37
10
14
6
5
-14
6
-9
3
12
-6
-11
-23
-11
2
10
14
31
-23
16
-9
-12
-8
3
46
5
-34
12
10
-26
-10
18
7
-8
-26
17
19
-7
10
-4
8
-3
13
6
27
-5
-4
-2
-17
4
9
8
-3
2
-9
11
-15
-11
-9
-38
-27
6
10
-6
1
-27
-26
6
24
-9
10
28
-19
6
-16
-8
5
1
-16
-15
-3
29
9
0
6
-18
7
7
17
-20
18
-6
-21
-23
-2
-9
-11
4
2
8
-15
-1
1
41
-5
15
-14
1
17
-2
12
-12
3
-4
9
14
-8
34
6
11
19
3
-12
4
8
5
2
-20
-20
17
31
-9
-7
6
-11
-14
-25
8
24
-7
-8
4
-24
-14
12
0
18
-17
8
-19
-3
-9
-5
7
10
13
8
26
-1
2
16
-14
0
-15
0
-13
7
-30
34
12
-5
17
20
-10
-13
-5
20
-2
-1
-6
7
-7
-16
15
-6
5
19
-14
-9
9
11
-15
-18
13
-11
-18
-7
11
-20
17
15
-20
-4
30
8
15
41
3
9
-19
-15
8
-23
-7
-24
-13
10
11
-3
11
-1
15
-21
-8
6
3
8
-14
-4
11
8
11
-4
18
29
12
-22
25
-32
10
-6
7
-27
-10
-11
7
-27
8
-13
16
12
22
11
6
9
-11
13
-20
-2
-31
-3
-26
-18
-8
-7
21
21
-5
-13
0
15
2
-17
-2
22
-18
-2
-11
23
13
5
17
-19
-15
2
24
0
-19
16
-17
16
25
24
11
-15
25
-8
16
-14
2
-32
47
-8
-4
-3
7
-2
43
-2
-9
-2
31
-22
6
36
-2
10
7
-2
-13
-11
-7
-11
37
10
-8
1
6
13
8
-1
-24
32
-25
9
-3
-3
15
3
3
10
26
29
-7
10
4
17
-32
16
2
-12
-8
10
-14
1
22
2
9
24
1
-22
6
-21
1
22
-16
2
-28
15
-14
-15
2
-3
28
-9
-10
3
9
-15
11
-4
12
-13
-12
-7
15
8
-13
-19
14
6
3
15
-28
-2
-15
3
11
7
7
9
-21
-35
21
-10
-4
-6
-10
0
7
17
-4
-13
-7
-11
15
31
4
-8
-30
24
-1
6
-3
25
1
-9
3
5
-17
2
0
-2
4
3
8
30
-14
-4
4
36
-18
42
-4
-17
-22
0
21
21
33
-2
-8
-31
-15
7
11
20
23
5
-9
18
-26
-17
8
-13
-19
-31
12
-15
-10
28
-10
0
-21
-4
14
11
11
-23
-11
32
-35
11
-22
6
1
-10
-8
0
-5
-3
-20
-19
-3
-19
19
-10
-1
-13
-1
2
-20
-11
-16
-13
6
-30
26
1
7
-6
-15
11
-19
-8
-3
-7
-14
20
2
14
-18
-23
5
10
21
-1
-28
6
-4
-32
7
19
13
14
3
-7
21
2
-23
13
14
-11
0
-14
13
-7
-21
-5
28
-19
-1
-9
4
33
17
8
2
-11
-27
1
-9
24
6
12
21
18
11
1
-16
-8
-15
-13
-8
-28
4
14
12
10
-5
-25
4
6
-4
-17
11
-11
10
-18
6
8
23
-8
-5
0
-17
20
2
6
10
-1
-7
-5
-11
1
-1
9
3
5
-23
13
10
-27
-14
-1
34
16
1
-13
-6
-23
-25
0
-5
-7
-21
23
12
-12
-23
-17
11
-26
-29
3
8
7
1
16
-2
11
7
-10
-2
-7
0
19
17
-17
22
10
-4
-21
-9
22
-30
15
29
-2
-13
-10
3
-8
-26
13
-3
-15
-16
-31
-14
-18
-11
-3
26
-18
-5
20
-14
9
-34
5
23
4
7
-2
-32
-1
12
29
3
14
20
0
-15
3
-13
-34
-6
13
-4
6
6
8
-3
-16
14
19
-37
6
15
32
29
-31
5
19
7
3
7
18
10
18
6
-14
-1
17
22
2
1
19
-10
-4
0
-8
-5
2
4
-17
2
0
-18
31
-4
-15
-9
14
-11
-3
-11
-5
29
-24
-6
9
12
23
14
19
8
-2
4
-2
-6
3
-17
-6
-17
-11
-22
9
21
22
-13
9
-2
10
7
-18
27
3
1
-5
-3
15
-17
-14
-5
-2
25
26
9
21
18
-14
2
2
2
23
-11
-8
-19
7
-2
-22
-10
-17
-5
-13
22
-10
34
-1
22
-7
14
-42
-9
6
-7
11
3
14
-14
7
-12
0
17
6
-3
-25
-3
-8
9
-3
-19
18
3
-12
4
-6
34
-4
-12
9
-16
7
11
-22
7
9
1
10
-5
31
9
-5
-21
4
-3
-2
7
8
-41
27
2
7
33
19
1
-6
-17
-25
15
22
21
-5
11
-12
8
-33
21
-16
-8
-7
2
-8
23
41
-17
-15
6
20
29
-36
-23
4
26
-4
-5
-1
19
20
6
8
1
8
13
6
2
5
-10
-52
6
9
10
5
18
-5
7
17
23
-3
-6
5
-4
3
-18
-6
-17
15
17
6
0
-26
-9
-11
-23
3
-4
4
13
-23
-5
15
10
-35
-2
4
-12
17
19
-7
0
-5
1
-41
23
-2
8
-15
-36
-6
-32
38
-4
19
-25
-1
4
-8
17
-15
-15
-21
7
4
-2
-26
-13
6
8
5
-2
26
-22
7
2
22
11
-2
-21
-28
8
-25
3
-28
-10
-10
22
-22
6
-12
5
12
0
10
-10
7
13
-37
29
16
-1
51
3
-26
-6
28
11
8
-3
4
-17
-39
22
7
-24
-9
-6
-21
3
10
19
28
-8
11
-13
11
20
16
12
1
21
18
23
9
-20
-17
5
-5
-9
10
-16
-15
7
-15
-22
-18
25
3
-30
-15
-27
20
32
0
7
13
2
-4
-44
2
8
-13
-17
-6
-16
24
-4
24
1
25
6
30
-4
-5
10
29
25
3
17
-6
-1
4
-11
13
44
0
0
-4
-3
5
12
-33
-3
16
-7
-20
10
-14
26
-19
-6
4
9
-6
-17
-13
-5
-7
-9
3
-39
-14
-24
5
3
-8
-16
-26
-1
19
21
20
5
-1
-8
10
-8
-14
-8
-35
-6
-9
5
26
12
-2
-2
10
-1
-3
2
-10
49
16
-6
14
-1
5
-12
29
15
-24
-4
-10
-35
6
8
2
-3
24
18
23
-5
17
-3
24
-24
4
-18
14
32
5
-27
-14
8
9
0
5
2
10
-3
-7
-24
-13
7
-18
-42
-12
13
6
2
19
-13
12
0
30
11
-12
8
-4
23
4
15
1
11
-22
8
7
-16
-12
25
17
17
1
16
8
6
-15
-24
-8
-5
-3
22
15
-9
6
16
0
1
-15
8
5
2
-20
-26
-11
5
0
13
37
17
18
18
-18
-7
3
10
11
22
-7
12
-2
20
-7
5
-16
-7
11
-19
3
21
-28
-13
-15
5
-10
-34
-15
-8
-33
-28
4
-17
-2
-46
-20
-12
-4
-12
-7
-4
-6
-7
28
20
-32
2
3
9
25
-1
9
-11
-10
-18
12
9
2
24
4
-1
-6
-7
6
19
-8
20
-21
-18
8
16
-8
-23
-9
-14
3
-22
-12
23
-16
-3
-14
11
9
-31
18
6
-17
-19
15
-22
-6
17
-13
29
-19
18
-20
-25
16
-21
1
-21
2
-12
-11
-16
-28
-14
1
15
-15
-4
-1
-9
-7
-4
5
-6
3
2
19
10
-19
-7
1
6
0
21
-18
1
-29
6
6
-33
0
-10
-14
13
-32
-18
-18
0
18
-12
-17
-8
-29
28
12
1
27
-27
24
-3
19
28
-9
-7
15
0
-28
2
-12
-3
-4
-25
5
-4
8
-2
-17
10
-3
-11
21
-9
16
-8
0
25
16
-2
-23
-6
-20
11
-11
-6
-6
0
-10
5
26
12
-9
-19
9
-31
8
-28
-6
-25
-24
-15
31
-11
-16
-6
-38
-13
16
16
-3
-30
14
-9
15
25
13
9
8
-8
17
8
-13
8
-31
14
18
6
-23
15
17
-15
5
8
19
15
31
8
-10
14
13
5
-27
32
-5
-23
22
30
-26
23
-20
8
3
1
-9
-23
-17
-6
-22
26
4
8
-6
3
-3
20
-18
29
-9
-15
-22
14
15
-4
5
18
-31
-1
-4
2
15
1
-1
12
4
-16
26
4
3
0
-2
16
-27
-15
-10
-6
-2
-21
-38
-4
-12
-5
4
-1
-20
-4
16
7
-4
2
-24
-5
26
-4
21
-2
2
-7
-10
36
9
3
-4
17
20
-1
6
2
-6
7
-12
25
-11
15
-14
-23
-24
-31
-28
4
-42
12
22
13
-21
-1
9
0
-14
-10
10
-29
-22
40
12
4
14
15
-1
14
-28
7
1
-12
-2
7
13
18
-14
20
-15
13
7
13
17
-7
1
21
36
-14
3
-17
-1
-22
-2
20
-24
-7
-14
0
-6
15
-17
-1
10
-26
8
-1
4
-6
-5
-28
23
-6
6
10
4
-31
10
-30
32
-11
10
7
2
3
11
10
-16
1
-12
1
-26
20
-17
-20
-12
14
-39
3
-13
-37
2
-5
27
10
-21
7
34
16
13
4
8
-1
26
2
-16
-8
3
2
14
-9
-2
-23
17
-31
21
22
21
-23
-4
-12
-37
5
4
-14
27
-10
30
20
3
-1
1
5
11
-1
-1
2
-13
-13
7
3
8
13
-17
5
28
11
13
-9
-23
12
5
25
-10
-11
-5
13
15
0
-8
40
-4
-7
-11
35
-7
-4
2
6
12
-3
17
-12
3
-15
3
-1
16
-8
-14
4
-16
20
3
4
-10
0
15
-5
10
-2
-11
-41
30
6
-3
6
-19
16
-21
-5
12
-3
-3
3
-26
8
-15
18
-31
6
19
5
-10
-30
-13
-10
-6
17
0
15
-20
40
10
28
-4
-7
7
-10
-24
11
1
-3
9
-15
5
10
32
-3
-47
12
20
1
20
-12
-3
14
19
-23
3
1
-4
-11
6
9
-7
30
9
15
-12
-32
2
9
10
8
1
-16
4
-3
-17
-8
14
-7
-5
-9
8
-6
-9
-13
6
-3
4
-18
-9
-4
-7
20
4
16
-5
-32
9
1
-12
-23
-2
-4
-21
5
-39
4
-13
2
2
-9
-2
25
23
-11
-10
-23
14
-5
-1
26
10
10
-13
-21
-16
9
12
-19
-3
-7
9
-19
-17
-20
25
19
-22
7
9
-13
-13
-17
4
3
4
-10
12
-5
-2
25
-4
-31
16
-1
-3
-19
8
-8
-15
16
4
-17
7
-14
14
-4
-16
1
1
11
-28
-7
0
2
21
-10
16
-32
5
14
-13
-11
8
24
-18
-15
9
-13
18
-38
10
-7
29
27
8
-24
33
-8
-40
-25
-21
-15
26
16
-21
26
17
-16
5
8
-24
3
1
13
-4
-7
19
27
1
12
-4
-17
8
4
33
0
3
6
16
-26
38
9
14
0
-25
15
-5
-7
7
-27
17
-3
-14
-1
20
10
-1
-2
-6
-3
11
0
-8
9
-15
32
10
4
-32
-40
13
-6
-5
32
-8
-4
-4
13
19
28
2
-5
-3
-7
10
21
-13
-8
4
-11
-15
9
-23
9
-7
9
16
36
-1
10
-3
-3
6
-31
-21
13
-12
1
-13
-3
9
-20
6
-1
18
6
-5
-17
19
1
26
-2
-4
18
1
-7
-14
-31
-34
21
9
0
0
3
5
12
-13
-7
2
9
-2
-14
6
3
-10
-36
46
-11
1
-1
-2
-8
-5
-4
4
4
-28
1
16
-20
-32
5
8
9
25
15
-16
-1
-19
5
10
-21
16
-2
-2
-37
-18
37
-19
-4
3
-2
-13
9
1
13
-1
-10
4
8
31
-19
-19
-4
0
-3
-9
18
12
4
46
-20
-4
0
-28
-5
-12
-15
-7
-19
-30
-8
-19
-1
-3
-7
-23
11
1
-15
19
6
-40
-21
-1
-18
3
20
12
-3
33
-27
21
6
8
11
12
-15
-13
-13
-1
-23
11
-5
15
-16
21
6
-3
12
-3
5
10
-2
2
-20
-9
-9
-16
26
-10
-8
-24
22
-4
-4
-23
-5
8
2
-59
-14
4
4
-3
-8
-2
-9
-25
18
8
9
-2
3
19
-6
16
-23
-19
12
-1
1
-8
-5
-9
26
-13
-4
19
8
6
-19
-1
17
10
-16
23
14
18
13
-6
0
-27
-5
-7
-15
4
0
12
2
12
19
13
-5
8
-2
-1
18
-16
0
-9
-19
-8
1
-14
-7
13
21
20
-24
10
23
-10
5
14
29
-11
-7
0
9
-22
13
-23
-12
16
-20
-5
-1
-3
8
-6
-2
2
7
20
13
3
4
-19
-3
20
-15
7
3
-9
6
-1
-15
-17
-6
7
-20
16
13
-11
8
-8
15
3
24
18
-6
22
-1
-20
-4
-13
3
24
-13
8
3
18
2
-3
12
15
-34
8
-14
-2
-13
21
-26
8
8
-20
2
15
-10
13
0
1
36
-9
5
1
-21
-37
19
1
8
-2
9
-13
-8
-2
-34
18
-18
5
26
13
6
-14
8
4
4
-33
27
-3
4
-25
28
-17
4
9
13
10
23
-20
28
16
42
-28
2
12
0
23
3
22
-7
-9
17
-23
-23
3
16
15
7
4
21
17
3
14
-10
5
-19
-30
-34
-9
6
1
-13
-24
-6
15
2
9
2
0
-17
0
7
-1
34
-10
21
-12
-8
2
15
-9
-19
-3
4
-7
-12
-14
10
15
3
4
-8
10
-9
-13
20
-2
3
-2
28
8
12
11
7
-4
-5
5
15
-7
-9
-15
6
-28
8
13
11
-11
-16
3
-3
1
20
-6
-7
-10
26
-3
-9
-11
1
-16
-13
2
28
-16
-12
3
-16
-17
2
-2
-11
26
0
-7
-25
14
-8
2
8
-26
-30
-10
-8
1
-35
4
-8
17
6
9
19
11
-24
7
-23
3
-11
1
-10
-18
1
3
-9
-1
20
-5
-15
-10
-20
0
12
12
-23
15
-31
-5
18
11
-16
10
9
3
-16
2
16
12
-19
4
0
0
-27
2
6
-18
14
-29
-25
0
9
18
-19
-10
18
4
17
-27
9
19
24
-4
-11
-27
-24
3
14
16
-8
12
-8
18
14
-22
-31
7
-8
5
15
11
2
26
14
1
0
13
14
-30
-19
-18
3
6
40
-30
7
21
2
-4
6
-14
-16
-13
21
13
8
-13
-20
4
-12
-2
-6
8
4
-8
-11
8
-6
4
-23
5
3
14
-13
14
-1
0
8
-5
24
31
-7
10
14
-4
2
20
-32
22
19
-7
-6
-20
4
-7
5
13
7
0
9
32
19
12
-22
-23
6
-15
-8
9
6
-8
5
-10
-19
11
20
-20
1
-11
0
-22
-31
-2
-22
-23
-30
1
-10
-15
-9
29
5
-7
-18
21
19
8
4
-1
-15
4
12
-16
3
26
-13
5
12
-7
-16
2
-8
3
12
5
-25
5
-12
-33
8
-28
9
3
36
-2
26
19
-6
7
-6
-14
-22
-5
-4
7
-11
-10
25
-5
-37
7
-8
16
35
-6
5
1
-5
-6
13
-18
4
21
-9
-11
11
9
5
-4
-14
0
35
5
13
-13
-9
13
11
-22
35
16
0
1
16
4
18
-2
-9
-3
22
30
-22
-20
-15
21
4
-12
-8
-5
4
30
9
0
-5
3
9
20
12
33
-17
21
-17
11
11
-25
10
-34
-13
-6
-26
21
-6
-10
-9
20
-10
-29
-4
-36
2
11
-8
6
2
6
5
-10
7
-22
5
-7
11
-12
21
17
-13
0
-2
9
9
-13
9
12
-1
-13
12
-19
-4
11
-9
15
21
-40
-6
-2
17
5
-39
5
8
-1
-1
-2
18
-13
-8
29
3
12
10
-11
-11
-6
20
14
-19
0
-8
-6
-1
-9
-4
-14
1
-13
22
-28
21
-5
-48
18
7
-16
-15
-17
-38
4
1
8
-5
-2
-10
17
13
10
14
-28
-34
12
7
-16
23
-16
21
-3
7
-18
-25
-28
-26
6
29
-30
10
3
10
-25
0
19
2
-7
12
11
-25
8
-12
7
12
-17
-42
6
-6
9
19
-4
-4
11
18
5
21
-19
-29
13
-8
-9
19
1
-1
3
17
35
-21
18
18
20
8
35
7
2
36
-17
5
11
16
-26
1
6
-17
8
-1
11
-10
-3
10
8
-10
-6
-3
-17
11
37
-22
-24
-5
10
-6
-15
-4
-10
-28
1
-1
-1
6
15
-4
-5
2
17
8
4
-14
-10
-14
-20
8
19
-7
0
-22
8
1
8
-13
16
-5
19
9
-2
-5
16
2
8
4
9
-3
-4
38
1
-8
8
7
-24
1
3
-7
1
-12
-7
7
-29
-18
-1
-6
17
-15
44
31
-2
10
37
8
16
20
-21
-31
-16
25
-20
-13
52
13
-7
4
-10
-2
0
-2
-4
-24
-9
31
-22
0
-5
12
5
-4
-44
-3
1
-19
-18
-6
3
20
-7
11
1
21
2
25
13
-33
20
-10
-10
-9
25
-22
12
27
-6
19
-9
10
20
-6
6
1
12
-25
5
39
7
-10
16
-14
22
-1
7
22
-10
8
3
-4
-5
10
9
5
24
20
-4
-1
-10
-1
-17
-24
3
30
15
13
18
6
2
11
-11
33
-42
6
1
27
-27
9
-29
-9
12
-4
0
8
16
-12
-12
31
-31
-44
15
-3
-30
-2
-1
-19
0
-13
-27
6
-17
14
-4
-11
8
18
1
-14
22
-11
16
-4
9
30
22
-21
23
8
13
-29
27
-4
-1
-15
21
-4
11
4
0
6
-2
13
-17
-1
-1
2
25
-13
8
0
-2
-1
24
-26
39
-3
3
15
-33
-18
8
-1
15
2
6
-14
2
-2
-22
20
13
-17
22
-21
-9
15
25
-20
-3
-8
2
-11
-32
3
12
11
13
18
-28
4
3
-16
16
11
-5
9
-6
18
29
22
13
1
12
14
4
11
-21
20
-8
-18
-5
-18
-13
23
17
-11
8
5
21
14
-11
-21
-9
2
17
-5
-4
26
21
0
13
30
-29
43
-19
-37
12
-31
-5
39
-12
17
13
0
-9
21
17
18
16
-15
-3
32
-22
17
-6
-2
11
-22
-12
-9
-11
-17
-19
-31
5
-4
14
-3
-10
-44
-14
-6
10
17
6
-7
-10
-17
3
9
40
-18
0
11
-12
1
-17
-11
-9
-9
17
4
21
6
4
9
9
-21
-3
-1
-26
-2
-18
2
-17
0
-11
-37
-23
3
8
14
-21
-28
-10
29
16
7
0
7
-10
-15
20
-12
17
-4
-14
-9
34
19
-17
-23
13
32
-9
-32
-17
4
-9
16
12
-6
-18
12
-31
14
19
15
-16
26
27
-2
-9
-4
20
23
12
7
17
17
-15
-13
-6
-26
22
-16
-18
9
17
16
-7
4
-8
-33
2
-23
-14
18
24
-14
6
-13
-13
-8
-18
-6
8
-22
30
-5
2
5
23
-28
12
7
-15
21
17
-19
2
19
-15
-7
18
-19
2
-33
-10
-14
-3
-6
10
13
16
-19
17
3
6
12
12
18
15
-14
-15
-24
-14
25
37
15
-8
-10
11
6
26
-11
24
-7
4
10
-3
-20
-19
-3
-8
20
-2
-12
20
-23
5
6
29
-6
-28
25
14
-33
-36
-16
-2
5
-12
4
7
5
17
11
-12
-1
6
0
15
10
9
-4
-20
16
5
14
-2
-11
0
28
-15
0
-26
-10
10
-19
-9
22
-13
19
11
-24
-4
14
-16
-32
-7
-1
21
-32
43
-2
-1
-2
-17
19
30
1
-34
-5
-10
-6
16
15
-34
2
7
9
4
3
7
-19
-13
-9
-12
7
7
-5
-4
7
-11
-2
2
-13
-25
21
-21
-10
-2
-1
3
-31
9
12
-7
32
-15
21
-10
-1
-7
0
10
25
2
11
4
-3
-11
-14
22
6
10
-7
-30
15
-7
24
26
25
-8
13
18
25
-8
-12
1
-15
6
-4
-20
4
-22
-8
-3
-11
5
7
5
0
4
12
3
-14
4
14
7
23
25
-18
-16
10
20
-4
-17
-14
-41
-6
5
8
-19
-23
2
-5
5
11
9
-6
24
-18
-11
9
-14
11
31
0
2
-24
-12
3
-3
30
36
-8
-2
-11
-19
-4
4
11
22
6
14
-17
-12
-2
-1
-4
14
4
-11
9
6
24
-3
12
-2
18
-5
2
-19
10
-6
35
-12
-9
4
12
2
26
27
9
17
4
-16
-23
0
1
3
2
-46
-19
22
2
-24
0
0
38
5
-30
-14
-2
0
-20
16
4
-8
7
1
-9
1
6
-22
-2
8
6
12
-11
-7
-37
-8
-11
-25
2
-30
14
-15
-8
4
-3
-9
-32
1
-11
-1
3
6
-1
-17
5
7
12
-41
-4
7
-7
-9
14
14
10
1
-8
12
-4
3
-7
2
17
-4
10
4
-7
-16
-25
-7
20
-8
-1
1
-11
15
-15
5
-2
5
1
-10
-18
-25
-45
13
-36
-6
-20
-23
5
-11
-37
-4
-28
14
-27
32
-17
8
3
-14
-13
6
-1
7
-6
9
-25
19
-10
14
-26
2
16
-9
3
4
9
6
4
-13
-13
19
8
-36
-21
-17
-39
3
10
-25
6
3
7
-3
2
13
-4
4
-26
-8
-12
-15
3
-5
-31
-10
-13
21
-1
-3
-16
-20
15
3
20
4
8
10
6
17
10
-2
1
-8
9
-2
-26
12
17
-2
-4
10
-11
9
2
-35
9
-16
23
10
10
18
-5
0
17
11
-7
5
-11
2
-3
-1
16
8
-7
18
3
-1
0
-4
-1
-5
-4
37
9
5
13
12
38
18
28
-2
18
7
31
29
14
-10
-37
-2
38
6
20
-7
-13
-14
19
8
-2
-5
21
-21
1
-5
7
17
-3
-20
-10
4
-1
-27
17
-7
-19
26
0
-17
-16
-24
-8
12
-15
-12
5
12
-1
-5
-15
24
1
-15
13
-6
-1
5
6
-13
4
-19
-4
-14
14
2
2
18
-17
-11
