41 86 49
0 5
0 28
2 3
2 24
2 31
3 30
3 32
5 20
6 39
7 3
8 40
9 0
9 14
9 31
10 26
11 39
12 38
13 8
13 18
15 5
15 40
16 8
16 25
16 27
17 16
17 18
17 25
17 40
18 3
18 24
19 3
19 4
19 16
19 37
20 21
20 33
21 3
21 18
21 34
22 14
22 31
23 7
23 11
23 13
23 34
24 12
24 25
24 34
25 5
26 3
26 26
27 27
27 40
28 6
28 19
29 33
30 8
30 14
30 20
30 28
30 30
30 36
31 1
31 33
32 12
33 19
34 4
34 22
34 26
34 32
34 40
35 37
37 1
37 13
37 26
37 33
38 7
38 36
39 9
39 12
39 25
40 7
40 12
40 17
40 24
40 27
63
17
4
34
59
39
37
20
25
3
45
68
62
55
57
5
66
42
26
6
23
48
52
69
75
85
78
70
56
73
41
13
81
19
35
10
50
18
0
32
9
38
7
31
67
84
29
82
28
33
54
21
80
15
64
27
16
43
58
72
11
22
14
71
8
40
61
44
2
49
36
79
83
51
76
47
46
77
30
60
24
74
65
12
1
53
10
88
-28
-57
-18
-39
46
16
-37
-21
41
-10
-12
-46
3
-22
16
-85
37
-86
21
-13
-53
-133
13
42
-26
21
-29
-17
13
18
-17
72
1
-4
26
-15
11
2
0
-32
28
-4
-76
24
-18
-26
12
-18
-3
44
13
46
-55
33
-68
-65
44
-31
66
-30
37
-14
11
-67
18
-41
-17
-52
-5
-37
30
-60
33
-7
63
7
-11
25
-5
-22
51
-2
-133
-7
8
32
1
-34
-43
-46
-65
-33
56
86
-16
-25
-12
-5
-16
65
-12
-80
-38
-8
11
10
76
-55
69
53
49
-6
38
25
-86
-33
-24
80
-39
21
-15
3
-22
45
-30
3
-17
12
-31
48
-21
-57
65
16
-1
24
37
-1
-78
52
-21
-12
-132
24
-13
81
-67
28
-90
17
-8
-58
-38
4
32
8
-42
14
17
50
-44
94
-23
84
-65
62
108
-12
-33
75
-61
44
10
36
48
-8
-12
58
-6
7
16
-46
-37
-63
14
62
7
-20
19
-81
5
-14
15
-91
-48
32
41
-36
11
5
38
-32
-76
-25
53
23
-41
-16
38
-56
-70
9
-30
-14
-56
43
10
-2
65
0
-5
-16
-64
-20
22
-74
-66
3
-33
-43
-3
21
44
-27
41
-17
47
8
-20
28
-28
0
-32
-20
-82
56
29
-80
16
-52
-97
41
41
-46
-32
-48
-62
19
102
-65
47
-23
-66
37
91
-16
38
-57
61
16
-31
0
120
35
-50
6
1
12
-4
1
-13
-7
32
-82
65
-4
-22
18
-40
-38
40
-54
54
43
27
-109
20
-47
29
21
45
-95
59
-16
-51
-7
-17
-36
-61
10
-77
44
9
-1
-14
-58
-39
28
42
-44
-36
-45
26
6
-73
9
-69
-5
-31
83
-30
-8
13
68
50
-46
-1
-1
33
5
9
-19
-50
-42
-22
113
45
-27
33
-48
43
15
14
-66
-14
-16
40
26
-92
42
17
-44
45
100
-81
67
-22
1
51
73
-20
38
-22
-48
26
-83
61
34
6
16
40
-30
-51
-108
43
11
62
61
89
92
-10
14
3
-45
51
-35
-53
-42
55
-18
-3
2
-66
-64
38
54
62
55
14
19
-7
41
33
-13
-50
-10
-14
8
12
36
11
-1
-1
43
28
2
-48
24
56
-69
58
-35
20
6
31
-55
21
23
86
131
-78
48
-67
16
-61
-67
-7
-64
34
5
-6
7
34
-30
150
46
-50
54
67
72
-11
-41
-16
60
24
47
64
57
-20
-11
36
35
17
55
10
18
20
14
96
-27
-27
-35
43
46
-37
9
14
-74
95
27
135
30
-57
-44
6
127
-72
24
30
-39
-2
-63
-43
-138
-25
6
-52
-48
31
-21
-17
20
-40
-42
-68
50
-28
94
-87
34
60
-2
4
-32
42
57
-22
-39
-27
32
105
-17
59
-39
45
45
38
-18
-50
52
59
-21
59
-21
-25
-29
-40
30
32
-67
-50
36
-69
-29
25
56
31
-8
-85
85
3
52
-22
11
52
-93
49
-27
-4
5
35
-34
-18
58
-102
-84
70
56
-12
20
59
-30
-34
39
77
-5
70
91
-64
38
-14
63
-12
-30
-100
-6
-20
27
28
10
-51
-30
-132
-10
-57
50
-67
12
-34
19
29
64
-34
24
61
-58
-12
-85
68
25
90
-50
35
-13
12
23
4
55
38
12
32
76
-33
11
-102
9
-11
-18
-62
-16
57
32
13
-78
7
20
-41
45
-39
-18
-30
-38
-17
20
46
32
-136
63
-32
13
-21
-32
86
1
41
48
11
-14
-7
30
-28
17
-1
52
-28
-15
-80
-33
55
-83
119
23
-33
35
22
85
-23
-11
-62
6
49
44
-2
26
12
42
-19
-57
44
142
-19
18
-76
45
-2
-11
25
61
-88
8
-11
-23
41
-37
-35
37
-66
-110
4
21
113
72
-31
47
10
-25
-119
-53
-57
29
-92
17
37
69
0
-48
-20
12
-53
77
-41
-23
6
-4
-29
-22
-47
-80
-37
43
-28
-26
3
35
23
-9
22
-61
3
-23
-94
3
-24
-67
-47
12
-2
10
-41
-145
64
-15
-24
-46
-42
17
-48
35
31
-61
13
45
-63
-22
19
-46
-21
9
70
-84
-41
29
-43
43
-10
3
-86
-60
52
65
-91
43
18
-42
-67
-42
-1
-100
1
20
35
40
10
61
-3
-36
31
22
-23
-8
22
99
40
12
102
-66
-31
2
-93
-35
2
22
11
-32
44
11
44
-5
-11
45
49
-16
7
40
33
119
17
-101
35
-27
-9
-54
-31
-24
-53
14
-47
3
9
-39
-8
-2
61
-26
-120
12
4
-93
37
40
11
-11
-62
-83
-39
0
2
-41
-26
-16
26
5
-26
-65
49
-7
-27
20
29
-46
42
-14
-53
-38
-5
7
47
61
-25
62
6
-22
-22
-26
24
47
-26
-20
40
47
-74
-13
112
28
33
-81
-61
13
-90
-75
-108
16
29
-3
25
39
7
-39
-35
1
-25
-25
39
-38
-5
84
-3
-35
-33
53
69
-30
-36
26
14
11
-20
39
-74
23
28
-7
-48
28
32
-20
101
33
-70
39
-51
33
75
10
-21
-56
-54
10
33
-11
28
-88
11
-52
-24
-38
-27
7
52
-23
-16
-4
-41
-25
27
70
25
-36
31
-35
-29
-5
15
-10
-25
53
-5
-4
74
56
96
-5
-77
37
-59
84
110
-3
-58
-29
95
-1
-66
-60
-1
104
-43
-39
12
-41
40
-44
6
-10
-16
-3
-14
21
36
-112
13
40
-92
-97
9
54
-33
4
20
15
-55
93
-32
5
0
-25
48
83
18
-65
-89
-43
-8
-40
-40
-55
-125
-48
-46
-56
-35
-33
-88
-35
43
-12
-87
95
-42
-89
11
18
-3
-44
-50
-61
-21
-22
94
43
20
71
-79
-36
21
-100
-32
18
15
-18
27
33
52
33
16
83
-19
13
38
-22
17
43
-19
-23
151
-10
51
68
-58
-29
-22
64
28
-50
-48
-165
123
30
-55
41
84
-27
9
7
70
43
-60
31
-47
-63
-35
-35
-51
-14
39
1
-58
25
38
9
-3
66
-35
86
39
-25
-5
71
-22
-107
77
36
46
120
94
-20
51
-18
-50
-97
-23
-79
20
13
59
-33
49
-57
-60
7
-15
87
-3
-5
20
-64
-72
27
13
-24
19
6
-44
22
35
-15
-62
76
75
-106
-107
-6
50
-26
-89
18
54
84
-5
-24
-46
93
-33
13
-2
-25
-119
30
-13
-30
47
37
100
-52
4
8
-23
-61
50
-112
74
-74
-6
-60
-15
-36
85
10
-20
0
-12
-102
-22
29
13
-33
16
-42
-10
1
8
-30
-8
47
4
120
40
30
-6
5
-15
23
-22
34
-45
-1
26
12
8
16
-96
-31
-61
-7
-19
19
38
-84
-13
26
-7
12
-90
23
0
-44
11
60
-51
-44
21
72
20
-85
-58
29
10
21
0
6
35
53
-4
2
85
-22
-39
146
-55
27
35
57
-75
10
69
6
-14
-15
-82
-54
-66
-13
52
-14
-5
-27
52
-42
33
40
16
-112
76
-7
54
88
1
15
-65
8
-50
-102
30
51
17
34
-63
-14
106
35
0
-53
2
65
-1
18
21
29
5
56
-45
19
-7
2
4
-108
-22
18
-58
-50
-9
-28
-5
72
-64
-46
15
-12
62
-39
79
-19
134
6
-37
-72
-4
38
73
-10
-7
67
48
105
55
34
2
44
6
-7
31
56
67
-68
53
-44
51
3
-36
51
18
-20
-7
5
9
-23
75
-35
50
61
20
17
9
-12
22
45
-24
60
-97
12
-58
-9
25
35
71
24
66
-11
82
-40
-36
125
43
-1
-23
-42
-35
-78
-20
16
35
2
-32
61
-1
24
-12
-28
63
-3
30
-55
37
3
-49
-2
-81
7
98
-22
22
30
-38
44
58
-76
-16
-54
13
-28
-102
-17
-69
42
0
-45
-22
24
47
-16
20
-38
62
-28
-7
56
-32
-9
-21
7
101
-10
75
69
-44
13
32
56
12
-32
89
-70
82
-79
66
-20
87
-14
-34
25
-3
29
29
153
44
36
-9
-29
-24
80
-80
72
34
40
7
-14
-69
31
-34
-42
6
-70
0
20
17
-58
9
19
-62
60
-76
-66
21
-23
38
-8
51
38
26
-40
148
-85
-66
28
-3
34
78
7
-54
31
2
155
-19
-1
31
22
48
124
13
13
56
15
-116
-6
-28
-23
32
1
58
-36
1
-36
-16
-30
-72
-90
46
-32
-19
-44
39
22
6
46
-9
-32
25
96
49
-12
-23
-15
65
42
-4
-4
-7
-20
-54
125
-81
61
-53
86
7
-64
35
-40
-111
12
77
-40
17
28
8
-16
-48
-54
-39
9
-3
13
24
61
-23
77
44
-42
8
13
-38
65
-34
-2
-22
-4
-10
20
-48
-35
3
-97
12
-3
18
-54
28
134
79
-8
3
28
-53
15
-63
-48
16
-10
28
124
28
-39
-14
-17
-70
117
-47
69
54
109
72
-14
-33
-76
28
-82
70
65
21
52
-94
50
-71
-53
21
56
-48
-47
-18
-85
62
8
-11
-17
-128
-64
45
43
-15
49
27
-53
27
77
53
27
-16
21
-15
12
7
33
1
-20
7
29
21
-29
21
21
-10
-41
-30
65
86
-17
-1
-110
-68
5
41
30
-10
-56
3
11
8
-54
54
35
-5
11
-71
-4
70
-92
-37
68
-34
72
-39
-41
-18
57
-33
23
40
-45
81
14
29
10
-4
-16
27
28
22
-4
-18
58
-23
76
-35
36
58
9
70
41
32
-32
-70
-8
96
84
17
1
-9
-28
8
-21
46
-34
3
43
-10
64
-45
77
-16
-9
10
26
-14
22
5
69
-22
19
-26
11
-12
70
-5
-35
20
-5
-30
-54
-64
71
28
-5
6
-14
-22
-40
1
28
-70
33
-4
11
-26
-75
-18
-69
12
40
-102
-27
67
41
94
-77
-91
0
0
-5
33
-69
-71
24
6
7
-11
-54
55
34
93
21
-37
-6
66
-83
-21
89
54
96
48
17
36
-42
42
50
-2
33
-84
38
12
41
-31
7
19
41
-54
-36
-19
-10
52
6
-59
-49
-5
87
97
-19
34
-39
-67
67
24
48
54
54
11
-56
41
7
-29
10
41
16
-29
-15
-19
-19
53
2
-121
1
29
47
7
59
-40
0
41
-2
-77
71
41
116
10
-62
-51
107
22
82
17
-15
-35
-49
-19
-8
-75
-27
55
47
-52
4
-38
-22
-51
7
-9
18
40
-22
-21
11
-36
53
67
-83
-75
59
6
-17
57
-37
-2
-9
-55
-85
53
11
-15
-14
93
135
34
-1
-85
24
-18
-50
-116
-78
-43
59
-40
0
110
68
14
33
-3
-62
61
7
-7
-36
53
65
101
63
-46
-28
47
-38
44
39
-58
109
-74
-61
24
3
-50
61
19
73
10
-14
-10
9
19
-4
-11
-1
41
50
-40
14
-69
20
-16
40
59
-11
-7
-18
-28
11
-32
18
4
13
103
18
0
51
28
-28
-13
14
93
-16
-29
-63
-82
27
76
33
71
-98
41
-23
107
29
-1
-9
-76
-25
2
-60
10
0
74
21
-15
-59
27
3
56
92
-55
13
11
19
-54
-48
65
-67
10
59
68
-7
-75
26
14
28
6
54
48
11
-73
56
-60
32
42
-7
21
-47
33
19
-52
32
38
-38
24
8
-1
0
-35
22
-33
45
-37
-46
-3
-62
-70
21
-1
78
-38
-54
-51
54
-24
57
17
-11
86
-72
5
76
-16
70
37
66
23
30
-21
-76
-25
-5
-3
-39
-19
-27
16
-63
-57
44
13
71
43
31
17
65
-50
-76
83
-24
10
-58
39
-48
15
14
-64
-34
-67
4
-11
69
131
-42
79
48
30
28
21
30
-37
2
-15
63
-12
3
-148
-76
-18
-3
43
3
69
-59
49
-2
23
-25
-8
50
61
-13
97
-68
1
17
3
44
30
11
23
-55
-43
-68
-6
-43
27
-12
-9
35
-44
-54
-32
-86
-16
-60
-68
-53
61
-34
21
49
-18
30
-31
-22
-23
6
17
117
85
-26
6
-34
-5
7
20
13
-35
82
-75
23
-34
-65
-19
41
32
-10
70
-9
-49
-115
-14
8
-14
6
23
-41
10
-5
-68
96
25
87
-36
-38
5
113
10
99
45
3
11
16
59
9
51
-37
79
75
-40
10
15
-107
15
40
52
-43
26
40
8
-66
-35
-72
-23
48
5
10
-1
80
-83
-7
58
78
-1
62
39
7
-48
47
35
-89
-37
3
43
-96
-55
-42
-38
-53
73
16
40
-38
1
34
61
64
-10
7
-6
31
119
36
0
-72
-32
-58
63
90
110
-26
-19
40
14
27
-34
-51
206
39
18
26
39
-123
5
-4
-29
-41
2
-52
26
-21
-43
-8
-94
-34
15
-7
11
-52
-19
26
6
-64
-61
84
-32
-23
28
3
76
-29
-52
2
-92
1
-56
4
-72
45
59
55
80
-38
14
-2
-27
45
61
-24
25
35
3
-26
-59
-42
20
-64
69
42
57
-40
67
14
49
-20
29
12
24
-39
-115
-11
3
-29
-4
-21
16
4
-106
-4
-37
-60
27
-7
10
-31
15
26
31
-64
6
39
-96
103
-17
51
-46
34
-37
6
21
-42
7
-21
-74
-51
-75
-52
-53
36
23
37
-72
-59
20
-25
28
2
4
-83
28
-7
27
-9
19
-4
-26
72
-94
-33
-35
54
-17
-78
70
48
-42
-58
21
-34
-21
29
-23
-74
-77
32
3
-19
10
-140
-60
43
-25
-2
-9
56
8
85
10
-2
-12
-55
15
18
-68
3
16
-74
2
-15
-50
-42
-96
29
13
0
-2
-14
-18
75
37
37
19
4
59
-50
-36
-3
-26
-85
59
19
147
16
-9
31
-40
53
-21
7
121
3
3
26
-6
66
-4
51
62
-11
20
30
17
-50
2
-53
-50
40
61
22
10
11
2
-1
-51
-15
-15
54
7
92
57
-39
-50
-35
-34
22
22
-76
-39
10
16
25
-55
36
-4
26
-11
27
60
-10
-19
-30
-21
-65
-96
-26
-46
101
-19
-33
-1
46
8
65
22
-42
-23
-6
9
11
36
-2
23
-79
31
-26
-86
-41
84
-28
27
-33
-60
101
-32
9
-14
-32
1
28
13
17
-10
-9
-35
64
-60
-20
-79
-33
20
70
35
38
115
24
32
100
67
35
-48
42
16
-31
-15
-70
-51
11
6
-30
6
56
23
-2
59
-4
-12
-24
-96
-29
-77
-19
-1
-119
-53
56
-15
26
-33
52
-17
-71
22
-73
-14
-5
-43
40
13
129
45
2
-31
37
-33
54
39
54
-6
-15
-149
48
57
1
-1
-106
-73
39
-1
31
-29
-13
-104
48
53
-61
36
28
36
-125
45
70
16
-18
59
-63
62
33
13
3
-30
-38
63
13
49
28
-12
13
-40
-65
20
-61
35
99
-21
16
95
-26
-6
-22
-48
26
-63
51
-13
34
8
-2
8
-16
36
69
-39
100
-38
33
-85
-45
-14
50
-36
14
34
6
-27
58
-11
5
-38
16
10
-73
18
-64
-44
60
26
9
-2
-142
-118
-77
-87
-15
4
20
15
28
4
-13
-12
-94
-3
30
8
-8
61
42
-46
-9
-37
-38
104
70
-48
36
-79
-6
-15
-61
44
48
-56
4
-33
-39
-84
51
32
-16
-39
-66
-44
-53
-30
119
27
-13
6
26
-77
-31
17
-14
-23
43
62
4
54
24
-27
-39
24
53
-146
-23
13
-95
-35
56
2
33
-71
-12
56
-75
110
21
0
80
-4
23
27
-10
19
-43
32
38
92
-8
111
-64
-38
-40
2
48
-51
24
16
14
-48
2
16
73
33
-68
-39
-35
35
-20
-52
24
-72
92
-5
9
23
-32
62
11
32
-6
57
10
-80
-33
19
8
-33
-7
-48
-28
-20
-94
-65
38
38
-69
9
92
17
-56
73
106
-26
12
7
-22
-14
7
-22
-20
17
-116
8
63
-38
33
-18
17
-11
0
135
18
50
2
13
-35
26
27
43
-55
-12
108
36
20
-29
22
71
-99
-7
-102
-17
11
-24
-36
11
-100
-47
-55
-3
-21
5
-42
79
-36
18
35
-85
-129
0
-32
45
-56
60
42
-17
-7
101
53
-85
-79
-46
-56
41
-5
-9
35
-29
-17
-62
50
0
21
14
41
86
-21
6
22
14
10
-17
9
-9
29
-36
36
4
-44
45
-48
-42
112
-24
-7
22
28
9
20
6
14
110
-29
-41
0
29
-41
-54
-39
10
-43
12
85
21
-51
-8
118
31
27
-75
22
-91
26
89
16
-44
8
32
45
-65
-42
-2
10
-17
44
-65
42
80
-27
-13
-106
-1
17
-71
-105
24
-34
22
-29
4
0
55
78
25
8
15
9
-24
1
6
-27
92
-63
37
-69
59
11
73
13
12
16
0
-28
-61
-47
70
-34
-7
-28
-55
-33
6
-27
-37
-18
-63
-54
-28
40
125
-17
-82
12
-15
33
30
47
62
26
3
-51
-44
-15
19
-21
-2
-66
-23
-85
3
69
-95
20
41
-98
116
-138
-77
21
6
-42
-48
-50
-31
-27
-48
30
-16
-7
-55
-46
-33
-135
-10
71
-2
5
0
-76
36
77
-32
-56
9
34
26
-62
21
46
79
-11
34
65
-49
-79
-10
-4
16
-25
-45
-2
14
-90
-23
46
-2
5
-39
-55
14
-36
29
2
-61
-32
30
-2
19
15
47
0
12
60
-43
52
7
-52
4
-8
-46
52
-36
-59
1
-47
-28
-52
-42
-32
-86
-23
-71
42
-3
-14
29
-75
-49
17
-56
45
53
50
-62
19
-21
48
-41
-46
-107
48
68
-28
-62
50
3
39
71
-57
-10
74
-34
-23
-1
-18
21
23
-22
-24
-73
-7
-23
19
-53
78
-22
32
-49
58
-40
15
-29
-44
36
45
6
4
41
-17
-46
7
60
6
-35
-52
-19
11
-26
-86
-44
65
-46
-27
-25
0
-8
42
-7
3
6
5
16
30
61
-23
0
-65
-42
28
-48
29
-47
28
-7
20
53
-29
-41
-63
56
-57
-49
-22
60
-65
12
-44
-39
31
-1
-48
2
32
30
12
-27
-9
80
-20
66
30
-69
8
37
-20
11
-53
-63
-18
-20
5
13
19
75
-109
-78
15
-118
30
66
-37
29
9
-18
-19
-36
22
16
48
29
-4
-66
-120
-70
-7
-6
23
79
64
35
-34
-61
21
-8
-44
69
74
2
41
-94
52
40
-8
119
-24
-33
1
-18
54
67
78
-69
41
-20
-50
-28
26
-8
2
-10
-39
-28
-9
-27
-48
85
24
21
-2
26
5
40
-72
-6
15
-32
-25
-32
-1
9
-48
-35
-10
8
5
52
-17
-70
56
-27
-37
-71
-7
-42
53
-7
52
29
-23
79
14
-4
23
-111
13
-27
26
-2
15
16
8
-10
-65
-7
-2
0
10
-78
3
19
87
-19
-43
22
10
13
62
-131
-42
54
38
-10
43
8
47
38
-55
9
-54
61
-14
35
14
21
-108
-51
-7
-34
21
-102
-8
-51
-15
76
-41
43
-11
-27
-72
-33
-46
26
67
-67
-145
4
64
10
-8
8
4
-13
-24
21
-28
51
38
10
-35
14
10
34
76
42
20
-97
19
-7
-17
25
28
-31
-59
-14
-21
-19
52
-16
-32
78
26
3
-51
15
44
-79
9
42
-123
51
-9
6
39
30
-33
-40
-2
95
-49
-12
-30
12
76
-3
-18
-122
26
53
-32
26
-6
6
103
-25
13
16
-24
60
5
-22
0
12
-116
-6
31
-29
-34
50
-62
-15
81
35
-27
26
19
0
0
22
-11
56
20
68
-20
12
72
-44
-89
44
5
9
-37
-108
-85
-2
30
-20
28
36
61
2
-30
10
35
-32
-27
80
-54
-68
23
21
-21
33
36
21
-69
47
36
-3
65
71
34
-76
82
-18
-20
-159
71
-32
22
-39
6
-65
-36
25
24
-20
-26
-55
-72
-24
-46
13
73
14
13
-41
64
19
-46
118
41
80
-1
-11
41
-12
-38
71
-29
-7
15
-14
-167
-17
-85
26
-134
-23
-55
-63
83
-23
8
23
7
-17
-51
-38
33
-59
22
-57
37
-40
-39
35
-49
60
-12
-4
15
-43
51
-15
-17
69
93
-122
-64
-5
-35
21
83
-16
74
-90
80
66
12
-118
-28
70
-33
-46
-33
45
-6
-23
-66
58
-135
-28
-90
1
-34
-34
-62
34
9
80
-38
-25
129
47
-96
2
9
-40
-40
34
-32
24
32
29
-50
-99
-95
-19
-67
35
-1
7
83
21
-57
15
55
-64
-149
19
11
-45
10
-57
-51
21
-41
42
34
-31
-33
44
-48
84
-60
10
37
35
33
17
24
114
-145
-100
66
63
-23
-60
-58
23
-8
23
71
-28
-12
-13
31
71
24
-15
-42
83
30
-16
-12
-8
-20
-10
47
-31
28
-131
50
11
-35
-5
-62
-13
48
-2
1
-16
-9
26
33
-66
-38
-48
-36
-12
47
10
14
6
58
-90
51
15
29
-1
-15
19
-24
-16
-38
6
-78
-81
3
31
85
-19
-75
10
-39
-93
-73
-85
18
-75
34
-4
77
61
4
13
-43
-47
-13
31
12
-54
-33
5
1
40
38
64
-20
-42
58
-50
80
-57
16
-29
-36
16
-55
-10
-39
51
26
61
-45
49
-41
-28
42
30
112
18
41
56
-6
-69
-31
18
11
2
-71
22
32
-63
-96
-78
9
20
52
28
40
-18
5
26
-48
-51
21
-107
-50
-121
25
-9
47
29
-38
-60
44
52
6
50
7
-2
-111
-30
-56
11
-32
15
-25
-41
10
17
7
-36
-33
73
112
72
-52
-4
110
38
-69
-60
-55
-13
131
-25
-22
-32
-48
-66
-7
16
-99
-17
-15
-62
-75
13
47
54
-49
10
16
-16
18
5
-66
-52
-37
33
47
10
32
45
105
-13
71
42
-31
-15
73
-63
8
1
-78
55
-42
-26
-70
-6
0
-14
-4
30
31
-116
11
38
-110
-96
-3
-42
-3
33
72
-67
-36
-31
32
5
48
-29
20
9
-29
4
21
166
-31
-30
-75
9
-49
8
36
22
-39
-60
85
-24
14
36
43
-83
5
-13
44
9
-69
-89
79
18
21
-66
108
-52
49
80
-24
-53
58
71
-64
-33
-59
32
-27
23
3
88
43
-40
53
14
-62
-52
3
10
-34
23
-38
-69
-37
112
-60
96
-8
67
71
-71
114
-32
10
10
-18
38
51
83
-67
40
29
-34
-30
-40
-7
116
20
57
-6
24
-21
64
-64
2
59
51
-112
-29
32
63
22
36
60
33
24
-13
-73
-72
10
18
-81
-3
5
-11
15
-13
-17
-28
15
45
12
35
-98
-45
19
5
13
69
6
-41
-24
-59
-34
45
9
-80
60
-7
50
-5
16
-10
21
-44
-24
-22
-17
3
-61
-29
57
1
29
49
-10
5
64
0
-13
-46
43
-51
-28
46
69
-39
-13
22
15
9
-41
59
10
4
-86
-53
-86
21
-30
84
4
19
-76
86
7
-1
-29
18
-42
-88
-135
-12
-61
-10
12
-1
-56
-55
-44
-135
3
-36
-63
-35
90
25
-38
-1
-44
81
32
33
-34
8
139
-22
-31
63
-118
18
-27
101
-79
88
-29
78
12
-19
-22
3
62
84
1
81
-45
17
20
-33
28
-80
7
30
-59
-61
-4
3
4
39
-11
-20
69
-4
-33
4
-40
-48
32
-10
-23
-26
-94
-47
33
-91
-16
2
75
44
44
16
-5
74
0
-35
46
23
32
21
20
-33
35
27
51
37
24
-22
87
-30
6
-29
-127
-87
-11
-62
-72
-8
-99
-59
24
-55
-47
-64
69
38
-22
-8
60
46
55
51
-1
12
-27
-34
15
-45
3
26
-7
47
-19
40
-21
8
25
23
0
-45
30
8
-10
-6
-12
-10
54
23
-19
-11
20
-7
82
0
9
38
-28
-44
3
39
40
62
52
1
69
-27
34
6
18
38
90
80
23
-31
-63
-52
27
-47
-13
-22
-21
-39
153
1
-13
-47
23
8
29
-52
-65
2
-42
-74
-22
53
19
18
-30
26
12
72
-22
13
31
-22
15
25
14
38
69
3
-20
46
70
24
-59
10
-22
-17
-38
71
19
48
75
-20
-52
-20
-76
-16
4
-6
-78
-33
-4
4
-28
-21
24
-15
67
2
35
-17
23
48
69
12
16
-107
-113
-53
-89
-23
62
30
-66
40
64
-21
28
-7
44
-52
-22
31
46
5
-17
47
28
-66
23
1
7
54
-4
-16
39
36
-15
-21
49
-26
-56
-39
-42
4
-26
-110
-50
-52
47
-52
8
36
-3
35
69
38
2
-77
10
-58
-48
-102
-13
-16
57
30
97
-45
25
-45
2
92
-55
-41
-40
-44
-5
-51
-47
53
42
61
15
51
18
-13
-7
-95
6
-11
-45
54
23
-20
-10
-101
-23
28
1
60
57
17
63
-27
-54
7
-20
101
-26
-31
27
46
-10
58
-3
40
-34
10
32
3
47
-19
58
26
0
22
39
-105
-63
-17
-57
-6
-13
71
13
-41
12
48
31
25
26
-10
-5
-11
-12
-37
-47
-6
-58
27
-137
43
-130
62
16
14
-25
96
83
2
-70
99
57
-62
-24
83
-1
-13
-49
-83
-86
-46
58
19
-15
26
14
-8
-33
-71
-42
25
95
58
14
-66
-6
25
-60
7
2
80
34
-32
-3
-4
63
-91
-54
30
-30
16
-54
75
30
-80
-36
-7
64
-55
-84
54
-56
-81
-16
90
53
-63
67
20
20
29
-77
-16
-3
4
5
-97
39
110
59
9
64
2
11
35
-42
16
73
40
-17
-40
-34
-79
76
-17
-20
42
3
9
83
-9
-12
44
-52
21
36
-87
26
-11
54
-45
78
78
-11
50
-53
115
38
-15
60
67
32
-23
8
-3
-27
14
30
53
24
93
-49
2
-59
-42
2
51
-14
-74
63
-37
67
-16
-16
27
13
-110
-18
-49
-24
63
-41
79
7
17
34
-13
26
-12
-40
-117
-35
-51
13
79
30
78
-37
-8
30
-21
-72
61
-15
-32
-20
-22
26
43
67
-38
-17
53
-14
71
-20
60
-37
144
-32
46
-48
25
89
-23
-42
39
57
4
-8
5
-9
101
65
34
-34
-32
25
24
75
-50
25
-48
-36
2
-77
-27
71
-17
-64
-12
-17
-10
-39
-97
104
-37
69
-16
18
-68
-5
-40
-13
-31
-51
-13
-9
22
-34
37
-29
-84
16
25
86
-91
-18
-27
17
7
35
-6
-37
23
42
-24
51
18
29
1
-58
18
88
14
-40
40
103
-47
7
-39
46
-61
-25
-29
-28
31
-105
29
68
-10
49
3
-52
-91
52
13
-37
62
27
-72
59
15
-44
-90
35
-53
-48
8
-40
108
-34
24
75
41
32
-45
25
20
-13
-60
-31
20
-70
-32
-49
33
25
15
14
-28
-20
30
156
-62
40
61
-79
-2
32
-12
-23
-42
-25
-30
12
102
-71
-42
-102
30
5
29
-13
32
-76
-46
19
-109
-74
23
-48
-26
6
-48
34
12
-11
46
21
-47
77
5
-20
16
-89
-7
67
67
-68
-27
8
95
18
85
-108
-55
66
-34
-47
16
31
-40
-37
-23
-39
-34
-17
-120
-106
-6
50
10
-51
-22
40
14
9
-21
34
-107
20
4
26
-15
40
-69
25
18
194
-6
17
-46
37
-119
63
-47
-45
66
-4
-48
-5
-13
49
-54
13
17
-15
27
-59
32
34
42
-74
88
-108
4
89
-4
-57
35
30
-17
-19
-55
55
67
97
26
71
-47
37
-53
-15
-65
62
-8
93
72
93
-18
-19
26
72
30
-37
-69
-50
-12
92
-78
62
80
2
-26
44
-12
-68
-26
-12
-5
-37
27
-38
-8
-88
101
-107
-66
-50
57
-17
-26
-37
-53
4
25
90
-37
18
-9
43
-9
-34
24
-26
9
61
-2
32
-78
14
27
24
-23
-57
46
55
-89
22
-88
108
-26
-114
12
-34
21
2
98
39
37
-34
-28
37
-20
26
-49
30
-117
-6
50
-19
-57
-35
-14
32
-7
26
-1
-46
59
-52
81
-23
-54
21
-92
-31
30
-47
-71
28
-74
-61
42
-54
-17
-34
-7
21
2
32
44
64
-16
41
20
26
-9
51
9
59
-38
2
-38
-81
143
20
48
-24
-9
1
-28
50
132
45
-127
35
-28
5
-19
68
36
-79
-79
-76
61
-21
-8
72
-4
-34
-64
41
6
-12
83
49
17
61
-14
-59
35
16
-4
1
63
14
61
6
-31
-6
-21
68
-1
128
-55
0
-40
-30
-2
-31
-30
111
-17
-52
-10
30
-35
-45
17
-15
-29
-78
54
60
17
23
28
1
21
-23
-63
-70
53
10
-76
-87
-51
-25
33
-27
39
25
7
-12
-28
-16
6
-17
-34
-44
7
1
70
-40
7
-22
-23
-32
101
-96
-116
13
-10
11
-53
46
-78
-26
-52
-87
-7
4
49
-38
17
-11
28
-14
-20
24
-46
23
-35
-16
21
26
32
-14
45
43
11
-64
-25
4
-91
43
35
28
-14
22
55
30
80
-63
20
-86
-6
-20
34
-72
1
39
13
-57
53
41
-13
29
25
-29
-9
-73
-47
46
-10
24
3
-58
-48
-77
28
-69
35
-40
-67
13
100
-27
66
-12
-57
23
-38
7
-105
18
40
-28
93
34
31
78
-4
53
37
34
32
53
-37
64
-63
8
17
-19
65
9
94
-32
-45
-33
-32
-72
53
25
-14
16
28
-28
94
-89
13
72
6
-23
-27
-14
-68
-97
-36
-61
-58
-56
6
64
37
-5
23
-10
-20
40
15
-85
64
-57
-29
11
-46
-105
-42
-40
-26
-50
49
-21
-13
27
-11
15
62
-91
-53
11
-71
-16
4
117
-96
-55
-35
-88
59
-7
-81
54
-38
-2
-66
22
39
61
71
57
-45
-7
3
-43
-42
-5
72
35
21
5
59
12
-17
-7
-23
-46
-84
-37
-11
-1
-27
91
-40
44
2
-22
14
-44
-79
-100
29
-6
-21
13
30
-39
12
18
-41
-5
7
29
15
34
-19
-20
57
2
-88
54
32
82
-21
65
29
30
-14
-58
-29
92
-47
13
45
-2
66
-11
74
43
-17
15
76
21
-30
5
65
29
-1
-25
10
-1
35
106
-70
39
-12
69
-99
-22
-68
-33
-3
48
23
-46
-56
62
5
-36
-59
-52
14
-33
47
-8
-49
-24
-7
-47
44
32
9
-32
93
4
21
36
101
-20
-15
8
-36
-84
34
-46
25
-15
35
-3
12
23
-92
22
-15
-112
-43
-6
1
-12
-20
8
-20
18
110
71
112
1
15
-1
16
2
2
12
-100
32
-62
75
-38
-89
9
-97
41
44
12
-82
-41
45
-23
14
-138
17
26
24
7
-68
-37
-95
-22
-28
13
36
10
-4
51
-27
9
92
32
-30
77
27
-6
-101
-77
43
20
11
-9
-43
10
54
11
53
73
-62
8
32
-20
94
4
-10
6
-79
-17
20
-93
70
-43
95
-30
-91
6
-73
14
-57
-55
44
26
-83
27
69
-4
-39
-21
-40
22
-9
-26
121
17
-32
27
-17
37
-48
6
-77
26
82
13
34
10
-12
-28
66
91
22
-78
-52
95
-41
-1
-20
121
113
-28
-24
45
-12
-63
-33
-33
33
7
66
55
-62
-63
51
54
99
-12
-4
2
9
11
-18
-20
1
13
26
-21
-53
34
49
-49
-6
-37
9
-49
9
32
-18
5
-27
-8
13
-57
-92
55
3
-47
-62
4
2
-26
18
48
37
95
36
-13
-13
-28
-13
-2
52
-12
-23
62
-83
11
-83
6
132
-46
-81
63
-51
-67
17
-18
31
21
126
-43
-36
-4
23
-4
60
-54
-39
-23
46
29
-30
28
32
42
-60
69
51
62
-7
-26
-69
-10
19
34
16
-22
-19
100
1
-39
57
32
-86
-1
-89
19
24
-62
13
8
6
-24
-95
-63
-43
-35
-11
-2
2
44
49
-46
-86
-39
-42
-24
-56
33
-40
8
-63
10
54
-4
63
-18
94
-72
66
-31
-43
-25
11
-12
2
28
-41
-5
-39
56
-110
14
-43
-108
18
-56
-21
41
-22
-137
-19
55
-94
8
-22
-132
-2
-78
-64
-44
-58
-32
9
48
25
38
24
-32
4
1
-31
-27
-21
-86
-23
122
49
-16
35
-58
-4
-27
61
-17
18
25
-56
-44
-47
-42
34
-18
28
43
-45
18
45
6
-43
-1
26
1
57
-86
83
18
-5
3
-16
-36
-12
1
-38
5
63
1
49
20
42
20
-32
-55
6
-62
-54
-63
17
-68
53
-38
-2
-14
40
91
11
-32
-33
-17
36
-48
-9
88
2
-4
65
49
-77
-51
-35
66
-31
-13
8
10
-32
27
-45
-64
41
-16
23
-61
30
-38
18
-2
-58
-41
71
-54
23
-12
61
-44
31
62
66
-15
1
-2
58
86
-4
-27
-12
-12
-4
-14
13
38
22
7
106
-23
25
8
-18
-75
38
3
8
-60
-15
-8
50
103
-44
-45
-26
42
-77
20
26
-61
80
64
-6
56
-115
0
30
40
-76
-59
53
15
-27
65
12
-81
48
64
4
52
-22
16
4
-16
3
31
81
26
93
125
22
-42
-19
-58
60
26
20
103
91
-42
-7
-10
36
-75
75
42
29
21
-18
37
4
-73
0
-8
-17
8
-39
-41
9
82
-38
-3
-38
-45
-9
76
50
-62
-48
24
0
50
83
-84
53
7
65
7
78
-11
44
-81
20
6
89
21
43
2
-96
-47
-15
8
-53
9
-2
74
-36
-32
124
36
61
61
14
144
-17
4
25
-12
-43
12
44
105
-86
40
34
-51
-32
30
-5
-65
91
-21
14
18
21
12
-19
-14
4
-6
44
-110
53
-17
-65
-1
-41
-35
-37
39
44
-71
-23
113
33
3
-60
43
-1
70
-59
-16
-70
48
62
45
-124
21
-19
1
9
-10
6
15
-53
-88
11
53
-121
28
27
30
-21
-3
-99
39
-41
-62
42
98
-62
5
-17
12
-47
20
-11
47
-47
-52
-76
73
37
17
-98
-82
51
-108
28
-29
-70
-18
-175
16
19
-1
-14
33
-65
2
-21
-24
111
-77
12
-60
-2
-27
-2
14
-36
-15
77
56
-52
-46
-43
-53
-1
-1
-55
28
59
48
-33
40
20
-27
-91
29
-17
-42
1
62
-12
46
11
-10
-26
-15
51
2
-11
-62
-11
-48
14
37
-59
-19
54
15
-31
40
-18
39
-1
4
44
-46
-45
60
48
-1
10
22
-28
68
-110
89
23
0
-71
-22
15
101
33
41
-55
-38
-72
-12
31
74
-30
4
-8
41
-41
-41
-31
-39
47
91
3
-60
-67
-16
-120
-135
57
8
-70
-56
9
-46
-39
49
-140
-26
-27
12
-17
37
15
-51
8
-85
-30
-67
-17
45
44
5
1
-3
70
-50
-33
-2
2
-51
85
18
5
9
14
-17
-54
17
27
11
-51
-35
-2
-77
-40
31
-102
7
46
65
24
-42
-10
-13
97
-59
2
32
71
-11
8
-30
61
-25
-73
4
-70
-9
-106
52
-46
-27
-19
-70
-56
62
17
31
38
-58
55
-46
47
77
76
47
63
-13
45
9
-45
-93
-43
14
30
15
-77
-8
67
6
-2
60
-22
22
-20
77
43
-68
84
6
-34
21
0
34
-4
-4
64
-108
-40
-39
54
26
10
-38
17
-4
-110
40
-3
11
-3
17
-12
7
1
55
112
12
-7
111
30
5
-67
45
-33
-25
3
32
69
-8
-44
-12
12
-40
-18
-32
-38
-9
-21
-22
-29
158
49
-34
-74
-7
11
16
21
-37
-81
-50
49
-27
59
92
-32
-74
5
-9
-36
-10
-68
-61
8
-17
11
-11
-23
-43
2
-54
-10
45
-43
-43
-2
-90
-2
37
18
70
-126
-150
17
1
8
-32
16
-28
-72
-14
61
-11
22
58
-39
-13
63
2
56
-50
40
18
82
60
53
-83
-70
41
-57
18
22
-20
-17
38
2
-77
-75
104
-63
-21
-54
-71
7
58
133
26
-25
90
-77
34
4
-105
-38
-52
-15
-68
136
11
-32
49
-12
-39
-87
-83
20
15
83
0
11
28
-10
20
42
8
-14
-14
38
-93
-28
53
-58
-13
7
-40
-32
37
10
6
-29
-51
61
74
-50
-32
-36
2
-3
17
29
35
16
14
43
62
-14
-29
-1
-4
84
-27
-15
-36
-64
79
63
9
92
37
1
-119
7
-27
-8
3
-4
23
-58
73
-2
-32
-40
-71
60
23
15
-22
16
-10
-63
6
52
-9
65
-69
-24
13
-86
47
50
-14
42
80
54
-22
-116
-7
116
-97
81
22
-58
54
17
11
-42
-11
-9
-25
55
-23
71
-20
-83
7
65
-59
-45
-30
-5
-7
-29
-13
-19
-4
33
-40
-2
-4
-2
63
24
3
5
-2
9
1
10
-39
-2
-83
-13
4
-37
8
1
-34
2
16
-1
51
76
11
36
-78
-27
-17
81
27
-28
33
-99
-2
-27
33
-16
-84
0
-33
30
0
-6
-103
24
-2
3
-66
-68
13
22
-19
-71
-52
-26
22
-9
-36
40
-22
-39
14
-8
21
-17
11
17
-13
117
34
-20
-21
5
-72
4
-19
-124
52
27
1
47
-49
-28
74
3
-117
53
17
13
-22
32
-77
64
48
-64
89
-20
-55
24
-16
-8
-41
32
4
-69
43
-3
-45
-18
21
-28
68
11
-3
11
18
113
-24
-76
23
52
-35
-82
46
-43
-102
-85
29
-16
-94
-48
34
53
53
-30
-68
16
-44
15
-23
59
-36
37
3
54
-41
55
-11
-97
-12
-13
-116
-4
15
47
-9
-38
53
66
24
-47
-60
-7
30
32
33
1
85
-109
39
134
-52
-67
-23
19
18
51
6
30
9
16
30
13
39
-27
2
-96
-9
21
-40
-65
-15
22
-63
-3
-29
8
-31
-23
37
-43
-3
-26
-61
4
-106
-1
90
13
-49
-2
-37
115
74
-72
7
14
-80
-35
-45
-10
10
-132
39
-124
-5
-31
-28
-42
-23
-102
-5
31
40
9
-59
-88
52
-39
7
-41
37
-5
18
-13
67
11
-38
34
46
-44
-94
-32
16
-26
-58
11
-40
11
-38
-40
5
8
60
-12
-15
35
-37
11
-2
31
10
-22
-51
63
46
-11
-2
-40
2
-75
-13
-9
-61
-69
31
21
-29
-66
-20
-102
-45
-54
-30
-11
-24
31
-15
-52
46
-8
-34
-6
89
-25
54
66
26
-16
-20
38
83
-24
59
32
-15
-22
-11
-16
-64
21
-49
-15
35
34
-11
2
-22
47
5
-21
-17
-32
-36
40
-39
60
-25
-54
-34
9
63
34
47
-12
-42
43
-41
-55
-31
-8
1
-74
0
29
80
-22
5
54
11
-37
-16
70
-6
40
-50
-34
-32
-117
86
-20
13
-6
37
4
31
-18
15
19
4
-12
57
-51
-12
-64
25
-5
-29
-94
-28
23
2
10
44
-39
-68
21
-80
-8
45
9
66
-24
4
-6
-67
-43
-31
-6
4
-11
55
-66
4
15
6
-39
23
41
62
22
35
-11
-29
31
113
-64
-96
-67
4
-28
14
-22
-7
37
-39
-59
-40
77
17
-29
38
67
11
5
46
12
-65
34
13
18
-19
14
2
40
-21
-32
-5
-108
81
-9
-2
-55
37
79
15
-46
37
44
31
-28
17
50
6
71
11
-13
-42
-26
5
-12
-83
-88
-66
-26
-11
8
-30
10
7
-90
-16
-25
44
38
22
25
5
13
12
54
-5
29
10
1
30
63
43
-9
38
-84
52
-27
77
16
65
120
55
99
7
-8
-9
-25
61
-52
-67
-4
-30
-45
71
-48
22
-32
55
-43
6
5
52
32
109
-67
-39
-17
-53
43
10
-71
48
79
-75
-73
-1
39
18
105
74
65
-55
27
136
107
-31
-46
38
18
-4
-83
6
94
15
-19
8
8
-46
9
22
-39
-59
-31
-19
-12
-159
2
49
77
-9
38
-38
-60
-16
-5
-46
-78
-23
33
-20
-14
-99
-21
-30
-18
-32
-47
-28
-14
-14
61
-67
74
45
13
-6
9
-44
23
-4
46
-62
-56
19
1
94
23
94
18
17
-13
61
-31
-62
-41
-14
-14
-61
30
-9
-88
-4
45
24
30
-61
-4
-7
71
25
-12
8
64
6
29
-24
-28
50
25
-6
7
-34
-84
12
-10
0
-35
50
27
40
-46
156
47
-69
-23
-28
9
27
40
-59
86
-79
-41
-84
7
17
45
86
64
15
-41
59
-26
100
29
-17
-33
71
-20
-141
-17
-7
39
-48
19
34
9
44
21
-56
19
38
-124
20
-8
42
78
-53
59
-21
-82
26
56
-5
58
-60
-2
30
9
-27
-21
7
-78
-47
7
-63
31
-69
34
36
-57
17
54
-27
30
-8
38
-17
11
11
36
104
1
-35
108
-65
-47
8
2
91
50
30
33
-66
-35
1
9
24
-10
-95
54
-34
-11
128
-24
-30
19
-30
-40
55
65
52
-33
-28
11
-38
-31
5
-26
-25
-3
32
-60
-4
48
42
-6
0
47
-88
1
-30
-19
58
65
-8
31
164
40
26
21
60
65
-32
41
9
-61
66
48
-12
-68
-65
-16
-77
21
17
-25
-37
68
14
80
-10
-66
13
-18
-74
75
-45
62
-77
69
-33
50
81
11
-3
0
-10
35
17
-3
24
-31
-51
-40
5
64
99
-24
-28
39
-43
-77
-17
-41
35
-11
50
61
7
-23
-55
-34
12
14
3
-17
162
-58
12
-25
12
-7
-26
-67
-92
-13
-60
-80
-23
53
-74
-1
-9
-54
3
-27
77
24
-50
-10
-12
55
84
28
-82
-35
-13
18
12
-111
24
-28
24
-10
71
67
57
42
49
-8
48
-47
28
27
-53
-6
74
48
-39
-69
-71
2
52
-94
-11
-48
-38
-38
-89
11
-32
13
-39
16
-107
69
30
-22
-6
42
-3
-21
-30
13
-9
53
-24
22
104
-64
-30
23
-18
-35
-70
-35
52
-48
23
5
-8
-24
-66
62
91
-42
-66
-23
10
37
-11
52
11
-16
-45
49
55
39
51
26
72
73
35
76
-1
73
-66
37
-42
56
79
-38
-28
-61
-39
54
-77
27
38
17
67
90
13
34
8
-50
40
-99
27
0
65
21
-14
-12
-63
-29
-40
-32
48
50
14
-40
51
32
62
21
-72
-56
-37
52
-87
4
-9
50
13
48
-79
31
50
-13
105
-59
12
-72
-16
30
59
-25
47
15
-51
50
-47
-26
84
39
34
-27
52
-13
50
24
-39
35
-22
27
23
-68
-14
5
1
-63
-34
-64
-13
-42
18
-72
12
17
30
54
19
44
-6
56
13
87
3
52
7
19
52
-32
21
23
-32
8
-52
-52
42
119
17
-38
17
47
42
-6
62
17
-43
-9
-43
89
68
-62
-14
14
27
-3
22
-32
63
29
44
37
-67
50
85
-13
11
-43
-37
-83
36
7
-107
29
-77
-3
-49
111
54
-19
7
98
0
39
-67
26
19
-34
-4
-60
-44
-51
-1
12
32
-18
51
-13
28
20
-32
35
-56
32
133
1
40
8
-6
58
-21
35
-1
-67
-55
41
5
-53
18
-10
-6
2
26
90
32
-5
-7
-21
40
6
3
-39
-18
56
-70
-95
28
-1
-32
-58
21
81
28
-59
27
-69
1
43
-37
-12
-80
20
-8
-2
-6
-4
14
-5
17
-50
43
10
-9
-15
65
18
-68
51
9
105
1
23
-35
-7
-86
57
-23
-27
-17
74
64
19
71
45
-95
2
-15
13
-14
7
-52
-74
61
29
-12
48
-2
85
30
22
10
-60
-102
-11
-29
-52
30
3
-61
-95
-109
-38
-150
-40
58
-73
85
74
34
-146
-13
-39
-74
-68
36
35
-26
-58
-46
-5
75
-30
-19
-27
29
50
-18
25
53
3
-77
16
56
51
-13
14
11
-1
17
-5
-21
-27
24
93
-79
58
-86
-2
-20
31
-53
58
27
56
4
-3
79
-10
39
11
-80
48
-28
88
-76
68
0
-40
-154
45
75
-11
56
-56
32
23
4
35
-24
-1
-16
-60
-17
77
-165
-31
-68
-127
-134
8
-16
0
36
-125
82
2
-107
-27
-15
-54
-81
-51
52
56
58
-79
-29
-34
-51
-21
10
-64
13
-59
15
76
84
11
35
-37
68
-27
106
-5
-3
3
52
-4
0
-45
4
8
89
-9
25
-39
-69
55
-25
62
-86
61
-69
8
-69
122
-7
49
26
-28
-50
9
84
-12
13
29
24
-39
98
18
62
57
-52
-52
61
-16
129
15
1
-68
101
17
-27
-44
-1
63
3
42
-26
-1
19
-55
39
56
-41
-11
-27
121
45
-25
1
-10
-28
-22
52
-43
30
21
-52
-29
-17
73
48
63
34
0
-2
32
-45
-34
67
-14
76
-15
-72
9
-19
46
-20
-31
61
73
-112
40
50
-31
-75
5
34
-66
-43
14
-96
43
41
-51
34
59
-64
-7
-54
-63
-42
-52
21
4
75
-15
66
-51
6
47
-27
-26
-16
48
-19
6
-3
12
30
-23
-35
-147
12
-8
32
19
-33
7
48
-12
16
37
76
-97
-117
18
-45
54
73
-40
105
-54
-15
23
-21
19
-42
38
-82
14
41
-26
49
12
20
-26
28
11
-26
82
86
-20
80
20
33
-30
28
10
55
15
-2
29
-41
-9
-3
-125
43
-27
-16
26
9
-4
43
-26
59
69
14
-41
-3
55
86
-20
-118
-16
-24
18
-15
109
-12
-21
-60
-118
92
-11
49
-40
48
-47
-20
6
29
40
-33
-37
41
-8
80
11
25
31
-35
-31
-32
-87
81
-6
-39
-41
-51
-14
-2
20
19
-93
-15
10
15
1
-23
-121
-3
13
-42
-11
0
23
-42
42
-101
-8
-15
18
-43
-21
35
18
50
84
-95
-38
20
-17
-61
68
-12
5
52
33
-120
21
123
19
17
16
19
-81
20
-71
24
54
23
10
42
21
27
10
-2
-57
32
-31
59
-71
61
19
89
-7
43
104
-68
-26
43
-10
14
110
-48
2
-7
121
-35
44
70
-98
-27
-2
39
36
49
-25
-32
-11
29
7
-12
-25
33
-105
40
73
30
37
70
-32
36
-30
-22
-15
49
57
38
67
23
-72
24
13
-42
-43
-31
22
2
67
67
-47
-9
76
-27
42
-44
-69
-25
26
-33
2
-114
-32
24
16
8
34
36
-21
72
-5
25
26
113
37
7
24
57
29
-46
12
-12
67
0
12
25
3
5
-63
33
-23
0
47
69
-59
-19
58
-59
-35
1
-58
-7
29
-57
29
55
80
114
59
11
38
-10
30
-41
21
-6
31
27
11
-16
-1
27
63
-16
13
4
27
5
-25
18
-54
-20
-15
-51
62
65
57
-17
-17
-42
47
34
65
-113
13
-11
70
14
30
-118
19
-129
28
-12
33
-38
51
-6
-4
49
66
90
48
3
-34
-23
-34
41
-50
-36
18
-47
4
4
-42
28
15
10
-8
18
31
-52
-13
45
50
-8
-1
29
-7
-30
9
18
55
21
51
-30
-35
27
-19
-80
23
-30
42
-19
43
-85
-58
42
-101
-49
-13
-39
42
-49
-43
-67
0
-8
58
-16
-21
25
-48
-46
-15
156
15
-3
55
-43
99
-10
-46
26
-73
-44
-8
3
88
5
-12
-83
40
49
18
-10
17
-13
138
-3
4
4
0
-34
53
41
17
1
27
-55
-48
54
-24
36
67
-31
-64
-35
10
-86
-19
20
2
-6
-14
48
42
-67
13
-43
-103
-100
72
21
19
12
32
23
-47
-9
-47
-47
-35
-1
46
46
65
-34
2
61
-37
99
-63
-20
22
-2
-12
20
-45
7
-2
-81
6
-4
44
-28
-93
43
-64
-35
98
-39
6
24
-19
26
-23
113
40
0
-91
83
-28
-10
-58
60
-31
70
-36
81
-14
75
74
44
41
17
58
39
9
2
2
-4
48
53
-25
-58
43
-91
66
-45
-20
5
28
-21
-53
-18
1
85
81
-118
78
-34
31
28
27
-102
-8
46
-30
28
-29
-40
80
-11
-7
48
61
44
87
36
11
-43
24
-2
-11
-13
20
31
76
91
20
-63
48
78
-20
-46
99
55
-28
-20
14
-29
-7
-22
-93
57
22
-9
-5
65
25
-51
-69
-6
-33
-40
134
66
-48
23
-81
-13
28
-80
49
52
30
2
-52
15
32
31
74
-46
59
12
-93
-35
-34
21
21
-84
-26
36
-4
-77
-41
-18
-39
52
-17
-3
47
-21
12
-19
-27
-7
69
9
-46
71
35
-51
-4
15
-23
-66
37
0
2
33
21
-10
117
-13
25
32
-8
64
16
13
-53
18
-77
-15
-14
-14
-52
-28
64
13
36
50
0
-16
-9
3
40
34
-34
58
-41
-32
71
40
76
-12
37
-93
-18
-35
-76
51
-3
-33
69
-52
-56
46
66
-6
-63
-104
104
49
6
22
46
8
-113
-63
-84
-37
34
74
60
-18
-27
72
45
12
-91
29
-2
-42
-39
-17
27
15
54
-12
79
-25
-114
-48
-98
-52
-2
30
5
26
3
-8
57
-92
35
-41
23
29
-47
22
3
-30
-47
-84
-24
95
-48
-35
-14
-17
16
-23
-5
21
-96
-4
36
-29
38
53
28
3
3
46
-60
25
23
-4
10
-12
-4
77
-6
-1
21
-14
-63
-1
-17
-31
-23
-20
-38
8
-2
-37
-6
27
22
-37
7
-56
133
-26
48
-72
3
34
-36
-26
-42
-30
43
43
55
53
8
-2
10
-38
-97
50
-42
46
12
-6
-61
-24
-16
-3
8
75
85
8
-94
-46
36
-57
-49
65
87
4
-112
13
47
-105
15
54
18
-10
58
9
22
36
0
-8
-45
-26
14
-3
-5
50
52
-20
79
50
7
-3
38
-43
83
-74
29
-20
-55
-43
-16
55
21
14
-37
20
-63
-46
-46
77
-4
6
-25
36
34
-29
-102
-16
-13
12
-6
43
-32
-27
124
9
90
-3
12
48
-62
12
14
-50
64
10
-5
-14
1
30
26
-34
-47
3
-22
45
49
-69
-29
-22
37
49
-63
-21
-81
10
20
85
48
48
47
14
-12
57
37
57
-78
-19
118
0
-57
-18
-19
85
44
24
63
26
-17
22
46
-5
17
-9
-59
-57
41
-28
-35
78
39
27
-15
21
59
-18
1
-4
37
-12
-71
28
-11
-122
62
29
-60
-39
-47
-3
-18
28
-15
26
33
21
32
-11
38
-37
-42
-3
-2
-37
-31
16
1
-21
-38
-6
-18
22
-57
-32
-104
-41
-89
-22
24
-25
5
80
-66
-95
8
2
14
-48
-46
24
-18
-30
7
89
-69
-48
-43
118
-76
-35
11
13
-10
4
-1
-50
-21
-9
-20
19
-7
44
-93
-20
-42
33
-21
-34
14
-98
-1
11
67
34
65
-33
-129
-1
49
-125
8
-12
-70
-11
4
-13
-8
-38
-1
33
-4
20
-3
-1
-86
15
-11
8
23
5
27
0
-44
43
21
-27
-26
-41
0
113
28
-70
48
35
-15
-4
19
10
65
-19
18
-1
-4
-57
-8
39
1
74
4
81
-5
-57
-10
-10
-78
-78
-65
36
50
-93
63
-5
19
51
1
-21
-111
-45
37
55
30
-81
-18
-30
-9
61
4
37
63
23
44
-70
40
-30
61
-47
-7
-8
-17
-70
12
-147
5
-22
32
60
-1
4
2
95
-37
32
17
5
60
-29
56
28
88
4
6
75
-109
65
-27
2
-67
2
2
16
4
70
29
-26
95
7
38
-13
-22
7
-42
2
-21
-53
-7
55
-4
-7
-19
43
-53
-28
-31
26
-42
59
-80
-37
89
-66
82
-84
-25
18
-33
63
81
-38
-58
10
-50
-31
-20
58
-40
-67
-74
-74
7
86
-45
54
45
31
67
-22
34
-19
57
23
-81
0
54
8
7
-18
5
91
20
102
-40
127
17
-61
-6
-137
46
-38
-45
-1
-5
-11
-11
-8
38
-42
69
-4
-132
-30
-21
-79
42
40
-36
-5
44
-33
11
43
52
-53
6
4
33
-10
-62
-19
86
6
27
-3
-104
7
9
-38
94
-37
29
12
-4
32
68
39
-58
77
45
50
-13
-85
48
-46
20
-35
58
61
-2
64
21
47
-81
25
-65
29
43
-57
-1
-35
-42
38
20
17
-66
-98
25
-34
-44
-51
-85
6
-38
54
-15
-84
43
58
-52
79
-55
-45
36
-11
-23
-29
10
93
-45
7
-17
1
-18
-9
50
-4
8
-15
38
-14
13
29
-34
-23
-42
-12
30
0
-54
62
-12
89
23
6
-73
31
7
-139
-50
-87
3
48
3
101
-27
55
37
-28
60
-58
94
27
24
55
-60
-2
-39
-34
-82
-46
-36
-5
-22
41
78
81
-11
17
20
82
-11
-30
32
96
-64
-23
16
-72
-22
-64
-10
-33
11
-93
-87
40
-27
-33
-79
-8
-26
22
11
-66
-10
-77
-89
-105
119
85
69
-11
76
42
-118
-20
-21
-135
6
23
55
25
113
33
42
-31
42
-20
57
159
-11
43
-125
53
78
56
-75
-42
-99
-13
16
-21
-26
30
74
54
86
94
45
-13
-51
-1
7
34
83
33
-39
-10
11
-76
-55
-45
-32
-50
22
30
54
69
4
52
-22
32
47
52
47
5
26
20
5
29
-62
91
22
129
-38
89
12
-66
-23
99
-52
-1
-12
0
-24
25
-88
32
26
37
36
27
-79
28
27
28
7
75
6
32
-5
