21 94 841
0 7
0 9
0 11
0 12
0 13
0 20
1 2
1 10
1 12
1 14
1 15
1 20
2 0
2 1
2 4
2 5
2 10
2 12
2 16
3 0
3 8
3 15
4 1
4 7
4 13
5 2
5 5
5 12
6 0
6 3
6 9
6 14
6 20
7 2
7 8
8 7
8 9
8 10
8 18
9 2
9 5
9 8
9 17
10 0
10 1
10 3
10 10
11 0
11 5
11 9
11 14
11 18
12 3
12 9
12 10
12 20
13 1
13 7
13 8
13 10
13 17
14 14
14 17
14 19
15 6
15 11
15 17
15 19
16 9
16 16
16 17
17 1
17 3
17 5
17 15
17 16
17 17
18 0
18 2
18 5
18 11
18 12
18 14
18 16
19 1
19 4
19 6
19 8
19 17
19 19
20 6
20 7
20 8
20 12
88
35
10
13
52
27
78
74
44
57
85
37
23
55
59
68
7
91
65
5
34
24
4
41
25
58
18
86
51
54
82
11
63
19
20
30
32
38
14
46
71
2
6
31
9
75
33
29
76
50
80
89
12
42
93
92
81
56
43
21
67
70
49
61
36
48
40
15
90
87
73
26
0
45
79
62
3
28
84
39
53
64
16
72
22
8
69
66
47
77
17
83
1
60
-643
1418
-1125
-502
-702
-842
757
-741
856
-417
-120
848
-530
-1137
109
-563
-90
-567
-919
1183
1373
-902
-172
-725
468
-20
-551
547
1124
1531
-722
482
860
-1594
-798
458
-829
-739
718
1018
-828
440
-1491
270
207
-742
1287
-410
-826
1148
2275
-1384
986
1227
1290
1130
-1491
385
17
-1414
1095
-765
669
1089
-1763
525
-110
-413
648
139
256
-229
-744
1612
311
527
-636
272
240
-876
-786
-221
-223
1265
600
-407
1151
308
-241
-1544
7
-131
-294
-265
-415
-714
-1028
-70
323
1128
1268
34
303
786
-1151
454
-464
935
793
-94
57
701
2156
-108
801
-873
-1104
360
-1671
287
505
-442
1991
-317
-164
742
1167
-537
42
-828
242
1430
-1561
941
946
997
525
-313
-371
-89
156
-464
564
-1690
-576
-1315
-1448
432
1458
65
22
1142
337
495
-99
271
479
-1035
-496
-1185
187
-229
1198
1399
451
349
1031
-379
806
767
1053
-1235
-1135
653
-645
-978
-1187
-402
-695
927
-877
1092
605
783
-169
-52
-272
-55
318
1418
-494
-486
-685
677
-261
1229
-750
-697
-387
450
-314
-488
207
1533
-429
14
-302
-123
-1379
-38
59
-573
254
-184
110
986
51
-60
-125
-437
523
258
34
-917
706
11
-182
707
22
433
723
-1063
-2136
-362
-67
-271
-942
795
-735
-308
508
-159
-570
-915
383
-129
-30
-1331
-339
935
144
-582
1017
-504
-507
-534
-286
1170
-66
-259
-65
-173
-573
1246
1427
508
2064
763
1322
58
-412
-281
-604
76
18
-707
-445
-1347
112
-1117
-644
-39
-883
-1420
969
1244
-711
361
178
515
-783
-6
-1198
-854
379
-646
1058
-71
619
-623
-82
-604
-801
-490
310
-2120
-368
-270
1103
1079
847
-340
1661
-232
-256
-510
682
1914
-382
-17
199
-812
-255
-1148
1419
890
-380
-582
-518
-147
-175
-377
1031
510
88
320
-1684
1097
440
-966
138
423
285
862
1735
911
19
-1430
-795
-888
-981
-615
-904
-1326
-312
-376
779
168
-891
455
-2626
-1439
476
-335
119
-510
-838
-245
1174
422
608
-406
161
1337
1959
-252
2257
106
-437
-1279
907
-199
-136
1242
396
1668
553
-1187
-1197
392
948
96
418
300
668
-1099
-50
-822
1264
-1722
368
-447
331
743
-132
187
580
-903
1056
-80
-539
-608
-725
1319
-920
-1311
272
1026
-378
686
1301
1063
1024
-891
76
-657
-248
-153
-958
1677
-1106
466
-1337
1071
-782
1502
224
-111
-749
391
-392
-403
-347
90
-1320
692
1299
1255
270
616
-1210
128
352
58
-415
1241
-342
75
-549
755
186
-296
-1321
566
947
1499
-1465
-528
-426
-1071
-1151
290
107
-1380
344
189
-434
669
1486
-439
256
-643
-1110
-1266
-1015
79
-374
-160
-117
-2193
574
172
454
-135
656
-1182
-423
481
236
-192
206
-1496
2528
-522
98
2071
-1909
-787
1648
421
-970
-1210
-397
806
779
1149
875
-654
-1783
518
171
586
-334
575
340
266
-454
487
-412
389
-218
914
-302
-500
851
-639
1247
-763
-55
-13
-390
62
-731
165
1954
810
1102
600
39
-1557
645
806
-650
265
1882
214
-33
-176
-56
-1041
-888
-388
-1497
-964
386
-232
-1666
344
-778
106
-592
1076
-774
721
170
-1928
949
954
221
-148
382
879
-330
1357
-555
-398
1768
225
441
1587
-114
-449
1313
-883
597
1227
-331
507
-733
608
-291
-1199
-382
-827
-1431
2025
-476
1175
206
247
-397
-180
-848
240
85
-326
1238
948
561
1030
-273
-931
-1353
994
440
-441
-351
-786
321
-1359
-604
393
-1180
-530
325
1246
-50
-654
-268
-398
759
157
-1
-373
-347
559
113
554
403
87
-756
-422
569
109
1043
-276
-704
-68
2078
232
-1034
-748
508
-1393
-443
1598
-472
573
1085
-207
338
470
-63
-693
356
-1096
-18
1230
840
-1158
654
-588
-1205
971
-934
-1353
-345
-381
1912
-511
106
469
-1253
-134
172
598
-894
-239
1136
-740
581
-1471
1220
-799
1458
288
-24
881
6
302
689
-1029
-1303
-705
351
260
614
-838
224
704
956
63
-129
432
205
-421
513
235
746
321
-1372
335
-456
-1640
-1110
142
-548
-529
761
1038
122
-234
333
583
-62
-665
7
-390
1327
1388
-541
-382
289
2893
270
188
-55
-927
-463
-1509
436
-560
84
-1055
-32
187
302
873
643
-832
776
586
985
142
-199
855
195
979
1780
358
679
-1331
-1236
870
54
777
99
959
-306
-782
485
503
-1272
35
657
-896
695
-815
-112
1035
-1098
469
-639
417
-478
-1116
1164
941
-641
-405
-130
-527
15
463
-372
507
1830
1585
123
-283
-430
-1994
-125
-1054
-612
-807
-333
-214
381
-1583
643
-98
-1600
-448
-1293
1597
752
-871
1674
267
-696
-1024
1725
1100
672
655
1041
940
400
185
-1268
-462
889
226
260
1522
-986
-253
-1047
-290
-267
-947
1101
-1437
-635
-101
861
-1039
55
660
-500
49
544
-688
-888
-471
-623
374
1781
650
-568
762
1020
2148
-156
179
97
-712
-5
-764
0
503
-884
-1197
636
748
-208
-269
-343
-411
590
68
-257
-1323
392
-1227
388
-687
377
3
-224
-793
997
-665
157
59
-361
-409
-218
-1149
-499
1117
-598
546
26
310
-116
-802
-1231
850
782
-56
-212
118
-216
1244
364
-660
-1347
-2087
-116
633
116
-1279
1130
1009
-870
-317
1732
862
-835
-126
348
-355
314
-462
-1138
779
-1355
395
-1031
1289
540
809
-333
110
-37
64
162
1196
742
-124
285
-785
211
90
-358
747
328
-183
-1235
-210
119
80
752
202
-610
-752
-152
1919
-1010
-595
186
-881
-257
-72
773
318
-148
-373
806
-101
-798
-712
841
375
919
526
502
1034
377
310
-572
-7
115
-174
-1546
326
487
-2849
-1003
723
202
932
271
-1164
-98
999
934
-1630
-399
206
555
-416
852
703
624
-135
-572
1341
704
34
-948
30
602
-52
-1069
14
1153
-1497
212
-473
1207
-258
-460
-451
942
-258
400
527
-990
-364
-258
-338
1346
116
178
1032
-1314
-107
-335
59
-228
666
-577
-903
-250
72
267
-1054
-1172
1238
-92
-557
-921
-793
-1282
1201
-1464
1742
-528
763
165
460
459
213
847
-464
46
-129
1270
-924
313
261
-793
-190
-1151
-1581
661
-37
268
-1078
-998
-360
705
-477
787
-375
-141
1597
-1205
574
-1243
-1274
-934
-549
1136
-329
693
-1380
717
-664
419
-576
-299
-612
458
162
-1227
2245
-76
-565
402
-622
-1221
-47
926
-350
112
212
480
-1049
242
1673
610
257
338
-328
336
1203
1165
786
-255
436
-735
1518
-999
166
1008
17
-295
315
-259
812
-346
396
-367
843
877
-495
66
-1747
-1041
-654
-16
2077
-272
609
240
-96
-1248
319
-471
-456
-1770
-482
-406
186
-865
-811
997
723
-544
546
-763
365
-1572
-725
-677
84
-52
-62
961
655
1113
-560
-117
365
1782
918
-704
471
536
1204
99
1241
-1130
-991
-1772
-450
372
-432
250
-870
-1313
-1210
-2046
1523
198
1897
-1349
868
544
-468
42
-170
-339
-2181
704
-823
-771
194
-468
-1071
-717
311
-547
-1331
-236
-785
100
603
1429
-367
462
368
-105
-964
-697
-324
126
-183
-1654
-25
-468
-124
-1302
851
318
-728
860
-1087
445
-715
228
1055
781
-100
-591
266
-1659
-274
1089
-527
558
706
657
-1357
-790
428
-293
1306
958
863
337
972
-1378
-409
2000
-670
365
566
-933
917
820
-845
-974
256
1032
1297
1301
-1022
-149
-412
-799
-1508
-1449
-711
-327
-331
720
-90
583
1268
-605
675
-1108
-124
-1015
-615
-1122
-938
18
-1877
-269
737
916
-133
-328
-51
-1433
576
-62
-120
-1279
910
-142
-1348
-506
-264
-126
-1095
-1196
-718
-1911
-114
-225
-132
-853
902
326
-281
-348
-247
-136
37
-673
309
-1332
-538
-1283
463
-127
1648
-145
-74
-228
-2074
770
-655
-1496
-355
-623
1918
-1578
-1192
-140
393
587
811
-497
386
73
-521
-538
-1113
1313
-1194
967
391
628
276
-888
-84
1166
233
-272
-996
-366
-941
1032
-243
698
-110
8
9
91
-469
693
694
1357
-234
655
626
402
-974
1039
628
447
38
68
-93
396
1062
1133
-226
-867
-2497
247
-734
140
-405
-1135
87
590
-614
206
909
285
-1018
-2233
-530
-1203
-1005
-1010
-1190
-336
-1166
-1204
-734
-407
1982
188
-1354
-1499
-937
751
-1253
-348
784
425
-1013
197
967
381
-1031
1338
-1500
425
125
1126
-635
-332
-347
1551
1502
978
997
10
-895
-359
14
1462
344
-1028
-581
-21
-151
1152
271
-1481
511
-651
1051
-454
1225
264
-801
-34
-82
926
669
1017
-839
104
646
2115
1727
-674
242
-83
84
566
447
1597
-710
422
-539
45
-377
-72
-634
386
-1076
-1447
1902
-1399
-348
1466
-424
46
1340
-499
445
500
-1150
2051
581
-405
-61
-354
-1002
323
-522
461
-1162
43
987
271
-1101
-103
-133
1691
647
-850
493
-1449
1203
-623
-449
-1974
830
-500
599
1244
304
-565
753
-1121
-147
1372
899
2187
-1059
-592
-2892
443
-1585
-1068
-435
1104
-215
-796
528
351
-97
613
-786
147
-1579
-882
-842
20
208
-47
67
-939
342
-53
-190
154
550
-751
441
-519
121
1349
292
-2158
-1127
-1718
500
572
-1483
1698
-2026
-1410
-155
1670
-418
602
21
1824
1098
1096
-22
-1283
-341
556
2374
-1408
-795
-342
609
163
853
168
-257
1284
1112
-1070
1303
-227
841
-767
-445
166
-212
-666
-6
-782
-625
-322
-410
724
-13
-807
-711
-256
56
620
1287
-1015
-424
73
598
-1110
-1306
329
-138
431
-852
446
2
471
-721
-1656
283
-408
-1033
317
-267
443
-492
1380
530
1838
-89
-171
487
349
-2124
-103
-583
932
-74
85
-627
987
-271
-291
-1021
-280
-456
-187
-95
258
-1447
55
-641
-936
-2083
654
1023
-99
421
1433
510
-332
928
-1075
-555
-214
-394
172
1078
-116
1202
-217
-81
-765
1569
-999
480
-397
-152
-545
340
-532
-570
-1194
613
-1064
1374
-66
-78
1285
-326
850
-893
-1430
1002
-565
609
1570
-2041
-822
-295
789
-61
340
1030
1305
305
-1023
97
-1407
679
336
-375
101
177
36
19
133
524
-1042
134
-166
448
-678
126
2419
-301
-553
903
309
-1672
950
697
491
-522
589
-127
554
-1030
-193
1148
-1258
-95
663
-1340
-289
153
-604
92
-292
-930
203
-442
242
-887
1158
1691
-1730
-393
-1100
-747
1398
-921
570
-1381
-1161
-2402
587
-510
567
-129
-740
-131
310
-260
824
-498
-25
685
-584
1388
-597
-181
153
-1278
1530
46
368
782
-327
793
604
-555
-1050
831
-2116
-73
740
2319
66
-826
-421
1202
474
197
1966
-1195
-843
-141
-1561
-281
514
-1327
555
1844
-858
-238
-444
-659
-2766
192
-1211
627
-778
-1189
-788
294
-378
-56
913
124
781
87
-1453
118
1086
-1189
-486
-53
901
1206
-1051
786
511
261
-26
286
-907
-33
-725
236
-195
610
-640
-515
729
-1414
126
663
-1568
420
98
-980
-857
1209
-2053
-30
40
1732
-628
45
697
27
521
806
-64
602
829
-632
1047
102
-1616
-1079
-42
-1206
-1101
197
-356
624
465
-1016
-287
-678
-988
-178
284
1224
-1513
679
-99
1304
-750
-1099
506
-514
511
849
-193
-265
909
-80
76
-1816
1067
1618
389
-241
767
-291
533
366
-1119
-739
-1231
1080
-1240
461
1
-496
-1941
-394
-496
-255
337
-979
102
-279
-1984
-1347
-652
-737
935
332
-502
188
-182
-860
1521
-746
384
-330
971
1223
2447
-768
1359
508
-55
-1538
327
-268
-1003
104
-798
365
1387
-226
-590
-711
-747
86
533
-250
-521
83
324
-211
1559
1325
-71
1171
650
376
287
333
-390
-1192
263
-400
-715
-709
-208
558
1251
1213
-239
383
529
1286
548
63
-423
242
635
233
797
311
1167
-1590
-986
-1370
740
-1288
814
233
546
-609
-1387
-976
1953
245
665
-1262
655
815
1592
-274
-195
-1409
1575
412
-182
1303
718
-736
-603
-157
-1033
-1936
-250
157
-2142
1029
-295
-896
-226
712
706
403
-652
826
-413
-995
-624
-664
-619
-2012
24
135
-911
6
515
-320
-267
695
397
720
88
-1088
-345
-556
-740
-360
327
1508
30
-1324
158
-996
1319
1143
-1471
-496
-750
321
-765
370
707
-93
105
-74
-554
826
-733
-521
-11
210
-52
112
92
-405
191
-755
-367
28
1307
39
-87
595
37
152
568
-433
-32
595
1135
729
275
-213
462
141
273
-217
-218
6
805
-75
-1269
-1512
-328
-929
734
384
589
-616
-252
412
-2230
1103
-1049
852
-767
-872
277
802
22
-2439
1280
371
118
-1553
-21
1188
-345
296
-168
1720
1147
751
650
-832
-542
-1133
-322
-26
2089
1197
124
544
659
979
-1212
-370
-22
455
-1814
-653
-329
-929
55
-656
1811
378
-231
685
-1712
271
96
763
-156
295
382
756
-757
-25
-1177
1277
-153
381
914
588
30
536
743
-454
1155
127
-881
-1557
-514
160
-956
-2358
434
-20
277
-249
-62
-965
789
-1795
-679
364
-956
-1050
753
1374
456
-1594
118
-934
-922
-623
405
-388
-2
-430
-85
-282
20
-587
173
-1395
1183
-36
69
246
-463
624
-1976
-1453
1200
330
-193
921
28
-775
1169
269
-848
311
-1485
104
460
-2104
-608
856
-1943
-15
120
561
-1074
-229
-1640
-922
1160
-721
-456
-661
-393
-150
-1363
-695
717
671
-1338
-851
789
467
-1167
1146
-313
-788
230
-176
1571
-78
1147
-913
372
-151
847
339
-721
220
-571
-164
-381
107
-412
185
865
1046
-790
-1078
-1631
-1091
-1239
-388
342
529
22
-33
-1781
570
727
-818
726
-945
-23
-825
-499
-127
1469
308
-878
722
515
648
-728
275
-1045
714
51
1891
853
405
24
560
122
-1619
-432
-854
359
-160
1270
-319
555
536
-416
44
-548
-484
200
-1016
306
518
1150
-120
336
80
1280
-548
-278
-11
-390
1142
815
-853
-436
1202
-714
1703
901
777
-790
-10
-809
-483
-708
449
92
-2280
-612
914
-310
138
308
-400
-1110
-816
-519
240
-884
-2055
-826
-697
-284
-48
53
646
-317
408
400
2468
-431
1582
-76
143
-628
959
478
-815
-609
-1174
1458
-971
717
123
170
-51
1179
-92
-30
253
979
887
-1006
-251
205
1301
-1229
420
-233
-204
-103
281
2003
-370
-8
-340
343
-260
189
-859
1530
572
-240
-1795
1142
938
1638
619
-801
718
1071
274
960
-604
317
300
-57
249
505
-698
208
-649
-244
-626
-1004
667
132
124
109
542
92
1071
310
-873
-599
-1194
362
-727
645
-289
-96
-27
-766
-1173
67
378
-2379
839
1467
1975
451
-544
-110
-306
1630
-700
342
135
28
-1274
-195
-299
338
-818
309
-617
918
1012
-211
-817
-834
378
449
-1409
1206
-1180
-922
-297
-946
1507
1623
821
-2065
1392
-314
-544
-484
544
-554
-163
103
-821
287
-288
751
746
875
483
785
287
745
-806
-817
-100
-252
482
105
19
-870
-785
145
-1359
-355
-371
1133
890
-443
-646
890
-413
-1392
289
-1211
-1229
-458
-187
639
-88
399
730
-549
375
-952
-608
-97
-465
444
-5
95
711
1189
-1176
796
-284
-623
0
-485
369
14
-554
34
-895
-249
1175
-189
506
-626
1161
1223
789
264
800
1097
924
-1558
208
821
-311
1200
86
202
221
-840
610
-1541
790
-179
151
-26
325
278
102
-425
-608
995
980
-684
222
508
141
1259
824
-696
-893
984
-679
-459
-579
1179
-74
1186
163
1749
-879
-1109
-1121
-293
-429
335
-899
378
-1146
-149
1206
-257
1069
-63
48
108
61
-924
92
131
466
529
-211
-1680
788
-597
-719
-404
267
766
178
4
-396
681
-594
-1073
211
-765
452
-153
848
654
-240
299
-506
357
-134
-1382
-1006
-1303
-500
-374
-204
169
358
-88
-889
-339
759
-1054
248
-210
-419
485
-426
528
610
722
217
697
132
-566
484
580
224
194
-787
-190
-569
195
1277
1196
1694
189
776
-88
805
-142
-999
917
900
895
-816
558
452
378
-1173
217
544
-495
428
417
-261
-505
875
378
-567
1528
-635
-1101
-440
1805
-397
1051
-292
146
-57
-906
-194
669
285
-10
-701
157
284
1142
-209
-116
-1170
-1735
-169
-114
-160
253
-84
665
-93
751
837
268
-483
849
-546
1039
-787
-151
-1726
-197
-418
-476
-332
426
423
309
324
-311
1144
-824
-877
2414
-947
-138
-309
-1026
288
320
-532
211
1103
-128
-508
767
-1133
-1313
349
-276
-560
42
1177
-10
-950
-612
-967
330
-320
909
507
-165
-942
-655
-1040
-406
24
946
-5
-123
-953
-701
317
111
14
407
552
-27
-415
1237
-769
-631
1059
474
-587
1605
-588
840
-382
-280
1727
260
263
92
658
852
553
177
-1757
-654
-1044
-1080
1123
838
745
1200
-715
358
90
1
117
-395
-139
378
136
-434
59
-102
290
64
-154
117
-207
1657
-235
712
-543
783
-507
-879
365
530
456
146
973
-941
159
531
-57
28
1688
-290
-294
-1316
625
502
-1109
237
792
1508
-538
1802
41
-388
750
-562
1554
675
291
-1472
168
-791
310
1700
243
1481
265
331
-65
-20
-427
-754
-1367
-847
-454
-180
-759
1577
-659
700
-1003
-312
1496
-366
226
-1220
909
215
400
313
-40
155
-467
1174
-1177
143
-57
-1688
-262
509
-621
1043
-223
-769
-184
257
1146
-575
247
-803
461
-486
762
-695
1351
-609
-723
-199
-810
25
711
1195
-1649
963
-611
-1437
-1762
799
617
141
-16
1381
-1096
-605
606
-276
281
-1498
-449
-1720
1162
244
-726
600
780
-132
-308
-442
-404
-653
-24
-247
470
-898
204
-400
274
878
-706
958
2
1504
225
-147
-809
232
279
321
-1508
262
-440
932
271
123
396
21
1141
474
-455
1266
-35
657
-728
457
-533
430
1953
1078
-1924
209
1564
445
478
-1269
-718
-286
-652
-53
206
1128
1171
692
-2078
778
821
-50
-453
392
1392
4
-329
-1275
-359
663
-670
1367
-160
1200
-470
-92
-739
234
-211
391
-491
110
966
473
1339
1189
-769
1017
-571
-15
1913
259
925
310
-8
-462
-281
220
-239
1435
-1295
35
173
382
-224
-443
-1022
-1127
1183
-685
1664
1927
-1378
435
539
1503
-26
-247
-1050
342
668
-295
207
337
-978
800
355
1639
-7
-620
115
1509
373
957
375
930
1453
-296
-2131
1285
-45
-416
-700
273
-1865
282
23
229
476
-888
379
238
1002
-69
-172
633
462
-179
142
140
937
1205
-411
-567
-1059
570
4
-621
2045
904
128
-59
-547
-103
-150
-808
-1464
49
-886
1029
154
-182
-387
-780
644
638
480
248
-265
780
533
-454
-348
1040
152
518
160
-1076
1050
931
-1682
209
-510
-1221
-970
-1118
911
994
-630
-539
571
-756
-1001
-489
-598
1298
639
-368
-337
751
-635
353
-639
288
-526
1306
-624
2070
-450
-1462
920
19
-1313
745
-973
1853
1183
85
766
1077
101
452
93
-200
-734
-1200
-251
534
887
-1213
-144
-1322
-508
691
313
217
1743
582
299
-285
-457
-216
-968
1094
980
59
791
1013
200
576
-958
-749
842
-122
-496
22
348
-1039
-269
-1874
-500
-279
-576
314
1420
-171
-735
107
-1664
272
378
-1163
-41
-340
-108
-294
-1821
-954
-848
638
-766
-772
-462
-28
-519
178
449
1732
-243
-1929
-81
67
-632
1470
-14
-613
376
284
-347
1124
-609
634
-238
302
66
-1122
-513
1042
-189
-763
1476
-201
1432
-887
-122
492
1373
-491
823
-149
538
73
904
272
-531
-446
-1149
2185
1033
826
-267
799
443
-1476
-473
-135
901
389
2336
779
-798
617
-338
-276
799
968
-685
-65
658
1333
-691
-541
-8
389
88
-21
687
92
-865
-780
739
-734
-459
-543
303
-1883
241
758
160
1503
1005
223
-331
-656
719
-675
-355
-1494
-293
-19
64
595
751
512
452
-550
-639
-37
-377
-1136
-334
31
-584
-657
-152
61
-510
332
-482
1523
235
1224
432
1412
-65
67
710
-298
331
-398
-728
-1440
1455
-484
327
-141
-2044
-961
-270
658
1825
-313
-388
673
537
-595
559
-815
-1505
-612
209
585
1216
-1561
280
31
-88
-7
102
949
-793
158
-286
1113
709
-1438
-438
279
1394
-1371
-590
144
-947
601
-648
75
324
137
1156
367
1606
346
-1575
-1289
-291
1212
1065
-838
-917
562
972
1974
799
-305
-729
-369
70
-246
-531
1153
-481
-171
-452
345
-1523
581
115
-1003
50
555
-339
184
541
-507
-1296
-193
-229
247
587
-966
-407
224
1119
82
830
-901
-86
-70
936
305
902
470
1086
-813
1234
714
1507
162
-920
-844
-62
242
2198
-118
799
786
-1052
-901
286
719
-167
748
639
-166
970
-720
-1055
-387
1013
-1554
859
864
33
-1940
1301
1400
-705
305
992
-496
-343
-504
769
-1068
971
-464
-193
-179
630
-805
-969
-681
-44
-676
20
-72
237
-1351
-602
-1231
-158
-998
592
541
-591
-1263
-500
1069
100
-880
245
-276
176
1224
371
-215
878
164
590
956
-261
99
672
-1392
288
442
-781
-303
-1185
221
1096
-589
-1540
353
1357
585
1050
-921
-186
1128
696
977
1887
1194
-843
-659
-308
-1424
1081
749
546
734
1494
795
-1010
-617
-1226
249
-1257
266
-556
-1617
475
-155
128
-303
690
2017
754
57
-82
637
53
1662
793
355
-639
961
617
681
-528
853
1517
515
-359
173
354
263
337
-197
290
991
-527
578
-338
-1535
1327
-264
-712
633
1014
-771
-389
-1688
-189
-87
437
527
1375
1402
943
-135
-184
-77
723
-1700
-1048
1743
621
-267
273
-548
-881
995
-779
-1020
1023
1713
-1109
-1000
-30
-1013
-1300
-208
686
1017
402
-342
-770
1363
107
-391
-92
1275
656
584
-295
474
126
427
-920
21
-84
-2023
-1088
-621
-633
434
-1484
85
1128
286
1385
-1357
21
378
-1810
992
-746
-806
631
-542
1166
441
-1430
-1225
-122
902
-63
186
-833
1180
-1582
544
1216
-310
-640
588
-1497
349
-273
666
1579
-387
906
114
247
-726
914
-464
-694
-665
636
256
-475
73
661
212
782
-365
-941
-479
874
646
-411
-114
29
-551
-987
45
-407
1230
349
-828
576
1812
-1635
441
-628
-774
882
-177
-859
336
108
962
-128
-810
-162
-177
-373
1825
1061
113
-767
-236
369
-177
-104
-1627
485
1096
-1597
-2499
1510
-528
709
224
-654
27
-1046
621
-130
387
-1834
730
-140
867
673
-898
1236
1056
940
8
384
-898
1197
-890
504
-14
-321
836
-289
-61
-1059
-586
-410
-356
-878
106
-1071
-536
-591
300
-926
63
99
-1189
149
2399
547
-239
985
-844
-660
-568
-190
976
-1416
617
550
861
249
-1446
319
-687
-612
113
1884
-604
324
609
125
-78
-562
620
-737
-1848
-320
-241
-1199
305
-247
-102
-324
-3
205
-951
741
527
412
-493
784
-502
-1217
980
270
1001
-597
-454
-450
-714
767
-233
221
-754
210
1447
-2301
153
-321
406
-1924
-495
739
-707
1146
-2382
273
1582
308
-19
757
-159
412
-1368
755
-97
1627
731
970
945
436
832
947
68
-275
557
-1219
1108
46
-482
-902
-210
93
1370
787
-726
-188
-329
-83
-623
1657
-319
-1992
1286
-838
548
-21
-366
-1429
-501
285
-1046
-249
-137
-699
388
-446
-442
913
375
1864
-2416
256
-452
-1269
-212
1103
-1187
353
6
584
1641
-459
67
-1011
714
-598
1702
137
-922
306
-911
-1600
-440
-1030
-1095
87
105
-2258
-653
-1212
637
-396
39
595
-2052
-641
18
-595
353
-52
-423
-51
-1711
-291
292
1240
-96
737
-1238
865
-130
280
1010
532
489
-428
-207
-238
-1411
-127
498
-2050
317
1102
-1016
-24
-119
695
1162
18
1223
-352
-676
394
529
500
-554
692
1013
-694
103
1017
-36
1708
-1116
164
1076
-483
-221
319
-757
-400
-80
-1128
-73
-246
-609
525
-507
175
-864
-407
-603
-564
-1296
-864
472
-40
-894
777
526
-611
46
-162
-65
1507
-1791
1224
91
-328
702
1539
-697
1254
1445
830
115
22
1092
-89
905
-1256
-542
-1089
-468
777
331
-255
176
94
49
-1288
676
-1197
521
1591
-96
1005
-1128
1834
388
-848
-366
225
-337
1044
939
1391
-633
432
-310
191
1383
-6
163
1135
-252
428
1254
1240
603
880
360
838
247
139
-57
930
-965
860
1057
891
-496
2287
1006
-674
378
-189
196
571
-350
-801
-142
444
-737
699
1221
1175
-938
-325
116
-616
1166
-564
1068
225
586
-140
-838
457
-634
-531
875
-590
-624
-905
561
423
-141
812
329
-1067
1490
39
937
-1561
-97
46
2104
-1546
-60
1099
-219
707
-161
340
382
-22
383
-662
-44
57
-71
687
-1122
-345
-681
-7
36
-1112
95
925
136
-677
294
-577
-866
182
1728
-258
564
1828
-982
838
13
409
-727
682
-146
-381
816
0
-541
-859
526
-490
1014
-2113
-303
187
697
1613
959
-1105
975
-703
-600
333
1421
847
-378
-659
275
-153
-126
544
28
-288
1227
166
446
-1585
-1323
352
-1097
-1292
-1051
1393
781
920
-25
-113
779
650
34
1165
1763
-482
-661
-43
-124
-100
1190
1103
1040
1260
402
-114
1172
-245
-901
-403
-1276
1304
381
275
-320
1939
-467
-1287
-338
552
-778
-1201
-428
1429
-946
-564
560
-1963
-247
1218
1383
1377
1623
149
-307
1366
787
-885
931
-57
-306
435
-778
-223
394
-470
355
1344
242
-86
-226
-1250
815
787
-958
-371
-350
1057
-848
440
-923
-837
1488
56
551
440
676
618
2045
196
52
-547
342
1503
608
-126
-478
358
1080
446
343
-886
-365
-1220
-123
289
289
641
1368
-5
-2419
-1035
15
-430
957
47
-201
-363
1087
-331
596
778
-1517
654
-198
525
-57
1587
1220
-1302
-1240
-300
-741
91
-328
-31
949
846
1346
-540
533
-136
167
-1156
317
586
-536
-327
-690
-309
331
418
-688
32
398
229
371
-795
-760
276
535
264
236
-342
714
440
-455
224
89
244
1035
-268
112
-563
731
-1128
-84
1653
-1249
785
-273
96
431
-171
594
-826
-578
313
-346
-251
-275
1007
-555
-336
74
-594
1024
193
-756
1772
336
-169
252
-1188
-1579
1123
-1116
-948
422
-1003
1162
-103
-2405
-231
-83
-24
462
-1102
-325
1151
1949
926
714
-128
-1169
-624
-940
-78
226
527
-383
-697
-408
1261
1275
389
467
1080
-120
472
-250
-1598
397
-400
-1369
223
-2697
453
1370
-170
208
146
-1166
220
1850
-153
-1128
978
57
681
974
-102
-472
146
-50
317
176
569
-636
844
-198
-606
-555
-411
-994
-927
843
1232
-588
589
-610
-85
1
-1615
-468
747
-225
-107
357
1024
-420
-1262
279
1271
523
-1822
-106
-565
-940
-207
-69
843
93
601
-578
-805
1356
-1762
1035
-440
-1090
1011
173
416
51
-473
1195
725
148
1382
62
-149
-1407
-570
-476
1265
-1107
1115
-638
-94
293
478
481
-367
-1450
795
-1540
-1014
592
951
1821
-410
1490
956
902
1082
-27
-367
-378
-105
63
-343
-279
-961
-744
-298
295
-475
-136
277
-1190
-236
-385
784
87
-1118
548
1132
1430
884
351
-585
-586
922
-1470
-524
-25
-483
-264
532
2245
-1153
295
112
276
-473
1248
-1032
530
1160
403
-1585
-126
-1513
1188
776
-861
-1378
907
196
134
-183
-1558
-98
-680
-143
108
-418
-662
1122
640
285
-43
281
-290
48
476
1576
267
451
-506
-1035
29
291
408
-1279
-60
105
1862
-38
423
1093
-754
1506
-431
-1055
-167
-279
910
879
11
-100
-786
-102
-647
223
1281
-88
737
218
-940
-291
-335
-1440
1380
895
-775
1542
-1272
775
127
152
-2246
932
-578
-968
1121
1654
28
-948
-1077
1063
785
803
702
-842
144
414
1315
-700
1863
1078
-1433
468
65
563
148
704
172
395
-633
-981
-241
-463
1514
627
-685
-556
537
-1039
-366
633
-1176
-705
-2
-988
324
-483
1180
-246
-511
592
457
242
-1096
-1722
-1388
242
-55
222
245
306
69
1112
-48
-261
747
-1193
2110
84
-332
-272
350
-630
-588
-746
-821
1490
-867
-1320
36
-396
1224
187
-14
156
333
-416
-31
-716
-21
213
-1154
-640
562
-16
-320
-282
306
-1011
329
338
-655
105
-186
-621
-791
-1339
219
664
161
-239
-730
419
227
389
-752
357
-760
-110
-60
746
1988
-764
-223
425
-739
398
370
1437
-990
887
-99
740
-1641
402
-1075
-653
-269
-440
652
57
-1257
-222
-356
-1210
-804
818
-467
35
69
-1738
98
1138
254
-687
-1149
-192
-635
-464
709
-192
483
143
-85
-380
-501
845
-115
597
428
-1737
-564
-347
834
-881
956
-783
-446
-339
530
340
556
-1004
433
153
-64
230
-1063
277
478
-452
-2
711
-1427
-5
697
62
473
-1280
-56
762
-563
160
-356
985
-476
688
-625
884
-114
80
-1706
815
1266
-41
-391
348
1919
-1233
305
887
78
-269
1118
43
-1381
-304
-477
629
765
-1115
74
683
-620
624
-661
1040
-434
13
-1343
-832
566
393
440
-217
-769
354
-858
787
-2436
1521
-585
-866
-309
61
1027
-8
-182
-1347
-924
1809
608
-345
-1317
1263
625
295
651
-404
-560
560
-1266
-138
-560
-125
1180
-325
1097
374
277
-477
-782
-139
654
-275
920
-618
306
-227
1049
552
-42
423
383
841
1567
911
693
-688
364
-200
198
1433
-261
481
-1366
-1584
-1384
1572
1014
180
-924
-2131
-967
-144
-347
184
-163
1313
-251
-592
-181
53
477
283
-803
-814
-227
154
234
-1185
1269
-1384
1208
207
312
1361
-920
25
-767
634
-404
118
-530
1664
214
-1578
-1243
-369
201
-692
363
585
2418
-453
-355
-656
781
-91
2555
59
-1783
-1031
419
-2116
2152
-975
1737
268
1152
-52
-637
217
-682
842
1089
-278
1115
906
1562
-194
-1605
-417
-591
316
768
-110
1004
-517
1137
501
1184
257
39
1449
-1691
283
-635
293
278
403
42
272
1115
-1187
-766
-767
-144
-778
119
51
238
170
-433
-618
988
-630
-428
-1111
-169
775
-469
1416
-1166
320
692
512
-767
-267
586
589
-828
-58
279
-736
41
494
-1021
-1409
-75
-178
-1318
-517
77
-432
468
2365
-489
891
-1531
-798
-704
1257
-791
908
622
-844
-800
-140
-1847
-1043
-475
-2386
763
-239
-328
848
-1006
-303
2004
653
-786
1683
82
-1175
-169
605
1968
-476
-216
401
-454
-1529
1617
-48
-79
102
-704
867
-270
-593
1699
-294
-987
709
-245
-1472
-528
-161
-58
127
261
1619
519
-2281
-1218
-843
412
-25
1035
130
-407
-165
-1072
-969
-528
718
-177
-1776
-1011
434
87
582
670
784
1317
-1105
686
1061
930
682
292
-445
-570
262
555
65
-738
1890
-773
460
721
-500
-1630
-339
-869
33
-1216
500
154
903
-141
1008
834
936
-190
-9
-1143
76
373
-499
1440
-930
-62
-508
-1885
-1276
109
-902
-661
-726
-1411
-1425
279
750
758
1303
685
-196
-413
1513
-1051
-541
93
-113
136
765
-220
-546
-38
-284
865
553
-1062
-851
300
-955
1246
-1309
-465
-1634
-775
-712
-960
603
1273
1198
-331
301
649
-108
678
-1208
1124
1479
639
-1430
-510
637
1369
1030
223
553
-687
460
156
2239
93
639
781
1053
688
1026
479
348
428
287
926
276
-265
1390
-1660
-21
748
-165
500
-754
-661
-1936
683
105
-357
-101
1188
606
201
-545
-418
-138
217
250
108
-1319
1245
-1452
-730
-1317
-793
512
-43
710
2827
263
826
-112
-258
-583
628
-681
432
695
-217
-67
214
401
1462
1027
57
-327
-789
15
-359
277
2662
311
1564
1178
987
41
-590
855
-17
349
221
-1314
46
398
1963
-1538
-301
-913
255
-554
1089
1229
-907
-1503
-610
-31
618
569
-888
-461
585
-639
803
1586
-422
-1022
-605
-424
708
1339
1813
643
-1320
734
53
151
501
594
-1622
-276
494
-370
192
1462
899
75
1879
-646
-199
-624
-989
789
-766
10
-67
562
-1343
521
-455
256
493
-667
-808
209
-115
-674
-770
-1617
897
1518
1399
-1031
103
775
-114
-292
975
-827
-1153
818
276
-982
-546
646
-172
-281
832
216
-784
597
-1532
-288
-1363
495
892
-463
-3
-1474
1735
27
448
-1248
-334
1026
-797
-1708
830
158
-581
352
817
-600
19
-372
696
650
-831
-740
-1164
-253
-474
-500
-924
470
1509
745
1640
132
452
-1062
-597
1493
-141
-592
-177
1318
839
1331
-1069
602
14
-56
400
-1860
-279
-2017
943
1199
797
2795
206
-302
-844
-1238
-634
1785
-1806
-540
-374
-979
44
-596
-352
737
-1807
902
635
-501
-176
-822
-124
-183
314
-471
-8
-379
476
1050
-424
-728
-459
1418
85
1126
18
109
538
-33
-1164
624
644
478
-137
-1351
373
447
702
-239
353
-475
-439
-386
609
152
902
-857
-564
-42
-434
241
374
1580
1418
911
-1117
-1984
-600
370
-547
-801
45
692
-774
-257
-77
-870
237
-26
-247
-639
-530
252
928
-14
1258
29
-717
459
261
-577
138
43
178
956
117
14
-763
211
-215
174
1349
822
69
-178
-1604
5
141
951
-836
1425
-253
1095
2053
-1457
-519
638
-582
803
-769
924
1837
842
161
-437
135
1299
-712
-1065
-257
-428
-301
297
-234
-1011
512
532
762
-1335
417
392
-8
-236
1530
179
-377
582
-611
217
-537
-263
-973
-1144
366
271
631
2539
-740
-816
871
-832
1736
-918
126
-1867
193
-839
1871
-1296
545
-1067
595
2452
-632
889
-1733
321
-665
70
1168
196
986
1750
-284
-1454
-2
-343
-415
356
304
394
923
688
-676
673
-105
941
22
1007
-936
-1240
745
-298
231
566
-736
750
163
-90
206
1174
-1263
172
-342
-385
1310
308
1
224
-338
188
-11
1801
-904
-738
82
619
-1605
1039
637
-859
-482
-312
54
690
305
-7
-794
-1499
-575
-624
772
-510
-28
-68
-933
147
-298
-1331
662
466
71
-1959
-400
121
-918
264
433
-724
420
1736
1093
-498
352
-259
-1362
267
407
-488
-679
354
-31
124
182
1005
-729
581
683
1006
453
-10
-246
-395
58
-368
-743
-1428
1629
311
-344
1148
523
1732
-1351
-1502
35
-264
1396
-1535
837
436
321
277
391
-1141
-134
604
539
567
-703
-55
-108
-167
975
459
-1565
1514
-644
-1010
232
240
105
-97
196
-1456
-762
-1068
-449
1530
-244
1128
-626
350
14
810
817
-426
63
-556
85
-2019
-208
-888
392
646
297
-135
-1686
524
508
1672
-2085
-902
682
961
383
-509
-40
-1832
758
-640
539
-787
779
-462
300
531
1
-290
-132
-47
798
829
-267
-557
434
-1359
-688
-1782
631
1387
363
-1262
-334
695
-432
526
-1432
-976
1550
406
506
-699
415
-401
-110
-956
-81
1040
219
-338
624
1014
-457
-418
965
-1039
-675
-401
458
1251
1061
-1159
1171
1161
98
-156
104
774
-1100
-820
-65
-16
34
-1477
-199
904
1118
1033
651
-1060
111
-207
-229
-69
-205
-357
-221
-209
330
730
202
177
1222
-687
-962
-282
-970
988
-1508
1331
-473
-323
-104
65
-419
984
-205
195
-487
976
115
-454
288
988
-158
241
790
442
147
-252
-130
1241
-111
-1008
-1441
266
-96
165
338
-374
-594
1469
-151
-1054
2088
-41
-732
-174
332
-751
181
71
671
-1438
-602
529
-33
-499
-1319
-954
1106
570
-814
303
1616
48
-998
-458
118
-253
492
1163
447
-670
-491
-679
-324
-957
1
16
-699
565
1626
63
826
-217
-352
-384
410
-297
1116
-2461
-184
74
-175
-411
-9
-651
-407
36
744
-1065
194
1101
560
-567
-2426
609
-143
149
-265
-923
-227
-1386
878
-12
286
-716
221
-1452
-860
-423
-604
-1968
1215
-523
-431
677
-406
-379
1154
-196
-1787
-455
-727
-830
-284
-391
-652
474
163
75
-2006
-445
1959
-285
747
1216
418
-303
256
278
-1354
-1240
1145
1012
-1062
999
796
983
-120
-1411
246
-94
-1047
1159
-256
-692
21
-2013
-47
267
-394
412
-962
-610
-31
754
-986
-1043
230
277
2128
-1189
-605
245
-430
119
366
211
229
-514
-13
1230
998
-128
-1561
616
-1453
-732
478
-673
-254
-495
-390
635
456
867
-710
-473
2037
-120
1303
1080
-1055
-815
434
-1329
1321
365
319
-211
273
-911
372
1133
-324
813
-85
885
-60
-1032
-1902
-359
-1139
394
-657
-1851
1000
-443
-477
123
-2133
24
-224
-331
-42
90
-894
672
948
-629
723
984
-516
382
-777
563
611
856
749
-240
-264
-163
8
-148
-381
845
1200
1133
-585
115
-936
1004
-783
333
-1284
436
-42
558
-1223
1353
-1565
1108
237
638
-1110
-365
1389
978
-569
404
1358
-977
772
-565
189
-639
329
-2012
657
-688
1036
-1730
420
-643
-439
-106
870
1272
10
-674
563
758
869
1063
483
268
1908
-4
-38
180
-960
51
-1113
889
-1218
-164
224
449
-526
-1213
-426
953
-487
-60
119
-211
325
-739
221
232
-1094
-149
946
-66
-660
-1204
-326
-1023
-1029
1259
508
-81
121
-865
-190
947
-643
983
-1859
-903
806
1315
367
-438
308
-607
-5
-1876
-1004
-320
-1102
-243
-810
-993
62
935
-143
-672
2276
-2160
175
446
-360
-630
-1190
409
749
199
728
396
-1028
-224
467
1132
-286
-608
689
112
-1501
1012
367
123
-805
-689
544
245
-336
-1236
238
-2172
134
610
212
933
267
556
1387
286
-100
387
-773
1509
-1164
-697
-585
-129
626
-353
517
1157
110
1488
349
-339
334
-362
-1151
-9
1559
365
-981
-82
-1652
14
-631
-687
-355
-1396
1457
-423
1292
-762
-383
-134
1310
464
-1684
1049
412
675
345
783
829
1274
-374
-201
-1003
-2606
60
371
-879
523
-1252
-478
0
-665
33
-413
-1188
2272
-2183
-1296
-12
-500
-285
803
-751
-1142
-131
-1406
-316
-62
-1039
-219
-43
58
385
-441
1351
-1058
-2854
-66
56
-620
-354
-300
1474
226
589
-754
-1551
-67
742
-1567
423
690
685
629
-422
1813
-404
332
1965
815
-758
-215
-183
1836
356
1051
713
250
809
172
283
-650
-35
293
480
-317
-206
-702
-74
-90
720
2235
-438
-960
206
-960
-124
-550
23
-639
1011
-219
-735
-688
-1358
-106
-1330
775
613
783
304
-780
-1208
427
913
895
-456
386
846
-253
1129
-1190
678
301
-699
700
-80
207
848
-1130
935
389
-1856
-236
-604
1325
610
83
347
306
-497
97
-185
209
476
313
1313
1276
-857
439
-409
252
-214
1415
-779
-2713
121
175
838
-1104
932
-114
-800
-466
-29
167
987
1019
-874
-896
383
-674
329
476
-378
-1030
-167
125
-271
-538
6
260
-424
259
456
435
-1087
695
414
779
191
1239
-330
-382
-194
124
-809
1383
-904
1769
-119
1153
741
-933
-143
-573
-676
1394
-2213
-764
582
-194
-278
-961
-705
-294
-746
814
-1202
-703
309
270
-1398
977
1427
-815
-756
-1428
-394
-1028
73
-428
-326
-243
85
-935
435
589
-173
-1305
-146
-568
280
7
-285
-794
392
431
1076
463
-313
-1972
-344
-68
-925
-14
-248
-187
-256
793
75
690
-296
-20
295
-205
1802
-114
1182
-1267
-1189
537
864
1251
-454
-792
-318
-2418
1380
-1245
-1463
-1006
340
12
-704
-1038
-937
-402
-1681
-1232
-360
-55
49
-28
-709
699
173
1174
498
1357
55
-1434
789
324
-1274
1024
2254
-705
635
1465
538
903
-1306
714
-581
1281
487
1183
-553
36
134
-58
660
-482
1871
-1287
163
576
-400
2123
-437
601
-898
-1048
-796
891
498
1242
117
-1055
-820
-156
-875
477
-232
1598
-272
-760
-41
5
2812
-487
659
-1522
1638
-532
-859
688
1519
-609
-219
854
-1271
67
-1214
197
-659
1122
1054
1324
263
235
-206
1125
953
1450
41
-169
311
-2105
-164
18
849
-243
9
-468
58
165
814
-829
-756
-1368
72
166
216
189
130
-170
1477
1858
696
-466
-528
79
761
-1305
-62
-332
-368
-60
-610
100
-102
691
351
674
1020
1542
731
57
744
1044
-1529
-44
112
-1420
702
232
-122
420
975
341
-1698
44
16
-489
-653
173
1433
1395
311
-344
410
-126
1086
1222
-633
-1025
664
759
982
382
-667
-519
-274
1028
-915
-819
482
548
1896
1031
1403
-615
324
-262
-156
28
397
387
-2010
3
268
-194
-10
145
-509
247
146
940
-767
-279
656
-45
-821
304
1877
-185
306
-526
318
-1254
-1619
-128
682
-233
375
-984
-281
720
424
230
-33
-1704
1130
383
408
-69
497
416
478
-472
93
248
-730
546
-204
272
-129
34
-431
-1100
1162
-2116
80
-603
-436
1031
1026
1045
993
389
189
567
825
1031
344
-1158
-626
-470
-1296
-363
-1067
812
667
-704
-564
-143
-696
-2050
975
257
-100
188
-260
12
60
301
219
-1535
-127
-227
-29
93
84
-663
-290
17
-1050
-30
489
116
1327
220
-210
-915
-446
-477
31
-659
1475
492
1071
253
-425
469
30
-597
-1337
-810
-1237
1259
276
159
-472
790
591
1202
784
-572
732
-1537
11
157
1436
1305
-894
-1469
971
-1196
750
1722
-420
-375
238
978
898
886
1109
-898
981
-1030
94
1012
382
94
170
900
723
-328
-1238
1193
156
1247
-817
-867
668
-305
-1508
137
-1207
-317
-1788
1193
-383
427
186
-242
-340
-1554
1414
-1652
-529
2658
891
376
1229
1371
337
1055
-25
636
-55
-521
-466
265
-784
-7
-133
897
5
-85
-1155
-914
854
-39
386
16
-739
-346
498
169
-744
565
-424
951
-151
-176
1
-584
937
-13
552
-1193
87
557
-739
-224
-43
950
-492
-1605
452
-1213
-48
-179
-1451
-346
-878
1186
73
-162
-1125
-212
1315
-1518
-1317
917
351
-415
519
-630
77
-1319
152
735
-418
-227
-333
524
-326
-377
-1580
-1467
-1379
-89
-591
388
-849
828
-1080
31
1318
548
150
314
-50
-962
502
733
-37
218
-38
-834
-551
661
-1367
-486
622
17
918
-2108
-42
-711
-836
-825
-1193
-1286
117
-933
101
295
-602
337
-676
-359
-899
-1485
1203
351
-34
-869
1488
60
1392
-711
-1511
-1340
117
-707
-1115
-1015
368
-213
554
-969
542
866
-1051
782
549
-454
1166
-421
-196
563
-190
322
-249
-338
-254
323
-1229
-449
-369
-275
911
513
1010
-305
-991
658
1183
726
-1664
1609
-1521
1235
-143
1028
-222
384
97
-1016
-101
149
-232
-538
-183
29
-1178
1007
-642
-943
1605
349
409
705
87
-50
475
992
-905
34
-1023
1253
928
55
611
-737
945
-337
336
-1059
191
-1119
-332
-515
-776
-959
-1003
-3163
-676
-765
-229
408
-1327
986
-393
-1300
-310
-1753
1590
-164
99
-133
1878
538
145
587
696
1288
-400
964
957
-1110
-1647
944
-624
1466
-1397
-866
466
1
939
-899
814
-273
968
-670
472
-1544
-137
369
-800
-668
1435
878
272
1147
719
-122
794
-868
-247
410
48
1170
2003
-1413
327
-263
603
-2029
29
472
-137
-1128
-94
-202
-460
909
699
-118
-1013
591
-228
-789
-901
291
2181
-57
840
1179
160
-58
155
-275
-59
458
-878
2072
160
158
596
906
-241
858
1243
310
-81
754
-486
-1018
-344
-480
-60
-549
805
-355
878
465
-245
-172
551
-924
822
-602
1025
358
442
131
1630
485
-806
700
1641
9
1522
854
489
-668
109
-38
-713
681
-1566
533
1166
828
350
-417
-1220
-842
567
513
356
-237
-73
1366
-1192
456
849
177
1418
321
-1511
-1697
-173
-771
137
75
-813
-375
-1283
789
-468
-389
1698
-1760
1297
392
-1018
1174
1521
566
-631
-470
224
1356
907
76
1181
-361
532
-965
-705
1320
80
185
-1013
548
287
-855
590
-425
1852
182
-1385
1755
-309
354
-2195
165
170
-1394
36
587
-9
508
-826
-1286
-416
43
-437
-778
612
143
-432
-196
3
233
130
353
-828
-245
-765
-627
113
-220
460
582
-351
594
745
-1217
1368
1138
-927
-364
1153
-50
-654
559
-71
184
489
1110
-206
-1041
696
121
-1324
-694
-1243
-26
2454
214
792
728
97
74
1450
1386
1678
-106
714
-1473
-183
-1171
1682
-1182
304
-1245
-663
31
-56
40
1525
1692
-353
1231
444
25
-546
-1092
-1290
734
-535
-1346
575
-198
1542
-448
1119
-376
-1306
-762
297
-502
-133
-88
-616
413
-431
-1918
-15
639
1442
182
-1213
54
-1207
13
-203
41
1506
1060
1580
1012
-1194
-762
1474
-564
-545
605
-1367
-1102
1624
2250
42
762
-508
1089
139
1139
258
-286
-1105
-425
772
936
-431
-1733
-654
-650
986
-53
-437
-678
-798
-2025
-328
2026
212
367
1166
-204
819
143
-425
441
1435
-615
-20
-668
-243
604
61
-922
1226
-120
739
624
1015
-903
274
484
876
280
510
820
811
-446
-1156
-794
-339
620
299
106
-570
152
438
240
-116
-1894
-498
-148
83
331
-169
-397
-903
765
1606
-194
659
-542
-2114
-1872
1545
-82
-1495
453
1612
639
928
1159
-305
972
-1226
331
312
717
690
11
1116
1141
145
166
-187
-1669
-1251
295
-682
-1320
250
2538
573
-1268
-334
-1038
-268
-964
-779
-1517
-204
1113
457
-318
117
-125
1906
-717
1459
-1173
-1308
90
-902
-1333
98
901
1249
496
757
866
-957
-678
-694
-1443
1641
1293
-187
-122
-1504
-809
-723
340
381
759
258
-279
554
-1162
-793
-694
655
-265
111
-42
-1135
468
98
481
260
-1220
1434
1352
864
832
99
-647
-1038
808
-45
-158
-67
-16
859
895
-821
-556
223
532
151
697
420
-1016
-410
-2185
-285
1243
-1117
1705
-619
876
2808
-696
-7
-995
704
-550
1488
57
941
774
-1121
-1245
591
-601
706
-825
-721
-81
1145
-126
436
-867
1012
68
935
102
-513
-242
-99
741
-1226
-594
-451
629
633
-670
464
-515
643
1589
-61
-262
-422
504
1388
-88
-1229
18
52
535
71
-1296
-1381
550
-2027
603
-778
-429
-555
1855
-37
-736
732
-668
71
1132
-48
396
-533
-52
-1448
472
-1348
-100
-487
455
1124
-552
-23
1646
-357
506
596
443
618
-180
-1379
-611
-683
-56
-411
-388
462
-401
-794
-927
-864
885
1656
232
-757
891
770
191
-2138
-534
-440
445
1480
495
1663
-310
332
191
73
331
-690
530
-352
-443
-979
866
563
606
-85
-206
-332
-1641
-776
533
97
185
609
-39
195
34
-267
806
-383
-207
467
-927
-220
-2165
360
347
1267
138
1851
-32
133
-1434
357
-1483
1604
487
-42
632
1883
286
553
-761
-170
587
1186
120
661
3
173
92
-328
430
-1273
491
-459
84
61
946
253
-666
-2218
471
-922
651
-660
-340
270
1159
563
914
1367
-854
-286
-1245
-233
-596
2491
827
-169
152
-581
1401
-130
-151
103
828
-357
-778
-201
1264
521
-1478
688
3
2246
-270
795
82
815
-285
445
-229
1926
-585
568
1814
-588
-828
481
-1454
-479
-240
1323
-1593
1293
659
-1236
202
175
-954
249
602
-129
-1185
25
312
-544
409
-1100
-538
11
678
-168
-803
69
-539
-66
-1343
1049
-222
927
239
169
670
507
-2503
-1397
537
-1253
-321
523
85
911
89
741
-980
-14
-933
-10
1181
-665
-33
-28
-679
-667
189
166
-734
-1760
379
-1675
-600
1751
1108
45
1580
1023
-2526
432
-1028
-497
168
55
302
600
68
1235
-856
-582
233
1063
-424
-600
352
387
-109
-280
-229
-77
1057
-273
571
1193
-1619
-48
847
-812
-786
-230
-635
-116
-478
590
-725
-319
327
772
237
329
847
-575
-997
-546
811
349
-296
-1746
683
-2513
-347
306
583
-1178
977
-867
-705
-729
-691
419
1340
84
279
-162
1594
-90
-1868
537
-839
-1093
368
-302
700
-966
-1061
35
190
604
358
-257
42
95
-157
1409
1288
1340
-474
-1727
-700
1344
131
1237
1243
-5
-633
-1995
-760
-1173
595
-1342
-898
1116
1189
-375
-1036
-9
81
-1227
184
-442
-405
-233
-111
-275
-544
241
-560
1520
-1193
90
5
-182
-9
-135
9
486
269
-163
-1
-308
1727
900
627
-1277
505
-350
-38
-1229
235
-1256
-553
-559
-894
-337
-521
-828
381
-541
284
-640
968
342
182
-685
-2647
326
-613
1524
-1126
2707
546
1492
859
843
-1236
-364
760
-269
339
-65
86
672
713
1472
-370
351
-199
-94
892
-2244
-6
-1294
47
924
-313
765
1221
449
939
1872
329
2105
-422
287
89
1295
-572
105
-2508
-230
1137
1678
899
-709
303
-1405
656
-128
-315
881
-503
1249
281
367
-237
-476
126
1973
893
1190
248
-333
223
588
516
-697
236
722
-712
98
-67
88
1001
761
1508
-997
98
-1549
-410
235
442
645
-1034
-1084
-478
-273
-1133
-250
-684
1749
-64
1486
-254
218
242
480
-19
998
-171
348
-792
1516
-102
836
-90
1094
-10
-1317
581
-798
-822
-610
-737
1541
45
475
-984
-2121
275
693
-279
836
-251
-145
-687
-84
-1204
-101
-937
414
824
162
70
1290
907
-1987
-204
468
-274
127
570
-412
-376
-435
479
1123
1403
1228
1360
1946
233
932
-73
821
-843
-687
966
201
-177
-409
-654
-538
-514
91
143
1020
660
-681
265
-582
-163
-71
725
-894
958
-645
309
583
-976
-830
-1527
115
1918
762
-85
-544
-313
-65
-265
2295
1655
470
637
-1100
-134
420
-602
-1054
-11
-442
-26
-757
2117
508
529
-2085
57
-625
-828
611
601
-1195
-814
370
978
86
1186
795
-486
212
522
548
-553
-1033
825
1190
1029
-146
423
65
63
1002
227
-90
-756
504
867
798
839
362
455
198
-1821
818
735
794
-2032
-372
135
583
641
436
80
544
-191
1481
477
396
-1042
1620
983
1009
917
805
-90
-768
-1365
1081
-596
-618
-1111
50
-2236
-407
491
956
-660
-526
165
1081
-307
-1878
-855
-650
46
89
-219
737
-495
-2240
890
-74
-1456
-171
600
311
323
1053
-1115
-153
694
990
-637
-113
156
1592
1459
-23
1872
-544
-1801
-447
342
1302
476
-786
261
-910
-875
1305
-771
634
-419
-663
-230
293
1070
-288
1833
-695
-345
419
1459
999
429
-1052
-158
-556
330
168
-1329
891
-1673
-181
-248
512
-528
703
1939
-467
316
-50
-999
-289
984
1256
-218
1460
199
-138
-826
-1123
-72
-271
1333
-416
846
-665
-290
186
-1294
1341
-1965
-728
28
-270
166
-716
-267
870
-462
-306
54
-80
596
1138
-594
195
1662
-929
1487
1870
-756
1106
-640
76
-866
1454
860
-57
-1326
-691
1070
-1177
-228
-1427
233
-361
1456
739
-449
-134
-426
-125
529
482
-450
1092
939
-1484
-1119
319
-704
781
737
915
650
935
34
-560
-351
70
-1246
-447
1457
1352
-397
-449
706
705
629
-735
964
424
276
54
1078
-55
293
-810
46
1048
-503
-25
898
-381
-434
228
582
2037
551
1142
-300
-669
74
-1083
386
-2047
-191
-1324
-1000
558
-684
1362
2432
518
11
-674
-1081
1304
1519
1507
717
731
384
-75
-164
-714
928
-992
660
1159
1555
580
-269
628
-1712
-595
-2500
-342
106
-604
-538
772
1168
665
453
163
-425
628
671
-346
-1133
516
-724
-224
-1163
451
157
196
1046
-806
-479
-606
-370
1190
-687
1256
868
1553
-789
-1076
-1643
-432
-44
16
-476
362
-831
1076
-391
38
836
970
868
-590
1268
-906
-321
-88
865
-190
318
-1424
407
-291
1634
56
-663
-258
719
329
836
71
447
-152
1965
245
-321
-911
236
-789
-300
1508
-7
-1310
-146
-1216
-133
-904
884
88
-231
475
-542
451
879
250
-1317
456
448
-1683
1240
281
37
881
-472
-1991
518
-1253
-1836
-696
559
-896
-877
5
125
-262
-127
1716
1064
641
-352
301
-751
199
-403
-199
449
-57
-306
-1591
41
772
-74
302
1093
1227
-133
1605
271
-160
-780
-568
917
-952
-914
-514
-640
-509
902
-546
470
-376
-553
-565
-1271
1074
672
156
741
-1518
-2078
-1058
781
82
1233
-311
286
-394
-223
1815
-464
-593
531
145
278
304
-633
539
-715
-1200
-111
786
-406
173
404
0
-1283
-617
964
-614
-211
-323
1245
844
-1095
-357
-1555
-238
-93
-927
1614
-125
-933
-1417
756
-866
-954
492
-877
1551
-567
-495
-431
-473
-1241
1550
-666
-469
-1207
717
888
1068
787
-572
1781
180
339
-623
31
-140
1060
-210
-927
343
1038
-238
160
-356
575
-340
275
1201
385
712
704
33
1388
-855
-1201
-1002
-1055
326
185
-187
994
941
260
-505
-1024
-1272
917
-936
388
-460
-1909
306
207
-403
-821
1576
-966
561
1752
-481
-745
733
1046
487
-1734
296
-1310
-35
906
6
367
277
-734
-806
-774
101
20
-502
1353
153
-1025
-1380
1072
-1458
-372
418
-304
-57
-284
848
-846
-67
-355
-1012
-1455
639
-415
-852
742
1200
-2170
-118
-523
-741
326
53
2121
587
1127
-1585
91
1360
735
1590
-670
56
569
-716
1706
1642
493
754
-455
-345
800
-763
-808
1746
-223
-28
1116
1697
-90
-1012
-944
926
65
-1307
-172
856
-1036
-851
-110
232
-1052
545
-943
-709
-1044
210
-1945
-846
-948
-80
-824
283
-462
-1076
-465
-625
1752
-415
357
-147
-959
629
586
1554
-421
-2259
-720
457
229
189
182
1301
1119
-685
294
493
-197
500
229
289
-156
866
409
1361
772
612
1433
29
-680
-1454
16
1179
465
-623
-134
280
372
183
-348
104
-1379
372
890
-1200
366
1234
-234
-299
-758
1585
-1339
-924
-1278
-333
1528
-631
-985
-1297
-200
-658
1549
701
-438
446
418
-816
-162
286
620
187
-739
536
-552
-1023
-79
-550
617
-419
207
-390
-844
16
832
-1598
-134
-776
-354
-703
-1343
-224
270
-53
1051
-267
38
1084
142
-296
-968
-178
377
-271
1885
-480
-1244
234
716
-1486
-405
445
207
-1635
845
-183
-59
-989
545
-724
324
-768
-735
-353
-1399
-1274
235
628
-1093
935
-224
-963
-1229
-419
-514
1491
-753
-18
-33
772
387
-1224
-300
1191
351
1055
-590
541
555
1853
163
-1006
777
1598
-241
819
-29
644
-104
-133
831
-1057
27
-171
1378
920
-449
-114
-543
-728
-893
-488
-149
925
840
710
362
-460
541
-1256
-1772
932
424
372
1198
964
-31
1366
-113
384
-854
998
-33
298
-674
37
-394
-1686
-493
-326
-968
-187
-522
703
350
-1385
745
-20
-7
472
800
437
155
302
59
-781
1156
-1068
183
-692
666
264
-88
-334
1276
-633
250
214
-1273
-697
413
1490
224
795
-264
-431
-378
712
854
94
-395
388
-881
-201
-109
-167
-1015
378
356
-4
226
-698
-280
736
-296
-1081
394
525
-496
101
1782
-339
-98
1532
-385
-960
-116
120
-624
-573
-1050
-983
-1240
-319
-326
-852
-495
2179
-619
-677
435
216
833
-1803
896
2031
8
68
1028
748
-127
285
243
573
1156
-401
769
-162
-1196
-713
724
-686
717
752
418
113
-905
-614
-396
-638
550
-384
36
758
-388
748
480
-699
731
-620
-366
-309
-650
-1719
-201
-792
-1991
-870
-756
984
621
-495
-463
-253
2350
-70
-608
-586
488
-62
-333
994
-495
789
-1273
-617
55
-416
1163
1703
-2280
348
552
-326
-2087
690
1172
-988
780
1831
-773
-159
317
-577
10
433
1258
7
1413
1331
-1957
-1093
579
-925
-870
149
-285
-720
-1478
997
-373
1630
632
-112
425
-24
440
608
2063
1348
756
-314
395
-568
1258
-129
-44
-916
2197
-481
-73
1575
-546
1286
-717
-917
879
-520
-1061
356
1226
-1447
599
-637
97
133
190
-9
-1364
-473
1371
-261
267
-444
-687
671
848
604
-1056
-1273
183
88
-40
892
13
160
986
-167
-2048
1305
259
-1680
-905
-546
578
1368
-102
-525
-321
-308
1211
1047
861
-726
-101
600
-599
2754
573
926
643
169
-930
346
4
-1733
154
-1089
190
-311
126
309
374
789
-1495
27
88
-999
-1275
-1134
-541
-717
771
163
969
142
-641
362
-454
42
457
1541
1517
116
1616
1077
-129
2037
-1428
387
482
957
194
348
-1115
-22
714
876
85
365
-366
-276
-121
-807
-1005
438
1739
136
-1494
-162
-260
49
-23
-1494
645
-335
1232
74
1074
-710
-488
1179
454
234
537
-680
409
103
-93
948
-298
-466
32
879
-1577
1059
969
-260
386
-53
1608
132
986
808
-730
-419
-792
-435
-325
793
-85
-775
1355
-308
910
-395
-1286
621
425
654
1038
406
-249
-1344
832
-681
-772
-555
413
297
977
1295
311
74
-1499
-142
1052
-1202
155
-404
-526
1216
-143
300
754
-91
657
184
246
163
1108
3
1116
-589
170
406
877
203
-188
349
-657
-108
197
83
258
1084
173
-54
735
-468
1878
-1282
-433
-1157
361
603
-381
608
458
-1064
459
247
518
-21
798
210
444
-251
1475
-669
20
1282
-406
396
-1461
850
-449
