32 85 81
0 0
0 12
1 10
1 24
2 4
2 16
2 28
2 30
3 4
3 16
4 11
4 24
5 7
6 22
7 9
7 16
7 31
8 10
8 14
8 26
9 8
9 15
9 20
10 29
11 0
11 7
11 12
11 17
11 20
12 3
12 17
13 25
14 0
14 11
14 15
14 23
14 27
16 0
16 19
16 23
16 25
17 3
17 5
17 24
17 26
18 10
18 15
18 20
18 26
18 29
19 4
19 24
20 8
20 14
21 2
21 5
21 6
21 14
21 25
21 30
22 4
22 5
22 11
22 14
23 2
23 10
23 13
23 21
23 25
24 2
24 10
25 11
26 5
26 31
28 13
28 18
28 21
29 24
29 30
30 6
30 11
30 26
31 5
31 11
31 15
68
36
34
43
19
5
83
9
70
18
50
21
10
38
23
62
22
3
59
77
32
35
24
74
39
71
2
81
20
17
13
51
6
84
42
66
72
80
0
45
31
75
57
16
54
14
61
82
44
78
26
64
40
73
49
8
69
58
47
37
52
67
12
27
25
46
15
76
55
41
29
7
28
33
11
63
30
65
4
1
48
53
56
60
79
36
18
1
-81
119
-24
-11
79
-62
-44
3
-61
-21
-60
-168
-65
171
45
42
84
-50
32
3
95
71
29
-105
82
-29
-85
59
45
139
-155
31
47
-97
40
103
32
36
69
18
-69
-90
30
4
23
-66
16
66
-25
70
49
-67
159
3
-23
-65
106
-36
-18
123
139
-48
78
-150
-15
24
85
0
-112
-54
12
-49
84
155
1
-57
56
-14
133
105
59
144
38
41
184
-44
-71
73
-86
24
27
-43
-17
94
18
-50
30
-54
-179
-170
-32
28
20
-68
7
107
-27
-20
-85
5
5
-46
-56
-21
-9
-57
-24
-87
25
76
57
-41
19
13
49
45
-93
32
-57
23
138
85
-26
102
115
27
-148
107
26
7
53
24
60
-158
70
145
104
128
-82
81
11
46
-53
62
-3
-83
-2
180
-7
179
71
31
73
-110
-77
108
-64
73
88
104
94
131
24
67
-71
70
24
18
-102
23
1
0
-141
129
-140
-106
59
-52
-166
-97
-24
79
46
-22
15
68
-18
-22
-108
-56
76
25
1
20
-112
65
43
-24
-10
30
50
96
-55
67
-105
-51
18
-66
37
-84
41
4
-105
-109
147
81
-112
80
-2
-78
112
-96
-43
94
-120
-80
16
-89
-181
-21
-125
-197
-46
24
-135
-45
37
-20
67
-98
-79
-162
-139
-86
7
56
-109
34
137
43
-57
22
82
-41
-13
56
136
19
-9
36
28
140
-76
-54
43
53
-88
-33
51
-91
-60
-35
-131
163
-15
90
66
109
27
3
-69
-68
-16
14
-21
-35
-24
-105
-32
-124
22
-22
-62
187
21
59
161
63
-105
-90
-143
37
-61
-70
-18
-56
-104
50
20
-110
-16
78
-42
47
56
15
-30
-68
104
136
-6
234
-51
-71
-92
-85
-42
-42
13
-37
-20
-13
27
-46
6
105
35
71
-100
-13
71
110
-14
86
-142
67
-70
-144
-41
-9
223
-38
103
25
65
30
-39
24
239
-41
-25
20
42
91
-127
-100
-74
55
-69
-93
12
157
55
-107
171
51
82
5
154
73
-4
82
126
-54
-147
2
-155
-146
31
-1
-38
1
100
-67
-74
88
44
98
81
-136
-8
-22
36
-36
95
-129
-13
65
59
102
39
-30
66
-51
6
-30
-106
-39
-62
1
68
39
-84
55
23
83
-31
104
-67
-54
-118
-62
-28
-127
-111
-39
-91
67
-12
99
34
-51
50
24
-78
-43
-103
-86
79
62
-52
-53
189
-69
141
-129
-38
-84
27
-147
-14
-74
26
-106
36
58
-39
-29
-17
-39
-141
50
44
149
-49
90
-9
-54
133
36
2
-74
40
-11
-4
23
48
106
-33
-74
-37
233
-10
167
102
56
-131
-15
-154
5
126
63
48
-64
14
-74
143
-66
41
-145
-56
36
-86
70
65
-91
172
-174
45
-26
39
26
-45
76
134
21
28
47
111
86
16
-61
-10
-38
-45
42
135
69
-143
8
-132
96
20
55
19
-124
-92
28
-64
-11
37
-69
-82
79
-156
-81
8
-5
150
144
43
32
138
68
172
-23
41
41
-28
-4
43
106
2
56
-139
75
106
59
23
128
6
84
94
-111
101
-77
35
-34
-15
-77
-36
-83
-32
-53
-84
-4
-64
53
111
-146
-65
50
-101
-12
-36
88
25
-127
175
103
37
-111
0
63
16
49
-98
-97
65
-1
149
111
-19
-63
56
31
-44
-18
-141
144
21
11
28
-21
-13
-4
5
113
65
-172
-79
36
105
4
93
-75
-61
-76
7
17
188
31
-120
-54
-42
103
-136
26
206
34
-65
-82
-77
-8
-82
-168
-97
-27
-39
113
-57
23
10
-50
36
-52
64
-124
-14
-14
-126
115
49
8
-30
122
-81
-106
-94
-86
5
-50
-19
-29
52
-101
30
-157
-11
114
-24
43
-119
108
-45
153
53
11
3
-40
10
-28
-69
34
-88
62
161
29
8
80
86
95
1
-190
-36
-3
-120
79
-96
4
134
-7
18
10
-179
84
266
73
53
42
198
-13
-115
-13
41
-32
123
-132
-120
21
36
102
38
89
-103
45
96
-132
-86
115
-3
-81
-52
-5
17
-227
5
23
97
-43
137
-5
52
-8
100
-106
34
221
105
-67
19
-70
146
-65
6
-72
60
16
-35
-142
41
78
151
-65
-56
3
-19
12
19
-33
21
-1
73
7
-42
40
-35
-108
-149
-121
-135
102
-122
67
115
43
-82
41
-28
-80
-81
-119
-190
68
27
-33
54
18
-144
22
12
-91
87
-25
-39
37
74
74
-34
15
23
196
-22
4
-33
86
-59
-41
87
73
-96
-44
-65
11
-60
-149
77
-8
9
-65
-17
0
-54
33
-112
26
26
86
-24
41
-113
-44
-107
11
74
61
80
124
-2
-9
31
-86
12
-12
-68
10
19
1
-58
-222
136
-29
45
-55
-79
53
142
-116
-140
-10
26
16
33
65
-60
58
-95
131
115
-100
-50
61
-46
21
-81
98
-66
19
97
-76
-84
105
-78
49
-242
32
10
-179
-79
71
-96
-57
-36
103
74
-85
103
-69
72
-63
31
124
-44
-118
47
-2
10
-40
-32
43
2
127
32
74
-25
-220
-101
10
23
248
81
-35
53
98
2
-27
14
54
84
-14
-32
-16
-34
-51
16
59
190
28
31
56
104
20
32
92
-30
-27
-29
-128
-8
113
-50
-15
-145
30
128
157
17
-136
69
107
-54
168
44
26
6
75
-39
111
-69
39
-57
60
46
-68
-2
-6
-133
55
-20
42
119
-124
43
22
20
63
45
-16
53
-6
40
1
-143
-121
-27
83
-69
-34
-26
83
29
4
102
15
-74
10
2
-54
21
-29
69
32
33
25
-74
-36
-130
35
24
-84
126
82
-69
-21
-18
-12
-14
-60
-82
-61
34
-107
-24
-138
-112
74
52
-90
20
118
167
-80
-4
-2
23
29
105
38
-36
25
-11
88
69
-68
19
82
6
-23
-65
-117
30
69
-25
-52
65
-191
-56
-119
59
47
-12
-83
84
-16
81
-91
147
48
94
-88
-31
35
-194
98
84
89
-53
31
-7
-37
94
-83
-56
-72
86
-32
84
-9
-33
118
109
-44
-18
20
24
-1
-127
-43
-25
-22
-58
-29
125
-25
1
129
-46
-48
-141
-78
-63
72
-11
116
39
-232
47
-2
-87
158
68
-38
-14
34
-46
41
-76
-18
-90
-22
82
69
-151
-122
-46
-101
-23
27
90
-41
-80
8
-27
10
7
79
42
38
64
-30
-90
75
11
115
-88
216
28
137
13
78
-1
33
-18
-43
0
-44
-113
-193
55
-12
-57
-152
-51
-11
60
78
160
65
52
-35
-39
-61
-60
-2
-98
-96
8
-113
-133
-59
178
57
-108
-49
-14
12
-52
-91
-5
185
110
50
-138
-12
6
129
251
3
-25
17
73
2
45
2
71
112
53
-18
-93
45
-26
-120
-101
83
-89
-17
70
-33
5
38
-85
45
-33
-147
169
-46
62
-26
-10
137
34
65
94
53
90
74
-113
-176
-2
-44
98
192
-5
-182
-4
53
-124
129
80
-52
12
-133
36
29
10
44
144
-13
-73
-184
-50
20
102
-51
96
75
-56
-43
108
-105
63
18
67
47
28
-96
-108
39
27
13
74
-74
24
-23
6
119
-91
-118
-68
-16
10
-41
-39
-6
91
-76
-67
-19
95
226
-213
34
117
-47
76
-118
12
22
125
-167
-5
-61
-72
-231
96
-147
-104
131
43
-58
30
61
-122
93
3
147
-34
-147
-38
-23
-152
160
35
28
71
-18
49
46
13
-144
-203
-84
-133
206
187
84
-87
-206
71
54
-148
-48
-18
107
-83
-71
28
-33
-65
59
33
-15
-34
-100
103
45
-47
42
22
-147
19
-101
-3
51
67
22
-155
-105
-77
-12
134
81
-166
13
107
-45
-1
-92
-9
31
52
-69
-65
136
39
67
7
76
-69
3
-103
27
-102
157
100
-41
17
24
4
10
-116
-104
18
-132
-13
43
-172
-9
152
-109
167
2
31
7
0
14
-87
-45
-72
-230
-11
113
79
14
108
14
51
44
-34
81
-25
-91
-23
172
65
-109
-14
-96
-18
-63
23
-11
58
-27
-42
7
9
56
-61
57
58
212
-34
165
-201
-17
16
104
151
-60
-65
128
19
-140
49
-37
-19
-191
9
43
-36
10
-70
-10
-20
69
-114
51
-95
24
-139
-187
-69
-13
-176
-153
138
134
2
5
49
-31
-71
40
-169
-72
-42
-39
23
-14
50
51
-130
3
-111
-10
-74
91
42
-17
-17
4
181
58
54
-61
-31
-102
139
-95
39
-16
-27
6
227
-31
-27
-33
-37
-37
-22
128
114
31
-42
-35
-120
132
9
-9
78
-64
-14
-2
28
-48
92
-3
54
-71
48
-5
70
-186
41
-26
79
-94
17
28
10
-65
83
-120
-66
25
135
70
-99
55
-139
26
28
2
-230
-10
47
-97
37
18
-85
89
44
28
102
-15
63
4
49
36
87
-155
10
-50
-29
-35
-85
12
-67
-10
-85
-48
122
-11
-104
80
118
-51
56
-175
15
-28
20
53
10
6
11
-11
72
65
196
59
-97
169
37
-104
-82
168
46
17
27
-73
5
38
-62
-90
57
-9
-134
227
-1
-151
58
-47
-1
37
-40
-19
-25
84
9
49
61
117
-50
-1
99
40
-43
-66
134
-81
9
17
-105
21
27
-19
-55
-67
-33
-27
-37
-68
-82
-94
21
-57
35
-27
-96
70
-195
47
-133
69
49
49
-12
-35
136
-15
30
48
-84
-65
139
177
49
90
-32
-74
-123
59
-18
-169
-162
85
12
94
124
74
24
55
-80
105
-32
-32
-140
110
140
-206
-40
160
49
-67
51
-57
32
68
21
26
-53
103
129
129
83
93
-21
-87
51
-85
119
88
52
-6
75
-51
55
-7
-14
-8
19
-101
-57
27
-47
-101
72
-64
61
90
-85
-19
-149
-31
-38
74
40
20
-158
-98
-82
-112
-63
54
-87
32
-34
-10
-65
-87
24
142
35
-16
-19
29
36
37
-86
-132
-76
9
-49
-63
99
116
102
168
-37
68
5
-56
-7
87
-54
20
0
-10
46
-6
-30
-5
51
-21
-139
25
-46
-125
155
39
12
-124
22
72
-89
-157
-13
8
85
-89
40
-60
-56
24
5
6
-103
-21
-98
-50
14
35
48
126
-98
-22
147
-38
-5
-51
-39
-73
75
-38
-136
-68
30
-1
-153
-67
47
62
156
-142
-56
206
28
-91
-19
-50
46
-27
-60
24
160
31
11
-1
-35
59
116
-31
63
33
-10
111
38
87
16
-33
-20
-50
-23
120
150
54
142
-108
89
-74
-70
88
93
-172
-38
-163
10
63
16
76
-89
94
-55
-36
-38
-85
128
145
-51
29
-20
-90
-125
-13
0
-63
156
119
45
-45
-40
-148
-26
-17
-47
-33
58
-269
51
31
-89
34
139
-26
-24
126
-195
-112
181
-18
-14
37
-24
-75
50
-33
1
-39
44
6
51
-135
21
127
-30
45
23
-60
64
-47
-75
-76
105
-60
197
-16
77
158
-54
-36
142
38
-18
121
40
-25
-15
33
-3
-21
-52
94
2
-19
114
-75
231
-84
70
-171
-20
89
-122
57
59
-46
2
-116
-18
-95
-86
6
117
208
-52
112
45
8
-58
105
-58
98
-63
22
-40
-57
28
29
-97
44
9
17
16
61
-24
-10
139
75
53
64
10
19
40
22
2
-43
129
46
22
72
63
-173
69
-10
-2
-44
92
49
-22
35
-19
47
-18
74
92
-13
40
-1
61
5
-67
121
-29
-102
76
-29
-56
79
72
-78
-9
25
27
-45
63
67
24
191
134
42
-159
-63
-20
-57
-1
-34
-22
7
41
51
-7
-36
9
-103
110
-55
65
7
-142
-29
-10
-67
34
-41
-66
-2
-49
22
108
-107
-76
-139
-34
-70
11
48
163
1
29
13
8
127
124
17
-153
-36
32
-39
76
87
76
1
58
75
181
47
85
10
-59
69
-60
-8
-179
40
-65
-24
-80
-15
-58
-98
-45
-76
-10
-114
11
-122
-49
0
-123
-131
40
6
-18
12
-42
-46
-12
-40
-175
-35
-43
59
-43
-9
-69
-25
30
-44
-63
77
236
-6
23
-109
72
6
-67
104
-71
61
106
92
97
141
48
-45
125
-46
91
-101
-23
-32
33
32
-113
-40
87
-224
75
-26
-196
-43
94
-49
-94
40
-31
-48
-104
103
27
113
-119
-101
-27
-69
79
75
14
-17
61
29
-122
122
-40
-129
-102
-49
50
-3
91
-35
-50
28
136
98
5
-34
-100
65
84
-133
-14
-92
26
-55
-8
-21
106
-25
-10
21
-89
-58
104
-159
-114
22
-34
14
38
42
-75
-10
-73
-27
-35
18
5
14
-39
-44
-99
51
-9
25
-42
95
-46
-46
-31
-70
-109
36
-19
79
-82
-6
-32
17
139
29
-58
94
-23
115
32
-146
-10
43
71
97
-1
-82
4
-2
60
-143
8
-197
94
107
195
-40
-56
57
66
-8
-36
29
-216
18
-99
-119
33
85
-95
20
65
-26
17
29
-24
-30
-19
-46
-60
-4
105
-23
-25
-33
-13
70
-99
158
136
80
-53
-55
-217
-125
-158
11
113
-65
78
26
114
47
105
-6
-73
-87
83
55
-51
-8
12
-67
33
-32
-89
-100
76
47
5
41
42
89
-241
-7
130
59
-56
-30
-92
27
-57
54
7
-32
4
-162
-46
13
-3
61
100
26
82
95
-68
-116
-16
200
7
87
40
90
-23
-24
32
15
-93
-33
-53
28
-54
30
-1
35
126
7
-22
54
7
-76
75
28
70
-31
0
36
-97
-35
-29
70
-45
-47
-103
90
45
-3
-12
43
22
-62
-91
-160
41
-106
-20
10
-33
46
13
12
105
171
-148
-81
173
-139
-13
-10
-102
75
86
5
162
-46
-118
-42
69
-144
25
-19
46
16
54
-11
18
39
26
-146
9
-38
89
134
25
-91
-58
-144
-70
1
-21
74
-131
93
-109
-124
-29
36
-93
-37
67
-88
-72
66
145
-31
83
-8
219
-7
41
138
30
7
-177
-163
-11
-62
127
-182
-110
45
-26
-29
-50
-116
-156
-76
29
-107
-91
11
-126
-26
9
53
-50
22
-30
-5
28
-55
-118
58
-9
-75
36
-47
0
12
91
15
1
130
52
56
-39
-1
124
12
49
-142
-20
57
42
-172
-57
-214
-7
34
-198
9
96
72
-41
161
-32
161
127
-51
37
11
-51
-12
34
94
2
-25
-145
-25
4
88
58
48
-24
45
-22
39
123
30
-6
-21
126
130
34
-37
-77
-9
104
-33
59
-18
59
0
-93
81
100
8
-98
-48
19
-60
107
-16
64
-36
-56
-4
127
20
26
-46
26
-55
153
-10
-87
-112
-98
-82
-29
-45
14
-33
22
63
-120
-31
191
-131
-3
-145
-43
12
33
125
124
-20
-207
101
97
-29
-17
-55
29
10
14
226
106
-40
51
-28
-63
-98
-66
-72
109
-5
-87
96
-47
151
-122
30
127
79
113
-149
160
-12
23
47
7
-46
-59
-11
-36
46
81
3
17
-188
47
133
63
184
-26
-2
10
2
-21
53
-39
-23
-60
-43
0
38
8
90
-28
-59
-59
-13
-11
-92
7
-34
91
-78
22
-90
-5
-68
22
44
22
-23
125
101
32
179
53
-107
69
-52
-66
-38
-76
-63
-32
3
-32
-43
81
48
-44
92
40
43
6
-122
-64
-181
-169
-169
71
-55
-22
30
18
-35
50
36
29
-29
-17
9
57
-104
-36
-9
-174
6
-93
105
24
-86
7
-107
70
-4
108
-30
149
-21
26
-93
-17
50
-37
35
-41
122
-49
239
-183
119
-56
106
81
-18
-20
-22
-32
-88
91
86
18
74
52
-36
-7
23
-63
246
-3
-129
82
-76
14
-122
88
-109
39
100
-102
-49
19
14
118
88
-64
83
-116
25
-74
80
189
-18
-3
52
-81
-195
-45
16
-20
-9
53
-11
11
146
-63
-97
-33
68
-75
73
57
-34
-34
6
-46
141
57
-104
37
21
-76
52
1
69
32
-44
88
-8
14
-18
91
29
-90
50
25
35
60
171
15
-80
98
-50
-53
-14
94
-72
100
26
-97
-93
-31
-83
37
-85
-75
-160
50
66
73
-60
-42
17
19
14
66
91
-210
-53
64
-138
77
-216
25
89
23
42
-198
-96
-111
19
-22
-144
130
65
135
13
-5
71
178
5
-142
211
-42
-61
-160
-30
-13
3
114
62
-17
19
128
0
-10
4
63
-51
15
9
-42
11
71
-111
-43
88
-135
22
9
-106
-31
-47
87
15
27
14
-84
-35
-15
-56
-72
-162
17
87
-141
31
119
-42
-132
66
41
49
22
-145
8
-330
-33
-74
27
-84
-36
-98
82
10
18
-75
-58
-126
164
47
5
42
-15
-15
17
100
1
169
-75
23
169
-38
35
-2
-4
-12
95
184
-31
15
18
-12
141
-78
-39
41
28
-41
-7
118
-76
-8
18
-137
97
14
0
60
-71
-87
76
45
129
-46
8
-17
-31
-81
-85
-124
105
-105
19
46
35
-84
62
56
-105
39
-8
-92
2
118
-119
-136
9
-48
-50
-39
-14
-118
-48
-42
100
-45
76
-118
-61
140
-53
-46
7
11
104
147
-5
-24
131
-99
-13
21
-9
56
11
-9
-82
40
35
83
-22
-81
-39
2
-42
-25
-7
-8
60
126
31
126
-63
-81
-77
-5
-47
8
-14
-101
-60
63
-34
57
-35
159
16
77
-51
59
2
-63
4
-80
-60
-4
-20
41
19
-46
-21
-33
-124
23
-84
-81
114
48
67
31
-24
112
65
-15
202
-13
-26
-72
-39
31
90
-10
0
3
-54
-133
-145
-40
92
-40
32
133
64
105
141
50
-84
49
-7
-2
-154
-39
-100
-13
-58
70
-17
128
-44
1
-111
7
-92
-12
37
157
83
-85
-46
19
-77
-24
58
86
61
20
156
-6
-55
-189
9
5
-67
223
4
90
-100
-128
-20
-31
-130
-21
111
196
58
-34
-8
-103
-31
-140
-144
-24
-24
-60
-14
77
2
-1
163
52
76
11
3
38
98
1
-157
93
-29
-50
36
-2
-109
-7
2
13
-7
32
34
-55
37
133
150
-74
33
22
-75
-33
-26
-62
184
39
-92
-104
-77
-41
21
26
35
-34
84
-9
42
-113
51
109
-61
-42
129
51
56
106
10
-32
-94
112
-17
-14
-67
-29
-6
55
-1
30
-122
-50
-52
100
18
116
84
40
4
-46
76
-46
-57
-92
102
94
-45
-70
155
65
12
-48
28
76
-10
-123
-89
88
47
-90
117
-91
19
105
10
-74
84
-46
-1
22
-110
-105
-10
23
5
-27
3
10
-22
-7
-15
-108
-103
76
15
-177
48
48
140
-40
-101
-70
33
-117
-25
-104
-17
-52
11
95
-80
-17
72
-34
-81
8
-26
7
56
73
16
182
9
106
-66
85
24
111
-92
-30
-19
96
-123
-127
48
174
39
-1
-10
-43
-10
127
-91
182
-137
7
14
-60
-17
27
-80
121
81
34
-18
-76
-16
-90
69
28
-67
-123
27
-134
-61
11
-6
-24
27
-57
-63
-66
61
23
64
-10
67
115
3
2
39
81
117
19
-34
47
-141
7
-2
1
68
27
-111
68
19
34
123
134
0
8
-24
6
-183
-66
152
-50
-71
-58
-42
155
1
-47
-25
46
-76
154
73
-65
26
59
133
39
54
64
-86
-2
24
27
90
53
-30
-125
9
159
-122
43
-89
54
162
-16
-14
3
42
64
117
172
-75
7
-19
-61
69
190
33
-8
-61
151
-18
-43
-63
28
-5
-35
28
90
16
34
59
107
-34
-69
27
-47
118
-39
-19
122
-191
33
-106
43
-127
43
-46
-38
-75
-146
121
16
-33
34
8
48
65
9
153
1
-63
117
114
28
122
-126
-175
-60
123
-82
52
-73
-39
66
-60
2
-14
96
-85
36
27
66
-100
18
37
-130
-43
-10
-67
-18
151
-64
158
-29
37
121
61
-39
-109
7
-93
-25
-44
27
116
161
-16
-7
-8
3
67
-46
102
81
-30
143
109
-93
1
60
-60
-44
58
-30
-40
33
86
73
-90
90
85
46
1
-19
-81
-66
138
-13
-107
11
-117
-135
59
3
107
92
-108
-160
2
84
100
-65
-110
7
-88
-40
-132
-43
-46
-98
-168
15
-49
-34
44
-150
-42
64
-36
-7
-49
-8
-106
15
-22
-62
-108
62
-4
64
166
-44
5
-81
-111
116
76
-37
38
120
-195
-27
-63
-20
-14
79
172
-186
72
-138
133
-89
-73
-109
64
19
-33
153
13
122
-8
79
-138
27
61
-143
-124
-142
-10
98
-107
36
14
-11
131
87
68
-157
57
-23
31
-122
-84
44
48
-71
48
-37
20
-124
-44
-160
-32
-46
120
-53
-25
-33
-76
-192
53
42
2
-82
-97
-90
85
10
-6
-155
-68
-57
17
67
-63
-165
152
-80
21
102
-62
-164
17
-47
52
-53
73
-40
23
15
-100
70
49
-13
14
73
-74
81
-61
62
5
77
49
-30
42
-162
100
26
76
39
79
-113
61
30
17
125
202
147
-76
57
15
-1
-166
38
27
-128
77
-118
126
-10
-120
-104
59
2
-64
-58
0
33
74
59
44
-52
-102
38
45
-32
-41
121
-223
43
122
-31
-5
96
19
153
-40
-47
-70
158
-92
15
-166
-75
132
-7
18
-151
110
153
-147
7
63
-126
116
34
-14
25
78
15
-74
134
27
-132
21
117
-38
-67
9
1
101
80
72
-9
71
-19
175
-7
-69
160
4
-43
-73
65
84
2
-34
-90
2
37
124
-18
-71
68
34
56
205
-111
-65
-144
-50
-156
-41
-157
72
-91
56
-50
104
119
62
117
-17
9
-2
-6
14
-68
-194
-42
30
-38
-7
15
-85
95
-22
54
21
161
130
209
-153
53
-48
15
-30
46
-17
-79
-60
66
-87
-96
-21
28
155
-81
-76
-12
12
-105
-15
48
35
-107
75
-5
51
-196
177
18
-68
3
29
-13
81
126
19
49
-58
-16
-50
-103
93
29
-81
-52
-40
70
-61
54
130
46
75
-5
-27
-218
29
-78
78
-90
-15
20
106
-242
-87
2
20
-75
118
121
77
17
-96
-58
22
-142
17
-96
37
-123
-24
-17
64
-150
111
-76
195
58
65
-41
15
165
12
7
153
20
-44
94
60
-153
122
32
-28
-150
1
-5
48
-99
-45
41
-56
-60
32
13
1
-87
-17
26
-15
-24
6
-162
15
76
126
47
-85
-35
-84
15
7
-23
16
34
-146
0
-77
88
62
65
-34
-115
-19
-68
-44
10
-16
-46
50
-47
226
43
83
-24
31
0
142
-101
-37
-31
84
49
-12
-32
68
-84
-105
99
51
-36
-24
38
93
55
-3
-43
107
-107
-59
-96
-204
52
134
65
-139
90
46
-10
12
108
-88
-1
71
-67
39
-40
174
44
-66
11
-6
-11
-60
42
133
35
5
-28
56
1
67
-67
-3
-48
6
114
-93
-128
3
-3
-140
30
4
-72
-81
142
27
151
0
-22
-14
-9
-31
-51
40
148
86
31
22
24
-122
4
-27
30
-68
113
13
8
-24
-80
-62
106
5
-15
-65
-30
-1
-62
-70
-60
52
8
17
92
85
50
-18
63
124
14
86
170
77
-77
-114
-25
38
73
97
42
-15
-49
-105
66
-15
-29
-19
-14
-54
30
-115
-35
15
-171
2
92
254
4
-111
-51
66
-8
-13
-47
41
75
33
71
44
115
18
1
-116
-90
-1
-71
50
-115
61
-64
98
62
104
30
54
-42
-133
-101
-24
26
82
-112
-167
174
104
-23
-93
95
1
-2
-68
99
-133
-96
-66
4
-45
-55
-84
57
122
87
93
54
32
71
145
-115
17
11
120
-4
25
44
-46
98
-100
-99
-27
11
17
-122
-205
-13
100
-121
65
90
71
-70
37
11
63
-13
-219
84
-100
121
200
12
-166
-76
9
11
8
-115
-99
-23
-67
-7
-20
0
-72
152
-129
12
89
33
51
132
-179
-160
65
58
-37
22
8
3
151
8
82
-47
-62
0
-2
-42
-29
-52
-81
77
112
27
8
-44
159
-98
-161
38
-13
-111
113
-34
-171
97
187
-22
24
-43
19
-55
27
18
43
119
44
168
53
126
-59
-28
-57
130
-119
-27
33
-80
-103
42
-122
11
-50
70
-45
-86
-12
6
-81
-69
76
-24
-89
-99
9
101
91
-93
-21
-8
33
143
35
-60
120
96
7
-38
46
79
98
22
-33
-52
58
87
-138
50
-66
-63
29
-15
26
3
-144
27
-37
-54
-78
-62
0
-160
15
96
34
13
98
69
-73
83
65
26
81
13
-76
93
9
35
-4
-76
8
-73
46
82
-13
3
-89
2
3
-130
-78
72
-47
-98
40
10
63
-85
17
-121
-3
158
-41
-76
168
-133
5
50
-17
-28
-95
-18
102
-33
3
48
90
-73
95
-60
-3
-120
-58
129
69
-91
112
-1
-74
-33
-111
47
-104
-25
94
-56
-22
-36
18
-34
145
-11
24
27
58
2
-217
-44
56
64
126
36
-53
-87
34
59
23
-4
-71
-62
9
-135
-50
-27
-24
-60
97
-51
-52
-46
-19
-149
-46
-40
148
37
-33
-40
-40
-122
-84
75
45
-230
-116
-141
-26
1
21
-21
48
102
-167
-111
90
-78
-16
-17
-12
56
29
-54
139
13
85
-29
-54
-119
11
-72
9
-44
-16
-36
12
-5
-32
-9
37
25
-34
73
6
23
-50
-13
10
4
31
-80
26
-126
141
71
-46
-16
-138
-107
-64
-12
186
-85
188
6
158
46
27
-104
193
134
151
125
24
44
24
-72
28
-12
71
-69
-118
102
117
-78
15
3
49
43
51
-56
-57
35
-27
19
137
50
-86
14
-144
-38
55
82
14
50
-24
-54
-96
-173
-73
7
14
-131
51
-2
-21
-34
-86
-31
-41
36
-41
-86
-49
101
14
-84
154
68
71
-49
69
-64
66
-96
-63
-7
-43
-86
25
-34
28
-116
51
26
-12
33
-16
-74
-147
-138
46
46
48
-15
7
122
67
14
-31
-109
159
-113
-93
-55
69
-20
119
135
-83
-119
17
9
-60
-38
69
56
99
-31
50
11
-114
53
-79
59
86
-18
82
1
70
35
-79
-29
191
136
-194
67
-103
130
8
-52
-86
51
-38
68
-99
70
40
73
59
54
-53
150
27
27
11
66
2
-56
-176
-156
170
-29
29
-126
-40
-141
6
-61
111
-88
182
36
28
48
-7
-33
53
32
-146
-23
88
120
9
-63
50
-88
-88
124
132
-173
-14
16
-63
31
-40
5
86
33
18
-13
69
125
-102
212
-116
-34
55
26
-66
-113
76
28
7
28
-6
54
34
34
5
3
106
-20
20
32
37
110
19
-92
-185
-66
161
-5
-286
-91
-24
99
21
-24
-72
-89
-53
-4
147
-67
-18
-1
66
25
-101
43
-79
-31
182
73
86
1
-25
-144
90
-33
15
135
13
-210
60
69
125
34
21
-43
14
8
-136
-32
94
7
-36
-116
-174
65
-2
34
128
-57
161
-158
-3
43
-165
-77
116
-49
65
148
5
-10
44
-43
-227
79
-89
30
27
24
-129
18
46
190
48
116
233
-81
2
45
-34
10
23
104
-85
-168
98
108
-62
116
99
-54
7
53
56
96
-125
46
-103
34
68
133
34
43
-81
-27
-59
-20
-10
136
63
-106
-81
-52
39
-55
206
-149
-9
-1
28
-88
77
33
-51
-68
-127
-33
-49
-178
32
151
19
15
59
92
-158
34
26
-149
23
-28
-91
102
14
97
-16
-181
21
-148
43
87
53
93
17
6
-20
-32
-60
-99
31
-26
26
40
38
21
38
-17
-156
1
20
59
-46
-216
-6
26
3
71
11
93
-69
-139
-7
-30
57
-17
-127
137
-87
-18
56
-46
-19
7
-81
-138
-33
-25
50
-33
-47
20
56
-17
-11
-167
-28
28
46
95
95
84
58
-34
140
-10
15
42
36
-13
-8
-79
116
27
118
118
-27
-79
-87
62
-76
40
28
91
0
-82
-39
-128
-18
-13
104
162
-78
7
2
15
-158
121
-105
49
-47
-50
147
27
-67
-49
23
102
31
-28
-93
-43
93
-14
-32
149
45
95
8
-87
-187
46
-52
-133
-30
-79
-41
141
117
98
-25
16
-90
-21
8
57
-56
-147
-20
44
69
101
10
128
108
-48
143
82
-117
33
-168
8
-20
-52
52
-11
134
-22
1
-71
-25
-13
95
117
-91
130
-109
102
121
-35
58
96
-149
5
81
-22
41
20
-2
-49
40
-105
8
-91
71
6
-100
222
-4
-63
71
91
-45
0
-112
19
-76
-12
-4
39
-27
29
-124
44
75
-54
28
-70
106
-11
-135
76
30
-69
-17
-5
-148
52
-130
-77
148
37
-23
-96
-90
-69
-7
-7
-89
-64
-11
-19
-65
10
-75
-15
57
29
52
18
-70
-63
44
6
11
141
89
34
85
126
-32
54
2
56
-35
-55
-94
64
49
-29
-169
-84
75
134
102
40
-60
-31
68
-72
-87
102
27
-98
-46
-81
34
69
-10
56
76
12
-61
-84
-49
-17
62
-71
0
-65
-21
60
-71
-210
-64
-309
0
15
-61
102
64
50
-13
-11
48
-3
-117
-104
28
-70
-27
-146
-18
-4
53
-89
43
141
124
-28
-73
106
155
-85
85
124
-65
-60
-74
149
31
-41
8
-114
-169
-45
11
-84
6
40
15
-98
33
137
-35
-16
-104
-59
36
-40
128
-51
44
29
-30
96
-76
-19
57
44
19
106
128
-28
-100
-83
-32
-15
111
15
43
46
-11
-24
57
12
184
51
34
179
-108
-60
101
-31
39
99
-95
72
-73
6
66
-98
-65
-165
-52
69
20
-67
-33
-64
39
88
-104
-9
-53
-159
-97
-28
-128
-40
42
18
18
68
103
-11
85
-19
111
-36
-197
27
83
-73
-7
-12
-79
-167
-48
58
116
-52
-46
135
32
21
92
-94
-4
117
-133
142
-17
3
-161
-87
105
-15
4
51
128
121
8
-133
132
-40
77
89
-27
-31
-31
57
-37
49
25
198
33
50
128
-68
30
107
83
70
-18
-19
83
-119
1
41
-38
33
-49
83
-49
54
-13
-66
-32
-69
-58
-13
79
68
27
4
50
-15
-76
33
-7
-39
9
92
120
-75
72
-5
73
24
-169
21
-21
4
97
-24
-4
101
131
3
-6
69
-14
84
52
-69
38
145
147
-13
-168
37
2
-10
-243
83
49
116
-16
-112
101
-79
-4
-80
41
-45
-63
-67
70
-34
208
-2
-20
10
118
-9
-20
31
-4
-42
-115
-78
141
45
-13
-25
-102
99
57
30
97
31
-1
67
5
82
0
-22
-14
-26
88
-1
15
-36
145
-35
-68
-99
-1
-20
24
186
197
50
-1
13
109
93
20
-134
-147
-65
-25
12
-41
132
-113
49
-85
20
30
155
-2
-117
132
-166
-119
-15
69
71
78
-79
-8
-86
-18
43
-27
-24
-71
-29
0
4
5
-13
39
-13
50
40
-80
-16
24
-180
-121
61
75
98
62
-26
31
56
76
-37
-71
-106
113
-125
-147
100
7
-157
-123
-64
2
108
15
-89
63
-41
-109
50
44
71
11
76
58
13
117
-11
-15
1
30
-29
-9
91
-9
-12
-26
67
-58
63
-98
32
18
12
-76
3
-43
0
39
148
28
70
-37
-55
1
58
5
83
94
11
55
7
-92
-62
26
140
-14
-129
-161
202
-78
139
80
-83
150
-4
-53
-126
137
42
-104
-45
-129
94
50
43
28
-101
70
157
-35
-1
31
49
-49
-12
-53
2
-13
-99
54
89
-54
47
-113
-78
-66
-71
-97
14
-22
-27
92
24
124
-24
-11
-149
108
-67
-103
22
101
90
19
-123
-45
31
-35
112
-51
28
24
-63
-166
-84
22
-173
0
-118
80
113
0
43
135
78
-42
-76
-110
-106
19
-128
43
97
41
-127
-76
25
-85
-48
40
-1
-69
-51
-116
-53
58
65
-73
38
255
-45
126
-8
10
-159
8
-2
-59
19
6
2
-77
105
47
49
-26
20
-89
-20
-131
60
64
119
52
-5
-75
69
101
28
-119
41
4
-8
-90
-64
-41
-17
79
119
-27
-9
14
116
-58
-123
27
52
-121
58
18
5
-46
-111
-15
2
-30
-22
7
-119
1
-54
-96
11
-139
138
-35
82
-78
-62
-4
-48
-73
-113
-59
-90
145
-85
133
-8
68
-17
34
-57
6
-9
0
3
-117
3
41
91
-50
71
85
-10
76
-117
17
-75
58
93
-93
-68
154
32
-9
-62
48
-13
10
-174
4
71
-98
31
-47
-13
-12
5
-132
36
39
107
42
-101
-79
-119
-142
87
62
55
70
-17
68
-34
-38
-124
41
-7
22
118
-76
20
90
-107
-119
109
-60
-79
-58
-72
-46
-44
14
-8
-27
-34
7
124
189
-36
34
-7
-209
-182
8
133
1
-16
-49
35
-7
34
-41
-27
-49
78
60
-59
54
62
-51
-126
13
-8
-94
105
66
135
50
166
-62
-124
-82
-83
-23
28
-13
101
-40
65
-109
-14
96
5
109
-126
-87
26
26
57
-118
100
-82
13
-57
30
61
44
7
63
140
60
15
112
63
27
-9
-13
50
-11
-101
79
106
101
-85
116
-97
67
15
61
56
-22
-12
48
26
-20
46
62
81
19
-90
31
4
-29
-16
163
-41
-142
22
-2
-39
31
-6
-45
57
66
40
-32
62
-89
-11
-74
89
51
60
-19
-15
-47
-71
72
96
-135
-124
-20
-58
18
-119
-57
50
-143
36
-92
122
29
2
-90
79
129
-58
71
-87
42
71
-144
14
-99
37
-54
-55
38
42
34
34
4
-113
9
64
38
143
119
128
33
-91
-36
-25
-218
-61
-108
42
74
33
16
-4
-42
-50
-22
-31
90
-50
-37
-24
-8
-35
-59
-12
-79
-55
-14
68
50
-74
-74
31
297
35
19
42
-85
-55
75
96
8
39
-30
-4
26
95
75
66
-15
-50
144
160
49
-14
-58
-64
-9
13
57
55
-16
-19
107
-20
17
-25
32
103
31
-88
-81
-15
32
-83
82
-51
69
24
72
-319
-38
4
-31
59
-39
-100
-62
-120
-26
60
55
259
17
31
-137
-40
0
25
-30
104
41
11
-33
-125
65
91
-37
106
-59
15
-18
12
-29
-186
152
13
-101
-85
71
19
29
1
-13
-58
71
-44
14
185
129
-9
-37
119
48
-4
-99
-143
97
-20
104
-97
3
133
70
14
-53
-2
-159
-44
52
-3
-25
-72
-24
83
13
-12
-2
-4
-93
34
148
13
95
-75
26
4
36
-79
53
-89
134
195
-93
-89
-12
51
-48
-98
97
58
-6
114
33
-13
-71
3
-19
-84
7
45
213
-31
-59
-73
-112
18
-70
-123
120
-88
-151
113
-105
106
-71
-71
57
30
-47
16
-42
73
5
-1
66
135
74
144
-171
-5
121
-27
41
70
-79
-35
-11
97
-47
-69
-13
-35
42
73
-35
-27
-3
30
137
-120
62
-78
92
4
79
118
-64
-187
-114
9
29
-5
-112
136
-13
-43
36
-79
-73
74
1
3
81
57
46
-7
10
-123
-3
43
26
15
191
154
51
-52
-28
16
94
24
-6
-56
-131
-48
-133
-8
111
-148
-90
24
-5
97
-3
194
-150
-68
-147
-2
-52
142
-136
125
-87
-1
4
-15
51
43
-110
33
77
51
-61
-54
-245
201
-116
13
-130
69
45
98
97
-106
-25
-114
108
43
-130
136
-10
68
11
-186
94
109
106
-13
-30
30
-81
108
-90
36
48
45
50
60
-74
129
-79
2
-104
-149
48
82
28
33
-72
195
-21
-159
11
13
-18
69
-128
74
23
58
44
-30
-94
-60
92
98
86
-78
-23
-94
-30
-123
34
18
-78
-15
-105
-121
-166
32
70
130
-21
10
-80
-52
-38
-79
112
72
-39
-5
12
-71
-93
-32
52
116
-34
12
-80
-14
114
-99
9
-64
46
36
120
46
86
-1
11
12
14
-25
116
95
89
94
37
54
110
-70
90
8
-96
10
-128
-36
-114
-40
143
-84
-5
89
-162
59
-120
186
135
-10
43
-2
107
24
-13
11
29
106
28
-27
-36
115
-37
89
-130
-42
96
-135
31
35
13
47
57
-47
-27
-28
-4
69
48
8
41
100
81
-15
-2
-117
93
9
4
103
-25
-20
95
-122
-156
-20
-119
23
225
-18
-109
28
-9
-63
-29
121
77
-87
-86
-40
-37
7
8
5
23
17
139
-61
73
-92
124
-33
-66
-80
-4
-7
-44
9
51
132
60
226
-27
-86
-27
-189
75
27
121
-62
-158
-2
-124
-51
14
60
100
-3
-67
100
70
81
-144
-154
150
-36
-81
38
61
-181
72
-19
-74
143
122
-3
-36
185
-12
-109
110
193
-46
78
-116
40
-16
2
67
-189
114
204
138
8
51
4
53
-9
-43
18
52
230
16
-24
-13
21
-50
105
-79
-68
90
70
-102
-165
17
-76
17
128
-178
-102
-66
-46
-23
-33
97
6
242
88
31
72
-61
116
179
107
56
8
57
-104
-27
-33
-95
-122
38
28
136
-12
-45
-143
32
34
-9
-6
130
-49
185
22
-4
94
-42
-111
64
-39
71
-19
-160
44
35
109
-1
-48
46
152
15
-83
-54
-109
103
93
33
-201
-36
-70
-22
37
-4
5
-105
-31
-78
57
-21
-134
6
-55
54
-203
-47
-45
-70
34
-83
108
145
-129
-39
53
92
-63
37
39
-121
147
4
137
-29
-32
-50
64
-40
10
-11
36
14
-10
-36
138
66
52
13
-152
-151
72
5
78
3
46
-105
28
15
-76
-2
-59
8
19
114
26
-26
28
-74
-1
72
-102
-25
-56
-24
-123
-117
-16
-201
56
-14
-104
87
-126
-49
-10
135
143
58
-90
48
-42
3
-24
-124
79
-144
41
35
-42
-67
9
124
-28
42
-21
150
-38
-106
93
59
3
-6
28
-249
21
-72
74
3
13
-29
-116
7
12
106
-74
14
15
21
28
-42
-3
148
-14
56
2
57
-141
171
17
96
-59
-23
-4
-78
-9
17
49
-43
81
36
50
-205
196
-21
30
-77
-34
90
-95
32
35
5
-161
57
-72
22
-79
-6
-87
223
13
25
-94
-14
117
57
-44
-3
50
44
44
140
-107
-104
56
98
149
-44
-138
-34
25
-140
-174
74
63
-15
-123
-88
-105
102
-48
16
7
91
38
35
-61
92
164
-23
62
35
45
-125
-102
-109
150
58
-66
-7
48
-24
-43
-112
-2
-35
-68
-228
-13
-46
-121
0
-4
81
37
-141
0
-8
-61
-148
-89
10
-111
7
-147
20
-57
0
22
36
-66
24
58
19
-91
86
-28
-55
-20
107
118
-50
106
-23
43
20
-109
-21
111
72
98
17
74
2
13
-31
-196
86
-56
-164
-168
26
73
58
-137
-205
-99
-25
-53
-2
73
-104
31
-104
-27
-69
43
16
26
34
9
-111
51
143
60
77
-48
-108
6
12
151
29
-33
51
34
25
-117
-78
76
138
68
168
-5
-65
76
-66
187
-148
4
34
3
-19
81
-131
42
-194
34
-52
44
111
144
101
59
-42
128
43
-76
19
2
2
-141
119
12
-76
-58
-67
-176
47
165
76
7
-38
24
4
-84
-114
-123
-76
9
28
-127
-116
33
-37
-84
23
89
66
126
16
160
-4
72
-27
11
122
29
-61
10
7
28
93
57
32
86
7
-4
65
207
-159
61
41
15
100
69
56
23
30
39
-56
-22
-85
-190
19
-138
8
81
32
71
-20
-67
-102
-65
-3
-88
74
-54
-76
91
-41
37
18
-27
-83
3
39
214
-30
-17
151
0
43
81
-101
61
-100
51
-83
-61
-11
-52
20
70
36
-6
153
70
52
27
50
19
32
-78
53
-42
-22
-50
142
-48
-11
83
-127
-115
-39
10
-157
-58
-18
-41
111
33
-39
-8
-45
81
-22
-52
-52
138
26
83
94
-20
-71
-149
-78
73
-44
-5
-1
8
-37
-69
68
-32
-107
-20
58
-62
48
31
-30
25
-26
-49
-128
-16
9
53
32
142
44
31
56
-63
45
57
-21
-8
-109
22
-43
93
88
90
33
67
-63
76
-61
48
19
-43
6
5
-39
-24
-4
-16
144
1
-17
72
22
33
-29
69
133
20
-61
-129
9
64
-3
36
7
17
-38
11
76
-58
11
129
-85
117
119
-59
-66
48
-16
11
-30
98
-23
-23
-16
82
23
124
-64
48
-39
1
-45
50
-98
-64
38
-88
40
-41
-122
100
9
-67
-41
13
83
2
41
7
-12
-182
-28
85
93
-21
-35
9
94
17
-87
-92
-28
-146
114
93
47
6
-2
-15
43
50
10
-6
-162
52
-117
-28
70
71
17
17
-63
-19
-169
7
139
41
31
-52
-59
-3
3
107
86
-1
122
-51
-101
52
-163
11
-40
-93
1
27
119
-77
5
-23
-92
27
26
117
-96
137
6
43
9
213
-65
5
44
40
28
38
42
52
-34
33
44
8
10
-140
91
-10
112
-42
-109
-97
-16
-10
-129
74
23
89
45
-17
-107
13
37
-48
35
43
144
11
94
122
-42
89
191
-13
-56
113
-20
67
-107
76
139
95
42
37
70
-14
-14
24
63
202
51
34
86
-25
69
-219
-113
-101
12
-26
175
-52
-35
36
41
-91
-12
174
154
-7
-76
39
120
-50
109
-52
99
-6
109
-64
-106
-117
102
-172
1
-33
-44
-10
56
-109
-131
-17
129
116
16
-146
36
-123
116
-48
102
11
-2
-56
15
136
119
161
66
35
44
75
8
43
5
117
-21
-48
71
-42
-100
83
-129
73
-14
-34
69
45
122
-47
39
20
12
55
-72
207
-43
139
48
53
-16
-46
-9
18
-17
11
-38
-178
-5
3
-35
-26
24
5
-54
-1
-10
-78
-148
85
40
-2
-139
-25
38
47
-108
-11
35
-47
163
-76
-188
83
21
53
54
5
178
131
-113
0
74
-57
44
-124
54
34
119
142
-3
55
-8
38
146
126
12
61
50
120
-29
-28
219
-45
28
-99
-95
39
12
-66
-23
-73
121
-86
94
-16
-47
33
-21
101
57
-5
-107
-88
63
-25
2
66
169
7
62
-71
-98
37
16
-182
-25
-199
-47
49
-125
44
-1
5
-47
-32
-105
81
50
90
-29
75
23
-61
-31
8
-66
-65
97
67
74
161
41
-70
-41
-103
18
19
-59
-37
-121
-52
119
11
-135
100
-13
9
23
6
66
156
-17
-80
-195
-47
34
-69
98
-135
-41
114
102
-94
45
-31
166
-50
89
126
162
-111
82
-65
37
-92
83
-141
85
-104
71
-27
90
-7
74
-68
-43
124
102
-112
-73
105
-18
-59
60
-74
56
-47
-169
23
61
108
-46
123
-211
93
-26
-163
-6
173
0
133
-47
-120
-160
-38
92
-49
23
-4
67
68
-40
15
-91
-87
-34
-48
-102
57
99
-31
7
-24
-155
213
-72
87
30
-119
-75
-29
52
50
19
42
-56
36
-15
153
50
-70
89
-60
-105
30
48
124
-249
-21
-1
-4
-26
-67
-178
-35
-11
-28
22
-51
-103
67
81
-54
-37
30
-28
194
23
-33
-242
-39
-83
-1
-56
-141
-94
124
-22
-20
181
95
-114
13
-22
62
44
102
56
100
45
-143
65
-20
18
57
-77
-12
-62
9
23
-47
30
-28
-4
12
12
85
89
135
18
-24
2
117
14
-71
-86
-146
55
-31
-92
-65
59
88
-12
87
-177
-1
14
175
-79
-58
-12
198
105
-16
21
169
-22
-22
49
-39
54
-72
59
-8
-63
-53
0
-1
-124
1
8
-23
-91
-108
30
-88
-45
-31
16
71
-29
123
-116
87
-22
6
32
67
44
-76
-58
-30
-24
190
124
-50
-100
-66
-22
57
-91
147
48
138
75
31
112
-40
-60
90
-123
73
49
-32
-153
59
-78
-70
-17
-40
-130
43
24
-153
117
-13
113
-44
64
-52
52
-64
37
174
-5
-101
-56
283
123
73
-96
26
-134
1
81
38
116
148
-4
-7
-61
-97
-31
-41
88
115
36
-27
3
11
117
121
74
-15
15
225
-55
-17
194
-73
114
60
72
-100
-57
4
-45
11
69
-118
-30
-6
100
122
7
147
-125
22
-28
0
-83
-208
-75
71
138
-149
2
23
37
-67
22
108
49
-41
55
-30
-64
95
70
-46
-42
42
122
-33
101
12
-73
-79
107
-86
-75
13
-80
-71
49
-23
-159
83
113
32
32
-83
2
-126
175
143
9
-8
-103
41
-51
-68
-71
6
12
-40
64
-9
17
122
6
-12
-73
-12
51
155
127
-62
18
-34
-47
-13
19
80
-31
105
212
-79
130
-43
-3
116
126
73
-61
130
-8
41
15
-71
-64
107
7
65
124
-131
-144
-1
-31
-106
19
37
70
41
238
-39
-138
78
62
-135
-42
142
-56
98
24
-16
-30
-29
18
3
147
-38
111
-132
-85
129
-31
41
-21
11
-19
-36
-178
-100
-80
185
-26
34
-16
68
9
-89
33
46
66
15
-3
-71
-23
60
-58
39
-24
-97
13
-78
36
-4
-58
-75
-32
98
-82
22
62
-23
12
18
197
165
101
-106
67
-56
15
124
122
124
3
19
131
0
-50
23
4
157
-86
-37
-55
-11
-264
-111
-37
115
-57
-91
-39
61
111
-73
33
-129
-42
-42
147
-3
-112
44
-49
-104
37
69
70
-4
-43
-203
-104
-9
10
-9
37
-64
28
14
-13
113
-53
17
-79
1
96
-93
121
167
122
-37
43
-121
-152
-158
104
66
7
-7
-92
20
-99
39
-41
-16
-109
-88
6
-52
11
-80
108
-105
-69
-35
43
-110
-77
-137
-115
94
120
-15
-213
32
-129
-50
-22
7
2
-36
-91
42
-149
17
5
91
15
42
112
9
-97
72
-145
-41
6
-16
-165
32
-151
120
-91
-35
59
15
136
53
259
93
88
-33
-23
55
124
-32
34
38
-67
108
13
-141
230
52
-37
136
-102
-88
-94
115
53
69
-49
87
-47
137
14
179
24
9
66
-84
-28
-67
92
69
35
-132
30
-51
-142
-1
121
-95
-109
-22
-46
46
30
-22
-38
-67
0
-38
-87
108
159
55
28
189
-11
-18
38
93
51
6
-6
11
13
-20
-55
13
92
29
24
176
51
42
-39
69
39
64
139
124
-55
-53
15
113
-164
-176
39
17
111
80
148
160
-78
-52
-143
-145
-132
30
93
-191
42
-52
122
22
-90
-2
43
-49
49
-33
-111
-105
61
21
161
2
182
-75
-15
53
-90
31
-52
-25
-32
36
-59
99
26
64
72
-55
-27
114
61
10
77
-18
-61
27
-40
-51
-2
-61
106
175
6
-40
58
-42
-77
-45
69
-52
-60
-41
91
52
30
-154
-53
-71
-36
-47
17
-79
37
15
54
45
-6
30
68
3
-31
-19
-57
13
77
-47
-6
135
-98
67
-32
39
19
-78
-3
145
27
-33
-34
-49
-141
-192
-71
-31
-162
-42
-8
-26
6
-19
-3
-89
115
-106
-105
-6
-131
34
4
14
-18
16
128
66
219
70
4
-64
-92
-38
-40
115
-58
-28
27
-68
19
16
-2
97
77
54
-119
-131
-2
152
7
-80
-112
-14
11
128
8
-43
-92
-115
55
-35
93
175
-91
-41
145
-61
11
80
-17
-25
108
-8
-45
-27
-4
-35
-16
169
-7
15
58
92
-101
-79
-45
24
-73
-81
-71
-29
-40
54
-6
-128
-85
37
86
162
-158
-34
41
-3
101
-43
-141
22
-69
5
37
35
-70
111
152
-22
37
-155
16
-35
81
29
-34
-96
49
-25
-67
131
67
-35
109
89
-75
-22
-110
93
73
14
42
-102
60
-92
164
-46
104
113
-152
51
-24
-11
-7
-55
125
-5
19
-16
50
-28
31
-83
20
46
-12
-54
161
-22
-57
22
-133
-70
48
-23
46
44
64
-74
-141
-91
-14
72
-140
71
111
12
-76
48
-92
31
45
-17
-46
40
10
165
-2
-39
-50
33
-143
186
6
2
12
2
0
24
-81
-114
90
-63
62
32
151
-20
-135
-79
-78
4
-128
13
60
-32
-50
41
53
117
-57
66
182
-74
34
-19
-9
9
9
25
139
40
147
-86
137
108
-28
60
103
73
16
-50
59
66
-20
5
-85
5
2
175
-9
66
97
27
92
-6
-30
-100
-37
60
68
-44
-33
96
131
27
-47
-99
23
21
-37
-36
31
-24
-58
94
-81
-122
-31
26
-38
20
-76
106
80
-41
-184
-12
-97
40
126
30
135
73
70
109
55
-25
-95
44
-33
177
-11
137
100
-20
48
127
84
152
-165
37
-45
-121
-146
-188
170
-9
101
51
-118
11
59
220
-45
-14
30
-94
32
-2
-19
19
93
25
101
52
43
-39
-10
100
-25
102
118
-67
20
-99
-164
23
18
-29
-67
172
18
-116
20
-95
-12
-102
-35
-80
-47
-63
-142
-153
15
-27
24
-97
78
-143
-16
-88
-24
-20
-6
117
-8
203
48
-40
70
79
-85
12
-146
8
-84
-27
63
8
-160
65
-144
81
-57
-24
40
-158
44
-44
80
-53
-17
74
-97
167
36
-38
152
-16
19
-68
47
79
24
160
-3
32
75
-34
-63
-33
67
103
-203
12
-60
43
-81
-53
46
37
-66
-18
-269
-51
116
-28
-107
-36
-67
52
117
111
36
12
67
7
-118
-1
32
-48
3
52
136
-13
-76
-31
-36
-54
2
44
6
-61
5
70
-9
-10
80
68
-129
139
-50
34
-63
110
49
138
-6
160
37
-31
-22
15
-127
33
-67
54
112
129
-120
95
-27
71
-22
123
-109
47
171
-87
74
-51
37
114
86
-228
53
-69
9
105
-29
-115
-13
-70
-50
-140
12
-62
76
18
201
54
5
28
-122
27
2
-56
-89
-6
-114
-96
-102
-139
93
153
-63
64
49
-4
48
13
-107
6
18
146
149
-17
116
-166
78
61
-30
-148
-124
-55
36
176
11
44
59
131
-96
-2
121
-97
-47
34
60
-9
131
-43
-43
-26
20
-119
-131
120
26
103
3
-76
4
64
49
-6
-50
-6
-71
-35
35
-59
90
52
-55
-136
122
-61
35
-9
-54
69
47
10
80
140
-31
-84
108
85
38
-47
147
-10
-42
110
-45
-71
-3
16
-38
64
-26
11
22
-20
181
-17
141
37
81
-85
-70
22
-8
59
209
-63
7
-23
-33
-46
120
4
63
-62
-6
-62
-24
-47
-36
39
92
23
-130
37
-9
36
-94
112
59
-41
4
6
-113
111
82
32
-20
-202
63
29
53
13
117
70
-23
79
40
28
-61
-40
-81
-51
-66
22
93
63
-76
0
75
21
25
-57
-63
111
-169
-52
-30
-29
-58
-97
-52
-109
119
102
-20
143
188
-18
51
-126
-77
37
-110
89
-38
-162
122
116
-84
28
-62
-28
25
30
35
-101
-110
-15
-43
1
-21
-141
-62
117
105
-12
-8
106
-15
-50
-53
-123
-8
-2
-136
-36
27
26
111
191
38
105
-153
22
6
21
-73
151
122
17
-161
-61
-37
-13
84
70
14
127
7
1
21
75
28
57
42
-93
-21
-53
28
57
-68
124
77
18
84
104
85
-165
47
48
-33
13
-113
23
-30
-87
140
109
-80
-34
15
41
-81
-37
-73
-124
30
-44
23
-103
120
-43
-33
-65
-132
-71
8
-80
-12
-78
-79
-77
-177
37
47
44
-2
84
4
28
56
11
-26
-101
-68
-13
63
30
54
126
-39
98
-48
-93
84
-25
-43
40
-176
8
23
-11
-15
34
88
-26
130
21
127
29
-40
-77
69
89
20
182
116
5
5
43
2
77
39
11
114
-208
-34
-85
15
-33
-90
12
63
-78
-135
57
-16
45
75
-68
-1
107
-38
-74
6
-42
-155
-79
-28
18
-58
30
-15
80
4
6
46
-38
78
-182
15
8
-111
-44
-110
11
-67
21
99
105
114
72
15
76
-39
-80
128
-3
77
-39
-74
-26
-59
-201
74
12
-132
-91
-131
79
-3
135
-38
-35
-101
22
-7
-27
55
134
-18
39
-66
43
77
-121
206
133
-20
24
34
25
-21
14
10
10
67
-74
65
-22
91
0
-101
92
-187
-30
-8
97
-92
25
49
-71
91
127
-24
-79
-49
-77
-133
-27
17
9
-104
-98
-97
-7
-29
-144
63
28
68
-13
17
-126
114
-30
-41
-22
-189
35
132
-31
-79
-54
55
-38
-198
-1
-21
154
99
72
-34
121
140
-16
-109
57
41
143
-58
8
-16
-31
-33
-28
-55
-146
60
144
92
-132
-32
-93
-159
60
-22
59
-42
42
32
78
-123
-26
-56
34
-11
105
14
24
-5
15
-68
132
-166
150
-89
43
-58
-38
-113
-102
-108
21
77
-155
97
61
195
-20
-110
94
116
27
157
-114
-23
55
-53
55
42
-53
-91
-172
6
70
22
-67
3
-52
33
-27
-27
101
-120
28
31
6
12
51
44
105
-85
117
-30
-40
91
-44
-24
30
-38
-137
-100
-11
-70
-41
37
-80
59
-27
16
21
172
-26
64
-123
-22
-39
31
28
34
-69
5
120
155
-93
-87
-127
63
102
47
-33
-65
74
1
-56
-47
-59
68
-80
25
18
-62
21
106
-114
-3
15
-23
-117
-110
-163
182
-90
103
88
-10
53
20
-94
8
61
-6
-14
66
-122
6
-17
-151
29
8
63
65
34
28
-100
24
63
-45
87
-142
-46
77
-36
-103
223
23
42
117
-20
4
-90
65
-192
28
74
-64
-39
-43
-82
-35
100
60
15
