12 66 400
0 4
0 6
0 7
0 9
0 11
1 1
1 5
1 8
1 9
1 10
2 0
2 2
2 3
2 6
2 9
2 10
3 0
3 1
3 3
3 5
3 6
3 9
3 10
4 0
4 1
4 6
4 7
4 11
5 0
5 3
5 4
5 5
5 8
6 2
6 6
6 8
6 9
7 2
7 7
7 10
8 0
8 1
8 5
8 6
8 7
8 8
9 0
9 5
9 6
9 7
9 8
9 10
10 2
10 3
10 4
10 7
10 8
10 9
11 0
11 1
11 3
11 5
11 7
11 8
11 9
11 11
47
64
31
53
60
8
58
17
10
13
18
42
12
35
44
63
21
27
14
49
30
33
38
65
25
29
19
50
46
36
24
20
54
32
2
34
41
4
28
7
9
22
1
56
57
62
23
5
39
11
0
37
6
52
48
51
40
16
15
59
55
61
45
26
3
43
170
-498
-377
-211
-189
88
-357
76
81
226
318
40
445
-746
-932
-335
206
264
109
-159
480
387
506
-1022
149
122
-282
-793
288
-522
362
35
-75
-558
-373
417
135
-234
-333
566
-57
481
244
-1
143
-172
-234
457
451
331
-14
-315
519
-571
351
-479
-4
-107
303
508
99
-577
-399
-402
-624
-500
275
-177
985
-113
98
490
198
449
196
-267
306
-809
30
-188
-429
461
-258
-800
508
200
-38
304
-128
20
35
-67
-119
310
-226
-254
103
-252
-451
313
294
-83
555
-471
-52
723
173
-342
567
-251
-36
-95
-268
-205
-7
131
-925
-153
-528
593
546
908
292
-683
-464
634
1317
-650
-42
-603
-587
-241
409
-817
-108
284
67
-329
-274
-58
-654
-708
154
-162
-444
-22
821
-359
247
210
-323
-843
-168
176
573
-83
134
320
-1006
-246
281
652
230
-400
252
81
489
-275
78
338
539
-33
93
268
-339
-466
-89
787
-199
-474
-476
106
-142
-689
-117
-482
521
74
260
675
529
-23
309
-329
496
107
-333
534
-72
-176
-144
-88
-584
-87
459
145
-388
-409
747
420
807
-138
374
933
361
50
426
320
75
-520
-213
467
-271
-914
223
-61
839
-310
303
-160
98
-622
-19
-131
-628
-518
572
-151
-904
-861
-205
-180
-8
-200
180
8
-714
-199
190
-81
183
492
118
392
-217
293
-58
836
373
-170
-541
35
-144
-100
-408
-392
-73
291
-256
-2
-54
402
68
81
828
-399
69
-400
447
-53
173
165
100
1058
103
361
114
518
-329
416
-610
81
-141
236
442
625
-384
560
-467
409
-722
258
-72
484
-43
91
-178
215
374
-169
635
402
152
351
-491
748
918
-568
-184
-119
-496
-355
494
599
292
-607
-153
-203
951
29
-581
611
-639
-141
-595
450
-83
-13
-630
-43
429
-127
501
455
-237
-442
-119
-228
-330
853
48
-446
-24
-141
-231
-1015
441
135
-63
54
-196
-275
-444
-968
-445
-221
586
522
-474
-237
50
22
42
42
222
-692
129
399
145
348
458
-58
166
598
-254
-334
-176
-46
-404
-370
-92
-96
-355
-264
-626
348
-140
165
-493
-266
-163
-254
-305
-214
371
-102
271
-545
191
-61
-375
-404
320
-271
168
515
655
-45
412
496
57
-194
-183
175
-248
304
-212
551
-16
581
624
241
471
-266
58
474
-72
182
42
-235
-494
232
415
136
270
243
12
-168
-563
43
338
95
-175
377
-173
-509
629
932
40
-119
289
87
226
7
-245
447
-12
-392
476
838
-256
473
168
160
879
-469
176
448
171
-487
36
58
792
787
658
-406
145
-34
188
499
-148
-338
146
249
-148
-656
-243
648
177
456
342
-427
334
-129
-163
247
-78
1013
-93
176
-668
-375
-286
276
617
-161
-130
-104
-543
-419
557
130
-172
-159
808
847
1054
98
-89
-129
-461
-193
332
-600
216
522
-437
-129
-231
-520
-158
-31
39
-499
-423
-31
-165
524
111
-770
179
-650
-102
110
424
-80
-179
501
420
-176
234
375
368
-357
206
-376
-42
-161
-156
-24
-187
420
-304
60
-214
-297
-32
-221
213
-61
-22
-352
-698
379
123
-315
168
182
-288
-231
-55
-204
472
2
127
178
-59
-195
160
395
-121
-295
352
303
-605
317
379
-209
516
-138
119
346
240
593
-169
-276
-284
-197
780
59
-31
492
304
867
122
467
-83
-345
544
266
950
-511
-1072
442
600
-132
-79
105
-481
-168
342
119
-52
498
137
426
111
-103
433
157
358
34
167
-193
378
-6
65
746
450
416
146
284
-345
-331
-423
174
129
10
-518
169
-205
-486
472
383
-233
161
-251
-177
-253
297
640
134
-83
-3
143
420
-22
564
-252
1079
278
457
184
-214
136
116
-166
32
-94
-384
302
162
-929
-265
27
13
514
350
-266
294
276
8
-99
-37
-1111
539
97
-297
-715
-283
11
95
-248
348
644
-72
-570
-360
-480
-456
-66
-175
234
-461
16
-216
-766
-185
-304
-571
354
-601
-125
329
61
117
-193
710
-867
-110
74
-382
-166
-911
-77
-100
-718
-759
550
-364
-197
-546
-140
319
13
558
-321
260
-359
-82
6
477
420
55
-52
519
-959
-233
-228
-274
-505
-66
279
-457
-165
-281
-282
93
334
-347
-446
120
53
-362
410
435
73
376
167
51
-412
320
-417
-325
88
653
-432
245
28
260
-572
-893
-117
-143
546
2
198
-63
-348
-85
432
259
-495
195
296
-52
-9
-44
-278
358
203
887
62
472
138
172
-201
-639
-350
16
257
727
-549
574
-335
673
-186
226
-115
99
548
676
-613
349
440
-615
226
579
15
531
74
-9
472
-849
23
721
310
-550
-682
313
-274
-135
473
211
-419
-184
442
-11
-146
-9
220
-258
31
-746
-91
-887
20
237
-16
225
371
705
229
-508
-160
494
60
-80
30
-846
-131
351
72
-137
703
80
21
549
90
362
756
-121
10
-544
311
181
152
151
538
-537
-217
734
309
-181
265
-651
-626
-138
-113
-274
476
485
450
-108
228
670
528
197
361
-663
-623
-801
-358
380
-926
-132
-200
86
-65
-775
-33
318
591
327
-174
499
151
-884
-146
436
237
370
-457
-323
36
-386
0
161
371
-1000
271
-54
135
429
358
1024
-31
-407
261
-396
-292
142
400
-231
376
16
85
74
544
-345
233
637
-96
-69
-449
48
87
-683
68
-172
125
-200
243
279
-371
585
-20
158
156
45
-121
-658
568
-286
-4
-296
-273
454
-388
262
351
285
-44
617
1011
267
203
223
-22
-80
-282
-73
194
-51
-388
155
-233
-1008
366
-75
-383
431
-193
-353
-615
564
852
-573
-569
318
69
537
63
-126
304
243
254
-173
721
-358
-395
176
-296
105
-152
-266
662
-317
-13
275
718
-810
-1147
73
236
-532
107
23
-477
-304
179
32
-686
443
356
284
-530
856
-90
-134
-178
626
2
-454
-187
218
1
-290
93
-900
96
550
-27
95
-609
370
-328
15
-240
90
-626
644
-106
124
644
725
-286
100
-113
124
-8
-308
519
-75
495
-398
47
-40
800
734
374
612
50
301
203
227
-459
-661
-465
-590
-1004
-310
13
109
-41
875
-338
233
592
196
57
-83
-274
-1027
-64
-438
410
-373
46
-508
-711
-127
-407
-133
-209
247
-548
-657
-410
73
-255
-134
111
245
-35
-47
-26
-153
-8
582
218
24
123
835
-795
-248
-222
-409
-143
-622
404
-463
38
1147
378
-23
-481
135
-255
-223
-401
-527
-87
374
-635
-305
737
23
38
-177
-941
655
143
850
-94
-19
-89
200
198
440
-366
495
-276
438
735
449
-30
296
-284
549
-168
-203
62
-271
252
659
0
300
447
494
298
459
119
330
848
370
181
8
354
-697
-521
-81
-317
-354
-53
492
-395
198
189
-586
-100
-92
587
-73
-417
53
-86
-455
23
522
626
89
444
541
-23
-227
584
38
-857
-426
78
37
-748
-631
-145
412
-500
23
-262
450
123
125
290
-315
-254
624
489
-971
-308
229
81
-232
-569
434
-187
50
-221
-20
-238
-228
191
484
-241
939
74
-306
-3
-77
38
122
445
-115
111
-246
-459
-131
-802
147
410
-300
-439
59
-228
46
165
138
215
94
6
-147
-26
-977
-36
-200
-641
-541
346
-328
-215
-42
192
-212
132
-227
-481
295
-776
-439
-160
53
-267
-412
-364
178
-91
96
32
809
-371
18
-410
-174
2
-290
-40
-42
-543
344
-169
667
241
-284
547
205
577
-787
-537
-555
276
-257
-792
-47
-330
-843
418
-749
-210
295
315
105
580
-310
791
962
-754
-93
163
406
-882
-522
6
535
-195
-757
746
-208
-22
-643
-504
621
191
-210
16
41
-344
13
-379
194
4
-575
793
19
606
-69
-508
903
177
313
603
380
-479
-542
-404
150
-70
-792
550
-405
-220
409
181
395
361
219
-9
-181
799
-208
-359
-189
272
195
-158
-550
365
-45
-164
-21
144
219
-205
-186
-760
271
-312
-501
-798
315
510
575
-366
-161
193
208
178
-840
-744
-82
-67
-267
-140
711
165
235
504
-486
6
101
-429
-432
-438
62
377
579
-660
520
397
-210
-510
61
-422
-55
-296
-668
-670
484
-375
-124
20
-443
-557
-486
406
274
58
483
-270
174
-36
157
153
474
-425
-97
-227
-48
126
-25
238
8
-511
-612
82
435
398
582
-198
101
818
-364
-187
-208
88
-658
631
31
642
40
-301
545
624
-32
214
476
-595
603
477
-13
-508
-567
186
488
1238
230
744
-593
126
506
-185
101
-632
835
202
31
421
-269
-122
-480
-353
19
-717
199
571
2
-858
-82
553
50
-533
273
185
-301
-184
801
39
-290
326
431
-29
85
-433
260
489
81
535
576
-60
676
72
-468
91
596
-311
-699
89
-139
538
463
-47
317
-408
225
143
-143
205
12
-416
309
-80
-182
810
-297
313
-410
92
-102
-736
-748
-141
407
-471
134
187
-522
-62
515
206
179
-168
-422
344
604
-562
53
-52
-239
219
501
158
565
430
321
282
-374
105
154
-566
-262
342
85
476
302
169
539
-315
285
148
52
45
-360
486
139
-73
-729
-56
371
519
-243
-81
353
-310
105
-162
272
-140
407
185
-445
-805
-27
691
351
-424
-285
443
204
385
55
299
-466
79
557
452
-448
-194
439
90
1277
-68
-208
427
-405
642
-323
-260
-451
95
-726
529
-812
-226
-43
-409
288
-67
-661
147
520
833
-568
68
-345
-67
384
-231
-502
-487
388
534
-378
-442
-603
-254
965
417
-696
744
-286
617
90
-97
119
127
293
122
-731
-69
-108
-290
344
-477
454
203
-188
-492
-255
-134
-223
-33
-306
373
-187
-29
-231
-451
-537
461
-363
81
-165
-354
-197
-855
-86
307
-360
668
-337
183
-164
56
-361
779
942
415
150
1033
125
491
-1078
-152
612
102
-365
-675
1130
-15
32
670
-458
416
845
260
-4
-17
-74
678
-5
-54
310
-215
-929
252
-437
-491
443
-10
-142
-856
32
-69
186
-60
-195
-112
302
101
-19
125
-214
-537
164
17
173
-467
-705
-226
-301
112
-85
137
-156
255
-495
298
511
984
-412
-96
203
219
-522
563
175
-100
-54
287
-84
-782
-69
35
-246
347
-159
-257
-451
120
-67
-755
-730
352
317
275
-185
-927
-143
625
-172
-458
177
141
3
583
-63
-1181
125
457
-386
786
348
844
376
-278
517
553
-174
305
423
-909
54
-60
-229
-108
104
-244
317
663
550
-109
-34
-160
-109
-497
328
-361
-356
579
46
210
43
-192
-46
-411
-296
-329
188
-194
409
-277
-153
-264
-88
-502
-658
36
148
257
-439
88
-191
-138
23
206
106
333
509
276
-643
27
30
411
-411
137
591
256
-130
536
-936
831
-186
298
56
586
45
-12
215
-36
176
750
94
417
95
-878
-141
210
360
-323
295
348
499
-399
185
535
132
210
-5
937
-24
-467
-132
77
622
724
-487
388
-753
-212
-210
-404
-493
541
56
58
-269
-82
-102
210
-97
350
-776
-51
592
84
296
1
-15
-195
200
769
45
17
-105
-41
-157
-172
-161
-146
206
555
-189
330
-88
-247
-46
260
-124
424
281
227
364
150
662
-575
905
-495
-169
-227
-286
-284
-433
-1137
-318
218
-347
-406
252
-569
-529
-227
-189
-741
-1080
-104
-330
901
506
268
-27
-321
149
527
-367
177
594
162
-617
64
-719
227
-742
67
432
383
-630
-187
100
-930
325
-473
-480
-713
296
783
-212
-284
-165
-106
-189
238
-122
-192
-950
-629
377
-372
-507
-369
652
262
511
-151
128
440
-47
331
-224
804
-248
-631
396
790
270
-84
204
90
394
-1
195
198
-77
-402
260
448
199
25
-299
-472
143
-28
-547
71
407
948
221
-257
-255
268
-510
-490
150
-226
-227
400
6
-115
-18
197
55
-301
55
-326
-436
-238
-257
-375
-378
462
255
158
-221
-202
-845
554
-312
-588
-215
-436
-226
-371
-22
245
222
-582
-384
-303
-24
-469
-207
-377
76
336
-165
-118
-11
148
-54
559
130
-505
103
-531
-419
-558
-11
-188
176
343
46
33
-65
-48
-474
294
-283
-529
-250
-211
-154
406
-261
-83
-431
1066
239
642
117
-458
-291
-128
153
-439
-280
-288
-285
-602
-622
196
933
511
-174
-567
-277
262
-25
48
46
-108
-64
316
835
-148
150
-106
-168
-136
-172
-252
29
276
-333
-360
267
482
-454
851
-545
88
396
-393
-876
-555
-318
-577
141
-443
134
-392
574
670
-329
485
438
-22
-312
48
-121
-630
-102
-30
70
251
-660
-71
219
-256
-147
-254
388
727
438
-722
833
-437
-119
-255
79
81
809
-168
297
174
652
99
267
850
-107
330
57
-50
536
-25
243
-486
-76
310
294
17
-207
-386
377
-198
315
544
-10
606
68
-534
-839
-270
588
107
-271
1169
48
-477
124
-29
430
116
-281
167
882
422
843
74
-313
-73
-127
-471
145
185
115
405
-195
182
519
-348
147
453
-471
468
-163
-612
-498
1041
-199
-38
768
-319
-330
-44
301
-290
334
-120
185
300
-51
883
480
-682
77
524
-262
22
-354
-37
134
-31
479
-884
-669
171
570
241
513
-47
-370
-156
1019
-46
-279
-677
312
263
657
-151
-191
320
228
77
-374
-310
-636
-137
-456
380
-330
-240
-398
-207
296
73
-113
-163
212
262
-49
-456
325
-132
-271
383
458
-177
-863
-175
421
192
188
-214
251
714
103
-276
-67
313
-129
-241
353
427
-687
251
-245
-548
-673
-497
494
-66
-30
339
-348
165
-506
-441
-213
119
-129
-230
222
-179
-221
59
-328
-98
401
422
461
506
232
618
-175
-362
-644
-490
-194
-112
-168
-678
-155
-130
654
337
-283
-481
-334
-139
-377
43
218
-322
222
207
568
671
39
-54
-432
870
-234
530
496
-370
-139
-405
-326
113
91
755
660
-715
418
-295
156
229
361
-380
-257
-92
-322
321
-82
-268
357
-75
297
-232
410
115
-474
-326
100
-360
551
301
80
-2
-376
-227
-432
-238
-264
-152
-198
294
1050
-267
191
76
-980
-71
-259
329
-412
664
333
-630
101
173
363
983
-321
133
-141
436
-540
-611
-160
-348
-310
145
70
308
-86
938
-736
-208
608
275
583
-103
-464
-827
-114
-318
-18
101
-864
154
-243
-214
221
385
469
159
677
-191
326
-161
437
497
424
143
-240
293
-165
-560
214
-242
45
-93
450
438
401
-405
808
-115
612
278
56
-136
-706
627
8
-650
-761
-583
497
224
-317
-47
-194
-327
-576
350
638
-511
-464
-152
598
90
125
-266
313
653
135
-72
367
-40
-191
-402
-459
-106
42
-217
-854
238
458
-637
-9
-260
190
184
283
-543
-131
-375
-60
-1033
-128
196
494
-434
-29
-34
-692
-35
-273
-21
-155
97
632
-237
-46
-650
-633
255
999
-329
459
1
238
563
318
319
851
-45
563
-174
-38
177
-275
-496
-25
-309
-488
1814
763
-237
484
-650
127
594
-119
95
-39
-182
-273
-625
198
337
-6
793
99
153
288
-503
766
-183
635
432
-29
-257
-250
-220
-272
213
101
885
-118
122
-401
-585
-61
-621
-159
-47
-121
-74
175
-1011
174
-391
616
132
-918
760
462
-253
-220
207
235
-244
-381
-22
52
140
273
-400
-249
-12
-223
405
349
84
-207
111
-455
1341
-466
-421
70
647
-581
-79
622
-388
-413
210
207
462
46
296
-445
-345
408
-70
177
-139
55
449
161
215
494
519
334
109
228
-259
-279
-519
120
-152
-395
-83
-172
432
-635
-73
-53
-378
706
-21
312
89
-1028
85
-583
-521
510
799
795
176
189
-294
221
-527
171
202
-460
99
93
721
-620
736
744
-77
-585
-81
6
186
-640
-239
-342
203
-482
553
-208
-171
329
-421
-265
-13
-44
363
-168
277
-107
-139
-199
181
122
564
100
-309
390
-735
-121
852
493
135
561
38
93
-367
360
-478
-701
154
321
-15
-279
-50
1046
354
-243
452
-470
-339
142
-394
-398
561
-244
-91
-438
-148
-33
-180
-146
767
-27
-496
73
281
419
175
-601
32
-435
-404
-478
-324
-76
-348
442
9
-326
-518
-24
349
-798
406
-529
532
-69
859
463
-27
-174
363
419
-237
-251
225
-76
-145
132
446
221
407
-201
-84
-65
364
462
161
27
177
-31
327
257
-144
574
566
-773
35
221
-129
-229
-57
-110
873
357
-517
-365
-1186
-510
-375
253
-40
413
-295
-80
38
-159
-325
532
498
594
134
509
245
-357
35
476
-89
419
-562
205
-717
162
844
-446
-417
-613
-98
-365
-719
-104
-237
581
-56
314
38
-386
416
571
37
-44
-410
112
48
-197
-785
34
-436
-381
-465
628
274
-28
570
-318
113
157
664
-288
-100
226
-42
-130
-255
-184
-415
491
261
-210
-45
603
446
-440
462
56
372
458
-157
257
49
47
45
194
-422
-166
-269
718
480
112
-54
-764
-605
539
56
-229
-316
-286
-112
-693
-330
-228
158
-402
-68
-24
332
-244
-337
145
82
315
20
-577
-222
-453
563
-107
-267
32
-451
261
-733
-809
-397
-112
-731
18
279
276
157
198
10
-121
-297
143
735
-334
-505
-210
15
16
530
567
-282
367
-154
117
226
834
822
-421
-118
-225
-53
256
-43
-223
-293
127
-560
-87
-675
328
-572
-370
276
-814
-255
-26
-403
-11
-142
-262
205
180
-237
-129
422
237
229
441
769
70
91
-861
-13
150
733
-158
-292
444
368
-277
670
14
272
411
-121
385
-429
182
209
182
189
-552
-505
-325
-289
-411
-1009
114
-395
-238
448
277
133
192
548
607
107
40
676
70
32
369
-1015
-124
-62
-25
812
-335
113
7
479
395
109
-155
-108
-59
345
-37
-340
-43
93
-730
-682
563
446
410
536
556
722
269
-210
-817
234
626
-389
-219
-216
297
303
376
113
-188
702
-382
-309
596
-409
-171
5
-329
-619
686
187
-356
115
27
17
777
-369
324
206
-442
36
384
222
487
-453
758
892
169
-614
-199
-12
-445
131
204
199
87
-132
645
-154
-58
-343
-112
86
428
23
49
182
-366
-423
618
-290
1059
78
-6
25
-1330
-534
112
96
-624
-22
53
3
-440
257
-339
352
34
-29
165
107
712
113
164
280
147
-494
280
-607
-310
-76
899
-456
-351
-366
138
710
458
-226
-259
-702
57
-44
346
-79
-7
51
6
275
-6
772
-847
617
-530
344
173
-43
519
-457
-204
108
595
97
434
-431
-60
-248
99
-316
-231
-105
-323
-317
-246
110
104
-372
512
49
14
-445
142
319
624
279
15
699
-154
828
445
104
-376
-231
-87
563
181
208
176
-68
-168
234
401
50
-626
-4
240
2
-459
741
-446
-614
-674
831
-93
-276
-271
-120
86
-170
-245
-877
-363
315
-505
-208
241
-668
-146
-27
-124
216
630
127
-960
-171
619
120
-387
-33
115
-497
-122
357
-417
122
-551
-218
474
-800
733
-429
37
627
520
565
-800
349
137
40
-804
-468
115
303
-271
587
640
-709
-385
338
103
-399
-222
80
41
-299
760
-624
304
507
207
-324
650
433
-327
92
-16
-632
87
1
-317
370
-243
318
199
-168
548
354
270
-179
335
-611
-188
132
19
349
562
-480
-361
-615
-17
1135
102
-174
-948
-96
827
-548
1
39
837
102
-511
-221
-386
665
291
81
657
-263
-377
764
370
38
479
234
18
-203
-157
-14
155
628
378
750
-382
-581
105
401
4
298
271
-324
646
-148
-416
39
-25
256
-64
-719
-542
-319
-43
203
-531
24
46
-706
136
-1012
-614
7
224
-22
-353
503
464
-123
-605
-510
-110
-1041
39
-405
-154
142
-55
86
80
0
151
-309
91
163
-455
-243
-330
12
259
-39
-128
567
-600
-60
-292
122
117
-135
-324
657
-82
36
-3
368
-246
-950
-132
-108
77
-401
-818
371
-528
81
27
165
-397
168
77
582
1562
299
954
-330
467
-18
-909
-269
569
513
-153
682
-181
947
-369
-81
-177
692
429
-255
-26
349
172
243
-605
-120
-600
347
104
19
-805
49
519
574
-109
-45
26
80
-535
-573
-109
108
321
655
-100
-545
-1042
284
33
94
782
-264
-503
513
279
-771
171
90
-137
282
-27
-458
376
708
-998
-286
-358
-500
-372
139
186
455
-725
23
523
-84
-218
-368
-401
-336
-404
-197
-46
473
8
894
-9
162
-350
-63
13
-178
48
-289
-174
241
514
-236
-261
405
-487
-467
337
-428
136
209
228
232
220
-3
303
165
233
-451
301
-654
537
-283
-170
422
746
344
-197
-612
172
-49
-36
-388
-129
-539
387
398
352
717
28
454
378
-79
-210
-365
-168
178
-80
368
388
695
-97
-322
190
-235
-503
13
-60
-1110
-114
-97
251
277
125
-336
-588
134
516
-124
-1129
103
460
817
-350
318
-1137
311
-587
-308
-189
-85
517
-507
63
-433
-289
494
-203
260
42
-245
309
519
-487
-206
13
66
-154
437
419
796
-113
412
-55
-430
317
-207
59
378
727
-4
-116
282
322
-408
550
262
303
252
-463
106
-19
396
178
-34
403
426
-211
188
-687
-322
582
-358
400
66
40
-89
-847
-561
-468
153
-42
-244
-320
308
-8
-183
-847
138
42
234
69
-111
-231
454
-285
-186
291
-213
-152
181
18
-42
212
-56
734
695
157
508
-148
212
124
-307
-221
-12
-518
-31
-201
839
103
-328
38
358
-297
639
-194
319
96
-393
-188
245
-225
-357
-979
86
-241
-804
-31
-162
-158
-178
-58
-22
-596
-300
-53
192
-63
-285
-368
479
-766
150
507
590
-531
-277
-193
120
-1052
-105
211
485
254
-860
320
946
-253
223
-377
360
-349
-201
-199
-330
58
-76
549
-16
459
-470
51
194
159
263
405
248
-305
480
290
459
-37
703
-495
96
424
-175
-12
573
439
-154
63
-369
467
307
-163
-209
256
564
-476
-568
-1056
-138
569
144
-30
-166
-91
-160
-431
-228
-560
63
332
206
323
-331
-27
61
211
-963
-274
296
-72
242
644
-142
1100
-140
561
226
-337
22
-115
-498
-301
31
-216
582
478
705
-330
637
-62
391
301
-502
1036
381
99
730
-67
-15
-53
-354
511
-839
-1043
-44
-55
-120
-704
310
-287
449
268
-224
493
-10
-502
367
-24
800
40
318
-501
454
670
98
-14
208
-38
-476
-52
22
388
-600
600
-46
800
519
-88
399
58
371
223
170
-62
119
-288
-317
399
-519
-3
-92
-163
-44
-94
386
-414
80
289
207
457
-286
-432
739
368
-43
859
-280
-544
-328
-105
492
-12
-256
-78
-194
324
409
-101
-60
236
-14
-2
-41
137
-529
-255
309
-46
283
-406
-12
-497
-514
-25
127
301
-311
198
421
-328
135
-39
471
156
-737
49
141
330
-556
-666
-150
-426
300
-257
-142
-943
214
604
112
-258
90
230
-158
-346
-202
-112
17
608
175
379
81
406
-14
667
561
50
-289
-194
407
312
930
73
64
-265
653
525
279
-7
-89
275
-127
952
-443
53
-555
149
-322
294
79
95
3
-207
280
146
125
-106
-558
-409
-590
133
158
-109
-281
1138
788
-49
220
251
-24
-4
-284
54
308
251
204
313
158
501
-449
185
163
-306
-538
207
-444
-2
-68
397
265
209
-330
72
-535
-399
-553
201
-193
236
320
-763
-846
279
-292
-588
697
-477
427
19
-488
246
423
309
160
647
-404
39
607
-306
281
-339
498
-185
-256
445
158
-29
-229
-433
16
-168
-235
117
-77
1011
398
-255
97
455
67
-244
32
23
-16
176
-654
-361
38
154
-782
-327
1283
198
-59
342
-340
133
-338
78
-541
490
-89
-269
-306
-730
225
168
45
302
211
-525
15
139
-350
234
565
514
-520
219
-769
-584
148
-515
241
-341
-167
254
277
-331
313
-1061
75
-27
-292
-579
356
58
820
-233
617
267
199
-703
-138
136
-355
89
-671
-594
-451
-165
-663
647
-226
98
126
351
370
464
-293
-52
126
-24
-198
265
-642
166
-35
-364
493
12
693
-561
-239
-39
56
-123
-138
-85
-329
-252
224
-449
362
556
109
-34
-155
-98
398
-441
214
485
383
-137
-338
573
588
-433
452
-95
-509
92
-553
-171
-201
146
262
733
-241
-267
-305
51
-567
-187
-518
204
-275
-668
457
209
387
-57
739
144
1023
83
497
-365
-399
14
257
-776
395
138
498
-875
-95
-302
405
96
-194
-630
219
558
505
31
-166
501
-1374
-101
-66
20
-438
-241
-61
285
442
-283
337
-291
285
-814
-320
596
392
59
15
203
425
-98
-254
15
0
-4
338
51
-193
142
-386
-579
-175
-267
361
-27
-25
-11
-81
413
-107
-406
-950
136
170
738
-673
-263
-97
-439
415
-144
-4
-126
33
-196
167
-260
-434
-423
197
-200
-93
23
-454
-328
84
164
150
269
-504
-85
-254
-361
397
-187
675
-1090
-648
-296
100
160
41
-175
80
-138
61
-334
58
-651
-583
820
131
314
-303
366
476
269
-130
413
-237
460
-1
474
216
246
-148
-21
439
261
-85
-3
-44
820
-342
-132
-47
-99
-188
-326
-361
-358
565
-376
-158
661
700
202
569
247
440
1188
-85
4
768
10
-140
-101
730
662
226
150
130
197
150
-49
104
1018
-111
-143
-656
-283
212
-249
163
407
-375
-117
111
401
-995
-229
-711
254
251
198
-350
-202
-134
66
311
372
83
-95
243
-149
-189
505
-318
-408
-628
-184
-465
1174
-159
-240
-740
-119
-437
479
-96
-300
74
10
-24
16
-412
-204
206
-766
247
481
-547
418
214
224
250
395
6
-85
-61
-265
75
-107
537
-285
1245
-242
32
-22
-323
-266
-582
-30
-470
-50
614
-135
-413
-338
72
2
-36
301
-316
181
-210
328
-128
-400
-202
300
-3
190
879
-541
550
-65
-245
270
-336
161
404
-531
638
857
-209
185
565
-392
-56
-545
119
-452
103
512
-54
-265
151
-244
-581
-740
-155
-155
-60
233
398
-22
186
86
-300
-333
-347
441
88
-88
132
-192
411
232
-1011
-7
-446
-409
5
420
394
-390
392
538
524
296
35
350
149
284
-455
432
476
710
61
106
525
202
-151
-310
581
153
-911
-501
217
-31
37
324
-256
334
255
232
-548
-148
232
-118
398
-130
255
-272
-103
248
452
-481
20
31
-450
597
49
-669
-94
-208
-144
-402
359
305
243
-481
-425
121
-459
148
-491
349
95
-196
-130
-236
-310
-151
381
-687
-34
-208
-638
-1058
89
-185
155
380
-174
84
-343
-478
-26
-20
-276
651
-94
79
853
734
-161
175
381
434
754
-130
10
-226
-466
-263
-152
-35
-489
-49
185
222
-195
44
319
-129
56
-36
-300
-15
17
-212
-741
-1
-216
-113
298
333
605
-107
86
376
-29
752
317
253
538
-410
-40
6
-422
-347
-349
-23
-128
-182
-829
419
259
114
-663
338
-985
-221
-655
-435
419
-216
-573
866
-603
-356
-101
-436
-163
443
61
-183
-359
713
-314
755
207
122
460
-986
-214
-56
-192
-439
369
-766
-139
538
-112
-351
-118
344
-416
-108
-96
276
336
-650
212
-748
-172
-196
673
-478
138
138
-784
109
-5
-114
-6
378
-773
314
-408
-568
-522
749
-461
261
205
296
329
-604
-651
415
177
398
266
-417
456
-161
-514
-774
53
-162
362
-160
452
199
-202
333
-138
652
-200
176
304
510
50
-99
-282
324
-103
362
-249
464
499
340
844
-185
287
626
793
-269
-517
699
609
-154
156
-80
219
-504
49
-191
-38
-671
572
-124
80
-45
-743
-163
-324
-563
356
1163
-425
614
250
61
76
-461
-420
-281
175
315
-170
-1320
-232
117
773
494
-369
-608
-38
305
304
70
-508
200
-447
565
-99
-312
956
298
15
-65
-451
151
-147
1023
-573
-111
-15
638
258
966
189
371
162
498
-209
-208
128
-253
535
-138
39
-331
-220
163
287
473
-133
358
188
-1003
972
513
63
743
-633
492
-17
-18
129
187
75
-146
350
964
-766
370
81
-114
411
741
-323
685
-197
625
-686
-240
62
1015
133
275
-117
422
11
-677
794
592
-356
-155
1077
790
-277
423
-321
-534
-72
-74
-250
-207
-153
-326
208
-70
106
961
-344
227
437
-419
165
-599
339
144
46
-341
46
-238
83
187
-13
-287
-653
-361
155
864
-932
-400
172
-2
481
-89
435
182
-49
-115
664
-31
-70
472
-634
19
461
159
14
-121
-280
-73
-346
527
273
459
230
881
105
-23
-631
363
255
553
-78
35
-5
51
49
-33
-49
-578
-61
721
-275
-585
-188
-417
378
293
617
-755
-89
-466
150
284
177
-112
-328
-171
387
385
-418
-122
-366
376
318
-456
-328
462
-46
-537
676
-420
351
30
112
-316
-287
-184
-234
611
-311
-31
520
-460
-178
66
-262
30
-308
-26
-3
-427
-320
293
250
403
181
989
-181
-386
156
-173
-362
526
-355
-136
-235
-96
-144
488
-275
147
312
-174
34
-101
105
140
-282
-216
1040
291
-410
87
-4
-122
-431
498
123
-147
273
331
156
334
6
106
-748
253
219
417
14
-44
-613
820
-19
-393
106
747
-414
-804
504
-399
-357
180
874
551
61
212
390
-240
-674
1351
33
-206
703
235
305
370
-1044
190
153
538
628
-118
-282
-344
360
210
-110
277
-325
2
619
13
3
-466
-89
841
243
691
-552
198
-910
512
-371
231
375
-69
168
-182
-187
33
209
298
254
-18
-689
378
-187
48
-283
239
-156
-83
179
-70
521
325
-577
-814
814
403
106
847
290
547
86
45
-123
294
-138
-350
445
-201
160
544
-316
155
282
137
-168
518
-402
-292
177
148
-228
11
-480
248
295
-469
-20
240
-697
253
1211
-254
569
378
-616
-92
-163
71
429
-137
-199
761
-563
201
-117
-676
117
-576
-621
-438
161
310
251
331
-835
176
346
-13
-821
287
-477
427
483
-633
-394
-55
-45
-194
-651
-303
-789
-346
-207
584
-156
49
861
56
-377
-36
-450
-257
-760
-349
640
236
-278
-581
-371
507
-1098
341
-86
-305
-55
-400
-226
563
534
-181
-515
251
488
-408
-69
-425
35
22
505
-424
-311
-301
391
-136
-140
104
84
-130
-458
-14
162
121
-41
-150
823
84
56
-171
-394
-1
-583
-98
560
520
466
390
181
-624
-239
-225
35
242
32
-453
-102
2
436
113
-382
297
30
-512
-28
363
659
329
-337
106
-167
335
-29
21
-195
-622
427
354
-376
526
-452
100
-94
-713
-47
-217
1415
455
-1
91
581
-269
303
34
285
499
-468
550
18
293
-564
-193
256
194
-354
110
593
121
-360
-540
564
-240
590
-7
-84
457
-361
187
-299
639
-106
-249
-292
-105
51
-32
78
195
255
-536
148
-227
-166
491
-323
787
-15
30
-37
75
134
30
696
250
-663
598
173
68
249
-78
-22
83
-587
288
221
-53
173
546
291
-1323
277
-178
160
-720
655
169
-247
782
47
938
108
193
383
-118
-192
-358
561
293
-251
263
2
683
-226
-303
142
212
-322
-929
-763
16
503
-83
103
797
754
-129
-122
771
-405
-77
649
-108
142
146
105
-54
443
-460
-86
-201
-221
474
-111
476
63
-329
-60
395
-87
-712
385
-291
-221
133
321
780
12
476
186
13
709
170
503
458
8
361
-754
-319
-515
-98
-437
-119
43
-121
-108
-348
-325
-1
-98
252
176
-179
-489
426
120
48
410
279
-236
-51
-59
126
208
-369
191
-102
90
503
256
-781
527
164
-700
167
632
376
-492
-746
6
321
-59
-475
93
710
92
68
-52
-82
-199
965
-170
194
394
-549
-118
784
-494
-540
-301
-465
131
-190
-800
298
-33
127
-118
-356
-599
223
-319
276
346
-509
-259
423
-115
-605
-44
271
-361
-113
654
-399
-310
-84
334
-29
-419
-377
-137
539
241
199
-296
-73
172
278
566
273
233
-359
-217
-725
-578
-9
-1
435
-153
-164
330
-200
-217
-774
16
308
-103
-500
-254
167
-5
-59
238
359
207
18
-1218
-471
59
469
-82
-6
330
351
-382
252
-340
104
579
-171
-108
161
242
63
-62
-69
-12
146
-657
-317
289
-270
-145
577
365
248
-181
-125
289
-30
-359
351
-76
1029
202
271
-579
112
280
65
171
118
-57
504
946
880
-746
-172
-655
-432
-17
-362
-11
-635
605
29
311
962
-138
831
172
-231
-369
-228
-557
-402
-50
-410
105
-41
956
-225
329
-1156
190
-446
1212
-246
140
-131
25
-756
-266
-43
-348
-495
-202
122
-139
-430
-1
683
286
-291
655
-137
-437
414
-711
507
183
336
-8
189
-664
-134
-137
438
-57
-391
381
-31
-254
380
374
56
-260
-429
139
-133
-267
-298
442
53
180
198
-307
30
-1111
13
-177
295
-722
-154
142
385
237
217
449
785
89
200
764
-821
438
58
17
19
479
232
-815
-81
-345
-89
153
-75
-67
-226
575
391
-298
9
-343
156
298
-32
236
-53
389
-315
52
-111
-655
42
-326
143
-102
-507
638
-1095
45
-289
646
381
-269
-80
160
-217
970
-442
-40
81
-402
5
371
-48
805
315
323
-305
364
-90
-746
776
-624
-36
440
418
267
262
-673
-777
146
-333
3
629
-315
511
-93
56
-205
-309
151
114
577
652
-203
-203
15
61
34
465
-176
129
20
-394
207
-303
-536
-873
27
363
-141
-672
-451
442
-524
-104
-406
315
311
337
333
147
1209
-546
-244
227
21
454
176
56
301
-44
-3
333
-948
352
-337
-124
-100
-339
578
-430
31
-463
458
567
387
125
147
439
-175
34
-390
-10
-93
266
777
245
-304
346
-71
389
754
449
570
-436
-958
-46
-153
-538
-378
251
108
-424
-440
-503
-466
446
236
-602
-579
-199
-655
-1018
94
-316
-127
430
-7
-336
110
-707
335
222
366
177
940
529
291
615
178
-866
-58
141
406
-251
-203
33
-176
-461
101
-177
-20
-149
-241
728
296
313
-760
389
-293
457
-415
63
-273
-20
-629
929
550
-438
-413
-302
-317
71
308
-404
-300
207
-57
-168
-101
-104
-342
-383
-573
125
-282
425
433
205
109
83
638
-678
-792
-990
-126
129
-179
405
-276
-1090
-392
-65
85
-486
-123
-782
-386
-448
167
145
-3
94
-102
-127
-481
159
258
-496
44
-394
630
-196
118
234
106
73
77
-634
270
-257
186
71
-114
896
524
336
278
94
-446
289
257
695
-229
-31
48
-187
83
-584
-322
118
-667
640
248
256
-313
36
-133
68
182
-260
660
504
556
-225
192
642
0
-487
-81
-324
-866
252
-718
-142
1021
403
710
-983
162
-142
-292
-55
15
387
-286
136
15
-139
-635
475
-310
-66
496
328
-7
-234
-574
356
-49
-52
318
-246
201
49
176
-346
250
-119
-389
-211
-388
447
-214
-157
389
19
3
417
124
642
-61
28
760
334
-882
-250
586
188
259
435
221
-818
684
349
-252
-58
-652
-399
647
-133
661
305
-760
-388
-14
300
90
-354
-339
-39
-784
217
1052
258
-102
-40
411
-273
-96
851
-67
557
-327
-357
-662
25
493
-174
345
472
-328
229
-122
-889
-357
426
216
-79
-156
415
-332
421
-377
120
-103
-178
657
-350
549
-352
521
294
-445
-420
685
135
509
849
-193
-64
-150
252
-164
-286
-256
179
157
340
98
342
-106
580
1083
-71
-190
-372
-35
-126
138
-134
553
231
-225
-882
-341
-688
-260
-90
164
-473
469
-421
-620
-202
-194
-27
166
-350
91
448
365
682
-299
-306
-397
-846
246
-333
-152
-145
264
-278
4
-127
932
-94
961
33
579
411
156
-394
363
-124
-513
-825
-97
670
-483
-241
-384
142
-3
-21
-25
-334
-110
431
-58
-484
456
-24
548
-699
-570
238
-202
538
57
671
-335
52
826
120
420
-709
263
145
-207
1
-182
-80
-36
-70
-245
-232
328
-277
-217
-74
-162
373
254
-349
-358
319
95
-90
-810
65
308
188
307
-138
99
92
-283
-283
243
-340
-823
174
530
-24
-710
-427
-438
266
-479
-509
-96
-396
418
159
589
617
359
565
172
-584
29
-302
94
738
-601
-238
234
-6
394
174
119
-74
339
-262
-379
-192
51
261
-563
-477
486
453
440
155
147
-183
344
-117
272
246
169
82
450
-35
11
-315
-846
10
-231
-35
198
-260
-223
50
-294
-410
-2
-497
-538
-10
-52
-307
-192
-464
369
-255
-516
148
72
620
-20
-127
-419
412
-564
242
-359
337
-183
194
-80
-536
530
593
-93
97
593
841
245
-310
440
322
-157
-142
88
225
100
-402
-39
-73
25
-74
-292
364
-72
60
292
153
234
190
-319
-534
303
-21
468
759
120
465
453
227
77
102
260
-598
94
1282
671
65
-161
433
-30
329
-481
-186
163
-57
242
797
93
-543
66
41
321
48
194
475
-89
95
-302
228
-630
-70
-247
-272
-95
-156
9
137
509
-137
-313
223
111
518
-74
343
-159
18
265
301
-268
108
166
-255
160
312
-625
-213
405
-204
-419
-484
-532
50
-686
14
-45
-368
-439
-38
78
-587
-103
419
51
-261
-28
70
700
381
-318
-217
329
-531
-160
488
-521
35
-252
262
21
-292
71
319
-569
348
-262
-111
-35
187
108
146
-342
142
-198
-241
-572
1203
-100
-90
87
109
73
-343
204
341
-196
-232
-846
84
-504
-308
379
480
-316
-388
304
-139
364
513
270
388
-259
-314
-431
14
-103
208
393
-384
-665
-223
-605
-361
371
456
540
106
-614
468
371
-298
-419
245
-26
83
-309
279
-169
-271
251
747
-394
-479
-513
-48
-172
-189
-195
8
-41
-649
-269
1015
148
-34
-58
-370
-94
353
240
-149
-502
64
33
29
-570
404
1128
311
126
567
47
-122
-437
206
-364
106
217
-207
-8
403
-250
54
464
274
264
-379
-43
651
-296
113
-109
467
293
-116
114
-700
-211
-418
-84
-975
378
656
217
-268
-204
697
-70
-638
975
443
365
-382
-14
180
-458
-690
-761
-25
282
251
-676
471
-90
-339
152
106
490
167
122
-112
-259
605
688
72
30
434
-148
-671
-338
489
262
-1
113
-189
-52
268
571
-543
95
628
116
31
68
-203
-23
337
220
437
-411
248
-740
-655
38
23
-587
-289
557
48
-373
562
333
41
-384
-19
-392
431
-143
-145
-111
-111
138
1
176
409
270
-405
503
-362
-410
317
-33
426
399
271
62
-845
-271
-254
650
0
560
-421
-305
-209
-66
-131
453
-329
786
-107
72
799
489
260
-438
-785
646
-486
470
-258
-141
-697
422
-347
-328
148
287
-64
329
-118
-3
59
410
-367
236
653
486
5
400
73
178
368
-30
-77
407
-353
454
19
-627
-209
-842
-421
-101
-574
-156
-54
-477
-666
-106
-452
479
84
-908
323
214
550
543
279
74
161
209
-297
-98
-70
273
-190
-337
-301
810
-567
95
-195
-376
-210
444
4
-522
657
128
-317
-72
-253
-156
-61
35
367
-314
-597
-151
327
437
-686
-273
533
-744
-98
-271
-666
472
54
-91
-224
-637
256
43
-557
458
113
67
218
744
-1165
-491
-38
-170
-156
485
277
-250
-158
401
-174
-160
-290
-388
-347
190
-111
44
427
-225
-108
83
-320
300
-359
-340
448
512
-49
63
72
52
-86
-263
680
327
194
-561
149
455
-122
367
805
-733
-91
-470
-407
-92
19
722
246
-553
254
191
276
-263
-140
371
251
-277
289
-369
-334
-411
-60
-129
-1283
41
459
330
-105
353
550
189
-181
129
-433
110
-626
125
385
-441
392
170
72
118
66
-252
-110
562
-12
-74
-120
-99
-287
270
-550
512
-81
231
203
146
-63
323
949
-399
347
-223
-169
790
454
-416
99
-19
-402
-722
200
76
340
-244
-521
481
133
0
-206
155
770
121
454
-25
-167
236
-557
332
25
765
-437
398
-241
477
329
886
140
88
21
-100
193
355
-562
-584
609
-550
-381
928
-238
-237
-46
244
-723
-130
780
-19
622
421
118
-249
-534
-281
198
-91
-362
-50
-334
326
22
206
297
-636
316
-74
-59
301
543
-184
358
1025
479
26
-263
-344
513
-729
332
-98
-366
888
-570
142
469
-507
-557
-38
585
525
366
189
183
992
-103
47
-12
111
-784
-180
657
365
-96
-131
303
-461
-654
-404
60
-61
-327
-1
487
72
-283
-251
-72
-86
-446
-648
-20
-593
214
118
15
334
330
-216
129
27
-300
-41
-134
-389
175
174
712
407
728
761
-518
211
-691
605
-731
-35
-236
163
174
226
64
-210
40
-402
108
26
285
72
168
315
-424
-632
-363
-213
361
213
-998
-257
-66
189
-379
-296
-603
-154
-26
512
62
-1135
483
-4
-407
-91
276
-230
-84
321
668
-321
-385
81
91
-166
86
124
-403
562
-977
-159
1227
572
430
507
22
826
-161
461
-530
581
-204
583
39
-474
-834
-800
-556
-195
-818
87
175
-532
12
786
642
-123
-58
147
724
-312
44
95
577
89
212
574
-101
-496
-97
-43
193
134
-174
372
13
-509
548
-310
-508
-661
178
-142
-440
811
-204
41
384
50
202
-662
-329
-435
63
-128
227
146
-100
62
714
170
204
-433
453
494
-243
-982
20
-91
89
705
352
-265
20
328
-179
-95
71
194
94
426
-411
-703
218
-12
-80
-61
-306
27
347
-1173
-55
-586
-471
-381
-334
9
650
595
-33
-265
-389
-706
103
-342
-154
401
-141
137
-147
-133
713
52
-534
525
300
-407
707
236
787
315
-87
887
340
676
-26
130
210
-64
-390
-641
193
-242
74
1059
-229
-391
-66
-298
785
-50
408
-280
374
-125
395
456
162
-314
-606
419
427
146
-426
294
1005
59
-12
-52
-81
-41
-555
756
156
284
-688
-610
-605
471
234
62
392
-326
-220
345
-349
-280
-314
-326
-49
398
423
229
403
-166
-234
125
-45
-379
296
159
-374
-626
691
-863
-268
11
-349
-132
-125
-681
-457
-299
-521
42
-516
318
-116
-467
-256
547
205
617
-51
979
-171
211
-161
-25
-253
272
-268
131
-34
226
312
-470
747
-230
99
282
-831
-182
-82
440
-2
-755
-13
864
-433
-215
-811
29
-474
-160
-169
466
581
-347
-89
310
33
-310
406
-138
121
870
-291
336
-176
770
-438
-273
297
-426
-1131
11
-217
-420
-628
-635
224
522
832
931
-150
449
-136
293
-892
-409
25
-198
737
-761
380
-89
468
481
177
-267
22
30
339
-336
17
-175
181
280
367
-484
-216
-239
541
-387
823
491
26
-71
-650
-207
-805
522
-220
632
-471
20
148
-196
-110
-380
533
-201
506
-457
-196
-212
148
-161
55
246
-177
-482
403
-281
-658
-17
845
552
259
-380
59
-19
418
-320
456
-355
-294
449
123
535
167
482
-198
-69
-73
-630
-186
-689
-182
462
345
458
896
-523
203
-155
-52
85
163
148
459
-220
15
637
349
238
-36
-106
373
305
-459
148
-202
684
-793
-287
25
-126
-447
444
-16
118
668
154
29
-677
-439
-46
-176
383
-339
-181
-203
-222
-624
420
-1144
886
-112
-976
-540
883
741
70
-127
-500
304
431
-264
258
-140
-173
567
-546
-225
-185
29
179
-132
-127
-607
221
531
-789
76
194
-99
105
-359
235
643
-91
1177
378
14
144
480
513
395
169
-285
187
377
-300
-419
211
645
-142
-104
-385
326
310
200
712
298
-290
465
-248
-117
218
360
352
613
77
-152
-451
769
-182
25
442
76
806
-318
-541
824
13
453
-421
-40
464
-122
-429
-56
-14
327
-220
-658
-534
-200
-166
-88
-43
490
64
-517
-312
-381
-240
-296
215
146
43
52
240
-67
-296
528
277
-278
-733
-20
-18
5
-704
140
542
-99
-126
-602
405
824
190
641
-380
-193
-305
697
899
198
657
145
104
306
-280
642
702
498
358
225
615
-321
212
6
583
558
-359
700
371
72
-638
274
217
508
-89
-65
335
-8
-117
556
35
-416
213
196
-638
-575
-587
-20
220
83
-399
-467
327
-381
-155
-73
-942
65
646
-165
448
242
285
617
-322
-29
389
281
-213
-37
273
270
-198
-362
290
-417
232
201
126
166
566
-714
-186
195
173
188
-368
-380
439
-81
422
396
-145
424
671
7
345
-282
722
-90
195
271
-1094
693
243
135
70
-139
564
143
-185
-114
-38
-387
11
-236
-192
-91
456
-733
97
-203
197
149
-159
-425
206
-700
-42
-148
-414
242
-147
-665
-127
328
-607
73
446
138
174
-578
-284
280
-286
-372
250
-69
242
-275
154
177
-408
11
773
-820
434
262
-18
261
25
716
-178
776
218
-169
19
-336
-530
464
110
-361
-6
125
-420
196
-546
229
141
504
-377
-238
-492
-796
762
-103
-293
-779
-16
-224
-6
239
-491
-73
49
773
-338
-688
399
-203
398
-1
-318
440
-700
118
21
119
-603
-211
21
433
-161
-167
-327
472
146
65
-58
-545
-477
456
-543
-53
-117
-67
554
-560
475
-41
249
-71
217
289
-280
209
546
557
-16
542
-397
126
227
-77
-38
481
-36
-157
98
317
-220
-683
303
301
-218
205
-44
182
185
-346
-204
-768
505
271
129
-71
-594
-17
-46
-691
72
212
156
556
-300
-417
288
971
384
-57
-260
-218
49
136
-269
-270
233
363
-386
257
482
-577
599
730
277
-608
73
-215
41
-410
70
433
350
489
-113
-441
-453
-857
-475
608
200
391
-228
-827
-442
-240
-657
-683
-681
455
-262
-83
183
-81
-482
-142
203
215
1174
253
-463
-7
351
388
-260
-664
538
565
-270
-404
249
373
-166
-299
31
-167
89
-265
437
-94
146
71
-267
-635
-81
-433
-49
-238
204
-363
230
148
-380
-411
61
733
-551
492
510
-201
-280
-346
430
862
900
-382
466
-992
-271
227
-269
-222
5
-129
154
-83
-869
-101
205
-2
-10
1072
-694
334
147
-277
-471
-361
380
426
537
-777
-141
571
-27
24
116
-207
417
223
419
-152
379
-201
-313
-305
93
-39
-499
472
794
-391
-668
-61
31
65
-330
-785
338
205
-374
-224
-459
-141
383
158
-116
71
-147
-148
629
350
14
254
-251
304
269
391
-448
846
-120
-296
-403
450
-37
-270
996
66
319
279
245
589
171
-309
756
365
-439
-160
303
354
398
119
29
340
233
-420
576
222
41
685
391
-697
-438
-194
-283
-466
-84
-17
-364
-407
531
476
-85
-225
-309
-173
111
315
239
-136
68
-689
155
6
-777
-89
-999
-491
420
-123
147
-108
-673
-107
857
40
69
-432
-7
144
-157
-89
42
-502
88
664
429
80
-537
225
192
-627
-3
510
488
273
165
327
-587
827
-334
-440
-159
156
-170
-354
-3
-612
-240
89
474
198
303
23
399
-126
24
670
-72
38
56
413
341
199
214
252
437
-27
-325
-276
-231
-206
87
-149
-15
-700
300
550
-876
-327
60
65
-221
-675
-374
-479
-53
-575
-249
17
-143
-104
-182
-559
341
338
117
435
-105
-130
479
325
275
-199
-232
-316
410
121
636
288
203
-434
-360
-71
217
71
-426
159
-110
-336
263
103
-120
1061
-310
-33
761
-631
135
-75
-213
-67
487
284
-228
-193
-343
-45
196
-165
178
115
-468
431
-427
798
-383
153
147
107
-536
-702
693
255
85
485
-113
495
-96
-310
-575
-207
203
380
-471
-435
95
400
124
-214
-864
-480
713
-178
497
-328
211
-767
132
188
459
312
240
159
239
158
-520
7
-730
-18
1133
-926
259
-319
-637
188
-111
-98
-665
464
-664
868
357
-462
-96
-579
39
-500
-107
356
-169
-261
81
-194
-316
-8
-603
-105
-12
99
-223
9
-217
-44
-122
63
304
508
129
-307
-484
-181
-61
294
-381
287
31
333
115
-56
618
246
-602
-271
78
-557
822
161
-14
237
210
201
-195
-75
267
280
-188
201
459
-185
-211
-245
-222
461
-80
-161
224
-323
-122
453
-402
147
887
304
325
-34
-89
-346
194
-386
308
-129
379
-1191
345
-323
-131
-560
-423
-308
9
577
-263
438
-357
-597
59
-123
811
61
715
-56
482
27
93
-174
-137
-114
26
104
252
-625
-547
-857
-60
-24
-65
632
-294
618
-579
-28
-885
602
1020
-347
-65
-76
-35
440
285
-974
-99
621
-261
5
-305
-249
273
-740
-424
-343
-705
-317
513
-173
-130
-561
113
47
747
236
412
-405
-316
-185
381
-108
177
-182
438
-347
274
642
-502
617
-5
78
-156
11
-554
582
-587
-842
-47
538
157
346
727
493
628
-195
-321
37
-232
-356
-366
74
-97
-288
-161
-468
-474
32
66
-86
-311
-711
-333
-329
-400
-488
-36
-506
-161
513
-207
-28
-315
-146
-20
289
-779
2
-292
-88
-105
-270
-401
235
-314
-219
-319
306
69
417
458
-30
44
-99
489
-57
697
352
53
183
119
-186
370
-528
378
-571
333
-546
55
328
-476
956
-28
6
-320
933
-67
-245
222
-372
-94
333
66
-389
-410
878
-330
-58
57
-100
-351
-20
434
53
-331
290
107
-462
-1019
-117
-8
-748
-579
-343
187
-116
331
-57
-703
-214
-193
611
7
85
238
178
-289
116
146
207
-450
495
396
-685
164
-288
-362
95
242
9
-28
-571
283
193
-147
58
-468
833
-73
1278
-1081
136
383
-456
-92
-198
-248
790
567
-270
-277
-524
-333
-515
465
517
563
-219
542
-823
-278
-496
-670
408
163
-365
77
-354
-202
126
-368
77
-260
226
925
200
408
-429
480
-107
306
-325
142
-208
182
-53
-482
2
116
170
75
314
118
545
-61
272
823
-267
332
-279
-244
336
352
244
-62
349
-109
-37
-1111
212
852
425
-92
6
-266
530
-424
58
374
295
646
219
-486
536
-297
-424
200
201
413
-258
93
135
330
-126
221
-41
-554
-551
-644
736
-315
47
286
663
803
-181
-265
-437
-93
-474
86
-461
-86
733
335
-273
-456
31
-62
-197
220
-462
434
-248
315
-579
-87
2
648
221
246
403
399
-271
-383
-283
147
388
-142
-535
204
-32
-143
-275
84
-2
-226
-532
-792
9
-748
328
-78
-274
-141
-233
-356
504
-241
-47
-180
-279
-123
-486
379
-472
-201
-505
-104
-36
-163
-67
-390
452
-305
-63
569
-650
-354
392
70
141
491
104
682
-35
2
-109
-43
-657
-124
-914
-132
469
11
-361
0
-986
-64
265
219
640
-112
77
-547
0
940
435
-394
104
237
505
314
168
-564
708
360
202
-569
86
-419
636
-4
481
-77
-507
128
185
36
-197
739
571
-442
397
-410
-181
-461
410
-44
-814
36
-10
222
-11
97
-441
484
-322
-121
122
-552
-836
222
-250
-446
36
-283
224
-10
183
27
-103
-215
-8
-352
43
-46
82
-683
-284
233
401
-263
107
172
135
517
131
433
175
23
490
582
-272
-442
-250
156
-850
649
615
-618
645
76
450
530
453
518
-179
642
485
-197
-194
265
-499
227
-67
339
442
-80
-909
225
40
85
777
-144
-515
285
-242
-765
-439
-955
304
-400
-789
861
16
-338
-254
224
711
4
-131
-119
301
317
275
591
-14
-75
179
382
57
-223
367
393
333
-782
881
107
-347
-348
187
-271
-33
-185
980
20
-535
-416
-348
-210
136
455
895
-495
-137
220
-537
441
57
-586
-114
-230
222
99
972
577
276
-379
-127
444
-223
131
113
-158
417
-700
266
111
893
-283
25
-420
-978
-9
221
-158
184
-219
-660
225
44
-376
156
-200
428
7
12
-122
658
-5
-314
1027
-403
-627
-344
477
-18
106
-193
207
-236
323
-48
1024
-24
-147
-87
-648
-637
-591
348
363
389
546
763
-412
222
-48
-213
490
-357
-359
-255
222
-444
-856
502
-177
864
-17
-657
-292
231
123
-222
93
281
417
262
-311
383
102
606
-55
404
-85
-319
-238
-181
-204
-403
173
355
-484
308
1
-286
-99
-204
-277
-648
1138
-8
151
-377
-371
-80
187
-73
54
489
-366
330
-234
161
-925
263
-530
285
172
-105
211
166
-140
-583
-406
64
-276
124
291
-401
365
-157
136
124
-131
-152
405
470
-32
1143
250
-54
-47
168
512
-152
157
568
406
-380
264
359
411
99
302
644
584
481
545
123
237
1019
-49
2
-295
-189
-169
-87
-291
-122
-1020
-79
-165
388
493
291
150
-663
-457
710
-209
-458
-83
-37
-444
854
146
508
-284
-288
583
114
304
-280
416
-3
502
620
-563
-777
206
141
531
118
-729
41
444
-9
-105
-102
331
-215
-285
831
-699
463
222
340
-452
-526
370
36
-277
-224
186
-267
-87
291
-159
-16
250
318
-214
-600
-379
-44
-94
542
-115
117
42
714
-408
870
-320
395
203
77
-225
107
-393
-254
-200
-748
-157
-32
393
472
199
203
-319
-365
-325
-309
301
587
86
-827
-174
-405
50
-118
-125
85
-87
10
430
-200
-94
375
125
153
250
669
-123
929
82
-363
313
-2
-701
146
110
289
-405
-709
72
-67
-485
126
78
-995
74
274
473
75
-94
-123
-307
235
-39
-624
39
-190
250
304
336
53
-154
1343
-163
-390
430
722
-292
-74
108
60
-293
-623
106
143
-492
-520
-589
661
-743
-328
653
-205
-238
321
-19
-669
245
-119
-884
-198
-62
584
-265
410
1085
464
1
127
-612
174
-280
141
268
-75
-106
346
-939
-400
-297
177
-38
657
-120
127
323
-167
-139
-885
-251
42
-363
376
106
-297
-735
-102
159
146
-133
-113
852
225
368
-112
-103
-113
-410
238
-430
-108
318
-213
-147
-605
124
11
-252
-387
249
-49
-746
20
-550
-1058
515
-370
191
312
255
-963
810
769
-351
221
-33
91
-155
145
218
-11
-95
-140
-572
922
73
232
9
-410
24
-342
-130
-261
-14
-475
397
-710
-296
7
361
518
-422
-521
244
281
1066
192
-329
607
-255
237
-305
-424
-216
-385
-466
-153
73
172
85
-604
23
-85
-14
67
58
-255
-398
-350
-323
294
627
423
721
325
-158
-588
-102
472
-16
95
369
490
163
-224
-202
-213
244
41
-193
44
1073
153
-91
679
-428
327
233
-200
474
232
830
-309
-250
-314
-83
445
-661
-698
-464
-130
-288
-534
535
-51
568
-470
-92
355
374
146
-380
-84
725
-230
173
-437
444
250
107
-159
-54
668
136
388
-261
621
-782
115
-295
364
