29 92 484
0 17
0 18
0 21
2 6
2 7
2 11
2 17
2 18
2 20
3 0
3 11
3 12
3 15
3 21
4 1
4 2
4 7
4 16
4 25
4 27
5 7
5 12
5 16
6 1
6 3
6 17
6 19
7 0
7 14
7 26
7 27
8 8
8 9
8 23
9 17
10 3
10 15
10 28
11 18
11 24
12 24
12 26
13 19
13 24
13 25
14 9
14 13
14 16
15 0
15 6
15 7
15 16
15 17
15 19
16 5
16 25
17 0
17 4
17 5
18 8
18 22
19 3
19 7
19 14
20 8
20 16
20 21
20 24
20 25
21 15
21 25
22 9
22 11
22 14
23 4
23 12
23 18
23 21
24 4
24 14
25 12
25 27
26 8
26 25
27 0
27 23
27 24
28 0
28 3
28 15
28 16
28 27
28
75
87
91
77
76
85
40
43
65
7
46
82
8
0
49
16
1
84
88
63
50
10
48
33
67
60
21
58
11
54
25
36
56
37
55
62
78
81
30
42
74
5
20
53
61
59
19
14
32
41
2
12
68
51
72
69
27
34
15
86
3
38
66
13
70
47
89
57
29
4
23
31
18
52
71
9
26
73
79
39
6
24
35
17
83
90
45
22
64
44
80
-383
-1041
565
517
256
25
-699
54
1065
-565
-21
573
22
63
337
-607
-11
-58
791
337
-758
-377
-533
63
294
1234
-515
155
0
530
13
-105
182
-615
-146
553
-154
866
-288
347
-43
-310
-484
223
1304
184
287
-688
359
393
-393
488
191
607
409
221
-93
-373
317
348
-761
-295
-419
399
53
-350
627
597
-25
-418
-46
-630
754
162
105
206
-309
-486
-108
-607
-503
-276
234
195
1192
382
-85
-571
-31
500
-691
-250
42
167
302
342
208
461
-629
-513
94
-862
143
413
-554
-50
-47
-389
457
-271
308
416
-379
-790
-212
542
204
-20
-380
-348
-346
250
-94
-114
-678
292
128
678
-261
392
-530
183
-487
-700
593
-303
20
-497
-269
-134
-578
916
-374
-230
-198
-1046
361
-860
1185
-29
390
-147
-1212
-411
-658
244
45
610
582
372
943
-70
-341
-683
-892
-371
-187
-323
246
998
484
190
-589
-167
-407
123
-152
-132
-282
-685
382
-189
-317
-407
-376
-387
157
1141
403
-925
124
-266
55
431
-776
533
433
552
80
143
345
475
-68
534
-377
-551
-590
876
-387
-160
-472
294
-643
-321
-160
310
1012
638
1029
-943
-190
-79
-490
-157
642
-119
577
-586
-356
130
162
-963
-520
-622
689
-469
68
-36
111
991
-126
92
546
279
484
292
259
34
-201
-959
823
93
643
-466
209
301
383
-391
242
-128
-380
703
-25
-131
370
-948
-7
-27
736
-78
670
-488
-888
217
559
80
795
-46
-576
206
-510
55
-649
997
267
-315
-233
-327
-158
1245
453
-801
5
672
114
-2
119
314
983
-165
-764
91
224
-1621
12
-414
37
-968
520
-186
-125
275
73
271
916
1298
456
-743
-912
-916
-1104
270
-766
-492
-295
-523
624
-441
-429
-2
-89
-116
318
-501
-158
118
1046
-570
-528
14
389
-114
-313
601
-639
-371
496
-713
-601
394
-189
140
280
-358
-219
75
-402
495
-111
-224
43
294
748
432
612
-395
-632
216
-203
-159
-2
256
-305
-512
-543
-456
-781
135
438
328
72
284
-283
-143
375
418
-590
213
344
506
-288
446
-635
860
421
-381
-118
-248
-83
-788
875
376
-486
784
-971
-160
499
-227
-203
-142
391
-99
-328
-67
327
-598
-771
-85
632
463
932
193
-587
116
-370
457
-653
-121
-788
-431
-119
-262
-458
630
-452
179
348
923
-139
-292
-49
139
342
-632
-99
-35
-146
298
102
304
520
-1156
70
-48
290
327
964
-395
-434
-919
383
-1164
-105
226
192
-305
-114
-414
248
-711
-148
23
588
339
-203
323
223
666
205
23
407
-435
-416
-32
-65
-143
1045
-113
117
-545
26
-267
75
-254
642
461
332
64
312
-686
579
-352
-99
-463
110
986
270
319
1320
867
-250
365
-186
585
601
33
-26
-30
-357
189
-380
560
-366
-303
-507
194
-426
377
-159
-373
421
1310
392
-752
-64
-555
81
867
-56
230
-190
-308
223
-322
-83
845
-740
-74
529
249
-479
-58
-155
436
-158
-759
-299
2
-542
168
-517
-237
-226
-347
-456
241
642
101
-140
216
-107
60
810
405
-616
-477
485
49
505
-692
93
433
124
-168
708
-50
188
507
65
-35
-846
-101
-474
347
-181
851
511
-237
699
-92
-704
38
563
-89
-19
418
-68
-474
-106
-236
-313
-194
399
762
729
-235
389
-73
611
-375
-1382
404
-73
-150
-251
461
-665
-1051
569
507
-733
-378
141
-759
1340
-463
605
1
-671
-177
794
-185
549
198
165
-500
365
-425
-549
-155
220
101
219
918
317
248
-985
223
38
703
377
347
90
381
-482
-1092
-349
-632
-712
-103
-905
-586
57
-164
-151
-405
745
-349
115
-269
1159
-487
710
68
-227
-688
677
324
97
-583
263
-188
-156
-137
782
387
511
-430
-117
-668
-623
587
43
-624
132
-450
243
707
362
-527
272
679
-452
815
768
-192
-1019
144
316
122
548
991
783
-194
309
-470
-217
557
-49
-350
-315
-54
-953
339
-568
495
-11
472
483
-317
-258
797
-371
478
690
-200
-93
104
-87
-324
438
631
53
1052
775
-168
190
-610
-71
-210
1014
81
-855
750
108
-597
595
162
-402
339
741
101
755
-294
-498
-242
-805
-52
-370
-788
595
237
122
-735
-867
70
50
-308
-242
-105
119
-178
2
-458
168
-217
23
46
714
-643
-102
422
182
447
-131
-289
314
-184
-145
-57
-62
-89
107
168
141
418
-285
-501
188
-720
-330
-187
7
-209
-1207
545
-137
-78
471
-92
-319
401
-70
113
640
-163
-27
108
-105
-286
-457
-16
942
-256
428
-201
683
-45
102
-258
366
-635
-48
-134
-150
226
-135
-20
-432
-280
350
656
202
221
-209
-118
238
-230
-402
-399
498
251
8
224
351
-21
927
-758
-939
-601
-348
-180
-1054
-224
-233
-581
-272
506
90
459
-182
-258
263
-20
-324
1189
341
681
-65
1346
-380
435
151
497
-100
387
-415
928
-542
230
-128
410
316
177
527
-502
-203
-858
-360
34
-721
38
-107
-869
50
-58
5
274
220
576
-25
-89
-205
216
462
1081
632
-48
170
-538
108
-165
218
454
-426
-867
642
482
-471
-66
49
-828
219
-382
-714
-117
-50
442
176
86
-70
534
-166
-336
261
-379
-575
292
-114
291
741
-387
404
525
429
-821
32
222
-316
375
241
-548
-200
147
-297
-406
646
-664
506
-851
715
-178
438
307
102
374
407
-869
293
535
28
-1382
-64
-502
-15
-167
-325
488
-484
366
459
-951
-280
-438
827
280
607
42
374
-404
477
231
-289
272
-148
816
105
-35
-45
-174
-439
690
-608
544
-442
31
-644
610
-413
266
-639
838
13
581
-174
-769
-390
276
176
613
546
294
-425
153
481
214
433
-259
1124
4
-1030
159
-223
-236
739
-869
94
159
-255
387
961
-254
-231
1670
-614
346
-402
291
739
187
-609
-199
944
391
106
178
-145
196
-655
81
-3
-228
-451
-665
554
-1093
153
981
-95
-15
-234
499
761
-656
-464
-700
-560
-72
123
-99
-442
-73
539
-86
-698
31
-150
-561
331
214
104
-47
234
-760
-11
581
-1043
-487
-230
796
1406
-120
-406
-952
187
-21
370
561
51
225
445
-627
-310
14
-1325
601
-403
140
315
-108
-264
-802
291
778
-353
432
-90
-169
-497
567
329
379
-200
-183
-169
-322
709
-235
583
19
245
19
-237
347
230
574
-252
-388
159
-202
-87
232
177
-590
-341
20
-1294
122
136
-573
-278
-1018
20
-573
630
337
-930
-791
97
118
-393
-35
191
622
505
-231
-375
373
169
-487
-848
398
-64
-232
-206
-502
-509
-286
454
-599
-445
-152
506
1060
285
645
-171
627
436
-300
-223
206
103
-69
109
162
-450
948
-4
138
208
918
466
358
-193
-199
468
886
-526
154
774
-448
-440
283
431
-289
833
354
14
340
-473
425
-345
704
-74
981
433
-40
-193
-600
-563
736
-1122
-758
833
-499
713
-123
446
-266
-102
-78
585
35
868
414
436
269
-340
596
-56
-676
-85
53
386
71
473
-322
624
111
215
-935
33
292
-539
199
316
120
253
-786
729
-695
205
707
-133
-221
306
351
-753
-1124
589
-112
495
-254
625
96
-109
-167
193
-334
673
-560
166
-1259
-252
-429
-181
541
-32
-390
239
24
255
355
755
164
-274
-88
176
-1168
589
-97
-263
656
631
913
337
404
-654
-811
-427
-645
88
128
-299
-339
552
545
291
-276
-189
54
599
-903
-2
142
404
76
-930
-140
-31
-655
-637
185
258
300
-384
-89
-257
301
-489
-64
-217
527
-652
-222
16
15
-354
-378
336
-134
-405
313
-32
469
191
-433
121
137
726
706
-931
97
-999
-279
-2181
68
-23
13
-378
-636
-427
-422
-616
-445
-316
219
818
-185
678
-366
401
76
-26
2
186
701
54
600
283
-1181
-336
589
153
-382
-274
23
271
-684
-411
597
-7
226
261
319
420
867
-621
175
-1501
539
-987
1073
-209
25
-344
-256
193
-46
-62
506
-313
-602
-507
442
696
389
624
38
-330
-1069
333
-54
-281
-307
-145
298
556
474
172
-44
-62
287
-407
-123
-169
-420
855
-121
-1006
314
131
-446
282
-1087
314
362
639
348
-45
591
281
539
-265
675
1159
-179
98
-327
99
168
-81
-634
563
228
6
-606
764
-124
113
794
698
139
-82
647
654
158
1132
158
614
-193
92
676
207
319
967
1044
-170
-629
448
288
80
454
270
617
-533
139
-246
94
461
-593
-50
-405
-116
645
317
325
-420
589
141
335
23
-958
-486
-525
-341
422
-479
367
393
-72
108
-318
72
357
516
-268
366
-67
-685
-99
472
-1036
-645
-296
-174
325
1138
533
-100
-632
600
169
-324
-237
-120
-102
866
-351
172
642
594
146
231
-735
-6
247
-695
98
294
429
-136
47
-667
454
-481
199
-5
525
-150
-757
-125
-147
-626
337
404
115
-377
-86
-319
-129
610
-444
24
-41
240
715
-488
-503
-134
-1
-546
673
-595
98
838
457
363
-49
-215
402
-279
-361
-232
-730
-798
379
-423
188
289
-282
-131
-893
-79
-53
991
397
416
406
767
630
-424
-321
-228
-151
-163
-359
196
-58
53
298
224
355
-14
763
100
128
325
-275
343
-208
194
616
422
245
-632
-396
68
649
-51
527
-428
-527
546
-428
566
273
-133
-606
187
-350
617
368
-530
-501
1090
75
-1018
-932
348
255
-496
-637
182
457
55
-312
-398
-252
51
-143
-1286
-22
-642
201
537
-609
-487
542
-73
-154
-1119
-878
-71
336
259
328
1335
750
-342
198
772
-69
327
338
-278
-283
617
-367
-241
-47
-44
1178
-781
-240
766
96
306
-15
130
819
58
278
667
-496
264
-328
-599
247
-233
-410
-404
429
-125
-35
-567
22
-729
303
119
198
-472
-247
-997
476
-827
244
316
-468
156
-1069
980
-855
-344
457
-46
-266
985
-606
327
289
558
-162
-396
-316
-782
139
319
-391
59
357
293
-181
3
-701
527
-364
-198
-494
609
646
400
93
996
-1117
301
-977
26
152
-20
479
-144
-114
-163
123
-876
-170
-254
403
-580
983
-487
-445
405
-374
1181
57
-133
1139
222
-687
103
-360
-15
-551
312
72
-261
-307
-128
-472
375
563
861
-622
-286
393
-350
185
-610
1
1270
-65
59
-20
358
201
797
-530
-217
250
-233
76
899
-786
-887
12
546
-322
-679
-433
508
23
-263
-422
334
-339
505
393
483
-603
882
143
187
-86
-716
26
-231
-158
-65
-803
-1046
-15
695
-412
350
641
-383
384
503
42
-413
599
-288
-314
-298
-497
383
-139
-141
-112
-27
529
764
786
46
136
251
-169
-434
-25
369
-300
671
149
-306
-153
667
292
-634
95
-227
-551
261
-217
-93
-984
126
116
-203
-539
-1001
-40
832
751
-5
-1105
-327
320
511
253
692
-215
275
-137
519
-314
680
109
61
150
467
-51
-355
488
291
84
-432
-1
177
489
394
-311
464
-238
516
-450
688
468
233
527
69
453
-113
-383
287
336
-300
359
585
484
289
489
42
-227
499
-12
285
115
581
-643
-92
-114
363
-132
263
-121
356
567
289
121
52
-396
659
-147
783
284
-151
338
234
-442
-722
-152
236
124
-126
-366
221
569
-751
246
-174
-159
19
495
53
36
0
521
-341
273
126
1574
595
-352
-302
1055
399
-203
635
-526
-22
-227
-140
219
462
-515
47
786
-23
-175
-259
265
-85
540
715
-404
385
-432
836
443
-167
39
215
-168
31
-410
-191
-365
-115
-589
-813
54
-285
59
-723
-1
-444
-974
591
-396
237
-171
448
130
-201
-129
446
923
-635
-161
-167
-421
-189
42
-365
6
521
494
57
-390
388
130
327
-915
-277
714
-389
146
315
-59
-198
158
-437
93
597
632
520
-285
-200
-342
262
-170
145
-852
-202
216
-554
1006
-338
106
-828
-42
758
351
-250
270
384
-362
-1559
1001
360
-30
964
218
-360
190
-506
-302
425
73
754
39
-391
-37
-3
-727
512
164
-328
70
-1034
171
-353
305
814
284
-419
-661
-141
939
619
409
216
146
-200
72
303
-924
23
34
-911
332
-190
-193
338
348
-534
1127
-85
105
-130
-247
282
215
-708
518
-572
-654
-69
-147
-310
-315
274
442
555
-16
-146
50
426
-102
-395
-363
-893
189
904
-1132
179
-393
299
-531
387
-340
-203
-696
376
803
946
389
-159
-144
109
402
-203
-123
-98
170
526
-27
175
-327
-1289
396
227
411
-663
528
-98
-6
-122
-164
-319
842
371
109
291
-98
-255
433
-660
25
203
-224
135
348
88
263
197
185
170
-47
285
392
82
460
-26
-416
-154
591
-945
514
-403
-912
650
629
-565
-982
-273
-344
183
-215
511
110
-915
80
8
-1343
-496
349
134
-91
-535
-139
-1011
1234
559
-447
125
86
-487
-199
254
-315
74
-634
935
1067
257
560
675
195
-721
-832
-89
-234
143
-691
212
465
-874
283
-277
-77
477
1053
-760
-439
563
730
287
61
437
-393
82
-50
-644
-883
1085
361
39
-304
-455
77
-4
552
-270
-371
-114
419
587
-99
-332
108
475
65
-605
563
-232
258
252
-733
-539
296
26
-107
-450
-702
211
-393
-134
-722
-132
-78
-607
19
-318
212
69
-217
-281
66
733
-510
-561
-1474
72
653
980
-220
-707
-411
-62
-127
-106
59
284
-438
-716
-316
-152
501
485
53
186
-43
618
360
167
1137
-228
-125
-134
138
699
-460
-618
434
-118
936
-295
-1150
79
346
-87
52
391
298
-967
711
859
476
322
-12
568
361
71
-111
1053
-562
-432
164
-574
72
282
307
-166
-753
-380
369
-725
228
-555
1171
-362
459
-225
136
-548
-354
-860
160
23
-568
344
-197
-635
-365
-245
-108
838
-523
736
346
424
590
33
253
-362
-336
-715
-52
-60
-336
-307
54
62
1651
656
38
-168
508
-614
105
-241
118
276
336
-58
25
-104
-457
-734
-414
342
164
284
-927
-992
-344
-239
-183
151
45
-251
319
247
426
-484
774
327
-423
-1207
-302
-39
-151
-403
478
-398
261
-12
8
508
166
-132
159
-1089
-235
-344
503
485
-21
33
408
181
363
-684
31
249
-422
905
-994
-206
-257
123
-317
85
-192
114
145
207
465
-333
48
524
270
679
-335
56
-88
241
-726
763
-82
-927
-196
-185
-247
627
-391
-831
-268
-337
-199
241
-518
-105
396
791
-185
-151
-732
1232
-271
-20
305
935
263
789
-364
-587
82
-389
-783
-101
415
-928
620
-85
-490
464
-594
469
-236
39
154
-629
-487
-67
163
95
-478
92
-186
-261
238
-13
-206
487
-347
71
-378
153
599
-386
-473
-778
-726
-782
-21
-125
575
703
722
-578
631
32
845
-336
-534
1074
-581
367
-234
503
-865
21
275
-2
181
-869
297
153
-564
-289
-841
112
-351
27
231
215
853
-196
-842
96
-515
-190
-469
39
302
333
-321
-302
98
-354
-140
-258
303
753
-466
-163
-135
72
-157
577
587
418
761
-315
-173
-50
-406
20
745
-310
-160
-70
225
-722
170
65
-497
37
-349
437
674
-89
-652
-40
-578
88
250
120
-277
288
124
168
-553
-528
-462
1073
547
388
49
-206
-498
-154
74
-424
560
-1395
40
-1029
163
342
-42
104
726
-21
-321
-1
-1106
153
179
684
307
-778
184
677
-2
-575
-251
163
590
70
169
-181
-64
-1080
109
-788
48
1214
117
-320
302
-601
252
200
576
-54
120
-126
-228
725
-155
4
-512
216
-399
487
77
-949
348
-399
-208
-212
-390
-35
-510
-1481
-450
655
-289
4
161
96
548
70
755
395
-592
217
-1513
204
-205
-634
237
331
571
248
-369
469
-207
-668
-456
-359
704
-93
309
1050
297
151
180
-441
298
205
111
-290
-840
-542
488
-45
610
709
-138
-539
235
-439
-137
-731
-76
-972
50
-432
-560
1422
-122
-71
-740
-602
-1
-162
-275
-425
45
131
-285
-32
103
765
-31
-998
-119
435
43
567
85
509
616
-206
-407
49
90
-534
-339
-131
385
226
263
-177
384
47
525
-373
252
-537
-831
29
-514
-486
-122
251
5
793
-499
-115
404
125
38
-248
256
-130
-698
-434
-208
407
416
625
-620
-105
429
517
668
-489
123
193
305
-863
-21
72
-229
-911
-348
-138
47
-232
96
96
240
376
417
238
-391
368
24
517
71
-680
-497
-138
-322
-402
-3
-241
-137
286
-439
-118
241
919
-670
-548
110
-50
-505
-471
-83
-107
381
905
-126
-262
-9
-380
621
-100
-512
176
-14
-124
231
-352
82
281
130
460
505
550
-225
77
1364
-179
-233
901
575
60
893
576
137
-681
785
211
16
-119
269
126
104
-72
-864
-578
153
-1200
331
661
52
-404
-564
-444
-313
-150
473
571
-866
121
278
-435
-116
175
875
-788
-91
-711
40
305
274
628
-589
108
88
-662
-451
-198
150
112
-121
225
-192
1156
120
19
-607
-214
-206
-53
-1333
729
-348
482
-187
446
79
-387
294
352
148
436
-200
-184
374
50
41
937
-401
-296
171
15
381
568
118
-338
350
-519
51
-224
-364
-431
267
-293
-104
-85
-344
-1128
840
24
-234
-32
9
-609
-274
304
-146
-568
-184
192
76
-301
409
-297
-372
-148
318
329
-163
-540
311
578
92
49
-204
-309
32
146
451
-354
-1264
270
381
737
-361
-423
641
331
384
-343
553
352
548
1088
-181
-211
882
190
92
795
-931
873
115
711
-270
-595
24
210
503
-177
-250
-397
-270
-134
-459
770
-643
497
-47
-475
-152
-414
-392
-603
-628
76
6
-904
270
489
662
476
851
-45
390
664
71
-690
13
-140
271
187
332
415
-120
-692
-192
410
251
-515
-167
246
881
259
833
16
-15
384
-102
-32
-879
-347
459
75
-493
295
-338
-193
68
-775
-375
710
160
-312
694
169
-889
404
-82
-351
209
436
-24
533
637
-385
-85
-1681
-485
-539
3
-154
829
-234
-636
-175
652
151
379
-105
-373
801
-93
-697
483
-63
-298
-132
693
-109
13
842
-101
-220
510
472
870
419
-215
-1144
-432
33
-312
-88
-68
1115
600
-436
492
67
812
362
705
183
-441
-855
-83
-37
-232
355
416
571
153
-234
650
-370
150
173
-332
-10
505
-605
389
241
-666
52
813
-914
-192
131
177
387
760
59
473
420
842
80
537
576
-38
203
-664
681
-506
240
-47
-133
-817
-525
-308
-276
854
347
-551
-479
568
-701
-155
-647
-210
-1080
-649
-61
-661
-206
66
-61
563
-471
63
-108
305
15
-525
-189
56
76
112
31
-604
538
90
339
117
71
597
401
-543
-859
-174
891
94
-63
229
112
597
20
192
-126
330
-419
-174
477
-408
896
-361
-137
309
16
-645
-284
-135
-2
350
-12
600
-361
-58
-119
-80
-276
102
-429
949
-335
608
-154
535
706
233
-218
-394
-329
23
270
487
-173
-495
446
-10
-290
-508
104
143
-105
825
-82
725
-206
271
-314
545
-494
80
-527
19
149
729
238
-573
284
-357
376
-492
-267
133
-728
-17
401
997
-21
389
-133
316
442
-192
397
-355
301
-56
-257
149
-359
-921
-66
-378
-406
-737
-633
175
-615
-327
149
-389
-762
311
-55
-97
-837
175
594
83
216
-568
249
47
-24
-1123
-418
-295
352
-447
-87
126
344
211
555
168
574
-405
-295
-142
83
-306
871
-192
-580
874
-427
-751
139
520
261
-56
-632
444
150
-52
399
-165
-414
-294
73
113
415
-17
858
-86
-419
1201
-639
397
850
-198
577
-278
373
109
512
936
219
-695
-64
127
-386
-703
-372
-66
-167
37
396
157
186
-269
-329
510
206
-206
298
-1031
223
339
470
359
-536
-764
913
-416
-236
462
-17
181
-1326
868
182
-108
16
-838
-137
76
308
-402
-802
651
-1399
526
-189
919
-241
88
411
769
-152
-209
165
-386
417
763
256
-623
485
194
50
-458
-629
-447
725
298
-282
478
364
-65
807
36
-434
-256
-330
266
-95
-570
-493
-432
-490
487
38
495
35
174
-92
-1
75
-406
633
393
540
374
-627
431
-1156
-410
-452
463
-648
2
802
364
455
-311
-152
451
-322
-570
294
232
484
-85
-360
-61
-411
131
23
738
416
-555
-998
176
-685
986
-177
402
-358
-62
886
229
124
179
-649
-441
-1169
-174
-195
-442
21
508
461
585
-507
333
-560
537
184
50
-275
231
-561
-23
260
-184
393
63
-84
-1252
984
444
-464
591
-382
-445
349
-390
-90
90
-1066
270
503
1080
343
87
-353
574
56
-836
-611
-204
94
-33
826
-252
-480
483
-351
-944
-651
-140
-1315
-163
-178
439
770
-518
-464
-267
651
565
586
-1376
465
-258
-84
42
697
207
778
-791
288
294
95
63
-417
122
-246
-488
453
233
57
189
-51
-258
648
125
-249
303
715
-435
23
777
-507
209
396
-169
-1014
47
1405
-203
-288
-712
271
-389
-11
-373
468
307
644
140
48
473
163
350
30
-8
596
461
659
-80
202
103
323
-154
14
-822
88
347
-439
-233
-317
51
-276
-181
-735
222
230
-163
33
162
495
478
1441
113
-49
-480
447
94
-370
-783
-166
463
190
23
-378
642
2
151
-253
-64
64
-120
-22
111
155
-234
-250
698
-113
176
-375
193
-11
-186
225
-798
-171
363
23
280
-98
477
-1066
443
578
811
-561
-339
460
-620
-1124
132
-251
-525
235
16
-204
-274
-474
-62
318
-86
-709
563
-888
797
355
-71
756
-459
-641
-317
-188
-151
-20
416
-465
-171
-924
-634
-358
-541
-368
497
277
-326
-570
-239
275
8
-308
-220
212
-40
643
-39
-504
134
-570
-284
98
-261
719
-31
488
224
124
-293
416
-99
395
299
279
-203
-545
-232
18
-357
-89
-1560
378
667
-1136
126
670
-627
-369
-668
-48
3
-477
296
183
-144
-910
319
324
-109
485
-37
-32
-232
-507
318
-420
-1322
-442
419
444
-531
-205
517
-208
241
153
-563
-73
359
-692
-80
13
395
827
352
-698
-143
-119
-84
59
-220
136
-26
-658
839
411
76
-246
304
785
-789
-14
158
-150
-72
-380
-1109
29
-22
330
-205
32
-668
-251
-352
279
-211
496
7
-425
-697
37
422
166
486
122
252
414
500
699
613
873
292
-800
132
344
-294
305
88
12
-404
-364
423
277
446
-361
-302
-280
-491
-149
-40
-154
-432
-243
299
-142
-238
1051
-736
85
541
-432
-11
-30
583
232
-317
-860
-476
-885
-77
-424
122
228
-320
248
185
-411
-390
591
-1170
36
117
-426
1423
-341
-367
197
-157
-279
-80
84
202
67
187
616
-54
-52
993
39
825
533
-394
-521
280
-235
-177
59
426
173
-58
774
189
-279
-460
-926
285
248
273
285
367
-413
-199
-491
-139
-435
871
-247
269
171
-335
408
-169
-85
-531
-199
141
-544
-727
-541
-373
-499
622
250
1151
146
790
351
-528
-12
-151
-131
-477
-302
508
-1140
-219
-212
256
246
133
716
-105
-1254
340
-22
380
404
-626
253
-295
-391
-91
-513
-39
72
48
-467
425
-55
113
118
95
-216
39
50
486
-375
155
1077
351
-186
-986
339
3
650
58
63
414
-102
480
-442
-351
354
-234
745
621
-537
-593
454
-27
228
-274
-741
-755
-1055
-98
583
697
-24
-923
236
-24
-58
43
-8
408
-563
621
-496
776
-243
760
490
1193
513
-445
-327
-645
-214
280
115
350
280
-531
355
-498
1017
481
535
168
-758
-30
541
-1164
-122
-114
234
-606
1216
344
-131
-178
-8
-410
-30
-345
-534
57
-182
8
545
166
335
153
470
568
971
-11
-1233
-115
-537
69
90
634
-224
314
952
688
-18
-87
-195
-190
-597
-461
-199
-989
-316
-415
-184
369
-721
-276
112
-799
-486
432
-237
-761
-135
-69
-45
271
521
-600
778
1198
67
-701
120
-617
324
947
-174
74
-12
-79
562
-231
881
-726
1439
121
-25
-47
-517
150
577
-128
-859
769
356
-222
-402
-201
-509
1012
1366
463
-303
-190
-97
1010
309
-218
827
18
14
-688
690
-130
200
-727
799
-84
786
694
429
-633
-775
-587
295
241
-610
119
-100
-276
159
-550
-452
930
-546
-1018
-320
463
488
-691
-771
392
407
357
30
-261
-96
-11
-105
212
-863
-68
-162
-309
-723
-438
-649
-899
-438
415
837
-196
454
136
689
-312
-520
252
579
353
302
-955
-537
223
-615
751
166
174
156
359
-163
1593
212
-609
302
-1201
-260
626
-422
-111
616
160
-6
-885
-586
-523
701
240
721
207
895
-629
-213
-882
178
-168
338
439
273
368
-118
-126
447
-325
651
249
267
289
608
-99
453
-472
202
102
-489
289
-491
746
-195
-916
-187
-559
119
-31
352
39
32
-318
1284
-448
-301
-249
-418
-552
86
-301
787
-389
-675
-560
202
492
-63
-598
10
274
-231
-111
1242
-241
-117
74
-548
-730
-1156
-348
1571
-532
-97
-201
-245
912
85
-395
628
780
171
-45
-330
84
193
681
-692
-433
654
48
275
307
197
389
-194
451
-439
-795
491
896
-383
121
-934
-237
502
143
-1040
1066
207
154
-183
194
33
38
339
802
-477
49
1068
164
90
-458
-555
279
156
-81
901
-581
-526
66
-112
518
173
417
264
202
-549
-289
262
-674
251
365
23
-49
463
-392
-1730
-321
256
497
-77
-237
29
-232
1001
11
100
-445
-14
-173
1034
-390
428
-210
738
208
-515
265
-62
-256
-220
-492
-21
52
321
269
154
-770
262
233
-418
-575
-246
-691
-920
-615
193
-443
1347
-470
340
-728
444
-296
442
-319
1190
289
-599
-472
375
130
329
-639
-518
103
535
24
765
-410
-281
239
312
-269
-388
-120
1343
-4
-336
-306
-672
-250
-258
-364
-21
401
353
-503
-235
1308
-549
-246
19
77
-1096
-78
217
-218
270
-799
-966
-621
6
68
314
-288
-78
755
461
235
556
158
-18
171
-399
-110
749
-168
13
574
-109
-610
730
329
-336
-257
-430
71
771
108
-330
525
53
520
-495
-330
-181
512
676
259
-238
-45
-534
-9
-947
-24
260
-21
-49
-673
52
-510
833
59
2
-33
150
246
-294
350
40
-203
546
-11
487
366
-25
-670
-538
1135
401
-846
-128
284
-5
-181
-651
417
94
-361
-424
-252
-342
771
-882
-548
328
218
-371
33
-550
441
-694
648
40
46
710
462
416
77
-518
-235
211
410
-49
-792
161
-248
-907
56
-584
474
725
47
-883
313
-67
416
287
-867
-107
-1064
42
-399
828
118
11
276
-425
-262
228
-81
257
-510
865
-297
160
-83
594
-367
-333
-257
572
325
-246
212
-298
-428
323
-84
481
383
713
50
-289
105
-466
-6
-205
87
220
692
793
-53
170
-390
-134
-574
533
-151
-64
-838
77
-144
-1045
-420
347
418
-385
-230
-66
-828
-469
612
-30
49
-61
997
258
364
-106
-121
-216
1003
-274
-250
-163
573
36
124
-1133
-64
-101
91
-850
-110
154
-207
-637
-1206
-111
-280
-402
-194
-120
333
6
836
-309
-750
944
597
728
-439
337
156
77
121
-427
-1082
-651
-463
-36
1328
581
426
-397
-467
-286
-263
281
654
122
17
-555
522
-601
392
416
-214
538
358
-45
776
-206
-164
-453
276
268
-77
-765
-497
-92
-146
130
220
-168
-323
528
217
-281
307
300
-800
957
1094
-811
263
-329
642
-12
-672
-56
-121
-205
496
43
-522
-91
71
-577
-658
-463
-566
360
-228
572
144
-308
626
-953
54
12
-410
-566
2
-350
-474
188
73
-482
23
9
-725
-728
532
-500
-222
-64
-83
1453
636
-67
-743
-473
21
1291
-413
-447
-889
-55
-1029
-669
176
-159
1092
54
-545
404
-264
-140
462
-538
231
-749
423
50
365
-50
176
-132
-163
793
-522
348
645
164
-391
-418
344
-558
350
589
854
-296
-298
-354
-98
-557
-349
72
-633
169
-131
-152
-180
34
-423
-462
-536
72
23
-617
-512
-186
-407
30
-89
-351
911
-390
375
-457
1010
384
-524
41
185
261
2
147
-495
830
-232
324
-615
-269
898
44
56
744
162
-468
-566
-307
281
594
-336
-495
-848
-178
-565
-677
698
128
1125
-1032
-365
-212
648
-76
-918
473
-167
569
159
84
7
912
278
-819
-269
-475
-232
72
308
-195
-589
184
-351
-987
-949
105
414
-357
-180
-467
135
-319
-575
-601
-593
543
-248
284
91
19
486
450
-688
-473
296
244
-495
414
47
74
-459
267
289
-572
-476
-664
285
88
-469
122
-472
572
1
276
-160
-38
246
-75
673
462
-232
164
-339
961
337
-97
-303
-18
327
16
-107
-306
28
-31
198
-919
-221
-202
197
-484
-510
58
-751
566
236
128
-468
814
-236
503
392
184
-38
365
950
-352
-394
-153
55
346
-15
-321
768
925
-49
299
110
514
26
333
618
55
257
-284
-463
-157
583
-903
-488
300
444
704
-230
-228
244
-79
169
224
80
1460
118
1120
-512
-789
194
445
274
477
1323
-211
265
-13
205
183
837
70
39
-311
140
1112
811
-414
562
-624
-170
-1311
-540
180
-296
-158
-653
-41
64
-909
-546
559
-518
33
-379
600
255
-707
-326
-386
-599
-747
-796
44
575
-293
-461
727
-180
362
418
-1275
-302
131
573
700
-342
-188
-140
-38
-17
-682
49
-281
498
-339
-73
-1053
625
484
-302
-450
83
-345
-419
201
-433
-84
79
-299
-325
-53
83
1121
469
-253
-357
-48
-516
1050
-498
-306
439
864
-251
49
724
746
-177
260
-174
-554
-7
-464
-1158
443
-124
-462
1181
160
-75
-149
-210
-24
-112
-1012
-368
2
-836
-145
477
400
-126
73
594
-499
-86
-239
449
87
-949
560
-259
-415
-540
228
498
-408
-1
-469
279
256
-377
-33
-137
835
-127
-616
643
-363
-253
267
128
769
-269
-326
-50
-543
-11
460
-206
120
354
317
-79
-113
191
42
108
369
-260
-285
1087
-462
-387
-741
227
1096
-362
-499
1191
148
626
-608
277
-392
-156
313
616
226
595
-401
-610
-347
195
-584
353
216
1135
301
-326
1
-324
250
126
-585
198
-282
-119
357
269
397
271
22
-101
-431
-455
1303
-728
194
-24
-6
-489
-1250
-628
-182
538
-380
45
466
-647
-278
476
-414
-129
589
356
34
1072
-418
-307
595
125
-484
813
-718
-554
810
-306
705
-404
692
1073
40
-76
730
-244
-71
-868
379
275
-592
252
565
-421
-618
491
273
-363
-71
-1366
-115
-371
183
70
-520
351
-452
-758
101
210
145
-75
-376
484
599
244
1148
81
-108
1020
-287
-8
411
-690
67
-372
807
-243
820
-30
481
645
-302
899
599
183
-6
22
159
258
-459
-198
254
339
-197
-98
-176
66
295
1449
-282
-376
437
-142
366
372
-334
-19
-1141
69
384
391
-201
-772
-684
-59
426
709
337
-347
805
-285
-534
-430
551
14
-466
1057
595
-368
-29
-481
559
-195
-222
350
-276
-734
-226
658
192
622
-919
121
761
-382
-55
205
-313
91
-339
-635
537
446
686
-358
-513
-263
-1184
85
-344
-479
-334
-34
802
70
-345
143
-141
-166
307
-288
314
-497
-46
-159
544
-77
536
-362
349
-917
-82
118
86
243
-618
-616
-448
803
-272
-658
-151
418
-185
1018
-75
148
793
385
-397
-268
-270
163
531
292
739
258
-46
-114
-127
-162
341
-213
-25
122
-90
-528
291
-619
431
67
1371
587
-210
193
-55
452
88
505
92
-651
-331
159
766
-257
608
-108
-183
1181
-92
-276
-942
724
158
553
487
165
246
-178
-23
-77
36
795
-42
283
283
-112
-168
-211
-342
564
355
126
-564
-283
-618
329
149
-538
-359
-235
-278
734
290
747
18
-707
65
-898
276
867
515
332
-152
363
577
80
-202
175
-775
-270
20
-640
538
1082
-585
-540
-206
-280
-19
318
-348
108
558
370
660
-141
-513
-114
355
-504
384
-322
-56
386
67
150
429
-69
-860
-10
-747
300
-771
1
-209
-470
-118
-76
-71
-367
691
253
-359
-759
-568
-26
595
-290
-1458
423
-286
343
-57
457
-300
-142
-718
-673
137
-279
2
-254
-502
-496
-362
157
-580
-254
-533
-875
588
-548
-81
111
-3
537
171
-348
-270
-7
-586
363
44
148
-600
690
-143
640
269
10
236
-196
118
-125
473
274
-340
-164
67
351
-359
-90
-567
542
454
80
438
-4
436
73
-161
1049
89
304
-534
111
1276
655
-248
197
384
529
244
500
576
-517
-2
-286
-1470
-125
1185
996
590
483
402
513
910
575
-365
-414
-67
703
-136
-152
673
535
-265
597
233
600
-615
-895
-867
-432
848
-116
581
-316
1158
597
-466
277
466
-135
-216
-790
-97
311
-44
326
-540
-880
49
-120
361
-99
-504
-3
515
-83
435
-413
305
-466
442
-724
-877
121
238
-421
-650
99
-317
-477
-371
195
-57
-285
95
12
96
11
274
203
-63
29
916
394
80
-200
373
-675
363
-247
-152
-464
365
270
-48
-63
42
-251
-631
-13
158
-497
-390
-788
-253
76
-137
385
87
-394
-428
213
185
-59
63
-430
-452
374
20
-935
923
-419
-112
-749
1022
-196
-614
-851
-657
415
-894
234
-1242
756
23
630
-128
124
670
-494
5
407
190
110
336
303
178
842
-24
-576
333
-1043
-402
-42
-244
-824
-944
-85
445
105
45
-268
127
520
-839
-464
596
-148
267
596
558
521
215
-624
299
-592
205
-193
-128
434
-349
608
353
-579
-180
19
-691
-65
-336
41
3
-328
621
-309
-171
-258
-635
23
-220
-16
-458
-262
436
897
373
212
658
581
0
-184
290
728
-741
594
-372
-336
856
-586
273
-679
-34
571
-504
579
554
-683
-263
-416
1388
-462
193
718
434
374
481
267
-211
496
-156
-581
-212
-122
-712
-398
-481
-310
948
520
-449
312
-1280
489
-665
-382
-121
416
218
437
240
138
-506
673
-24
-628
177
-1146
-452
-191
-307
-807
290
332
568
120
223
334
-153
-251
-548
106
797
994
523
381
676
348
-142
930
-1086
470
-416
230
546
-140
106
-128
44
555
24
572
276
-503
348
-268
-57
939
233
54
212
35
-614
-508
124
769
382
708
-731
-130
-655
991
-120
-228
228
263
20
-842
-1
424
604
279
-502
14
-413
-504
15
-739
-896
326
-242
-517
452
179
-262
-48
58
652
758
76
296
-38
-86
639
-386
742
-129
-658
-79
-152
-246
-759
177
-231
173
-13
368
381
-805
611
-314
-227
-597
-145
558
532
578
75
838
-875
601
-372
436
-676
-195
643
595
-1304
644
-84
738
-113
-671
112
-842
75
-224
-92
-766
-129
1201
411
316
200
-756
-246
751
-64
-1022
18
-705
-240
184
-421
343
-25
957
696
-419
547
214
-151
-628
190
906
76
883
225
448
103
249
78
-616
448
750
-130
547
1215
156
286
-506
-460
523
204
-1
251
-125
35
491
583
-419
402
198
-143
452
-52
711
422
115
-503
218
-235
-399
-677
153
-990
-806
14
265
-259
-534
384
626
-462
-257
337
-485
-745
-191
-313
-764
137
-62
-727
671
556
399
1739
-268
288
616
-301
-179
183
696
-824
-540
600
571
64
-440
930
502
-463
-602
-482
-173
1373
764
482
-315
611
-203
-337
27
589
229
-31
185
-878
255
203
459
-410
435
-455
895
-828
-239
346
-735
209
-383
397
-585
577
46
312
-244
445
100
-187
995
596
-119
735
-872
319
214
105
-183
680
-1148
-53
317
472
-471
-1046
101
110
-137
56
111
-77
-439
-125
-757
615
-350
112
384
578
90
377
-288
-175
140
-1010
-110
-70
-150
-36
125
395
-83
-153
32
-601
329
-705
-384
-344
76
-442
210
228
488
-390
-246
-63
318
-170
-26
-746
-716
250
-272
925
691
240
-735
405
-369
-495
797
-835
65
399
372
-277
80
305
1809
309
-53
-1026
676
116
-526
511
-198
402
486
572
-57
-930
172
386
-787
521
715
1135
488
-986
-477
-92
709
1007
-360
567
688
-377
297
113
-298
-384
-1175
-11
-148
-1464
-250
-1011
208
-500
606
902
-326
-556
301
-557
-7
-647
-268
-399
192
349
-230
-18
-341
-136
190
-209
1269
-662
-494
-440
-162
-54
586
-775
-219
5
299
-423
-61
-246
1481
170
-109
-89
282
15
358
499
472
459
217
-648
223
-199
-422
685
205
-538
192
436
278
-935
569
980
-405
194
-416
87
408
-84
-137
322
-46
-622
-633
-441
57
724
168
-418
748
-303
-379
-615
-417
-256
227
20
70
-497
-249
-468
90
-133
799
-121
706
154
481
-748
161
-792
11
-498
169
471
368
499
294
-12
577
115
-395
887
340
624
-50
1114
-137
21
882
719
407
174
28
227
-84
-330
-573
398
-489
-288
743
-190
-228
102
558
16
-91
1658
451
-136
-521
441
652
-12
561
-205
-473
30
-398
181
258
-354
248
-518
-671
-80
-475
78
1126
158
-466
57
-51
119
571
-171
-57
-935
-743
-512
-97
-559
173
872
-802
-18
862
-479
-308
-940
344
488
-328
-158
322
-189
929
684
-40
-1022
-378
-575
-785
-410
-413
-369
194
208
262
-286
-395
-64
-970
-105
244
-922
-658
121
-395
279
368
197
-94
753
311
600
505
-315
-541
616
57
689
903
662
-321
73
-353
226
-294
-34
-96
36
-175
-415
524
218
632
-404
457
108
-371
-725
201
550
-204
-100
690
155
-1144
650
-686
-677
-328
-133
350
399
305
62
34
62
-69
1030
-184
-217
-213
-857
-1047
-713
-52
-244
6
1082
-267
741
-716
-567
-670
-149
-201
591
87
269
651
259
297
-650
-427
375
55
147
783
-108
126
240
43
-717
522
-434
-137
-422
53
610
506
-455
-353
769
668
-871
-332
112
-186
286
291
479
326
15
-528
-592
-95
-259
-228
162
-89
560
533
-296
-187
490
-52
-593
1171
-1247
21
-989
682
-66
-654
53
820
-312
587
559
428
1027
-21
241
648
170
-176
-580
177
446
260
666
-179
-204
364
478
-629
331
545
-324
207
1074
485
119
496
-54
1148
-765
-203
619
-128
568
77
416
-192
646
-177
330
412
-290
-106
12
798
-52
-106
650
525
-676
427
-27
-348
64
157
262
-964
-525
156
354
453
-226
29
278
-432
-346
271
144
43
-186
-143
-298
89
-906
318
-533
84
34
96
-219
261
409
304
20
-368
530
158
670
-178
-167
413
99
40
-294
56
-614
-116
-380
-124
-654
342
604
518
178
208
-47
-150
829
-315
-165
273
-466
-1174
6
560
-159
-345
496
-730
-517
-588
-137
409
-145
66
-114
-743
-160
109
-467
-427
418
257
442
428
142
-225
-247
854
-94
-208
170
26
99
160
-732
-1118
630
-103
101
-656
-853
-34
553
-118
-109
-608
-878
-154
264
434
193
324
488
-37
-132
618
-456
-447
241
105
7
731
-604
-172
-295
-222
927
-133
308
-198
398
206
-97
-104
97
64
-652
795
208
122
405
150
-306
-433
-235
-429
1400
-27
287
-108
239
69
-41
-880
-261
1
90
52
920
329
-665
-1016
-47
617
-122
305
479
-354
-303
-21
1196
102
199
73
-314
-349
-412
63
360
146
-282
503
-298
180
953
122
1122
412
297
-210
-446
-200
67
452
-445
-719
417
313
1002
420
-283
-255
-348
-865
777
-740
442
-451
-149
-567
455
-12
-585
723
-73
356
173
-666
510
293
329
-382
641
458
112
794
-801
-530
104
292
434
239
624
45
-167
215
550
-313
-167
154
665
-524
-178
86
-789
35
-106
-164
-772
92
336
-822
-515
-310
-710
-20
-338
-273
-625
-66
-517
-629
-277
968
1
-34
-731
-172
-134
-1186
441
147
500
-524
60
-157
7
-277
413
-727
-672
-846
-156
768
-1345
-265
-429
83
-49
-175
-451
469
-857
25
-116
358
-606
-149
-231
-407
-1007
-622
-646
553
587
-1416
571
-1183
119
351
222
-15
1009
1073
-1034
1628
26
55
-971
55
185
112
-437
344
86
-544
558
216
-243
298
-619
-543
309
610
399
-412
297
-69
-265
-351
-161
604
222
510
-208
564
-220
11
-125
380
899
482
221
76
-560
-353
617
-106
54
212
412
562
480
-355
-532
817
-386
65
-351
703
-365
-265
-326
63
-1063
-113
952
-168
-314
-40
-68
-191
-1149
-293
-237
-576
96
434
-225
-466
-153
536
457
188
-212
-239
-332
656
-522
93
-699
166
-118
-681
214
425
295
-300
-299
-453
34
-441
870
361
169
-297
-479
-38
705
-516
-435
-105
-440
-217
-671
94
-127
751
-498
537
-656
-32
-898
-1034
244
-339
-268
-243
323
-235
48
447
-943
-54
612
301
-122
53
588
-1013
233
334
-299
169
-621
-224
-312
-600
-905
-78
477
207
250
-687
-293
414
38
326
403
-36
-782
-419
8
-91
-261
-120
-272
1402
2
33
554
-388
621
-356
-422
29
-127
39
-174
473
-343
43
1029
-561
32
-831
-90
-277
495
59
-220
-952
-459
510
1382
292
-468
330
-520
-460
331
194
-462
21
-330
63
550
93
871
-857
34
899
209
358
683
363
-250
-162
-25
6
20
58
1066
-128
641
1049
186
-186
-63
-211
777
1039
199
562
-701
-393
-466
220
-90
-68
-338
-68
-222
-872
523
-201
432
-201
-440
-353
-228
-176
302
-590
-378
456
-60
833
-80
-830
528
166
-588
497
-134
140
375
573
-113
-485
374
872
48
641
-124
-66
882
-467
759
-331
-871
-293
-426
-30
-1
-711
82
-1170
-289
106
-6
-284
-74
-565
-338
586
-704
-308
-201
-733
594
-608
18
-187
2
-312
766
835
-134
-210
1168
-33
-107
-224
74
-287
565
88
591
74
368
14
-172
534
97
237
126
-364
450
110
-620
132
997
-86
323
-277
445
-234
730
459
886
-333
-39
114
324
768
307
554
-220
-24
-113
513
-167
384
-235
506
-457
246
-187
-172
-557
52
477
-14
135
117
-198
-549
-264
243
158
-42
49
227
111
-24
-22
-351
239
29
32
-813
596
-192
-271
347
-1055
378
-885
213
-79
-979
-520
-407
-73
424
-113
-727
-341
-860
343
-584
-344
-573
-835
1185
238
-515
-1053
695
784
30
-281
526
-309
-305
397
37
15
965
-29
-447
727
142
458
1060
244
-670
791
339
269
-116
347
482
-783
193
8
-193
-948
35
84
-289
768
164
46
-144
546
454
-737
-607
683
72
374
896
423
-53
-174
81
-719
-650
-616
822
-458
-123
-745
-381
-506
252
698
-55
-251
-364
-30
571
615
288
405
-1203
26
-117
912
255
-171
-82
-299
-284
-805
337
-223
212
759
258
597
498
-139
-219
318
455
-347
-1352
31
-87
1238
474
229
-281
-245
-455
-165
-459
87
-459
-22
-288
745
-268
756
13
238
-267
248
-493
170
616
44
-1008
277
-287
22
683
-133
520
-299
-275
-335
116
-379
-77
917
-461
43
286
528
-150
-901
154
372
-882
-297
189
231
404
-290
-568
-15
609
-297
-8
924
767
-101
-513
227
-446
68
766
-342
-376
556
255
-733
-365
144
-318
-277
-206
-657
127
-11
-189
-546
-726
765
438
-339
-288
61
77
-439
11
-448
368
-752
-302
-481
-561
-276
-514
-436
50
39
517
-253
-1505
-95
-274
-520
503
995
394
-1150
-30
-782
7
629
75
7
1067
329
377
-171
-460
-549
-628
-445
628
180
329
114
412
187
150
372
489
-308
272
88
-1025
438
89
-216
-1451
-344
-854
-21
-145
214
322
417
461
88
220
-191
631
-629
110
257
1086
-247
-664
-158
-792
463
-289
381
-142
278
328
96
-932
334
-201
-853
-457
673
1263
854
-330
-639
286
-52
-558
456
568
-828
-24
-15
-100
492
-148
-942
-384
354
59
973
640
978
-133
696
179
570
584
60
-667
-879
45
71
-646
774
-442
601
666
251
-488
233
392
-377
-218
704
-175
485
38
-504
-593
-254
-812
120
5
-370
406
220
-138
42
-394
-666
-383
-1118
139
-344
115
-510
-650
-160
472
-251
-35
-194
-746
3
849
-330
521
-457
-786
-423
227
254
573
660
-309
489
-850
92
7
386
-15
-467
-546
-311
150
952
-9
-133
189
654
-283
-367
324
83
185
-974
-748
-434
-67
928
-1171
-784
116
-50
-728
1113
-141
-976
-55
-379
-688
22
135
79
-591
190
121
219
-111
405
312
-868
-497
-631
149
702
643
-1111
127
198
-167
-103
386
98
730
165
-550
154
267
145
-409
-240
1
-182
-646
-298
703
-180
633
432
-565
123
-490
665
376
4
467
-112
363
-520
-41
-17
480
854
656
134
183
-454
832
-385
81
-1019
-363
2
3
636
710
-132
91
247
-395
1251
72
-114
-1472
593
-271
-617
486
600
-550
1045
190
528
1125
-362
-210
359
-424
-694
839
1211
-309
-910
802
-120
-117
-33
229
-624
-250
-260
-63
912
946
372
-420
-183
944
-165
-29
897
1
-412
-738
-535
896
-7
-34
247
-31
183
-247
561
292
-360
392
256
-198
-884
-70
372
391
-847
638
-339
-520
-101
245
-36
13
189
-850
-800
-808
1020
-29
-103
-274
-395
114
-347
-364
702
-35
123
353
45
-163
53
-770
400
-561
544
695
-234
840
-756
119
1197
-787
483
233
505
-365
926
-650
-194
-400
-1024
-169
501
-708
-584
-225
123
292
335
-579
250
-456
490
385
-349
108
-421
831
259
724
-263
140
-333
-243
-739
-539
-287
228
-208
-156
826
-93
134
346
919
-261
-937
-78
509
-1105
-684
-438
-639
-1259
678
-80
-59
-234
-304
267
246
-902
-83
267
72
-118
-320
235
1757
-22
147
844
144
559
-551
135
-592
-105
92
1581
341
-199
166
58
670
-172
-1067
-506
-52
298
-217
-90
236
974
-157
506
28
-242
-1141
-829
99
-287
-580
-597
-312
-213
112
54
-1241
59
300
125
-319
-440
96
30
-491
401
525
-34
317
-131
-771
120
-832
-590
164
-122
-21
431
75
785
80
139
-463
310
533
686
-912
446
-303
-718
-568
267
327
48
-209
30
-158
-61
78
433
-855
-101
-336
352
-236
405
502
17
54
289
53
-377
-282
93
432
-183
607
317
-425
169
-229
216
-394
-459
-805
-17
135
-105
551
-368
301
-441
-440
73
333
-555
-239
-88
-91
162
-404
188
128
397
217
150
-784
837
633
-639
-158
227
-400
-339
114
47
315
-642
348
117
-448
147
-123
-281
264
-301
-146
152
-466
-675
-239
758
-193
-92
739
-1197
-438
817
109
-89
-895
138
308
-94
953
-389
220
738
-450
77
-797
-63
694
-175
734
374
813
-11
-221
-83
525
380
-25
787
130
-666
414
-293
436
237
611
-24
150
-594
285
331
-554
507
1207
-462
-264
251
473
-337
1409
-824
-837
-581
-290
366
-236
675
-387
-433
314
191
-441
-727
28
-770
297
466
747
-14
842
-632
781
-847
-518
909
118
992
62
-712
-609
-325
-39
104
-780
548
44
412
-1167
-95
447
66
-134
-183
382
124
-180
-398
605
-377
-722
205
286
284
-366
-502
383
205
697
555
407
-126
571
506
-413
530
-64
863
-137
134
-884
-197
220
27
-557
131
44
-480
-62
261
-226
51
285
-664
335
225
40
14
202
-1056
232
87
-489
275
-393
-790
-127
568
-422
258
-453
101
502
-661
112
-339
191
590
-1085
653
-743
466
-145
-67
43
310
-177
105
158
305
-983
101
581
-727
-457
-873
815
-323
200
-790
-513
1494
-159
-1017
638
-16
80
694
93
590
-92
-419
147
-785
-1026
81
-66
112
-58
759
169
-316
-77
520
575
472
550
35
-738
-248
872
483
210
-602
-441
626
-760
550
-588
-461
451
39
-31
-536
-125
14
244
751
946
213
888
-35
219
-104
-323
20
-397
480
783
-174
-371
-233
591
-358
-909
-138
951
-336
-162
-1080
439
197
451
-357
679
317
-327
1470
-173
91
276
263
-9
444
1094
555
166
207
306
-410
-352
-509
-854
134
-824
-617
140
-231
-319
-25
-149
-389
71
843
-167
-161
716
-172
-582
127
-78
-84
426
-80
136
-411
371
-428
382
558
-115
528
305
527
-41
-147
387
-106
-2
667
182
409
539
262
-368
163
237
-532
-298
376
206
627
-112
659
-131
-556
-248
435
-147
532
516
393
1053
-397
200
536
382
-59
308
579
-107
-351
-287
-1268
-445
-231
-1400
651
663
242
-170
321
-352
61
-35
570
-1010
-239
811
-196
1318
-1573
443
-64
-170
-120
-49
140
341
103
6
-470
-756
-161
38
372
-15
-146
-317
34
-364
565
-479
-656
930
-32
620
35
605
196
540
270
165
461
-47
121
-209
-693
-106
-702
479
61
180
-257
-117
-686
-687
1072
790
-1008
302
63
-200
-582
55
75
-850
-724
-145
-15
-154
167
-670
495
-347
642
156
-1255
-250
441
-113
436
-657
-269
-516
934
-853
-195
-569
-468
719
662
-989
-59
-32
-558
859
-88
-669
652
73
229
-275
103
12
356
-504
-746
-271
-693
-12
190
-444
-244
-350
-1227
-233
-659
-823
473
268
562
-463
-263
-174
-519
-467
791
368
-80
257
-130
-145
-945
819
684
-785
-249
46
-190
935
-334
44
-72
170
33
25
-40
307
305
-150
-617
-630
241
394
89
118
-339
-761
472
1197
94
182
45
-783
13
92
-369
307
-375
452
193
399
20
459
390
576
-425
126
410
52
-124
-621
61
-1010
-301
-714
380
-39
99
614
-325
271
-1507
-318
56
703
-335
-1058
568
453
-38
555
-238
356
417
-592
-265
-1351
-601
-267
137
-441
-487
842
-619
619
130
711
-959
-327
1326
115
-304
41
-329
594
-76
451
482
150
-29
604
444
157
-202
361
424
839
-1158
45
-359
-517
-148
-460
-738
174
-229
530
-415
-116
-372
83
-586
-132
664
-109
-189
445
46
-208
-69
-154
188
927
-640
228
-309
206
-514
-146
229
-84
165
-119
-424
-37
-128
-441
318
-128
414
537
-289
-625
-179
347
357
288
854
-587
703
134
-673
-145
-28
381
-133
385
-67
259
-313
44
-334
371
-38
225
-163
1145
-272
-180
-303
175
270
106
-659
479
-376
-1010
-691
-176
-617
94
724
-317
389
-203
-117
782
-1176
-816
238
867
-676
-308
493
-653
-212
-221
-101
-203
1055
590
-325
513
-910
-479
234
-187
316
-41
137
589
-570
419
344
-940
-1089
-75
-29
-90
191
-73
495
456
-612
-118
-58
21
729
205
-870
53
881
-398
622
-746
-110
-172
167
649
-370
121
403
-819
109
-326
347
491
-759
401
-910
439
-298
1336
351
-14
-682
317
-147
-227
564
97
1105
-741
1471
-902
203
-608
-148
-294
-43
649
-769
-169
-99
-519
674
576
-391
542
-386
-49
-449
209
54
218
-153
-399
-579
-789
857
1087
-594
293
-612
-133
-947
-1065
-100
-218
-63
403
208
-181
8
943
1206
-651
184
-232
295
-82
211
-596
-81
314
100
286
1775
900
-370
-618
110
-367
-232
156
232
-28
1301
534
136
-554
-602
-853
241
-742
-668
-638
455
-75
-110
147
-45
218
5
207
486
-266
-414
-29
137
65
-342
-99
135
-636
-448
419
437
-379
-45
638
245
-170
346
131
-386
1455
444
699
785
-477
150
-274
438
-299
1000
330
-384
43
-586
34
-189
-1201
-1569
199
274
146
328
-692
563
-213
1298
-287
723
353
-892
1035
136
-104
-966
59
-927
-218
-400
-225
174
-12
-40
-72
-227
432
-825
-313
209
-277
-132
193
-521
-245
-361
-933
-566
-171
-398
661
598
266
243
-300
-347
426
421
465
603
-126
862
-288
-555
-329
-201
-220
-639
1211
28
-248
-266
647
-454
-377
44
82
-572
65
531
727
-429
211
413
-397
-330
-76
96
-257
92
93
108
338
-375
52
250
-339
24
-830
-646
501
271
306
-827
-415
-795
585
-167
93
-89
-282
-646
0
139
692
-325
534
-188
-191
612
627
-823
-751
436
35
134
-11
-475
90
734
156
-553
101
-133
-309
-208
154
-18
181
-384
-262
683
380
100
444
516
784
-202
132
-1075
269
-674
670
-188
-718
-579
-218
78
-162
-547
-43
108
-105
247
722
-315
316
-498
-870
-257
390
-34
-209
-207
-59
634
50
-1068
-356
484
370
350
8
-101
58
59
694
-156
353
79
-1031
-222
298
-257
-15
438
1007
586
81
-36
-594
237
-474
625
664
-568
753
-183
801
-267
-658
-316
-225
-211
-522
263
-264
302
503
612
675
111
-249
121
-518
-196
-307
-342
667
474
476
-97
608
-33
-173
521
-131
-2
331
49
-664
-239
77
545
-971
-850
-850
905
-597
533
14
801
71
393
194
328
239
720
234
-294
239
602
215
265
-254
546
242
-64
76
383
1257
200
-406
-285
426
-1466
-207
42
626
93
228
-459
5
1084
121
554
-342
-17
-494
-77
-113
101
-40
115
-1413
-762
418
26
-122
435
838
-576
300
304
-163
-81
-229
806
-268
148
-102
-682
-410
104
-421
-508
-755
71
895
38
-433
448
178
470
-93
-95
-19
445
69
-220
278
625
-220
263
-146
-159
-35
-495
885
1197
-7
-336
801
920
-34
-130
2
102
-61
512
297
-1019
-303
65
650
-126
-173
-167
522
-699
-255
252
-455
99
744
-1545
418
-476
349
50
391
299
-559
906
-450
-72
762
100
208
-704
249
-103
692
498
-696
-223
611
1114
-88
-54
-247
-596
-793
368
527
-44
-51
-84
976
391
218
660
-551
191
733
-239
-1087
383
206
-929
474
156
414
308
-254
199
-222
557
528
-100
-300
36
268
-391
317
-103
396
129
-187
-128
-733
534
-267
189
679
700
-534
468
167
-447
-247
-616
312
-610
103
-464
22
-110
80
227
480
937
2
104
6
-691
-491
64
101
229
-178
-460
612
116
6
199
46
33
643
-4
620
304
-78
-84
735
-312
-253
463
-180
-398
-55
-401
-72
577
671
-297
111
829
555
-309
-421
-482
467
209
107
-1202
-356
319
137
-353
151
244
-764
-663
531
329
564
-353
465
241
111
17
-426
127
250
-327
175
-483
-579
-761
-323
560
-40
-112
-1010
177
-572
-275
161
164
3
566
-331
93
-938
136
-252
-257
437
41
-227
13
-430
307
-392
461
-674
234
561
176
119
-48
364
64
229
351
275
-442
100
183
25
-344
-613
-347
-339
-563
-290
253
-174
601
-312
476
276
-858
687
-62
-603
-418
-488
-406
30
688
-521
141
433
-35
111
-998
472
-34
445
-358
373
-668
129
-647
-309
-492
169
644
298
662
-17
241
22
569
209
-546
-164
-378
-1053
-108
67
-135
-415
-171
-725
526
467
964
952
-912
-282
-14
128
335
756
494
628
608
-166
-220
21
-461
988
843
526
