36 81 36
0 15
0 25
0 33
1 5
1 9
1 15
1 19
1 20
2 24
3 0
3 10
3 19
3 29
5 1
5 33
6 5
6 24
6 35
7 5
8 5
8 18
9 0
9 7
9 9
9 16
9 26
10 12
11 0
11 20
11 28
12 35
13 10
13 11
13 20
13 22
13 34
14 12
14 30
15 8
15 18
17 18
19 21
19 30
20 17
20 25
21 7
22 8
22 12
22 16
22 19
22 25
23 1
23 11
23 20
24 5
24 16
24 31
25 24
25 29
26 10
27 2
27 16
28 8
28 21
28 28
28 35
29 3
30 12
30 30
30 31
31 30
32 13
32 24
32 28
32 35
33 6
33 26
34 5
35 6
35 12
35 13
33
52
70
36
50
6
32
19
60
78
56
17
24
68
43
72
16
26
66
4
2
25
49
22
42
3
35
40
77
61
30
62
34
41
75
58
31
5
8
45
10
7
28
20
38
48
79
59
47
23
46
76
53
18
54
11
44
57
55
65
71
29
12
51
0
15
21
69
1
27
13
73
37
63
74
67
9
80
14
39
64
-41
-25
-12
49
-54
-39
-3
23
-31
1
39
-23
-20
-11
3
-54
33
-16
-55
-21
-15
38
-8
-55
-14
-28
21
36
-77
-26
-1
-8
37
-1
-25
6
28
-15
39
29
7
1
-11
-31
42
36
42
-6
1
-21
23
-27
-39
-22
8
-45
-8
25
-13
20
55
52
-7
-58
10
8
30
40
12
-35
-21
-14
24
-9
-3
-7
28
-56
41
10
11
21
-46
-27
10
-33
-29
39
-27
27
-24
-59
-60
1
-51
-1
-87
15
47
55
-56
-3
22
-31
12
37
-19
-3
32
-91
-22
68
80
-30
96
-80
8
14
47
-21
25
-31
1
21
39
82
33
39
20
-35
-2
47
25
-33
-50
-32
68
53
-9
48
53
27
17
-50
-63
-9
-20
-13
-21
-5
-43
-56
-22
-23
55
6
24
13
7
13
-3
18
-5
18
25
-3
38
-42
73
89
-68
3
18
16
-18
-1
31
22
-2
10
-68
-53
-32
-25
54
-48
-18
-42
1
-102
51
-13
-7
13
-26
19
55
50
-16
26
2
1
10
31
46
-81
20
50
40
10
-6
23
-9
-26
-85
-46
13
18
56
-7
-38
4
23
41
32
38
14
4
47
80
-8
13
-39
-6
8
53
-7
4
5
1
-1
16
-3
102
3
38
-30
-59
-52
63
-38
-19
43
-15
65
42
19
-19
69
-2
21
2
15
24
-68
-13
15
61
6
23
58
53
-16
-22
52
29
-26
-30
20
34
14
-1
-14
-6
46
30
-34
-17
2
2
23
12
-10
2
3
10
26
26
-2
-47
-8
41
-2
-56
-22
-11
72
110
-22
5
19
-51
34
55
30
-91
81
27
43
27
-64
-3
-5
-1
-40
-7
33
41
53
14
-24
36
40
38
29
68
-42
47
-49
-30
-32
-35
-37
18
-22
-24
6
63
-7
-4
-30
-22
5
-14
-4
1
-30
28
14
29
-92
-10
2
-12
-22
-7
17
14
-4
-67
-74
-50
11
-19
26
24
-5
-6
-17
-18
-9
-18
-19
-10
105
-57
-29
68
-91
-76
-20
12
-24
-2
-34
40
40
11
-6
43
11
29
-11
56
-44
103
-76
33
25
28
-24
-21
-42
-15
6
37
16
48
92
32
-32
29
7
-9
-64
-9
-9
6
-4
23
-46
-1
-16
-53
-47
6
16
11
-70
4
-68
-52
-24
34
-4
17
29
-32
26
-3
-4
36
-23
30
-7
39
31
-5
-11
22
-19
7
11
-41
-23
-14
-23
-26
-31
-36
94
-59
-1
30
61
-22
16
32
53
-6
6
10
5
6
20
-28
-8
-21
20
68
-52
-18
-39
-28
43
-42
46
9
1
10
25
72
2
-1
4
15
-15
-16
20
74
-24
36
36
-20
-5
19
-42
-42
12
35
7
0
77
-1
-18
36
-19
39
59
50
61
63
-9
19
-37
-11
-29
-6
-35
93
-16
39
-67
-36
-47
-86
-5
26
-31
2
57
46
78
-18
15
-43
47
-66
13
53
27
14
-15
-28
-37
14
-85
-61
33
-30
-1
8
-20
22
-17
-8
2
9
2
-9
30
46
-35
70
12
19
-31
21
38
6
-61
0
49
-37
-57
65
-32
-9
-4
-46
-12
-14
55
55
51
-2
-8
-31
0
21
34
-43
-11
21
-24
12
-3
12
-3
-8
27
3
13
32
-17
6
-45
76
-36
9
28
-21
39
14
-27
-10
-51
-40
27
-11
64
17
24
15
14
19
31
34
-25
22
36
10
-43
-32
-20
5
-28
5
-6
-29
-4
-1
32
16
42
-16
17
-16
43
-55
-27
17
-21
-29
-30
41
-17
-12
43
-15
-60
-4
70
-47
-26
-29
-27
35
-69
31
-1
22
32
-5
-6
18
13
16
-15
-5
-73
-8
-1
13
28
19
-52
31
13
62
32
21
17
25
-50
-17
-3
-49
-1
-21
19
26
77
-66
60
38
66
-73
6
-41
21
57
-26
27
-21
-44
-29
27
27
9
-32
52
15
31
-3
-15
24
-11
-16
-19
28
-10
-72
-27
26
29
1
8
-74
-3
9
16
-1
37
54
-14
1
-10
5
-24
-14
18
29
61
66
43
-8
12
23
-10
8
-29
43
-48
36
-11
14
-7
44
-2
27
-21
34
-10
6
-74
-9
-56
-21
23
-94
19
-5
10
31
18
-16
0
89
-12
40
-18
10
9
50
44
-45
-12
69
21
-3
-14
-42
-3
66
13
-35
38
42
-17
29
45
-13
-34
-5
25
-22
18
-8
12
-16
34
8
5
-45
-32
-74
-1
-10
-3
10
-44
-6
-10
-11
-53
-21
30
6
-14
32
-70
39
7
1
-28
23
21
-19
20
-26
-39
23
-6
45
15
-11
-5
36
-37
23
7
-59
-12
32
-3
13
-26
-66
31
28
-17
-68
52
-81
-26
-14
6
23
16
-42
-97
25
69
-7
20
43
-36
50
-58
-31
-17
76
2
10
16
16
-13
-40
32
30
-22
-33
46
27
30
-24
13
-54
45
5
0
-22
-42
7
72
16
-37
-35
-7
-72
8
28
-26
59
0
7
-59
-17
10
57
41
-3
-58
-59
-1
-60
-11
-61
16
50
25
-2
23
-4
-27
-31
14
-14
-40
-1
64
9
-30
10
-13
63
1
-63
31
34
-66
-20
12
-6
50
-20
85
30
39
63
0
39
-98
17
-64
7
1
-35
-24
-16
56
41
9
46
45
80
35
14
12
18
16
-1
74
16
-37
15
-25
-23
7
-2
-45
-14
34
52
-46
-56
32
38
-58
16
-31
-22
27
-14
20
1
102
36
50
22
-20
-61
36
-28
-34
71
6
77
-8
11
8
42
-12
27
53
10
-1
-7
-14
28
-37
-56
5
-25
15
-9
16
45
-2
23
-71
-13
16
-34
41
71
-27
-15
-15
22
-9
3
-31
-2
4
35
3
-30
-15
-33
26
-44
48
10
43
5
-56
12
-27
-54
13
-31
6
-41
-84
-7
-12
15
1
-31
-77
34
10
55
45
13
29
54
31
-3
-14
3
-28
19
22
11
-9
-11
-38
40
29
66
81
9
-9
41
-6
48
-38
-30
36
-28
-43
54
-7
-36
-105
-18
-8
22
-19
17
36
-16
54
4
18
6
-24
-5
-23
-39
-9
44
-63
-67
31
-40
36
72
-9
-36
-15
-14
2
-16
0
11
30
-8
-36
-47
-15
3
-20
53
27
-61
29
-13
36
-11
19
32
-72
-43
-9
-38
45
22
81
-20
24
-18
-30
-81
-18
-18
28
-9
23
45
31
66
-1
-7
-38
-7
-17
59
18
32
-35
1
-38
3
4
-9
-27
33
-23
-13
15
6
18
53
-53
70
22
-32
5
10
-24
19
-11
24
-25
16
-17
-34
29
-7
-23
-20
-29
1
41
9
-34
-24
-72
28
-3
20
-16
12
-25
-39
15
97
-31
28
33
45
-22
13
21
-30
5
-41
-15
-20
-40
-37
27
-50
-49
-13
-86
-67
-60
-39
20
31
17
-12
-16
-31
16
-28
-22
1
-3
35
-83
17
-11
28
7
-27
-54
-39
28
-53
42
17
-40
69
15
-42
27
25
-32
-7
21
13
-31
-56
3
-14
88
-78
2
10
-70
-10
-47
-11
-85
-58
-54
30
-14
-74
-11
-14
-38
74
22
-29
-11
30
5
12
-54
17
-32
32
12
-8
42
6
31
33
10
-37
-35
-16
-14
-79
13
64
9
58
24
-33
14
6
3
11
-48
19
53
-11
31
-12
-19
-51
22
14
-36
33
-40
-8
-36
10
26
-25
-1
-1
24
8
-15
-27
15
7
-49
25
13
3
18
30
49
12
81
66
50
12
-6
5
-48
-62
-30
33
-38
-20
-22
-53
-18
25
7
-37
16
-40
96
-6
-14
34
-51
19
-9
-43
5
-22
27
57
-1
-98
-19
-59
9
-59
-15
-30
-30
11
-41
42
-37
-23
85
-14
9
67
-2
36
44
-6
35
-16
-22
70
-92
36
-8
-70
-55
1
37
-3
11
-26
55
40
-11
1
-8
38
25
-26
14
56
3
30
-35
33
69
57
89
20
-19
-3
2
18
-15
35
-23
28
-17
2
61
-5
37
14
-22
16
60
-6
-30
-57
38
28
-115
4
-27
-3
6
2
-31
39
2
-16
15
33
22
-3
41
24
-35
-13
-5
21
72
31
-33
-6
27
42
66
25
-42
-47
46
17
-4
5
29
-10
31
28
52
32
-14
-20
39
55
-5
19
-27
-17
-26
43
-40
-37
-10
14
-39
-89
-9
-1
18
17
23
19
-41
26
37
13
10
-44
-28
-11
87
10
-8
13
-32
0
-13
71
15
23
42
24
-45
1
25
39
64
-5
9
60
32
-39
-36
-3
56
36
21
59
-51
42
-6
-135
86
-70
4
46
19
-33
-73
-42
-33
-82
40
7
30
14
-6
-34
-6
24
-32
-9
55
45
-3
2
34
0
-33
-6
-45
66
14
-30
-23
-75
-8
-7
-22
-39
-29
-12
22
-31
-13
-52
-33
-58
0
21
44
-42
29
-88
105
-14
54
60
64
62
9
41
12
26
-14
7
32
-18
-21
-10
-62
21
2
40
-15
40
-17
45
37
-50
58
-24
-20
-5
79
-4
3
-36
36
22
-9
-70
-41
-38
-41
1
27
-37
-2
24
60
1
7
-61
-44
62
36
61
-37
-6
36
92
-10
8
-37
11
-47
-4
-32
11
-32
23
25
10
7
2
-49
1
25
17
-35
2
4
-4
58
-122
-60
28
61
-8
10
51
41
-17
0
44
-40
-18
-33
20
-53
31
-13
10
38
-18
-7
67
34
-6
-24
48
43
-69
28
50
-16
1
17
11
-18
-28
-52
50
17
49
-4
-8
-39
70
-93
-9
5
8
22
-16
8
64
-26
-1
-1
-3
30
33
28
-55
-31
-33
-6
109
-23
57
-10
15
41
3
-31
17
30
79
-67
11
18
-4
32
-2
17
-29
37
-50
-42
-8
-19
4
3
-17
9
32
-80
-8
-52
-56
13
10
19
-14
28
-51
50
18
13
-2
-6
-17
39
-20
4
-64
11
-24
-15
25
24
51
-5
-24
16
-44
-13
6
2
-48
-8
30
-53
-17
-29
38
-64
-29
2
-46
52
18
-18
-8
-7
-7
-10
-7
22
-7
9
-100
-52
13
13
-16
-9
22
-2
-22
-16
-32
26
-8
-42
-29
-38
-28
20
51
18
-39
12
31
-40
-23
1
54
13
10
23
-36
-19
-1
1
17
28
11
-31
28
16
56
-20
-70
-6
1
17
-31
-46
59
-11
15
-38
-58
-1
-9
39
-8
24
-11
-53
-16
5
51
32
26
-51
13
15
12
29
-44
-45
74
12
-35
-69
-40
26
-12
-44
-8
32
-112
-11
-64
-38
8
15
54
-49
16
-25
10
6
-4
-10
31
5
32
-51
-16
34
-42
-10
67
-3
-11
-27
-44
12
18
-14
-72
-44
53
3
-23
-20
2
33
1
26
-11
-21
-52
33
35
13
68
4
46
-25
4
39
-32
9
83
-11
-20
-13
-6
-23
-27
-61
-31
46
-24
-3
-94
30
-11
-21
9
-11
-51
-3
3
-45
22
34
-9
-28
-23
-21
-18
40
-34
-3
-3
-35
-36
44
-45
-16
26
108
13
65
35
21
16
-9
-50
1
-50
-10
11
37
-40
2
2
-54
2
-18
22
59
70
-72
67
39
26
-10
-8
19
18
104
-97
30
-42
-6
-20
50
57
-12
6
-4
76
68
-36
-14
-16
-9
94
-8
-21
-39
75
6
45
0
62
24
-18
12
64
23
50
-29
-38
-16
20
22
40
16
-5
-15
4
-3
26
-17
-13
31
-32
-11
8
56
-36
4
-14
14
61
-38
27
16
-2
27
-11
-6
32
-50
-63
43
40
14
-3
-5
-45
52
8
31
19
34
-20
-18
-6
-25
35
-2
-3
-43
35
39
-16
46
-24
17
9
-24
-15
21
51
58
46
36
8
0
45
28
-62
43
-33
58
-43
-29
90
-3
-22
1
-20
28
47
-53
63
-27
43
-32
46
-34
1
-1
6
50
27
9
-36
-16
30
-74
-49
11
-52
-40
28
1
-1
11
-47
-50
-26
3
54
-49
2
-47
48
-2
-63
-37
-35
54
45
46
-46
23
1
11
-30
9
-5
-4
8
24
42
9
12
-12
-21
-46
51
56
38
-7
25
-44
12
-59
7
9
-71
-7
-12
-17
41
-5
20
2
6
6
41
5
-2
-23
86
1
15
21
32
-87
-50
4
5
52
48
-4
36
42
15
3
20
26
-22
3
-20
28
-13
-4
-11
-8
-10
-25
-16
31
43
82
-18
-14
-31
-14
-7
6
-25
43
-7
36
57
-3
-16
37
6
-10
28
7
-15
-4
-84
38
-20
24
6
-33
-32
-31
3
-27
5
13
-7
-28
-18
-16
6
-24
-6
-26
-32
-47
26
8
26
48
-14
-17
84
-30
-18
47
-34
-40
-59
10
-4
-28
3
-15
-24
-24
-10
-36
-3
8
15
28
-65
-21
-27
-31
49
33
-36
12
-23
13
-26
4
-14
-5
-3
81
-82
52
-45
25
12
-3
-17
-39
4
-44
70
-21
-31
17
5
-19
9
-16
-17
-62
14
-6
75
30
-15
3
20
44
51
-15
59
56
-65
27
29
14
17
35
13
-25
-16
-18
-64
-36
53
13
35
-17
11
-59
-26
-23
-40
28
59
-9
31
26
20
-26
-32
-2
-21
38
7
-13
-18
103
7
-17
-14
10
-2
-23
-31
-67
-1
-44
12
3
-17
-25
-8
-5
46
9
17
27
-3
41
-34
-9
-23
39
8
-47
-13
-5
35
28
-76
63
-8
14
53
-90
-16
1
10
37
-73
-51
-47
-6
-6
-22
32
-31
24
38
-15
88
13
-55
-25
-26
-44
-41
15
-20
38
1
33
-5
-7
15
55
-21
15
31
11
8
89
1
75
-40
50
11
-67
-23
39
-14
-25
-56
-3
58
19
3
-8
34
31
-67
-48
-2
6
-11
50
13
9
61
36
29
-13
-28
38
60
57
-32
-10
-12
-4
48
18
-13
1
68
31
-68
16
65
52
78
-17
43
39
32
7
-13
-34
-35
10
84
-52
26
37
15
10
55
5
15
15
19
6
-36
-6
48
-51
13
-4
24
12
17
-15
-11
39
-29
51
9
-16
-7
37
-5
-17
57
20
46
48
33
66
-61
-46
-55
66
-57
-15
27
-70
11
-14
-79
6
21
42
-10
-38
-14
-17
18
10
8
9
41
-41
-58
32
28
-5
15
-29
44
-3
38
-8
-33
17
11
-40
-2
4
-65
19
19
-27
-90
-54
0
-25
31
32
-3
-5
-5
-14
-62
-4
2
-12
-40
40
24
-30
35
-23
18
-44
47
19
-4
-41
27
10
29
28
48
26
24
62
24
17
-20
-38
29
-43
-38
-56
-11
26
3
-16
60
0
19
-31
-23
-48
18
63
3
-31
-30
-10
0
-68
-4
14
21
-46
-55
-20
-2
17
-2
-24
-44
-34
31
29
-8
20
48
-21
27
25
-6
-24
4
-49
13
-4
30
13
-19
52
-41
1
30
95
56
17
12
25
-62
-55
-22
55
30
84
25
20
9
56
26
21
-11
21
-2
19
-6
27
14
67
6
16
-33
39
-27
-23
39
4
-14
-2
29
-37
48
-56
-3
2
-38
11
35
41
68
-53
17
-5
30
-18
-32
32
53
-9
-11
-7
2
68
51
-9
-35
-112
-36
-18
50
23
63
17
10
-19
-12
79
-53
8
-39
32
-19
41
-9
80
52
12
25
9
5
29
46
-18
-43
7
58
33
34
-53
10
-78
20
-48
46
11
-32
55
-48
-11
-60
-44
-10
42
15
-37
-2
-16
19
45
-47
44
-45
-5
-30
30
47
-43
-93
59
36
34
41
-14
-57
-13
-33
-6
63
32
-3
6
-9
-6
-80
24
-77
19
-18
7
13
64
-35
-1
13
-19
116
8
57
-39
6
-23
-28
2
-22
-28
-38
48
16
37
-9
-3
26
6
-31
18
-9
1
50
59
18
35
48
13
81
60
36
7
49
-51
-4
-39
8
-56
65
9
35
-57
-55
69
50
3
40
9
67
21
39
-9
21
-66
-28
-42
42
33
-52
-27
52
-92
-21
49
25
66
29
-21
-21
23
39
-10
-30
15
1
23
30
-30
40
16
-32
-5
-59
-38
29
-27
-12
47
-46
31
56
-25
18
-40
6
-95
-29
-9
30
-66
-1
2
67
-57
40
8
-22
-6
15
-6
-8
102
61
-27
11
-11
31
-21
23
-11
-31
7
-42
-84
-96
33
18
-37
-57
8
26
6
-10
-7
-2
60
-36
58
9
-20
62
14
31
8
55
-60
46
-29
14
18
-29
-26
22
33
67
40
-28
18
-21
55
19
-58
29
6
-73
1
19
0
-26
28
8
-6
-36
-4
42
-4
-42
16
48
13
40
16
19
-11
17
3
59
38
0
12
-49
3
0
-80
-5
38
-4
25
-35
-1
32
15
40
16
-34
19
78
9
36
1
45
-42
16
-64
-12
9
2
-36
-3
23
3
-13
5
-41
-3
33
-34
0
-32
-20
35
-9
-23
-56
28
-13
-44
32
41
-29
59
45
44
-44
-2
18
69
-11
50
-8
-20
-14
31
-13
20
-64
29
-80
-1
-46
-12
-31
14
9
-25
14
-3
29
38
-7
-21
-17
-1
-17
0
74
-6
7
-34
-35
-14
53
1
12
-33
32
38
-88
36
-38
39
-5
-10
0
-5
18
-2
14
-1
56
17
-10
-28
-22
9
25
18
7
-7
-46
36
-37
21
-32
0
-9
38
-10
-39
95
5
11
-7
-31
-26
-33
-3
2
-10
-39
-47
7
66
51
-19
-1
59
38
-8
-27
-31
52
27
25
-20
-20
9
-34
44
-10
-14
-7
17
19
22
-41
16
4
31
15
26
-3
4
-18
-27
-7
-8
-7
4
-19
57
5
-34
23
2
-16
43
-72
14
19
15
-14
19
-51
-1
-17
38
-96
-11
19
-10
4
-22
49
32
-7
5
-6
-28
17
-33
22
-28
34
-17
15
68
43
-36
-66
16
36
37
-97
20
-16
-7
3
33
-44
-47
-48
28
-64
31
-33
24
-1
-37
31
20
-7
20
-10
13
-1
-47
10
-81
47
57
17
3
32
57
12
-6
8
-67
15
-4
5
29
33
14
25
54
20
-27
20
51
69
-7
14
-25
-60
11
-42
-1
-32
-26
61
52
-7
-30
-53
-10
59
-2
-46
-7
-37
-73
-42
-14
-3
-7
50
21
12
-3
3
5
-48
36
18
-21
-21
42
49
28
57
-11
53
29
-76
-8
-19
54
-33
59
69
-14
-5
44
69
-7
40
-21
13
-7
66
31
-15
-19
-1
-4
-23
-11
-24
8
-26
23
-5
-36
4
-5
21
20
-58
-4
30
31
-16
-50
-5
-24
59
16
-31
-34
1
-14
35
-29
-44
52
-12
0
36
25
-43
21
130
-66
-4
101
31
4
62
-31
-16
-65
24
-37
60
27
-12
-7
32
28
-5
-20
5
11
21
8
35
-12
5
-24
18
-21
53
1
32
18
57
-68
44
-19
-32
22
-35
36
29
-74
-14
3
-32
-13
-85
-50
5
42
-43
77
62
-35
34
2
24
8
6
5
-59
-6
13
16
8
-33
-31
-54
35
-7
11
-19
15
-4
-44
5
-27
17
76
25
87
-24
8
-78
-17
13
57
-9
-21
29
-25
35
57
-40
-8
-75
-47
5
-27
-3
23
-37
31
-22
-23
-21
49
11
-42
-52
-35
-45
-17
-12
85
9
-76
-1
4
23
13
75
60
-56
-44
1
-22
-59
-17
13
-35
-4
4
59
42
-24
-33
-14
7
-76
23
-25
38
-26
45
-60
6
13
-40
21
33
-12
71
-15
-8
12
6
-41
27
19
-20
-30
-14
-16
-38
-22
13
-35
-13
3
47
-44
-71
-24
12
37
-50
32
-36
11
35
-43
-24
13
57
28
-43
-45
47
-35
49
-64
24
14
57
41
-7
-54
24
13
-53
-24
-31
7
-17
27
-5
-40
-5
13
-22
65
-56
19
-7
-16
93
1
-33
60
38
28
11
10
35
33
10
-10
10
14
36
26
-56
-54
-22
77
21
-7
-34
-62
23
21
37
58
-22
-5
-28
-73
8
15
-3
-28
45
20
19
-9
10
-42
-22
-62
40
29
65
-3
36
-6
-41
-43
-21
-55
24
-33
-2
-6
-10
37
63
-40
-15
42
31
16
-12
36
22
-40
-43
-57
14
39
19
-24
-94
119
-4
-17
69
67
-47
-47
2
11
3
-48
-85
-40
-19
49
11
-11
29
-25
5
-54
-29
-3
-53
21
8
-42
37
-24
-1
23
5
-8
-12
26
-14
-7
12
27
-15
-4
31
-16
-25
-13
27
-25
6
-27
-65
54
-7
0
56
67
-7
-32
32
-39
35
42
46
-22
22
15
-18
-12
-1
30
6
-49
12
-17
-19
-19
26
2
-59
-17
-57
31
15
-29
10
-12
63
15
-61
101
30
20
9
-42
24
35
-19
39
-5
59
-2
23
2
64
36
-37
-34
59
-31
17
-34
-27
-44
28
87
-5
-38
-40
6
-14
-26
12
-23
-6
19
-76
18
-8
-9
43
-24
-59
22
23
-27
-24
24
4
39
13
-19
38
51
-18
21
-24
13
-11
-7
21
-17
-10
55
28
-50
11
46
-74
-2
-48
-14
53
-13
-48
-8
1
12
30
-12
0
9
-34
-47
-5
7
40
-19
37
41
-3
-6
36
-38
-6
-8
16
-12
-31
33
-16
23
18
-68
23
-14
38
-7
10
-97
8
25
-3
-16
13
-43
24
50
-17
-54
24
-23
-19
3
-36
48
-51
-10
14
-32
-46
-32
58
39
-85
9
24
-16
11
52
8
-44
-67
2
13
-19
60
-22
73
40
5
64
11
-18
-12
7
81
-28
3
-8
71
-64
22
-21
25
19
-6
24
-36
24
-46
-50
78
37
-25
4
39
-80
6
38
-31
28
0
-1
-40
-16
-46
-29
23
28
27
-8
34
18
40
-7
27
53
-26
22
32
9
-28
-56
-2
20
-10
-35
-11
94
8
1
-11
11
-1
16
-78
17
-64
1
6
-48
38
56
-1
-68
30
-14
51
-50
41
43
13
19
24
65
-8
-4
-14
-22
18
13
36
-27
38
9
-24
29
-29
59
4
39
-71
25
-18
36
-34
25
12
-7
71
-8
54
-14
42
21
7
11
42
14
53
-12
5
34
44
45
11
45
4
7
-13
-73
-44
23
34
98
-20
-25
46
-25
36
-41
39
16
109
-7
29
-9
-59
-3
-53
-46
22
23
-38
15
14
72
44
64
6
5
-63
-1
-6
31
-70
17
-26
-56
11
37
42
-12
-6
-5
6
23
-70
2
53
10
32
-60
33
-2
-6
51
-61
-47
7
-30
0
38
31
-74
-52
-31
-1
38
-53
3
35
-2
64
-22
-32
7
52
3
-78
25
-83
42
-36
23
21
-49
-10
-21
-6
-39
-25
54
54
-5
-55
30
9
-17
6
-61
26
-7
-2
-31
-45
-46
16
52
-18
-21
18
-28
26
-48
52
26
-21
29
-35
-31
-7
-40
53
-48
55
39
-24
-46
42
28
-4
22
47
-2
37
35
-50
33
-55
-27
9
2
24
-77
-31
-15
-21
-65
-36
-16
17
-43
-4
-13
25
16
-15
41
49
4
-2
-26
-56
17
-32
-29
-21
16
23
14
-15
-99
12
61
75
-54
69
-33
39
14
62
-22
3
-18
-32
-67
-34
66
-6
12
6
19
-20
56
-32
39
58
7
-69
29
-13
7
-36
37
-38
-3
26
-36
-15
14
22
56
-38
-32
-63
35
19
-59
-49
64
4
-22
18
-31
-17
-17
-3
16
-24
64
-45
-104
46
7
-20
-81
20
-26
-13
65
-14
0
-75
38
-2
29
-38
31
-14
-21
-96
-65
5
-4
12
26
-4
-11
9
-44
-1
-9
9
-49
42
38
-51
-87
77
19
-14
29
-22
-33
-22
-86
17
-2
-27
-3
7
41
-28
6
41
-14
89
14
-51
1
-105
18
17
-32
-33
-5
0
-9
-30
24
21
7
32
-26
-12
-4
11
-32
25
-34
-34
-23
48
-36
-29
-111
7
-39
-38
-21
-18
-34
61
-3
-4
57
5
14
48
13
25
-29
-8
-2
11
28
-7
26
-44
0
-58
-12
48
-5
-16
-39
-25
15
-29
-17
26
10
56
-35
9
-65
60
-74
50
22
-3
0
-19
24
-1
-75
26
-3
-67
25
25
44
-39
23
-29
70
-27
-12
47
16
-5
15
-32
87
-22
15
3
-4
23
-4
35
30
-78
27
-12
15
0
52
-41
-19
43
-3
12
8
36
53
-23
-28
19
-59
28
-6
11
-37
-25
-33
2
-20
-22
-25
-40
-54
0
-59
44
39
-24
-51
53
-16
28
87
45
51
28
26
-33
17
-25
13
-43
35
-5
-51
-84
-18
-16
7
-35
32
-26
-53
-15
-31
36
4
-9
59
31
49
-9
-43
3
-12
57
-12
47
72
42
-21
-21
18
-14
18
-9
-19
24
-45
19
3
-54
-49
-23
11
13
-2
32
32
20
83
-34
38
17
-39
-7
-7
58
12
24
7
19
56
-2
-39
-20
-50
-92
8
1
40
-9
21
-20
39
58
-25
56
-11
-37
59
-16
13
-32
16
28
2
20
21
-27
13
0
24
-28
41
-24
2
13
56
-72
32
8
7
31
-30
-21
-62
26
-1
65
-31
-1
11
-13
-43
-45
-26
-34
19
10
-23
40
-21
11
31
50
0
26
64
-11
-3
-69
27
-21
-33
-27
28
22
-3
18
-15
-20
-17
-7
62
17
-58
-21
-13
-83
26
-37
29
34
50
-1
20
-10
-41
48
-2
-14
17
-52
-8
20
28
2
28
-16
11
43
-32
26
-10
2
-31
-1
17
-50
-26
23
6
12
32
-26
20
20
7
49
29
-48
-6
-61
-67
46
-13
5
74
45
-41
-1
-64
-105
-65
-31
-11
-53
-1
56
-2
5
26
-60
11
30
-30
44
-68
54
26
12
-16
-19
43
-2
39
-10
-10
4
-3
-2
-29
17
-38
-2
23
36
20
-35
55
33
50
-31
79
72
-43
-60
-60
22
35
77
-3
-77
-27
-1
-56
44
-6
-31
-46
4
-56
-34
-9
0
-17
43
-71
-48
-46
31
18
57
51
-28
1
49
45
-52
-7
-23
-44
-40
-32
52
-84
-21
-7
10
10
18
76
17
40
2
-46
-22
-21
64
-26
4
-15
46
-44
-42
-17
-40
-14
6
7
30
14
-6
-7
-16
5
0
-65
-21
4
-39
6
-79
11
48
-67
-30
26
-47
-8
26
-28
12
1
28
-62
10
40
30
-10
-38
-30
9
-18
-28
-17
39
-12
-21
-7
-47
54
46
-31
-1
9
-11
33
-35
-22
38
-64
32
0
-6
-21
15
27
59
13
-5
-8
-35
28
43
24
-43
-44
-10
43
54
-25
27
38
51
13
15
23
-62
14
34
2
-43
15
-56
-66
-48
16
21
-5
30
-9
2
-16
49
-72
38
-13
19
57
12
41
-28
-48
2
-11
-30
94
39
-49
33
39
-2
-26
15
36
39
32
-23
-7
30
4
-86
-26
-56
-28
-11
55
6
-64
-2
10
77
45
-9
-3
-16
21
-61
45
1
-10
65
-32
-16
7
-5
1
5
-73
34
72
-3
-53
0
39
-23
20
78
57
-48
-9
-95
-35
18
63
-20
86
-34
10
-31
41
-44
-17
14
-30
-12
57
-19
62
2
1
-4
-13
40
14
11
13
46
16
-22
-7
-5
46
58
-23
40
-26
-24
24
-10
-13
17
-39
-34
-2
4
-45
8
26
9
41
-37
41
12
49
-62
10
47
-13
-15
-55
-48
-66
-63
-56
6
-16
28
22
46
-44
42
55
2
-15
46
10
-8
20
5
-1
40
-27
-12
-13
-2
17
16
-27
0
22
-21
50
22
-8
57
-68
-40
-59
-7
34
24
-55
86
47
-53
50
25
-11
-14
7
-37
-71
-9
36
-45
27
82
5
-32
55
61
-16
-39
48
11
68
37
-59
-47
-9
-85
4
29
-58
7
40
-24
-34
25
-11
-17
-56
-15
30
-16
41
9
-55
-23
18
-42
-19
-56
-52
58
-5
50
43
22
57
39
-19
26
-35
46
-48
-27
24
37
4
-40
-31
3
-9
11
47
-30
-69
64
-4
7
-6
2
55
19
-6
-24
-44
-3
-50
33
-61
-9
-5
-9
-6
-36
-84
46
54
70
22
20
-17
52
2
-4
-30
3
2
-22
-6
-13
-59
-10
-20
1
-3
-26
-35
62
21
-35
8
-22
48
-32
47
-49
6
6
-10
-41
29
-38
19
63
-6
55
-43
11
23
16
-2
-9
-20
8
9
-5
1
-11
-1
43
0
0
49
-11
30
7
-10
-57
-41
-35
11
-37
-76
37
-9
8
24
17
-36
36
-29
2
58
-52
15
-6
-53
-8
-75
-43
58
-2
-23
9
-50
61
42
-6
14
-4
3
59
81
60
-16
61
18
4
10
-10
79
40
-54
24
-4
-19
-50
-1
27
21
-35
20
-53
24
11
-48
-33
47
-30
22
57
23
-67
-4
0
18
-23
0
11
-18
-23
-73
29
19
-69
-78
-15
35
58
2
2
-8
17
-10
-3
41
-1
13
-15
3
-13
19
-15
44
-5
30
0
-56
-31
17
3
-71
11
-16
57
16
6
51
-21
73
34
-61
10
-22
-72
1
-39
-25
0
55
-21
-39
-22
18
29
-7
15
-3
46
-41
34
40
52
32
3
-8
15
43
-2
-71
-32
-4
-20
6
39
-19
-84
0
20
-22
4
53
-17
-14
25
-26
-57
-16
-44
52
-62
14
-59
-26
30
-26
46
9
19
-31
-19
-1
17
27
19
-17
13
0
-18
-22
30
7
-2
-35
19
-40
37
-4
45
46
30
36
41
17
-26
-69
-60
39
44
-30
-33
25
67
81
55
1
65
-25
-31
-41
20
26
44
-57
10
-2
38
-9
4
-1
32
-2
-35
49
64
33
-27
24
1
-50
-15
-2
-55
4
-19
-44
49
25
35
66
-62
26
49
26
-8
-13
8
-19
-17
-18
4
54
-9
8
7
46
3
8
33
-65
22
18
9
12
8
-40
-5
17
45
-14
28
-64
-2
-15
-32
37
-21
89
-19
-2
-9
-50
-36
-8
29
6
-64
-5
37
-6
6
47
-12
13
-26
29
8
-16
2
36
2
-5
18
-63
44
8
-58
33
-8
14
-76
11
-25
35
20
16
9
23
9
-37
-26
29
12
-23
44
-89
-6
-37
-9
-22
3
9
28
5
33
29
37
-6
-37
-17
16
50
11
-31
-128
70
-7
19
18
66
10
24
-50
36
-90
55
-55
-18
-34
10
-13
-21
3
27
23
38
42
-44
39
27
13
-1
-22
25
-31
107
13
49
49
-41
-15
-16
5
34
29
-54
-4
-14
23
-48
-11
-69
-5
-60
-57
48
30
7
12
62
8
14
-62
-5
-48
-38
-15
63
79
55
-18
33
-4
30
9
25
30
-53
28
-37
49
49
32
1
-30
-38
24
-28
-29
14
-6
-53
-19
1
41
-39
-30
12
-5
-38
54
12
-19
1
-7
2
-1
-58
-41
-21
-11
74
72
16
6
-34
-13
-46
-48
48
-35
-34
-30
79
85
-11
22
17
-24
-39
30
13
-120
-38
-37
12
25
-10
-7
1
-45
-35
-4
-34
-80
21
8
21
-59
38
19
-48
-33
-9
1
33
17
-13
-9
-4
69
1
-54
-53
18
23
-11
19
47
9
-2
-29
-3
27
-36
-7
18
-5
10
63
-1
41
-20
85
-56
-45
-61
-38
-52
26
13
-5
67
66
-64
43
-50
-12
10
-11
-22
-11
19
-42
48
6
-55
24
16
-45
8
-15
-10
40
16
51
45
-8
13
-2
4
16
3
-6
-8
-35
25
53
-11
33
0
12
-53
-23
-3
-9
-11
14
-30
10
54
33
-48
-7
5
-55
-51
-30
47
19
-36
8
-21
10
3
-16
-4
25
14
16
36
29
-5
-50
-59
22
6
-20
-41
-48
19
-27
63
33
-42
-51
-9
63
-14
8
-74
52
5
-21
-2
9
86
-9
-42
25
-31
63
-13
88
-17
31
21
-11
19
-37
-23
-2
8
47
28
38
38
-21
-19
0
28
-16
54
-41
16
-1
-87
50
-22
27
-23
41
62
9
15
22
-15
14
61
-49
17
-30
13
48
-26
-31
-17
48
-10
-70
74
-18
57
-5
53
-26
18
-40
-81
-62
14
-18
34
-3
33
20
27
-17
-72
63
14
-12
69
-3
14
-92
6
16
48
-11
-2
-6
2
35
-29
14
30
32
7
60
-9
10
-18
-13
65
-22
37
-13
43
29
0
-58
10
-39
62
29
11
4
44
-38
31
-56
17
66
-23
0
-2
25
-48
36
-15
44
33
-15
-6
8
33
-36
-66
7
-9
-39
-2
-34
18
5
-34
-31
-7
-28
-45
-53
56
75
53
-21
-11
-2
4
44
-3
5
14
-63
-6
47
22
39
10
-27
-11
78
28
-61
43
-66
-35
-15
15
46
75
-38
-2
-7
-16
-63
18
-55
5
-10
-27
33
40
53
4
31
13
33
-5
-16
19
-65
51
-13
28
5
62
16
3
-44
2
0
-34
-51
16
40
7
-3
-10
-26
-35
13
57
-38
-30
20
37
-3
-12
-32
-64
11
26
45
-32
40
4
-19
-55
71
-45
17
2
-23
-20
-52
5
-13
-71
36
4
12
26
-25
2
-1
-33
25
27
31
-6
-12
-28
10
-74
28
-88
34
-53
9
-25
18
-48
-19
44
-4
-70
-15
48
-7
44
21
43
47
11
45
55
-4
32
-24
45
-18
-45
0
-57
-5
65
57
-20
39
0
47
-12
-21
42
-15
33
-2
26
26
-11
19
49
-14
-10
-5
-21
6
-27
-53
-26
-65
33
-36
-25
29
-55
-11
19
1
-3
15
34
-20
45
-42
6
21
-9
-4
-13
43
47
1
-4
13
4
9
73
56
-72
5
3
-78
-23
32
-24
-32
31
-45
18
-8
34
2
-4
-6
-29
21
27
40
-2
4
-27
29
-38
1
10
-6
-33
18
-85
-30
-38
6
-21
-12
-91
23
-40
18
29
65
-18
19
-24
-58
-21
43
-15
-5
-11
77
24
34
50
-17
-20
-16
46
-74
-37
4
-31
10
-6
61
-38
-27
-10
30
-49
9
26
-56
0
1
-2
-15
-21
26
21
-106
-71
-42
-6
-56
-33
-62
-3
-16
-56
52
14
-14
57
5
-49
21
-34
-10
84
19
-3
-12
-4
12
-51
8
54
-16
18
-17
24
-9
1
-37
28
-2
53
-94
-29
39
-2
77
3
-51
-62
18
-65
26
5
-22
-31
35
-50
-41
-27
29
38
-51
33
16
3
21
-31
27
-9
-3
-19
-1
-10
2
19
49
-47
-58
19
16
25
5
-20
-25
16
-13
-14
2
-22
-27
-32
-56
13
-12
21
-12
-56
73
-67
34
9
-32
-53
28
-71
34
1
65
5
16
-67
-26
-28
-2
2
41
-33
42
-26
-78
-52
16
9
-11
-54
-20
-23
-20
-5
-9
-73
3
5
38
25
2
-56
24
27
4
-42
14
78
17
-55
-10
-88
-9
-15
17
-50
43
-8
44
-5
-33
2
1
-22
-56
37
-15
34
11
-15
16
-49
-39
25
21
-39
-47
-37
41
9
-6
-70
-9
14
63
8
-140
20
13
-55
-67
-56
-71
21
36
-50
-62
-15
47
-27
-8
-21
-42
-34
-55
31
17
-18
-17
-19
-9
6
25
-51
-4
-49
10
-10
29
3
7
37
-51
-6
-34
-25
60
5
-37
-13
10
7
68
-79
31
13
60
-14
61
9
-45
-9
7
-25
81
31
17
-30
-7
-8
79
2
-98
15
1
7
-52
24
56
1
24
-29
13
5
-38
-20
-7
-14
2
-5
16
-59
11
33
-57
0
6
23
-40
-34
-7
30
-6
35
-62
4
-5
19
-29
-70
24
-6
-37
9
-63
29
-68
-37
6
-4
91
1
38
23
5
-22
10
43
-12
-38
-4
-90
-57
-10
30
3
21
-67
8
28
38
6
-23
21
12
14
14
-60
36
-2
-92
-13
-29
10
1
27
-47
51
69
18
-5
-9
7
-16
17
19
-12
104
-25
104
-55
0
-91
-29
-28
-21
-67
53
8
49
7
-8
69
65
23
9
2
35
-33
32
9
-38
10
6
9
57
3
44
-21
23
-18
9
11
42
-3
-44
-30
20
-1
-26
-58
64
-3
-41
-30
-9
-15
11
39
17
5
-18
32
-13
-32
20
15
-50
16
-11
30
-8
-39
48
-31
63
-10
7
-44
58
12
17
84
30
-33
-13
25
56
-56
-47
12
-10
0
11
14
-16
-30
0
7
27
2
-11
-14
-19
27
-59
39
9
1
61
-4
18
-11
18
22
-55
-5
-1
40
-35
-7
3
69
23
-4
20
-42
-2
-20
-62
5
-38
-15
25
21
-30
-8
-23
14
88
2
21
-92
-19
-56
41
-36
-38
-1
64
-27
-54
40
-11
2
-80
-44
42
19
-16
-58
-16
-34
9
-1
-38
84
45
0
-11
-40
-55
11
-28
-39
-57
0
-1
15
17
8
15
-65
-14
-86
34
-18
-8
47
43
63
30
-10
-47
24
-34
-76
34
-27
-13
-83
44
84
39
-31
-25
20
-3
-13
10
-20
-9
92
-1
23
33
-5
-34
-16
3
31
75
16
2
-91
-2
-51
12
-68
28
58
-59
-46
0
-63
-41
28
-31
7
-23
-28
35
-37
2
4
13
-17
-1
-35
15
-3
51
-3
17
77
-20
24
-90
41
37
43
-33
24
15
-64
-8
-6
-31
-22
17
-30
30
46
2
-3
59
50
1
-47
-17
-3
46
10
49
43
53
-25
27
6
24
69
0
-81
-35
-14
9
-13
-26
-16
18
-9
-17
12
11
9
-22
31
16
13
14
41
-37
8
-4
-15
-70
3
-40
-4
22
22
47
-13
-70
46
35
12
26
-23
-50
9
9
29
-15
29
-3
-10
12
50
12
24
-98
38
1
-65
7
-53
38
-26
17
64
44
-5
23
-8
41
-9
8
66
-14
23
12
21
15
-90
7
-31
-47
-34
4
-27
-8
50
61
-88
35
-6
33
-12
-36
26
33
66
30
12
10
-22
25
-1
68
32
27
47
-18
1
13
51
-36
33
10
11
-19
-46
63
-23
-16
-14
-58
-10
28
11
2
35
-50
-22
2
-16
30
4
-34
48
-21
-31
7
60
-30
-1
-7
-19
-45
-31
-14
-7
-55
20
-28
21
-14
11
-36
0
-10
-4
1
11
-13
50
6
-1
31
24
38
17
-25
29
-13
-6
-64
57
6
50
17
11
35
-11
-29
40
5
74
-7
41
33
28
25
-27
42
6
3
-43
-59
70
-12
-29
20
3
-23
10
15
-29
-57
-45
-39
-17
-14
12
48
-38
-19
-21
-46
20
-18
-62
-6
-68
-5
13
-35
-26
39
-25
-55
-6
-53
11
22
48
6
13
-35
-18
43
38
-47
-17
11
30
-27
4
12
25
-26
20
8
51
68
2
-37
-53
-13
-22
7
19
17
-3
14
-6
39
-13
-28
29
1
0
45
-30
-11
24
-2
-31
-29
-36
-24
16
57
0
7
11
32
22
-23
4
-13
-29
6
-15
9
23
22
50
5
-20
88
37
-87
-52
40
-48
-7
9
-23
-2
3
-13
-2
-35
22
49
-18
-16
23
19
38
105
70
-3
25
16
35
-42
-77
-27
5
-2
-46
14
-87
40
21
23
-19
-39
23
-8
18
-59
9
5
40
32
27
-73
27
16
-25
25
8
-11
9
-18
19
1
41
-31
21
19
-8
9
10
84
3
-24
5
16
32
-63
-6
27
-58
7
66
2
9
-34
-23
-40
-28
13
-4
37
22
57
71
61
-4
13
-85
-60
-37
-18
1
0
-19
-26
6
54
5
-6
-7
21
0
-71
-26
-37
-4
-86
-34
14
29
-8
23
20
29
65
19
-8
18
-11
52
67
-23
56
-4
31
-23
1
-16
-34
-33
-10
-18
19
-21
10
-35
-77
71
-20
5
19
-16
-4
17
-42
5
-28
-9
28
-110
7
27
20
-34
21
-12
-19
-53
35
-7
-9
14
74
34
11
59
7
18
36
17
30
-8
-38
-21
-10
18
55
-55
-58
-45
4
-18
50
-13
-1
-32
-2
82
13
-46
20
-44
-33
19
-34
-9
38
-19
2
25
-55
-18
-23
41
-17
18
-52
-56
-41
-8
-67
-38
-9
1
-59
11
37
43
-2
23
34
-34
-56
26
8
-12
11
10
62
-1
-12
-30
0
52
46
2
-3
52
-39
7
-36
46
-26
-12
4
-12
-28
-10
-14
16
-36
-5
16
4
20
0
-67
-2
-79
15
10
2
-19
-29
69
24
27
0
-15
-29
-36
-20
48
41
19
59
32
79
0
-25
39
-15
-38
-42
-71
49
-53
-92
4
37
6
-65
19
-15
-47
-16
4
16
11
-62
-21
43
5
-34
40
-66
-32
-3
14
1
-53
-77
63
-40
-24
-62
23
1
12
27
-88
-49
15
69
45
-2
40
-54
21
-19
2
-43
19
-33
27
-44
-34
-3
26
19
34
53
-58
-8
12
67
63
16
28
-12
-37
-32
8
-46
-22
12
-2
-14
-27
29
53
-38
-81
-37
-14
-44
-36
-18
5
37
28
-23
-81
4
1
-30
28
-18
20
-33
-40
3
-16
2
-21
-9
-38
50
-31
-8
27
55
-24
-37
69
8
-19
65
41
-26
-34
-18
-8
16
44
34
17
-2
-52
38
24
76
-29
26
-12
-23
-37
-4
42
-1
41
-9
-12
52
-82
26
-72
-56
-3
-25
-6
5
27
-49
27
71
37
19
-25
25
48
19
46
-13
-3
21
9
-57
-24
-5
38
-10
-48
-81
-19
42
-3
-1
-31
-16
-8
10
-12
-51
-62
-1
44
-25
36
-47
7
49
14
-46
12
37
86
31
-11
-26
0
45
-49
-58
3
-59
19
35
13
-25
-27
32
4
2
3
2
-3
-19
4
-65
-31
63
-5
-80
-1
32
32
5
-83
-31
-67
-1
-39
-81
-32
4
0
47
-31
-16
-49
-4
39
25
23
-10
-17
21
1
36
-64
-21
-2
21
-53
-74
13
-17
6
10
21
-49
-40
38
18
-8
11
13
-16
81
62
63
-8
-3
52
4
12
11
-3
-30
47
73
-33
-36
60
13
94
22
-27
-13
-21
37
10
35
-21
-34
6
22
2
28
-26
2
-55
75
-49
10
52
-23
-89
-24
33
8
62
9
-7
-15
5
-42
71
-10
-2
0
19
63
-8
29
-48
-23
26
27
53
-49
-29
74
-45
-12
47
-8
-22
12
14
-45
-15
-29
-11
30
36
25
23
34
-5
-18
-22
-29
27
-13
15
-55
15
-2
-16
-20
-18
2
3
-9
-34
20
18
40
-8
-64
42
-21
65
-23
36
-2
-4
29
-40
32
9
32
-31
18
34
6
3
22
50
3
14
16
-30
44
-21
-16
37
-21
70
21
-17
36
11
-30
41
28
3
5
8
-36
30
-60
4
-44
1
4
19
36
-8
20
53
27
43
-35
3
7
-24
-16
-30
17
38
52
-59
38
36
-11
-28
60
-49
15
0
29
25
-26
6
9
59
14
31
20
14
-17
59
-18
-51
-16
62
33
20
-21
-1
14
-17
2
-21
45
30
-20
-37
-10
-40
-10
17
10
-21
3
2
-12
-67
-38
46
29
3
-39
33
-57
-50
26
35
-1
34
-13
6
20
-2
35
13
-37
23
-16
28
44
-28
-80
16
-83
45
53
5
-17
37
23
14
11
-60
-28
27
-32
-26
10
33
-3
36
48
-9
-19
37
-2
-27
30
-18
14
-91
12
-48
2
-53
15
5
-24
34
-35
56
36
-48
23
43
-49
-34
0
-39
34
5
-17
34
-55
-49
-53
-10
8
-1
47
21
79
-1
14
-11
30
-27
27
-13
-40
-30
49
-105
29
37
17
-7
75
-58
1
3
24
-15
41
-49
-35
-52
-6
-18
1
-2
36
-14
2
-41
32
-13
4
-18
-9
69
-35
-52
13
47
-16
19
46
0
67
-24
1
36
54
12
3
13
-18
18
20
-1
-26
53
-5
-38
41
3
58
30
-89
12
1
-18
7
30
-12
22
-12
-10
-18
-51
19
0
-64
-5
71
48
-57
-56
-29
-6
13
45
-34
-98
39
31
-25
37
-55
-48
9
25
-15
-21
-47
-19
37
-46
-18
12
1
32
41
10
-46
5
-66
61
1
-3
0
12
25
-60
-23
-22
75
-35
-23
-4
56
32
-15
37
-56
-10
38
-60
5
0
-16
13
2
30
-24
-25
9
76
-24
-59
10
-8
3
67
48
-30
-32
29
17
-28
-58
-51
17
50
-12
56
20
-23
20
34
16
72
34
7
44
43
-54
17
50
8
-14
-22
0
13
48
-56
-14
61
-21
-20
-20
-13
-22
-98
18
1
-9
-45
7
2
-41
23
-15
-60
-25
7
10
-1
-69
-42
54
19
40
25
46
5
30
-33
-22
-39
9
-9
39
15
28
6
-47
-19
-19
12
21
50
-30
61
2
19
37
36
66
-68
23
59
-47
19
18
18
-22
-25
44
7
-8
37
17
-16
-32
1
22
-13
-11
34
-7
-48
40
-58
-15
15
-37
19
33
17
-47
29
100
22
11
-46
39
50
-38
-27
65
49
-76
10
29
5
43
-23
41
-10
33
51
5
65
-24
118
38
-21
-26
-34
-4
4
-9
-41
-12
22
-5
1
-10
48
-23
-52
61
-68
26
-24
-26
-6
-13
66
-21
-25
-42
41
-10
-44
99
31
-19
-4
-17
23
15
-6
-61
-1
1
-42
2
12
-8
48
13
46
-27
-34
60
-17
39
-34
40
-41
-7
-21
-38
19
-45
-71
35
-20
-53
-20
10
-13
-89
-12
-12
12
-22
-9
7
-12
36
50
-33
-26
34
-4
-27
31
-31
35
-63
17
-28
34
23
82
68
-16
7
12
-36
-47
-32
27
26
44
-62
-35
-44
-19
-19
14
0
-55
-39
15
-1
16
34
-14
-72
-48
70
-54
-50
42
68
8
-25
10
11
-34
1
16
-9
52
-58
22
-32
-16
2
-8
23
-27
33
4
31
19
-60
17
25
64
43
-22
-23
20
6
3
19
74
-5
-15
1
-5
24
-5
16
70
-21
60
-57
23
-30
-21
7
23
5
-13
-76
6
-57
75
-39
-51
-34
62
61
80
-1
21
-13
-17
-20
10
62
-68
-37
-3
-31
18
-19
-5
-46
57
-7
27
-34
-49
34
26
3
-27
61
-40
-5
23
-57
23
33
-23
20
16
-50
-11
20
76
9
-7
48
29
-4
5
-16
20
17
-13
14
5
40
23
45
25
46
12
-25
63
62
-37
-35
34
-12
-48
18
17
-77
-25
-22
-20
-1
-41
-13
8
22
44
18
30
11
-23
26
-47
1
3
-37
7
-15
-7
-41
23
-47
-23
39
8
-15
42
17
7
28
56
-24
7
-43
-33
-39
32
16
-22
78
-1
47
-16
-37
-21
-10
84
-28
51
4
-20
39
23
24
6
31
-77
0
-37
43
26
-4
-7
-13
-21
32
13
-58
-3
-21
-37
34
35
46
38
-14
-46
-34
31
42
69
53
-8
9
13
11
65
34
-12
27
-26
25
6
-6
-18
1
28
10
10
14
-6
51
9
42
-1
-68
47
-16
-5
-45
36
-1
48
-26
25
-19
-62
36
-2
18
46
-64
42
5
21
-2
30
-23
44
-38
26
57
-10
6
-8
-32
60
69
63
38
-1
71
-3
-20
45
-13
60
8
16
-11
-33
-8
-20
-6
-11
-26
31
36
-33
3
35
95
21
-66
39
37
-72
53
-33
3
-5
46
-102
-7
46
50
-31
7
-46
-11
-48
42
75
-82
2
-52
-24
-9
28
12
-46
49
5
40
-5
-19
-3
1
59
-8
-7
20
25
-20
-6
-30
-5
6
49
6
24
40
11
-3
-66
-5
8
-7
7
-33
-49
-56
15
-67
28
28
64
-17
-35
-40
-20
-19
69
5
-42
26
1
-9
-30
30
15
-32
-25
9
92
-9
-55
-11
-29
46
-40
-4
-43
-55
41
-48
19
-28
-7
38
-13
-42
-14
-83
-43
4
23
22
15
37
-21
-91
-9
19
-26
15
41
13
-13
-67
-44
-20
-76
1
33
7
-16
11
-48
-51
-24
6
15
-69
-7
3
-15
-15
-24
3
-10
52
-24
-39
-24
-54
-32
-57
-4
35
-78
43
1
11
2
86
-45
38
-18
-22
-21
-66
-43
-31
22
13
-47
26
75
40
-66
32
-24
-32
59
-90
14
21
-21
-41
37
14
-22
54
-44
51
-50
-48
-23
-56
18
96
73
19
11
-3
-6
-39
-1
14
-38
-19
-22
40
40
-12
-73
-21
27
-11
12
101
-1
15
-37
4
-3
-41
-26
-100
-4
62
30
-20
-12
71
-8
-14
-42
41
19
4
8
16
-2
42
-60
62
-75
-37
77
-48
20
2
22
-43
-41
-49
3
-21
49
-35
-21
-36
36
-4
-21
41
19
-23
-39
9
71
-22
-13
-15
18
-41
17
15
-9
45
17
25
-56
71
-28
-22
-20
35
16
33
73
-5
10
31
74
-20
-69
14
-51
12
-56
20
37
-40
-16
0
25
-3
-42
9
9
-29
-10
-24
0
-14
-49
-21
-22
53
63
95
-14
-12
-36
10
-40
5
42
3
9
-13
52
1
85
-28
20
-34
54
18
-12
-53
-48
17
-4
-66
82
-5
15
-45
-2
-66
17
-3
-13
-77
-14
8
16
-3
-35
-53
16
4
-21
-28
15
38
4
-65
1
43
23
27
55
-26
101
-6
62
-51
-38
25
35
49
-23
-10
58
-16
-45
32
35
11
39
-26
-42
45
-19
-16
27
-12
-16
-33
19
-16
50
12
-61
-14
-75
36
-46
44
1
-3
-38
4
-75
47
-2
-48
-39
-36
-13
-2
-38
-9
9
-12
64
53
-11
-1
-34
26
-48
36
-25
-25
-47
3
44
-4
-49
-28
6
-9
27
-45
-12
27
-10
58
16
-1
9
-39
30
26
-21
-77
10
11
9
40
-1
49
-24
52
-11
-54
-47
4
-28
34
81
90
-63
-52
-40
30
79
32
-42
18
-49
-59
-49
-41
75
-2
-71
6
-47
-24
-19
-10
35
28
48
-51
5
-53
11
-6
13
-15
-61
47
11
28
-77
-13
-9
-35
11
2
-6
-6
2
51
16
-20
-43
-31
16
-24
-5
24
-51
-10
21
29
7
51
-7
8
-17
-18
2
23
63
35
47
4
19
-63
-7
11
10
-48
-40
3
24
-58
-62
49
-109
-15
5
-2
7
14
-6
-38
-40
-47
-16
55
26
53
-1
46
-25
-11
55
40
18
-57
54
-6
-9
-10
-42
41
15
14
-23
-17
-15
-23
7
3
-46
-9
78
39
18
69
-10
5
-32
-18
-62
-37
-24
56
-53
38
34
-20
-24
-51
29
-31
5
73
5
-37
53
-58
6
17
38
-12
21
-44
-56
-54
24
69
8
-48
-16
-2
35
11
-47
19
-31
38
-44
-14
18
-48
-58
1
-61
7
44
14
3
-71
21
-57
-21
-51
-23
51
-43
-9
46
5
66
2
11
11
-17
10
10
-1
1
-21
24
-8
-9
47
-26
50
-26
25
-12
28
22
-17
1
71
-25
24
32
-37
-50
22
10
17
-43
-12
36
29
9
15
57
-44
75
11
6
57
-17
29
-8
-14
-19
-13
16
28
59
-36
-13
27
11
17
-6
-31
-38
1
-28
-104
48
-43
37
-45
-38
-42
14
-36
-4
39
22
-52
-26
-12
5
-26
-64
-55
-94
-16
-7
-51
-100
5
-22
-31
-24
-9
7
-20
12
50
-48
-8
12
4
-15
56
-36
14
-30
6
37
-10
-31
-59
-41
99
-6
10
-9
37
-11
-7
19
-11
4
7
-56
-16
-17
5
1
45
15
-29
-9
-19
73
32
16
-19
-9
6
18
-22
19
-31
12
-18
-31
-18
-45
-5
0
-46
8
-13
-35
-31
-28
-22
-43
-5
-32
-21
43
-1
-2
72
-30
22
-13
8
-44
4
-5
-66
50
9
-29
29
-11
41
12
-32
-38
50
-13
-14
-15
-3
8
1
64
6
40
43
-67
9
54
-14
-96
3
-88
52
34
-34
22
3
43
25
-29
49
60
32
44
28
6
2
-35
42
-53
0
-94
43
9
-30
22
17
-35
3
-8
40
-23
4
-76
13
47
43
41
77
-49
-16
-12
-95
35
-46
53
34
-36
16
-7
5
0
-35
-11
64
47
7
-13
17
-6
-57
32
-56
-64
36
-73
-22
-31
41
-12
15
83
20
86
-59
-9
18
-24
-105
16
58
-20
30
-31
6
51
-4
46
-45
-62
39
7
-41
19
-56
41
10
-17
-43
-67
9
14
84
16
-71
-3
-11
-37
-15
24
17
-10
-6
-98
-38
5
-1
-13
15
-12
-29
-32
-16
7
-38
-15
17
-108
-18
-14
12
3
19
12
4
33
18
-5
36
-5
-17
52
8
47
-7
-5
-17
-51
19
11
-53
-19
24
48
-1
11
90
-9
-56
20
7
13
8
-26
17
71
7
-18
-4
-30
43
29
12
86
-101
8
-20
-20
15
-2
-20
-12
2
18
27
1
-46
45
28
43
33
8
-37
-24
12
34
-14
-15
-19
6
-41
-68
-26
20
63
31
-4
-27
-22
-8
41
-10
54
-13
-18
18
71
27
24
53
-26
20
-37
40
24
-9
46
-55
37
-1
85
62
14
48
3
46
-23
-10
-20
30
10
-14
46
8
6
11
-46
67
9
53
64
16
0
71
50
15
12
15
39
5
-86
-4
30
-29
-5
-17
2
21
56
7
