25 72 36
0 3
0 13
0 14
1 11
2 3
2 11
2 17
2 18
2 22
3 0
3 3
3 13
3 17
3 20
3 24
4 3
4 11
5 18
5 21
6 2
7 0
8 6
8 8
8 18
9 3
9 6
9 13
9 15
9 22
9 24
10 7
10 9
10 12
11 6
11 12
12 8
12 15
13 7
13 11
13 14
15 0
15 6
15 19
15 20
15 23
16 0
16 4
17 2
17 10
18 2
18 7
18 10
18 14
18 17
18 24
19 0
19 13
19 18
20 19
20 23
21 5
21 12
21 13
21 23
22 8
22 12
22 13
22 23
23 2
23 22
24 13
24 23
70
18
56
55
13
17
50
40
16
5
8
49
53
0
19
25
64
34
71
2
30
10
35
59
62
12
69
43
44
9
48
27
63
37
15
60
28
36
1
68
46
21
47
6
38
42
26
22
33
61
23
41
39
57
32
29
31
3
67
14
51
58
4
66
52
54
11
7
65
20
45
24
10
-33
29
-51
-40
-54
10
-10
70
-19
33
-56
34
-44
-46
-60
23
17
31
-47
-4
4
67
8
-9
-66
27
-89
-23
40
52
-14
84
-15
1
36
-64
12
-18
-53
-52
36
-30
33
-45
9
38
1
-47
37
-12
-9
32
-25
46
-67
-4
-16
-25
15
-51
-15
18
20
25
40
-7
17
23
-50
24
41
-17
-19
59
14
1
39
-12
8
15
4
6
-4
-16
45
5
34
-83
-7
-39
-48
0
-82
21
-20
8
-13
-70
-24
-35
-45
-37
-37
52
-3
-8
-33
-24
-36
-22
-1
41
-37
5
-26
-21
-15
-2
5
20
-88
5
65
-38
-35
-40
-19
-40
23
36
35
-4
13
65
8
16
1
-25
52
-22
-69
-38
33
-36
55
14
-34
32
-15
-78
59
36
27
-47
25
-25
19
-20
-17
-34
-60
-8
7
-26
1
17
2
-30
2
-25
-7
-41
19
19
6
29
31
7
47
64
28
-69
-12
-40
48
-24
58
24
-9
-86
34
14
52
-59
-4
62
-13
-32
-2
-9
62
-54
34
68
62
-46
-22
-4
-15
37
-39
40
24
15
-50
-11
6
-23
19
1
58
-37
4
19
54
3
0
8
31
36
11
19
12
-66
17
12
-86
-2
-9
62
-3
-58
-3
62
-14
-5
10
83
-18
-63
-2
-24
-35
16
-24
63
-48
14
-3
-5
31
-41
-16
11
5
7
12
27
-51
-14
-45
-81
22
-47
58
13
59
-28
21
61
-24
-4
2
-9
18
-12
-3
-4
53
36
-32
0
18
15
2
-43
-15
-46
-6
-47
-45
-35
60
58
-9
-9
-39
4
31
18
-37
-83
35
37
-6
-17
-81
16
19
40
-5
10
2
-27
18
-33
-53
5
-69
1
11
122
-60
-35
9
37
4
-5
-21
12
-22
-3
54
-61
-72
-56
-26
33
-53
-47
35
-19
-9
7
65
8
13
10
-2
43
29
-9
-65
8
26
-26
-6
1
-20
-6
5
34
-91
0
-19
-24
-17
4
38
-29
21
-33
-77
5
38
13
-25
18
-68
7
-3
33
18
-2
25
-11
3
30
-57
16
-44
-35
-24
0
13
-27
-1
-5
4
32
6
-34
70
39
-7
24
30
92
-39
26
-5
-44
-58
-3
4
41
12
22
-29
-12
0
-10
80
24
43
-20
13
12
-22
-4
120
-8
25
-5
-29
-4
-3
-79
-40
1
-9
-35
-76
-116
-77
-1
-11
-3
6
45
2
-46
-2
46
-6
16
-20
-18
-18
-39
-29
-30
-34
48
11
-10
-11
16
7
-51
32
-53
36
17
37
10
66
-113
1
-38
4
13
31
34
19
0
41
-22
18
73
33
47
40
20
6
-1
-40
-20
-32
-54
20
38
-24
16
-12
3
-43
71
-14
3
-45
-3
-15
-52
-21
2
34
22
-51
26
-6
-48
23
33
-18
-19
-19
-80
7
-23
-26
-46
-46
-36
47
-10
22
-43
91
-26
18
-78
21
6
2
-32
36
-15
-5
-39
-23
72
-69
-41
-21
-7
-11
-27
-15
-40
29
-10
-12
-48
39
-30
-55
15
35
17
22
57
54
-5
25
-37
42
-23
-24
-37
28
-38
-19
26
38
10
-17
9
-28
-10
32
-19
48
36
22
-46
9
1
-37
-33
-96
-12
-15
42
-11
-29
35
8
-45
1
-26
-39
35
-5
-17
-24
-23
12
27
-48
13
-16
-13
-18
-63
-1
-15
-9
-42
-2
14
-10
80
-50
14
-11
-44
11
6
8
-87
36
-76
5
-21
-5
-51
-11
13
-6
10
24
-11
58
-27
-13
27
61
51
-20
-1
5
21
1
16
16
-32
67
-43
54
-2
23
29
52
-13
-3
-21
9
37
36
-48
-49
-11
-29
3
8
17
-5
4
-31
-36
-41
54
16
35
94
-55
24
16
-10
45
29
-53
4
52
56
-48
14
-3
46
8
-15
-20
50
33
-41
-10
-8
-17
20
8
-9
5
3
18
21
-38
24
-3
-46
-1
-11
50
12
30
-28
118
5
54
-1
-52
-22
4
18
-24
-14
-1
-25
-15
13
12
18
-1
-29
-59
-21
56
20
94
19
38
13
9
-72
-29
52
-87
-28
35
62
-20
22
-56
4
83
-18
-27
42
-13
21
-48
41
-54
-99
-1
-5
-63
-13
-8
57
-41
21
25
-24
81
-3
92
24
-50
-21
-35
25
-46
34
-15
106
-38
7
-16
13
-10
-12
-43
-30
20
12
19
-51
5
56
-19
-10
22
-24
-66
-12
-16
29
25
9
39
-19
13
23
38
18
-60
-5
-81
-45
14
-1
-45
15
-40
9
-50
13
-52
-22
36
-26
40
-38
33
-53
13
-5
15
48
-14
-113
-30
-5
23
50
-10
-16
-10
49
11
71
3
-6
48
43
-12
82
12
16
39
46
16
29
32
-24
-8
11
62
43
-49
-54
22
42
16
-66
28
5
-6
-96
54
49
29
-9
25
17
8
-38
25
-28
21
12
20
-9
-25
-77
-30
-22
-1
-28
-10
18
-64
35
17
-32
6
75
38
49
-41
32
27
-36
-34
-2
10
-72
27
10
3
-4
-4
-21
-3
-40
2
28
-53
17
17
2
12
-27
-35
81
-21
89
15
45
-2
29
30
7
-28
-1
-60
18
-77
12
-20
51
24
14
-20
-121
16
14
5
-16
21
-2
-8
-2
30
12
42
52
16
-36
27
-35
14
-41
4
26
-11
26
-11
19
-60
-39
-5
51
77
48
10
-54
-13
-73
-8
-25
-10
-8
35
25
41
36
45
78
13
-9
-16
45
31
-29
-21
-40
15
20
54
36
-9
38
35
35
41
-43
-62
-36
9
19
-29
-2
-24
50
53
-13
-30
22
-48
-33
13
40
22
35
-11
-23
4
33
24
-46
-10
-38
44
-33
27
-27
48
42
38
-2
14
-16
-10
-19
13
-46
-64
22
69
5
15
-40
-37
27
24
34
81
74
-40
-17
-1
0
-40
-25
7
-16
-34
24
-44
-21
21
-51
-37
-60
25
-15
-31
-13
17
-14
13
13
5
-17
13
9
-21
23
-47
-23
-8
7
-15
20
63
-1
18
-53
-18
46
38
12
16
-48
-10
13
83
15
-43
-16
10
11
71
-10
14
-66
39
91
34
-8
-31
2
27
-7
58
22
35
14
-28
4
13
-59
-86
-23
18
-19
13
-17
10
1
50
66
-22
-2
-6
-30
-77
-18
-63
-6
-19
68
-12
23
-5
-52
2
7
-28
47
27
29
38
-66
28
34
17
19
70
-5
21
-14
-9
-26
21
49
0
44
11
-10
-23
-41
-20
-13
-6
-8
-15
-23
0
-3
0
56
-18
-44
-2
-44
51
-27
-5
-48
-2
41
9
-22
38
-14
44
53
82
31
16
34
-12
-11
-4
29
1
-27
6
2
-5
-27
40
30
-20
41
19
82
61
-33
19
4
59
32
-38
17
-14
-46
-85
10
22
9
34
-13
44
-16
26
5
-3
-15
37
9
78
-77
38
13
1
15
-43
14
0
-23
30
-51
-51
4
-5
-41
15
25
17
-31
70
0
67
-28
-6
84
-41
-36
-45
17
-54
22
-18
-33
0
-2
61
-4
-41
44
25
-66
-1
-42
40
-8
-6
-39
29
57
54
2
-39
-59
72
-46
75
48
-10
32
-12
-47
-42
78
-22
8
26
-12
-43
9
-28
-9
-16
47
-9
-11
38
-42
17
44
-63
-26
-11
16
-14
-49
16
32
0
65
29
-25
-32
-59
39
-26
-3
39
-70
-48
-4
36
1
-50
-3
49
-58
105
-43
18
7
27
47
42
20
48
58
-44
-71
86
-28
-58
-2
11
-13
60
-11
27
-6
-15
14
-28
-36
39
-23
-70
-6
10
55
-46
16
33
-9
79
-65
-60
-65
-33
75
46
11
-48
-75
49
83
14
-23
-18
28
64
-8
-21
38
34
-59
88
-10
24
20
41
29
-11
-31
20
6
37
66
23
-4
-42
53
49
-48
18
-20
-8
17
-8
10
54
-26
14
-46
5
9
-56
-26
34
47
-30
28
-3
-22
-60
32
21
20
-7
12
13
-26
36
-76
27
-76
-20
-3
-71
0
-13
13
34
13
54
10
84
-10
61
-12
-61
22
17
-10
-23
30
-32
16
56
-89
-46
6
7
23
-43
-11
-2
87
36
-79
-60
-19
12
-42
59
42
-32
-36
-32
-9
-11
-7
24
-34
28
-68
37
35
9
-14
56
29
-28
6
-22
-13
25
29
15
-25
-57
-55
-11
-12
1
-6
-3
26
-41
-2
-62
42
-26
39
-54
26
34
54
48
49
-34
-32
8
-5
2
-51
-14
-84
6
-87
-12
52
-18
-43
-54
45
-19
-17
-30
-3
33
43
70
13
-48
-10
33
-48
-19
30
14
25
-12
-30
6
-47
35
0
39
-17
12
3
71
-20
-6
-90
-2
-67
39
55
-21
45
50
-14
-45
-12
-80
-14
6
84
23
107
-12
14
2
-17
32
-95
-16
14
-21
-16
-91
-15
-19
4
26
13
22
11
-3
11
-51
54
-48
-83
39
-57
58
13
-43
29
-5
-38
-26
-44
3
-34
-71
-13
32
14
34
-10
3
13
-16
11
-13
17
7
-39
-16
28
-2
-22
-7
0
-29
7
61
-35
9
-1
-18
-15
40
23
23
12
19
0
42
-1
-21
-9
-19
-13
8
-59
79
-41
-7
53
22
80
17
-34
5
-7
-13
-10
-35
-20
-28
23
-31
27
-11
-8
8
-53
-14
-1
-43
-32
-38
11
30
13
15
40
59
-31
-34
-3
-58
-23
-60
9
-65
-20
-21
39
4
5
-14
32
2
23
9
60
-33
41
-15
-13
-45
26
40
-35
-51
-10
-49
35
-8
-31
-9
-52
-37
-44
9
20
-15
-1
-35
44
11
-57
36
-48
49
-1
1
2
19
30
36
39
22
-34
52
-7
-3
-24
23
6
8
46
0
4
12
0
2
-12
23
-57
16
26
-24
53
-24
11
-60
89
78
50
16
44
65
36
-23
7
8
-30
-4
-13
-54
-14
7
-31
-27
4
2
-9
16
-34
51
24
39
-57
-79
1
31
-77
-22
17
-30
42
22
-18
-40
-15
29
-23
12
-36
-7
4
-14
36
5
-39
99
-52
-6
55
-12
-59
-21
74
3
-27
7
3
42
-7
-12
42
-17
-16
1
-36
3
8
29
19
31
-7
17
-2
-10
-23
-10
14
-2
-28
-64
-28
-30
47
-29
-56
-5
60
25
-1
-29
-29
-30
18
1
14
11
20
-15
46
-42
-50
18
-31
29
15
28
19
36
-23
-5
-21
35
41
-27
-14
24
20
12
49
4
1
-36
11
-11
-51
-6
-42
19
62
30
-77
24
-18
27
42
6
-1
10
3
17
-50
74
-13
-50
9
5
30
15
20
21
8
69
-12
-28
14
17
-4
48
25
12
-32
102
14
-31
4
-44
-2
-51
-48
1
47
57
35
20
27
-35
-55
-39
8
-30
-83
-28
-51
-37
-85
3
-57
54
17
-61
-15
17
11
0
45
13
-46
-23
-7
28
-42
-21
25
25
-29
-41
36
6
-22
-37
-22
-14
-43
42
23
-45
-18
9
-36
25
-7
-29
36
30
-14
19
-7
-38
6
62
26
-11
-20
47
4
-40
-18
54
6
-11
20
9
-2
0
-14
16
38
-12
-46
32
-25
-80
-9
53
-2
1
17
42
-19
-20
-31
15
27
-39
-24
27
6
-22
-53
50
53
57
0
-9
-52
3
-21
10
12
-34
9
26
-15
-36
-44
34
-40
40
24
47
59
-16
14
-51
-10
-1
74
6
-59
33
-64
35
-60
31
-47
97
33
-4
-7
-7
-32
-28
6
31
14
35
19
52
-8
-26
47
-23
0
-1
-48
-3
54
82
8
-11
0
21
-2
42
-58
15
66
-45
52
38
-9
26
9
-40
96
-42
-24
-6
39
-22
-21
-31
9
-10
-47
-12
41
30
-43
2
30
-13
38
38
33
14
-65
-17
40
-32
43
17
-17
9
10
33
-39
8
19
2
-1
-52
-12
44
-23
-58
28
-1
24
-22
24
77
17
11
-2
25
-19
1
18
26
-38
58
3
-9
32
-75
-50
-8
-26
-11
-29
-63
-23
37
13
11
6
31
-39
-40
28
-40
74
6
-31
-30
57
-17
38
-8
72
-71
13
-7
-46
-80
3
35
-20
-7
-3
12
-45
-14
-15
43
24
1
-40
-4
31
-19
-44
-62
28
-14
75
-34
-88
-2
5
-56
-12
-17
9
-61
20
20
-6
43
-56
34
-22
-12
36
7
-42
67
15
-25
0
54
-80
18
12
-3
-11
-18
-15
-23
49
-25
1
13
39
-31
9
-41
-31
-5
56
16
-56
-63
14
0
49
26
-38
-11
40
13
0
9
-45
30
-18
-37
-11
-59
-1
-26
-12
53
-18
5
19
56
-49
-5
-8
-42
-26
39
-77
-9
5
-1
13
58
49
-71
-51
0
-23
6
-52
96
-26
44
-50
-11
2
60
-20
24
62
-38
42
16
38
34
-57
25
112
-21
9
11
53
26
17
-47
6
-27
-22
-2
46
12
-31
13
-5
60
-2
17
-67
-3
-18
124
3
104
-58
17
-2
13
24
-25
-27
-47
-59
5
-6
12
21
-1
26
-18
18
-23
-7
15
2
-15
-23
28
56
19
32
-26
-18
-50
-20
-14
9
-30
-54
26
-37
27
-7
33
-61
-24
51
55
-13
3
11
-19
-6
-34
-21
10
-9
-11
-48
-26
21
-6
23
-11
23
43
24
40
85
-21
-29
5
15
-17
48
-34
23
-33
54
18
8
-30
-21
3
-17
10
-48
-54
-9
6
-25
42
31
-21
-21
-9
54
1
36
-5
10
-67
-59
96
33
-17
40
-23
35
37
32
40
-50
24
-25
-4
-28
8
106
-12
-41
-37
9
-29
18
-12
21
-6
57
-18
9
42
44
6
-60
-14
50
49
8
-33
-4
-28
18
48
27
22
-10
-16
-20
17
81
4
5
41
-18
-3
-58
52
-27
-16
9
-57
5
26
11
18
57
-11
10
-33
13
-6
-29
26
4
-14
8
17
-13
-5
62
-6
-3
8
16
14
-28
-6
-41
-6
0
-20
27
15
48
-23
-3
4
-68
40
-13
34
42
20
61
43
27
-25
67
1
-6
49
2
35
-32
13
-20
-6
-3
6
-5
78
38
42
24
-22
1
-12
-9
-33
51
-17
-115
6
23
-2
-49
-6
37
-4
31
-18
-38
5
26
19
36
-13
17
9
-1
39
-23
46
-40
45
5
6
-14
-5
38
-6
4
-28
63
35
16
69
43
-25
21
-9
-1
9
-38
-41
24
-22
2
-36
9
11
26
-1
-39
39
12
-25
-50
63
-10
-56
44
-6
11
20
-11
41
-15
-69
66
52
-19
-72
-2
-16
51
-31
-24
-32
-6
47
-3
-26
-6
-79
-31
5
15
47
20
14
-49
0
-33
-13
15
-44
42
72
-28
-2
-12
11
-4
14
39
45
-28
-62
-22
-44
-7
-25
-20
-25
49
12
-6
50
-24
42
30
-62
-19
30
-24
1
29
-29
2
-21
57
-1
-21
-16
37
-23
69
-15
62
19
42
-3
15
38
53
-32
-16
-11
-6
39
-48
51
-94
-67
7
63
-38
18
33
-35
34
41
-6
-41
23
42
-15
14
29
8
47
67
23
-35
33
-42
-41
-24
-35
-20
18
91
-51
7
-20
-24
52
47
-81
11
15
52
-20
90
28
26
-30
38
46
-51
3
-16
-28
19
-1
-25
14
8
23
-19
2
9
-10
-31
23
-22
58
42
-59
-9
4
-50
-36
-32
72
17
14
-11
50
-91
34
18
37
17
15
3
-55
32
-50
7
-12
-32
16
15
15
-68
1
-14
6
11
43
-21
-16
52
-31
-42
5
-86
17
-28
57
-31
38
-31
-19
-12
-77
31
17
59
-31
-28
-39
36
7
1
39
-38
-24
34
-33
-9
13
58
-64
26
42
-49
-61
41
-2
-13
41
41
-13
7
-24
15
-63
23
17
52
-5
35
-59
2
22
-62
-9
-1
-45
-24
1
62
-73
-21
9
15
7
-27
-8
-3
23
27
-23
24
-15
11
-2
-37
-36
28
51
-12
14
-29
-53
-65
-42
80
-22
31
5
-21
39
31
4
7
8
12
-69
14
-42
-46
-22
27
26
-25
-48
-61
23
33
-122
60
-18
2
46
-15
73
22
6
-15
-3
19
-1
-55
6
50
-32
45
-20
-114
-9
-69
8
-16
-2
-13
16
29
73
-14
-42
41
-16
52
-17
-41
-9
26
-96
63
-5
38
-5
-35
-24
53
-43
34
10
-54
-8
-5
62
-46
-23
-1
1
-34
0
-40
-59
-8
28
-27
8
-75
-38
-37
-34
23
-6
22
-65
35
-68
-47
-41
53
-48
26
45
26
37
21
-74
74
-55
12
-1
31
-43
25
-17
-19
88
12
-33
33
38
-7
-43
5
66
38
-17
-67
-38
38
51
-42
-46
24
-67
2
76
43
18
-27
33
6
13
-37
58
26
-36
9
76
-20
16
47
-16
-38
77
-9
-48
-67
35
-39
-37
8
-55
-106
-52
18
-3
-41
4
-47
29
16
-11
-20
40
10
47
-37
-1
54
37
-2
11
-27
7
-17
-8
6
-20
-17
88
36
18
23
-2
0
36
-89
-30
66
-1
6
-24
23
-16
23
7
12
-14
-4
-35
-72
-39
31
-25
-20
22
-30
-30
27
-13
-2
44
-36
69
-58
-29
-36
46
-30
31
40
-20
20
21
-56
-13
25
33
36
36
35
-47
-32
-35
-62
60
30
-19
11
10
-3
34
-18
3
0
-47
-17
-45
25
85
13
9
39
27
15
-40
92
1
-46
-7
19
39
-1
13
-56
-2
2
57
35
8
38
-91
-46
-5
63
10
-44
87
-65
-25
-7
-47
-60
-31
28
38
-5
-13
39
-49
24
10
-24
-36
-64
-4
-2
-39
14
85
24
-16
39
-78
-28
4
-5
5
34
7
-9
-52
18
48
-17
-30
17
32
-42
60
-7
-45
-29
8
-18
-19
-46
36
-58
-1
-8
-7
-33
82
-26
-3
26
-15
-52
-10
25
25
-30
-43
21
39
68
62
16
41
59
8
-1
-64
1
30
-22
2
20
56
-7
-13
-7
13
43
13
-17
41
16
-33
0
-49
49
-22
38
13
-9
-16
3
29
-11
50
-58
23
-26
-18
-52
4
-22
13
-19
-45
-55
-32
-21
-35
75
49
50
-107
-55
-10
13
-62
7
-83
-21
17
32
0
-48
40
35
3
-8
43
-33
27
-24
14
45
-45
-10
9
20
39
-3
17
5
-3
18
-60
-18
20
54
-40
-40
18
-29
0
-62
4
-9
4
26
15
12
-46
55
13
42
-29
-18
13
14
-48
-8
-22
28
11
-21
-2
33
14
13
-23
-48
44
-19
-18
5
-54
-5
10
27
-1
-4
-28
-39
-14
17
18
-45
53
39
-10
-11
55
-34
-28
-68
9
-15
16
-54
-55
24
-13
-6
2
61
15
-57
2
3
22
62
26
-7
33
19
-19
-27
50
11
44
27
-20
14
-77
16
4
94
33
56
-16
-40
-19
6
-7
-13
-26
25
7
-3
14
-6
35
-4
-43
-15
82
18
41
39
29
12
34
-11
-12
-3
-21
-33
-3
-19
33
-73
-15
43
-39
-6
-16
20
6
22
-53
66
17
-7
-20
-20
21
9
46
21
-98
-56
0
30
18
23
87
18
61
10
-62
-7
-48
-38
-22
-13
-45
23
-1
-10
11
-22
-37
-15
5
49
11
-15
22
0
6
-14
77
14
-4
9
-15
-45
-4
-7
91
-5
18
-16
-59
-20
7
15
4
29
17
-21
-2
65
47
12
-14
-25
-26
67
-6
-6
0
22
9
-17
15
-73
37
26
-8
-42
-6
60
16
34
-35
-10
40
36
25
19
31
-17
-46
37
-65
9
-2
-22
12
13
-7
42
-4
3
-35
67
6
4
-34
-46
87
18
17
37
-22
-3
72
-25
-24
77
19
66
16
-25
56
1
-21
-94
-30
-13
-67
-68
-34
-42
17
98
31
-39
-63
-22
92
0
-10
-21
-46
30
31
46
89
-22
15
28
-8
53
-9
6
-4
42
-43
-65
-17
-3
-20
15
-77
-64
12
18
45
-19
-3
-48
-31
-17
80
16
-14
-22
10
7
26
11
7
-9
-35
-70
61
-95
47
-56
59
16
-41
25
57
33
25
-28
4
-85
-4
-30
-40
-74
110
-3
41
-51
50
-39
-43
21
47
38
-35
-15
-46
8
-68
17
-11
43
18
-31
-41
42
19
-14
-29
-7
39
-17
12
-34
52
22
55
-10
43
8
-33
-27
33
-3
-21
-26
-29
-30
-96
43
-21
23
35
-46
2
30
70
2
-66
25
-45
-4
28
-13
-21
24
14
-6
-14
0
-3
89
-9
14
36
-55
28
17
16
0
41
43
12
12
1
-21
-10
-47
-40
-24
38
-28
4
-26
-104
44
15
1
-30
38
-34
-26
-38
-14
19
-4
31
0
62
19
-79
71
-9
-52
1
-38
-21
-10
-38
16
-48
56
-43
-44
49
63
-52
-96
10
-10
16
20
13
19
26
-44
-9
-6
0
-39
-46
-7
-9
-14
46
-7
-25
8
26
35
50
43
39
17
10
31
13
-93
9
23
11
30
47
-8
2
92
-24
-37
-34
6
45
-20
4
66
-25
-18
32
2
21
-31
22
-55
39
27
-11
30
3
-74
77
43
67
-12
9
-10
74
3
99
12
11
-35
58
-22
18
61
1
25
49
3
-66
45
-15
-62
-27
14
20
-38
-40
-24
-6
60
-8
62
-69
37
-19
32
-63
-23
13
-78
79
-29
-34
3
42
26
24
-45
-65
-37
7
-23
37
94
-20
-107
-69
-45
-6
-26
9
-36
41
18
-28
50
-63
-45
8
-35
9
44
-45
28
18
-40
-12
1
32
69
7
13
-25
26
49
15
-7
-32
-26
-22
4
-9
39
109
14
-27
20
-12
82
0
-8
4
-18
-35
65
5
16
30
-25
-42
21
5
70
-36
-10
-19
12
36
9
-18
-47
6
-64
44
-26
28
-11
-29
-3
35
-20
-1
-18
-12
40
-1
64
-40
51
78
3
21
-3
-12
-72
-69
-5
4
24
-26
-7
73
0
1
-13
15
40
32
-1
-65
4
111
8
18
-24
7
3
6
-12
44
-47
-20
-61
27
-15
-29
17
4
4
40
-55
-10
-34
90
9
16
41
-1
-44
42
-19
-92
26
4
-22
-11
-21
0
-16
0
31
29
4
-7
-13
53
77
-22
-16
14
-11
-57
-8
5
-73
16
31
3
19
-16
12
0
-25
-26
2
-15
46
-70
19
23
-25
15
-39
-4
39
-27
-81
14
-42
42
-13
43
16
-31
23
-4
-17
8
-40
62
15
-56
30
-3
-21
-62
-38
-24
45
13
-47
-52
30
-9
-9
35
53
-59
-19
14
-35
-11
-50
5
41
-1
-26
-25
23
30
-66
23
-36
3
-6
-45
-2
78
-13
-43
-29
-10
18
-4
8
-24
1
15
-52
13
21
57
-30
-52
-1
-30
52
10
-33
24
-58
-17
-30
18
-15
-15
-70
-8
-49
18
-22
5
7
-24
-11
-10
-40
-46
-56
48
20
63
-32
50
48
-7
11
15
-15
73
5
62
38
10
-9
10
18
-40
54
73
-17
28
-12
39
8
1
11
-21
-40
-2
32
-15
51
-58
10
-29
28
12
-39
2
-1
-15
-9
-28
-3
1
-45
-66
3
5
-56
-26
-10
-10
9
17
7
-36
-14
-22
24
-6
-25
56
11
-6
-35
-17
-34
-52
26
-32
-36
-41
17
-3
40
-29
16
70
-75
97
-44
6
-30
71
-1
24
32
46
22
2
-39
32
6
10
-46
-71
-1
29
16
-59
-1
-17
-1
-35
-28
2
-12
4
-11
-1
27
20
30
41
2
18
38
-17
49
18
50
14
-9
46
13
-11
46
51
-47
97
-32
-38
-57
-6
61
-47
-76
-95
-3
28
37
-6
5
6
42
32
-16
16
-77
-59
-12
-15
25
-44
-10
-3
44
-18
-39
-13
-6
-8
16
39
-40
0
-18
-5
-55
-1
-5
-15
5
11
1
-9
-11
-10
-82
-27
13
-62
3
81
-31
-3
-18
24
37
36
7
27
-4
56
-8
-38
-15
1
13
43
11
21
-21
-22
96
-12
45
-13
6
0
40
-8
6
-4
18
-29
-96
-42
-3
28
-6
-41
-19
7
-93
39
-74
-64
-27
16
-8
17
47
-53
12
-18
24
0
-34
-45
40
51
14
19
-6
68
-9
50
22
19
22
47
24
-4
31
-5
7
-24
0
69
64
3
-31
24
-12
46
-61
6
37
-39
16
-23
30
14
35
39
-8
38
57
-94
15
-20
-9
-5
18
-41
17
-3
9
-4
57
19
-34
-34
25
7
16
33
35
47
-21
7
-30
11
-11
-53
0
16
-29
36
64
19
44
-18
9
-96
-64
4
37
47
-3
-6
22
-92
-1
17
42
77
-19
25
36
36
63
20
-32
-8
-6
43
-9
-1
-54
-23
-13
0
-14
-36
6
21
-13
-18
-43
78
-44
-48
-17
27
26
-48
-21
56
-13
-56
-24
-44
56
-49
-1
-22
-39
-4
-27
51
-34
-15
1
-27
11
-4
-39
-34
-7
-15
73
-3
33
2
6
15
-5
11
-2
-11
-23
-3
-15
19
-29
-25
-78
-40
6
-40
45
-35
15
21
-61
82
41
25
3
8
-27
28
-36
-39
24
27
11
44
-12
-7
8
-2
-31
8
-29
14
4
-44
-22
13
-7
31
-14
-27
-57
-50
34
28
52
66
11
18
-19
14
-23
-8
29
-41
53
-2
-34
33
3
47
-22
-46
-49
6
-11
32
77
24
12
50
-30
25
15
21
-13
62
34
26
28
6
2
2
-35
-9
-37
26
54
-25
-20
-141
1
22
-33
-40
54
-3
17
11
36
-3
-6
21
8
-2
9
10
-10
3
33
-8
-7
-32
70
64
72
9
-28
-15
-42
-6
-15
-25
14
11
7
-14
-7
-22
41
16
49
-27
21
31
-80
-54
-6
-5
58
74
-35
0
-39
-53
-33
-23
-20
-7
49
-41
-14
-41
3
-83
15
60
-7
-2
21
7
18
-37
-24
-11
-10
19
27
9
17
-30
-13
-1
-40
34
50
-29
-20
25
40
-14
25
15
-23
-16
-21
-67
43
-31
37
-41
45
-25
-24
-4
38
43
51
16
-21
44
-36
-52
-33
-12
-27
4
24
11
8
5
-21
27
-18
-61
8
15
17
13
-61
-59
6
-31
0
41
14
-46
9
10
80
-31
22
-51
-4
18
-14
8
-34
10
-32
-36
16
10
30
-2
-17
5
58
55
40
13
-15
-18
-6
63
42
65
14
32
2
-9
10
30
3
-80
-13
37
90
-13
13
-53
-6
-36
3
9
-67
-2
-20
30
-21
-19
-15
40
6
6
-4
-5
-37
11
12
17
-52
51
13
-14
-37
-49
0
10
-22
49
-16
-7
-61
2
-1
-51
-55
-2
26
-21
8
-44
-75
102
26
9
-34
31
-34
8
36
-7
-1
69
19
75
26
-12
33
9
-2
-20
51
-50
15
30
-23
26
41
57
-22
19
93
101
10
-94
-60
-46
25
-88
-3
8
94
-14
-61
16
22
11
16
-66
19
-21
10
14
-19
-40
1
3
-5
28
-48
9
46
-8
-33
-18
17
-13
-42
18
-12
15
7
-56
-44
-27
10
33
9
93
18
35
1
-25
47
15
-30
-12
13
21
-53
18
-12
-22
38
-36
-19
11
13
6
-22
31
10
26
-76
18
-39
-58
-10
-17
-64
-34
10
-9
-37
30
18
36
45
39
-3
-7
31
7
23
36
2
10
-42
-9
-48
-22
-4
27
-82
-32
-22
-19
19
11
9
-44
-7
-100
-19
-16
55
7
-68
-24
-57
-6
23
37
-14
30
4
50
24
-28
70
55
-69
67
1
-16
-32
-44
-9
24
-2
14
98
52
21
-2
-24
13
-59
-27
106
29
-20
-25
55
17
-15
-18
-75
-69
4
-24
66
-40
13
-46
50
90
46
36
24
-38
8
-1
-14
-13
10
-19
-58
-50
51
26
-71
2
-7
12
32
-81
-27
-4
46
-5
21
-46
-55
6
54
38
59
9
-34
-13
-26
4
-22
-18
62
-14
26
-62
39
-93
15
-41
-8
28
-10
48
39
-16
14
-22
-17
24
-15
8
-35
29
19
-51
53
52
-3
-37
8
22
65
-40
19
-94
-43
-4
23
-29
-8
8
12
4
33
88
-22
-83
-10
-10
-31
-17
64
20
-31
-34
-28
10
50
-18
-17
15
-41
5
-74
-43
-40
-11
-103
37
11
-38
-22
80
-26
0
-6
36
-14
25
24
5
38
-55
-26
-26
-63
-23
43
32
-34
58
22
17
0
-6
-3
58
20
-8
-14
8
-50
41
34
-11
20
-28
31
59
-16
-52
-7
-2
-46
13
28
-4
6
32
11
5
23
-22
-8
-19
73
-15
70
-20
14
-22
2
-13
6
3
21
-102
-20
16
-25
-26
7
45
-53
14
-52
-1
16
-19
-40
59
-43
-22
34
18
34
-11
-27
-22
-43
-26
-23
-11
12
6
-39
33
14
13
-27
19
-9
10
53
23
-91
-38
-60
-20
15
50
21
-33
-39
-33
37
-11
47
-7
22
-7
-22
42
-4
0
-35
-24
17
33
-1
-12
57
5
-1
15
23
-13
13
53
-18
-48
81
-34
-16
57
3
-21
-73
-38
11
-18
50
-1
11
-36
-26
-71
2
12
-4
15
-2
-26
65
-8
7
4
-16
5
68
19
22
-74
-7
68
-8
-44
38
-68
43
33
-59
-39
-37
-55
-75
-33
36
-13
-25
-7
-76
-2
-15
-42
2
-23
0
-1
15
-36
-1
-18
-4
63
32
-11
2
-27
2
0
13
17
-34
-9
-11
0
23
26
-4
35
-14
-7
-34
-27
-26
-37
46
85
19
42
9
25
5
50
-34
37
25
44
22
-13
-23
-13
-19
4
-5
3
-74
5
-86
40
43
-12
-8
7
-4
59
-4
-22
53
-41
-42
-4
-25
12
19
42
-24
50
-21
-31
15
15
-7
-23
28
22
49
35
-30
2
-15
-57
44
57
-26
59
-14
-2
-26
-50
-30
-28
-39
-31
18
38
2
-5
43
-20
17
-43
-42
18
-27
42
11
1
-64
-3
40
22
39
-55
-32
-89
1
-50
39
-26
-38
-1
-10
-67
48
-21
-94
58
52
-23
-25
-65
34
1
31
62
-13
-11
41
-44
24
34
-15
-20
-30
-23
-34
18
22
28
9
-3
-1
-6
-22
-28
-41
-33
-68
-29
-22
-46
31
-3
-1
-2
-9
-26
24
10
22
-1
-11
4
-66
49
-47
23
18
62
11
-57
-28
40
23
-40
-19
-8
26
6
56
-37
25
35
38
19
-23
-7
-1
-25
49
70
24
-50
-11
32
-60
48
0
15
-59
42
-26
-59
22
21
6
-13
54
50
33
30
24
22
14
15
-24
-36
-64
-20
-20
-1
-7
-27
38
58
-4
20
-23
20
-50
-14
26
-70
19
-76
36
57
-16
3
-9
36
-13
-3
54
37
9
6
-14
9
-50
-74
20
-19
16
15
14
63
-18
-19
-56
-49
14
10
-21
11
-36
9
22
2
32
36
51
19
-13
9
-33
-12
-50
-7
-1
4
71
12
-4
-32
-34
21
51
-56
-32
13
46
10
-3
47
15
-55
11
25
26
-14
-23
-59
-12
-46
-22
4
-24
-33
-36
3
11
88
0
60
-10
19
-16
16
-47
-37
-9
-9
2
-12
20
-44
7
-6
-90
38
-67
-8
54
-12
7
-11
56
4
-32
-50
3
25
-64
4
-18
6
-7
-35
-2
-9
20
3
-34
-30
-11
-7
53
-27
-7
49
-25
-30
67
5
22
-20
37
-18
-13
47
-14
-19
-7
-30
31
-7
-46
71
6
21
-18
-47
-13
-41
7
-33
38
-40
-13
-12
12
39
46
-75
25
-12
-22
13
-42
-7
46
-38
64
0
10
-55
-40
-2
8
-52
-24
-1
-61
-14
28
42
-20
-8
-9
11
9
-2
-12
4
-22
34
0
53
-6
32
-37
4
62
-18
16
-62
87
-21
23
-46
-7
-25
24
6
11
4
-24
-40
-15
-58
-20
3
59
-32
32
5
-39
-52
64
-34
4
1
-63
16
-28
-21
-28
-24
-62
-31
-68
-5
-11
9
-48
29
-93
-15
51
-11
15
60
78
-26
-29
11
-43
57
29
10
11
-19
16
-17
39
7
-15
32
22
36
13
-7
12
9
-31
28
37
-39
-16
0
28
12
24
-23
14
-2
-29
50
-11
-4
-42
51
21
-76
-47
-19
-34
-16
-16
51
22
-19
23
43
-4
-41
-24
-16
-39
73
-58
10
25
-29
72
54
26
-36
-30
-21
-15
-59
5
12
-21
26
50
-11
42
-6
49
-1
81
49
-7
-21
-12
-16
-42
-13
24
-4
-11
25
-44
-11
45
9
29
-6
-70
-8
19
-60
45
-17
8
-28
-3
33
32
60
-23
-51
5
6
23
10
57
1
-21
69
-17
-12
-57
-55
9
39
17
-47
-25
61
-46
6
55
-12
-29
7
-20
-38
-41
-39
25
32
-67
58
5
23
35
1
16
-80
-76
-31
-26
5
-25
66
-46
43
-4
76
-9
24
-14
39
18
10
52
-38
-54
-27
-13
47
-67
-40
-86
0
19
-74
65
54
74
38
-39
-51
-45
-40
-2
-15
-6
-26
-28
-2
54
13
-17
-27
16
22
7
13
-9
1
8
26
-49
-43
80
-40
7
-10
6
42
19
5
-49
-33
22
6
65
-17
-58
-24
27
-12
-6
27
-48
-59
52
39
-18
-25
-12
0
-18
12
58
-18
59
16
16
50
8
-44
50
17
-49
5
-18
-21
-27
-15
-35
-33
-16
78
9
22
-67
-54
40
55
-46
-66
63
13
-36
-83
-13
-58
8
22
15
-33
53
36
-12
-37
-37
9
-8
-16
48
15
16
-54
17
6
-3
21
13
-23
8
-13
4
-17
-58
20
28
-58
-15
46
-16
-25
51
26
65
45
36
-70
-21
8
86
9
41
63
-28
-44
7
-2
63
1
5
21
-33
40
-45
-36
-10
21
-32
-4
-3
-6
33
-77
-47
24
23
57
-21
-1
-16
11
33
37
38
-46
39
66
-13
21
20
21
-29
-27
-39
-16
47
22
-26
20
31
-70
11
-36
6
30
36
-34
5
38
58
-34
-73
-46
-83
-11
-7
-78
-46
-2
-37
-37
27
7
-62
-72
-53
94
117
2
-11
-19
43
58
89
41
-5
51
27
15
1
10
19
123
-50
-21
-76
-8
56
-51
27
-20
-53
49
-46
47
1
-43
7
47
-8
-6
26
-22
70
-43
-32
-2
-7
1
-71
-12
-41
68
-33
-13
16
34
12
31
93
-23
-27
-10
-78
-49
3
-61
-53
27
3
-15
13
-20
-53
-70
-53
1
-20
-12
23
-87
-85
-5
-28
-13
19
55
-2
-1
8
-19
-29
4
16
-67
1
-27
3
-25
6
19
35
-37
-55
-5
-65
25
25
-1
-49
3
28
-92
-22
-8
-1
18
42
41
13
10
-35
52
-29
26
-39
72
-58
1
-1
-21
-5
19
33
20
-17
48
-73
36
42
-27
-11
-39
-30
-28
37
50
-1
18
25
-29
-26
57
62
46
13
-52
58
-26
-25
23
9
-25
-36
47
58
-78
-26
59
21
0
-5
94
18
28
-21
-112
87
2
-59
10
52
11
4
-58
25
-39
-5
-40
11
21
-57
92
32
55
35
-6
0
-26
19
26
-1
16
-4
48
104
-47
-36
5
72
-27
-31
39
-8
27
-18
52
-41
65
-62
-39
-16
-57
31
54
12
4
4
-6
-53
0
-15
3
5
11
11
46
4
-7
-13
6
8
-3
57
-10
-18
10
30
-28
16
-91
-5
16
60
-12
-65
24
-59
-8
18
7
-66
-3
71
36
-40
32
27
19
-14
36
36
-42
-50
-23
-11
34
10
61
-15
-72
26
-6
9
-1
-17
-61
10
-11
32
54
-30
-72
-33
-17
-5
-66
0
17
1
-28
13
50
11
18
15
-1
10
-58
2
26
22
3
-18
-27
-24
-39
-17
-33
18
3
-13
-15
-7
1
15
-2
8
39
-80
-64
-41
-26
49
14
-7
-50
-41
-38
-4
-21
-19
41
59
-5
4
16
35
-31
-50
8
-23
31
-21
-80
33
25
17
67
37
28
16
0
54
-9
-81
-40
15
57
-12
3
40
10
10
97
11
-3
7
-1
-24
85
62
8
-20
9
25
18
-31
24
73
-42
-20
54
-34
-30
-18
-4
18
-8
-22
-18
-4
-10
23
49
-28
-23
43
-51
8
33
61
28
-17
-45
20
-56
-27
66
26
13
29
18
26
13
-14
34
-60
12
44
-17
72
74
-27
26
-34
39
-72
51
-26
-14
9
-32
-18
-8
91
4
-15
39
14
-5
14
-12
26
-56
-75
-7
-1
-18
1
24
10
-4
23
17
30
22
61
12
19
-79
14
-33
-67
32
7
75
0
30
44
-32
-10
50
-81
-16
-2
67
-5
76
-23
10
28
22
40
30
1
53
76
-9
25
2
24
-7
27
-10
54
-14
-30
-42
-85
-4
80
40
-35
0
-20
-30
-68
-18
-21
-3
24
-44
-7
-4
63
14
-37
-1
21
-31
-13
17
-6
43
-5
-1
21
27
-21
-59
-54
10
-7
-17
-22
32
-10
-22
10
-31
26
-33
13
42
4
37
-40
-26
-10
8
-15
-9
-23
43
4
-45
39
23
29
9
8
14
47
-12
25
22
-14
0
-85
85
46
-49
-67
13
13
-43
76
58
-33
43
1
8
33
43
-4
-11
-51
17
54
45
-100
3
-46
-75
-99
-37
31
7
26
21
34
13
50
-11
-22
3
-26
8
-24
-47
-26
-39
12
-95
-45
-38
-78
8
66
13
33
-24
-37
-52
35
-50
3
-45
29
-66
-21
-18
45
3
31
6
-13
-32
-40
-26
-34
-15
15
2
4
13
-15
79
-68
-47
-29
-23
-10
-28
-6
54
70
9
-58
21
-3
7
-26
26
-2
45
-66
-2
-21
-3
2
25
-40
-34
1
17
62
-62
31
-83
-27
-5
-19
18
-14
68
-9
-45
0
5
15
60
-2
22
6
-9
20
-66
-14
-51
-1
-19
105
-7
55
14
26
-17
20
16
54
19
5
-4
1
-54
-45
5
-47
-47
-65
50
-68
45
-42
16
13
25
-13
-2
-36
3
31
10
-7
-19
17
-41
22
-34
19
-11
37
58
-20
-3
71
47
-31
-56
31
-16
7
15
-7
2
-18
-7
-28
-4
-5
20
-62
33
-8
-27
11
40
-5
-16
-10
1
6
100
-94
53
63
65
-29
49
17
-20
7
-4
-41
-3
-1
39
-46
-11
-35
-38
33
15
22
47
-13
0
-7
-5
2
-24
32
-2
7
13
-41
17
-48
-96
-12
10
-44
29
-3
-24
42
-7
36
-30
-11
15
-36
-49
-38
3
-66
22
53
-26
-35
36
-51
-12
50
-75
34
79
5
-4
-60
47
-22
42
27
12
-8
34
0
-35
-36
-40
0
0
-7
-27
-13
30
12
0
43
22
20
4
-24
-8
-32
12
-55
7
24
-13
9
-33
-2
39
-9
34
-15
-18
28
-13
62
-19
67
-52
22
-20
-17
27
11
18
-43
30
48
-4
47
-3
5
-4
-40
-24
3
-73
35
2
-23
29
-41
7
35
-68
-10
-20
-21
-11
29
-23
-15
-58
33
-5
44
26
11
-45
15
32
0
14
-27
53
-67
-117
-48
-10
28
25
40
-80
-8
-64
29
-52
-39
66
10
14
-40
22
14
-102
-2
42
-1
45
53
11
-30
-1
-16
39
21
-2
-104
24
48
16
47
25
-51
42
14
81
-8
49
-58
-47
28
22
48
-12
-20
88
45
-29
-46
-66
12
-11
-17
7
-1
12
-53
6
-26
-48
62
-1
13
-4
-24
16
2
26
14
23
-71
42
15
14
53
34
13
-3
-44
-35
21
20
-4
-33
-70
-8
30
-20
-40
62
-35
16
-64
1
-15
20
7
-23
-53
-8
12
-53
79
-9
6
38
-19
18
44
-82
34
15
48
-21
-1
-69
19
5
22
38
-3
-15
-2
-32
-30
61
-60
55
-65
-2
-29
4
-35
31
23
69
-43
-7
0
27
0
91
10
67
29
7
14
-11
-37
-7
39
-54
-68
-63
35
-20
-7
-21
-9
-4
18
-72
27
-16
-48
20
-25
-28
-2
-32
43
38
-14
-21
-34
-16
-11
-23
23
-16
-7
-61
6
14
41
39
-31
9
26
-8
-4
14
-1
-7
-19
37
28
7
-25
58
-70
72
-7
16
-2
-27
30
-48
-6
14
23
0
-20
47
-16
-22
-11
-17
6
28
-34
-16
26
-38
-45
-23
-26
73
-57
-24
5
-62
38
31
64
75
-4
-9
59
-12
10
-59
38
20
-26
34
-17
21
13
13
-47
75
86
-13
4
-40
40
43
81
-26
84
51
-33
39
75
-44
-13
-44
27
-14
-28
68
22
2
-65
-51
-5
-11
-22
39
-36
24
-10
40
-48
69
-52
13
-20
22
22
2
-22
-19
55
-41
17
21
9
33
-19
22
-10
-8
-54
61
57
31
-41
50
-7
-20
-18
36
138
33
6
11
-2
58
11
68
2
7
-3
-24
36
-13
-49
-53
8
4
-17
22
-66
61
59
17
8
-6
14
-8
26
32
-51
37
-9
-49
-35
7
26
20
-6
-34
21
16
10
2
-19
-20
21
71
2
-20
14
83
25
5
29
35
19
33
65
6
-9
14
-53
36
30
63
16
-31
-18
11
-55
14
50
88
15
-41
12
23
22
-7
6
38
-33
37
-40
38
-29
20
36
-59
22
-31
12
57
12
-27
-22
6
6
-14
-35
14
29
47
-68
-33
24
-22
14
-16
25
3
-43
-51
-5
31
-3
18
33
-21
-21
61
0
33
-16
-22
9
32
-8
27
-29
42
-50
-1
22
-70
88
65
-23
-15
-110
-30
-4
73
62
9
-38
-30
-18
65
-17
31
56
-27
35
-4
21
-19
-9
26
43
-32
-5
15
15
-43
22
10
-19
50
-53
-5
-40
-19
-11
-82
15
-75
-35
-6
-6
-4
-26
-23
31
-17
68
-9
-31
14
-4
37
7
48
-35
-19
-4
-48
41
-33
-34
4
-49
-8
54
53
-1
24
16
-33
-6
-20
12
-71
14
33
14
-17
-13
35
-34
-18
108
8
-1
3
-97
-33
-11
21
-3
10
7
9
56
10
-62
-32
-35
23
13
-27
16
1
-118
30
32
-39
-21
46
-44
8
-34
24
42
42
16
28
50
-21
-36
6
10
8
-40
17
39
-4
5
20
34
-25
45
-56
12
27
-5
71
2
2
-2
-37
4
11
9
-31
10
-29
-6
-8
-47
17
33
10
-47
19
30
5
25
19
-37
-26
84
-22
-12
23
17
-65
-9
16
-39
-9
-3
7
34
-7
-79
-14
23
-61
-13
37
31
87
41
-76
10
55
17
-26
-10
40
-20
-10
26
-32
-25
12
-44
1
8
-7
-11
104
-68
48
-32
6
14
11
19
-39
4
1
-36
-2
33
-41
-41
-1
-111
-41
-16
72
-36
-1
-15
68
29
11
3
5
26
4
-68
-4
2
23
-9
-37
51
25
54
21
-20
27
-51
14
-35
39
24
-54
39
-8
38
69
15
35
-8
60
11
20
-6
-17
-44
9
26
54
6
32
28
26
-22
-61
-9
-4
44
-5
-23
61
58
13
-52
27
-1
22
13
68
-47
-52
45
-49
3
-48
76
-19
-18
8
-53
-27
-93
-23
47
-16
7
27
-10
48
-25
-43
-36
-6
68
16
-32
-55
31
13
6
13
47
45
-24
72
-21
-6
16
-70
39
53
-62
-13
-12
-27
28
-26
-62
-26
16
71
-59
-22
24
86
-18
-9
71
30
-26
24
54
-29
38
85
49
12
38
-7
-30
15
-18
49
-38
6
-7
10
-12
13
0
-64
-13
-17
-56
-19
-20
-13
-34
-8
-17
-55
7
18
-17
-55
13
7
7
47
-16
15
13
-43
-50
52
89
77
-9
-17
-109
9
36
20
2
27
-80
16
-39
-12
1
-28
-6
-20
10
52
72
-19
29
23
16
26
-36
41
-37
11
-4
-63
42
8
22
-31
-23
-28
-20
48
-11
-47
-57
37
17
31
35
-77
26
45
20
23
23
-71
-19
-22
-107
34
-9
25
56
61
42
15
-8
36
53
14
33
-36
14
-13
-20
-11
-2
23
25
-45
45
-13
-16
49
26
28
63
-101
56
-46
-12
8
42
-25
32
67
47
59
-39
-35
-45
-2
52
-6
46
-32
-7
47
17
23
0
13
2
-39
74
41
82
22
-22
44
48
29
-7
-34
-60
19
-6
50
-4
1
43
-41
14
6
68
27
-34
49
13
-15
-27
-25
3
-54
-50
-13
56
-35
-14
14
-22
47
-47
20
-3
-26
-34
-2
18
-22
-4
38
-3
-31
41
13
11
-70
2
-43
-30
22
12
3
28
-17
-23
4
-14
54
-25
20
3
-5
-14
42
-5
20
12
-1
19
-58
-30
33
13
-37
12
11
66
-23
77
100
-53
32
60
-48
6
-8
6
27
-48
8
-23
18
61
-63
-1
27
-34
33
-12
42
26
-3
6
-49
-83
-41
-12
37
31
8
65
12
-9
16
0
73
-94
28
-10
1
21
8
-13
21
-61
-9
-33
-44
-13
0
0
0
53
4
6
52
32
-35
-4
38
30
-30
-22
41
18
-36
48
-21
-56
0
32
22
-51
-123
6
-53
53
-24
-5
36
-75
21
-2
-45
30
62
16
50
18
-89
82
0
48
-53
30
35
12
24
-25
24
-38
23
28
25
-24
-34
-29
9
-69
-8
-33
-10
-5
-14
-3
-13
-18
52
-11
-29
-53
35
-16
6
20
6
53
36
61
22
-6
-28
13
4
-14
-6
-1
61
21
-25
-42
2
6
6
11
21
-50
-18
87
-6
-3
-25
10
5
-22
16
14
-8
7
-6
12
20
-36
-61
-56
-9
29
-94
75
15
-27
-45
-81
-25
-23
51
22
42
-4
-19
44
-23
73
5
76
29
-17
-27
72
-10
23
32
-65
-39
14
83
15
-24
-21
46
-28
22
-20
7
-33
2
-40
7
17
-30
12
52
-4
-38
54
-51
-29
54
-50
-2
33
-47
59
-21
81
47
-97
-41
35
42
-6
-33
-54
-19
-13
-71
-18
-22
48
9
11
34
-11
5
19
-7
18
6
54
46
-28
-70
33
4
3
2
6
29
5
30
22
-11
-35
-57
-29
-3
29
-28
12
-26
-73
-30
-25
-8
17
1
-21
22
19
6
-12
-34
-1
9
2
-2
-24
-15
-5
79
-76
-20
-37
65
6
-22
-6
44
-19
54
-11
-37
31
-18
11
-8
-70
-9
-19
48
-1
-29
3
7
12
24
-21
-26
-19
2
5
80
9
70
30
65
-13
6
-12
4
-1
-62
-31
-9
-20
-9
-40
31
36
12
0
-7
2
-27
-37
6
-27
27
14
70
-23
1
40
92
16
0
18
38
39
63
50
12
4
-9
-65
-64
-28
40
71
-16
-7
1
-36
37
-19
22
-32
17
46
-1
-46
13
36
-35
-50
-44
-7
3
-48
21
-1
-57
-35
47
3
52
45
-19
-10
-6
39
13
33
-8
-3
12
-7
9
-12
60
19
86
-42
-58
-22
-10
-42
7
-53
63
31
-25
-48
4
8
18
50
42
55
67
4
-31
-3
2
34
17
16
46
13
-57
2
-38
-19
-1
-10
-25
-29
-21
-32
32
27
-12
-51
-39
-89
7
-44
4
-6
27
16
43
-40
-50
-1
6
-22
11
45
-18
-28
49
-42
24
2
6
-20
69
-28
-73
-15
-41
63
-3
-75
19
19
25
-42
-19
23
45
-16
-28
74
-41
-14
-18
43
-59
53
18
-7
-19
-22
38
-25
-9
38
-4
45
23
-8
-17
-18
34
12
23
-46
-28
-29
-33
9
-13
-19
-50
7
15
-50
46
28
48
-31
69
72
11
29
-6
30
-20
-3
5
-27
4
29
23
-1
-57
15
21
9
-16
31
9
6
-47
-66
12
0
-22
28
21
24
-51
54
50
2
-5
-49
50
-46
63
15
-11
-1
41
-50
-48
-25
-6
10
2
-37
-21
-29
-20
57
-3
1
-28
11
20
-32
20
-11
-18
-30
44
13
24
-88
-8
-2
-13
-4
0
-16
73
-33
-17
-29
-47
-10
-51
32
31
1
24
-25
35
47
23
-59
20
-5
24
-45
33
-29
-32
-73
15
-16
-11
46
12
-10
14
12
-26
-19
-8
16
-49
18
-6
-6
-49
-25
1
60
18
2
4
10
69
-8
-2
1
16
22
20
-28
29
-22
7
42
-24
-29
-10
5
-8
-68
10
-44
13
7
-25
-7
-79
-3
56
27
20
-12
-48
33
-2
8
0
-3
-26
14
12
-91
7
-20
55
33
-52
30
5
-35
26
-8
-20
84
1
-4
48
21
15
12
8
-27
-14
-5
37
-8
-41
11
10
33
-4
3
10
25
-26
23
-13
-2
10
12
2
-33
4
18
-3
-28
-25
4
-26
-49
-51
-8
29
-67
-7
-11
-33
-50
-43
-5
58
-37
-28
-78
-60
-9
5
38
-26
4
36
-19
-16
30
-7
17
-17
80
1
54
-40
5
-52
34
20
-37
1
11
16
20
99
24
19
4
-10
25
4
-40
-45
0
54
64
-35
-7
26
-90
10
5
29
-63
15
8
43
7
87
11
36
-72
35
74
71
9
-67
40
8
43
18
-6
44
-7
-58
-39
-1
24
-71
72
-23
11
-9
1
-7
68
-11
17
-15
6
-69
39
46
-10
-4
26
-28
2
-72
62
45
-49
-42
-26
38
22
6
-35
62
10
-22
45
-14
88
-59
-55
-46
8
8
-33
-14
6
44
72
-28
-16
-55
15
-25
48
30
6
48
32
-11
-29
28
6
15
24
-18
-40
-14
3
-20
-35
-10
50
-44
10
-16
-31
32
9
67
34
-5
-57
-4
31
44
-48
44
34
2
20
-44
88
-49
55
-31
-36
39
-25
-8
8
-8
4
-15
-35
50
34
-27
24
33
-14
-99
-7
-6
1
78
-13
36
-7
-10
-2
84
-6
-1
-3
13
70
68
69
-10
-19
-56
-18
13
-49
-27
-68
27
-82
-19
-34
-15
-47
-84
-10
-17
20
69
-30
-39
-29
37
26
14
65
-41
-24
21
-44
3
-14
-30
-4
39
-12
16
-49
-48
-1
1
-10
3
-24
90
-34
6
34
-7
21
-13
-26
26
-64
-3
-29
-22
-90
36
-5
44
-34
-13
34
0
31
-7
35
0
-1
10
17
-2
35
18
-45
-60
8
8
-21
13
43
52
-32
27
-55
7
27
79
17
49
32
-19
42
-79
1
54
-7
-4
50
6
31
0
-15
-59
-14
-10
10
-21
-7
53
-20
-19
-48
35
-26
22
8
26
-6
-90
-1
-45
-13
84
25
36
42
29
0
-29
-51
-2
-62
-6
-10
-46
31
10
20
-15
36
4
-1
-9
-26
-26
-20
6
4
-8
-10
20
-24
1
56
-22
1
-43
-9
-40
-30
13
-12
-8
-16
-40
-20
1
-16
-24
22
71
26
46
8
21
-21
-55
-71
-10
-13
75
18
25
33
-4
-3
-44
24
34
20
42
43
42
51
-33
-30
13
79
22
-40
-37
-26
-4
47
-70
-39
-73
-7
-1
-34
36
-34
16
61
-46
-32
-7
9
28
35
15
-3
-37
-64
-47
-60
12
36
-7
8
41
-47
28
-55
-36
49
-56
51
-32
57
39
22
55
-28
-6
-3
78
-16
12
26
9
16
57
4
27
17
32
51
-32
48
-34
-30
-23
-5
48
37
-7
86
57
51
-46
-28
-5
6
14
25
-20
12
-9
41
37
-24
4
-35
-4
1
27
1
53
19
74
14
29
-39
34
-12
-27
11
-17
20
-10
13
-11
9
-57
40
31
-4
15
-55
6
19
52
-28
-12
2
50
-28
112
1
-35
-30
-23
-33
-44
16
-44
-3
53
7
-86
56
20
-27
21
-73
-12
-1
-10
3
32
-12
-12
-16
-34
-36
-21
27
-40
47
-10
-27
76
-2
56
59
0
-48
34
27
-22
53
-28
17
61
82
18
-23
92
16
37
-22
-12
6
-17
-1
59
-34
25
40
1
14
-28
-1
60
-8
-26
33
64
60
-26
34
-35
-33
16
52
-42
75
-18
-8
-13
-34
-15
-2
-42
11
58
-18
-45
-23
9
6
-24
41
-7
-61
19
11
-7
17
-46
-38
-28
-33
-55
120
38
20
40
6
-70
-15
-28
39
34
73
-23
0
2
-5
34
29
-46
8
4
-22
-22
-29
36
-2
-2
-13
59
18
-31
54
90
32
23
-15
-6
-19
38
-21
-18
-21
21
-9
3
-50
-9
0
8
-4
-19
-53
16
-12
1
-64
2
62
3
24
-16
46
12
-41
-22
18
34
20
-7
-60
71
13
67
10
6
-12
-81
27
34
20
1
64
17
-11
29
-36
-30
28
-42
66
-20
-16
-19
-19
-14
-46
-22
54
26
-38
-49
-63
-76
2
16
47
-29
-38
-9
-33
70
-25
-44
-59
3
12
16
-35
-5
-87
7
46
80
-50
22
15
-14
-37
6
31
36
29
24
22
6
14
13
11
-12
37
-69
17
-8
-16
-86
14
1
-55
40
-25
-3
-21
-4
-70
22
33
-12
10
27
11
27
-1
4
5
-45
0
-18
-1
29
-68
-53
41
37
5
30
-37
-34
17
-16
44
-21
28
-25
96
-53
0
-27
-10
-44
1
22
3
-20
-54
106
-28
-54
2
-21
-12
49
-44
-4
10
-9
38
46
19
12
-69
11
40
-10
-32
-9
34
13
25
3
-21
-40
50
80
30
-7
7
