42 88 441
0 30
0 40
1 9
1 34
2 3
3 6
3 13
3 20
3 24
3 26
3 34
3 38
4 16
4 28
4 31
5 11
5 34
6 1
6 8
6 12
7 1
7 3
7 28
7 37
9 8
9 30
10 1
10 6
10 33
12 2
12 15
13 30
14 4
14 5
14 21
14 29
15 30
16 15
16 24
18 9
18 19
18 24
20 1
21 1
21 28
22 3
22 6
22 18
23 19
23 31
23 34
24 31
24 34
25 3
25 14
26 12
26 13
26 17
26 24
27 5
27 10
27 23
27 26
27 34
29 4
29 22
29 33
30 22
31 30
31 34
31 39
31 40
33 3
35 32
36 22
37 1
37 13
37 18
37 22
37 41
38 18
38 20
39 28
40 0
40 1
40 40
40 41
41 20
63
11
51
16
77
76
60
7
68
15
3
25
9
84
20
73
14
12
78
8
50
4
58
44
67
29
49
28
83
66
40
81
5
69
52
54
75
31
13
21
18
37
80
86
74
59
71
70
55
32
23
87
79
0
82
34
56
27
6
65
62
47
85
48
26
57
17
53
64
46
1
72
22
36
41
19
43
42
45
30
2
61
10
35
39
38
33
24
83
43
412
-551
262
126
-194
-828
555
11
111
-13
140
681
-495
-473
655
589
254
-433
-329
381
42
316
413
125
-943
-515
-478
-374
-870
-575
-159
229
315
291
-1249
161
-452
-373
76
243
319
-54
843
-540
-431
165
723
-303
714
-271
590
752
-83
-531
359
142
58
119
336
-62
276
248
514
-607
1
265
605
-114
317
365
467
-346
98
-224
-90
141
-446
-1057
-392
150
-442
719
402
-212
535
47
511
173
-127
-503
-795
-233
384
-61
419
-102
-1112
-2
222
-288
642
91
-38
145
-428
-786
102
279
414
-477
465
-913
-323
-237
126
-478
163
84
274
75
-614
-591
-316
-241
525
215
-90
-73
382
-324
-611
469
-412
-392
-8
-463
-678
928
-210
292
-73
-641
323
-189
448
536
-75
-725
-331
-337
-236
20
-385
554
-88
233
42
654
111
780
869
553
647
-304
309
57
328
-456
-204
644
-304
-482
-401
364
-481
3
-22
-420
-585
365
43
409
787
46
-102
-147
337
651
331
-492
-137
342
150
-196
-623
-782
89
-193
-88
484
-565
246
105
-199
-471
-210
170
-869
918
356
-298
-238
-218
898
20
39
-682
227
794
233
-21
85
-321
571
678
-464
105
-475
-657
-20
832
-875
-871
99
874
-502
355
479
-246
-463
795
-1224
272
236
-497
-1
392
-180
366
163
-368
180
140
11
1147
226
948
-227
210
60
748
-6
25
399
180
-379
-501
-296
240
753
532
-296
-66
126
-528
175
-931
557
139
975
-265
-390
-354
446
366
-196
-26
-271
199
283
-200
129
688
-651
-538
-347
309
257
166
357
179
-99
18
109
-567
-161
819
334
326
1263
-481
-659
165
-315
-207
381
143
-607
-351
-525
-476
776
-466
90
275
413
-197
188
115
-240
-613
-585
-109
-296
-964
-126
0
431
637
-757
-117
35
56
813
294
257
-638
-153
-647
-275
39
-107
-306
-551
-153
-111
-312
141
481
42
-541
-142
-791
45
-472
212
95
-55
864
-57
373
136
-792
123
-332
687
-227
155
-330
-195
657
-108
432
1020
-178
-193
174
692
-80
467
-238
155
-453
275
0
-378
-363
291
-428
154
321
-692
-208
594
243
-138
-503
49
9
-27
-284
362
-376
-345
192
242
695
782
12
-512
663
64
296
56
-194
-806
-100
-297
-990
-179
743
233
210
650
145
547
265
270
-251
560
-167
-394
-321
153
-344
-251
562
-449
-279
-508
-475
-327
116
38
159
560
-510
-281
291
214
-417
-179
-665
403
768
546
-347
94
-186
-41
774
-44
-98
503
236
1083
719
-393
-147
214
-578
107
-42
-111
-366
-649
-182
261
-78
301
-61
263
-346
53
-167
246
-782
-324
-227
540
318
-265
-193
49
283
-56
131
233
52
99
264
-479
-307
-378
-511
-156
-118
25
-281
93
-90
210
-345
747
509
-112
-301
-546
240
166
-177
637
236
-432
427
130
-287
637
111
16
-414
-65
-933
103
-371
342
505
590
575
500
-935
154
-292
-459
32
-986
-161
-135
410
-149
-691
-171
-182
-559
831
54
507
253
355
138
315
-525
-182
-37
200
848
-493
-604
-170
-397
416
-323
222
177
-752
-619
-40
-200
-269
-108
-427
448
630
-21
252
562
314
94
132
513
-541
522
372
-57
110
-770
-4
-669
489
126
140
-372
269
-427
-914
14
534
-61
7
797
922
285
-810
191
557
-70
562
-573
188
-425
192
247
-156
-95
575
819
513
-215
506
-139
-486
-257
638
-196
-83
-552
339
-77
-419
149
149
-418
469
115
-194
-344
12
-253
1342
38
114
164
711
487
445
2
-448
243
361
-434
-125
-483
119
514
301
-140
-18
-768
-396
-822
-22
-121
208
220
430
-110
228
403
423
237
641
-447
222
106
488
-426
669
-727
412
119
-360
127
372
462
681
407
-443
217
-547
-382
259
-1096
-32
-253
-973
-387
328
382
-955
244
-60
390
-443
-251
735
-128
-607
-663
221
-270
-957
-905
-62
-64
703
672
-301
270
459
-754
-152
420
-139
-110
818
734
292
-44
-401
-577
-16
133
489
-274
-289
-156
-411
-852
-545
682
-495
497
-378
-229
244
-327
-365
-63
-185
-555
195
326
140
-464
8
359
-219
-38
-164
-222
101
455
212
90
104
-121
648
-76
525
-26
384
-616
-868
-661
-382
155
-423
506
373
78
396
-260
657
-47
104
-122
32
-217
-143
402
-187
120
-780
131
7
-479
-322
411
-343
1013
127
-317
251
289
-155
282
609
144
21
9
-533
-221
837
152
-511
-28
-420
-5
-399
-183
584
-432
874
27
-490
402
181
366
-437
-417
-302
421
-67
-339
202
384
-121
-239
-993
3
390
65
278
-551
163
131
540
-219
817
63
435
100
287
145
-193
-470
-253
-8
342
226
165
-87
-153
35
-153
-403
136
-672
673
175
-409
-162
-305
-384
214
348
20
-595
-470
-467
-375
522
-512
367
-1455
-352
-482
360
719
175
56
-976
-697
-538
710
288
50
27
226
-293
-102
-120
139
-246
316
76
-96
611
100
-146
890
-706
354
981
-221
38
-427
-360
-8
-43
-1002
-114
442
471
-479
-292
-306
216
273
-283
194
47
-693
-469
-13
-299
261
-15
-98
330
111
102
-328
-563
490
207
-232
-168
53
-252
-1202
-802
-24
-792
-571
182
524
297
-695
-161
555
13
930
-366
-296
-752
-444
-224
340
-937
28
-1166
-602
-801
537
141
100
-367
689
-891
322
-365
-308
364
131
-686
-285
-1034
58
-523
332
-108
339
316
-369
-509
274
701
246
-217
-28
285
402
198
-356
600
-473
1022
-505
-579
110
-49
599
-1092
610
947
24
-185
526
739
-87
452
7
129
164
119
396
-837
-437
394
-83
1613
229
-370
-239
-2
-288
199
441
-439
-165
327
-679
-260
-168
240
-102
-245
-224
253
-552
-355
14
190
-434
-364
-297
0
302
-407
-262
329
-158
-216
-742
-15
-38
-131
-311
502
-312
584
-109
-46
99
493
28
-195
-133
-273
-378
-314
-261
-228
-1456
-796
327
-1
-1030
236
-95
-787
-92
113
572
-572
-418
506
-96
-868
1102
486
508
-1
924
-146
434
178
-850
-484
240
110
764
-106
-269
465
-230
245
-308
651
21
-640
-26
311
313
-522
-155
168
-254
-413
-710
946
23
715
71
570
-387
68
-433
-687
76
-247
-222
159
-385
-432
96
-478
267
75
1008
-577
603
554
-21
436
683
833
130
-322
-756
-794
-255
36
-217
-381
-279
-307
-157
-84
69
-232
-141
417
-774
-140
778
454
-446
31
-37
-207
-245
-347
499
-686
107
206
-219
-304
322
582
369
-960
-443
709
-39
-657
-190
-642
-143
669
351
-11
189
5
230
10
-470
124
-90
-538
-52
621
831
151
132
529
-469
486
-45
-204
449
475
91
-19
-217
351
528
-741
-219
-151
427
-438
-204
97
463
-290
-1212
-209
-336
-76
335
15
180
-431
-454
-349
349
-836
69
911
656
359
89
-299
397
-240
193
-49
252
251
-57
113
116
-13
312
465
-400
11
318
-270
42
-279
-314
585
223
-37
-110
-878
450
324
-599
308
-649
659
49
-69
184
135
-138
80
-410
-100
451
-44
-238
-39
-5
477
-84
219
570
498
-349
-114
91
-18
-243
-306
248
1197
183
-650
-406
571
-986
93
244
-35
-80
-446
-442
-232
596
-824
-179
43
-586
417
603
801
-609
-320
478
334
-469
-305
923
13
-70
-743
51
-376
-70
-321
276
-334
234
13
-1193
661
492
-185
-97
-311
-676
-1009
110
295
263
-417
-294
176
-587
-260
264
390
358
97
-287
459
267
-965
-361
284
34
627
1144
-103
610
-726
-15
210
-549
-209
-482
-906
-526
-382
384
29
-303
153
-261
-481
-422
-766
-665
-33
51
334
432
608
-123
601
439
-364
-343
-375
171
-653
352
-301
39
-396
275
146
56
258
211
167
463
-70
640
977
-824
634
-380
-215
-108
-282
281
-200
70
345
-383
596
-120
107
-708
462
-350
-952
111
-903
-375
-820
360
-337
1031
-232
-429
-32
164
-218
-466
522
-206
-292
-705
-303
-459
686
236
-387
-551
-278
-64
361
353
-27
-42
230
-442
-759
693
-698
-119
44
386
-140
-30
889
-238
-236
-704
-272
368
-16
-137
187
344
258
-609
-696
162
242
49
-475
-1011
266
93
404
-83
-807
-733
1396
-570
-268
283
82
457
-371
130
441
97
-272
200
336
297
214
-314
115
346
-1011
-453
-57
366
109
-15
-471
-237
233
145
125
-150
34
720
-573
-65
211
194
-898
-141
-257
-348
545
-390
92
-119
309
305
-530
353
287
307
228
-251
-117
-81
24
104
338
-90
-229
197
-401
589
-669
274
-112
8
691
357
-762
426
165
-138
-719
292
-382
-168
-497
670
899
-578
-417
-708
-565
551
20
844
-19
531
16
-215
168
-269
-46
-7
-315
-453
-545
208
-48
65
-355
477
321
-919
204
-195
279
287
-600
116
246
-293
117
442
-360
-120
429
-36
-237
493
-415
207
238
-165
-441
-443
-359
-24
347
11
861
393
-586
-209
-47
-477
-479
759
-605
-274
-257
745
-9
-223
-336
95
461
-567
386
-51
-90
268
456
68
-669
630
251
302
-212
-149
-554
-299
-282
-819
618
281
539
-1317
24
-61
-246
131
-16
-678
-425
-465
292
-275
112
-442
-317
95
-365
-315
-183
805
621
-149
143
1241
-639
-113
871
226
-597
-149
358
181
-378
38
-353
-77
228
561
-990
407
179
-340
-107
-782
-176
301
382
392
919
241
106
-461
-576
200
-300
-258
-403
-402
159
118
141
-188
-577
193
650
303
139
481
478
-886
-718
-598
-206
-181
-135
557
563
-4
-396
141
86
-308
315
585
529
997
-661
310
-315
-236
-491
-490
-141
-28
109
141
726
496
374
408
111
-152
185
713
301
321
845
819
-71
480
326
-19
241
-364
-103
-77
-358
180
-372
223
401
213
355
-76
-30
-438
-93
-600
0
-510
-108
303
158
212
283
-1084
213
-498
-54
44
-309
-104
451
-324
10
10
-89
-256
-92
-243
2
-29
129
561
354
-761
-267
-124
387
212
13
-108
357
-331
-169
48
-1239
300
290
-651
-348
205
283
-60
792
-84
314
-49
712
22
336
677
-586
75
263
873
-96
-532
-660
446
-89
520
101
996
251
-30
-393
-361
-469
-97
-30
-318
-851
-632
-358
-1008
-670
-127
-249
-125
476
-118
115
402
178
-413
-55
710
-162
286
563
701
107
444
357
-55
-302
-472
106
673
-481
399
-293
9
-260
-161
-97
629
-898
-72
207
-559
288
341
-372
-394
-53
254
420
441
298
405
-41
-327
582
15
157
-103
-899
55
-231
457
-20
314
351
263
-202
-133
523
-28
-317
180
-680
-771
709
277
400
247
-202
-108
494
529
885
101
-244
-615
379
-113
21
-394
-228
-465
-84
-67
197
-168
206
114
327
-161
-726
-137
-43
-516
97
-524
337
293
-48
357
59
243
9
-705
462
689
361
41
-126
192
150
-29
-1010
178
343
-96
408
-2
119
655
-462
-136
556
-205
316
298
247
316
370
-131
-107
-363
-16
315
-990
-487
173
-326
-219
-211
-87
-327
486
63
-239
-425
163
-98
-119
-366
710
-39
-151
-566
813
212
707
343
729
22
344
71
33
117
195
493
-480
-214
-344
-300
39
-312
1527
45
33
105
-144
-15
-270
563
-337
413
269
253
-897
-222
76
-619
534
28
-329
152
-894
47
741
201
-172
-955
-517
-177
271
-866
-209
-482
384
-462
23
521
60
-98
-10
-490
-404
438
-500
-262
-865
-102
-184
442
59
-225
143
806
-722
-46
260
159
757
-67
-398
-962
465
806
288
486
954
160
-652
1246
-882
370
565
-472
-1103
338
362
358
1172
361
-149
-173
574
-392
-44
343
-403
350
-12
-937
659
70
-52
-42
597
-30
-410
645
-429
321
-360
159
-18
415
-545
161
-247
-317
312
886
103
786
128
30
-533
408
-128
-66
-416
593
35
-175
-84
-47
278
105
-294
-696
-195
347
-172
1004
355
-290
-223
-253
-362
-705
44
-751
303
-185
-406
73
-11
-609
-46
118
-316
-1145
645
561
158
-341
96
370
-523
1045
-798
-270
555
-705
259
130
191
607
415
-822
-264
-447
254
-514
7
-102
186
392
106
3
224
-328
-520
-377
-386
365
149
-14
-12
-976
-618
-502
110
-640
-68
-181
-165
-489
-584
-47
-916
-250
332
152
219
-899
207
500
43
254
270
328
-238
-339
-360
493
-268
-405
-380
89
-211
-115
-754
104
512
-358
-172
650
197
347
-985
-80
-950
243
316
453
5
444
17
-460
230
443
-155
575
30
-642
-75
-248
503
513
-366
-415
7
8
369
62
-859
-87
-435
347
-388
186
382
-143
826
255
-239
87
-195
-265
258
-79
305
444
-84
-110
670
-423
599
-106
-248
348
-215
-220
458
-694
-47
495
233
-874
65
31
668
95
154
-288
-36
1454
492
125
339
369
36
159
114
26
-69
39
-681
209
273
660
410
55
-765
-200
486
-94
-333
1059
285
244
840
-82
-415
-153
-601
809
457
358
719
610
-436
-174
-421
527
162
-106
11
-149
1345
153
-108
716
-326
699
261
-732
321
-207
310
912
-262
-245
93
-554
-536
1018
92
77
507
-717
0
667
-935
304
148
105
370
578
726
-751
-141
-142
185
-274
267
-154
470
200
388
-191
-657
483
502
-587
74
190
608
541
341
406
477
-332
25
-494
-139
-499
-321
39
-428
116
579
10
-232
206
99
263
241
61
-98
371
401
-357
-566
320
-410
419
-733
-181
-22
263
-381
-340
-61
-20
-173
-105
-370
-693
30
-741
313
204
-139
-282
99
-86
-606
-202
-176
-9
432
-705
841
-49
73
765
-285
546
-273
-732
-137
-524
143
335
-915
438
-2
111
77
-356
245
-75
3
-47
716
-442
-327
-121
169
114
-252
176
-585
-300
304
254
-24
-60
-197
881
965
-819
309
-60
277
694
603
395
-240
-705
-363
57
-83
-457
21
184
778
214
323
342
-65
-284
108
-45
-646
-551
158
35
1050
-326
248
-182
200
967
237
-231
370
-732
-163
-149
-281
-161
417
1031
63
18
117
-937
471
481
-138
-673
-1263
3
125
389
-277
-146
146
-732
-305
432
230
103
-144
283
222
-85
707
-413
-18
-1102
544
58
-32
367
-132
467
-180
121
-285
87
169
-431
-73
-310
-324
256
8
-40
-740
123
66
-686
-79
-237
-1003
390
288
-207
-168
-330
165
-236
-63
460
814
323
-67
261
35
-695
74
-299
39
-739
-429
594
-639
-61
399
513
112
530
-930
-264
-1068
-10
-633
112
18
-835
-184
-54
13
-253
-464
452
-307
436
-1131
618
-137
562
324
259
-472
283
-270
126
707
395
-449
106
639
-861
-167
623
544
244
-889
-681
-165
-68
-800
1353
24
371
532
229
183
-770
-55
105
108
125
-663
370
-72
-211
-310
-543
-344
-331
232
13
417
11
94
-7
-441
310
-524
519
587
-341
294
-185
-633
632
191
-466
-189
-63
-173
821
-184
-101
285
411
-843
-362
370
-333
404
1033
-196
-527
-195
-464
523
-385
-304
489
520
74
555
107
-198
671
524
-326
-118
283
218
-694
688
-4
-135
-15
-944
-256
-134
748
172
-244
-378
-18
-19
618
334
294
-357
-297
884
-341
384
353
819
86
18
-90
24
-353
617
-241
-760
23
399
-85
-57
-168
166
165
-12
-34
-104
-137
224
315
425
677
13
135
-228
-259
474
-639
313
-151
94
-522
720
299
-84
-470
-646
-184
229
-330
-79
110
-121
-93
-113
85
-491
-516
182
-403
549
-677
815
-443
460
862
-656
197
405
-277
-728
514
303
7
122
596
572
-8
-456
-552
-707
-140
-124
-37
-240
-368
35
-586
555
487
338
124
378
487
1297
67
218
142
87
4
-382
288
353
-423
256
116
103
-317
814
-263
-337
564
-494
221
-912
-527
-103
947
256
-66
48
285
332
-288
287
357
-78
368
-838
-130
-356
407
-337
-218
-20
-98
-66
-110
816
-524
-311
14
-275
-203
54
17
-672
-265
-759
383
-74
-16
282
-93
-630
-423
749
-457
545
402
-201
195
-147
423
318
127
749
-342
-386
542
-628
-730
-417
27
25
-70
305
897
687
558
-578
199
-461
-408
243
133
42
857
505
-82
50
250
-776
-273
-13
-444
100
-348
146
-40
606
-644
3
-475
-218
22
-171
-320
-31
506
202
70
-130
-5
-57
-148
-158
-452
-141
126
-41
501
-190
-1036
-174
-722
-107
-494
-152
-633
-822
-349
10
-240
342
426
357
171
1119
-492
185
116
348
51
308
-423
-697
-479
-355
-94
-382
-140
-383
-1179
121
1215
71
480
-278
172
-514
-291
-1
21
-377
-2
-152
595
-736
1105
104
-137
-442
1
102
509
850
-514
54
492
241
53
189
-50
-270
684
-351
-63
-77
-19
-139
-96
504
-818
270
-18
-42
39
-874
-798
337
1008
1
-315
-343
139
275
-189
-110
-25
305
41
-612
216
-100
556
647
131
-161
-61
-778
-280
458
21
-152
-894
159
-684
61
64
412
-1161
251
2
535
-306
431
158
-422
662
176
288
-130
25
-168
287
-394
236
-568
408
-542
50
76
-202
-656
-1002
-92
-167
-402
12
-236
392
-25
921
245
-162
188
-353
485
161
-593
13
405
-184
89
-881
-344
465
16
504
-47
35
13
-430
1164
157
-729
-393
73
-453
-316
143
267
81
-135
261
-401
133
-133
-555
272
63
465
-13
-339
-15
-408
-202
-853
86
-2
678
-261
-180
-199
-267
333
307
-22
-82
-407
363
58
239
494
176
370
105
187
612
944
-116
500
-421
-1405
762
-1003
-183
131
320
126
-162
94
126
-724
-227
-248
162
503
-218
-418
138
-301
-464
-319
-59
-800
-660
-128
-729
59
-213
-172
313
275
-333
-65
208
516
-155
59
243
-13
301
9
-952
-378
-78
158
-667
730
-71
-1012
556
507
176
-133
-1108
75
-257
-231
-151
-11
-70
842
143
901
-374
-199
-981
-595
171
98
-56
-601
-826
573
1399
244
-703
250
392
100
-245
116
-276
-337
1194
-469
-730
457
-659
-89
388
-11
101
-83
1080
541
-73
103
174
227
-12
137
429
-214
-307
-222
-2
-502
-93
-638
484
-888
123
-38
-99
-1029
-152
549
10
87
79
190
-636
-478
-611
39
549
232
-154
779
-5
-626
420
649
71
51
457
-124
-478
-487
-37
-617
422
211
346
941
60
465
622
213
617
320
147
578
512
-61
716
-406
-264
-249
247
-467
402
239
150
-752
-380
108
-403
-92
387
-233
41
20
-620
-171
-723
-113
96
93
245
112
-762
531
-250
-399
282
-433
188
-599
558
-1080
-9
-672
118
294
5
194
-219
294
-852
245
323
140
-85
1132
33
511
638
-179
-313
-501
-448
-409
-261
-335
525
311
-162
433
425
-786
-909
-553
-174
-39
-246
-82
3
224
456
498
-808
55
-387
-582
408
59
99
767
-482
-322
40
-575
618
445
99
76
299
-164
791
15
-405
-997
-196
35
233
-277
-158
440
742
-27
-597
-84
129
528
231
238
194
351
617
1078
242
165
285
-69
127
829
256
354
156
437
298
265
-694
-259
-7
310
-182
-25
293
626
-253
522
704
943
674
352
-1158
798
553
587
-570
-597
-618
499
308
62
289
692
319
2
-474
-197
-669
-69
172
-398
-209
700
640
-419
662
362
840
-101
-80
-761
-578
-7
-106
-111
-292
-40
96
-271
-302
722
-1005
240
-119
-601
-295
-657
350
-881
-393
608
-6
-458
-179
58
-119
296
-618
-380
-828
192
-83
-89
153
631
-487
-343
-572
-52
280
-302
-361
-578
295
310
-469
-96
490
-176
599
27
356
241
-435
300
185
-49
139
-362
454
795
-61
293
350
-235
441
-165
-247
-27
-922
-237
-217
-395
-55
-362
-371
219
1
-304
-1064
-646
401
210
469
-728
551
532
-406
244
-795
-225
581
-476
356
751
17
-170
184
-660
-1028
-729
299
-117
102
-286
-300
110
990
309
-10
135
215
293
162
-122
117
1389
237
-849
561
-168
714
268
166
-168
-7
533
245
-533
24
-611
38
565
-154
-275
-44
-137
-159
628
-420
28
152
58
522
25
-205
100
-58
664
-67
-608
93
873
101
-237
760
-120
-364
156
-330
-358
-318
214
-42
458
-166
543
-285
238
-248
217
352
-285
-544
-142
-332
619
-676
-275
133
464
415
635
-258
-235
45
-254
-63
289
80
-643
554
-133
84
438
-74
406
131
-517
893
161
593
-814
294
-86
274
304
337
-150
-144
248
590
385
-368
0
137
-29
202
-492
-270
-1062
-129
-589
-138
616
-30
-242
-248
-499
955
90
-615
-125
-640
112
-64
-158
-8
-705
-956
1077
-346
-1029
-178
-238
430
-76
-485
346
319
629
14
93
-644
114
-186
-523
521
490
-336
-219
-446
-439
-626
-842
428
255
19
135
-174
325
50
-150
403
350
-118
-1515
94
-58
36
173
408
118
-885
427
-315
625
108
-6
-244
-172
72
169
351
47
-1036
-866
-200
259
-191
-315
164
620
-526
255
162
-320
-679
-943
215
820
332
142
277
139
-505
-588
708
313
-1335
-34
338
55
386
-136
-202
-490
46
5
-673
753
121
-402
-384
507
22
-181
192
26
-322
-150
-371
-25
214
662
-1059
481
266
132
830
-104
307
-120
368
280
-475
-131
463
149
-31
49
-1031
-203
938
-115
-179
32
514
-101
-141
-184
-85
16
1063
-44
1426
-367
-1320
-257
-75
-222
-822
108
-24
69
105
-538
-67
90
-459
884
60
-582
-435
-340
-50
698
-524
-448
-387
139
-455
580
-492
-433
-221
516
29
-477
600
241
22
527
593
846
73
-693
345
-241
-388
30
-132
-365
378
-315
146
357
397
-157
-201
100
-477
-215
-261
-624
290
-347
7
-16
342
834
-130
-516
156
-734
-455
-537
791
-30
-601
170
204
-215
377
139
-511
-41
-303
-450
159
-349
-348
-416
504
29
-1030
28
-124
-857
365
824
-4
-240
450
-344
-766
-717
1135
768
192
-463
610
-99
-754
-29
498
265
240
-42
365
-606
-194
-531
280
-42
-934
-214
161
-197
-238
-49
-195
15
-261
-89
186
-423
-434
-94
-618
-604
-122
15
888
152
161
-18
-607
423
262
222
136
425
-221
344
-178
-21
140
86
260
-1243
-333
142
-804
172
821
814
517
188
234
10
339
-318
-930
5
12
-167
-332
233
-558
630
302
-310
30
-66
-125
-58
219
-462
232
-189
486
-221
460
78
-619
-661
-374
13
584
-28
-714
-253
95
-260
-436
265
-583
-421
-222
-890
134
-607
322
-105
19
-7
-174
-843
-179
483
221
-513
-483
332
-255
406
-871
-99
-238
-52
-435
1096
-115
67
-223
-132
99
309
334
16
2
-571
77
341
318
-129
330
-553
-395
-173
537
511
-509
567
-77
224
391
-64
-315
-337
9
517
-65
-345
-969
-163
-1294
-48
45
-829
-350
-289
184
181
-109
-217
-475
925
-405
-7
164
172
146
941
34
-592
-62
265
-132
275
-376
-868
528
133
-287
137
-363
-468
481
1107
-681
-246
402
-748
643
-450
685
-1254
-450
284
-451
-253
-198
42
-931
-1041
-1294
-323
-430
-739
511
-269
249
136
267
203
-308
775
-435
230
52
-416
9
-488
-301
586
-576
279
-453
-663
-272
14
431
631
-596
26
137
627
70
-53
510
-573
-243
1458
-233
153
-722
-136
435
594
158
-235
-521
382
353
-1003
292
283
629
7
-143
-1292
-140
517
-584
-372
126
7
109
172
513
-174
455
-511
-1439
249
-333
-398
201
-382
67
-428
49
168
-181
-38
-342
546
-251
410
-685
-314
151
-400
649
687
-216
-265
146
-288
-89
-480
-204
219
-233
-407
715
-541
442
-86
170
113
59
-51
-11
9
638
145
-47
76
-632
-47
183
-213
610
-56
606
447
-557
-122
-487
-208
-81
224
-125
403
281
-532
62
193
-991
17
550
-382
384
254
-324
-276
-316
230
606
324
227
85
-147
-54
-1013
-557
-303
22
190
242
128
179
-199
-612
237
-65
125
32
251
-250
462
157
-520
-335
303
476
308
1233
98
389
565
41
581
281
-268
3
-11
-467
-698
-333
19
-146
12
-644
153
-550
-683
52
510
478
-768
392
-694
-161
331
-235
124
505
1033
245
348
789
332
377
-594
-144
33
499
427
-267
-392
-334
-550
105
-507
-418
1070
451
-478
97
341
-185
33
-380
-575
570
-338
1053
1386
-346
-78
559
-229
336
-1135
95
-163
466
688
-211
-774
174
249
-53
240
-142
804
309
533
-300
236
-413
533
199
200
513
160
-643
498
286
307
-80
554
-136
-348
-297
301
41
-827
74
22
328
-279
-285
-344
595
200
293
-731
965
253
92
305
-88
345
-184
319
432
-143
-212
-477
706
483
-67
1050
-353
-423
186
46
-126
-97
-93
-137
-1451
420
280
312
490
257
-468
318
-245
250
-327
-22
-257
-226
-339
341
455
478
66
263
-139
-1160
675
-376
28
-210
-229
662
1639
-18
4
370
368
5
-292
559
-548
-748
-49
146
-374
46
247
-813
-43
491
-264
-18
200
-381
268
621
153
-287
-631
-394
-386
483
-373
-251
450
-152
147
90
65
686
407
-370
56
-195
187
109
-605
125
-377
-238
452
-646
271
-214
453
475
551
375
269
69
532
-522
-475
-682
374
449
100
216
-121
-125
-331
-595
-329
225
-408
203
-130
-485
72
262
-1027
475
417
-303
-76
432
119
964
626
297
-346
-122
1424
214
395
616
-349
-88
383
-296
-173
1043
-479
-303
75
-1070
231
-643
-672
-643
-370
-601
-148
-316
-661
-328
5
-147
-839
511
614
-332
-143
-136
667
142
-404
-770
-435
212
159
-137
686
-188
361
-1210
715
-287
58
1160
-90
-342
616
467
-351
55
-552
66
-58
188
-701
-315
-993
411
-323
-311
587
85
-48
-332
-325
-311
-273
4
188
336
244
-499
249
-183
-626
26
572
-24
209
-453
-492
-2
-489
1354
336
38
305
-197
-278
-183
-365
240
-18
-397
210
-135
-56
-318
630
387
327
356
-503
-384
590
33
-596
572
305
-484
673
365
365
-544
803
-283
-59
-453
141
425
447
-1024
-384
76
657
-645
70
6
-131
79
-399
-436
206
-139
132
509
37
-242
419
612
471
-352
-254
28
337
-142
-442
835
-766
-490
-1291
-444
349
33
-15
66
-170
-884
-108
-364
-132
-1
235
47
-599
105
271
474
-223
-453
-389
983
275
445
-121
8
660
-360
104
714
607
-411
-39
-431
-411
81
501
-124
-83
232
-743
311
-592
241
-543
-561
-485
799
-908
-499
111
590
473
7
413
483
-545
-86
270
643
593
38
-57
181
-655
151
-253
927
-1120
131
767
442
775
-260
-579
-482
280
-53
990
469
232
578
566
564
-192
-627
164
-420
-212
-593
-670
161
-279
232
516
-263
-119
358
314
-55
86
-338
-130
573
-266
835
-599
143
-260
892
-664
-22
-31
1188
132
-60
-494
506
34
92
455
-239
-173
567
105
378
-29
-131
432
1021
761
35
503
1473
576
251
794
-153
-21
-558
-168
209
-128
-751
-30
71
-469
543
-177
295
-116
-352
560
350
-169
400
80
-387
-671
-266
-28
-61
-315
536
209
24
23
21
373
155
-383
594
183
-362
398
-83
-246
423
-438
305
111
-299
-504
-152
709
-165
-751
33
119
-219
-73
-222
-115
-37
-364
-105
-430
-217
319
-607
-634
606
-346
487
-662
315
-608
-176
-207
-554
-810
-1403
-497
191
-182
481
253
411
-387
815
-847
12
-62
0
-767
-338
265
193
155
115
-929
-331
-455
286
-250
68
-92
203
-471
144
-296
294
-561
698
107
-162
-444
505
268
-215
848
225
-339
675
-279
-777
312
384
136
-956
-618
210
18
-416
40
719
132
562
-344
-125
-399
-1026
624
-855
446
184
651
-689
21
237
643
-322
230
349
87
653
111
-779
-69
145
571
600
-226
175
362
-593
83
-577
-521
401
-148
74
-232
415
792
-147
17
71
-535
99
841
401
-522
159
-127
-641
227
22
942
354
-17
78
-43
-335
373
-537
-294
-227
70
-123
-136
372
201
424
-387
342
195
-189
290
221
510
-747
-830
-1091
-102
-182
-508
-135
496
608
-271
-289
741
-734
-245
56
-337
-231
1072
23
-178
-610
-197
1126
195
-647
-657
222
75
147
527
807
812
40
-184
-937
-218
143
-121
115
60
536
25
-189
645
-140
-984
19
-60
-137
-497
866
-483
323
-10
510
235
-43
-326
24
6
200
0
-13
229
-1348
-405
-889
465
382
-428
403
-518
208
-355
-68
-328
-4
234
-432
-140
224
-89
430
-500
-4
-596
602
88
7
-95
-196
500
-348
269
461
-499
-365
41
-29
150
150
186
-498
160
397
-429
92
425
-232
-484
-40
-34
394
309
-441
-114
-24
612
-629
152
-72
620
-322
357
445
-606
-659
576
312
-745
166
-382
182
116
-252
-573
-1040
505
-515
-433
-139
-522
-438
-75
52
-392
670
-120
-67
-171
-622
-21
-64
106
-93
326
-750
-466
-117
77
-113
-373
252
-32
-176
-312
-65
196
-302
419
-183
-789
-650
-185
-99
-268
37
187
-366
2
725
1300
218
1043
-552
1009
220
226
388
201
-423
25
23
33
-339
-122
380
171
-447
-251
444
-316
-273
-5
572
-1207
-69
139
773
-352
11
-147
-375
-353
509
271
-435
229
-132
-86
-282
-575
442
-556
-329
285
-236
352
333
-367
129
547
137
-251
707
114
594
-303
129
-435
340
-308
-448
-528
150
579
-174
-909
-621
-308
283
-166
-321
-969
177
-54
578
-126
218
250
-510
224
-525
-744
-155
760
-693
302
254
263
-272
-123
175
340
-48
-32
213
194
-30
320
-112
-95
166
-447
-158
487
-429
-73
42
-243
-523
-871
-305
629
300
-452
341
30
-26
345
680
70
-221
-5
56
-236
-12
-144
34
-493
-423
491
539
5
-222
-367
318
817
385
-566
242
-804
-542
-142
-18
-158
-460
358
317
-439
128
-327
224
784
-409
-726
-110
-974
302
438
-289
-8
-92
-690
-938
288
281
-525
167
-688
-857
78
280
1436
-198
431
181
-126
-120
215
-432
246
281
227
-169
-139
-173
-616
54
-611
325
561
427
298
58
-393
694
294
-626
646
-412
304
-593
-413
81
716
-588
712
-518
-561
-391
-474
-770
231
-10
485
245
813
821
-266
-372
-78
-480
-650
-159
355
92
52
636
759
167
-247
-440
-131
401
469
59
-327
578
-497
-461
-4
868
-162
-685
-356
-419
152
158
-457
-373
-470
143
176
195
167
-632
442
47
-185
-273
-16
623
236
-675
-39
790
-468
27
50
-684
971
118
530
768
-515
-2
-668
205
-425
-338
-15
-543
-548
254
144
806
-615
-353
-271
-550
-20
-225
-485
-407
-25
114
-563
-380
274
98
-194
-49
98
78
-485
601
321
95
-116
-920
-236
-418
153
-396
206
51
109
126
439
-226
-18
793
-1138
-163
-212
-449
187
-138
370
-467
381
315
-906
-392
-804
570
338
-349
378
14
-297
255
-195
96
311
136
153
78
504
467
18
-447
-71
-594
-206
-422
538
-807
425
-277
415
-229
-158
380
289
-8
415
336
588
-95
-676
704
-662
177
389
367
-223
-243
405
154
1073
449
158
-57
-576
245
-58
775
284
472
146
-276
39
579
400
-457
661
-123
-520
197
-663
-444
551
-30
-148
689
136
137
152
433
-956
228
489
-234
589
298
488
-576
-94
719
13
405
-154
703
1132
64
-1044
421
-490
594
138
-79
418
-454
309
-740
-292
-201
-408
-89
283
920
235
366
-438
301
16
63
60
-254
-494
426
397
-411
99
614
398
252
-39
-287
453
245
78
410
1038
-198
-588
207
278
1109
462
101
516
-831
-252
554
139
404
-546
306
-27
-352
191
316
-472
233
15
159
576
-637
-188
-135
185
431
259
94
-188
-413
-453
-892
207
356
-519
-362
-204
204
-1011
686
323
-113
-89
-296
190
817
-292
-128
755
-172
-671
160
-50
416
-423
149
522
426
353
58
54
-89
-347
-62
290
1038
101
-453
-30
-222
891
-469
354
-167
-458
-8
-37
970
309
269
330
1
-222
344
398
110
-144
262
-85
-55
-281
158
-465
-343
-14
-522
-265
-304
-270
-660
-424
-271
768
237
487
-326
-196
513
10
688
-581
-562
11
-255
-190
224
258
-15
-168
-141
26
-425
-66
-460
-172
-443
322
109
299
-54
656
-487
-363
-715
435
-25
793
428
-321
9
-266
-686
-376
411
608
-98
345
255
340
-715
997
735
501
168
-146
182
40
-7
-301
192
-267
318
621
297
477
327
-871
77
277
205
-165
-595
72
214
-76
609
-466
513
-456
817
435
337
73
-403
464
32
463
13
17
20
1028
-28
62
180
696
322
-234
-634
1012
-983
-312
131
324
-405
-180
-306
-544
162
314
651
-130
-262
-161
530
444
27
-263
-406
266
-206
314
-339
-328
717
-353
-75
-412
-23
48
-348
-137
740
-344
139
-1144
-378
313
564
436
-332
-435
-475
59
84
-209
45
-12
893
-111
-205
-43
1021
-63
654
-707
-597
-792
413
89
178
84
-856
-271
-417
-68
-132
-66
233
31
-587
-355
-165
93
116
-272
96
26
787
72
-459
-407
292
-255
-29
-368
379
807
681
-554
-265
564
-271
-105
223
345
141
-584
36
192
336
217
68
-54
-358
967
-141
387
1044
246
-263
-442
-654
193
-157
341
304
-205
-272
-400
-290
574
857
181
39
-231
505
777
161
420
-907
-368
-689
592
797
40
-93
258
-453
298
-514
-96
107
-41
-49
450
-243
-269
43
404
-104
337
190
-28
128
2
-519
-502
420
-67
-151
-227
-358
704
-406
68
62
-263
-88
-304
-582
57
-370
-791
-486
94
-251
148
363
54
116
132
260
-584
394
389
-620
438
-590
-288
690
-110
395
528
331
-245
228
76
-398
51
-247
-99
-58
415
454
441
-661
-454
-684
156
223
556
-143
-358
-2
-86
-657
716
-184
292
-297
-335
336
68
-548
-109
335
-41
-585
-421
-619
-357
-102
-207
-427
181
429
-433
685
-219
285
-7
128
-40
-500
-58
259
-283
-355
-34
-517
733
-40
127
668
356
-37
415
178
-862
-220
73
799
637
-44
759
-187
131
-337
-749
-11
293
-494
-95
-322
249
318
-239
-993
103
749
355
540
493
361
344
964
665
614
-408
-739
-2
-349
526
-221
144
133
368
269
-498
-269
1045
212
-346
-207
45
981
719
518
101
573
-121
-178
210
55
57
634
110
-497
816
506
-125
-446
-715
199
217
-375
168
361
9
-43
100
-40
239
-400
42
721
192
453
185
183
-134
-1159
273
300
140
739
383
-55
-20
623
706
-67
381
136
-439
450
-259
-189
-205
-280
-500
-196
-381
-176
-444
-236
1180
-195
-472
-842
265
-344
-253
-538
-100
-704
144
458
-527
-371
38
173
146
-183
186
-398
-107
501
430
-568
348
-87
-355
559
-168
-214
816
1147
49
25
775
-238
-459
616
47
-141
388
375
283
-99
127
-301
284
421
783
161
-543
56
-233
-286
-2
-222
-107
-114
-310
59
-18
-533
363
-76
-118
402
-259
93
-480
-822
-771
-751
192
16
159
308
245
317
-349
-698
816
-511
43
364
61
510
-550
-152
-198
374
137
-68
-197
180
19
-5
-472
-517
-270
831
311
397
-384
270
637
-368
-241
61
131
178
-97
246
439
-180
-473
-45
473
-319
213
-50
556
-484
321
-123
-451
-141
64
-209
-43
-146
380
-531
-122
86
748
830
-206
598
241
86
555
-428
497
236
295
215
271
360
563
657
-532
504
610
261
-714
0
377
-471
150
-342
127
5
72
-197
592
-426
-200
68
-75
210
-115
403
280
703
-304
-745
-226
561
-429
71
142
735
179
-45
633
239
-231
107
249
58
-409
-648
-746
530
324
-647
19
-71
-368
-301
539
129
579
-173
-259
211
337
-97
-139
882
-230
-47
291
-282
20
121
903
567
614
-47
298
-100
437
-455
161
332
-270
-477
-110
612
74
5
1247
-169
445
-492
832
-8
-42
-491
-675
549
500
-62
597
-269
-259
-214
-141
-367
-158
-130
463
390
46
-191
-172
-839
659
469
-846
-130
180
160
77
-360
161
-1070
-456
142
714
-50
927
1294
203
-14
-111
614
-289
302
-907
-134
178
8
556
-163
-32
831
878
-565
-788
257
-146
-75
132
341
-99
-405
-107
355
168
-193
173
-18
478
152
-278
8
-287
-446
-558
340
235
-473
-666
-21
151
1055
-214
429
-201
-53
239
-502
-734
127
301
-777
154
-371
192
-269
-933
307
231
454
-371
-903
-756
344
550
-711
852
-605
-472
361
-633
110
-645
75
257
189
388
283
-471
-691
-696
291
308
-132
645
-32
-75
323
567
-452
586
-349
-1331
169
-914
-256
220
-154
-246
698
290
204
-316
-457
222
495
34
-139
-4
129
146
147
-32
33
48
78
122
-446
395
733
342
-182
-716
328
449
-116
275
-348
231
-201
-26
663
243
522
156
-81
353
-450
720
185
-346
82
211
-88
235
829
-65
-991
604
-153
276
250
-723
369
-211
492
-23
-440
592
19
137
-444
322
583
577
-17
222
226
52
434
-323
-504
-596
6
-577
92
-434
779
-421
263
-54
-33
-283
-314
-562
-651
-583
-236
-605
834
364
-59
-94
-887
-1480
168
289
-296
811
220
259
-180
103
283
43
19
2
-240
-290
316
883
389
54
490
582
-13
-498
482
-153
-29
581
-846
-565
143
444
621
603
209
3
-210
-107
467
-132
-798
255
314
-1084
-668
344
634
447
-495
-87
-86
119
-650
-264
199
-528
-88
230
-651
366
98
501
-527
858
-171
277
-246
325
-258
218
-281
153
-361
-514
124
-190
-92
-1008
35
-261
-160
411
214
-384
754
52
363
185
-279
234
-725
195
94
373
75
115
186
732
-480
-90
283
906
239
356
-506
-426
194
-89
69
250
364
-496
-428
-215
-395
-601
94
-385
110
-714
461
-36
-133
525
-182
243
254
191
95
-566
-259
426
-782
-508
-278
128
159
562
620
-191
42
115
953
-201
-593
-227
-328
92
-14
720
-55
185
-1097
-537
229
97
549
135
1051
377
19
-716
-287
-1054
205
382
-904
-389
4
931
-210
-50
15
189
91
269
115
439
207
24
408
6
-152
-248
562
-30
36
-217
-328
978
402
-536
-299
-392
-708
-310
-65
-20
73
5
-38
-11
202
-597
618
-159
-102
-360
-66
-299
236
216
-104
-118
-478
448
951
-382
-54
-165
341
372
801
-181
-212
37
-40
396
-144
209
-269
-581
-535
59
-10
422
111
21
165
-40
-243
-16
-829
-463
-12
350
-601
223
-309
-427
-344
-455
-464
55
-314
774
173
623
-202
521
610
-404
-397
-105
62
-1085
259
-489
31
151
-957
-807
635
-90
514
-354
194
-367
313
-435
-158
-601
404
-724
-770
570
254
208
350
-232
103
-675
652
-205
468
276
486
400
-133
61
-650
-474
-203
312
-9
-1024
627
344
-408
-431
788
-673
181
-190
150
-192
-258
766
314
-312
11
-239
-483
-211
-947
-170
-602
298
10
537
-16
866
729
600
175
148
754
353
-209
430
-228
196
725
-896
538
100
334
1009
-299
-334
52
107
-32
234
-429
-582
-460
-538
1230
435
-551
-614
-309
-271
290
-434
370
-372
-1015
340
-680
-510
-484
-690
-388
63
1159
505
313
182
458
-101
-136
-790
178
-555
507
-117
100
-208
487
711
-85
207
-51
24
-449
-454
-401
134
214
-203
-607
-669
-438
-169
-1125
333
-800
312
-149
-246
205
-73
471
206
379
501
-159
-346
-529
418
633
429
-585
440
-258
-203
324
259
-97
-552
503
-56
121
-276
382
458
454
-143
-169
-143
56
-885
77
-480
255
-447
-265
911
509
249
348
-507
169
132
440
-107
200
-886
521
-481
-594
-47
-65
-253
-465
-341
-184
505
5
-71
-83
-60
441
881
-440
-162
306
183
-305
-517
84
-191
112
545
315
100
126
-38
451
249
482
-3
51
99
-48
36
-322
-231
530
-43
-629
129
356
52
-35
755
670
125
677
-249
-63
652
-274
-99
-45
-378
35
308
343
-759
-1186
-1002
276
-53
-278
-672
679
-379
-134
521
-1038
559
-181
187
244
-589
355
761
35
391
118
506
-90
140
201
237
477
-245
223
-211
-490
-615
-290
546
-422
128
-119
597
-405
-337
141
-371
-527
50
313
357
337
46
-519
801
393
99
-28
-411
19
330
1100
-610
-278
267
16
-488
-633
308
-419
384
-284
4
245
-324
-301
210
200
-288
234
-284
-256
-43
153
-83
637
553
-773
-110
216
570
-76
-675
227
-159
120
27
-462
-349
287
-290
-178
-319
-293
-620
483
21
279
-382
223
-38
555
-379
-545
331
449
-158
-179
-308
-406
503
573
418
-188
707
-208
-145
-721
403
-431
-1
337
408
-377
-513
-113
-386
-243
-1222
137
119
358
96
-279
102
-706
597
616
314
-424
122
-541
544
-715
-386
-176
603
-50
321
-536
-324
912
-207
-219
-3
121
-106
268
-510
-420
-98
-78
486
390
764
13
-68
182
-359
-83
291
-28
-236
-589
447
402
97
-247
-411
790
18
696
349
-350
237
-87
-471
600
433
589
398
400
419
971
-44
523
71
458
-298
-76
-634
-984
-1101
-189
-71
207
478
267
-13
-593
-489
184
-893
-192
337
-29
-301
-683
156
-363
-58
366
456
554
77
-152
-27
371
-174
-616
112
513
-392
155
28
-625
-675
353
-149
232
290
360
-395
-70
463
-294
-146
-748
-434
195
-88
-491
-40
796
1
328
149
-383
145
-261
-507
335
37
-214
-46
510
-740
870
197
-39
674
778
373
-996
761
638
214
83
-44
441
-40
1224
122
-109
-285
-575
-1553
419
-224
219
-637
250
-472
707
-720
-252
143
27
-144
457
1152
341
-364
-181
-83
-129
155
654
-243
395
24
637
-332
-862
739
260
31
264
-323
-1400
522
210
-245
182
630
-270
273
157
14
525
466
238
317
-277
-385
616
737
-1306
126
641
-398
-397
-542
1455
-359
-666
104
-108
-991
-135
-151
-244
373
-244
78
-700
-1148
-558
271
-284
-405
-490
413
313
421
134
83
-493
213
-458
-382
200
687
-799
-724
-456
-404
234
-99
-337
228
-83
130
291
609
10
344
-66
81
98
-286
558
514
36
357
-296
887
-596
-102
-314
-395
48
-655
-1154
201
731
146
389
168
228
203
-828
-268
-3
77
-396
365
235
616
205
-631
72
320
-1173
-122
-407
96
194
286
47
662
-609
10
-732
87
872
-420
30
-54
-1
-17
-48
-227
-40
154
-633
-62
409
612
-370
-62
96
-5
-737
310
248
79
528
-226
-676
-121
541
-281
464
-185
124
77
-191
12
-184
-475
542
-72
6
-1055
-1149
-124
88
798
-384
283
-11
-226
-578
310
-625
-136
-421
326
-368
-440
-723
14
155
-379
-199
-67
-45
80
64
124
-659
-641
222
-19
-291
311
-909
146
-557
-714
81
-379
367
102
224
596
-354
-304
172
53
378
-291
-853
38
132
-5
137
-486
98
945
-247
-201
532
696
-769
-28
-348
-52
-671
-375
236
297
-96
261
-55
277
-6
76
682
348
454
-534
131
345
-501
537
418
-325
-96
210
906
196
249
-34
-757
191
-584
219
-139
-997
519
201
717
-210
-8
-84
926
-115
-848
332
151
-266
46
458
47
-14
250
-726
-329
-269
510
-126
-258
126
-253
-473
236
55
-60
-306
-266
63
-517
-62
251
-870
-92
109
-97
302
26
412
-742
646
380
118
850
-825
-52
-192
1136
-497
-75
-288
-212
-108
-1432
-122
-272
135
177
-259
201
368
-623
-51
-229
-24
396
863
250
756
805
81
-40
-217
-537
321
-250
-462
645
708
597
-290
-631
133
1494
-176
849
-153
-907
-195
5
-244
159
-398
196
482
-375
14
363
-503
-378
98
151
-470
297
522
-121
-835
-127
-608
604
500
-68
-460
-201
10
-136
-323
-149
61
559
426
-286
103
-16
-505
-326
-423
-78
-146
652
478
74
-559
-380
-250
-141
-507
18
780
-37
-227
-149
78
221
-566
-645
360
-335
-387
189
383
-368
-396
-534
172
1041
-33
515
723
471
495
-313
17
41
-787
808
473
493
-272
793
-68
-767
336
626
1
379
-228
720
134
497
149
-62
49
417
-388
-355
-571
-632
180
367
442
-540
-364
91
-59
-129
278
368
-440
-206
-261
-135
-1146
-995
-28
396
-377
-33
32
221
355
110
1003
-141
111
-165
-97
431
360
-208
453
693
228
104
269
349
-729
-151
-277
-667
294
229
192
-561
243
-410
38
87
553
429
-100
559
-293
-1011
-671
177
-356
181
250
121
-1055
262
-307
344
-496
-272
-806
-75
163
231
-761
474
686
-519
-688
261
-348
223
-710
-80
-664
-537
703
-577
235
-403
-195
186
-323
61
-130
502
172
287
408
-678
688
-528
-121
369
-344
-107
-407
452
-189
-130
-1033
278
740
-236
149
540
-148
-949
-181
-169
400
172
-281
217
192
-596
-109
164
105
89
821
9
-249
-61
-542
112
-106
632
126
57
530
265
612
268
-878
46
-125
-726
77
108
-62
784
-19
-83
140
44
885
-739
355
606
21
-98
222
-398
-164
81
61
-586
-99
868
-336
99
-469
-229
580
-382
-504
-55
60
208
748
32
-22
-14
-170
-4
-478
-484
252
34
920
382
-17
-601
600
-631
-48
185
45
480
321
-229
871
-459
-715
-238
-181
246
159
-582
306
-506
-155
7
-525
-381
-578
167
6
265
-239
471
-572
-341
557
-280
24
524
477
-317
535
324
-631
501
-120
-1
-242
-137
-59
-419
35
168
-11
-71
-46
-423
284
-288
336
366
337
267
-281
-60
175
302
-104
-34
175
70
-174
-439
-144
-478
729
100
-460
5
-481
-228
76
-1211
-61
-731
-253
30
-898
3
148
-261
-219
171
273
-382
164
-106
326
545
-391
-64
114
-424
448
240
-271
184
65
155
-595
467
361
158
67
445
91
501
-7
-232
-314
252
3
501
-808
-32
-678
392
-561
123
-124
-935
146
-140
-787
962
176
-881
-7
19
-303
-53
957
-382
-1045
271
223
-124
870
175
0
729
253
-500
504
-391
257
256
360
-161
95
70
-424
-511
-285
-331
1196
-195
-84
-734
-851
-262
55
-410
-103
-18
460
-207
451
460
-118
392
-262
-334
803
-221
-640
373
35
-133
120
856
-218
-120
460
-254
-458
-299
819
361
29
-129
867
-408
481
340
-591
-562
619
80
-247
335
404
-694
-78
-242
-76
118
418
-355
528
926
403
-64
108
698
219
-38
694
-650
-258
396
-384
-77
139
-62
-517
-274
779
-57
83
654
-527
-435
44
188
-52
-284
337
-247
-274
383
-375
406
-323
-11
39
250
-399
-13
70
595
-391
-137
-490
-99
-241
-124
757
-673
-199
492
-251
140
627
-409
-742
-123
188
495
125
216
717
-674
-151
263
-497
-1104
-16
-180
-159
1032
-458
-87
526
-767
658
-364
66
458
76
480
-34
-216
532
377
-173
649
-686
-797
409
-327
-105
-355
88
238
-737
620
276
-104
425
-32
140
-470
332
113
233
521
669
-386
538
-37
195
-82
-974
-986
956
-108
14
128
675
461
951
733
-201
-426
-410
309
261
771
236
581
-1350
-476
-284
504
50
220
-502
-382
157
-580
-729
-21
-237
121
190
185
-397
-128
193
-828
215
-421
-478
-414
-530
23
491
522
-846
-279
-1002
-420
-441
-564
744
273
-193
-151
-168
565
158
-67
-92
1172
590
71
281
-15
256
-330
-318
338
83
-8
989
-527
374
-685
-216
417
213
-166
-124
295
-699
301
-155
-659
-68
-72
-164
166
468
153
-271
620
153
-46
-58
-188
41
37
-537
344
325
-44
847
776
967
329
-803
315
606
505
-128
-246
-122
-102
-34
-654
464
-109
252
-70
234
257
211
-482
168
-501
-931
2
581
553
251
76
106
933
133
2
-304
-150
-221
488
-66
-361
-258
-771
211
79
-49
-292
392
-276
-36
-27
53
627
-504
195
55
824
480
330
495
526
321
-316
-30
-1
501
-192
-362
-193
-325
-839
89
-354
278
-36
133
-185
-17
554
298
-230
-287
-136
607
296
-162
-733
-313
842
-823
-287
-342
326
148
-240
652
-426
453
-215
590
-143
64
24
-38
105
-354
39
406
154
332
-805
-136
313
547
4
78
526
12
51
-498
-443
-403
271
-150
20
220
202
-314
-483
-843
25
227
-244
-342
299
219
601
-104
-681
-41
353
414
113
-125
262
-900
-608
336
-496
371
-230
-22
-665
-25
398
102
-44
-420
-224
335
437
-724
-116
-63
37
-330
15
-23
-244
-397
279
-249
-353
-690
760
479
987
847
383
-153
465
329
753
-312
-475
242
333
-380
-177
-181
218
-906
95
-307
-794
480
-692
355
-4
363
-344
294
-418
741
-565
-771
150
532
-242
95
747
-459
112
-428
-343
-117
177
-3
695
-942
563
-324
23
-258
66
93
42
512
404
-487
-494
741
-652
330
-865
-162
306
-197
-426
840
-17
59
789
-435
394
-424
-1081
-81
249
96
70
630
-302
494
-726
-856
251
54
177
-208
-216
-27
-216
173
6
956
188
-661
-779
437
323
273
638
-680
701
798
-119
77
-62
382
550
-69
-144
192
-359
39
-383
645
53
-258
1070
-394
219
195
335
447
288
-290
196
-240
-1330
440
570
-339
688
51
243
-546
839
-866
620
57
-1135
331
-69
-218
428
123
-172
-181
259
-672
-333
-40
525
-58
-88
-76
49
161
-1011
-216
48
-237
-158
298
-458
-1739
-674
-166
-73
514
14
575
-190
-341
-761
-244
-526
359
-4
-693
-456
-257
234
140
-754
99
-708
872
-982
-102
182
643
-337
310
-313
-13
238
448
-449
81
-91
399
141
218
584
1360
176
647
-52
-227
435
290
235
506
675
31
665
509
810
90
678
-541
578
325
-703
186
-148
-165
-343
497
-484
-65
-278
-543
-477
-550
79
-399
467
-567
-784
658
463
517
-169
-486
-557
390
193
71
-287
80
-134
-224
394
-318
720
-402
207
37
38
157
264
-84
1100
557
-1241
-365
932
525
-116
-497
-460
201
-288
999
303
673
-290
461
383
213
-107
76
278
-212
179
33
441
291
-70
170
-31
-165
-194
-240
173
90
-394
352
422
255
247
146
636
-802
383
738
-472
-328
427
807
200
-108
-168
277
67
-653
319
339
-370
-186
195
-439
722
1177
-674
-955
350
-622
547
-115
708
-110
-449
258
-19
132
-23
-429
239
510
23
152
-48
-235
554
-90
-690
801
-106
681
539
-63
-245
215
119
498
77
707
-120
-649
330
-627
302
-331
-179
-84
454
-404
652
14
-8
220
-166
-531
124
-482
-130
-551
-275
-262
218
701
-604
-260
-37
-623
-24
-805
-13
-196
-128
-58
-560
-281
527
-695
-731
-413
433
154
-3
115
546
279
-808
-87
-164
-162
-31
4
-49
-212
-180
442
439
-462
-213
-36
213
1224
-503
-173
-501
-764
202
-416
-194
561
-698
198
-229
480
114
779
-469
-204
-363
-46
-133
508
100
443
105
27
-66
-317
-12
-161
397
-212
566
-1517
-359
-885
-285
-94
-278
376
-223
-928
414
-168
59
-816
983
53
298
156
611
-536
151
449
-782
-257
-840
-368
253
287
-589
549
449
-354
-70
-481
616
84
154
309
-727
140
450
90
219
-87
-240
220
-69
-72
-724
381
-625
-673
-83
292
273
-668
-749
-219
-16
-413
-355
-1457
142
366
-640
195
-436
1038
129
-182
35
349
-113
444
547
-149
25
-366
303
-571
21
-380
-194
-335
-1
-396
-472
1084
-531
500
-1089
391
-278
-105
212
287
409
381
-24
-362
288
-146
580
569
-378
-33
-39
447
-289
1422
-77
-97
294
312
545
354
-50
262
137
-403
-322
-192
-53
-342
717
374
154
443
-469
-88
-35
-37
-583
-152
1162
4
-488
-195
-38
-733
-896
207
-512
572
-98
-4
741
-481
363
-431
627
116
-420
516
-331
300
235
491
-187
517
-408
-448
572
-120
905
-34
-166
-236
-310
61
275
-93
-294
0
247
-856
27
-290
-33
-320
454
-991
-636
365
-817
-254
-441
-427
280
-340
-280
343
145
-1157
629
-762
-441
649
139
1044
-582
309
783
393
-323
1099
-708
1067
-578
-546
224
96
56
46
-842
-81
310
333
-388
-396
186
96
-38
300
-332
-116
20
-329
-1080
599
242
307
516
-602
-421
204
-357
-479
-40
447
-741
52
50
314
-465
-86
494
846
-318
185
399
249
-48
-72
-276
-280
-311
305
263
349
-16
-236
-155
375
-562
105
-426
424
-360
-44
-344
-45
306
310
672
8
322
134
-121
-250
-427
-295
-223
-645
150
9
674
-484
-393
83
397
6
21
-331
-188
1170
904
-760
384
-346
-80
56
70
-498
-21
183
128
-514
-654
504
-427
511
-439
-54
222
618
-248
-106
-413
137
-172
267
-466
181
-320
-69
-850
-235
215
761
-256
-2
-81
222
-93
1
243
-91
-585
-453
62
523
-431
111
-738
240
438
-299
-742
341
-310
772
-235
124
224
-886
759
-401
-302
-156
-932
-201
600
287
319
428
219
78
228
537
418
-218
-206
-672
-281
-331
-431
2
-320
615
-89
-381
-239
-94
-173
-495
-984
502
-357
183
954
-166
457
-519
179
2
-84
1164
-493
-584
-183
-942
-342
-89
-15
627
263
-113
772
-193
-566
468
513
-96
-624
-54
-400
-56
-199
609
382
444
-422
-423
-478
400
375
373
-919
508
800
-46
1095
545
-160
-877
-283
140
-9
418
507
-732
681
-435
-529
-251
-440
-1060
125
-412
-194
-710
9
-8
-336
683
590
106
-218
522
439
339
149
-217
-335
-220
57
-522
-834
-412
151
545
-258
-93
469
-82
264
-268
-696
209
263
-17
-360
128
-24
-138
682
224
589
-554
-733
-48
-450
-894
364
359
340
946
61
198
-335
1229
116
-918
-410
404
-209
256
-504
-330
444
-184
-427
-830
-643
6
198
266
1064
-411
-220
-67
421
357
-868
-6
-242
513
523
-229
-101
402
-56
842
493
-214
-670
-517
124
-774
-649
-152
713
63
-779
-163
-88
534
-406
495
534
-781
-245
629
870
-23
278
-147
-348
-534
-257
210
-452
-722
-363
-1031
760
-369
529
550
596
-591
585
452
-1212
-94
395
221
910
478
-651
248
-225
-839
193
-88
135
-549
736
-273
-132
-285
62
231
263
530
204
-195
372
182
411
451
490
295
90
-51
