31 71 169
0 6
0 7
0 12
1 6
1 7
1 8
1 9
2 0
2 8
2 10
2 14
2 19
3 1
3 3
3 15
3 20
4 28
5 4
5 8
5 9
5 12
6 23
6 24
6 28
7 16
7 24
7 28
8 14
8 21
8 25
9 18
10 0
11 9
11 18
12 5
12 18
12 25
14 3
14 4
14 10
14 25
15 10
15 22
17 15
17 17
17 19
18 1
18 18
18 28
19 1
19 12
19 30
20 21
21 9
21 22
22 22
23 10
23 29
24 6
24 15
26 16
26 19
26 21
26 22
27 10
27 19
27 27
28 15
28 27
30 14
30 17
31
37
0
47
12
43
41
7
16
40
29
10
42
54
39
22
33
44
19
15
51
2
56
30
48
53
6
69
11
25
70
46
32
18
14
67
34
24
63
52
55
5
23
49
66
36
8
68
3
26
4
17
1
60
59
21
20
58
64
38
57
61
27
45
13
62
65
28
9
35
50
57
21
233
-424
-110
-240
-49
35
16
176
-68
11
13
-101
-130
152
-113
235
-130
81
-107
150
99
-154
-66
89
218
243
120
-5
-202
245
123
64
303
-95
-51
73
-126
-98
-259
-78
-15
82
-112
-366
-90
99
291
129
-157
-18
156
30
4
13
275
-90
-148
-172
205
-180
104
137
215
359
41
115
224
-223
-236
-111
-203
24
-36
-32
226
-75
-255
-76
-10
327
-52
-74
-36
217
-61
-193
105
-201
-151
213
289
239
26
78
-90
-29
-187
23
-80
-207
-58
-91
-38
58
-146
159
-62
23
-177
192
146
-151
-22
326
177
94
58
-213
184
-144
-76
186
-28
-229
274
-89
139
-114
0
42
-177
138
-36
-174
468
-107
39
-136
-81
-297
215
28
152
-301
-145
42
-240
29
275
106
-63
86
-65
-397
-179
-74
5
280
197
20
9
-43
22
-118
-166
-234
106
197
113
75
-159
9
-126
209
129
176
77
139
231
-25
-214
505
-142
228
44
237
-50
-76
-136
-46
11
232
126
147
116
151
-392
-162
111
-205
121
50
-50
-247
334
39
-19
135
-150
60
345
35
-85
47
-152
66
125
105
-39
-3
-32
139
60
210
-171
-26
34
-74
-202
18
-61
66
-84
62
27
-211
-196
-254
55
34
140
-202
201
417
-21
67
-151
80
286
40
95
9
-25
-662
-42
-190
108
-70
247
-16
14
-241
-16
250
46
-98
-7
220
-73
-454
-167
119
20
83
212
-104
66
35
55
204
218
-58
90
-464
8
-148
82
-47
111
-51
108
178
228
-200
297
140
396
0
239
44
-54
-25
-173
311
-98
195
185
-206
-105
120
254
-33
228
114
112
-192
-45
158
75
-62
177
119
198
-127
-74
-236
-115
-114
-114
228
15
14
169
301
168
35
134
-36
172
-19
426
80
-47
-90
105
109
-173
6
-395
56
115
118
-111
24
-3
62
-239
-135
-260
-51
167
128
106
11
-112
-131
170
-232
83
10
47
-149
3
492
-61
-43
70
-100
24
124
-14
-271
-248
108
-167
151
-22
97
205
169
-159
149
-193
-71
299
-137
86
-67
42
163
-165
115
183
-421
-132
15
244
162
131
-57
-127
-184
499
70
-96
-65
-232
144
329
-393
-96
215
-51
-58
-130
293
-149
83
175
165
-332
-96
-34
-335
-52
-144
215
84
9
240
-25
194
169
240
66
35
168
-303
-356
223
-177
17
-249
-4
154
14
156
-80
-91
-107
-16
5
-6
-223
55
-13
-28
-238
78
60
-25
66
41
57
101
-129
213
16
-8
230
167
-83
5
-81
-51
-30
-36
59
64
-85
-111
160
83
-36
-142
-88
294
21
-302
-58
215
191
-22
1
-257
151
-179
326
5
-93
223
-29
-234
-109
-6
33
-201
-55
-100
97
123
-75
-7
109
157
-261
123
-10
196
116
27
-446
-81
72
-164
235
186
-239
211
249
-137
118
246
-105
209
-175
-106
16
-50
-23
-90
397
-99
87
203
105
180
-102
-234
-51
159
231
-94
128
14
62
-41
33
77
-122
173
-185
-148
-362
-31
-59
136
141
-204
18
-116
99
-112
-61
-300
94
-126
148
200
-111
402
10
36
-5
61
54
93
63
-56
-53
91
-197
74
-138
45
-45
121
-143
-276
-98
100
36
71
15
0
151
-51
50
81
-175
231
117
-69
-283
30
190
-292
-13
-100
69
-212
-101
-276
47
45
70
145
17
-150
29
386
11
-17
-33
315
90
80
89
-3
518
-52
-8
272
-60
92
39
-386
-71
-36
32
144
-109
-65
-134
-303
-127
-59
76
-75
184
211
68
175
-291
-100
-167
285
-292
91
-130
93
-66
-409
-44
-188
-171
238
504
350
142
-139
-149
-238
-94
-206
139
302
-78
-221
-88
153
158
-55
1
38
119
-180
183
22
151
-216
61
120
41
-63
69
-287
81
186
-132
-337
305
-13
8
-107
-92
476
205
-42
-244
-86
-49
191
-29
87
159
184
-63
112
-151
105
293
-261
229
91
49
-194
281
230
-82
-96
-44
-172
50
-74
81
120
78
89
5
-6
-70
-122
162
160
-239
-382
138
71
124
68
227
40
105
-64
115
-37
34
-40
-276
-5
-142
-179
165
-352
-388
160
-153
-155
81
-74
-291
9
-139
283
155
162
182
-60
-36
82
89
-106
-108
-95
151
2
40
125
-21
-269
208
106
-30
103
-21
-193
117
-94
149
111
-48
71
-168
-86
34
-229
241
-25
-285
-78
248
-39
257
-155
-198
-137
-222
14
14
191
-212
57
76
-148
194
142
-127
217
48
-85
290
165
167
63
-79
288
232
149
-143
-319
298
-71
-112
-302
-27
75
134
213
-146
-98
-191
-50
313
-29
-1
-61
49
71
47
-163
43
-50
114
87
-88
71
-8
-29
48
276
-221
-37
23
51
177
53
238
81
-149
88
-251
-208
67
-43
-15
-117
-180
-108
202
-82
230
-102
-90
-279
135
214
159
49
-142
-167
49
-50
86
-151
212
84
197
55
-221
196
360
198
191
184
106
99
108
110
-242
78
-45
-195
20
-34
37
-206
-337
-33
-17
187
-17
48
-372
-25
-354
-317
115
24
-335
53
-222
-66
-308
462
83
22
91
187
-411
155
-238
-412
307
53
-86
283
68
174
-69
80
-88
173
-17
381
55
-180
255
-21
470
49
92
3
133
-248
16
-204
-418
413
400
85
288
236
228
149
43
213
-203
-179
-6
139
241
0
51
-218
-71
34
69
50
-5
-71
-262
17
84
52
121
106
125
-310
-317
-6
-112
1
-56
247
-195
121
351
-122
20
-68
455
64
67
45
-226
52
-42
-141
267
-78
-124
88
-150
-161
-202
184
223
-65
74
162
-661
150
84
132
-7
-280
-215
-159
-153
-219
121
-169
-59
185
121
227
71
39
249
-110
-205
-150
-243
108
-62
-138
-241
61
260
96
112
151
-16
78
-270
-1
434
362
44
15
38
-110
20
13
60
232
-42
75
-14
-51
45
99
134
128
-98
-71
-182
-75
-8
-47
64
-214
-119
-61
268
131
36
-218
102
604
-30
-15
-336
252
121
100
-332
-184
-189
-169
19
-224
100
-106
136
224
-232
319
-167
184
-139
16
-22
148
191
-117
-150
-26
-8
100
-14
85
-33
141
-2
-62
171
4
184
98
52
32
19
-371
25
-43
-23
194
-191
-17
206
-110
102
-21
-72
17
-152
-28
170
77
-42
-65
71
29
210
-212
36
74
-57
125
-1
46
-207
221
50
-61
-133
45
316
-122
-25
113
221
-367
11
-92
246
-80
-225
39
90
-78
333
362
-60
170
-86
-180
-180
66
-184
-45
-24
244
150
-289
-202
178
222
138
-194
253
52
159
78
-16
228
28
174
5
102
-48
73
146
260
-70
152
-106
332
-127
-68
233
-96
254
-105
-165
22
-49
-25
211
63
-46
-54
62
-40
33
210
86
-254
116
-67
-18
-121
-185
118
-124
-56
-70
100
-132
64
-206
-1
219
139
137
283
-126
20
186
8
12
-167
-233
253
190
-16
16
40
173
13
-74
321
89
-72
37
-31
81
36
101
147
-294
-420
16
30
269
463
349
-260
133
69
173
-211
-181
-286
72
126
-59
222
-269
-69
-177
52
-116
67
11
-206
198
-11
110
9
184
145
-379
-33
257
-45
154
-99
15
-33
-11
-19
244
180
188
79
-3
-308
106
-136
74
-263
75
-124
-243
17
-193
179
-82
253
24
112
-145
-179
6
-50
-230
-92
-54
167
-146
1
-77
202
-211
152
-271
191
82
-203
-27
-19
-233
28
-22
45
-291
-214
-131
-169
224
-60
-77
-48
140
13
-310
180
-77
-45
205
190
-172
-142
76
-44
50
66
-250
-16
-27
206
-112
50
184
118
139
213
-197
-253
188
-88
-19
-11
41
-118
-298
-170
165
172
-263
234
200
8
-245
-20
37
-109
132
66
42
49
319
122
-273
110
-39
-260
98
-425
110
20
143
168
-39
-18
-175
259
100
-19
104
189
-157
-76
-76
64
-194
-85
-67
-74
-54
-249
10
339
84
-452
-14
-75
-216
-122
-190
120
292
-185
173
76
49
-114
-218
236
-42
-242
30
-152
-87
55
127
78
81
-33
153
132
252
-221
478
-196
69
-165
102
88
92
-23
-1
-208
151
48
98
66
170
-168
94
-4
-193
-292
-46
275
163
-21
-132
-22
-102
-84
-271
44
-381
126
-386
-206
-115
-317
-2
-234
95
77
50
-62
123
116
-27
-26
212
-68
-91
-66
-73
103
-97
-31
-41
67
7
314
-22
-211
55
162
128
53
-301
205
-82
36
-461
329
39
18
291
32
241
61
100
-168
466
39
93
128
66
200
10
-50
-271
162
88
17
25
9
135
-50
155
70
-170
-209
-208
37
-258
-70
-21
-154
-183
-282
-32
146
120
210
-35
242
-71
-152
117
-119
-14
143
-10
272
214
12
201
-162
198
-39
107
189
-263
70
239
137
107
-173
293
-176
-245
-148
227
-75
-115
238
-108
-40
-9
207
-220
-30
123
-321
104
48
23
-253
242
-111
104
-134
-18
125
-263
104
125
208
-199
11
-50
-289
170
148
101
107
51
207
-115
-162
316
70
-141
-21
-129
28
-48
-174
-249
-266
165
-82
178
6
120
68
148
-267
13
121
184
72
132
28
210
-309
304
28
-187
38
25
-74
-217
-288
-73
155
127
-88
57
-150
-259
422
-8
172
-260
44
21
105
124
46
121
26
-8
155
48
-139
129
200
-70
-205
-8
-199
488
72
-17
44
-164
-181
-219
-219
-100
-375
287
-20
47
119
-172
-47
144
-31
204
-60
46
-69
104
55
-186
15
-97
-43
-170
-188
-344
-121
-403
187
47
-108
431
26
102
198
91
194
0
-49
-119
-50
-84
287
88
-169
225
-241
-322
-3
35
-179
41
-19
-91
178
-272
398
-63
-151
-265
-90
100
-5
-208
130
-104
-171
131
-166
2
-46
-21
95
301
22
125
89
-275
-82
-142
-74
443
-335
182
326
-105
-184
-68
-16
-172
-12
-237
-40
59
57
136
-94
-343
-96
54
169
-275
-239
152
19
-238
-115
-274
39
-36
255
-211
-150
20
153
199
105
-10
-146
-27
-189
-150
94
-121
-33
386
25
-106
108
68
198
120
-71
168
-165
94
-38
-83
-90
251
254
-157
46
-166
-42
-132
132
191
178
-69
-46
145
-80
95
50
163
60
-124
268
-239
101
-58
-260
-190
146
326
195
-52
387
-124
-299
5
-112
-60
104
62
43
105
57
8
-227
4
-19
187
-252
-80
165
-237
118
203
-29
91
-33
-337
-97
-302
51
-194
120
-1
24
25
-65
174
89
-5
-137
-344
170
8
247
266
276
-182
230
-147
-102
12
-131
93
53
-235
25
116
2
77
-232
-37
164
270
21
12
-17
260
83
54
-93
-37
-186
188
8
8
23
31
91
-399
-48
156
-140
-360
-140
151
166
-205
308
195
108
129
16
-62
55
-119
-241
-182
30
79
250
-312
86
-176
-25
-131
176
-56
64
296
-19
-192
-26
330
49
197
-485
9
-49
-83
-14
-16
-341
-132
12
326
-68
127
-308
-139
-324
257
-10
269
130
205
129
-295
109
-105
2
-83
-84
104
107
339
-93
1
232
-190
-34
301
57
25
-186
-96
-295
45
-120
232
-127
-63
2
36
-244
-44
-195
203
-209
-272
184
-40
-192
-178
385
-93
135
251
-126
-180
-350
233
-35
55
31
56
86
117
-350
-170
152
-61
188
-215
50
-368
118
36
-130
243
-138
-109
-173
-118
-296
120
75
175
-73
-95
-33
-388
493
-35
-79
-26
-387
373
-140
224
-52
68
-184
78
284
-94
65
23
-94
12
-96
79
-87
-125
17
-33
-71
34
-46
-338
301
61
185
-350
166
44
-192
-107
193
14
-171
140
-126
202
-293
135
-147
-131
-104
148
-133
53
-173
111
-52
-82
79
65
165
174
4
120
254
1
27
65
219
-196
-262
-54
-443
-226
-142
202
394
62
265
-159
-349
-105
384
18
-149
-89
184
139
-262
56
66
174
128
135
-231
76
68
49
-79
109
285
-363
260
-138
-118
-16
-22
-136
-245
-159
-85
274
-49
129
-306
265
-37
76
249
-10
-106
17
7
-120
-163
-244
66
-295
21
-18
72
53
249
-200
-40
125
93
26
55
-117
-449
-56
217
-114
46
221
-57
-89
167
-266
34
54
203
-53
41
-143
89
-33
-106
-69
41
69
-59
37
71
-18
-76
-128
-21
-2
-66
-43
-175
22
62
-191
100
33
-78
221
113
73
-116
16
137
-54
54
45
-119
127
-48
-218
-166
68
-86
-27
-219
-28
66
234
-5
52
246
-258
-175
-195
-28
206
-47
-235
469
-30
181
-86
177
113
91
80
-140
-91
53
-114
-121
202
141
-150
43
-104
147
147
32
-114
-135
-24
-228
180
75
-162
-335
78
-185
-203
150
-35
-38
170
-22
0
33
-60
87
-113
210
238
252
-218
-9
-294
18
-29
-121
-6
-95
203
-52
318
253
-26
-463
311
-337
-6
-195
-276
4
117
-65
113
-30
-1
-389
-51
132
-152
-109
0
75
-194
211
-400
-58
175
-20
3
166
-37
65
216
-66
206
-285
-342
46
-70
202
-136
134
288
96
-21
-193
42
-25
-415
131
93
-264
52
-60
182
-91
-352
-228
285
-422
-90
162
266
-4
174
-114
421
-150
79
311
-226
61
61
-35
26
-56
-351
151
-268
-61
-75
-155
-254
-26
-27
16
-144
270
-87
-40
-80
171
439
-336
-77
21
-37
141
-202
-203
70
122
-227
74
332
-54
-60
247
-33
-120
-34
-254
226
-141
20
-28
144
-456
-217
51
129
-170
300
38
217
274
-28
-168
-374
-65
43
31
-40
163
-120
156
-136
-118
2
165
-34
-68
129
-61
-190
16
394
-143
38
46
-127
172
-155
185
287
-128
-3
-320
182
-284
397
-100
61
57
-364
306
94
-526
370
-74
43
80
161
-204
-81
227
-17
47
171
-225
-496
-117
72
-78
-139
-2
-51
-59
52
-58
4
48
69
-80
-248
234
353
223
36
186
-129
46
-93
153
184
106
-7
-32
-106
63
-127
-310
110
72
-42
-286
91
111
35
-160
399
116
121
-195
115
28
75
-395
100
17
-202
-233
-94
122
-223
-154
70
-31
0
-300
52
-178
73
-62
394
89
-191
164
-150
75
53
-306
-198
176
225
11
-365
47
-259
-86
-163
-396
34
-184
-94
33
-5
190
101
-50
-133
414
149
91
-108
113
-105
-104
-229
24
-200
-61
-205
-15
-227
-6
108
226
-209
161
151
111
-128
105
-90
367
-97
112
-171
258
-243
77
-326
139
-31
-158
-88
-98
-101
6
73
-117
157
-286
312
177
-375
172
98
101
-83
2
-231
329
-52
90
-261
-17
-208
-58
-38
-89
113
178
92
31
126
131
82
-236
45
-112
-33
-149
-89
-37
-303
-160
86
-218
-101
100
139
197
37
-148
-26
-78
-53
-136
149
165
52
-47
43
11
-263
135
-11
128
-329
100
-469
104
24
-135
265
23
46
-93
227
77
229
10
-285
15
69
219
-349
-4
15
-2
251
100
-31
-89
-175
-313
47
-124
37
216
-167
6
-60
-170
-101
317
191
-56
-43
148
-22
-242
-135
43
-19
-259
-214
134
99
38
-130
163
288
-391
219
348
-13
219
-198
-43
-93
201
96
20
127
-387
111
-51
-234
16
139
131
-151
-163
-152
76
-469
169
104
87
-317
13
-193
-13
3
-109
-60
-23
-73
-145
-64
-212
70
99
-21
199
-173
-89
-128
-67
-147
-250
224
-243
-36
-154
-157
116
-291
-22
-91
51
130
-135
-23
-220
-156
81
28
15
75
-149
-98
-30
-148
-13
-129
210
-343
359
157
102
-9
-184
91
232
-481
-249
-174
-150
-63
135
29
72
-139
-71
-31
-134
-188
-136
53
48
-98
-37
243
477
124
285
-55
207
-34
-182
-258
94
-65
130
-87
-64
-191
92
60
-217
-307
-168
132
-15
-75
-153
233
-127
21
-245
-261
-64
53
-325
359
253
-9
-131
316
-60
-168
-148
-131
135
-41
157
-331
-228
278
329
111
-30
-52
106
-93
182
43
381
-152
-245
-119
29
-114
-31
0
346
7
62
-131
132
48
-356
-322
-32
180
137
279
66
111
-252
-34
80
-58
-111
-251
435
110
193
-68
-306
-152
77
-76
29
-218
63
211
45
54
-75
-403
108
41
-16
82
-173
-88
-42
170
136
-81
-250
102
-276
59
-91
14
115
-48
-365
168
26
-58
470
68
-243
47
-26
-31
-16
251
-30
-214
-305
57
-125
-11
-102
-12
29
-62
213
-162
175
81
291
-231
-130
83
234
-114
-184
-44
-76
197
45
88
100
150
-59
-31
152
-83
-12
-41
-1
-204
4
232
-115
171
-67
-142
203
121
-359
-260
169
-57
-71
44
-45
33
-105
-158
-103
-8
125
-116
125
-567
243
54
90
-74
146
-38
-196
245
-19
-188
9
200
-153
109
103
-58
-106
97
168
17
7
342
161
51
46
-229
-158
114
353
-67
93
-205
-174
-204
320
-75
151
-41
206
-28
-391
86
172
-118
-345
329
121
-125
89
-50
-45
-148
-325
197
-291
-198
-478
115
-174
-98
365
282
261
310
-173
-9
-150
-112
189
-58
9
-145
34
139
-23
161
108
-16
-305
-363
54
-52
244
7
148
-44
101
110
-100
-299
-64
42
82
-30
125
248
140
-110
185
105
-52
89
107
97
-6
-165
123
-117
-252
-236
-83
-100
180
-73
-44
35
0
83
256
105
-63
2
-28
167
-45
-356
244
168
-11
-32
149
-255
-120
-125
-52
201
-18
-253
223
106
-156
-79
337
-296
297
-29
16
-98
-103
222
-41
173
-212
192
222
-102
-16
-320
-61
-69
91
-32
-175
166
-14
-70
48
-210
-379
59
-137
-151
-38
231
-265
293
-22
-225
-146
-82
222
-287
-95
32
68
-191
-169
101
-37
-140
-8
-57
193
58
109
-335
-163
-189
-150
-461
188
17
-120
64
120
257
39
120
117
-243
-174
91
22
74
16
77
-190
-12
173
80
112
-299
-15
179
77
-86
206
75
98
145
189
-245
31
116
-126
55
-95
-134
-320
-10
228
192
-293
36
-15
140
-194
-183
-222
-174
-58
-3
-92
-39
222
-113
-85
71
123
69
-65
-139
32
192
-109
-46
-54
-263
128
193
214
-218
94
206
-162
241
-105
-70
-341
-29
-82
-235
19
46
-103
217
-219
-182
-35
-125
72
349
69
-31
-214
139
18
20
155
114
-173
188
-2
87
-200
-19
-21
326
121
71
-126
-47
53
-192
-289
-12
-262
95
-29
-80
307
227
27
-113
128
39
-37
353
-156
-109
16
-185
-114
-109
-236
100
127
-259
25
71
49
-127
268
231
-148
176
-17
55
-244
-171
-276
209
0
193
-180
303
124
-190
127
64
-276
125
351
159
10
-15
376
64
26
-80
-103
-379
-159
186
-17
-242
126
157
36
20
-173
205
-78
-191
59
-20
356
99
-19
362
-159
-30
130
-425
171
58
12
-103
273
-264
187
-88
47
-222
-46
-96
-117
-207
-116
-21
193
48
-108
17
68
-221
-40
-109
-233
-162
-201
-30
-87
120
387
113
204
171
69
-161
203
30
38
49
93
140
226
22
-11
-7
216
-9
-54
179
225
66
57
-128
-204
-111
-182
-84
-321
107
36
227
134
-293
135
242
-58
249
-5
-92
-90
-95
-62
-298
-164
59
35
353
-51
166
285
-71
-16
-4
156
258
-60
-234
-9
-22
335
112
306
184
188
218
53
-5
229
-132
-99
-386
-62
-84
129
82
-359
247
109
-242
-71
194
83
150
-178
368
-57
-222
33
-93
95
-193
216
101
253
-105
-11
175
-99
-77
129
-94
222
150
-106
6
24
177
-45
33
51
-55
9
72
235
-109
53
59
-181
344
194
18
-97
-60
-152
294
-134
97
-266
-496
208
-137
117
215
97
137
-232
0
114
79
533
123
-175
51
107
228
-29
-268
25
-7
-81
126
-4
80
-9
-100
-264
131
-188
87
-66
-70
24
416
96
-237
-147
-215
29
98
-386
-3
115
27
-363
-162
10
-279
-20
-7
-266
337
210
-162
54
69
-278
-1
-207
-12
-131
123
-35
61
-4
164
-234
3
135
-186
-6
331
-143
85
-48
-39
-267
-182
-71
24
146
-182
-28
477
-80
83
-182
-100
-61
-25
-10
-68
-142
141
-92
34
-309
76
-14
156
107
-85
-342
220
261
85
67
135
-151
-14
-32
-366
-335
-34
56
-329
32
14
77
99
-236
-178
-219
-57
164
121
-90
333
290
-11
-133
140
167
-32
-292
313
-123
189
-283
164
106
-10
-119
109
-113
-259
7
-43
-465
83
-18
-275
268
-294
-217
-13
-73
315
125
-235
286
14
336
166
-155
162
-342
-223
32
62
205
-18
149
-310
182
367
234
15
12
107
-87
10
-59
-111
87
187
193
-186
20
219
105
-75
51
-24
-4
-69
61
-165
-248
289
-205
-260
19
-262
-200
23
112
147
32
-43
-180
82
111
324
129
23
47
-120
-194
253
-48
32
23
-262
-204
-12
-136
75
225
-223
8
265
-76
-73
117
-108
-128
94
86
65
-126
318
35
39
-260
92
147
-144
60
49
-183
-57
-132
210
144
16
-78
8
-16
187
-55
50
-164
66
-137
-120
-199
23
-35
-59
35
69
-27
-54
-78
296
87
249
15
11
150
120
143
11
-188
-434
-30
194
-329
-49
-40
81
-202
82
-216
-349
291
-361
122
-21
183
-109
-180
-142
-207
-81
117
-218
-21
25
-67
-39
34
-41
-219
155
72
168
192
-273
-149
-232
113
299
2
-114
199
-52
68
34
175
-144
-133
95
63
107
16
-66
-144
226
174
-31
176
56
191
100
-170
-79
7
-344
-293
-57
103
170
-75
127
6
247
97
59
-112
156
144
-205
170
-49
-85
11
-328
-436
87
-164
110
-155
-387
201
-51
21
17
248
162
-159
-173
-116
-119
86
48
-124
-247
-322
-91
91
-51
164
111
131
-100
186
126
152
174
66
155
124
63
251
-184
63
87
-422
193
-163
313
-54
-99
-16
-359
-75
-116
-192
-137
30
-104
-150
155
-242
-7
33
297
174
281
-56
-35
-249
129
-171
-198
17
-80
89
232
-332
230
-70
204
46
14
161
381
98
-157
-133
-137
88
-30
75
295
-179
-222
77
69
113
66
4
-137
93
92
30
-15
374
68
-209
126
-97
-257
-41
-136
60
319
-206
50
243
-279
37
-67
-271
-54
256
-98
-319
-274
-161
66
56
60
-69
113
-255
56
-42
28
101
-129
103
-70
40
264
274
-95
-6
-202
-360
49
-102
152
-200
-89
-90
237
187
27
433
73
114
-55
2
-207
33
-140
-49
-90
-54
-83
96
51
250
48
32
26
-94
26
-185
57
156
-367
164
105
119
36
306
-19
104
86
-23
53
-53
-122
8
-27
96
47
-214
139
13
-189
-161
-122
120
144
83
-45
-112
-198
-128
-14
23
-87
87
105
13
299
-496
29
280
-244
178
269
95
170
-98
-72
-25
-330
189
96
-107
-214
-174
84
-216
-36
-65
50
-89
172
-433
-165
-47
92
345
127
93
217
153
-160
53
181
416
93
25
-147
-154
239
66
-37
-74
310
-399
34
-288
26
-228
-129
34
62
-79
127
241
125
-210
92
271
68
256
51
-32
220
9
-207
91
-5
-329
62
55
251
286
91
59
177
231
-67
-112
13
101
-234
156
224
306
-142
1
30
67
263
-220
38
-20
-11
92
-201
-181
105
151
3
245
-148
217
-99
108
-158
-18
32
-61
-80
-72
24
117
-296
-452
-353
-63
25
116
-54
-162
61
25
-22
33
-190
66
-415
-61
-250
-140
289
-177
45
-143
-50
-93
-217
-12
183
113
-157
78
179
-103
519
257
74
122
75
79
-40
-141
49
-267
220
312
-180
73
87
-28
-140
-143
-80
60
221
-1
-67
26
293
-92
-191
84
-103
-165
-203
65
-28
66
196
-65
51
-369
-162
-266
113
222
69
67
-70
-56
-110
-40
161
215
47
-89
161
224
101
-120
-23
-150
-57
-49
-32
56
-100
-74
48
-158
-18
66
43
-273
99
68
-210
38
238
42
97
-15
191
2
-421
240
-329
198
80
-597
-181
-92
-292
8
-7
172
277
-12
-1
40
51
73
-189
-49
118
-37
103
-234
-222
-292
-80
-189
44
84
90
-79
116
25
-157
180
85
296
90
38
-352
407
-48
49
-233
-63
35
157
-88
96
-146
-111
-31
128
120
2
-266
-111
-153
356
79
-39
-173
99
41
81
-145
-60
14
-21
411
39
-276
-46
30
-165
-239
53
143
-57
-241
282
57
-108
-288
41
117
152
276
-430
45
124
-8
-71
87
-81
279
44
-103
184
149
137
55
-142
-99
113
169
98
-184
-271
-261
124
416
-199
-43
113
-344
-168
42
35
181
63
333
27
-78
-231
9
-189
-49
50
273
8
-165
142
-44
-314
300
-35
325
129
113
-49
229
257
-38
-290
-295
-41
4
-163
39
217
166
36
235
-48
132
249
-166
140
230
-188
237
-211
-28
-1
-243
-1
42
82
-95
246
265
49
-194
136
60
153
-21
222
-12
57
282
110
53
-123
-54
-75
-79
7
-3
198
29
-105
16
179
10
23
221
23
-13
-66
-113
-35
-146
54
171
-122
-259
72
-147
-1
-45
-38
155
66
-170
3
-22
258
-287
324
-132
59
73
190
-103
360
9
332
61
24
-244
-44
-275
55
409
15
-55
-61
-70
99
-63
-24
-26
-90
-331
87
182
-82
-121
-110
-37
2
126
-9
33
-10
-39
-63
-242
0
40
-278
-52
-34
-149
-112
-110
-283
-93
-105
246
-163
11
20
-247
56
155
-222
-59
55
-40
-95
-189
54
-25
24
103
-43
-122
-386
-87
-139
-38
150
-124
-46
-88
73
-65
5
170
110
-229
77
-22
51
-172
140
155
189
-187
213
-8
39
-99
21
343
-113
26
216
77
245
93
47
-270
-154
48
198
-118
-189
196
16
-71
331
13
-93
-185
-113
-1
157
64
-88
108
150
52
-162
172
-96
95
593
-225
-87
-73
5
224
83
297
-112
-334
-250
-280
-142
-127
158
-1
-226
-14
-286
-95
129
326
132
95
95
-218
50
69
23
145
71
-177
249
51
-61
-12
-65
115
-120
-106
-81
227
154
116
-318
53
142
101
163
54
6
142
33
485
138
158
-27
-2
253
292
-121
-98
-109
166
17
-129
164
-26
128
56
90
117
81
40
39
-226
171
-320
-239
-228
-64
160
143
44
235
-32
92
-226
19
130
290
-155
120
-208
-331
-181
-77
8
140
-11
171
224
-137
-189
-225
-93
-113
-60
111
136
-46
-222
-346
18
-142
-113
-98
114
125
-172
-81
-282
65
330
3
54
166
13
138
83
96
100
-220
-216
17
-138
100
-118
399
-17
71
-61
185
-283
38
-111
63
-16
-267
-16
22
-61
-82
-38
10
-239
-373
65
-342
-67
-304
-211
-252
328
-133
-136
240
-88
176
-69
-159
6
70
-134
-112
-331
-113
25
-81
158
134
108
-170
-113
-228
-49
32
126
-143
-22
134
139
198
15
290
84
156
12
-85
-161
82
-38
-315
68
142
146
-532
-1
46
34
-219
68
-186
-272
22
13
-251
25
-145
367
-3
-234
22
-31
180
-82
-38
108
65
114
53
195
-102
250
48
-33
-20
-133
183
-404
-256
-288
-207
7
144
89
110
34
50
-154
-108
-51
243
114
-70
-47
-226
-212
260
-87
116
192
-102
55
-155
57
-253
51
64
-306
184
119
11
-172
187
150
2
17
-170
-402
101
-71
189
-334
185
213
56
143
273
96
176
-227
112
-57
-39
145
205
-75
148
-120
189
220
-259
21
-147
118
260
4
-198
143
85
6
-216
-3
68
119
-47
191
-143
-36
-101
-279
17
59
269
-31
75
-29
133
-66
5
-7
-50
-65
-1
14
-60
11
-207
209
-136
35
-107
41
-229
39
235
12
-142
-243
53
-326
-15
-71
-222
247
-108
50
-156
-316
-127
-14
-149
102
-159
-223
8
-69
-222
-170
-291
167
-126
56
42
-168
-16
-76
66
197
243
-14
-85
38
-126
-393
-139
-161
-92
-201
9
-294
112
-2
-3
-19
-135
-61
-103
-328
289
-41
286
54
153
-10
-37
68
-162
130
-67
12
-35
-280
56
-246
172
243
-67
-175
-190
-162
90
-43
-194
181
-51
73
145
188
-122
-83
-15
21
102
-222
345
40
-63
-284
228
-104
-75
146
68
175
114
-15
433
122
-209
-164
80
40
-271
-11
-71
-121
212
-179
-4
-85
108
56
21
18
135
-171
-231
-254
-40
-297
91
49
122
74
-6
-107
-10
46
135
-29
-160
-56
-67
61
364
-256
5
251
116
-1
256
227
-41
10
69
155
213
-106
-207
156
154
-129
46
-121
164
-84
78
291
380
-51
248
-115
-330
133
-85
-165
73
52
276
-69
-140
-198
-64
-127
116
-233
235
-98
43
-386
-145
70
-197
99
48
-229
-26
239
-38
154
-106
-106
0
186
0
-34
-52
-116
-88
45
293
19
103
-20
196
144
122
-196
106
-75
255
80
176
-267
-73
-123
157
-92
-88
-106
-27
29
130
-313
-11
292
123
88
-133
163
-237
56
-41
-44
-139
153
-146
-37
-79
114
175
-74
-11
-11
-144
6
299
158
-249
-163
379
-148
212
196
-332
-148
-139
128
-20
-149
-148
-156
30
57
-91
-370
-268
-144
-21
85
-110
164
112
-154
215
51
46
85
76
225
357
24
25
-174
-32
-194
-22
139
185
196
-130
87
212
-445
-60
20
165
-55
-335
-176
227
227
-317
-358
120
-260
-12
-53
-278
-148
57
-126
352
53
-142
-110
83
-16
192
-189
187
-152
-236
-163
48
222
-240
25
-91
199
42
-74
21
270
294
-60
-36
83
147
-86
-256
-52
166
163
88
-8
38
-39
-71
25
193
-44
-50
19
31
-190
155
28
-40
-207
13
171
57
56
272
179
-40
-139
10
178
-65
391
99
-106
30
9
-139
5
226
-26
-17
-116
-309
-31
-43
-394
-3
-73
-132
-34
56
38
78
151
116
30
-251
297
74
-222
-219
18
-58
18
103
-75
459
-279
-38
143
-130
85
86
95
133
-88
-167
258
-84
-76
-149
126
154
-353
158
-206
-52
222
-152
105
110
100
-195
146
-190
43
-35
175
-172
228
115
102
-113
-189
-82
286
-42
128
220
-17
-185
-3
237
-20
-28
109
-119
-131
-274
-74
-120
164
-39
-272
266
137
-117
-188
48
-173
-94
120
-209
329
36
-120
-202
-174
-169
-113
165
-214
509
-186
127
31
12
-78
-105
393
-81
243
160
188
121
-173
-352
225
-76
-13
59
-45
-424
263
-95
-215
27
108
95
-78
-140
51
-2
377
59
210
-78
-265
-4
116
44
160
-286
4
134
-17
419
50
69
-59
395
23
-165
52
-107
-100
-231
-246
110
-46
263
173
8
-367
-100
176
-129
67
-12
-89
-88
-57
-102
-341
-53
-211
48
114
-216
178
172
-20
-18
-200
-320
143
-27
217
147
-91
29
72
179
-183
222
126
207
39
-13
-87
-85
-295
-63
-192
153
-168
250
-25
103
-76
-167
-19
160
-88
-243
46
339
-47
-147
-117
-105
-83
-9
3
300
-23
-109
206
98
-330
-127
74
84
257
-70
-122
-113
28
79
-388
-16
-39
-50
262
-132
133
57
278
-19
-75
-73
154
48
-71
218
-15
-235
26
110
144
367
30
26
-88
88
-226
-102
171
-93
455
269
4
-120
188
-21
-95
-125
-51
-79
-20
-92
-59
3
153
140
253
74
214
-298
4
-112
2
392
-104
-24
-232
-60
239
-109
-107
-67
-194
-239
199
-8
184
-25
-349
36
186
188
-136
-28
-24
-195
-110
52
-18
121
-43
-116
-91
139
-14
-64
80
-89
-10
5
-197
145
217
-34
-263
118
259
-306
170
311
27
112
-11
-33
-90
-71
435
-255
105
144
-166
220
-290
48
-173
-25
-143
255
145
-72
31
-83
204
-92
-47
-24
-270
-330
-1
320
-333
-169
35
23
202
-163
-263
328
32
17
-140
185
-44
135
-27
-143
15
-358
-321
-139
-83
252
-122
124
-145
84
6
21
-176
-95
-63
212
-350
-199
-304
552
-264
9
-369
131
-5
-146
102
-44
-146
310
-149
11
103
-198
-308
30
-103
-385
-126
-174
-100
100
-246
-411
-73
298
113
105
11
168
54
9
273
145
57
231
-91
234
-194
-219
-119
-235
-141
280
-14
26
27
29
-73
156
13
-192
109
71
-125
224
-109
-95
2
112
138
-193
54
-78
129
179
-186
-99
91
43
-27
-29
-351
-366
303
189
-256
-69
-391
-179
-85
-147
76
-238
-87
177
-102
44
128
-194
-91
-187
-106
5
52
263
6
-390
-134
119
385
-153
-272
114
79
65
9
-279
-160
32
-62
23
-184
10
-256
-179
58
-134
-409
-152
-160
139
-80
-137
-32
-5
160
-76
118
208
299
277
-216
69
-113
-173
-311
-52
228
111
115
45
-19
36
-40
187
152
-155
-199
-77
149
121
-43
-64
173
201
-132
97
-35
115
132
-36
73
-188
-84
-162
48
-163
-109
-223
44
144
-103
-187
-62
-38
127
3
175
-78
154
-89
56
-26
-294
-19
-70
-1
193
77
55
1
35
-65
213
-84
192
-78
91
-210
86
192
-219
163
-169
69
22
67
168
-248
-82
-182
-41
-173
173
-342
-54
41
23
-23
-19
104
-164
-157
-8
356
112
152
252
10
54
325
-127
35
1
394
44
157
-97
79
-13
1
101
-165
45
-119
266
-199
-142
100
-72
70
-97
132
-332
7
-285
-71
393
127
292
176
-42
88
197
-239
143
35
255
-3
-98
-122
104
78
-230
-132
95
-268
-218
-29
-173
-80
-118
96
-60
212
-113
-54
93
29
-340
123
37
40
-35
-188
23
198
-149
325
-54
-344
-103
-133
22
6
-110
-217
337
-161
147
-56
-216
253
-36
141
14
-360
-49
-35
161
95
76
-57
-634
-113
360
249
50
-169
-67
-112
-369
82
-52
-5
-68
-123
-75
-265
38
-332
450
-14
-92
158
2
203
-29
177
305
-72
-67
-129
-193
-208
-106
309
164
1
-29
-292
-262
-19
276
149
116
95
30
72
12
9
186
232
-115
-96
261
86
193
60
-8
36
44
24
-68
85
-16
39
-150
264
38
-41
-104
-96
-8
-218
-111
17
162
-130
119
74
-51
100
-39
-360
-124
95
-49
10
102
287
264
83
75
-80
279
127
-3
-193
163
-177
158
-55
177
-332
140
-127
63
4
-84
-103
134
206
398
134
300
32
374
-335
18
-168
25
-94
217
-83
29
116
118
102
-7
-73
-84
119
194
-127
54
215
-174
-114
195
137
-28
197
-156
34
148
-189
84
-169
-317
87
-631
-67
-127
-2
30
206
36
237
-37
-21
-16
153
14
56
-42
-1
213
240
-133
-316
215
169
228
26
13
102
21
140
-80
-62
-80
10
-102
67
339
-250
-7
84
180
-458
18
-7
-39
-307
-158
181
131
-118
-151
-70
-76
582
-96
-282
-74
131
-171
62
-151
-111
187
27
13
335
-44
110
-426
171
-49
18
72
-66
-98
228
177
-182
-125
42
83
-47
-6
166
-183
37
46
143
20
153
-27
-132
-163
-11
-103
-119
362
76
42
323
126
-93
88
43
211
-62
94
-447
158
-260
234
-190
104
93
-193
41
2
399
154
-110
-33
55
48
311
-146
-166
163
40
185
47
154
239
-177
30
-293
28
492
-342
-86
81
-119
70
-7
-14
-97
-194
-264
38
70
-16
-113
-183
-151
-32
-191
178
-103
-38
-23
12
-166
122
-15
112
77
-113
-236
-204
144
-264
-95
-39
95
272
24
-343
-33
19
-15
160
-324
175
-211
-68
-138
157
-150
209
-217
173
210
30
-158
-209
-86
152
160
-403
-106
-332
366
-51
60
-108
-14
68
99
-179
81
-324
-74
220
-78
-300
7
47
34
-70
172
55
-346
-56
191
22
80
10
233
131
-170
-426
113
213
88
-207
-147
53
-37
114
-44
-553
66
151
-29
92
46
-178
103
-32
33
339
-157
-25
114
128
171
40
156
177
173
-301
-94
-177
-174
-55
-159
-85
-73
143
144
239
-60
44
30
67
230
84
249
-8
-225
-275
-38
-117
214
131
120
-275
-24
-40
44
-146
-77
-33
48
-225
-209
-109
-186
66
-30
-263
-303
-364
-172
-29
-59
-169
151
-40
229
48
-145
-74
205
37
-28
-168
76
216
129
192
-148
-113
-42
-470
54
196
193
-348
-18
-298
-93
209
34
-163
-117
41
-59
-221
-24
-116
-11
-176
100
82
252
-152
-13
228
-62
-14
-173
131
-122
130
12
-158
-5
56
156
-241
-64
135
18
-159
184
299
-414
-55
193
-123
-26
-72
-48
97
-154
50
282
-65
-192
130
297
114
-74
-244
-420
-122
-253
-4
-202
-206
-293
117
-213
161
178
-15
63
24
42
-157
223
154
251
177
-151
-279
117
109
-25
-140
180
-80
-18
69
222
-186
-88
146
22
114
102
-133
69
-102
-155
13
-37
84
275
18
115
270
-10
202
-157
-30
-200
78
-96
62
-123
-116
10
-70
75
-209
121
-133
174
198
-58
39
-390
611
31
216
56
-233
150
-255
-318
216
25
-75
-168
-146
-247
-240
-267
-281
-179
-81
-22
408
70
-101
145
241
-44
104
-216
-8
-167
-242
-6
14
-68
54
75
-55
-25
128
89
34
-18
-163
19
-72
52
34
465
29
94
-136
224
33
259
117
-200
-56
195
198
-87
2
338
-176
115
50
-400
-165
146
-83
29
64
19
-27
-262
17
-6
31
-113
-27
15
253
-194
196
193
-281
193
207
27
46
-125
14
-241
-149
203
-214
464
-113
-128
-326
-70
50
-83
23
-22
23
4
291
-115
223
-232
238
34
114
-87
126
-43
246
107
-128
-1
-40
-142
-345
-39
-54
-3
-170
-53
67
-228
126
5
50
12
-214
-94
181
231
135
80
13
-106
11
11
-47
38
-288
-294
-23
-44
-112
57
-281
85
315
-136
42
-48
-46
-120
-211
-85
119
57
-62
-60
-274
127
1
13
168
61
-109
5
-265
-315
262
139
122
81
-230
59
-91
77
84
-49
-1
395
-312
-121
147
82
-68
57
-64
-228
65
31
22
172
41
192
-133
-16
-139
14
-75
-36
80
-214
-253
-19
189
15
221
138
-182
-59
-95
-184
-419
-52
160
-129
-235
-115
-4
29
1
-146
150
75
-35
-215
-104
-1
-15
262
25
-5
423
119
178
260
175
-291
21
192
25
-146
-25
-92
35
-74
-151
174
-18
-180
-2
-96
-55
36
169
7
-135
-130
-130
228
133
-30
-481
196
-111
21
-150
231
72
343
105
153
41
91
-164
-170
23
86
197
-186
-152
-225
-309
93
-38
-311
157
-154
-79
21
-166
57
-60
-117
-50
-33
188
195
-60
-186
279
55
-66
-63
-288
238
-401
-79
-316
-35
181
-87
13
367
-88
-58
-243
-120
13
-162
84
249
126
-121
-130
124
351
-126
200
-137
-215
-175
-130
173
-3
64
109
-59
243
-357
-374
-230
-241
204
264
-128
142
-64
-43
204
297
345
-58
-39
184
97
388
282
79
-240
127
114
-66
183
-50
-267
-6
198
-227
-172
309
334
75
-119
-46
7
287
120
18
-105
25
-463
-169
99
22
-96
305
-200
346
-204
-15
213
-33
-160
189
240
178
-134
-282
207
-121
139
-62
-183
-141
201
-249
123
-65
-168
-137
52
55
-97
-173
138
307
-214
95
120
-21
81
191
249
-47
20
-114
154
-58
-83
-91
22
-20
-56
-68
-50
369
207
162
-102
17
220
-189
100
-75
-264
70
67
-442
173
85
92
126
100
-168
-58
109
137
-285
-40
96
-20
233
99
206
59
276
-79
-131
-115
457
-9
-32
80
104
-40
31
376
-165
-281
132
-83
-205
-111
-63
-162
-2
-216
-36
313
-106
-439
61
-10
-103
-166
54
-43
-242
-42
175
-161
70
-6
14
-271
-107
-70
-22
-6
-191
76
-252
53
-182
-194
164
-48
-40
24
102
150
96
129
-348
171
112
74
74
-186
-275
77
-188
-50
-167
-32
-114
11
100
-63
-179
-23
191
193
47
-136
-22
41
-95
448
159
-368
226
240
164
84
128
-144
2
183
-209
-178
-156
-9
-327
78
105
-99
-65
-65
102
-33
105
145
-132
188
-136
90
180
353
139
219
100
-12
-86
162
245
384
-246
-105
-41
1
-268
37
467
-77
-443
97
-127
11
-127
-368
270
39
-240
128
167
-99
-134
-40
317
-55
238
-280
75
118
-43
163
56
174
18
81
76
89
268
82
-202
3
-247
-363
61
54
-63
-22
-178
108
-17
-58
-13
-222
-182
121
-52
211
24
-103
-82
-86
-205
258
529
-165
114
-143
-196
-40
154
154
120
100
125
-33
-208
-32
97
-126
20
-59
197
56
-72
285
-16
47
138
-58
65
-37
191
1
49
110
245
23
191
-236
175
-33
98
162
324
113
262
149
284
-275
-512
-64
-185
227
53
-41
468
228
-66
-134
415
-171
-58
152
-274
-7
-311
-230
278
-238
-352
378
206
-73
-87
-79
112
-179
-202
-34
-189
151
-73
4
71
107
76
-142
37
-207
-350
29
29
55
-77
-99
-212
140
-88
-53
259
52
-207
325
171
116
-121
-87
12
-39
-182
-76
92
11
104
356
-11
256
-251
-90
-125
-210
150
124
-104
-232
-196
-64
-39
-378
-23
-8
131
-171
-258
-337
40
136
-261
106
-70
375
217
127
21
-120
-198
-209
236
-19
-213
98
-264
243
133
18
-187
-149
140
148
-92
-120
-197
-98
21
48
-299
-153
172
-54
121
73
83
265
318
-9
7
2
-40
-3
214
99
-301
194
-411
285
-70
22
-228
-65
25
6
275
196
-200
76
-64
-204
81
-4
132
44
10
165
-198
-187
-129
-153
91
146
55
74
-106
-176
-180
-59
-85
4
-461
110
63
-98
77
-212
105
37
-124
35
267
-78
-15
351
-213
187
78
-286
-11
183
-3
-35
-245
69
-51
184
-67
-10
-304
355
-103
-133
-167
-166
31
93
-199
1
272
80
-29
-152
-66
-94
219
51
165
218
-71
112
208
43
140
71
-133
182
180
-230
-227
266
64
127
-63
-297
148
8
-219
136
158
-81
25
84
263
-10
-13
-184
175
-7
-57
246
-75
46
19
61
-231
412
-130
41
232
-113
6
261
-5
182
-37
-250
-209
-44
27
-19
-52
80
48
122
321
161
-79
67
-111
135
160
-62
-105
-75
122
-6
217
-100
-142
403
189
-60
-168
177
-129
-352
-99
50
-198
-307
315
276
-81
-233
-196
-171
210
-256
107
-254
346
-15
0
172
-238
-57
-153
-29
21
487
86
-269
67
-120
29
-232
9
124
17
174
138
129
-105
-171
140
302
-86
239
-229
140
78
318
32
-226
-331
422
135
-66
-254
-2
119
-130
23
-153
217
94
83
198
69
216
15
-81
55
378
-15
103
-293
94
167
-125
-86
157
-379
200
-96
76
77
39
-327
-77
237
-116
-15
-215
-121
125
54
-240
149
-146
126
293
-220
118
-230
-43
107
-199
263
-54
-201
-103
42
-225
-161
-80
86
335
-16
-303
-42
10
-255
22
-18
28
113
-166
186
168
-63
202
158
-125
-412
-152
143
-167
-23
131
60
135
-188
146
290
61
-153
146
-191
-45
-106
333
59
68
-152
-21
-59
-31
-62
19
74
-22
105
-253
35
-196
262
-441
140
-339
-139
-291
-292
244
61
37
-53
314
53
31
-167
-283
16
-24
74
-95
-54
-37
-11
193
29
205
-276
35
-26
-156
76
-222
-43
-164
152
74
257
204
-151
107
70
17
99
191
-97
299
-48
-510
-170
94
-164
125
-172
260
322
231
-7
-216
-2
-127
-32
-50
-88
-256
205
103
130
150
-111
-188
36
38
188
28
-101
26
84
-49
140
120
-145
338
73
62
-4
177
94
-51
153
260
-43
-161
-64
191
-289
-116
54
219
-252
-145
105
11
-124
-77
205
-139
180
-146
84
-117
-283
128
-45
214
162
-195
57
202
240
-277
117
-323
210
-11
7
34
163
219
200
96
-186
-148
82
185
200
-71
81
-48
13
42
116
45
-7
250
270
-83
179
106
151
-34
-189
-385
-7
104
-245
-123
-153
333
-81
55
-162
-437
238
110
-218
-43
45
39
-120
159
-114
59
148
-30
80
261
-224
-175
59
318
17
260
-97
114
-261
-224
40
-125
-17
-67
-84
72
-226
-143
117
-51
241
-34
-65
-133
-259
58
230
-227
8
274
284
388
118
-278
-74
59
-41
102
-304
41
26
89
213
60
27
-132
-40
-348
102
-89
-102
181
-20
192
60
135
-208
-72
-202
-160
168
244
291
215
-46
172
-19
52
27
77
-274
-175
40
-135
-248
129
-141
-43
-172
61
87
266
69
171
-84
162
-95
-144
-153
283
58
71
51
-72
-94
-229
-237
268
110
264
126
-234
164
103
66
-47
-380
-103
-67
54
-28
-235
-222
-86
92
-182
58
-130
70
79
-114
-82
-1
-312
-111
14
-112
171
-15
59
485
-76
266
-132
-33
-87
-117
18
-68
-91
31
-25
96
11
30
101
116
51
-207
290
20
167
219
142
-305
19
-17
259
-13
-216
-138
49
-3
-98
-40
-35
-28
278
-97
44
-167
276
-343
-204
-433
-210
126
228
11
160
123
-311
183
-14
-93
211
281
142
-249
5
-138
233
119
-52
-373
1
122
156
58
41
-309
311
-196
-155
97
-310
-156
-263
47
-342
-172
-94
67
189
-206
105
91
-137
62
-29
172
-140
104
-63
-10
437
33
-49
-32
117
93
-18
-160
100
62
-7
-63
76
114
-136
-43
-7
-109
-202
34
-204
-133
-147
290
-16
-35
37
-31
24
123
-281
-18
71
146
-161
-164
159
64
-265
-165
-84
-302
26
-135
-237
-57
-183
-280
42
-95
80
148
-7
58
-60
-499
172
-93
199
-215
-100
-95
-193
22
258
-267
62
-107
-198
-175
268
-34
-218
58
-118
98
-136
-23
42
223
-16
84
354
79
356
89
147
159
582
121
139
-146
-8
-273
7
-113
-49
-124
-77
-351
157
145
-111
-187
65
17
198
-72
63
-67
155
-8
56
43
234
-213
-161
636
-452
-70
15
174
33
312
-206
291
-63
-72
54
215
-69
-92
228
-130
-94
-17
145
467
-182
-425
113
175
290
167
-27
192
190
-292
29
-67
-159
142
-68
52
271
15
-200
-73
52
189
123
-220
-266
-74
-218
-68
-36
-70
-139
-318
286
21
94
208
167
-18
-66
4
-278
315
224
-2
119
-112
17
339
215
480
18
-3
-382
35
-58
358
-40
-43
37
18
136
218
-6
-29
-250
-49
-98
-70
290
57
44
-14
-273
-18
407
-3
-88
48
-177
-262
-287
-100
-107
129
-111
127
110
-238
-45
49
-262
-117
-152
-21
-215
157
170
243
127
-14
-113
54
213
-247
-145
-150
-195
324
183
-374
-250
-25
22
-119
280
-240
-224
51
21
30
-202
-123
-242
290
221
-43
-286
-75
-128
-46
-253
266
-168
217
48
189
156
-33
-200
51
-5
218
62
68
37
131
-123
-73
-91
165
161
104
140
140
-9
-16
-106
81
57
-96
202
328
158
-60
11
-17
124
-91
-356
-153
-63
17
82
-142
-236
-155
20
-124
-132
234
-277
49
-193
251
109
-222
-2
131
190
-88
-11
244
244
-162
-132
308
-69
243
148
113
41
-114
154
28
-51
118
-137
104
87
-9
-152
-120
712
-149
368
224
-213
-267
-140
138
161
-27
241
-43
-291
-26
-140
310
-74
-37
-34
256
-215
-165
-202
26
325
-108
44
28
5
-88
-175
89
-36
133
-114
38
-399
-254
130
-15
-98
-348
97
148
-220
-140
-119
-160
-87
-98
-13
487
323
-127
43
41
238
47
-244
52
-9
57
-49
-29
-30
307
91
-156
-422
-55
-235
131
178
136
82
-93
210
-24
80
43
211
-159
260
-91
-243
-61
-5
-161
189
-15
-2
-340
-54
-58
-242
-143
97
99
-205
-61
52
150
29
-191
-187
-153
-191
-59
74
-175
-213
-117
-75
-118
-29
-135
-124
-144
9
266
135
-268
95
243
-62
-80
7
-92
-183
50
204
-118
254
-60
-69
-232
175
101
-48
288
-110
-287
222
-135
43
178
-150
-19
-353
287
-197
-125
-122
307
-4
-151
-180
-46
-31
-206
-25
-379
465
-130
132
-105
-8
-84
-166
143
-346
-86
318
171
-398
-221
-21
-57
133
251
-99
523
33
-122
-70
155
-237
97
-137
42
-575
-220
-15
-118
2
-200
42
-79
-9
-85
-138
79
106
-78
-46
184
131
48
124
96
-88
111
35
-42
-525
26
-21
103
303
160
299
221
50
203
-119
97
-247
-54
72
362
-407
289
-35
-210
263
-159
-86
-261
7
132
54
-98
100
-236
-16
-50
62
5
-131
168
-160
-41
-244
-36
152
260
20
129
75
-139
93
281
-89
223
-129
164
394
-42
-158
220
54
-184
54
-354
209
406
-34
5
-150
129
-131
-160
-5
-65
-298
-230
23
110
-303
212
-277
135
-17
179
103
-273
-144
21
264
125
156
-274
181
-64
-121
-82
-63
181
-181
-76
6
258
102
88
28
-145
-27
-234
-130
-9
58
75
-62
-229
-62
115
-178
-64
116
109
323
-319
397
8
33
132
163
-61
-22
292
94
136
-167
215
-211
170
126
-158
-51
-79
117
-182
-3
-245
346
-8
-28
-45
11
125
54
102
114
-62
-12
46
-151
-127
-91
33
-201
175
-92
243
-65
209
-138
2
132
-18
-77
146
-224
31
-227
-177
-55
369
14
-98
-157
-199
-279
252
49
-152
-265
273
-107
-299
65
-236
-72
8
36
38
117
35
-120
320
79
-454
-27
-60
25
123
-164
-69
-54
38
37
-1
170
-19
13
445
-37
-22
73
-47
119
203
-219
-9
65
-394
-44
479
175
-216
-38
122
-4
-130
212
106
194
145
-33
76
317
-54
61
228
-477
165
-240
-207
-411
104
198
-196
376
-53
-64
211
-16
66
21
-143
113
-234
-362
59
-44
66
22
285
-90
-133
293
-213
-167
-278
-121
35
197
77
-11
-20
-40
90
234
-271
502
-64
-147
72
-120
113
92
108
-336
-69
70
147
137
-158
36
-237
374
-32
-137
-49
-127
-256
18
-329
159
27
102
-50
403
190
72
189
14
311
15
-14
-272
218
111
-129
140
166
72
-327
463
-233
-115
-143
251
60
77
-254
36
104
196
-117
-53
-136
112
-30
46
-30
-104
2
147
-240
96
-92
-333
-128
-46
-460
110
-183
-26
0
-17
167
-174
-9
-3
203
-81
416
62
359
24
140
-272
180
-285
-49
-137
-103
-28
379
283
-7
162
142
-191
-124
-251
-12
15
-264
-10
-160
-147
-197
35
-141
8
-116
262
50
-4
-314
-262
-414
237
72
-25
-162
220
-3
-245
61
-29
-75
73
331
-242
234
155
-89
38
23
11
258
-70
-345
401
-27
46
-115
-47
-43
-234
-148
38
-11
26
-215
-92
-92
-40
73
-75
-254
-127
-91
-74
386
-133
197
-67
-94
-134
-209
-112
-194
-406
128
242
-117
95
-11
308
210
-7
233
-536
51
251
-114
-50
27
49
-137
-16
-157
-14
-404
170
43
-399
-47
-186
292
-101
-51
-20
29
-186
23
228
-219
18
-2
127
-7
-124
-23
-89
-235
-137
-41
-81
-104
-166
-191
66
-68
132
-212
-188
150
-282
-43
-113
21
-290
38
3
344
-444
-34
-207
37
-4
90
148
-241
68
-65
-38
-47
-691
123
-85
-268
117
170
572
-93
-139
158
-120
-166
12
-108
-65
-151
-372
-184
-228
138
364
-293
-187
249
25
213
-44
78
154
52
-180
-215
27
87
136
74
-112
-113
117
291
-135
-8
157
26
95
222
-91
-149
-90
-220
190
-52
35
-1
-193
-11
198
160
-135
154
-317
408
53
-71
-21
-141
-180
127
216
-127
88
83
211
79
-177
-167
112
183
93
65
-43
-101
-232
33
62
10
-46
19
310
63
43
-43
82
-5
-55
-54
-75
-65
27
19
178
-196
20
97
-111
-165
-81
-119
-142
70
-100
-24
-138
-221
56
-220
-238
59
169
-95
-110
-268
-136
125
-205
84
-205
-190
-111
-15
175
194
142
68
-211
-69
237
-137
-64
-178
112
-28
30
119
50
490
-205
213
243
62
-65
207
-48
263
-206
-142
79
120
107
-7
-111
-75
-168
27
-28
-241
-68
74
520
-84
109
157
-23
-15
121
65
-65
-26
-140
-208
77
-75
9
-145
-207
-64
173
27
339
-64
-70
177
30
-99
-362
-72
-57
102
200
30
-25
-12
18
-26
20
-51
-18
-280
-235
-144
94
-5
-196
121
224
-294
-116
259
-95
-127
236
146
-222
-466
-80
329
-74
-118
121
179
0
-106
-151
231
-128
-351
-44
52
-166
129
-47
-6
-58
146
-5
197
257
-36
7
-109
29
106
5
-152
172
105
238
-201
-151
52
-2
-267
285
-19
150
41
133
66
158
-127
97
-206
-80
-9
-92
219
290
4
24
-129
-21
-143
173
71
79
186
-30
29
-245
-141
73
68
-168
-246
-171
75
73
-64
308
-51
150
-45
-84
-336
210
85
-199
-169
57
-126
-94
-207
-64
-150
39
29
-104
-203
197
28
109
-150
-14
84
-242
-350
-167
182
131
-223
-13
140
393
28
158
102
212
4
-61
223
125
-92
137
85
216
50
1
-161
155
258
91
278
199
31
-279
-69
-208
-207
78
320
54
-21
80
245
-111
33
-79
-187
-77
99
26
-103
16
31
-217
17
-53
-8
81
49
17
114
83
-94
-15
5
27
-69
146
-72
109
117
-144
264
-110
44
-24
181
44
-269
-147
-228
41
136
-50
36
194
185
-203
22
135
-59
-84
15
-94
-131
-138
-8
-39
-333
-59
-247
-232
-224
-48
-32
119
13
-211
-189
-309
85
70
147
-37
8
308
139
-96
4
53
296
-49
-80
-114
-122
157
-116
-256
-70
-263
