37 97 576
0 13
0 14
1 7
1 27
1 32
2 4
2 35
2 36
3 26
3 35
4 11
4 23
5 13
5 19
5 31
6 11
6 12
7 2
7 22
8 10
9 3
9 16
9 27
10 24
10 32
11 6
11 10
11 24
11 29
12 5
12 23
12 25
12 26
12 33
13 8
13 26
15 11
15 20
15 21
15 30
15 36
16 3
16 13
16 25
17 5
17 33
18 0
18 10
18 16
18 18
18 26
19 4
19 8
19 31
20 5
20 10
20 21
20 24
21 16
21 35
22 4
22 5
22 28
23 25
23 29
24 4
24 24
24 36
25 30
26 1
26 15
26 16
26 28
27 4
27 17
28 20
28 34
28 35
29 21
29 34
30 29
30 30
31 11
32 5
32 20
33 21
33 32
34 19
34 35
34 36
35 3
35 8
35 22
35 23
36 5
36 11
36 16
63
95
73
80
61
28
89
85
9
81
79
93
57
67
14
7
56
66
29
36
50
72
30
15
58
83
13
49
8
19
3
45
54
76
2
16
27
53
26
65
43
77
96
1
74
52
51
25
62
5
55
42
22
84
10
87
88
47
11
40
94
35
69
70
23
44
39
48
86
71
82
60
38
46
6
37
20
59
34
92
32
18
17
21
4
91
33
78
68
0
64
75
12
31
41
90
24
403
-168
-1057
591
-742
174
-74
-844
-590
-512
-320
1089
-1014
-686
612
-205
180
-76
249
-745
1262
282
-353
97
-77
-295
-300
371
245
651
730
735
23
317
-33
484
64
727
564
-235
-36
178
-131
-332
-187
490
375
704
652
-86
-686
-206
773
423
85
797
-378
86
-370
425
-360
461
-341
125
1112
-478
-388
-745
414
-130
-1329
794
169
-180
1030
337
-154
-32
325
610
295
290
-6
248
-384
-401
31
12
662
423
1257
442
-755
73
-139
-641
-582
-646
553
539
45
176
-1367
-764
0
-743
-796
-363
543
668
-568
-892
-103
-408
-363
16
343
936
-275
759
-400
-607
925
-57
84
409
-388
1196
-811
285
-853
228
-760
-566
-596
822
735
-59
83
717
-572
-504
-362
959
124
-236
-322
724
-522
-833
-71
1547
57
518
467
-220
941
1747
916
311
496
-278
465
-789
143
302
466
705
-921
-692
595
-2
-705
478
-1149
313
62
-280
-44
-728
1077
486
645
503
-137
-654
808
-153
-118
-490
-130
258
263
128
-690
833
-718
-291
-1059
463
-150
-608
-486
-353
506
-417
623
-412
352
209
-202
-140
-286
-263
406
-434
-725
-255
-817
-699
261
125
-408
-60
-109
787
-147
1010
353
29
136
73
-746
764
-865
-815
-111
629
51
-292
-273
-595
432
-13
-471
814
1225
685
886
-1004
455
-427
978
1105
80
105
-200
-688
670
-151
1043
321
278
133
-219
-758
704
123
239
53
715
-305
-548
-278
-475
-78
-212
113
1150
463
269
-500
-1060
713
337
-439
106
1095
389
93
-1160
1115
101
67
39
64
581
37
656
-291
127
-343
70
361
-999
-51
735
1005
-149
-600
144
435
33
-225
670
578
-261
-444
-755
-271
2
-1021
-1379
-563
83
26
263
278
-211
-45
56
-793
-229
99
-155
348
39
875
285
-199
-119
645
142
1426
492
236
388
771
-103
18
586
-200
-778
-259
-27
-148
528
146
-377
-815
-973
-319
1593
-158
256
-806
562
22
401
148
538
-445
307
-454
1076
287
432
322
186
-1275
548
322
-546
-111
-297
-150
-625
520
-202
-272
-112
101
508
-588
433
288
-1659
-82
-1079
132
-71
-894
335
381
393
88
-1435
-854
-51
179
19
-147
-165
-230
-413
-640
-1052
318
-45
886
-243
451
163
770
-488
681
-1471
-989
-717
34
-65
28
-533
-325
578
445
242
219
-83
-476
-82
-101
122
-16
335
-409
64
-945
453
-555
359
779
750
29
-763
-102
233
-680
206
-1270
524
-481
-241
67
-956
-263
242
848
348
-795
-438
-315
-97
1081
-487
1066
580
100
10
-1071
22
258
-17
188
669
-1278
-112
-523
15
429
-515
-291
422
-3
-138
-201
-581
-327
-193
918
-721
649
580
-20
-543
243
335
-450
744
148
624
-571
840
550
924
-311
131
-597
133
-801
-354
179
11
-27
235
375
-1429
-94
665
113
1128
-534
434
-232
212
143
-389
-642
-517
-219
106
-136
137
-384
-479
70
-666
4
217
-12
249
208
537
460
-53
-594
503
555
303
99
200
-765
171
-171
-317
454
-450
-173
-612
577
-149
-109
-1427
-1
-141
1203
-590
313
472
-733
1155
106
-146
-303
28
-325
-1725
-240
-120
394
-585
-1264
866
-238
-235
478
22
254
91
-742
-144
304
-760
-200
-118
455
7
597
163
-233
282
-783
-503
-146
-383
658
544
-515
-285
-482
-717
414
-83
230
194
88
-48
308
552
824
1157
-122
61
-187
109
257
659
565
335
-318
885
-388
-482
-171
1081
-307
-674
-221
274
243
74
13
390
-919
6
975
84
693
340
1114
375
-714
-1136
588
390
470
-154
-215
-409
330
-540
1256
-136
26
259
361
-642
-1107
660
846
-432
246
264
554
-817
489
-10
167
8
297
542
764
719
1169
1112
236
165
359
-428
-111
-67
817
70
188
295
675
795
251
191
-330
-306
710
-533
58
488
34
-118
-846
434
223
-3
-180
150
-6
-104
92
63
589
283
-173
762
12
-582
-851
342
-1099
181
143
-377
-58
-254
-792
-17
-254
723
63
-470
-405
-62
-779
1365
-73
-114
482
496
-372
-874
-181
441
87
-176
471
-624
635
-1565
987
-421
192
-342
677
-206
-276
-503
552
29
-138
-522
1023
915
305
251
-404
985
-246
-521
-691
190
-976
317
-167
-1221
-178
-952
472
-573
-166
-828
241
236
-142
-1168
-91
14
-159
-816
316
-477
-844
397
-468
241
477
273
-189
-281
548
195
360
212
37
-64
-47
129
-101
-457
508
-820
-522
507
81
341
-395
886
-608
-652
663
78
-259
-34
-482
-347
-291
-648
-1272
136
136
-296
-439
641
-193
1252
-833
-642
-670
-762
-166
135
326
463
-505
831
-1106
-147
451
-455
590
-311
-525
647
422
415
167
198
681
408
-251
287
-595
277
-332
122
-280
12
720
-132
700
117
-211
-540
-487
-473
-161
-311
-23
-472
1000
-894
201
628
270
-306
-200
910
429
-1567
35
-865
-106
1633
-49
584
-119
268
-596
809
-196
-451
-369
885
-376
284
781
748
251
754
772
166
-121
-29
-26
772
-94
847
1182
311
218
251
247
729
-179
932
-121
704
-155
-694
828
-270
-497
-414
-253
81
-528
-346
-44
432
990
210
-1368
-479
-110
922
-45
735
-1226
-182
-362
-608
-1
-632
556
1019
480
390
-73
501
-1010
-171
480
-652
386
569
359
-73
489
34
302
1371
-154
-503
-137
251
-669
-1149
568
-573
-402
874
241
-80
-85
58
-485
-700
93
-267
184
-1576
499
-302
-180
-839
82
-251
14
256
1051
122
900
-273
28
1089
1256
-44
610
863
463
206
544
-510
-412
-85
-855
-121
217
-508
-349
245
-254
606
-521
-240
-472
-1714
1664
-874
809
197
134
-514
278
82
802
205
-310
810
326
-670
847
173
-451
589
-673
11
-217
161
601
-474
-443
-48
548
-445
481
87
-1179
-847
-128
-549
-1000
-7
557
-537
-199
99
332
-171
-902
-234
45
-133
-1549
580
308
164
177
-48
735
292
366
851
544
130
389
265
-67
-714
-138
-236
765
752
-539
-171
198
264
603
-36
-224
-1224
-213
-386
77
331
56
-768
-948
16
-1085
-716
-416
-637
137
636
163
369
-294
-671
711
-138
-842
288
755
-49
-1283
1091
1331
-71
-45
-517
-467
-743
-890
1450
201
-1782
295
153
-123
-160
-118
981
269
-1417
1243
-253
1239
869
530
293
-623
-1317
362
662
915
-176
-603
773
373
-219
-1111
157
611
-128
-462
-739
260
446
298
-984
856
480
771
223
-211
-5
62
822
9
160
367
401
-516
209
-157
153
421
-918
597
1097
353
-57
-412
1087
862
-229
-351
-1010
-383
-57
-333
20
0
448
-66
-480
1081
93
125
777
107
-82
-643
909
-160
83
-468
-419
392
-44
1375
-451
518
115
756
595
130
-48
-231
-77
-1028
1568
958
-121
1190
602
-317
-300
-312
0
-391
628
-372
-1099
418
-329
-7
-540
-12
807
-904
245
-276
-162
116
86
145
-221
666
6
-825
539
-1078
-489
55
887
603
905
159
462
-1814
402
23
634
-183
315
262
906
734
635
629
-269
-233
254
167
-240
-554
-1025
656
52
-463
928
-540
252
283
-539
74
-79
95
-259
896
-338
21
-308
-100
467
-103
408
-53
-1194
-876
81
557
775
-196
-1024
55
-580
-415
-165
227
424
760
-42
-1498
-993
-337
249
184
477
160
-79
-715
389
-147
344
-876
-1525
424
898
151
-485
-653
364
129
75
183
-618
155
523
-186
830
483
418
660
-98
-425
-195
-715
-174
90
996
201
-135
-178
-165
340
-338
99
-1096
-81
150
202
904
431
-949
251
-542
403
-104
-183
560
183
-28
137
-552
-359
114
-436
522
-504
-125
-149
-308
958
1035
-406
-242
1202
-460
-483
-91
-591
-123
-620
610
90
708
-439
841
-17
289
357
80
-261
484
-1128
529
470
351
-687
2
178
-422
-682
-5
-89
-286
-311
-635
705
-1034
499
535
-520
281
-215
-422
-517
730
-204
553
78
139
-136
206
235
452
831
-37
10
-41
83
-745
-648
-51
937
604
879
-195
-256
-9
52
198
330
-173
-149
-387
-167
175
14
-432
590
547
1049
767
-81
353
-558
-1040
-356
82
-316
-831
159
1200
687
-144
-545
-91
-729
693
111
156
819
323
73
4
-257
-459
-62
52
-77
46
491
787
1306
721
563
-802
-877
963
-540
-236
-479
-288
-240
-365
1451
-111
-346
430
-388
-503
-113
-524
190
677
-137
-784
-659
-358
950
695
-768
-182
-440
-607
151
-906
-430
-324
-78
-214
700
-284
628
-342
-680
-1459
-382
74
1202
122
459
-66
731
-719
-187
9
-574
-34
14
-74
788
542
-390
150
-690
245
-768
833
1148
-634
453
77
727
-728
-1238
-150
-312
773
437
412
-222
1139
-934
-225
147
-58
-143
196
-482
686
178
-207
620
-772
228
-620
376
108
-82
-287
168
858
-776
-510
693
673
341
-282
-103
769
105
469
-369
184
-328
-411
303
505
-159
430
188
-359
-42
-828
-425
-331
-1521
-869
238
-732
217
-531
-49
-20
195
-41
-546
248
-164
-669
563
548
782
-383
795
928
-226
777
-313
304
-595
250
-471
-226
4
-1300
711
3
514
1063
-73
539
530
-253
-1493
-642
63
891
-266
-343
-25
-748
189
324
732
761
721
392
412
-780
-742
927
540
310
-1495
714
305
76
-1355
77
-356
-206
-19
-62
756
-6
-379
206
102
-1017
-560
102
-968
-115
-617
-477
-634
389
492
-416
-383
-431
-204
-15
146
311
287
376
-26
-449
165
85
-695
385
-881
951
-993
249
413
318
-167
-16
-568
398
154
-288
1001
-527
63
129
423
-409
-49
377
596
-629
491
-285
507
-171
600
-250
-408
-42
-99
130
-24
172
208
-457
734
-841
-84
499
827
-418
272
-707
727
-245
1019
1303
356
672
166
-100
-559
-182
32
955
-729
75
225
-439
445
-353
145
499
-1308
-1028
783
-297
-166
-5
-1592
39
829
-1251
147
-189
-223
165
-245
736
511
412
823
-1077
-165
-610
240
607
1428
-327
117
-60
-410
27
191
378
260
-165
423
-818
-459
-307
-102
-675
-384
-268
-379
-349
191
259
-963
288
-281
-340
350
767
526
1399
-470
-400
-7
-279
537
-167
156
390
-624
-316
1417
139
44
-267
-542
-119
-219
-220
984
-442
643
-536
-279
430
375
-32
-799
342
112
-166
569
-167
-591
242
-146
-242
-22
151
661
916
103
-1763
3
-233
539
-805
-50
-440
76
38
-206
522
-393
-637
-487
636
-776
48
608
-573
-219
587
1030
463
263
-1939
-707
566
-1854
-39
231
-427
410
-58
946
349
118
-79
-115
690
-692
914
-21
-654
1635
-934
-572
599
69
45
-559
-489
-73
-260
377
-239
741
362
-812
-444
653
334
579
-375
376
1096
840
13
-207
-1112
-112
-568
-41
422
29
473
158
125
819
287
1805
-579
97
-536
-95
-1458
-701
-274
80
162
-740
322
410
-596
613
457
734
-1145
-5
221
-494
-204
-894
-621
210
-365
882
-1159
272
-787
97
-448
372
74
372
123
1080
131
30
477
-683
-41
577
-121
-221
380
293
581
-222
-56
140
266
1070
758
-17
-121
-259
-180
-436
26
405
145
-843
432
452
-665
634
168
-151
-419
210
-27
127
-14
-47
1316
-187
186
604
111
37
-418
-599
-276
-949
-1395
-977
-581
272
-319
-447
235
-37
226
-959
-186
-305
159
563
100
517
363
-569
1022
440
-430
-158
-504
-395
214
-52
-1107
-1279
-57
-125
632
198
-221
-19
-144
814
-24
-913
1095
-318
90
301
175
591
24
29
-91
147
296
-278
-511
1081
-320
-25
484
-406
951
-435
-958
-263
897
-1093
210
-478
114
1028
-113
-271
620
-1077
-500
-540
-645
499
92
1364
425
611
-517
564
-136
396
-1532
909
-114
-122
1094
-256
334
6
-230
407
-785
-453
-267
-347
-339
-816
689
330
807
584
504
-339
-139
-6
-480
617
-471
-278
-218
-451
1068
550
163
34
-804
-139
425
1039
965
-513
1041
-345
410
411
100
-495
-127
605
440
603
-266
-617
742
449
-172
-1075
-260
216
-696
-172
395
-144
-213
-61
124
-20
411
-260
-644
602
530
-501
1413
-81
1059
310
102
-30
1912
-116
202
-598
-209
-156
-943
-650
-163
-100
579
-392
-80
244
-374
-150
-404
-319
379
-602
-908
196
-213
-215
119
-476
341
-8
-61
628
387
-86
-2164
-473
135
121
-62
463
330
339
40
756
-1209
613
-770
388
-857
-1093
-490
83
386
725
-184
578
404
-381
-1397
19
-779
-755
127
1143
-91
-623
308
358
-142
283
478
185
-290
-383
472
-167
369
-404
-887
203
-254
-150
1000
1037
-741
-1462
87
180
-489
-336
262
-438
-934
-493
-525
169
488
-440
645
-489
-622
-855
52
150
-829
971
31
-623
954
-121
164
49
638
-158
178
46
28
1007
202
-599
-166
15
672
-406
53
-214
-583
-202
2084
192
1465
478
1310
-458
420
-943
-1032
514
-342
1074
-535
-1006
-63
820
-407
136
-198
-469
-755
341
-798
583
182
246
1550
273
-41
717
-87
297
-311
-921
289
-323
708
298
1253
-232
1071
534
82
-991
1
-686
1043
-287
-201
274
-582
-117
482
-76
734
-339
696
-462
-1352
7
21
696
-67
695
381
386
130
-160
-910
-295
38
-1069
240
767
-197
-184
-412
823
-410
405
448
-128
77
-313
-47
465
104
877
-290
675
461
327
-613
836
-179
623
231
-201
-558
408
-196
-7
396
-943
342
-365
-235
170
-314
410
-361
132
-211
-186
339
-23
-827
451
1037
19
-998
669
133
-622
-576
-80
-935
-772
525
92
-349
425
476
-195
731
-42
-1399
355
1013
785
428
327
184
265
168
-97
222
-69
390
-837
510
-362
175
931
-1121
1070
398
470
205
129
-94
-1140
-131
-720
806
1183
-491
-100
-229
-13
187
-382
-185
243
-485
188
462
-379
-277
205
232
-603
544
-333
58
98
-406
1303
-789
1279
494
-153
-249
-384
428
-510
960
-325
-917
673
-499
287
-604
-426
35
1017
1072
-443
-130
-339
756
407
-799
-530
-309
86
-316
725
-465
40
494
191
58
730
493
433
592
270
-628
375
729
733
-292
349
979
309
611
454
-41
-644
-698
-1015
-235
782
-419
-48
-418
587
-236
506
624
293
-63
1128
-741
335
200
239
184
-211
-634
113
1226
141
-329
-676
-817
1007
1180
-192
472
-729
156
346
215
500
-16
297
922
-9
323
-1502
962
474
1244
828
185
627
232
-582
-538
292
-55
-368
702
513
281
600
428
37
177
-478
95
-183
344
383
-492
-438
-308
-172
-11
447
1265
-124
608
377
-54
377
-260
8
591
1114
-493
231
145
534
-552
1021
20
-574
816
-67
-152
-4
122
-237
61
444
-235
-862
-373
562
-102
-1022
-301
325
454
680
33
971
514
340
-97
-344
-346
320
-566
884
-531
174
729
95
-67
896
42
407
-120
337
482
350
695
-118
-365
-274
816
900
1014
-342
151
1399
-24
-996
564
948
-463
-905
-9
-437
44
-80
804
175
583
248
113
172
-87
-540
-394
-818
250
417
512
110
752
-1407
-1361
-808
-2
1067
-219
927
-1001
303
-1206
358
-245
-784
-8
231
-428
-1053
-370
-302
264
236
62
-960
40
70
957
-226
-297
385
-93
-393
86
725
788
-460
327
1048
83
-370
146
-492
-843
189
-4
-3
-224
1151
-359
-70
91
47
757
-599
-79
-618
-612
-126
-211
-339
242
717
-558
89
-493
-304
-210
-480
533
382
51
-153
-973
-158
-66
1703
-1184
386
362
-497
-91
-322
-126
454
478
-193
308
-72
574
294
1112
-225
-116
194
-163
1206
238
-501
211
-457
-412
818
510
-241
633
675
-307
-7
500
343
-303
278
954
211
1074
-112
-1136
210
348
644
-443
-67
1053
-91
-374
797
-89
801
726
521
-795
157
109
215
332
429
-1036
-188
-807
756
-164
-722
524
975
-937
211
-365
203
317
-245
106
627
-1481
-23
252
-185
-443
-201
-16
601
829
-1664
1087
-238
-448
-486
739
370
-165
-202
139
395
297
-57
-146
162
-1424
-164
-125
-199
-35
-252
616
715
491
-149
990
733
-921
601
-997
-27
3
-166
411
1012
-761
882
-820
211
61
372
53
929
56
1277
-518
-91
22
81
-1070
-376
1264
-114
-331
-187
23
1394
1362
153
-1349
463
299
710
786
-80
61
411
707
957
-541
300
-224
-233
-632
504
-1324
-803
129
456
367
39
-110
-884
137
706
-18
9
284
552
-259
52
-1154
-797
814
170
-736
-356
381
-463
1108
-1535
-283
-833
-1532
402
-286
-197
-361
-47
863
-1037
66
-485
-1820
241
-779
-598
-392
-263
-1473
-23
-258
-1052
280
1646
885
757
139
482
1513
648
-440
305
300
-221
1099
556
-239
-537
-440
-468
-69
-612
-771
214
-100
-5
-225
399
778
111
186
63
-67
935
124
945
537
178
481
435
-580
908
-421
1064
55
52
-1012
679
-146
255
373
337
-72
436
-716
-875
-950
269
-527
392
-98
127
-293
-285
38
-398
24
-463
32
185
317
481
502
333
-297
238
1003
959
-13
-36
-961
-78
42
452
-99
682
-403
-66
557
497
528
221
1554
-33
300
-699
214
170
4
957
-984
-362
389
329
-730
-424
206
148
788
808
-699
-56
242
378
-175
-1510
344
264
643
514
-1092
-531
639
443
-595
298
88
-865
431
-262
-315
156
-101
-1016
765
29
-491
-131
285
-362
306
-314
-65
-3
436
157
344
435
-181
302
-631
197
58
471
552
793
-334
-70
386
71
-954
1183
-529
383
403
-12
-608
392
451
-651
109
108
-643
309
-308
169
257
334
-262
12
1113
384
73
-250
327
143
-140
237
290
461
-1366
185
-779
-219
-67
371
799
274
-851
368
-789
162
-606
90
351
373
-332
279
-49
475
-250
294
334
-977
-1050
588
69
-928
84
-108
-575
-171
103
242
-362
-1008
818
611
469
328
-860
226
302
-647
541
121
-191
446
-195
74
263
1060
-122
393
429
-311
140
768
705
593
654
222
-371
511
255
-557
201
243
-533
-293
391
140
-59
469
-782
400
-74
-85
-677
-265
-825
48
-764
485
-537
173
-1018
241
-740
170
152
257
369
483
460
-1369
883
314
791
-59
-1001
-227
300
-1225
-97
-553
1290
402
-458
-131
-5
-463
291
778
-533
-94
440
616
-110
1096
-134
296
-173
-94
-446
-673
645
5
542
-264
348
1101
-687
524
-1396
-15
-107
1571
-311
642
454
-133
396
-1043
99
-244
144
367
-317
706
1484
-671
721
-507
355
230
591
-291
-198
340
0
-110
-382
-59
169
75
41
637
305
-531
191
-440
-680
309
-359
-557
-732
-89
211
-137
-147
153
158
24
-129
371
304
394
-1112
-167
134
681
567
536
-894
-1075
766
-787
-224
-431
-653
-126
595
-810
421
406
779
613
-510
-114
5
-250
428
1156
-450
11
681
573
-335
-129
28
5
-1048
-1306
573
582
-494
266
-967
-774
-528
613
423
786
-385
22
-535
-760
-720
-13
1495
-85
-199
-663
-364
907
469
-582
-785
-86
-521
-1031
766
74
-232
175
-55
-119
96
479
-822
-405
-822
212
-574
-442
-422
813
-297
-112
175
-498
385
137
795
-858
716
689
903
153
459
-601
-1048
-377
-596
-48
-110
-1086
226
26
-536
-171
422
98
444
423
-668
-916
-33
-942
-738
373
479
-715
537
-582
-339
-267
813
182
1095
1117
-193
-243
-1140
432
-27
214
-511
-379
-550
-1104
-650
37
-57
-645
262
461
317
5
319
535
-400
-646
304
-85
-121
-371
-648
-475
1016
-41
-373
-20
377
92
292
572
494
1056
-188
230
-239
73
801
538
418
1086
520
794
374
-103
-468
-321
27
-513
-381
-289
-279
-265
520
150
-902
-488
-467
-951
-174
-440
-745
310
678
-232
-468
-1073
-1016
255
458
627
1179
-274
236
722
-925
720
270
-136
143
-288
-301
185
-904
-381
235
-478
1432
205
-91
27
846
-933
843
-52
-69
-1186
368
453
-262
556
-335
590
280
-503
-1545
-73
296
41
-9
-1515
-86
371
-610
-409
-399
63
83
-177
-361
-398
-46
-303
-160
-614
112
-190
-30
201
-159
252
-581
-209
206
175
289
-181
-553
54
-222
92
-551
489
871
349
-469
534
-41
721
-139
509
868
-482
409
401
-696
-273
-242
-790
223
100
-251
19
-259
718
-11
-373
-189
780
-311
-734
-126
-146
491
-63
70
215
654
262
62
-755
-479
743
-677
247
689
-883
-366
-28
196
-809
291
-607
843
-373
-236
978
-285
21
611
221
-2
184
-506
698
839
159
-578
205
-488
572
159
-695
-340
432
-45
-420
153
-898
373
398
-325
660
568
-73
-433
-3
-1145
84
-127
-329
524
-871
-203
519
-248
-826
-703
299
374
842
393
-615
946
98
404
-166
425
88
823
274
429
-543
-113
-408
-446
117
226
636
-551
-738
-20
-116
-271
-131
749
57
-292
-827
-250
131
-61
62
756
847
380
-431
168
-760
891
-62
-1155
-358
337
12
229
-340
356
-315
946
-934
791
-378
376
-1039
480
528
1497
58
1488
-714
678
888
1524
463
576
355
63
-635
-373
-704
474
220
-72
703
-1126
1070
345
-639
336
-848
223
124
-475
-351
93
-289
-53
603
375
201
-683
196
644
-126
-533
341
724
-27
19
-364
-608
-281
-229
-228
-285
526
-153
761
-370
-290
440
384
1312
664
47
-319
-715
-374
-135
829
80
1255
131
-228
715
-542
427
79
-530
-352
145
290
-939
396
369
-365
529
-790
-24
-781
333
-33
433
-477
-6
646
-656
-65
218
587
190
214
-211
1403
455
202
-303
13
587
-87
-613
-241
-104
719
272
544
-93
110
521
1248
33
-796
577
560
1252
-409
819
224
317
-226
218
235
-37
167
457
182
114
-517
-175
495
-629
-211
-264
954
366
515
-723
554
248
487
713
-215
842
-718
-68
-59
422
-116
-327
-282
646
-438
-225
-299
549
395
458
-35
-380
51
-490
-12
-1055
-216
-674
178
-49
-996
1347
514
-323
-42
114
-893
-1152
-53
-719
322
270
-451
159
375
-811
-580
-96
288
263
139
-474
-36
499
942
899
272
-46
541
633
-692
-96
463
63
81
653
-405
-107
237
-403
156
-43
-274
649
226
880
-406
167
-258
-32
-1066
438
545
-67
-192
4
333
309
-67
920
187
-292
3
594
1006
492
1044
-538
-508
-307
493
1009
940
-287
365
45
-325
789
-236
430
-238
133
1368
728
165
-165
761
177
-1096
-1016
-929
-119
595
-126
192
-284
-511
-86
-796
307
26
89
-33
488
-51
-26
-909
-212
695
638
704
-216
-67
868
838
2
-299
108
10
59
33
-1177
-39
-239
920
118
-223
123
425
780
70
-605
629
774
-340
640
-919
946
491
-609
-248
-374
-1212
563
-344
869
-574
-1182
-1974
-142
1412
736
-672
-388
-946
541
-331
-67
492
497
97
-177
-135
318
-77
696
366
-67
280
586
370
644
-414
1204
-1442
419
-981
-1090
-679
-759
780
-250
-133
971
87
-230
-456
617
281
1423
-503
-187
405
332
394
1071
839
-1023
284
-693
-1046
-405
550
337
-1052
901
-1043
22
230
-725
327
-1014
-590
954
256
475
691
-135
2014
199
496
-887
386
-420
-29
341
335
842
910
151
59
-649
462
56
-777
446
-91
336
-295
240
-438
-330
-254
932
-462
653
433
503
-234
-43
656
724
468
306
585
280
-556
732
-645
590
848
234
-451
420
173
190
14
-29
461
-864
139
-344
103
-287
1001
910
-828
536
73
464
-299
653
62
-971
-428
119
-549
-136
310
-276
167
383
209
-1335
-117
739
210
304
235
579
-680
906
-443
-109
-1337
-715
-38
1058
-906
316
-125
-263
587
-888
437
-591
-951
-685
-242
172
83
-552
-601
-961
191
354
153
163
953
-237
36
-146
178
-75
-26
441
297
-608
293
-40
-150
938
-117
-507
-876
-1158
666
677
-34
172
-967
353
-748
-722
-455
-705
408
-469
270
-270
-539
-204
-728
245
256
-405
1076
512
-338
-339
-896
1138
765
-117
-185
-645
31
252
-1048
198
-1486
-918
520
-212
-536
-197
213
1500
-636
24
-162
-725
-344
-1103
138
-1283
414
619
-624
336
99
945
-710
425
-1149
-85
450
5
-448
-294
-1369
-513
-79
322
156
-607
688
663
446
-887
-216
-382
52
-19
370
-417
-316
1201
-32
-182
-91
-405
220
167
61
-929
-753
-1189
620
1067
177
293
-291
-165
559
-174
-316
608
-394
630
667
-295
-1187
-279
152
-273
705
-604
1700
-556
-131
-441
764
-129
1482
293
775
521
-82
-23
341
-125
-1042
731
-417
176
-188
598
-43
463
-242
-165
782
724
-339
-1917
-340
-469
-111
-401
-12
1037
-195
-504
110
457
-161
284
-76
318
-686
339
-456
-1127
-65
-461
953
81
-328
723
14
427
-86
44
-25
530
496
-372
-187
-117
-360
24
-359
734
-801
403
878
-600
176
-612
444
18
147
119
140
-361
72
-162
-514
-55
247
-188
360
-1557
-651
882
-918
49
228
-408
-692
964
201
-1103
435
-187
-150
-292
1104
-247
735
641
-781
-39
-226
179
358
-1134
516
-246
1186
-588
1311
829
-430
-557
1042
119
-482
-273
757
821
-997
-562
-910
-334
492
1274
-67
400
514
328
-954
774
-360
339
-761
216
696
215
163
1195
-643
-654
768
-392
-498
-111
-803
419
192
-880
327
-132
543
-69
134
-2027
-87
-523
-808
538
-156
-625
282
-175
-102
-829
89
-46
251
816
-1023
-64
275
472
508
-505
131
-436
191
189
-213
23
-409
227
177
367
345
-70
417
-289
-580
263
-491
1077
1298
262
-782
491
208
-926
-661
-1090
280
41
-134
-844
-83
-107
226
-379
779
130
-765
1150
-313
1077
287
-395
43
-46
413
-915
524
968
-156
-496
-443
794
-881
-280
139
523
-766
81
512
100
-127
598
-140
-494
170
1172
349
-704
16
761
606
-514
-916
-1760
-558
637
314
707
316
-109
-62
57
817
-947
-68
162
-95
914
-410
775
0
-408
818
85
-357
391
-839
339
-100
-65
-37
880
262
-613
-142
-314
31
-195
-317
-318
-330
221
-370
843
-586
419
606
1058
-680
195
-689
306
-48
570
269
-611
861
15
-338
-342
243
-86
-157
404
-258
-304
-399
-1146
-361
1468
-368
153
-139
165
-163
-537
-560
-291
-1154
-794
1105
238
109
174
606
-399
-345
472
-396
609
50
908
417
751
737
154
-400
273
-52
209
-776
32
-423
214
524
123
669
35
-1192
-889
-405
-1356
-110
107
-539
247
1104
971
414
-188
622
348
911
83
-74
-959
-687
-269
166
-194
-230
580
-687
-443
-648
701
212
-1097
1105
-687
392
-632
-168
1280
520
-259
-457
-343
-403
922
394
127
-71
399
-805
-266
-403
-59
1767
722
-867
-459
-208
-1370
-376
82
-98
270
392
182
-360
-280
344
-166
-1214
84
553
211
163
941
-684
-1266
-617
-232
-1276
141
185
-420
-259
-402
851
-1076
354
-393
512
339
231
439
-43
580
1053
737
-1048
381
37
265
-509
-540
-414
103
711
-1354
383
-896
-341
-510
-947
-206
-441
542
-847
839
-158
597
226
156
97
-11
364
-404
-804
-427
65
-177
-123
687
833
-305
-774
-13
626
-221
12
-397
-1640
-74
98
617
-166
-633
-392
974
-976
68
170
-458
256
-639
-27
-17
-999
32
1467
-190
-512
-598
408
-451
-58
-411
185
1539
-105
-752
397
939
-766
721
-158
-1060
598
-1026
427
-735
212
1442
-432
607
-677
-9
-645
20
-1187
209
-350
-512
913
-1270
846
128
318
-273
442
-699
206
21
-1021
-716
-427
-675
36
-252
-553
-751
190
386
503
-248
997
179
133
556
451
448
-37
-971
-171
310
-686
-126
-363
-64
-602
27
-492
-375
-896
110
433
435
-788
-374
-264
-171
-706
1022
-389
355
366
473
-1655
342
506
928
-452
-328
-120
378
368
-132
383
-701
-1036
899
-462
290
-1089
-1006
-21
476
-68
-197
-28
447
-10
332
-133
434
-497
-1
688
291
-819
633
151
477
248
-353
43
-175
-524
316
-90
-521
482
110
823
-1283
-430
1185
805
33
267
-1208
-319
124
-39
-392
-60
595
12
786
-717
764
286
-1076
1688
-887
-468
375
-1381
1027
-51
-653
-202
1241
139
-543
-435
1795
-803
156
-1079
969
-886
-407
527
858
-516
618
-461
355
-444
-1005
-91
-80
71
773
-1182
-651
-220
-674
-592
-460
683
362
1107
565
-372
678
38
-782
295
-735
-490
148
633
-129
-712
-476
-523
-629
563
600
-73
19
-280
-994
603
745
325
377
237
-540
-504
-282
-374
-927
-323
955
-6
-753
10
368
1302
-150
-1383
-62
342
283
467
-86
364
333
-137
173
-756
-196
333
-465
-567
103
-664
32
921
350
-676
-141
920
-540
8
-376
201
-88
150
573
205
137
-491
944
419
-543
-1323
692
1209
792
-38
242
-373
-1253
406
-981
-1067
-97
740
11
429
-645
1005
320
481
488
118
21
446
489
-283
-68
-912
601
921
-1012
126
195
-89
-421
-471
145
-583
-1377
-1046
347
385
251
165
-152
825
160
-314
-602
-230
-230
1005
560
567
49
895
704
690
-806
81
210
-404
-192
-308
-193
-324
792
-659
-691
604
-309
450
982
323
43
351
-55
-381
234
-485
-348
697
117
-1098
-449
785
-288
-561
422
-28
134
281
106
670
624
161
573
141
218
929
-535
-254
692
-470
48
168
167
-547
-172
1035
-458
-321
306
339
-312
158
855
310
-1220
120
-400
81
-189
-557
381
-122
-193
-695
-571
542
-363
-400
1490
256
108
21
-561
-297
-715
-352
284
-38
-125
-135
-529
266
-6
1138
909
20
-614
220
-244
1092
386
504
-50
1177
256
2
360
1022
-842
1019
-130
-133
283
-831
266
-131
-1160
-403
-175
827
-347
588
-250
-478
945
559
-1231
-16
113
-1029
-217
116
-101
-411
-147
-47
-338
-228
-258
111
-20
-11
414
-1210
489
-925
-798
-474
934
351
279
1157
264
-717
874
-1071
-118
0
-115
358
-336
-106
250
-1204
593
-79
419
-696
-208
401
-350
297
416
-43
350
-961
200
1285
-265
-55
-501
-368
467
1075
469
571
-460
293
493
597
240
1197
-789
-213
-378
-840
378
690
1001
-294
495
-591
426
-391
449
572
-317
85
-126
398
611
273
177
-112
-658
138
287
-76
-85
-6
-232
123
-110
57
848
-577
324
-188
-327
-447
28
350
255
-10
195
867
-60
-124
689
-18
-375
-144
-74
386
-60
-829
-264
-118
1005
1118
968
175
385
-1033
484
-525
-649
729
-107
-617
-804
623
86
904
178
-41
-204
-404
1000
-200
476
-879
-314
168
609
-122
654
123
-270
-116
-372
578
-277
444
-319
-643
-102
676
-418
-1150
-42
493
-988
818
-86
419
-31
575
-258
1131
172
34
564
-148
-433
541
84
581
737
1272
-658
158
-280
-141
-1133
304
100
60
280
300
182
345
932
398
372
352
-501
5
-325
236
-10
-586
56
621
315
240
-892
26
-756
-97
397
-579
-744
-140
44
476
-729
31
-215
391
1510
-1506
210
217
-415
397
1030
180
-95
972
-222
-462
603
149
282
168
-164
515
211
165
884
571
597
-746
-134
-442
393
1003
874
-824
-1081
-118
-393
-627
-65
-259
-89
461
-839
798
631
-370
-837
-394
202
-116
134
-88
-834
295
217
927
197
-447
-101
367
-334
774
110
119
508
-136
746
-372
612
864
-591
678
512
235
-524
372
-458
258
43
-255
-625
1358
-287
72
-391
168
1262
-517
-366
36
-113
-516
-179
828
-235
-325
222
-539
591
-2107
-172
-388
820
-888
-952
504
-31
-345
264
-588
-861
436
540
682
439
-828
812
-170
-21
-1141
84
1725
-168
325
-144
-416
-545
558
-295
607
-573
769
-113
-103
-548
-387
-114
-274
-994
405
-1403
428
1231
31
-628
-390
-1015
-510
321
110
-324
-300
-464
416
593
485
-437
-684
-325
-392
-425
927
-762
216
624
-1484
-416
1258
-76
502
24
857
376
351
-330
820
-656
-120
-888
426
861
-541
72
456
-356
-17
476
351
158
315
912
814
-156
-256
-182
888
143
946
-1227
-949
772
255
-315
-4
-1423
639
1818
-448
-455
223
150
-314
-18
216
744
127
-504
-374
276
-340
118
-455
583
42
152
-565
-240
102
-127
734
448
-526
1373
-4
-330
1148
727
-260
616
-550
228
134
-26
776
45
-1252
-131
-330
-321
160
88
-104
-452
-566
-159
-751
-477
797
-295
137
431
-413
-25
-131
-1084
456
-1160
-358
37
601
-766
60
-1418
1469
178
1197
-336
-913
95
533
404
-1356
-316
842
1313
565
-517
-1047
-425
896
-1015
-327
-776
373
-1136
38
-560
-106
746
289
1061
-685
134
-352
-90
-320
106
-639
518
-608
-80
861
-421
-94
-207
-99
389
-686
-840
429
1019
252
-377
218
-258
174
-462
-196
-318
-492
5
418
721
954
79
-397
1137
278
343
-53
128
426
-52
1110
-53
634
-1638
-33
387
-91
-528
-903
48
-23
-696
147
-395
-953
435
268
672
672
549
444
289
-855
180
-797
51
-266
-105
-339
733
-371
-379
-1136
-1175
-716
-228
-935
-26
-207
78
122
145
-298
-828
317
-404
275
142
-109
-386
929
-197
610
773
-47
217
642
70
359
-80
308
32
-321
777
616
-390
-413
1160
416
-565
-784
-315
-611
778
309
203
520
-90
-186
192
-4
-936
-258
-1246
-505
-1034
1333
-241
626
-284
311
-60
-1292
278
-470
552
-691
-286
-330
-267
853
93
233
-434
-682
774
-201
-730
322
-735
658
-301
506
-1278
-46
-801
-296
172
-627
-78
423
191
-203
-313
361
-219
-376
523
138
0
-216
-214
-835
-120
-126
-563
-688
-389
-6
-118
455
-394
-843
0
-438
-155
332
293
-11
-279
-520
530
919
210
-458
83
1165
519
-980
951
-214
-440
-978
521
-669
-420
-12
378
138
235
-626
618
699
-1179
-208
195
423
588
114
-682
-240
116
-140
351
-75
-570
625
-1076
731
515
-891
218
-1187
-310
1067
-151
-28
-27
1425
424
377
218
396
598
829
-126
499
-361
-27
460
964
-396
-473
886
647
-22
-330
-701
-157
1122
-268
-105
277
-376
147
-304
285
-44
786
430
-798
-1332
1309
1536
-72
-193
-849
526
789
-215
637
-19
-39
383
-724
-64
-121
382
-314
-301
-168
783
-75
-64
-816
-540
686
132
1020
-349
-2
145
333
452
802
-719
858
285
687
-333
-1025
-567
13
-102
434
432
-829
-921
613
649
151
363
417
131
-284
-108
962
-506
-421
801
-790
703
-723
445
829
-722
1053
456
1172
401
401
178
-321
-502
-535
-1102
-900
-607
34
-382
-72
5
65
-326
-375
610
-429
799
140
585
-544
1712
340
338
-662
230
-495
294
-741
-35
833
-595
-564
-177
374
408
411
-91
-113
-315
328
-956
-392
-1199
1248
-378
-768
-732
-521
997
-516
-1158
-608
-576
-935
-277
114
230
361
431
-30
282
-420
-659
-224
1079
-223
-944
-251
858
704
47
-212
-443
608
-966
1717
-167
180
-396
-46
-417
740
-486
-498
-1220
-142
537
-303
-102
497
-1009
-16
-1139
-16
377
397
-789
14
-244
172
497
-496
1008
-61
1310
562
463
1019
660
-27
234
840
-508
-925
118
109
-942
-1288
434
72
-1249
-1093
-4
663
912
-288
428
976
-720
-795
-1468
353
70
-93
-394
122
306
-952
-36
-257
-532
590
-1298
-494
386
322
-44
573
-179
428
18
-548
748
547
-648
512
92
-965
93
575
-632
-793
56
271
364
-287
29
-125
-779
-839
419
-171
-526
606
387
-660
215
926
-549
-407
138
469
-128
-50
-144
-518
-47
252
-419
-489
348
-532
117
1064
-697
-716
-138
336
-164
1171
899
-149
779
-560
391
1146
-334
731
-901
123
-136
457
-977
662
171
639
71
452
689
477
-193
732
509
-1260
293
33
-488
-508
-605
1595
945
629
433
69
233
1321
-1596
-588
353
43
-811
-98
-1218
291
-159
-83
-168
459
-4
365
932
632
-496
-227
390
-238
119
-165
-380
-115
395
-10
-312
602
-92
232
300
965
-299
69
-314
308
83
719
213
590
-356
371
727
-136
880
503
-899
-668
1097
364
253
-402
-348
-265
492
1191
-103
977
187
286
-456
27
-281
-1234
-596
-458
-460
-474
861
115
806
360
-30
-67
-226
53
72
415
583
287
574
-104
489
-374
-592
-748
-379
815
-757
52
-130
255
798
335
-438
39
157
443
-308
-208
-1093
-233
-425
-77
-687
-913
-348
-14
-384
246
434
415
-169
1020
-968
-141
65
441
-169
-58
-273
591
12
-375
-843
641
134
-2365
377
-6
-344
20
-1042
181
-945
-97
-689
853
-769
366
385
663
284
-496
62
632
741
-576
-616
-1189
205
573
-408
-268
787
-783
-172
-121
629
-1556
398
-535
136
611
-474
65
1201
-1379
-795
-371
-165
-1053
-4
-489
-305
42
-85
-367
-581
296
1403
121
273
-769
724
406
482
1119
566
437
261
459
-627
753
-539
101
-570
994
1176
108
390
-1108
679
209
433
-434
-584
318
-522
82
-466
626
-700
469
148
-305
383
686
72
-707
-129
221
654
744
168
-640
-266
-151
742
-508
-830
457
165
-723
-672
127
-321
489
-376
566
423
-710
510
699
-551
-335
785
-121
-460
707
-380
120
-855
640
-474
-150
-224
-288
884
436
81
-115
491
-168
186
-210
-676
522
-51
-230
-141
-794
194
578
357
-157
289
604
133
-894
-90
-43
-255
329
-529
-218
-221
533
276
-1091
348
-423
-132
-205
514
43
147
-207
274
143
40
512
-46
-766
-175
144
4
193
405
-524
1051
428
822
694
-139
-729
-193
34
810
31
329
-348
-1133
130
-43
680
313
-228
-80
-1004
-107
378
-995
187
488
819
27
-556
1012
58
824
101
1683
107
-314
531
-377
66
69
-65
1369
-38
-750
-323
608
-689
-439
-478
144
376
-252
1347
246
642
-446
255
839
-295
343
-84
93
-373
829
-912
1116
-4
275
-896
957
477
1156
-515
-773
588
-124
17
-917
-432
-212
-717
1
309
-337
-654
-1524
675
592
-104
-352
1312
688
761
1161
797
-130
-647
111
78
-68
655
456
325
1115
-230
247
-633
449
-266
-802
-530
1318
9
400
1059
209
-68
-622
30
92
-671
-1027
221
-681
617
-133
490
-505
368
11
-100
500
602
258
867
251
861
-527
-170
299
651
853
-112
-481
-173
335
-399
578
47
-348
-698
303
-699
1260
62
-289
997
-1153
103
29
-635
131
622
304
995
869
-686
3
224
-617
-225
147
1244
947
383
-333
-265
-188
-340
-660
-560
157
46
-100
125
155
534
792
940
290
-302
49
143
-662
-133
257
-75
884
537
522
925
-425
0
357
-622
-129
-97
-395
65
-791
-869
-1001
-601
358
-181
350
-865
357
28
136
52
531
443
-720
-353
-365
1144
214
-607
682
-496
-1241
-114
-329
-1153
879
79
203
644
-776
409
148
885
-543
-909
-811
-231
-329
-92
-68
-48
-314
-204
1749
-139
-323
366
20
42
561
-970
111
791
-1697
-671
142
278
906
917
-282
-352
-976
-124
-176
-1026
-1115
590
-622
-70
-705
25
714
255
171
-323
-238
-132
41
515
1030
495
209
-321
-163
-94
366
-782
1128
8
-1566
-228
544
301
-600
-51
-1097
567
513
-822
-130
0
138
-311
182
507
682
-587
1155
-397
719
348
196
-274
-508
-282
89
284
-269
232
-1127
-281
49
787
-698
156
-472
437
959
511
433
-339
451
-356
-154
-429
-140
-618
242
1235
-109
707
200
-756
246
-506
-279
-385
-412
516
351
66
19
42
325
134
1111
730
594
807
178
286
-208
421
-270
-174
-932
913
-919
-551
701
132
-720
277
23
-525
-184
371
-149
450
129
518
115
193
-96
384
696
-847
407
-224
200
-21
615
-479
299
-375
518
49
807
-254
432
-9
-80
419
727
306
439
-145
-105
-251
-174
843
-441
-1267
341
672
529
669
557
-101
461
629
-934
-1
-594
35
-264
1209
438
-922
311
-1046
-404
-439
560
-720
414
649
54
-137
-1290
-101
1657
1036
-135
102
-579
-225
-586
-17
-969
-268
657
-1074
524
120
-210
339
532
-227
995
-825
-790
-263
-49
-1076
738
539
-168
230
-727
983
-800
108
81
-589
94
217
237
-507
-932
126
77
162
-322
1148
307
126
-265
604
-88
-127
-461
361
282
38
468
-229
-338
963
755
-667
-52
294
-620
17
236
413
892
24
449
-432
-1380
361
314
435
814
-756
763
390
-912
-874
654
180
-1382
-553
-533
-516
471
38
1112
546
-651
552
375
-162
-854
-612
-433
521
-67
954
-703
-22
894
-819
-529
-248
-116
-761
-581
228
-723
139
316
-21
-171
-186
471
-574
-197
464
-612
-817
404
138
-476
-316
-101
36
932
-501
-44
215
-256
-367
688
-772
-548
-524
299
-1089
-170
92
1122
384
129
-1086
138
50
1007
-677
170
332
-112
596
605
-615
928
-776
539
40
256
-216
-588
375
-1173
227
-994
-226
622
931
-924
1131
-497
-332
-107
-60
186
387
214
526
113
-59
-276
483
1160
-1127
1172
-152
-158
-210
151
879
-120
372
693
-1126
896
-848
-693
412
409
-617
23
-583
-272
-395
737
-122
-1157
337
471
-763
862
259
-28
316
-278
688
-1028
-301
582
101
501
531
706
81
458
411
-336
1295
82
117
-996
-735
527
1131
673
381
701
274
284
-132
201
314
-360
-489
39
-697
-19
-65
440
158
-1566
565
-714
-126
621
-458
336
1723
234
-180
-42
-532
-34
-44
-1148
-64
42
-424
-578
615
0
124
106
92
-338
-94
343
481
-557
367
-1132
195
-1035
-203
-66
-42
-63
-119
298
371
544
-215
319
545
-667
105
-175
-594
-762
-11
730
211
3
283
521
325
1369
626
884
437
396
518
962
631
758
-511
-85
176
-437
663
39
1152
1468
-211
-328
-714
653
303
-240
-94
350
716
-359
-1133
-641
-790
-325
444
102
-532
702
-433
-22
-239
60
-524
-519
178
-11
163
64
-374
-499
-1070
-163
-1
-689
-560
799
-703
252
-142
-1003
-909
325
336
910
962
93
-978
941
-1265
593
-52
-509
-215
868
466
-28
-305
215
-190
762
-650
618
1105
-94
801
-320
28
713
-294
658
-1217
334
-136
-792
43
-515
1201
72
477
-498
899
-919
-134
220
1029
303
192
-482
427
-76
479
201
-174
1367
536
-77
-618
-326
-1644
-261
902
-475
607
-529
-315
-1060
560
178
-402
-101
37
863
399
-581
-1015
-319
8
-697
-1081
755
-661
660
-202
176
1291
701
450
569
-922
-401
955
-321
247
6
-669
228
-673
-571
268
-568
-764
-50
88
746
246
76
887
-1192
-571
-899
-150
176
252
340
227
80
150
-54
290
-1047
-312
-452
1210
-65
-411
967
-670
164
652
42
-837
503
-351
-202
-17
-217
414
-699
406
-371
-440
-490
-332
-442
201
-3
950
-775
300
153
336
-421
331
-1429
-200
-527
-1042
251
1218
181
503
432
181
285
-298
384
-392
647
272
-446
-100
23
-45
-126
-91
-787
-269
493
-1583
90
-243
-252
225
-161
435
-235
695
1043
-298
987
160
464
-187
798
148
-442
238
224
396
719
-598
-871
-207
-516
957
-255
-52
-69
-987
-319
77
396
174
-677
666
-584
-441
-371
-588
802
-724
1126
-9
-130
855
275
299
298
-1001
1508
86
1182
572
476
-17
-36
-563
-542
249
-320
-258
-460
-39
-283
-154
173
-40
-995
-375
81
992
531
666
-559
-350
-41
583
-1140
-431
127
-314
-199
678
-957
-335
-1179
-682
434
-117
-471
748
-270
570
180
751
583
648
474
24
901
913
-591
-41
-690
-852
-448
-1143
720
485
793
352
-1392
-398
24
361
27
74
683
26
535
800
-71
-389
-151
561
-498
584
-449
672
-388
-304
683
-753
-376
-403
252
-125
-66
530
58
1087
1052
-99
417
-118
8
24
46
-373
-1256
-14
-741
-1680
-146
-418
456
-488
569
-531
1232
985
521
-133
-73
-873
616
-679
358
-1108
77
-48
807
356
653
-250
-299
-416
1601
646
-517
-757
572
-299
800
224
633
829
705
1718
-16
-416
774
-250
311
-19
-563
-742
-213
-62
614
-83
-17
319
-1131
202
-83
1403
-479
1176
280
-79
-125
-655
583
-45
-264
21
-519
818
-421
257
-235
-641
95
709
-281
884
212
903
-278
-303
764
110
-384
-1040
-312
111
-171
-68
-32
-1488
-174
59
-56
53
361
-20
-112
601
1234
371
349
747
-606
-1068
-165
1233
340
315
429
-2
237
-475
467
-6
-206
-541
-291
257
-301
-231
-660
-281
538
-949
925
777
-504
154
575
347
54
-853
371
-984
-722
-293
-807
340
1657
228
-459
-627
259
407
1171
-75
-483
-605
25
-110
-453
730
-124
-73
14
1033
696
222
-584
196
742
986
-345
-176
-496
198
-667
395
75
-15
-250
-397
381
286
-176
-548
473
461
-52
70
-371
548
-149
348
-751
-93
-850
-22
-587
-209
695
-481
714
52
278
-502
374
-1196
108
351
185
410
-928
-853
270
-90
96
-898
215
-888
-714
-347
-400
-433
768
-91
-656
-383
-715
-436
511
337
395
524
429
-54
12
-784
1318
1297
3
-321
304
-652
-904
-301
783
94
66
-539
-79
-548
-1185
-373
-415
-167
-494
-1084
-245
-4
114
147
240
224
59
-752
-26
-69
407
125
-145
476
-109
556
102
185
269
-237
-319
1374
-130
81
1363
768
488
-572
-480
418
-2001
-38
-437
-309
-255
165
-679
277
-252
-297
-74
1176
77
-80
-14
1418
120
-481
600
-52
-433
1208
-768
-391
-143
56
874
879
-135
1250
-1
511
-834
-931
-152
62
-887
442
-347
79
283
1080
-127
74
102
-689
14
-436
-102
-1316
-463
142
-791
89
-616
299
-360
-97
-761
-76
1201
-445
630
-388
1539
681
-175
-312
307
-54
-866
-140
79
-713
268
-62
-471
322
-492
-41
-572
17
-42
-399
-1069
564
-280
134
-1103
48
551
-505
-862
-121
-1115
-73
69
500
163
423
584
366
102
-334
-49
-152
582
124
71
-864
219
-149
-1298
-768
-295
-172
-440
-52
-125
-831
291
445
289
286
-955
751
1411
-138
9
859
-7
787
1754
287
950
18
122
-356
664
-211
-73
7
239
523
-246
-524
-17
698
-64
371
135
210
-149
-45
265
-277
-101
562
-425
-122
-855
-923
-442
541
578
486
671
-177
160
57
-357
-552
765
-110
-744
779
922
775
634
-724
-974
-177
844
834
833
-487
546
-108
147
86
-460
-261
-159
777
59
217
325
1192
131
-115
-265
-25
918
19
-767
91
-104
231
112
165
-230
855
-276
683
-197
1117
-402
-516
-98
217
23
-539
303
344
383
129
1034
-686
1460
45
36
-729
825
-90
324
840
138
58
-276
46
-773
-677
-49
-38
145
528
351
-19
-4
-75
28
-657
364
-145
94
307
562
-95
461
222
-185
-315
-118
504
-276
-859
-632
-218
-463
800
1153
-407
904
291
-488
-424
406
1023
-405
-551
1139
1
342
1126
103
-752
475
-643
-99
-81
-862
932
78
112
368
57
-480
-170
-489
-667
197
-205
-1055
416
614
0
376
-572
-204
-222
-1105
41
-1099
-748
331
-697
268
233
-1055
402
285
234
43
1298
715
917
-53
-675
-186
429
513
-802
209
-71
617
-205
-308
-541
-21
-999
-592
-606
839
-90
-730
-714
66
414
227
410
70
-143
100
1134
711
-177
-1147
-575
-241
-412
-314
177
-267
-17
-590
1567
149
6
1265
-17
-504
347
937
-628
263
-484
-763
232
253
-346
928
284
-375
334
-945
-236
-102
832
765
626
312
-694
-130
103
-768
-560
-258
403
-339
-123
-227
-379
114
-87
-682
-123
261
1064
529
-206
547
1047
-401
-4
641
-171
319
-398
370
-734
-97
-265
-690
-170
159
136
398
-447
-358
-117
-153
755
238
-411
-199
-418
-463
812
-809
-91
454
-557
-622
-447
-37
589
1429
-1194
-380
118
-213
671
643
699
822
906
407
118
-162
107
637
149
-110
73
-898
-682
-545
384
-49
51
-427
-433
-342
730
282
-88
1081
289
-1
-588
178
-440
-444
-1226
146
-439
75
-157
-481
320
-100
991
457
1077
-402
-51
-49
87
-424
-191
-86
1004
512
-1159
332
-24
-417
-53
515
431
-622
372
77
-1646
5
-794
469
-318
919
-176
-489
-840
-183
289
-200
-376
163
-18
397
-470
401
977
-4
497
-384
359
-108
-26
1217
769
-183
-868
-295
386
-244
336
67
-488
825
18
63
87
498
129
-511
29
568
-1418
291
-254
-39
-106
702
45
842
7
-155
1185
150
377
-585
-5
325
-178
66
-109
597
-17
91
599
788
210
-1227
-763
219
82
318
-307
428
232
-297
250
246
169
-101
-238
-382
82
142
186
176
234
511
372
-19
1674
-1485
271
106
1763
1240
663
-291
1272
74
-288
445
829
546
-167
332
530
-79
238
-302
449
595
102
-890
1061
650
-170
-180
217
632
479
703
-799
-240
-172
-337
-617
885
280
117
-751
898
-195
-996
-90
555
728
-1235
405
-51
-90
-787
-664
460
88
-250
793
-209
304
-525
-895
-1602
-277
456
76
-154
702
-287
145
-352
314
-598
-487
572
221
-19
-437
609
74
-837
-212
-1536
-34
-777
-805
-985
496
452
-479
978
-1133
-188
1007
-880
-119
-430
-267
88
85
-230
466
1162
-557
429
85
505
38
147
209
-16
-808
41
845
856
-37
242
135
1155
-505
-345
-68
-7
1298
821
-431
-554
-629
-1018
771
-700
643
-621
-88
-166
609
-908
-394
-106
-824
-486
256
96
-560
378
-198
556
219
-470
-649
326
327
620
473
-96
269
671
318
174
-872
50
386
553
554
78
49
-846
-40
337
442
291
1098
-50
-334
600
-828
-278
679
11
-107
466
-334
66
582
109
-369
-646
-589
-608
880
371
8
-566
746
233
797
-681
668
-126
72
-126
565
-1344
306
-679
752
124
1288
-406
442
-54
320
-169
1050
267
399
724
469
24
546
795
416
459
-295
-40
-615
-343
-116
-523
-48
-792
-307
-442
-330
905
495
-315
-436
-178
-234
733
-739
-1099
906
-360
257
-1029
-66
652
-173
0
117
-188
-286
-819
588
-98
-39
253
-744
-712
-909
-311
-1155
-256
610
102
95
643
-573
-206
-380
-375
1126
-243
118
659
-633
974
-510
-589
-51
-184
309
285
338
596
473
-702
294
-196
356
-502
-441
-503
-800
67
-1414
-90
-167
-714
-325
15
311
-938
-490
-188
1005
-297
320
692
-113
-607
245
-902
-498
207
-581
-884
-785
-263
-757
-575
271
-84
-62
-550
126
-656
413
-314
606
133
575
182
741
404
686
-1187
-83
-385
-245
-951
-851
482
267
-454
-375
791
1360
-939
-573
534
-1308
-703
-180
297
453
626
-557
-2
-672
-309
-284
459
1452
515
-593
430
132
-370
-374
-840
950
-641
-300
-308
427
190
-963
153
-1183
463
-555
-103
952
-456
-558
-707
789
-833
106
355
-756
-354
57
399
402
-682
-526
147
-929
-343
-474
-322
-231
554
83
76
158
394
222
163
-25
-1238
925
-490
-180
-15
1201
-13
452
116
1099
-505
229
706
611
-618
195
315
498
-208
1268
63
-661
97
419
1402
201
-325
-135
-395
-27
-1010
531
735
586
-343
74
-857
-652
349
-978
20
-356
171
148
829
-770
660
-453
300
95
-149
-796
-419
-150
-938
-540
406
63
618
-305
-268
346
1073
67
-397
-285
101
1179
413
-831
-814
90
478
169
373
-368
-1338
357
-213
-860
138
-313
-135
289
629
24
-441
-509
-589
-349
398
989
-1179
245
706
579
-956
174
-974
-218
444
-150
-886
-432
-154
126
-743
611
625
-179
552
-274
42
362
-1261
-72
128
-359
374
944
780
-85
113
198
351
-722
-777
130
-310
-575
-322
484
-151
336
548
-135
462
463
-838
-836
199
-173
512
-1096
1260
-192
475
-203
-408
81
-221
899
-13
-7
-722
-47
1154
-1122
708
-196
-200
-280
347
-767
999
1007
-608
560
-258
-852
108
689
13
-678
-246
-53
-649
-444
498
616
686
-539
61
1781
-1053
-160
636
-18
49
-271
184
-2
1148
525
-190
-240
279
800
1030
-401
-376
-1146
101
8
-625
-65
454
735
681
66
-324
-295
312
344
-620
495
464
-114
253
395
-20
439
414
632
608
-129
-1392
494
-496
-108
-754
-221
405
1217
-428
-694
-170
86
-83
-709
86
175
-1337
-187
153
-118
1019
93
728
241
117
435
39
-152
172
-428
1011
-1119
-263
-834
-206
586
183
-763
1393
-102
1122
93
-188
381
617
393
-37
-286
37
465
-44
-271
927
302
-22
590
41
-256
-436
-24
558
224
-132
890
-204
519
250
152
136
-483
-129
556
81
97
239
409
-905
-194
375
59
-499
465
-268
489
-862
-522
-331
151
59
-494
133
314
-1163
-598
417
482
693
-204
255
769
-6
362
-605
-156
362
-1122
-718
661
-141
-75
416
322
160
-339
-695
-271
-992
165
-27
-626
23
-965
782
-267
84
487
-44
-145
601
-170
636
357
29
944
483
349
268
-863
126
-976
876
-561
664
189
-134
-122
-763
698
-109
1010
-830
-321
663
-21
-226
1082
-64
-440
-179
115
-483
-463
-512
519
191
730
864
-766
492
-952
-124
-128
21
764
-324
650
336
793
-344
368
-251
-579
1666
299
988
459
932
-514
599
-865
-121
216
-1294
-668
905
-280
905
-346
285
-994
-645
899
612
-261
238
317
-484
933
-248
157
214
192
-21
114
889
-368
-672
527
947
-47
-142
-396
360
-462
675
-43
439
-773
118
1078
788
-474
-536
107
-145
768
980
45
718
338
-423
588
-542
-10
221
-743
-414
-491
430
699
493
-706
248
697
428
-189
-336
-785
-186
-369
140
597
658
-46
482
457
-367
417
-391
-218
778
899
-220
-555
591
1132
125
-93
910
-695
-687
574
-121
-750
233
-160
388
561
246
-82
732
-100
580
-115
142
-337
-134
90
99
33
-107
43
-41
-794
-129
-831
458
285
-343
372
220
496
-131
854
-930
129
604
-950
-405
1109
-417
266
-63
528
-68
-262
540
427
352
-74
-45
-710
-48
711
-215
-434
-229
326
266
1288
-229
-807
-1083
-279
-160
939
-1108
163
-325
-85
472
596
-514
-567
576
-715
4
217
-489
-297
-246
-315
-969
1188
184
1019
-27
-4
195
722
-127
-1353
-758
-836
146
1242
1634
208
-188
-109
952
-764
-496
-667
110
589
215
85
-222
-232
705
84
4
-129
-395
-789
-338
1
656
-865
278
943
181
-313
-570
468
616
-8
-273
1008
280
-20
-1386
164
-42
-97
-849
830
-528
308
-384
540
-214
66
-667
526
841
-427
-1075
-598
-919
-575
-317
36
-297
-41
267
-347
-883
1232
-258
371
168
763
-127
1526
983
642
-540
788
-729
413
583
402
704
327
-522
-503
-778
885
356
349
-1044
246
-546
-950
135
-808
-97
306
-890
425
10
532
806
72
976
-477
507
181
-402
846
448
-139
-353
-340
483
-150
