22 83 361
0 2
0 7
1 12
1 13
1 15
1 16
1 17
1 18
1 19
2 0
2 3
3 3
3 5
3 6
3 13
3 16
3 18
4 2
4 7
4 13
4 15
4 19
4 21
5 8
5 9
5 13
6 9
6 16
6 20
7 1
7 9
7 11
7 21
8 3
8 15
9 5
9 12
9 13
9 14
9 21
10 3
10 9
10 16
11 2
11 3
11 11
11 19
12 2
12 3
12 7
12 9
12 12
12 13
13 1
13 2
13 18
13 20
14 0
14 6
15 4
15 6
15 11
15 20
16 3
16 4
16 17
17 5
17 7
17 11
17 12
17 16
18 3
18 10
18 20
19 4
19 10
19 11
19 13
21 0
21 1
21 10
21 11
21 17
17
81
20
59
40
68
1
19
39
41
63
2
55
46
61
30
32
78
38
25
6
29
8
35
69
72
24
42
15
28
56
74
67
43
3
10
5
73
16
44
47
45
65
27
66
12
80
58
18
36
22
0
60
50
70
14
75
21
37
31
49
7
76
71
26
77
52
54
23
48
51
34
13
62
82
79
9
11
64
53
33
4
57
-181
379
-100
-25
-634
-868
118
695
-241
354
-793
199
-28
593
280
13
187
360
187
-426
-888
-278
-116
208
205
-300
243
-166
-449
-62
-683
-309
121
340
223
-51
352
-69
-776
435
-82
336
-141
570
-51
382
-42
-144
-125
226
-397
250
-17
-503
158
193
-404
381
-203
743
-126
402
-5
103
367
-243
527
-102
-141
-152
-120
8
-564
-127
437
-13
54
244
358
47
-233
253
-1
46
260
249
-383
-675
234
-50
133
-149
411
-248
-535
-251
-605
260
-731
-105
-225
-104
592
-307
467
140
109
84
-867
269
-233
124
1018
349
-288
23
-202
168
-97
420
735
-100
338
423
-108
-102
67
1
46
-131
-323
407
-272
154
148
149
455
-104
-315
-117
-89
282
-762
250
193
-71
-88
476
314
-14
-141
-103
235
-444
387
85
194
-83
-95
-260
-196
-5
-319
-218
70
-44
370
78
162
-3
3
-900
200
-69
-74
473
297
188
19
-245
346
-516
479
80
-265
448
-20
-208
-821
-541
153
-99
154
516
227
-229
-850
-58
121
-91
623
8
-185
97
-493
-691
-1057
868
-97
-148
-570
133
-284
16
-121
-70
4
54
32
-73
-683
-228
-48
-59
-542
-268
-100
-256
22
-233
-401
150
-780
-159
124
-162
-557
-595
-191
-45
78
-8
445
138
-187
-170
454
723
0
-828
199
21
81
189
-487
686
67
-117
-314
-285
-502
1036
243
-58
40
191
-192
108
693
-32
101
-19
35
-1296
270
-171
326
547
-41
-78
297
-477
-13
-210
532
331
-431
152
420
811
391
-6
-374
7
-211
-294
188
-189
87
128
374
-138
-457
155
-355
-66
-461
-29
221
-227
-704
112
498
100
-247
194
97
-113
-211
292
63
163
248
-812
207
-66
401
304
-287
-76
975
176
284
-136
664
110
639
615
-615
28
-567
140
-204
-63
-84
581
-259
-303
-52
244
468
-334
-190
192
17
-276
-4
307
118
339
482
313
433
71
-592
111
-722
254
-174
109
71
153
-378
-261
-390
-852
214
-504
850
-366
-448
-183
18
975
166
342
115
-604
-88
74
862
73
-12
-68
58
111
894
435
-263
0
-578
375
236
129
348
-60
-422
11
237
-828
90
341
-501
344
-520
-171
-447
-115
-275
-219
834
199
45
-315
-89
-878
-502
113
62
95
-10
-372
-162
603
203
-129
68
774
-52
332
225
387
51
265
797
218
-734
188
315
241
-384
-1212
434
173
923
-166
59
-180
407
-310
115
147
79
118
-58
-256
-542
-745
-418
13
-239
28
736
474
279
80
116
410
110
-325
-438
78
94
-202
720
13
237
-195
-371
197
1104
-404
239
238
-193
440
201
-376
-197
-510
190
26
-830
-400
612
864
-85
-772
522
352
1001
21
473
143
78
-38
-357
496
10
565
476
-27
-88
-293
-572
-378
-125
-154
547
302
690
-312
-309
458
50
666
-653
-337
260
-283
-96
0
-61
208
-448
-352
287
-395
-136
-635
-138
37
693
-161
-215
364
412
-94
-542
-343
18
53
-43
596
25
-242
-931
403
242
-58
-187
37
-300
114
-306
2
102
43
100
175
-70
524
37
279
328
337
-272
-422
-945
101
107
3
-378
-746
-200
-264
-358
326
-2
262
-240
230
188
-204
-348
-560
64
466
-26
-204
181
-93
204
-369
-148
-99
145
-246
-375
209
-60
-399
-13
163
108
-429
-135
-241
514
129
123
-106
-359
93
140
-119
-397
754
217
-618
-816
622
945
-173
618
-174
235
45
327
-42
-295
-67
680
195
-679
232
12
-248
397
63
-264
191
244
65
498
322
144
-586
306
494
-542
-126
-147
287
59
-249
112
88
-409
390
80
-204
515
264
87
187
-672
396
22
92
-48
-997
373
378
-72
112
54
-762
489
190
421
-68
503
164
-413
279
621
169
-81
-203
22
-794
-36
-305
220
-148
464
717
-266
12
-559
25
160
127
-402
-50
141
-55
47
89
274
334
406
144
-117
126
200
183
-1001
75
184
211
-104
13
550
-45
-373
140
-25
158
-16
31
-599
-136
-466
-272
-231
189
-137
40
232
-455
-20
253
552
225
144
114
-349
347
-107
-474
-354
13
-318
-26
140
-12
772
105
109
635
187
-41
-230
467
-618
-253
-471
-290
220
-836
128
-644
-521
51
-551
-228
-379
482
106
-181
121
-577
272
252
-100
-184
-578
-308
747
44
741
582
-23
527
367
-287
-44
-153
276
8
-121
259
168
211
23
42
-27
-116
-265
219
-65
-308
250
266
44
-723
188
84
863
-269
-218
628
-46
872
-444
-84
-544
273
198
298
538
45
91
110
233
689
30
58
-268
-1018
124
-159
-118
630
-173
252
-238
487
54
-36
-112
-187
-155
-425
51
-370
300
-477
-724
-407
178
372
-454
-686
560
-633
-640
-93
56
-219
133
176
187
660
93
57
-46
-292
59
164
427
-24
-189
-464
974
-18
-98
-5
-383
-580
-133
-303
-51
45
80
382
372
-387
-141
249
-192
-488
-142
-89
802
557
340
352
-28
-420
113
175
129
697
110
293
22
-970
27
-672
-561
-168
-525
-648
-113
-209
-788
-193
-181
-129
-309
-474
522
240
218
197
202
-32
91
281
275
249
-105
-804
-31
-558
581
278
-217
-145
-772
31
431
-242
-639
48
-1271
-165
-128
520
-271
-497
123
-579
147
262
53
19
236
-312
-130
-101
-265
2
249
-346
105
394
122
-28
-68
203
29
-218
-357
-119
240
-664
10
-223
-280
-121
357
496
461
-378
415
-184
-339
235
43
199
291
544
-294
-73
54
223
-276
141
40
657
-676
1138
200
147
241
-557
-555
-519
-567
228
-63
-176
215
-417
-1475
-55
393
105
-1241
392
-114
-237
390
-274
-491
-93
-319
-209
-678
-215
543
-161
41
-36
-182
-650
355
485
425
45
-499
619
-75
-148
-59
16
-51
346
230
188
25
-358
4
-536
-196
138
-295
-607
-168
-146
308
-568
628
79
-504
98
191
46
323
725
132
-685
-423
177
463
285
131
-123
-378
-192
90
113
-376
253
9
142
-224
334
-89
-256
-137
327
219
352
231
294
-243
-242
177
38
-233
-141
161
171
-407
-8
83
-334
472
-11
785
117
137
216
-347
-926
688
-30
686
50
-436
21
321
64
-442
449
255
978
-130
-231
495
-359
146
-180
-467
60
-21
-354
713
406
-887
-622
-709
-467
-345
-61
288
72
273
326
543
-38
99
383
593
491
32
-12
-202
163
213
389
-122
125
-262
-442
-312
461
511
-15
-7
-200
-137
-78
-294
250
-631
-274
-255
-307
335
-206
-49
-125
-94
56
-265
-454
-126
-593
412
-131
-96
151
212
-235
126
113
651
45
329
402
789
-171
313
44
-100
-514
18
-1043
-99
259
-176
-93
272
-197
5
-336
94
-75
-234
-70
418
-699
28
187
-245
4
-235
134
-728
-650
-299
-810
33
-852
189
-179
-438
-52
128
-129
-947
166
-210
286
421
-58
630
-423
-407
-626
-224
8
-99
166
-300
561
352
-19
264
342
-659
188
219
275
-138
-556
-318
-117
-362
-476
180
10
-216
300
179
619
-16
303
-110
255
175
27
383
305
-157
-227
574
-175
170
292
197
-188
175
112
-858
14
-100
-199
-190
-497
209
-327
-435
256
-5
256
-466
-271
102
35
86
-79
-440
-21
360
284
136
64
152
647
326
-503
27
230
-10
-592
-75
196
-12
-452
-661
157
1241
289
-78
-41
142
-453
299
274
371
93
-583
159
-428
318
1192
-1001
-291
433
619
-429
-171
12
375
-343
717
-250
-157
-153
-652
259
-132
249
-6
78
223
177
127
-215
447
-170
628
13
138
-78
-153
48
-314
-574
454
-9
-578
7
-223
396
-464
1025
-603
375
357
0
-142
-158
489
-111
-379
-162
-263
233
266
169
84
136
457
8
-504
-434
-77
-148
149
799
483
39
-655
466
-189
-816
309
-177
-109
-771
-778
-32
-603
80
262
637
-113
131
108
-14
77
243
536
-283
-351
-238
-767
598
106
-9
446
354
-372
-538
231
-153
-429
-160
-201
806
287
190
-216
-44
246
-650
-407
-467
-86
-180
-172
647
41
309
83
-270
260
43
-57
232
460
595
-187
-610
-172
138
530
228
412
-83
-853
-529
-235
-40
-349
307
-833
101
-243
-360
-44
-351
-517
23
116
-559
235
-236
43
-40
539
218
124
-246
260
536
571
-508
272
-63
331
-248
732
97
18
-401
316
665
554
-58
181
745
-110
54
308
-461
310
-61
-138
172
-299
516
-33
406
-701
224
2
246
-19
76
682
-195
487
-464
-144
-180
502
-11
-172
-375
-384
-174
-49
-16
157
-658
-164
-885
592
484
-244
-281
-493
-20
-226
-404
-416
-176
129
268
488
-812
388
440
-4
181
-57
355
-323
177
294
52
-116
230
-133
81
-64
-225
-192
-377
112
-131
-131
632
-20
-526
203
119
-73
-467
403
-43
-139
-355
157
298
-26
161
-201
-155
99
-155
-174
3
309
-697
-70
596
-97
-435
206
512
-917
-556
-59
383
-467
-166
23
-521
-162
129
330
105
-129
-80
-263
-133
26
-341
-5
115
-98
421
501
97
-445
178
-177
-623
216
672
-559
-448
-414
218
-136
-498
591
-206
149
-61
567
790
301
447
-330
-141
173
-931
-51
400
-115
-242
-191
-95
68
-15
-63
-183
213
-384
-587
114
48
240
52
147
575
47
-109
-96
-12
-454
667
-489
47
185
-332
446
-16
155
-317
781
297
106
-463
909
-300
126
417
-154
232
52
163
166
-48
-316
-240
378
455
-260
-185
413
30
465
77
-862
-32
19
548
-208
-833
-798
214
190
-202
349
-1
827
418
210
45
56
527
-27
434
-212
380
144
251
-108
0
-122
488
43
340
289
546
269
-85
397
562
300
241
588
399
233
-672
81
-358
120
330
125
116
-283
512
-222
-546
97
332
93
849
-419
-244
212
-1002
570
-31
142
297
895
-502
463
-752
-337
233
65
-445
-61
-290
-222
68
-522
453
3
-19
-81
612
415
222
2
191
-314
-237
-609
135
108
-196
-521
219
-227
-174
504
-374
205
-378
311
158
-447
681
-92
-567
255
32
234
53
81
-380
-431
492
-354
214
241
252
40
-355
168
297
-149
-132
-45
346
568
-80
108
-479
570
898
-98
117
255
147
-172
-439
-152
351
-406
-473
325
305
-196
-148
-43
-12
437
-573
353
-148
-90
617
-573
332
325
-325
388
-242
39
-25
325
199
363
419
427
-39
49
-251
160
73
1
-1312
-454
-149
-219
315
-204
-52
11
-368
739
508
-476
187
456
-178
-355
-266
-432
-205
-666
455
-2
-365
272
-14
-735
-451
-275
6
299
391
526
-150
-208
604
-230
174
77
-308
268
111
19
-574
-91
552
-125
97
137
8
564
417
240
-393
259
-210
-67
-275
465
85
-850
319
-16
-139
-335
-229
402
-137
391
689
77
-485
73
116
345
-182
-11
155
192
205
-463
-434
-88
-180
350
-298
263
-750
-128
-157
53
183
-168
-314
143
-398
410
146
238
704
-84
20
-1
-167
-789
-31
671
-166
7
-246
-429
518
177
446
121
64
-286
-279
268
-399
-99
-379
76
280
-92
195
371
63
267
-177
589
183
240
895
-308
464
-348
237
-501
415
-622
-437
158
767
-98
-105
-209
157
-16
42
-761
-195
137
637
41
-598
331
465
261
-54
273
-490
-544
363
-355
-687
-199
-112
-390
-66
-97
-245
153
-400
626
35
206
653
-127
95
-114
108
-786
117
-99
112
321
533
-194
120
71
67
-259
718
233
-2
4
-256
685
194
-371
-261
-121
221
-270
388
-397
251
28
148
-620
184
905
227
550
165
-303
-194
-58
-40
27
-208
808
-444
-141
-285
552
-279
361
-26
-341
-259
-188
175
-36
292
106
-429
-188
443
-364
250
312
-314
-753
-624
-371
83
377
-612
-229
857
95
-289
276
-412
-780
-213
-163
-573
-169
41
235
502
73
98
14
178
195
-222
-213
-470
-63
-217
-343
315
218
-155
-398
-47
602
-146
-89
350
-339
666
481
-146
551
-68
132
435
116
-243
-211
82
378
-396
188
702
-64
391
357
947
-193
949
-517
-271
424
-470
275
-162
594
174
-729
135
-65
355
134
-143
100
-736
164
-455
384
133
-380
-238
491
-258
110
-710
380
126
103
900
-149
95
180
-485
168
274
482
62
380
-258
-325
-428
-442
297
165
-306
31
58
489
-675
-443
532
-94
227
-177
242
243
-306
257
-666
561
239
-510
204
486
-552
-196
589
439
-113
-102
-481
48
306
264
906
373
-672
-51
-197
193
-536
-165
-1069
-888
165
-291
-251
-310
475
204
-234
575
-515
-644
88
114
-793
-209
23
-189
-168
197
-91
-29
-74
-622
-555
-296
-473
48
197
-663
197
101
-194
-605
-47
534
15
-332
-52
-148
-311
271
216
-430
211
31
-47
83
610
-128
802
-284
-190
-197
291
-479
-546
584
-177
72
51
-220
-387
-225
-3
-462
-151
351
351
-318
-112
-389
-179
-380
141
294
-82
-252
521
336
107
-927
-66
-689
3
228
366
-385
-167
-129
143
304
-695
130
-481
274
720
-589
337
241
152
41
263
364
303
273
195
522
114
-191
-167
33
425
292
-559
-189
124
-231
-317
-571
-707
229
-54
-570
533
-284
396
144
28
360
251
10
33
377
142
-76
-464
-231
926
362
-8
-78
-288
-342
273
628
37
-356
-199
104
-395
819
-4
259
-290
227
378
640
-357
-161
271
-64
19
-623
-812
-18
-11
306
-142
238
-311
-42
328
-395
-102
193
-599
-1070
-654
151
-39
835
624
-447
-299
-424
258
-103
-94
-79
-461
103
-514
-135
388
1002
184
-226
-136
323
-36
69
173
-302
-148
49
-511
-748
-255
54
202
-154
-167
-246
-120
955
-110
-273
576
488
320
-487
-467
195
182
218
31
-590
-20
529
-289
-396
356
679
-462
200
84
465
483
-90
-213
-220
543
524
-214
155
-13
139
464
-59
287
-313
489
-50
-186
-208
151
407
-261
701
303
474
-378
-153
227
-239
-116
-255
91
13
593
394
-141
117
-339
587
-151
-268
-467
-55
-715
-174
-78
-169
-532
-615
403
535
-401
284
337
-1161
7
16
138
165
-231
-13
-127
-208
-377
-150
388
-229
26
-91
-36
147
-401
49
-583
-214
228
-375
285
293
-491
-103
-268
-2
748
-382
-135
764
-313
-42
205
110
-146
491
435
119
426
-169
-22
-192
-225
-38
-826
222
-94
-365
-326
-174
-166
-206
95
-199
-285
-776
180
45
382
-114
-54
522
-221
-98
-378
247
897
-464
92
55
473
360
92
-261
308
-33
-40
154
407
375
180
196
345
-814
-90
136
-3
-262
98
39
-29
72
165
177
136
-126
212
-459
-270
-98
-527
241
313
-289
983
47
4
67
518
22
316
-39
93
282
-138
-434
272
-200
16
555
-478
259
-634
220
11
289
183
405
-423
-413
-738
-129
142
340
-586
858
621
-535
406
-266
-24
114
-201
-360
108
72
217
-153
41
-203
244
264
-241
478
-16
-230
345
19
95
-560
-543
-420
398
449
704
196
107
-627
-214
148
-500
-382
206
669
-453
253
679
398
61
-36
-51
450
54
-82
-311
168
190
80
475
270
-465
522
-313
212
-157
168
-98
-49
-301
-97
46
60
109
-350
-87
-367
-159
17
-898
-175
-326
-31
-79
162
137
-282
-375
7
454
-324
-763
356
-8
527
224
128
-207
-85
-36
44
-22
165
-289
-722
-219
399
-580
84
-41
430
232
415
-619
367
-314
86
365
384
122
379
-467
273
-267
234
378
-487
-705
-266
-221
-308
-221
366
-302
-180
-633
-94
104
631
-446
-9
-8
353
191
-415
477
-272
26
-391
-34
-705
-98
294
-11
-217
-8
-374
-253
-32
641
924
206
446
34
21
-170
-243
-369
-205
288
-124
75
-207
395
140
-112
427
-18
-125
198
-994
321
176
355
499
608
367
-115
-449
301
146
-440
-632
-163
-18
197
230
-632
-639
48
45
-916
39
-476
-38
-81
-662
475
-207
-609
149
-118
372
-104
-810
178
695
-455
-221
450
446
-453
-81
23
-596
177
-234
213
-186
-131
-282
-168
-54
124
-181
-337
-84
-90
-233
-186
-266
363
459
-16
475
-612
916
615
57
137
311
-358
142
-36
-212
-347
-229
38
411
-203
502
87
-403
-620
-320
224
-642
-180
485
-145
-169
-17
404
-635
-151
330
251
-380
-58
246
-92
67
-78
-245
237
-324
12
-145
-19
-227
199
-57
2
-323
-409
89
343
-112
50
-262
-243
-464
459
-287
355
179
45
-983
-419
334
312
196
-25
513
124
171
12
-353
25
-410
-160
163
721
-188
158
107
755
-112
50
-153
470
-99
32
19
-183
-500
-202
-1204
-259
238
-295
-99
6
543
349
-651
-80
-131
1108
-119
-289
-421
243
576
-208
522
-164
-336
-767
954
128
47
108
82
73
232
461
-582
-614
351
-411
365
583
-33
-192
346
108
73
126
-302
162
-22
286
201
83
13
162
-37
342
19
655
-2
-1084
31
20
-68
-151
-240
-111
6
389
-540
-37
38
246
2
-172
302
-623
486
-24
35
-423
196
405
-539
251
-291
-583
328
-125
-652
-256
-237
-501
666
298
14
-297
-211
88
418
92
416
-224
254
43
-234
-45
283
409
334
-857
384
148
441
-288
450
79
144
-380
-333
-31
334
582
-606
56
-430
14
562
-278
220
802
73
-143
-109
-168
-296
-93
244
-747
-138
-946
-760
-157
97
-368
490
-151
306
-530
-56
-352
-561
-396
-374
45
-62
-319
299
-602
-224
71
130
-384
-282
-386
-264
-95
84
379
153
213
-525
-168
-119
-578
-79
-98
438
-390
366
-31
-72
310
-88
-72
-147
-233
-31
-445
372
-593
509
-175
185
355
425
-42
568
-387
-253
-139
527
-36
-741
-227
-39
-175
247
-321
-291
557
206
11
378
-60
21
-65
365
-411
-504
-355
449
4
-259
-370
45
-41
-304
-4
163
-107
244
330
99
271
-274
-618
-345
153
190
7
139
-602
186
215
-150
262
-1236
354
157
-281
285
173
-201
-253
-498
938
265
602
153
164
-19
458
-926
-123
230
261
-27
315
30
337
288
-193
-240
-82
123
-510
681
417
337
-806
-421
634
-245
115
-83
-336
201
-420
-186
-342
-254
184
590
-167
-580
190
421
281
-164
831
-168
95
-546
-205
853
-560
614
429
-224
199
-265
-4
73
171
-372
-107
-164
90
510
143
-11
339
36
-21
188
538
-187
366
246
454
387
-460
656
81
121
320
91
-81
19
-727
-563
-476
-367
-31
-30
15
-9
152
-222
-333
-181
-406
633
-465
121
160
86
-24
-79
1017
-178
502
-603
-376
232
18
445
-208
-169
-360
367
795
118
-470
-721
89
-492
-107
355
-309
243
-106
77
-263
-540
170
-313
586
35
240
-91
432
209
121
-20
1041
-18
-123
71
284
-432
465
632
-347
-192
-807
401
-27
-504
200
-173
-292
156
220
-197
-362
-344
396
-461
-282
-105
73
182
-361
398
85
-73
-272
327
-525
-538
219
170
336
18
307
18
683
-49
78
-197
132
358
-225
-147
297
-108
-323
-149
-478
405
400
-112
-210
678
248
682
-263
174
152
-326
165
255
-191
467
-358
-272
758
-3
64
194
-516
110
-351
-109
-527
-237
336
-27
153
-289
-478
98
613
107
790
-161
-504
-251
-24
-111
147
-354
-595
200
61
-7
331
721
12
-678
338
89
319
326
340
357
47
-668
142
-101
-13
137
-569
-240
-520
251
105
-197
763
-159
-132
-178
-114
-973
-38
-335
380
98
-380
-679
-263
-145
854
49
-235
-79
440
-99
-423
-7
541
-94
507
-345
310
-390
-30
275
518
432
52
15
-732
575
205
290
-357
-187
101
-266
-62
61
-416
-205
233
-64
253
399
570
48
243
408
-94
816
249
453
75
67
-419
-51
-70
400
95
-144
96
80
-214
82
246
270
28
-385
-549
672
-351
90
165
249
-677
-279
232
114
-285
6
10
573
-93
-324
149
521
37
-117
-703
-410
-635
103
-730
20
301
-3
471
75
108
-68
-316
447
509
-337
-82
140
335
213
245
-72
236
-471
225
257
284
-130
108
38
85
114
-140
-239
32
-238
-376
-222
489
84
102
-423
-482
-265
18
216
125
112
-462
-64
577
445
140
-131
380
-515
-113
272
-55
-373
-265
434
414
241
-113
-81
898
-271
395
-1
-205
660
-82
72
350
-241
-74
-288
493
478
599
78
-744
-72
237
378
-23
-132
538
5
233
-8
72
327
273
233
-157
413
-891
-310
-413
-93
-68
-250
453
147
481
-143
-278
310
286
226
-752
195
-497
445
-151
-438
419
-20
-314
214
-296
118
-173
-84
335
-223
-200
-544
218
-603
-231
272
821
752
287
-45
81
-189
-65
151
41
-160
341
-340
-172
671
-337
210
-246
-175
-917
418
78
-74
-320
-341
-911
0
618
28
164
-290
183
498
486
16
-176
158
-19
518
-328
-142
-159
-215
-368
88
19
-61
-122
-198
-823
9
-230
118
-122
622
-249
-165
53
-897
-260
-46
169
56
98
176
-10
-235
-73
-160
140
-314
146
-249
222
-211
-221
241
-588
-316
-6
5
-299
-355
546
279
-12
122
-1
440
-289
400
-672
333
-381
157
67
66
-240
-134
474
-29
240
-116
58
453
181
714
281
222
-242
-153
-72
-111
406
355
-128
-184
699
-190
-511
-22
397
293
-373
-331
241
-539
-618
-324
46
85
496
-152
-271
29
30
332
292
831
460
5
-109
-410
301
-520
-178
41
279
235
44
-255
-43
-108
-1154
-183
-234
322
-62
-230
13
229
-109
1073
27
-4
22
-45
74
-117
461
32
587
410
-961
-100
156
169
234
-740
452
448
784
58
662
-260
-375
-82
319
797
-317
263
36
126
-34
159
-71
28
344
-144
-461
531
226
-542
-101
-250
-429
338
-500
-108
-169
-1042
384
277
-176
-14
-41
-7
386
12
220
446
189
-690
366
-551
203
681
304
-363
350
-160
444
340
-331
357
-825
555
421
-368
-229
49
-311
165
300
346
-199
-188
354
-102
72
-768
-458
116
253
409
-92
73
8
-188
-54
-33
182
65
576
131
231
62
-350
-624
547
457
10
918
-215
552
-52
-120
142
28
295
490
123
882
-288
23
-587
-594
18
-347
-50
-58
330
26
-72
238
384
-204
179
-158
651
-439
-15
310
-494
-360
85
-135
188
-182
-232
-22
-91
784
461
276
210
-465
-150
264
-1082
75
-337
-68
-90
181
-314
881
252
-538
163
-301
341
-527
78
-107
-120
210
604
425
67
-7
211
349
-94
-789
595
-507
154
-314
-32
-465
-111
-321
293
30
-833
231
-690
-494
965
-163
642
-366
175
65
-326
-105
-240
118
-7
-334
-123
-363
31
-414
-188
-177
514
723
-37
396
-288
608
17
-279
-252
-333
-83
-86
-181
-563
385
39
-327
65
-337
-213
815
-492
289
181
-153
151
347
-322
210
127
-280
-337
-59
88
202
9
448
297
297
-337
76
-156
678
340
-115
-528
193
140
-279
257
-281
137
-84
18
444
193
522
-693
-1
-490
201
231
-235
315
410
-554
-323
66
-70
-368
-653
90
626
-196
-498
-31
98
487
-464
148
-323
-164
313
-396
-296
530
-362
251
-273
502
190
-530
-48
258
-220
40
383
81
164
24
-200
178
123
-712
23
-67
-197
214
55
241
325
-308
-262
-703
-264
-272
387
-117
-192
-173
-365
178
-163
-4
-258
438
253
-70
457
82
-100
137
377
-444
84
676
-256
683
-234
156
-146
-107
-225
-120
194
183
-109
-422
124
-248
284
-76
270
348
163
-185
-808
-269
-8
429
73
-581
200
365
0
22
-51
-512
238
-273
-1180
-281
-340
-124
472
265
265
-466
392
277
-204
504
472
-595
443
594
-108
220
86
-559
187
203
-95
139
33
257
308
-158
337
-106
415
-451
140
401
-144
263
-581
-21
-105
-303
-541
-147
196
451
-116
192
-289
413
65
500
99
-69
-817
-411
-302
-181
19
-923
101
291
243
102
-16
607
938
160
190
264
-145
-584
-331
650
-240
40
-336
-173
-171
203
-144
-38
-272
-262
-606
-49
663
-180
112
94
116
-89
254
634
39
-380
-531
-370
-180
202
109
-271
-72
191
853
-191
324
-17
596
53
-45
-651
-194
-255
-315
-170
288
-649
237
-231
86
212
-519
-597
293
-107
-558
262
601
-180
53
215
-402
-199
655
113
138
-552
-284
246
459
-76
79
305
338
-337
-83
422
471
-124
731
-147
-68
-297
-83
-196
-60
118
-238
-620
184
-528
153
22
-8
291
-17
698
202
126
-805
-701
-294
283
-310
-102
-587
-508
17
95
92
78
-30
-54
-220
-19
-940
150
356
249
-127
492
-469
-181
-603
-376
-260
-122
308
52
-298
420
-207
-307
-189
285
-190
-642
-95
-522
359
-399
-347
32
-501
-243
-623
307
109
237
77
101
-666
354
-573
277
305
778
116
-166
73
-411
-73
-10
-39
-388
102
-97
32
-316
243
511
-479
-116
21
89
174
180
-354
253
82
-215
911
-283
308
36
365
162
-154
-329
-1
255
-190
72
-552
231
72
451
257
417
-407
171
-277
-84
16
-10
-113
-298
526
-116
601
483
73
-55
-262
-203
-276
-107
221
21
-418
1199
-9
178
205
-149
-383
229
-276
164
338
-421
-118
-487
152
140
618
-865
-544
8
505
-96
-386
565
528
781
-206
378
-260
236
160
215
86
-102
211
804
-8
414
-344
457
185
-79
306
130
-368
175
272
-45
-280
-31
-277
-10
81
948
-82
3
217
435
400
38
500
-15
551
-540
88
-290
288
-14
421
-260
-453
95
524
-310
32
569
-184
-669
-145
200
365
335
-43
252
374
-366
253
27
-296
137
-364
-160
278
-621
64
-256
-295
-28
-479
624
90
-230
398
498
225
-85
-480
-75
412
-462
-88
-753
173
519
-172
-501
-280
302
-168
572
-1070
80
-251
538
376
-375
1118
-435
598
443
99
164
174
554
-259
20
265
274
39
509
-23
33
588
303
-380
-249
350
-105
56
-366
747
-258
-330
437
-382
-524
112
225
-185
232
306
436
431
286
-7
810
-751
-267
8
187
-141
-41
217
66
-215
314
-60
54
-117
-256
152
-136
320
326
529
-217
-268
514
664
144
-184
-386
408
911
-66
-16
-418
242
-339
-42
-145
244
398
1216
-178
320
325
-359
-810
-29
146
-511
-369
-382
172
284
348
-58
-158
639
-485
370
17
23
-587
-116
-634
-171
-187
-778
70
-258
-858
-362
386
143
175
81
307
57
150
809
-148
256
767
419
-616
675
593
-655
439
-43
123
231
274
107
-652
-287
370
-301
-636
31
656
110
-241
-970
-595
-217
-123
-75
-451
323
-269
-14
-290
177
881
-364
-388
-303
323
12
-176
114
737
237
-72
-223
-108
355
733
577
602
261
283
-262
-559
564
-14
6
-822
69
94
345
545
592
898
545
-295
198
61
-53
-66
-80
-21
-132
-536
250
-171
772
27
-719
843
149
12
-316
-10
348
17
-308
191
-536
183
409
675
406
480
78
-300
58
372
307
-263
-202
73
-454
322
149
784
107
-50
107
176
498
-262
47
33
-601
728
-249
-348
-197
-277
-650
-380
535
614
570
147
305
231
-89
21
359
-551
-510
524
-740
134
617
62
195
45
119
517
268
528
-273
452
113
-553
-163
316
-105
262
-111
-201
-500
-518
-422
-107
381
-198
481
-53
581
11
575
503
302
38
34
400
586
545
-84
403
275
96
-444
-135
-224
7
-415
94
339
431
587
-204
-231
-519
-88
391
386
-234
544
165
-434
-622
290
153
44
-733
558
-37
-466
-25
412
192
-870
-290
549
-458
-266
-749
146
548
-195
324
-121
111
153
-1153
109
-259
203
-1228
-564
-295
130
1050
269
269
-490
-660
759
285
-213
-105
-366
-781
98
-627
-239
781
11
-435
553
-61
-780
-360
654
-480
-63
-1015
-87
236
-19
-153
-220
4
142
-230
229
212
361
-990
-57
-1
-412
230
873
-29
-625
414
-821
-387
-454
42
19
54
1126
248
332
159
392
-606
237
527
-137
538
451
85
295
-585
317
-444
659
-534
267
-144
-185
143
-401
343
-55
-214
105
-522
-91
833
-374
51
-323
165
30
-436
346
-237
139
7
-315
-294
-486
-403
-861
502
56
103
-1295
16
-83
281
1219
-24
368
123
240
-150
72
-452
923
652
-201
158
-101
52
-600
25
-97
-139
139
-174
148
303
-344
-284
4
-602
-56
-262
-78
-64
420
320
-101
230
160
-354
20
-381
-26
432
-232
332
-333
168
-373
196
929
-1475
152
150
-340
-151
-497
454
-90
82
-158
-90
125
-347
-194
-1070
-194
-951
57
-28
-372
-546
-14
-136
-357
625
459
442
-101
-209
149
-209
116
263
76
310
-490
79
-580
680
-239
269
-45
-4
816
226
192
-68
-121
83
-159
20
186
85
415
-571
305
415
517
101
-82
335
358
-361
-513
20
-65
-594
329
456
873
-239
470
-461
164
-111
-121
-79
55
288
489
387
321
155
-446
7
1
200
-182
-15
483
-319
609
-215
54
-431
-1
-74
522
-172
156
76
288
-33
-521
259
-278
401
481
558
-459
-631
-312
526
-132
-234
60
205
111
-208
-240
340
-558
-135
-103
-50
-189
-84
54
41
-427
-12
-39
-612
-422
616
258
-222
123
227
-781
-391
-765
-483
-38
-693
17
-175
-159
-41
-13
-146
-192
-58
-280
741
-705
-506
2
844
146
-520
-336
-153
721
79
-13
814
63
358
-52
-1123
-399
457
56
399
-131
653
-134
32
-184
-52
-367
-353
-257
-225
473
363
-472
-441
-169
962
159
86
714
-30
-214
-325
141
648
218
21
548
275
275
22
192
157
303
236
153
-353
63
-176
416
174
-334
-12
-182
-592
455
-786
93
550
-555
-194
277
354
479
-329
142
372
-277
5
105
-512
725
-182
126
-738
-512
-177
-413
491
-351
-394
-436
-156
259
-280
-552
8
206
-64
214
-37
74
81
480
-121
342
256
726
212
679
442
239
110
-328
216
-597
325
-488
280
-390
-291
-122
446
-868
436
-50
691
146
-139
862
264
-441
634
83
-202
441
-519
358
-59
218
558
264
-968
-368
75
-55
301
-530
230
233
200
541
231
18
65
-133
-647
40
198
-257
-89
8
521
46
-63
329
-286
163
166
611
122
92
-99
-387
-395
564
-764
163
269
374
25
-704
100
-234
-165
-71
-53
-297
-429
-207
-226
-298
141
305
174
411
-112
243
-328
125
-300
64
809
547
-74
428
-348
-1005
213
270
78
-221
241
240
151
257
46
254
-603
93
480
-8
627
66
-521
-16
1057
109
-364
-463
-43
401
93
-301
679
54
-195
-449
-109
-178
-535
256
-153
204
467
231
223
-320
-201
54
-36
-451
-265
-268
199
223
946
168
-204
-829
30
-556
754
333
457
694
48
-216
20
17
259
342
-551
166
-527
797
-319
-108
-9
-141
324
103
391
387
291
67
172
-22
-90
322
-782
356
836
-487
408
509
-98
59
123
213
-117
-517
-188
-172
223
-428
-201
-90
-267
-484
67
13
121
-475
-410
-238
60
-84
-93
48
-120
362
526
-134
-61
-201
-566
542
-140
283
221
-382
55
314
79
-476
-382
185
305
339
-295
-180
185
70
-599
134
-197
-170
-104
-1
-332
-317
188
272
-217
844
15
-602
149
-541
-119
-213
-92
161
-109
42
-87
1025
207
431
281
-177
-184
-677
-176
-72
-35
186
126
-208
190
-256
372
-157
337
-68
508
101
283
-760
483
-595
-118
307
-36
308
919
-396
238
-38
3
373
597
-266
241
-278
141
581
-589
-661
280
-175
136
-277
194
-261
347
-402
-408
300
295
60
-998
-148
-168
404
-46
-268
-320
-8
136
294
581
-94
-336
149
143
347
238
134
-5
-133
57
-347
-137
-305
-696
340
-401
485
-94
-48
-380
73
-192
-230
-294
564
290
-186
299
-456
54
-216
418
-272
1
85
305
25
376
220
-294
-669
84
-471
-87
-103
-395
61
221
-72
-731
517
-20
-927
-378
26
52
-171
-224
-52
-359
-130
635
65
431
-58
-292
-201
430
-117
269
193
-20
-194
-42
158
26
486
10
-254
297
-928
-237
-402
-408
-201
436
-323
490
56
144
-370
96
413
-607
8
-415
286
180
510
-273
-143
-51
75
702
-39
196
428
-383
-215
437
38
29
174
706
-889
181
-63
-314
-61
187
238
288
-147
-85
34
-256
-93
-69
326
-172
-109
-131
-204
-413
287
164
-324
-93
1
-326
345
82
19
664
-180
-431
1
84
-209
-133
-730
436
-271
166
-76
602
33
-31
297
697
92
600
-490
-90
-276
181
488
68
-473
43
31
16
508
166
597
-157
210
-613
-58
-61
-318
-505
172
-236
-599
-236
428
267
-266
-521
-181
-271
958
-480
76
-254
-211
655
243
2
4
96
74
263
-685
-401
170
161
276
-286
-315
103
-146
216
-229
-610
-270
338
-150
67
-109
-407
5
-158
402
-420
853
474
-141
-411
507
-380
482
-63
206
272
-345
-243
-848
734
-270
381
-201
-267
569
-141
-230
-345
371
-645
-228
-301
-532
-84
-140
677
166
175
172
23
-337
40
-282
33
230
88
-291
-256
391
223
-465
7
253
31
178
110
578
2
-350
284
-345
-301
343
74
-737
-569
-449
-140
-52
173
-45
-286
187
428
-248
492
133
-190
472
-163
-297
-133
201
120
-259
125
-185
95
199
-43
-61
-474
-287
-456
-219
-181
-871
-74
387
-84
-100
-14
-850
226
14
972
117
-185
-97
-248
-56
319
-206
-352
-242
531
942
-59
676
-566
-10
-344
-28
85
-342
-63
469
-415
172
125
-53
626
-459
-85
50
-167
287
-66
1288
-128
-221
112
52
-17
219
-658
24
671
-366
305
-23
-454
-594
-72
233
450
148
-925
68
104
-864
45
174
-282
573
137
-84
-731
544
548
-455
-21
-104
174
529
-509
-330
-50
285
-155
678
-203
494
-155
-63
71
18
249
139
135
-42
149
52
41
-311
191
71
418
603
-640
90
-3
-1
32
-279
533
-852
104
576
-6
282
-168
317
51
-373
-160
-442
-297
213
524
312
-87
-446
-17
-360
-17
127
-60
92
-222
277
-91
399
417
32
79
-332
231
-41
-245
-1150
-356
847
174
-96
-44
-284
50
486
285
554
119
-360
90
-253
-139
-487
-413
295
-323
33
304
-174
-181
99
-153
790
162
-129
-250
166
-200
-236
422
-92
344
-232
259
-241
-190
-457
-662
-141
614
-20
-63
1
459
-247
-154
-104
-133
-124
-143
493
369
-49
-657
191
-261
531
65
183
-72
-196
69
203
-116
-65
-414
-104
-51
47
117
-694
663
-14
287
-134
-199
386
-215
-81
727
-241
261
634
229
-107
118
270
220
-279
-16
-11
65
-75
-31
7
-309
360
558
448
-343
270
-537
-188
469
-261
-219
94
-58
516
338
400
-352
-86
-438
503
139
-36
140
27
331
-171
89
-48
-318
58
-8
-143
179
-166
181
449
63
-44
-300
-239
-26
636
-231
-734
-239
241
136
-41
-15
597
29
419
-215
288
304
-117
933
335
-236
-517
-849
314
-554
426
252
-305
72
153
-197
282
72
209
-41
-31
125
264
-312
195
-532
101
-298
262
71
-168
31
-133
639
619
521
330
-595
487
1355
73
100
342
-604
-273
-295
-237
-145
-267
124
517
969
-386
-470
-106
157
-384
-805
-619
-17
-115
282
-222
364
286
30
78
492
-482
-76
62
-388
889
139
341
-4
355
-64
-379
-162
-534
30
-129
-686
447
-244
-39
-375
355
54
256
-283
577
351
154
-14
239
337
387
-412
142
167
42
268
87
196
510
177
489
-180
261
-20
227
-200
635
376
36
380
-142
665
669
223
-95
-435
-557
-131
-27
-171
118
-19
478
158
128
-500
380
497
-210
-574
245
105
166
-102
-292
403
-294
-124
-525
-23
270
-575
483
649
394
-204
-211
-306
164
-160
-99
515
321
507
313
227
67
-454
382
-136
-149
-421
817
-441
163
-298
-550
-437
340
78
191
-22
-321
-186
-48
83
116
-759
670
474
-293
-24
-386
-378
-661
64
-112
-198
-304
-128
-352
-181
-55
-2
-651
-887
147
283
-98
358
287
-184
-114
-542
112
81
36
-37
-91
331
521
81
341
-264
-453
163
-427
-607
118
82
-487
386
585
146
-307
-16
190
-61
-210
127
-57
-12
-510
33
493
250
122
-874
-19
361
-215
436
-444
193
-496
-550
-469
284
-229
-405
-480
-936
-110
-208
-730
195
16
195
-52
-666
-66
-464
-94
-150
-6
577
-233
154
-393
10
417
134
899
-16
179
-21
-257
-276
66
-121
163
-217
-168
-125
41
-677
279
-185
698
-129
215
-157
235
-134
-52
78
190
785
-36
-221
247
-161
-88
-389
422
-31
48
48
-690
176
582
299
259
-101
-231
144
253
468
-460
-331
-249
128
798
175
-45
229
-394
245
-79
419
369
335
185
-91
852
-142
312
-70
-260
-354
125
-89
-271
1033
-300
-98
90
-41
287
462
260
709
-131
174
96
-377
140
44
78
-37
166
-262
60
-271
100
422
387
-27
-73
61
763
-354
237
7
679
136
133
-123
-110
-84
285
-252
352
-261
389
73
-29
-318
222
-232
278
-196
19
697
84
48
-311
-173
-55
-222
243
-133
472
343
13
71
-13
-81
-725
257
-15
-19
-126
26
-274
13
-456
622
-237
170
-426
9
125
-129
-342
-378
-168
154
-233
43
-762
165
-449
101
145
252
207
-148
396
-2
-627
114
-234
-257
503
708
-144
-68
205
-329
-517
18
-872
-646
197
138
71
88
37
205
-728
-50
354
351
-810
-403
576
-947
-422
853
1184
-79
-569
-161
-634
-31
119
-188
61
282
-71
39
85
203
234
50
-162
286
-44
401
-208
-356
-174
-656
-209
-178
92
-273
-395
-91
-344
-232
77
65
-384
-244
155
-199
-767
1022
100
-267
291
-228
-351
189
-17
278
-20
-426
-344
185
18
111
-230
-158
-381
-545
236
-145
593
-379
846
506
406
695
97
186
-529
632
-740
-82
-246
-55
-69
-642
-601
-567
-88
-133
144
-367
335
74
-314
-215
-295
-68
155
-42
21
-100
-133
-628
-295
207
23
-131
-443
149
74
-196
-644
-154
176
138
-43
-34
176
92
-870
-200
-501
17
-12
-815
-106
296
746
-258
-209
140
68
-148
-732
597
200
-432
298
-352
553
-252
-1
116
-92
-301
-299
-224
-402
132
-183
-381
363
-16
459
545
-272
-12
176
211
88
-101
169
3
121
-128
-194
-161
438
-2
-71
161
-251
-447
-405
325
-508
-137
-65
-181
167
37
460
381
-356
436
-472
-141
660
505
384
91
323
-262
-144
119
-169
-185
-504
-8
-255
-138
-310
806
-244
259
-775
-134
198
-531
-159
95
26
-821
-321
184
6
-235
-302
-49
786
362
352
-170
480
199
206
114
-161
-89
-302
-548
278
-770
-133
270
-562
293
-493
100
343
599
573
-616
-72
-284
238
837
246
245
278
303
332
-219
-251
17
-166
405
705
-407
789
477
-105
-82
-152
113
275
-5
-184
-325
365
-435
512
-678
-603
-19
-217
-239
-89
-285
-745
70
548
-26
-328
487
-160
522
452
449
-460
-190
-60
424
475
-227
-282
-441
-47
-293
-535
372
-488
263
-60
54
-194
267
-66
237
-131
169
99
292
335
-21
254
47
317
693
860
-250
-664
582
189
-365
660
-2
9
283
640
-154
3
73
-19
395
-538
319
-108
-290
-91
130
167
74
-229
-14
-189
-255
324
-65
488
78
-126
-418
-824
-51
-939
-142
-43
235
287
-183
-152
468
-597
101
-344
409
-214
212
-280
347
-133
-178
210
314
203
-20
168
225
273
-66
-54
8
-228
236
226
201
-249
155
-258
281
-730
395
315
25
333
100
164
-290
324
98
-274
82
-490
-1040
87
-35
385
-278
278
278
3
-245
-134
711
141
-485
344
476
-6
-283
-18
371
218
417
-16
-357
-134
-208
469
304
-678
-509
-532
-411
158
629
730
596
115
54
17
484
-74
-172
-347
-652
-385
-162
40
22
-311
371
-277
30
-41
-81
558
233
-537
224
5
-368
-532
-579
376
280
-183
-213
-282
484
300
-429
-188
-415
70
-59
184
-63
-172
550
-470
-235
7
-201
-581
623
315
-722
-229
-524
-254
-58
-362
-160
119
312
-256
-332
-15
619
286
-199
-280
-145
359
-411
-82
-17
-203
276
-130
70
-325
268
-505
-350
308
-51
-56
98
-192
205
827
-342
-111
55
191
-116
552
320
152
406
97
233
80
-97
613
522
609
360
524
-364
259
294
-120
195
149
610
41
-454
265
-780
-44
-199
-270
43
-338
344
-462
25
777
47
-53
77
-55
490
-105
-545
-281
-232
-551
235
252
33
92
163
406
-230
317
-789
93
-315
-265
177
289
566
-899
49
-2
-279
-195
-24
438
40
591
345
554
801
361
-125
-298
-271
-42
-133
-293
-17
-230
607
834
204
136
64
56
-187
-269
356
763
447
-331
365
-14
-74
342
458
-94
-232
62
442
169
99
695
-29
283
-387
360
494
233
-209
205
27
-419
24
-19
-514
-376
278
-137
-60
756
-15
-521
274
-191
-59
1211
276
-77
297
637
187
-721
0
135
-597
168
350
344
-548
102
-64
-297
-180
-13
-37
131
-362
6
-387
62
185
-764
-259
318
-81
35
286
-632
-168
472
-57
63
-392
-40
32
-315
449
408
-614
-99
-203
69
-408
442
34
123
-33
351
201
-53
-849
123
-571
-45
201
-20
306
238
563
301
104
-90
199
212
98
-58
-196
-60
-159
324
-318
259
-49
-167
30
15
-333
-309
424
-128
-152
-112
411
-498
196
55
-49
-238
363
251
201
187
-645
426
-22
-449
80
-446
122
33
112
-550
9
-300
144
-1023
-976
20
523
285
-381
282
634
100
-655
274
32
-21
126
291
-25
-19
-101
288
386
-22
-58
647
-332
85
-384
279
417
123
-491
77
-539
-167
71
376
312
525
350
-277
262
-260
-514
333
-217
-217
459
-204
-413
-492
65
373
67
-141
-769
-321
-350
-354
-244
-358
-237
230
180
-271
-47
247
-82
-176
102
-76
12
-236
901
-86
74
94
-86
-318
-8
-287
-235
49
79
-341
614
53
-289
-317
-155
-726
199
404
-262
-161
-114
-142
89
177
58
172
637
282
-320
185
459
-177
206
262
72
383
41
-169
-98
-300
35
-396
-790
609
96
-244
758
-169
120
583
479
-91
-880
-177
-489
265
463
729
-571
584
484
-75
-260
-83
-58
-370
-594
62
373
272
-140
-237
415
-125
-403
-303
-43
92
121
-46
-51
-200
248
129
806
180
-505
79
-171
194
2
-333
196
-166
221
159
-98
-72
-442
101
423
289
-303
685
-63
228
-373
-278
234
-328
252
167
-122
18
77
64
-2
-647
492
-295
308
613
-11
-286
158
275
-488
379
215
-51
-182
100
33
-259
226
29
-83
-334
38
298
52
-860
20
-15
-867
425
-150
135
-364
2
-233
-178
281
-90
-213
156
-62
326
-105
111
-206
175
99
273
107
885
687
197
489
-295
-164
586
325
-484
-229
-425
-385
-355
-144
-462
-192
-129
-160
433
-215
-66
-5
62
-27
648
164
-531
441
-180
48
167
-453
79
-204
678
-785
-666
90
216
-286
-495
-362
68
482
-716
-64
-478
123
289
-157
986
401
-398
-371
190
-72
-90
340
-73
124
-500
262
642
223
304
101
-84
312
-419
-376
167
-188
675
-7
-261
-325
293
-464
-250
840
-139
29
-721
50
210
-545
536
272
-465
-288
144
-274
-313
434
-296
12
78
-105
-211
103
188
632
418
-345
-250
-278
-327
-329
237
-511
-240
-166
-342
-137
-422
59
342
-176
-213
-130
-129
40
149
607
-346
731
626
-176
414
-400
-443
-132
241
70
-69
20
-75
218
-285
291
-18
412
231
-42
0
732
-321
338
143
-168
23
-137
-324
521
-207
-188
242
-56
252
-19
96
61
469
179
-31
407
248
-409
244
-541
-238
450
-99
251
-303
-198
103
91
-615
287
558
-316
-381
315
24
513
443
-15
106
153
155
-327
171
-342
-356
95
-363
-172
-468
167
-307
377
603
-325
358
63
80
-246
412
314
21
239
-779
-575
-265
-450
-325
639
567
-58
-395
-178
-101
-117
-49
-361
-4
330
-331
-243
685
231
453
248
190
557
198
-77
19
38
206
-217
38
23
276
-280
786
569
92
-109
227
172
552
-24
84
-115
-57
534
897
133
277
-50
-281
-328
638
97
-234
-303
135
-279
70
-101
-229
20
318
-262
-453
17
361
116
-85
187
-114
-503
240
-82
603
-124
154
446
-24
34
263
-791
375
-170
261
-597
101
202
302
-202
372
147
-99
-346
640
35
44
-174
149
797
-774
529
317
93
-616
-38
-883
-280
-423
85
-441
-574
-220
-116
-30
203
126
103
-49
352
-147
-60
-571
122
131
377
163
-261
-212
722
-184
750
354
-87
-137
-191
564
-34
-84
195
-175
-430
421
-42
-169
-595
893
224
134
-899
-28
-159
-253
270
-770
-415
290
-107
-510
159
-134
-601
187
-527
351
136
167
217
-30
-309
-583
-359
-79
-5
-280
22
4
-172
-429
625
193
932
-218
238
475
-235
-54
-74
114
52
-65
180
677
235
90
-122
-41
-787
141
669
141
-431
-247
-96
-165
-235
516
-575
-31
-336
-155
521
133
-432
-337
235
158
-84
-169
-80
224
-480
-313
5
-421
287
678
121
-558
305
-170
-9
21
-66
316
-37
-416
-104
-291
877
-40
48
-600
-642
229
221
145
-2
-390
-595
210
-228
-363
319
55
83
-804
1
429
-25
2
18
14
-687
87
-325
-505
-249
515
-207
-274
158
-702
39
684
-93
-341
502
451
409
873
-460
-184
126
-496
174
-11
-535
-118
-49
-162
31
-463
577
643
676
-506
-26
-829
843
48
-130
-184
103
-54
393
-321
-406
326
158
-198
260
-252
579
187
-586
303
-88
133
-409
-418
-414
332
66
214
-79
588
898
-325
22
-180
-377
-280
-16
-177
-458
413
551
645
-410
-722
402
93
57
168
946
-512
190
78
-207
-280
-226
93
628
-529
206
635
-298
-95
473
269
-337
701
487
374
-751
53
-195
112
275
145
-218
106
-364
-451
-332
226
-418
438
20
334
628
-286
-7
5
-345
678
-365
-107
-177
-620
-116
-477
123
-161
234
-201
-417
346
746
335
170
539
31
226
-270
-98
502
316
-295
1008
12
-133
-881
484
-86
-275
-179
-410
-518
65
-326
-147
-671
-336
-230
333
214
378
54
275
-613
579
-256
363
-103
-409
-365
-493
-525
342
140
-266
-465
-39
-157
409
221
855
-447
-27
395
47
232
-289
-159
-827
202
679
209
-55
606
600
-507
-635
409
27
-285
395
-114
-489
320
177
-292
-250
-177
-159
-453
612
158
492
158
16
-474
-159
273
543
746
-335
528
136
-243
9
410
-359
51
-64
-32
-524
51
-201
-75
-634
136
-74
-20
-31
41
397
-702
56
56
-672
-189
565
-460
-276
-331
-30
259
610
443
958
-554
580
-608
643
282
312
-1
-164
104
176
-697
132
-308
219
274
-192
169
644
180
-28
-389
-498
-218
242
338
366
53
-489
-672
85
299
564
-689
-684
-290
-114
169
-174
-15
151
189
369
129
-263
189
90
-111
-392
308
226
848
-23
-131
59
233
-290
215
-37
-311
-138
-382
213
49
-235
158
-60
-538
-264
113
-1
220
-357
48
463
-269
352
-475
-352
76
377
-79
631
-87
426
503
-152
-1
-74
-45
-272
-422
-676
291
345
348
-122
-396
-46
-133
-11
247
122
-389
192
27
34
50
-280
205
-81
-258
-371
445
-72
-323
140
-670
327
-430
-473
-67
-205
-92
572
-435
522
-147
-81
-383
-389
568
271
-247
-1018
304
128
-324
495
29
574
48
-293
-868
135
-36
-87
-531
-318
249
-70
-70
-30
590
-574
-114
-455
547
-471
383
415
626
300
342
382
-727
-8
8
-584
-299
-85
242
408
-340
379
551
-445
256
2
376
-216
-316
-446
332
-425
-294
-520
-85
293
-299
344
-168
270
-265
731
718
-266
-182
318
180
-232
810
-41
-317
338
-614
-179
-580
-42
-372
-313
-769
11
-7
52
40
-452
366
410
127
-500
-186
935
-29
386
-475
-723
104
-144
124
485
-165
227
-98
243
-70
-233
242
80
44
-430
189
795
-507
-219
-120
-423
393
8
343
634
-265
672
-155
-259
-248
71
71
-252
716
305
5
48
267
520
-45
406
101
-404
-166
218
-271
769
499
-470
-295
-335
-596
-473
-246
-269
78
-11
-1071
-56
-41
-22
-111
322
76
66
257
-138
96
118
-13
-185
-33
-737
148
-372
-321
-118
-113
26
-301
-514
-1146
47
42
-80
535
-112
134
-629
-104
-373
-435
-54
-134
372
207
192
996
111
398
-22
293
142
-391
482
155
-589
335
-405
152
380
-32
-205
450
323
206
52
-393
251
109
64
122
381
-472
554
354
-194
-380
37
108
356
266
204
376
-9
149
-56
-723
41
-506
-529
275
249
221
-56
-471
-28
140
-296
-726
373
-149
-83
218
-52
-129
-257
-444
-195
-393
-100
127
159
-186
323
-418
138
30
299
-260
105
263
365
-343
1002
893
107
-273
700
-187
345
-671
206
754
-176
369
-372
156
-605
28
-108
-333
-104
3
183
-46
-528
-443
364
419
-463
-39
-261
361
-262
-46
-149
-705
-404
135
104
170
-81
-317
452
361
280
183
-192
147
175
-47
-22
-313
305
-36
17
-171
145
-559
-1106
-869
256
-748
-318
-42
614
-280
192
162
-63
-551
608
-636
152
128
758
-45
-492
-330
-83
-325
-208
30
270
481
156
612
432
-26
89
642
161
-392
-210
-167
-239
378
-112
-68
58
27
497
-126
-534
-375
-381
507
-217
-74
-234
178
183
-207
472
-500
23
-414
569
-67
114
209
183
738
205
332
-221
-203
397
-91
-553
91
461
-463
490
-26
-317
-664
-11
-280
-26
300
-25
140
779
923
-247
59
585
-463
-116
668
23
208
-242
-237
-783
79
-271
-553
762
-482
-280
541
-163
-551
-378
-584
114
-656
-67
-616
545
-35
-488
-326
-356
-38
453
-163
293
333
55
21
-57
-216
146
-630
53
-334
319
-134
-408
145
258
-460
-534
84
-200
-177
999
-73
215
227
-95
-388
-86
304
-355
-689
-142
-382
-104
161
-197
467
268
265
-117
156
-605
-544
-207
-154
-268
-426
-387
42
592
-767
-14
-63
-102
-363
501
136
-408
93
-547
-481
783
362
-830
-158
15
-407
154
-78
-7
363
-598
253
208
334
-802
33
114
-640
530
-218
574
-337
-594
107
-238
244
272
193
-103
317
552
-118
572
-122
-437
-611
-65
-750
-265
-288
-71
33
107
426
138
905
-270
-36
186
396
7
-405
-295
-221
609
-464
-441
-40
-499
-954
-792
184
-214
-600
-69
492
192
247
-244
393
234
597
348
790
-326
149
221
-331
-324
423
175
-477
334
62
-276
-254
273
-1012
-170
-127
-8
204
67
505
127
-68
-558
-154
-11
352
110
-436
18
-320
-385
12
165
-41
30
-538
677
-285
60
-150
-172
-137
-143
-149
-159
-16
-135
390
549
-226
-667
101
-117
156
162
802
-419
308
355
-389
-120
179
-308
-445
-113
443
53
837
18
701
-401
-38
-40
-889
465
-263
68
-276
-260
-97
-147
100
-192
-11
252
390
319
830
308
-67
-254
-340
484
-394
560
-137
-287
254
932
-30
-464
-268
249
-58
301
227
-61
297
-352
557
127
-65
-712
-630
22
115
520
-184
145
-385
18
-349
306
92
375
-220
-477
-165
189
53
482
220
411
-519
168
554
-301
172
-197
484
8
-329
-382
16
-69
-30
145
485
471
-115
436
220
-193
-241
432
-441
-460
-141
463
477
-130
-281
384
-489
376
-877
-640
-980
227
331
66
-149
-100
-807
-352
-558
180
75
-266
627
-185
103
-86
-71
93
83
150
-431
161
10
-230
78
-89
708
613
7
-206
55
503
155
46
-223
-184
-199
219
1075
33
-53
-303
69
-282
115
-38
738
-80
-268
131
588
159
-32
273
475
-386
-136
-457
67
221
-58
-317
-692
-286
345
164
-277
-442
118
163
508
-236
173
493
315
203
572
-31
-163
55
376
-20
108
176
685
-633
337
124
-207
91
182
-106
116
-247
385
117
-202
185
592
-223
-420
111
508
73
192
-329
-150
91
48
-462
171
358
666
-195
90
191
271
-96
56
-306
-631
329
550
318
101
-183
295
588
208
446
-340
296
89
-451
-413
-520
676
539
658
-9
470
-655
-383
-26
373
26
372
312
278
24
412
189
403
-44
-274
820
133
-185
-385
-108
-218
-39
376
287
-765
-316
162
-751
-388
231
193
655
-334
180
-440
-321
-18
-645
105
-155
-89
-42
38
-296
154
403
45
-249
19
163
37
233
-494
408
-456
316
-49
-161
-472
122
-519
99
398
-281
240
417
46
77
548
-263
-394
269
432
39
-213
-503
176
-995
-34
13
433
551
-34
-591
88
-215
576
-432
64
53
1080
-654
-360
171
-606
396
365
-284
-114
-303
332
533
452
399
-196
-27
-159
186
272
231
70
424
-501
348
-80
128
159
-121
-416
87
15
-103
-219
309
-333
-565
143
61
321
403
-304
749
1114
-233
-452
-98
444
355
509
-109
-4
616
-97
-113
-291
-991
-193
594
-731
-69
-134
-151
-43
-59
371
-84
124
299
207
-315
43
196
144
104
-365
-9
-67
468
-430
953
86
35
-413
224
246
17
128
604
466
-43
173
-56
221
44
-414
-120
159
433
-372
372
194
-185
355
-252
216
52
-132
-460
88
-220
44
814
-240
99
-65
-31
-209
-164
-289
33
-31
29
186
-283
-445
320
-176
-42
339
340
363
256
120
433
288
-123
-350
-351
468
-237
-495
30
31
1250
-203
222
-259
29
-579
-295
-317
-101
286
591
-144
17
19
558
-12
-423
-195
-254
1007
83
150
884
-53
-79
51
-270
583
128
512
481
-210
-112
407
628
298
555
-288
-22
106
-179
-534
685
-163
-372
-555
208
119
542
146
-220
-158
243
-223
-143
-983
132
159
-213
-240
-352
-403
