49 60 121
1 10
1 13
4 6
4 41
4 44
5 2
5 22
5 38
6 38
7 1
7 14
7 39
8 46
9 6
9 27
10 45
11 18
11 24
12 13
12 30
12 44
13 7
15 8
16 1
16 41
16 46
18 9
22 2
22 28
23 46
24 26
25 36
26 40
26 42
27 32
28 16
29 47
30 9
31 37
31 38
32 23
33 10
33 37
33 43
34 40
35 23
37 6
38 14
39 3
39 11
40 0
41 12
42 32
43 9
43 10
44 48
45 19
47 34
48 20
48 30
16
44
22
8
14
29
5
10
11
15
0
46
35
50
30
36
40
24
55
23
7
18
13
45
31
49
26
17
27
4
32
48
21
53
1
9
43
52
41
39
47
56
6
51
57
34
28
3
54
58
20
59
33
2
12
25
42
19
38
37
-13
16
93
-155
60
-45
55
68
172
131
20
59
-81
145
-81
-52
-12
19
99
139
-16
-196
163
-41
-19
201
-44
-240
-6
29
-132
-148
28
-55
-33
-162
319
224
-89
234
84
-20
-131
131
45
34
-139
309
202
227
-39
-77
-274
70
-70
92
52
-48
96
-86
278
168
57
-34
-246
-6
-11
115
284
15
2
-56
104
-39
-42
40
75
-154
-56
-109
34
-4
148
82
59
-126
161
23
272
-220
103
262
40
18
-142
-228
-4
111
146
-41
9
-40
34
64
67
196
-82
-114
29
245
-25
-41
40
18
3
-282
106
142
-89
-54
-127
-76
66
28
-107
94
-169
-170
-20
96
83
144
32
61
-150
-16
-48
-64
-104
158
168
-254
79
67
118
-19
-125
-94
-23
-90
111
66
-265
-172
-3
13
4
-92
-48
105
43
115
134
62
-62
184
-9
-60
-35
-167
-67
-16
-213
31
83
-42
195
169
-85
-163
-49
66
-52
91
-43
-41
49
-194
-137
36
37
126
-15
-188
-146
14
-37
9
311
-94
0
78
8
-148
-123
-319
61
61
-49
5
-75
148
-11
12
149
155
-103
87
-85
89
-7
-24
21
-68
96
20
-37
117
-189
47
96
255
200
111
130
36
-157
167
-69
-224
31
-185
3
-111
-166
18
-187
22
41
334
29
94
27
-77
21
270
-46
-266
66
-225
-18
75
-54
-253
-149
-33
82
271
15
-143
-11
-76
76
6
-204
-114
-67
52
31
-14
-96
-132
42
-175
-92
-119
138
-34
238
-212
-188
-124
-40
-9
69
45
-47
200
95
-34
110
-142
-200
-157
27
-49
-189
60
194
-122
-64
-30
114
-2
-45
288
17
0
78
-23
118
-53
-4
94
-153
137
-100
-6
-15
40
-91
311
-130
-195
241
-45
92
4
78
91
46
-1
26
-245
-40
-75
-230
-88
181
-151
42
-203
28
16
-252
-28
-60
98
-73
-63
50
111
5
9
142
-59
-109
53
178
93
-110
147
11
144
-85
86
342
112
-240
45
26
129
-72
77
-19
113
20
134
-88
137
140
161
-204
-31
39
120
0
-102
96
36
39
120
180
56
-89
-127
-4
-127
100
89
90
147
154
-116
43
1
-43
-151
-67
-23
215
-50
113
-64
257
111
44
-48
-160
68
-33
-188
85
19
125
-89
-161
41
-216
72
-15
-61
-111
41
-33
-216
-4
-171
111
52
-74
-114
13
69
-180
107
0
-40
-126
-141
132
-32
14
-56
64
-187
38
160
29
-35
96
-63
143
-13
-77
-128
148
67
-177
5
108
44
-124
42
58
215
30
156
-35
-125
-91
173
-22
-22
115
-141
209
-123
8
55
28
-50
-23
119
-187
20
-45
189
-202
-27
56
-30
69
-128
90
12
50
78
-133
-273
-174
208
-112
213
11
86
83
-115
198
80
246
133
151
105
37
73
83
57
-139
-252
-98
232
-93
104
-4
77
70
148
20
64
-262
36
89
-66
64
-9
12
-91
15
44
36
-7
131
95
56
-29
51
200
-269
-28
-135
106
24
293
-240
-12
60
-103
21
-193
-87
63
-72
82
-42
-51
119
184
-110
245
-31
-49
-22
98
34
88
122
-118
51
-65
-147
-23
-347
165
303
-53
14
49
-199
28
21
26
-208
-129
-61
-157
-102
-203
-72
111
18
-1
60
147
-101
-43
133
4
7
50
-62
-109
-21
156
122
-177
74
110
-66
-47
80
-165
26
109
-85
-307
-73
70
67
-105
90
-240
-170
-87
-21
-41
-51
-71
-107
-140
16
29
-90
-118
-190
130
171
97
66
-143
145
7
279
94
146
131
-13
4
-135
149
-11
9
27
-35
-10
33
147
68
148
132
-29
-66
-15
-96
22
-23
367
7
197
-260
-135
39
214
-276
-161
95
206
44
53
158
-71
-35
-109
-2
24
58
-16
64
39
90
175
-2
-67
-196
63
-59
-91
13
-39
-17
139
172
181
-208
67
75
27
26
-14
67
-55
61
45
31
-11
-72
166
-58
135
10
-58
212
-72
117
-56
210
261
-95
40
75
-176
53
-50
-57
3
112
-11
9
-109
131
-21
14
52
8
-133
238
52
204
102
-22
119
214
359
-94
-80
-5
85
3
114
8
-331
-237
-52
77
-44
198
77
-63
38
79
-86
21
155
-58
-112
-11
-43
190
98
-94
-1
-139
297
-249
-57
137
-51
130
-102
-18
21
-21
76
-221
226
106
-48
180
-109
-5
-289
-12
-28
42
262
-27
-76
-79
-99
-59
-112
52
63
-73
-1
-180
-128
350
15
-168
-1
58
102
-4
-45
3
56
59
-117
13
51
-128
-253
-101
-352
-164
-19
-42
195
11
67
82
132
9
52
-123
110
-25
153
-115
31
153
-49
-92
-71
134
119
10
172
-169
-70
-16
-109
-166
-9
-130
-178
72
-5
-159
145
-171
-43
-106
48
90
34
-179
-104
-57
-71
180
5
-17
-254
71
-83
-96
194
45
-93
-40
29
262
66
77
-10
43
-334
106
-113
-117
101
66
242
97
23
120
9
-3
-149
-18
117
-40
-145
-135
232
-236
-92
66
-5
88
65
59
-25
-7
27
-79
-1
178
166
-22
57
86
190
-81
-195
64
-138
14
-73
-3
-137
172
-159
83
19
-126
-279
12
112
237
21
36
7
-145
-28
-248
144
31
54
-112
-172
12
108
47
53
301
18
4
-28
-132
-168
84
30
12
81
127
-120
-55
-142
101
-241
-132
262
120
269
-20
82
34
-34
-51
-97
-42
8
-54
-71
-66
80
-185
-34
-179
148
-29
-117
1
109
84
-11
-30
-39
236
137
-121
-111
-35
-163
-87
-1
19
187
125
-86
-188
39
27
-104
186
65
198
-206
153
-145
150
-37
-89
-119
-6
-141
19
-33
-164
214
16
-128
170
-137
63
109
-180
148
146
-195
155
179
-184
-43
32
50
-135
-49
-170
-12
11
196
-28
-74
53
360
3
-146
-114
36
141
31
-162
134
32
211
-20
61
51
61
-147
12
39
-127
-83
-41
17
-78
7
40
53
60
17
87
-49
87
106
-236
-27
-85
-37
183
-3
-279
-153
117
190
62
-71
233
-14
22
-78
-122
1
162
220
-221
141
-194
-47
65
117
126
-98
66
62
-93
234
-52
-12
201
82
-55
-128
-64
85
13
164
-150
-132
96
-10
-36
34
-103
152
-84
85
31
-148
-51
-247
181
-124
-173
47
64
-116
108
-164
188
-65
129
-76
101
-3
1
-11
93
-83
329
-118
-10
-203
-6
-162
27
116
181
99
166
-170
-145
-47
-95
-182
-105
-61
-58
-118
193
-8
66
72
48
-86
-137
108
37
-98
-72
-12
102
39
158
93
-134
80
78
234
28
99
-145
-121
11
10
173
78
-66
-29
38
-74
-58
163
-184
-10
159
57
-75
-80
240
101
-175
-169
130
56
-251
98
72
79
105
242
150
281
23
-41
-38
164
218
-42
-250
138
55
-169
2
98
-30
-148
-24
257
217
-181
115
-47
-60
-38
-42
190
-88
114
126
-170
76
1
-35
-7
86
-134
109
160
-74
132
151
-105
59
-44
-85
-283
120
180
-56
15
-78
39
-50
-111
61
-31
108
79
122
190
-131
65
146
-232
136
129
29
-41
32
61
-69
94
-85
133
-223
175
5
-55
-157
-21
-82
-34
104
164
-37
-66
47
72
206
83
227
130
1
-208
-75
84
5
252
-21
-122
51
248
81
36
-190
147
20
99
16
-89
65
157
31
60
-9
42
160
62
-366
-225
46
-38
74
-300
98
-4
160
43
109
-67
-65
135
-59
-53
-95
19
-41
-216
-56
95
30
40
137
-20
-78
-30
143
14
-125
-21
-86
-162
-58
78
-73
117
112
157
-248
-61
-94
-4
-81
33
43
-191
-45
15
-75
-16
-73
-166
-49
-131
174
144
-15
9
202
-87
-81
21
-65
71
-138
-77
7
67
-26
-134
-49
235
115
84
-168
-91
175
-55
159
-148
-258
137
99
-75
90
179
-58
103
12
261
69
-14
46
-266
-36
-202
52
135
76
-125
5
-18
12
-56
20
129
78
136
131
-142
108
-105
8
-98
151
-57
99
12
208
-73
11
-163
-132
-60
20
-200
-169
160
-37
-185
270
84
-145
-31
228
-184
-100
-109
310
-18
253
137
-169
80
-50
210
-17
-13
-38
40
137
135
146
-147
-188
118
-46
-155
-36
118
-135
21
-26
-37
-24
153
66
69
39
-27
-53
-183
143
-236
152
73
-108
348
218
-6
-111
-142
-36
-276
41
24
129
98
174
-139
74
23
-26
79
-46
-47
96
-266
-104
-231
-200
58
7
48
-35
52
70
-23
108
112
236
-37
4
-58
122
57
-13
-38
93
-30
-44
-27
-65
-68
-160
-30
-26
-45
-4
61
-19
-120
-101
32
-265
163
-57
-59
-16
4
-53
-138
56
-121
-146
-12
43
-133
20
77
-12
-63
-88
-27
-40
-101
98
286
-134
-86
72
73
67
164
35
-4
-42
-151
129
168
38
149
39
86
89
-193
-124
-36
-201
249
16
104
-78
56
-24
367
-94
25
-67
8
132
-48
67
-34
74
-55
-63
11
28
-138
-25
-123
-48
41
-42
65
63
-272
118
167
-198
75
-85
115
70
342
-111
75
-14
-94
105
-71
87
35
-245
-120
-77
238
113
-67
57
-16
-213
-135
220
19
-160
-67
-42
63
-74
-104
51
27
-235
-141
-115
102
-37
-146
25
31
-186
-26
-119
216
40
112
91
132
157
21
9
11
-25
-161
99
-187
23
149
158
29
-150
-94
-90
-161
34
102
-98
195
208
92
57
13
-28
139
-47
-9
-174
24
148
-22
137
53
48
118
-208
233
-64
-142
160
-77
-98
15
-5
-88
91
-7
33
90
99
164
14
164
19
-100
-101
-202
-63
-116
-17
149
-121
-45
-92
16
20
35
105
132
23
-7
-118
271
-57
137
-67
204
80
98
-83
-192
128
-114
-170
-47
-53
47
-245
66
147
186
-100
-92
-219
43
73
2
17
-22
-141
-22
161
113
-19
-128
-192
-64
35
-70
243
14
149
79
-13
-152
18
-42
-79
-70
59
175
-194
6
-71
43
-120
-48
142
-30
187
156
38
349
0
-43
53
-11
-23
27
-129
56
149
42
-259
50
-145
280
55
80
28
-60
-86
-46
-201
34
25
-29
177
-87
296
91
112
99
-49
227
-42
-25
126
56
72
-41
-11
48
-242
152
85
28
102
93
-106
-80
-83
258
-16
-102
13
-7
-131
-61
61
-54
-120
-35
-209
-253
8
-86
-298
-251
-45
272
-72
-37
-56
236
152
163
-199
56
-2
24
291
-82
-113
-78
50
-209
-199
4
-39
122
194
64
-34
-78
-262
-139
230
237
-76
-50
-62
-213
324
121
78
-152
-31
-2
80
161
31
-139
9
73
-8
302
-16
-18
-99
-87
136
62
54
104
181
-178
218
-60
-19
-198
-181
36
28
161
147
108
227
22
30
100
38
-89
19
-289
109
-24
91
80
86
-131
13
67
98
-97
208
15
-42
189
110
-88
159
-210
-115
18
78
-111
-125
-28
136
-49
15
-38
55
234
-104
-260
-104
4
-59
175
-168
81
143
74
-158
-110
-90
-24
52
-147
72
-85
-1
251
249
94
31
-83
-15
-260
-97
-66
50
147
163
-199
-152
-215
20
-62
-236
-25
-29
-106
118
110
-155
-121
-122
-168
12
150
-30
-183
137
48
55
24
-10
-9
8
-10
-72
21
108
46
84
14
166
26
138
74
-96
-42
37
-10
-98
-121
-94
-126
9
-34
-74
-59
12
150
30
-14
-172
-84
82
-116
56
-211
89
-62
-58
116
28
78
-119
105
250
20
-9
-283
-28
-8
49
85
56
-60
55
-179
60
-144
127
-1
-106
-134
-71
188
375
74
-47
202
-94
137
101
27
33
-45
197
-88
-58
-139
-109
25
-28
49
-72
391
-234
51
10
29
-114
190
-125
-30
80
218
162
137
30
211
101
-141
126
24
17
105
14
-176
-187
93
-32
-24
-163
5
217
55
-171
77
-24
105
-55
-9
21
-138
33
277
-39
89
37
-203
-154
-17
-145
-18
387
-43
27
-178
145
-108
-64
129
-40
42
-65
153
116
42
125
-114
192
35
63
-181
-82
91
78
-389
-193
-123
9
-83
-66
7
11
-146
147
67
-9
-179
33
-4
243
-208
-53
79
316
10
-157
85
55
52
-118
143
-95
-94
299
-126
149
114
152
137
-283
24
-102
30
152
-213
-53
-56
206
209
-59
103
43
-7
130
75
28
79
-78
-9
151
135
205
-32
-62
-43
-35
-7
5
-22
-61
94
-7
189
-154
118
-2
-54
-95
204
9
-83
-118
25
-37
-24
-63
-3
-36
-265
-53
-217
-90
330
-79
174
-148
16
56
69
188
174
24
111
186
-20
86
-277
86
132
354
-31
-42
160
-97
-173
-115
64
-290
89
-67
-35
-75
166
121
-189
-130
173
-8
142
-127
-108
-24
-89
-428
-169
30
36
66
-45
226
-7
-121
-199
-96
3
57
115
69
-363
-123
137
74
229
150
-81
-47
-106
138
-144
-12
72
-55
-62
-216
-17
101
53
11
36
111
-132
54
12
-22
-182
-71
-30
-113
-287
142
127
128
-48
132
-55
169
-158
-352
96
56
-69
-13
41
-221
-33
182
-78
-29
-29
-154
-227
26
-81
-175
101
-77
25
-45
28
60
204
87
-15
76
15
17
11
-339
161
-170
73
10
113
56
130
-12
21
82
-80
17
-48
44
42
79
-85
85
26
-57
81
-64
65
133
201
8
-29
75
188
163
15
66
48
-248
177
-79
137
119
110
-108
123
-21
-55
5
154
-17
-86
-31
241
19
79
-96
67
-63
125
198
-49
214
-104
-120
-36
110
-74
-64
80
-43
41
144
111
-37
-105
-151
-56
132
-82
-183
-181
88
83
-2
105
152
51
100
99
150
-276
-69
59
-35
-24
-87
-68
-177
-361
11
-38
152
-126
-29
68
85
57
143
-114
296
113
-180
261
-128
24
36
-245
3
14
-254
61
88
166
32
-52
-35
-87
86
202
-135
108
315
-62
-142
-17
74
0
194
280
154
71
86
-84
-24
-24
44
-24
-3
-113
22
-78
2
202
-160
83
-251
13
-143
32
90
-82
-135
-77
94
129
125
127
-63
176
46
14
77
116
55
143
-57
-77
-109
15
72
210
-264
146
-15
52
-181
-24
-42
-121
77
57
-15
-113
69
113
18
-97
108
16
-20
-38
12
-228
-89
-39
192
-160
71
76
-28
-94
-219
23
136
129
-177
-46
-32
-9
-70
206
47
-88
-4
69
116
-65
19
118
-72
32
-35
40
117
-197
-128
218
-29
85
220
6
-49
-114
-28
77
140
85
-84
187
56
-57
-13
-21
80
-50
111
-41
-272
18
-49
122
-134
130
-24
105
-19
-77
-136
-68
10
-58
36
-83
301
-376
24
68
163
-95
-99
38
-48
95
34
50
-110
-37
-102
-17
-25
-159
-176
-139
-23
-31
-262
169
-63
-169
129
-80
43
-43
81
-302
-153
-33
48
101
-80
-41
58
-37
-109
-194
188
53
9
-23
-128
-15
-212
20
117
-37
-63
-188
16
-1
-143
76
-45
-125
-63
32
-99
-55
53
-105
106
162
-191
-22
-50
95
-107
-74
-240
111
-25
-302
20
54
46
3
-42
22
-40
121
47
110
86
-154
31
-11
-40
129
-55
-66
79
19
-178
39
64
191
49
3
-122
-74
98
214
73
82
57
86
-22
-122
157
110
-41
32
227
-20
-25
96
226
-5
187
44
-99
86
-72
-99
-21
-40
-75
40
-29
170
96
141
-107
263
4
78
-71
-19
-55
-115
-126
-61
-136
85
-38
-233
31
13
-10
151
-87
113
18
217
166
73
-209
178
10
4
119
87
5
35
-218
23
-29
-67
79
149
-47
-33
127
207
-62
158
-176
145
-190
-143
59
35
77
-89
113
70
-23
90
-169
-17
-14
-67
-246
11
15
108
92
140
-60
-197
53
22
-278
-4
-18
187
-218
81
246
-28
230
-60
-76
-10
-18
-82
-90
46
-161
102
44
409
22
-89
92
-111
-123
-75
-44
-19
111
-3
-8
128
33
28
-305
-104
-77
-2
-227
-19
130
77
149
49
-96
-54
-44
66
-42
225
163
128
304
12
55
29
180
-114
-28
35
168
41
28
159
-181
-102
-14
-41
66
186
78
98
139
196
146
-147
-134
86
28
-155
-7
232
43
-97
-39
43
-203
-32
-16
-34
-58
-24
78
38
-33
102
-173
-152
-70
249
-144
-62
-60
-49
-115
115
-43
-130
47
182
-289
110
20
-78
-166
70
-114
39
-39
57
-122
-89
-4
50
1
194
14
-24
-235
30
-154
68
-28
66
46
-24
25
159
-205
-2
10
22
-83
-131
-25
37
4
221
34
-191
-147
206
27
-74
-94
-123
-155
3
-124
-137
-81
9
-21
134
-200
-39
-162
50
-52
15
-133
74
5
80
102
-212
-28
-59
-86
161
11
137
-139
-12
-29
-73
166
-102
-161
-80
169
81
-35
-15
-210
-43
-36
69
19
198
91
50
-327
72
120
108
-27
10
207
-6
110
-89
-55
48
45
46
-198
0
54
-129
-6
-94
-54
34
-251
35
-31
-177
-43
-160
-7
-118
-115
59
199
229
-82
23
-9
-17
85
-143
75
33
-116
-102
-245
45
266
225
117
54
136
-47
78
85
227
-70
-144
-28
-22
49
180
33
91
120
103
127
82
-188
3
-35
-117
-64
32
-123
38
-81
-77
-200
80
-11
-154
126
18
-61
48
-17
175
-62
-35
-69
53
-87
-92
65
-312
-136
-25
-223
52
294
223
229
-1
73
122
-99
32
-235
-52
-125
10
170
101
107
226
-284
80
103
-85
-32
191
-19
156
-38
-30
90
6
-37
-74
60
8
-278
135
120
54
98
-190
-119
-54
52
-100
-16
124
-96
28
71
275
157
-152
-67
-100
113
334
-43
97
-46
20
-30
-89
282
-206
-110
-158
96
-43
211
2
-77
-257
-138
33
-196
276
140
9
10
-164
-98
18
76
-51
14
-81
116
322
-86
-51
104
-35
-113
-33
9
-192
18
155
132
41
14
8
63
95
74
158
78
-141
130
140
131
53
262
98
44
90
-58
155
50
41
-118
-8
46
-339
-32
17
-22
-67
-126
114
197
-154
-65
-26
-4
-271
129
33
119
-72
31
-284
-178
-172
-53
4
79
193
171
68
-116
73
20
-43
-129
-147
104
-11
119
-52
-173
-52
-211
298
-102
59
62
20
-8
228
117
-103
-117
-36
37
58
-205
-24
61
-76
-97
-88
223
25
-95
-64
100
-67
-175
-31
-8
80
-83
-104
118
14
-40
36
149
84
-8
213
170
-234
-252
-128
137
-69
8
12
148
72
-100
-396
154
-17
-55
138
69
-152
-197
157
281
47
34
-108
-71
64
79
-79
-61
86
124
53
32
144
210
-265
-83
15
3
-145
-192
-37
23
16
-204
-86
-76
93
-46
-24
103
55
-176
-118
34
-83
-111
76
-103
-47
3
85
-51
-5
216
74
-23
-36
169
50
-64
159
242
-38
69
-136
37
-130
44
50
63
15
40
26
31
-252
227
-52
-42
6
16
252
9
-50
9
77
192
58
83
201
-121
-62
-16
216
-180
199
-76
-151
17
99
50
-98
228
3
90
-120
-29
230
225
124
232
-51
27
-34
-164
14
88
-9
13
-158
-43
-145
-2
-29
6
130
337
-32
117
35
78
-45
-159
-195
-35
-33
19
169
-21
-1
236
-279
-309
-193
210
-209
5
143
-101
110
-167
-22
-182
-337
36
42
37
-12
-132
-210
93
151
-125
-140
-148
79
115
-48
254
-3
179
-148
121
57
114
104
74
-94
-44
33
230
-159
92
44
72
44
24
-21
75
-76
264
-222
87
142
260
333
-59
-56
115
127
-69
5
186
-190
-84
79
-111
-278
42
122
-83
-57
186
71
34
-201
136
85
127
106
71
49
49
-70
-42
127
57
185
-31
-198
30
-94
-127
72
-345
43
18
171
161
35
250
21
12
-107
-154
117
-138
-36
-117
-130
-44
30
-27
-231
96
-52
-15
1
-18
-102
-122
13
38
65
-229
171
86
-122
-155
260
178
-203
65
-175
-16
238
-42
46
-167
-14
-218
27
-111
-112
-18
-58
75
193
-57
53
64
-86
-90
-12
122
106
-105
-40
-9
-140
-4
-194
0
-39
190
17
-175
-60
-13
-22
-169
-205
-20
33
-101
65
-173
-104
160
156
-31
238
44
-155
-273
-8
-61
-104
-21
10
-12
-12
39
51
117
58
25
-145
-106
268
-35
-95
-61
239
165
-245
46
18
2
40
114
229
73
85
-23
33
59
27
51
44
-106
-166
-63
114
-275
36
79
54
-6
-96
-61
1
-113
-106
8
-18
-69
74
-176
58
119
146
-157
163
-4
-105
-69
-139
9
-48
-12
301
18
-41
-203
100
102
-154
-6
-14
-2
-3
29
95
-83
-138
-69
-85
-13
75
59
-17
-15
-31
-238
-247
-40
12
64
-45
-134
-130
-2
83
-45
-153
-44
19
255
20
-117
16
-108
-151
-117
11
-36
-46
-38
-156
108
-51
-39
-130
-103
249
-17
75
-260
-28
-19
70
74
-20
281
42
-37
45
133
36
-181
114
41
-207
-136
127
-232
-58
-15
110
84
62
-160
-138
286
-176
-138
-32
234
-159
12
60
-75
-259
56
36
-169
107
44
31
99
-384
62
69
248
17
-95
-82
-28
9
-121
-369
-17
20
76
167
74
280
-178
316
-46
-62
-198
-51
94
138
-52
14
-141
13
28
-78
14
-125
-98
132
-19
52
-148
151
42
55
-83
15
66
-224
-96
-69
-29
35
16
98
45
319
-86
-98
-127
-10
182
-65
138
0
11
42
-114
73
168
-5
50
34
-87
-69
-124
-167
139
16
-111
-111
-87
-94
-90
1
-131
-17
-182
59
-112
-24
-114
120
299
-30
-42
-266
-147
-108
139
27
2
-79
215
-12
180
-94
-57
-250
41
-49
-206
-100
-32
-165
-168
-129
-39
-183
-150
-70
89
-144
194
99
-78
127
-102
223
10
53
36
-111
-106
-96
265
155
-152
-18
266
-285
62
-238
6
-69
-61
19
36
1
-315
236
-135
1
-91
82
29
103
18
-262
67
87
167
-65
-113
-107
138
86
69
8
56
-104
-89
-38
-17
-91
79
-341
-88
-103
253
101
144
-85
-43
-61
121
323
23
-295
-33
75
35
7
-151
2
-174
45
189
38
-79
-25
-90
-52
29
66
-41
-31
-11
-109
202
245
-102
-9
-94
131
14
187
193
12
-45
-42
13
164
-28
-59
16
-29
62
-140
-180
139
-134
-117
126
103
106
-122
-94
32
5
267
141
191
-216
206
122
-52
-144
-21
321
-92
-101
-98
-20
-3
123
-70
-60
46
-148
146
-166
70
234
-18
-3
-96
47
57
-123
60
45
-131
-109
-224
-106
-115
97
26
-148
-65
29
53
154
19
-61
-197
331
94
26
11
67
168
137
-108
-30
-13
101
154
-293
-21
-75
22
17
4
-118
-133
-148
5
-11
-52
-25
55
-78
-6
12
47
-226
-109
-10
83
281
-223
83
206
163
-140
-55
-72
-25
121
-117
-134
1
-110
24
124
2
85
-32
-200
153
-17
158
115
-91
-6
25
-152
47
73
-72
-41
177
-93
180
-252
53
-119
68
-83
-85
-235
-18
-14
88
-247
154
3
-40
25
50
26
159
-37
51
253
27
-37
-168
189
107
141
190
174
-28
304
-338
-81
200
31
64
28
16
117
84
-41
-80
-241
-101
184
41
-170
-49
140
145
165
269
185
-231
-76
-121
80
-11
-1
-121
58
193
-76
61
-180
44
-46
12
-100
-59
-30
128
3
-343
-25
-48
28
-90
94
307
10
37
56
71
-184
-135
84
22
-8
80
97
190
113
124
-14
-34
-101
-38
-38
79
95
-138
-61
-325
-113
121
-174
-4
-169
-157
88
23
94
-22
81
-266
-108
-188
185
308
53
45
-155
-116
-154
-107
22
-161
-115
-93
-41
163
-80
57
-117
259
93
73
-223
-65
218
-69
211
-139
32
-223
71
-125
-6
-101
95
-93
173
6
123
-39
54
105
137
-143
218
68
209
114
-211
20
43
-120
-11
-19
151
-118
-120
277
-15
-139
226
-70
-92
67
42
-2
-172
158
166
-123
-69
-104
41
-122
33
70
-106
106
-152
-141
77
-6
-208
126
202
-242
-38
138
149
-184
-4
25
-216
-24
-63
67
-269
107
-155
65
67
-23
-86
14
-17
30
44
-47
-13
94
-148
-128
-25
-86
97
6
-162
-157
-156
-14
59
-47
-142
-16
192
160
-175
80
-323
-132
-127
3
-47
140
-121
194
118
-174
-77
-107
179
132
-97
-122
215
22
-84
-19
50
-186
67
222
0
-30
11
-238
60
-388
45
220
-58
424
86
200
-16
45
-134
-98
-112
49
-223
-280
-4
-13
60
-32
-94
-71
-242
-28
159
6
4
-282
234
3
153
-53
49
-303
21
-186
82
4
-189
141
57
-23
-184
-129
186
75
-70
-32
13
-174
-10
-71
-118
-3
-179
59
7
79
116
92
-89
-133
-188
-138
121
87
-289
-24
-68
63
-67
-209
3
-84
121
-77
99
21
41
-73
-11
-95
-6
203
106
-123
-160
124
-145
55
4
-81
-113
-108
-90
197
41
-115
-178
-86
-159
-29
40
-5
-49
54
-44
-168
-81
53
-80
29
6
-303
95
-8
44
26
-130
33
169
-112
-78
64
132
-174
165
-16
-12
49
9
105
51
162
57
-12
-124
86
129
-132
-274
49
-59
61
-32
-79
-79
-65
32
66
34
-150
30
169
-189
-149
-125
-239
145
-52
36
53
-31
-33
109
-168
142
36
-106
82
-38
-39
12
189
-18
-33
168
-119
45
49
-234
-7
220
37
-38
21
116
-42
37
-68
-214
170
-43
24
-30
13
-84
-223
-234
262
-140
-23
169
77
107
-38
209
43
-93
15
-191
-56
49
-157
-285
129
-109
-68
220
152
5
115
-95
-349
169
-207
101
170
101
112
322
-60
-212
-168
-70
55
-184
42
-73
-86
32
-226
-152
96
-219
91
-169
-30
-73
-218
58
104
-22
-137
-194
-104
-153
208
-18
89
-8
87
63
-70
-18
-56
-14
59
39
144
55
141
-154
-56
-73
-24
-4
62
-39
-81
101
-95
54
-53
-194
72
64
-168
59
-100
-49
-208
-76
-68
175
-40
-194
-95
149
-99
157
160
-84
-1
99
64
2
-133
-33
5
156
-106
163
155
180
8
-108
152
-78
-159
-93
150
161
73
-84
28
-41
48
49
-111
112
-52
-123
-89
-67
-124
19
-30
-63
-105
117
19
128
-253
-228
-42
178
71
-94
92
-4
70
-62
23
1
208
136
117
34
-21
179
-53
-137
85
-58
64
96
-26
29
-182
99
-174
-48
258
50
83
246
21
-28
-24
-34
48
-88
65
-17
134
-17
-3
-204
196
7
-154
32
145
-5
-67
-103
88
-108
-3
-105
82
61
37
-33
-136
-140
66
-26
31
-260
41
-57
255
206
114
69
-125
282
165
-46
-48
55
63
107
-107
-47
99
-2
164
218
95
-111
22
169
-54
72
230
100
-77
22
-112
94
-297
43
-169
5
80
-150
81
8
-34
33
146
106
-67
-51
74
74
-6
-14
-165
-253
38
93
77
-89
-125
44
-51
-52
-184
-112
186
94
-105
-53
-140
-95
68
-288
-180
114
38
-79
-31
-103
-37
167
50
-21
-56
53
-7
185
-140
-36
54
159
70
59
17
85
-57
154
236
20
5
-101
-86
147
-21
116
-33
-46
-193
126
2
155
-146
-175
-88
153
-37
-32
-211
60
34
215
21
16
-5
-50
-160
74
-63
73
16
-88
90
-93
202
-13
56
43
32
-4
-102
268
-68
-131
49
-183
20
-51
-110
-242
132
160
316
183
-80
100
148
38
-20
18
-45
163
5
-222
27
57
-173
12
285
94
110
-220
152
-32
-61
34
150
-69
-90
-184
-161
-1
-25
-38
-103
-101
2
20
-99
56
-83
-172
-131
-4
73
18
-45
-104
-16
70
46
148
-144
99
94
-162
-125
47
60
64
-205
-5
-1
22
-34
73
-84
85
0
69
56
-133
91
149
-217
21
5
-93
-149
-60
-231
-64
-31
-81
95
118
-29
-69
98
68
80
245
48
111
199
-176
55
-18
54
-238
96
-31
-362
-144
-19
98
-108
-147
12
42
-285
115
-142
82
14
23
-13
220
-116
-2
172
-77
163
10
167
-135
-86
-49
38
259
261
35
-84
19
173
4
-227
-61
-267
-154
-81
20
205
-6
-94
-214
-242
-107
-88
13
96
-96
-120
-27
120
-388
123
2
-130
40
-35
-42
-158
52
-84
-28
65
353
114
91
-148
89
100
-96
-32
-125
-148
-63
52
30
-25
-155
62
64
91
314
29
-36
-29
16
-37
-54
-137
-78
229
-60
93
-176
-80
27
114
-123
-28
26
181
59
-121
-83
5
-220
43
-288
-100
44
205
-212
32
15
-145
-26
-40
107
-208
-75
-59
241
-251
213
-175
-120
-102
62
-7
47
-37
161
-213
-128
-114
-44
46
183
285
-134
-16
68
142
-16
-233
-4
127
-147
79
37
11
104
-161
98
21
14
-92
123
-213
50
7
69
45
-134
6
270
-53
-128
89
42
63
68
45
159
76
4
182
-80
-91
79
-242
50
-186
-39
40
-163
-87
202
-212
-137
6
87
16
357
47
121
26
-159
-205
85
-18
27
206
-3
38
-93
-119
239
-187
156
33
-123
121
-228
50
-111
-154
157
193
24
4
60
-147
-123
249
-46
94
-46
35
36
6
120
45
-2
-22
-11
50
-237
-155
-248
-125
-82
-43
38
50
-103
-317
35
232
48
25
-71
135
-34
-28
-15
21
-48
57
-50
16
30
43
72
-15
-88
180
-18
-6
123
79
-135
-127
168
-33
121
-25
-105
-137
48
-20
157
101
-59
-39
285
-321
-27
-73
-26
93
-104
98
-86
251
155
136
47
70
-168
218
313
-183
-109
53
71
86
23
-75
174
179
-111
-11
110
164
-47
52
95
112
127
70
111
63
67
-110
-205
-93
-45
65
-106
-317
133
-137
6
-232
-91
33
80
-357
-138
-20
148
10
84
-139
-65
-239
-103
151
112
-76
21
60
44
-86
-74
-92
50
-12
-334
-159
-122
339
-150
-93
-98
220
-126
-3
-118
200
-107
-145
98
-260
63
71
55
-341
-50
-38
-108
-88
-105
73
60
-49
-107
-166
-90
41
-257
-65
141
-149
95
-8
-104
31
-249
117
-73
7
84
73
143
-74
-5
-80
-185
89
-270
58
64
-90
-82
147
9
14
-175
-111
24
-39
-61
65
-134
147
-69
-157
178
-103
-66
180
-82
250
32
-48
-187
-347
7
217
206
91
84
-143
-139
-189
-71
-72
-6
-62
93
41
90
-21
-87
-37
-92
56
-76
113
62
-24
147
158
211
7
96
-71
244
5
110
-52
1
149
105
128
119
153
117
122
-147
84
-11
33
-53
78
-47
32
-138
-80
127
-20
9
25
-93
169
186
51
-45
-162
30
295
-38
-36
109
135
-36
10
55
137
148
177
-25
-59
112
61
135
-12
-144
288
-24
53
-201
2
50
1
225
-81
-261
-103
-44
-91
-236
-8
213
50
-12
-15
-14
-46
-195
-59
56
-10
-61
-175
-129
63
-2
-121
181
-136
-135
-73
-166
149
61
-146
60
100
97
-109
142
286
69
-25
140
-103
-26
-36
15
141
46
25
78
21
17
-29
54
-77
-34
-15
137
61
-75
-190
-35
61
-118
-74
-114
-186
56
-58
-29
-2
120
-32
-97
198
30
163
25
-241
-101
77
-101
-124
-87
-122
-36
123
-116
226
-56
12
168
87
12
-58
46
-16
56
198
-47
-135
-66
144
8
-29
11
146
-81
63
147
79
17
131
-436
68
-278
37
-108
104
-183
-52
210
-170
108
34
-293
169
59
-55
155
126
-31
161
-62
155
52
-172
101
294
-140
300
-28
136
-45
-246
-131
-152
-58
78
-219
129
-41
-12
18
64
60
5
176
62
195
-105
133
86
108
-13
-145
120
-179
35
1
64
264
-29
82
-19
25
-92
-171
42
2
145
-91
73
-50
87
-17
-51
69
-49
-136
109
-81
-78
-11
9
-12
15
135
78
-34
126
181
-148
-18
-3
-26
136
-256
-48
-93
-55
-112
-68
108
-1
61
-300
10
234
-87
-16
48
-155
2
84
22
22
148
239
-218
114
45
-71
38
-103
146
108
9
30
-85
-241
-31
-27
55
84
73
69
-21
-201
151
249
-92
239
92
79
100
23
22
-93
-37
161
-173
0
44
-53
-59
-39
105
-85
-6
84
40
14
19
63
-89
269
211
134
85
55
-2
-103
72
65
24
-190
77
87
-30
21
-67
191
65
-29
96
-184
35
74
72
-141
-117
-56
31
-153
-47
84
-11
190
-111
211
56
-55
-100
-167
-75
87
206
30
210
169
-331
29
57
-73
205
22
126
78
-163
15
-31
-342
-42
27
-21
50
16
68
-177
-71
46
-220
106
42
-4
-18
38
111
47
166
132
19
-22
89
-155
39
-36
-216
-69
-194
80
5
-29
-165
49
-48
-155
8
-66
84
-56
130
151
62
86
-51
129
-60
2
149
-161
16
-212
349
52
-142
22
69
20
71
100
-87
-209
-7
-64
94
-14
25
-67
-68
-133
30
58
97
-42
26
-64
-115
228
-27
-157
-13
70
-217
-135
-17
-19
49
144
-97
-137
-181
193
140
237
16
-403
-25
55
115
38
32
256
35
224
194
-178
-48
75
49
-19
-82
13
7
26
48
32
-4
-208
25
-211
20
70
49
0
-96
-51
116
-19
113
122
-192
-137
80
-138
288
-57
244
156
151
63
-132
-321
48
213
200
106
-11
120
-29
-151
7
2
77
7
-52
134
-38
12
171
172
170
-32
-159
-167
51
-82
135
-105
203
169
-7
106
0
-131
27
84
-25
-122
99
59
21
63
-98
-127
-333
61
-107
165
-114
169
-95
156
130
147
114
41
-33
84
-4
-65
-41
78
47
210
-165
-110
8
-161
197
183
200
49
-52
36
187
-63
13
122
135
-38
-115
-121
-117
-174
35
-22
-323
-140
-70
-116
21
52
222
-102
-150
31
-69
-17
235
51
38
145
169
12
-70
36
149
-221
80
-30
17
39
-62
163
113
122
21
43
-284
-132
-301
-122
-70
126
99
49
-70
27
-133
85
-22
-10
-223
-2
-104
-16
197
21
-57
-289
-145
204
111
-45
-223
329
39
41
-19
196
120
97
-28
42
-2
78
-297
55
-24
156
146
11
-27
-14
141
-150
57
58
-75
-134
-2
180
-132
-114
-34
-52
-148
154
-31
82
-21
-83
79
54
112
-47
158
249
-161
-200
-85
-6
-5
37
-217
-136
51
-43
-64
39
-37
287
-130
-12
-81
37
99
-103
51
33
43
105
32
-137
111
203
-178
-193
40
160
-31
49
2
-45
111
41
-4
16
127
-57
80
54
58
85
11
54
-12
-122
-114
-17
98
-124
-19
-211
126
192
-154
-176
-5
-144
-110
172
-39
-224
0
-59
-41
-81
33
-58
-115
-50
-110
36
-154
-75
-3
-63
-147
-134
-194
-145
19
114
10
-17
79
-107
330
46
83
-78
-82
52
0
51
-29
-290
-70
112
101
161
81
-30
184
-16
113
26
224
-149
186
79
159
-23
-297
-75
-49
235
45
14
-7
-106
-172
-223
125
-43
224
229
-60
-93
-83
-277
-68
-263
-26
-22
-8
7
18
157
10
174
-56
269
-53
-21
197
-170
31
196
142
45
101
-16
-151
173
1
296
33
129
-88
330
-60
28
-132
-174
10
64
-160
-61
-174
-10
-25
-162
113
165
-20
-210
-13
-41
-77
4
1
34
-82
142
-166
143
-101
-46
125
23
-22
109
-194
-27
1
156
92
64
127
-52
-10
-61
-40
-16
-182
-44
54
84
45
-94
-101
146
-20
119
198
-31
-184
-309
-12
101
39
-139
0
6
-88
-9
-189
-2
74
135
-81
-107
-5
71
109
-95
-2
65
-82
-24
-1
-314
96
90
54
-52
85
38
224
-84
12
48
-30
-63
0
-158
-12
-61
-141
59
30
120
28
-145
-138
-60
17
5
-2
0
10
-74
-25
184
-89
-16
-94
225
-106
-238
144
79
-246
79
-295
148
130
54
-122
-53
195
197
-127
60
-114
-63
6
-39
38
146
63
0
66
-339
-31
246
60
80
-86
108
135
87
2
51
227
183
-42
21
78
10
82
-18
91
5
-56
195
79
112
-137
22
122
-45
-39
-72
264
-156
132
16
-34
5
40
-158
100
54
58
-43
-262
-51
89
193
-47
28
173
125
-210
-169
39
66
-195
166
55
75
-59
-172
-215
-144
-134
-48
102
22
-166
-137
-53
-210
236
0
-124
143
12
225
18
-82
37
24
-134
-164
-36
-14
-26
-188
117
1
-56
70
306
69
-92
7
129
-36
276
-82
151
-63
269
39
159
122
-40
-20
27
49
-80
119
96
-232
-75
-289
96
-64
-147
133
183
-31
72
51
150
132
-71
149
-79
126
-72
-26
-134
165
-61
-219
-117
107
165
-6
-3
-67
172
39
-115
84
-107
-116
80
11
-26
10
-109
131
-147
-200
121
215
191
202
-112
41
-185
281
112
136
-71
-17
-7
-218
158
-62
40
-193
159
-256
-69
-100
5
100
20
196
88
136
-55
-94
44
179
-28
84
111
56
148
213
-86
118
81
67
9
-30
-3
141
-90
-84
-158
30
-112
48
190
-197
225
-54
-112
-213
-62
38
-37
101
-34
195
63
86
-57
134
202
-3
112
-1
-77
-95
164
-116
73
99
205
34
-135
20
50
-77
53
-43
-12
7
140
38
113
-153
117
9
-20
239
-113
179
111
0
-82
136
-85
1
-2
-147
13
16
206
160
-20
-86
41
-150
-15
-59
39
187
-21
216
122
191
151
63
100
225
129
-16
221
220
15
86
-32
104
-192
-97
193
-16
109
-20
55
12
-12
153
-100
312
132
105
12
-101
-305
141
2
60
54
146
-4
-147
-131
-43
-259
105
-55
-273
315
67
-48
-53
39
-141
12
59
-51
-145
-137
-26
-72
-211
102
-85
20
90
-95
-36
-119
-30
-117
-19
-94
-312
3
98
199
-157
-64
-109
56
183
-42
-36
-167
-207
-90
250
-2
-176
-98
45
125
-196
-138
-82
-127
-240
93
27
103
112
19
66
7
9
27
-21
-150
-3
130
-162
24
-73
-102
31
184
-348
234
-156
-41
15
-7
90
75
205
29
190
-78
-58
0
67
-146
-65
-13
-70
-70
105
5
-108
-95
-242
-44
173
37
154
3
-43
103
88
161
-130
-62
30
23
10
69
47
-90
-65
-113
88
-27
-49
203
-33
-179
-40
204
51
-57
-64
42
33
68
154
-71
11
131
92
-168
47
33
45
39
-138
-28
-158
7
100
28
62
102
-71
72
-79
107
-24
23
-70
152
-52
122
168
-128
-61
126
-176
75
-138
-377
29
-44
61
-188
-115
167
-38
-80
-263
27
2
-52
67
-130
122
80
-41
116
34
-118
-126
-102
-66
11
3
172
-169
-8
85
-46
-103
39
186
111
53
-71
-103
-19
35
137
165
54
-54
167
98
-180
-4
-52
145
-50
-39
-70
79
199
25
150
-39
29
46
-59
128
32
41
-145
18
-136
221
112
40
-192
-41
26
43
232
180
93
224
-234
306
-107
-274
123
119
25
-17
116
-55
-106
-193
54
-277
-92
-123
-61
19
46
25
257
115
-36
-111
-121
247
-150
-3
76
48
11
-224
172
20
1
-6
-38
-17
3
94
-49
52
140
-14
41
-34
216
-259
84
75
-3
-90
-186
199
-112
-155
-54
-11
-99
50
74
135
68
35
-110
-6
-438
-160
17
113
52
23
-212
105
118
4
-101
196
217
-17
-225
-92
-61
110
-43
111
-179
-145
152
-210
-113
-41
127
-19
268
-258
4
-24
-145
-31
121
77
-60
-24
122
-46
43
99
-91
-241
-190
-33
-73
-79
61
-83
-106
-20
-21
-13
48
119
14
-295
8
44
136
-176
-61
13
-205
71
31
-108
100
50
-184
-126
93
113
1
-5
55
-30
-35
-105
26
-108
133
-27
-5
72
-147
-47
-34
187
178
71
72
21
-181
-36
81
-13
-174
-67
-72
-105
83
192
16
19
-109
-287
-140
-84
-157
-41
-81
-145
-80
40
-102
-28
108
164
-253
-102
-149
1
230
-60
-110
-13
-65
215
-14
-70
-41
71
-81
8
-120
8
18
112
124
30
-210
-24
42
39
6
86
-82
-97
148
80
-22
-23
-108
28
-134
-132
-73
146
87
-118
97
-165
45
-75
55
240
235
-114
-190
24
100
-16
177
173
18
-86
164
-33
-190
-52
-233
-33
41
60
-232
-87
-150
181
69
-45
60
6
14
9
90
-91
-51
58
-7
125
84
117
-82
-68
-2
-85
284
-6
-20
50
-97
-225
39
-3
0
-98
-144
-52
-97
80
-99
21
59
109
-38
147
-135
44
-93
31
81
-115
-9
87
93
58
64
-3
81
168
-79
62
5
44
-13
21
-98
-110
-5
-280
-68
11
73
106
-4
109
174
34
218
-69
-134
69
67
-192
-140
-40
-55
18
117
-31
228
-37
132
-259
106
86
115
83
-68
-161
-132
-274
-122
8
-75
-68
21
28
256
99
-6
5
38
-42
151
8
8
-105
-34
69
-46
61
-86
-39
58
-99
34
-128
303
-25
-201
-31
116
-131
-189
156
-118
386
-44
13
-106
110
40
204
83
34
-17
-51
-50
82
-183
19
170
-8
-125
-54
72
-84
49
104
88
44
-8
-200
150
62
-67
-98
44
-171
-144
-19
127
136
52
138
3
-13
-88
222
-65
-23
-50
-20
152
7
-112
94
240
72
-7
-233
26
-135
-120
-59
-75
133
-77
-8
47
66
-100
32
-161
-83
33
-27
79
-66
41
-223
-104
-69
-130
5
-105
131
-20
-9
-63
-104
46
-261
-194
-155
-2
55
-144
-51
-47
-137
-202
302
123
-137
179
-34
91
-158
53
106
94
-116
6
42
-199
140
50
-26
-3
-79
30
-128
-131
-30
-50
52
-130
251
-10
-20
177
-159
-222
108
-94
6
88
-83
-31
-166
-261
38
20
9
50
122
-123
93
16
-7
120
100
192
-36
53
-22
-173
-128
147
38
-225
7
242
-122
79
164
211
-242
26
-175
179
49
-165
-162
-122
34
-53
257
45
118
112
-88
55
-16
171
61
112
-82
-147
28
-10
-163
-225
99
124
-42
61
-88
14
-132
82
387
-53
-231
10
38
127
59
-118
25
-100
-16
189
109
-62
-82
33
-72
79
210
-100
68
-204
132
-109
-4
46
154
127
36
-202
30
316
62
90
-6
-123
-121
153
49
-132
-22
364
28
-10
-225
122
-16
76
-56
136
-259
-80
-66
3
94
60
62
-5
92
-59
-19
81
7
29
-2
-146
172
143
151
-112
-97
-83
53
-329
204
211
57
-180
-251
6
161
-79
80
-23
-108
-164
-48
106
-138
44
-8
-189
93
-62
14
-91
-127
100
90
-62
-148
-173
31
-15
14
-208
-146
-176
48
69
-141
-21
169
19
-59
217
186
-106
17
-86
-68
13
88
-97
10
132
-48
10
-129
12
-125
101
9
35
-62
84
-262
-278
117
51
34
87
58
-2
-41
66
-38
96
-117
8
37
-107
41
-63
-87
-21
-24
-94
23
-100
242
-14
-115
-136
6
-73
23
-215
34
117
81
-144
-80
-29
120
-120
-54
-127
168
-32
-89
29
45
115
0
-21
-40
-20
125
12
-45
-2
198
27
386
-40
-53
-57
-45
-261
36
-58
-139
163
61
-43
-83
-139
11
-84
180
9
-147
-30
-162
-78
-37
-194
77
27
40
25
-130
-236
217
86
25
2
-133
97
99
-2
6
193
-290
99
38
158
34
48
178
-24
34
-138
-75
35
281
9
54
11
-196
19
-39
61
-45
-115
-77
78
-52
-6
80
18
-28
109
52
-282
-143
59
-171
74
88
108
-141
177
65
-351
-274
-36
-84
40
162
-34
35
-12
48
125
-25
-96
32
-15
-72
172
23
109
-116
360
242
214
9
48
143
-10
-60
-4
-22
11
57
-55
-123
31
-24
-29
204
-108
-55
107
-52
-98
-116
104
77
-5
-59
13
-97
-133
19
-64
-22
93
-9
188
-202
-118
282
91
188
-235
41
83
-38
84
84
-254
-25
-123
-73
142
215
-84
-344
34
74
154
220
-12
-106
210
230
-12
80
53
-109
-43
238
-101
202
-139
0
-138
139
-370
-58
339
-86
9
-58
-134
-112
-46
-229
248
-97
-99
127
-33
-93
-89
-114
133
-103
-22
71
62
-55
105
144
19
-44
-2
-17
103
-42
-211
-141
144
92
44
13
9
-215
-219
147
-38
-196
107
42
-98
-142
-17
-29
108
125
-150
-84
30
-50
-44
-119
142
-176
-92
80
271
60
48
-34
-32
128
247
-214
72
91
84
-30
127
-123
228
-23
39
19
-111
265
-108
-65
143
-242
123
-11
154
-275
-231
-110
-198
-103
-97
-163
-69
126
-204
-31
-70
16
112
90
-30
102
6
-40
49
66
-4
86
22
7
-155
-196
-21
9
63
-221
69
-56
-116
-126
-196
-10
78
-88
-19
8
85
14
178
-164
-17
-104
-84
135
-161
-44
-24
-85
-39
-55
221
-113
1
-96
-80
3
3
-126
-200
101
39
3
-13
153
-41
-33
-20
48
-19
-33
78
-229
147
-197
80
31
38
-143
109
-4
5
-34
112
68
21
129
-60
-28
-132
266
-150
-78
15
5
-307
123
54
65
116
24
-24
112
105
120
3
-34
-111
-41
-149
12
11
17
126
121
-59
109
31
17
-42
20
61
-127
95
-59
-72
3
-167
-22
-8
0
-84
13
174
110
-69
-100
-248
-6
-219
-95
-109
-8
98
-71
-139
-25
-61
-139
56
3
-75
154
15
-129
21
-86
21
-104
265
265
37
-51
134
55
4
-34
-24
-44
-28
-56
-55
-131
-53
-179
89
47
108
214
115
-99
-35
-111
91
-101
30
-73
-119
-7
38
-103
-100
-83
69
119
0
61
80
10
-56
46
132
193
154
28
-129
-14
67
-15
235
49
-81
82
50
103
66
-28
-96
38
1
127
-107
-47
64
266
-96
-67
-30
-174
-142
-74
52
187
-25
-145
-45
-42
3
-148
101
-27
100
-93
42
140
49
201
213
102
-124
-97
33
21
153
-85
-174
26
-125
224
146
-344
112
-9
282
-80
-198
-72
46
0
-67
24
107
-174
-235
19
139
195
-128
152
89
-35
49
-25
150
-92
127
-11
-285
79
-67
27
-20
-275
-112
-45
-4
57
122
-137
-77
84
-105
-128
-63
70
-50
-42
0
58
61
60
-92
24
-4
-127
-133
-169
49
37
-235
9
238
-55
-79
-115
-191
-133
84
-248
83
-95
145
126
170
127
-230
64
299
-172
-35
-70
-19
360
10
89
57
88
-44
88
50
62
-93
-61
-134
134
-195
252
289
-77
173
322
96
6
4
-163
-216
-229
134
79
-4
35
88
-14
-114
14
29
-28
-39
190
-4
39
79
-22
-103
-161
-77
170
55
-75
86
234
-3
26
-49
117
-270
23
63
290
111
13
-118
-73
-85
90
117
-33
99
170
31
-109
106
-153
71
29
52
198
-89
34
-158
45
32
8
-99
-45
31
-12
105
71
95
77
-25
-74
33
34
-114
-146
-186
-246
-115
-120
-303
-51
-48
81
-141
61
61
96
173
38
-103
-46
120
-77
-273
-107
-93
35
11
-118
3
-95
37
35
-188
-100
-218
97
-70
-181
-48
-104
-234
-195
-153
19
-3
-132
0
77
-52
101
12
-62
58
106
47
63
31
165
45
-84
53
-44
-68
108
-94
161
200
90
120
50
98
-77
-117
-154
29
-8
53
111
70
51
-6
-79
30
41
93
22
195
-120
-110
156
27
-22
-22
144
112
-149
42
109
107
263
113
-95
-112
184
-232
201
-137
-35
-122
-106
-233
-192
61
14
160
4
-5
108
-31
-29
-45
185
-73
-66
96
91
184
-147
-97
131
125
-172
95
47
-244
76
-32
-91
-71
152
-57
-184
72
-100
15
270
-102
-46
25
-65
-17
-76
-49
-94
16
117
-49
114
-132
-94
-95
-5
2
-52
99
-33
34
-167
225
-34
-190
-23
-116
-61
110
58
20
-3
94
-208
140
34
-1
45
-144
5
44
109
-152
62
152
-128
283
-125
-23
-319
85
-195
6
-30
-63
82
44
47
-20
-62
-67
-67
176
21
-13
107
23
95
-44
48
19
282
-25
87
43
33
-72
-20
-47
208
75
102
23
152
-283
-170
-115
-90
-85
-222
-66
-158
168
-75
35
84
63
-57
-62
-72
-263
189
-181
53
44
-80
-130
-200
52
-21
-5
-95
-40
-162
-63
97
11
108
-18
4
-7
8
-3
49
188
16
174
151
-31
-45
-3
-4
-76
-28
303
71
-135
47
136
104
15
153
4
-31
55
-38
-127
-3
-103
-4
-233
151
31
121
-241
-77
103
31
-22
157
-110
-9
70
30
-76
164
-17
-54
116
128
-94
-32
216
0
-207
131
-58
-65
-107
171
176
-208
84
-99
64
-11
67
69
67
153
112
20
-107
-122
-55
-49
-174
75
50
-83
129
-33
-222
20
-2
103
-64
66
162
166
6
60
-29
-15
-126
44
195
-37
-14
5
-101
-113
21
24
-21
143
-202
194
211
-65
186
-41
26
102
119
122
57
-131
97
-46
-174
93
-263
-121
-29
80
-132
-53
29
-245
-213
-251
-20
154
-107
194
118
117
205
-58
95
-275
109
223
80
-28
180
285
27
-78
106
77
-33
150
-25
47
-111
159
-146
-54
-187
-128
64
-112
-74
202
-225
-15
93
-171
-131
-94
139
-102
-144
-253
189
-104
149
69
-200
122
105
-145
76
-200
-156
83
-6
20
66
141
-59
120
57
267
-67
53
-236
98
77
292
203
88
184
-52
61
116
-4
234
-268
-30
-181
102
-24
-108
44
-160
331
-58
61
68
112
82
-53
141
90
38
-21
111
21
28
95
143
20
-198
-161
56
-96
-16
81
-2
28
15
-9
216
-73
161
-60
-260
-182
166
70
328
-193
-72
10
-104
-257
91
95
13
-90
-26
-205
-15
-130
-67
-24
136
-17
-6
-109
-138
-103
109
-169
12
82
67
70
0
-77
-143
165
84
-169
41
-116
53
41
-80
72
181
176
123
-58
127
-75
-5
-257
-53
-79
13
60
-6
-12
-171
31
37
88
-126
-11
112
144
68
-19
-39
36
-95
-87
-4
-263
-182
122
-32
83
-393
-54
-28
57
-14
-44
214
89
-160
-58
8
56
-1
133
-173
-54
70
86
41
34
94
-106
66
-94
-263
176
-34
-57
280
101
-138
-35
139
-121
-77
-1
-40
69
141
-129
-222
-55
-123
-368
140
-128
57
-205
28
-114
-100
14
-21
-78
214
79
54
17
108
110
111
42
-178
257
30
-84
-172
-146
10
226
-68
144
10
-45
171
129
13
-38
58
-103
126
166
137
-103
10
122
-219
107
-19
-201
-110
214
-318
-147
-270
-9
80
181
-115
82
-103
-1
-278
149
198
-163
-47
-96
-22
41
-201
191
-123
77
-184
-151
-286
-4
62
-63
154
16
-74
-37
-103
-91
-85
19
252
-103
106
115
110
35
138
12
-139
63
-183
-88
92
102
178
9
197
191
-76
-94
-132
74
-78
96
-289
172
111
-99
71
297
-71
-128
-111
138
-38
-44
-49
-37
84
-145
-100
-86
-23
-87
-255
271
4
-42
26
32
88
-96
-253
-27
-81
-139
181
-46
10
104
92
30
-17
134
-32
85
88
88
144
52
89
24
109
-49
-71
-38
-112
-181
-42
-12
3
-123
143
20
-135
-8
-161
84
93
-28
133
42
53
-134
-93
-65
-18
7
-20
178
78
-89
-4
41
37
63
11
186
-210
228
-146
75
-101
132
85
-97
309
84
-296
-146
83
-140
46
-22
0
67
-159
-35
43
-24
-112
-429
33
-11
6
98
-60
-14
-71
59
50
104
-275
68
-1
-34
35
88
5
-12
-41
-184
-197
10
156
-3
-27
-85
104
-209
-57
78
-20
-81
55
-114
-52
-64
26
7
-109
107
-4
-5
-441
-147
-83
63
85
-121
9
153
-206
85
184
20
-57
32
-26
170
47
-93
-238
57
-136
224
6
212
42
199
-199
-83
-57
-12
73
-100
-58
36
33
-1
210
-200
-18
-186
52
44
-88
40
-98
5
-15
-152
-20
254
3
-14
80
16
-6
11
109
47
-54
121
21
190
-100
326
-42
117
-112
-10
164
13
-29
-97
14
-39
-314
79
-57
42
-231
-28
148
81
-136
122
-81
117
-174
-63
-181
65
-187
50
103
18
-22
-84
43
104
-185
200
-46
-213
120
31
74
-49
93
70
-45
97
-8
-45
-124
48
258
77
136
318
-201
190
220
87
24
60
-16
50
-52
45
-174
35
-162
-64
219
115
-97
10
-107
-81
6
76
38
62
44
308
-103
78
-100
-115
194
-45
-18
-66
-57
-184
12
30
-118
18
118
-97
13
198
102
71
117
57
95
72
170
-154
-12
154
-26
120
-109
-79
-46
8
109
32
-60
64
144
180
-49
152
203
8
123
-78
274
-45
-162
28
-88
216
-102
-53
118
97
-177
-155
-186
186
154
71
169
66
-55
-45
72
-202
-172
-46
-209
9
-151
23
-191
69
-19
-21
29
53
10
-6
-89
39
88
134
-28
-70
9
-163
-10
-117
21
33
-110
-61
-72
267
19
42
-16
-200
-185
-96
163
42
272
118
-162
152
-190
-197
39
90
-84
-67
23
-9
-76
-147
80
-127
182
-9
125
171
191
186
38
-172
-82
32
-255
-316
-216
82
171
104
47
-48
-118
-11
184
140
191
10
-33
-69
-131
155
-96
-96
-131
175
-46
87
41
138
-4
-108
-252
-157
136
-43
30
-49
-136
-17
45
-43
-99
14
10
35
310
73
38
61
-12
-26
50
-135
