22 80 49
0 0
0 15
0 19
0 20
0 21
1 0
1 4
1 13
1 14
1 17
1 20
2 9
2 15
3 3
3 4
3 9
3 20
4 7
4 10
4 21
5 7
5 11
5 17
5 21
6 1
6 4
6 5
6 10
6 12
6 14
7 2
7 4
7 5
8 0
8 2
8 3
8 11
8 18
9 0
9 13
9 18
10 14
10 17
11 3
11 5
11 6
11 7
11 13
12 1
12 4
12 9
12 14
13 1
13 4
13 15
14 7
14 19
15 4
15 17
16 13
17 12
17 20
18 10
18 13
18 14
18 16
18 19
18 20
19 1
19 3
19 7
19 14
19 21
20 10
20 12
21 0
21 6
21 7
21 9
21 11
47
55
15
37
68
71
54
50
3
53
66
69
19
76
35
43
26
75
58
1
22
21
45
60
52
11
57
78
67
34
74
0
18
63
70
44
65
41
48
62
5
40
14
72
42
16
7
56
73
4
24
77
36
17
79
49
23
2
33
8
30
38
10
20
32
9
64
6
51
28
39
27
46
59
12
61
13
31
29
25
25
58
-79
-23
37
-44
-2
-50
32
-11
21
67
-103
-44
67
100
-69
-73
17
-29
28
-5
47
-66
-11
-11
-8
-21
34
-31
-78
24
-31
-6
35
-30
31
-60
8
-5
-6
-106
-27
-163
15
-44
17
38
-34
103
-101
-5
6
-10
6
-5
-28
-53
13
-40
52
-69
-22
-44
1
-15
-80
-16
-44
-135
-21
-13
-38
-68
-17
67
51
36
78
-29
-60
3
-46
-2
6
-69
-72
-29
-32
80
-104
43
-22
41
27
44
-1
-46
14
-3
30
100
56
73
9
39
-14
30
7
7
85
40
8
-37
-89
-4
-95
-67
-72
41
-37
26
31
-78
-37
-7
-27
10
51
-24
-4
18
-17
73
18
64
24
14
9
-3
-10
5
19
1
110
25
-87
-13
124
-48
-42
-97
17
-6
62
-23
59
11
-24
70
-52
-87
32
-19
28
135
41
-76
-44
-84
-23
-34
-21
-90
-37
28
34
32
70
25
28
4
10
72
-2
5
95
69
-1
-48
10
-9
-85
57
24
-29
-1
-27
-9
0
16
22
11
-25
-49
-69
-49
-40
41
51
25
-6
-16
-37
16
-22
-4
6
-42
42
111
-11
-7
46
28
14
45
-12
-48
19
8
49
-64
34
7
33
47
55
71
-5
16
23
-18
-6
-48
-16
-11
-27
-96
53
-74
35
-98
33
-1
-8
31
57
79
-61
54
63
-17
29
10
2
-44
-80
-4
89
-31
67
25
-8
-41
-14
-58
-45
-27
4
11
14
53
77
-60
54
-42
-14
-35
-78
63
71
-43
17
-16
-5
87
-11
46
-49
25
47
-39
49
-8
-39
11
12
27
-69
-78
76
-3
-33
-48
38
17
-28
71
-29
97
-8
99
-3
-9
25
21
2
75
32
-95
119
-111
-21
33
-7
10
-75
42
24
72
67
39
8
-7
-72
1
103
72
-18
25
-3
-43
-116
7
31
-104
121
-18
20
73
22
71
-79
19
1
86
45
-17
-24
-42
34
-42
-131
15
27
15
-2
45
22
62
-41
12
28
-19
-27
68
-25
-10
-29
-124
48
-139
-108
76
73
64
16
-7
-43
-40
99
22
19
-14
3
67
-13
14
-35
-25
-91
45
-117
5
-8
46
-19
-72
18
62
20
-24
54
8
-67
26
13
2
26
49
25
86
78
19
43
72
-61
50
30
-116
31
-27
-41
0
-40
-59
1
11
-2
4
-23
-28
44
49
0
-33
-112
35
1
5
27
68
24
37
39
14
10
25
-14
-76
7
17
-58
-22
117
39
-18
34
56
56
-39
15
39
65
36
-29
44
-39
27
106
84
37
22
31
20
4
9
64
-12
-38
-20
3
90
-19
15
11
4
-6
18
33
96
-36
-69
59
40
56
-10
-36
-30
81
-24
-59
-30
-28
-28
-43
60
106
-38
-10
17
-43
14
-54
69
-1
41
-69
-83
-52
70
11
-22
-75
-72
53
62
126
91
11
-27
57
-22
-21
-19
-68
-62
52
75
35
-23
16
-42
-63
33
55
23
11
-28
62
-35
34
-9
-28
73
75
-21
-32
-3
-10
-28
-47
16
-16
5
78
29
20
-15
-8
39
30
-10
-51
-54
-8
30
61
-54
-33
24
-28
-14
5
21
16
9
-6
-25
-55
-117
35
-31
16
25
-34
68
-14
35
-44
-32
-37
-8
92
-83
-13
39
39
-65
-24
76
-31
-74
23
-26
-11
89
13
62
-53
47
66
-72
44
2
50
82
-5
-63
0
2
1
-10
-85
31
116
-60
-21
-67
60
58
23
-6
-1
63
22
2
42
96
49
9
36
34
41
57
-16
-1
-34
-31
35
-15
30
-47
34
17
-90
-36
-24
23
-24
5
-68
21
-5
-18
-7
-15
35
34
-34
-2
77
-20
16
-66
-7
-39
-30
7
-18
-14
-19
53
40
38
6
29
-35
-23
87
30
-10
-23
-26
-63
51
36
31
-59
2
48
27
40
24
46
1
41
32
31
1
38
-65
-93
-37
-86
-29
0
87
-1
-4
-6
18
-19
-70
-27
53
-26
-39
-23
-39
49
-2
-24
-37
-15
25
47
53
5
-64
-6
-20
125
-4
-40
7
21
-42
50
-49
54
33
0
19
-1
-17
-32
-1
-23
71
41
-52
-2
-24
27
56
-27
-68
-37
66
28
-34
53
26
49
-16
123
-4
10
5
8
81
13
8
-54
-5
-73
66
32
37
-15
-61
9
-5
-75
32
-47
-39
82
60
-12
-30
31
95
22
-12
99
90
57
-19
63
52
68
13
48
-74
25
36
-52
63
56
22
20
-40
36
-3
-45
-30
-56
-29
96
147
0
38
-11
-67
-24
44
-26
-33
-9
61
89
113
-6
12
75
58
32
20
-2
43
38
13
-41
-33
6
-39
88
9
-89
24
-51
35
77
-36
20
11
35
-56
-29
-14
51
36
13
3
-86
-32
53
-61
65
43
-50
14
-116
-24
58
4
-22
51
-32
-20
-52
-13
25
-66
-22
109
-41
-68
14
15
-26
-6
21
-5
18
8
22
-22
15
-52
-105
-48
-44
-75
26
49
67
-34
0
54
25
-13
27
-32
-45
-74
-13
-23
-64
-30
-84
-1
-70
-73
60
56
-40
41
25
-26
0
58
-32
-68
72
27
41
-41
32
-19
11
15
38
-37
122
17
-2
69
-67
37
40
-1
68
-34
62
-51
-43
-33
11
27
-54
-77
69
-54
56
-51
72
22
1
10
10
-71
-72
9
-17
-12
-22
12
47
0
21
-41
-2
-20
-43
-28
-92
-14
38
-2
-17
-27
-50
-60
18
5
34
56
41
12
-76
-72
68
-59
-8
-32
-50
-19
-22
-94
44
-55
54
49
-65
-54
-80
-59
-8
62
28
75
-14
-91
4
-20
15
89
27
-14
-7
13
-21
13
31
34
-86
-44
-55
13
25
-25
-16
8
6
-43
39
-4
49
114
6
11
29
48
17
-85
-38
-66
-13
70
-1
24
28
63
28
51
79
19
-122
19
-32
-139
21
2
-42
45
-20
-19
-18
-28
-9
-15
-29
64
49
-12
32
23
-32
-52
-8
-66
-19
-1
6
6
-89
82
-72
152
-68
-12
-44
87
-12
47
-51
-8
31
-88
42
5
-40
80
15
7
-56
-47
-102
32
-61
-31
-30
138
-23
2
5
-45
53
-42
-17
-68
-8
-58
-116
-71
24
-41
113
-22
23
20
24
-15
38
-27
-21
15
75
82
29
-88
8
22
-17
46
55
57
-2
76
-21
-27
-126
34
-8
-81
-36
86
24
-39
-56
-61
-18
100
17
-31
10
-89
65
32
23
23
71
71
-91
-41
18
-12
15
-29
41
87
15
-64
-11
-55
-132
-32
-79
93
36
31
-21
-59
56
31
74
51
16
-26
-58
4
23
-56
8
-56
43
98
-26
-68
-26
0
74
40
-62
49
23
-51
3
43
17
3
-16
-4
36
32
2
29
-11
-38
27
-47
28
-37
56
-19
-54
-75
-43
-28
3
28
-19
-26
-93
7
20
-34
2
-12
63
27
53
-86
90
-24
-32
-39
37
-46
23
-8
64
-26
-33
-32
-3
28
46
127
2
101
-45
-40
-74
34
-42
47
28
69
-70
-2
49
-87
-9
-23
56
-13
0
10
-40
40
91
-31
9
-39
-18
-70
-60
-13
16
-32
-52
-4
17
-70
13
-44
30
-35
-1
11
-7
-38
-105
35
89
44
-20
14
72
89
-29
-56
33
90
10
-57
38
75
-18
36
4
-13
69
21
-42
-29
-48
4
-30
-31
5
-21
-77
50
25
16
47
4
41
-25
53
95
-33
26
14
-39
-72
86
29
-10
-64
-40
-10
-115
-12
-42
59
-92
-9
26
-37
-83
-165
-15
-54
-27
-1
-58
51
26
79
1
-22
-2
21
5
57
72
-9
-6
-41
-56
91
62
-47
13
53
98
6
-69
6
-69
34
-79
52
72
-39
-7
16
27
-67
48
63
3
-79
-58
22
2
-17
22
12
-9
41
4
-27
-18
40
25
76
30
-38
-15
45
48
-11
33
63
25
1
-33
-62
-50
-26
-13
-35
-64
52
-6
4
-26
-16
-26
-8
53
88
12
119
95
-19
43
-4
51
-25
-32
96
27
-77
-3
-33
29
41
-62
12
-140
-50
6
92
72
30
13
57
11
34
84
43
47
-21
-26
27
-24
23
-73
10
-8
13
1
58
27
31
80
-5
-30
62
-5
36
-78
27
40
-9
-27
-36
85
32
57
75
16
4
43
74
-58
-59
25
-6
-31
-3
-32
76
36
124
-73
27
48
-74
18
-49
20
-33
57
-1
95
35
-79
-49
42
-10
24
-116
11
19
2
-22
-93
-59
-29
4
-27
63
-17
7
-81
54
-4
-34
3
2
110
53
-15
-47
14
87
6
-68
37
10
34
81
-4
-49
-7
21
8
80
-19
53
-27
31
-64
45
39
39
-43
14
-12
91
-55
-28
-25
31
-81
87
-21
-37
101
-128
36
-123
-10
-36
-56
-41
26
-59
74
-113
-55
-64
-23
58
82
-27
14
30
32
-33
9
32
66
67
32
61
46
-2
26
37
-51
-28
2
-1
-20
15
-78
57
0
15
-16
-50
-151
-39
40
12
17
95
52
-33
35
36
17
-5
-25
-45
-20
-30
-23
44
26
11
-47
32
31
-25
35
-61
96
61
77
126
-44
62
4
16
-131
-28
2
67
32
126
30
13
7
-44
-27
38
2
15
-25
-42
32
-20
19
39
53
49
27
21
33
53
-93
110
-1
2
-17
-16
-71
-47
16
39
-63
45
-16
85
-106
31
-8
25
8
57
31
2
19
-36
113
52
37
-112
-43
-26
75
31
33
-16
-28
-28
43
-33
44
16
97
-43
58
-38
-63
-19
-8
68
-25
38
-42
45
14
13
51
31
-73
-9
-25
69
3
-63
-26
44
35
11
18
-30
52
42
-6
-35
-31
-47
-19
67
-27
-26
14
-11
-69
-47
-31
39
63
89
-48
-16
64
-75
-34
20
44
-26
-38
-22
-51
0
-29
37
-58
-85
-23
21
91
-6
14
24
-47
-6
31
-84
-75
-52
-40
134
76
59
-22
21
10
-14
45
18
-68
9
-57
13
-77
-80
-21
-79
-8
-76
98
51
-32
-7
16
-80
-45
-44
-43
26
87
-51
9
11
63
44
-63
17
-2
-10
-93
-61
31
81
-33
-30
40
-30
3
79
-64
94
-45
-21
-31
13
-12
-47
14
5
74
30
-53
123
-78
-6
77
-13
13
-13
0
91
-13
-11
-24
-43
45
-104
-7
-35
24
17
-25
-13
71
23
14
-2
41
-2
35
76
-106
-9
-40
4
95
16
-48
27
120
-7
-81
72
-133
-74
-18
20
3
-49
-53
63
-10
111
93
-26
-67
-27
57
-15
-23
72
24
1
-15
14
47
70
-21
54
-2
33
32
-39
34
-10
52
16
22
50
-6
-86
81
81
-21
45
3
-35
55
-84
-26
7
94
10
53
-70
-43
-24
-26
-23
32
-20
1
5
-49
-86
26
-12
-30
22
-12
58
-71
-57
-3
-40
-8
-37
-31
-19
-6
-12
-20
-11
-83
38
-46
44
-48
-3
4
-43
29
-27
-63
40
-10
10
1
-89
-58
-30
16
-24
-55
23
-4
36
11
26
31
-51
-66
-21
-107
-32
-45
17
-42
-50
-132
-42
-53
-19
5
-93
5
-1
61
-83
22
-86
-54
24
54
18
18
-35
19
67
6
-73
-77
-42
2
-34
94
-5
6
23
60
14
42
-82
59
26
-10
-20
49
-11
-5
3
4
104
-62
5
-68
-14
11
11
-5
63
142
53
33
8
69
52
23
-72
-55
37
1
13
-55
-17
37
-75
14
-39
-20
36
56
16
16
-10
-50
5
94
39
26
37
-34
0
10
-43
-3
-9
-70
-30
-43
-4
5
-15
5
17
-66
-80
-11
42
-64
-19
101
-90
-10
-9
23
-17
88
-57
-41
-11
28
-16
94
-90
-6
0
49
55
68
64
5
-34
98
7
12
68
-16
-22
-13
-51
35
60
21
6
21
66
-87
-51
54
8
40
85
42
7
-70
19
12
25
-48
34
-6
-96
29
39
42
3
-88
30
16
-44
-63
48
-15
-105
-16
61
22
32
37
1
-49
53
-53
-51
27
-65
-39
15
53
-22
37
-87
-52
-28
-13
16
50
-47
36
31
46
-59
-84
-19
41
20
11
-18
24
-110
47
10
-11
45
59
-55
-29
28
6
5
-9
98
28
-14
-24
-5
85
-35
34
11
-7
-27
57
-52
44
-24
57
-98
-51
-15
-13
-55
13
-3
107
19
-102
80
59
89
-47
-40
17
-44
-10
60
-96
-50
-61
-53
-23
-12
8
42
15
16
-29
28
-74
-12
-2
38
-3
-20
89
62
41
24
-25
4
-37
85
-18
29
16
-36
17
45
116
39
-94
-93
5
75
16
-31
51
44
59
-29
24
-93
16
-10
-3
-47
27
0
27
10
-29
-18
-17
-73
27
4
23
-31
-15
43
-100
19
93
71
0
16
65
6
17
48
-33
-34
30
4
5
-3
19
-74
31
-43
30
-3
52
-54
-12
-4
-44
-25
-49
67
68
-35
27
-42
-18
-51
-32
-95
-25
60
-104
43
-64
-32
-62
79
-86
106
31
-19
45
-19
22
-2
-1
-28
-105
-80
-36
36
93
75
36
-28
-63
-37
-54
63
-80
46
10
-1
70
50
76
10
-72
-97
15
-22
-12
-34
76
-54
-21
-74
55
-50
-21
-22
1
18
-8
-31
32
-121
76
-44
-72
-24
4
3
81
-2
-23
31
5
15
2
-41
58
-14
-26
35
26
-48
-95
-15
-14
-14
-14
25
-73
29
19
51
51
34
49
-25
-111
27
-47
46
21
-4
11
-38
-38
-20
47
-79
-40
-31
-60
-54
-44
42
73
-45
-60
-56
22
-6
-30
-46
-107
-67
84
37
-88
25
-15
-101
-46
40
-77
-28
61
3
-8
43
90
-14
-5
-3
28
57
-10
38
17
-39
44
-31
15
-50
-64
57
-47
-25
-59
-44
-40
-21
-65
-47
-1
-24
24
11
43
-28
8
1
10
-19
42
-33
-92
-27
-69
-36
-56
-89
-5
-10
40
64
-1
-65
36
-46
110
6
-108
-96
-15
61
61
-9
93
-28
20
10
14
42
18
-6
10
-57
-37
-40
28
4
-73
24
79
60
-134
-13
-49
-54
32
-58
28
-17
60
-30
-44
-69
60
-86
68
-48
-1
63
63
-3
0
58
-59
-3
2
-15
-49
-7
-63
-14
-29
-78
-32
-92
-17
3
-8
4
-70
-14
-19
21
-92
29
32
-70
-19
12
-11
-14
-11
-133
-46
41
-66
55
-30
-6
-24
25
-48
14
-35
-11
-70
9
-90
18
45
-30
84
-47
137
38
94
2
7
110
-16
-26
-30
32
20
-15
2
89
-34
39
-108
-47
-71
-38
-99
60
10
-100
122
6
-62
-91
131
-7
-147
38
-8
27
41
31
47
9
-15
-24
-7
40
-65
-21
25
0
76
16
-53
23
52
-82
-11
17
-57
84
-48
-51
-9
5
31
40
-23
91
-75
66
-36
-39
2
-23
17
47
-52
-14
4
-67
77
-25
-41
32
-82
-22
-69
115
-18
-73
13
16
87
-13
12
14
-52
36
29
-57
50
-3
45
23
36
-52
-3
-21
-46
23
-28
72
-49
20
-10
42
-43
93
48
46
-65
-87
-28
-43
-34
-91
41
-60
-71
20
10
-18
-37
7
-120
-37
30
-1
-53
36
-31
-48
-12
-3
23
-19
20
-80
-9
63
65
39
-4
59
47
-72
7
3
64
0
86
-61
81
-120
68
-45
38
110
-9
-50
91
20
-34
-29
-13
50
36
106
52
29
10
-39
-72
33
41
7
-14
68
-118
29
-39
-15
45
83
19
-44
117
-124
37
-22
43
-57
-7
6
-52
-55
-23
-1
-89
-85
0
-46
-23
17
15
-50
-9
35
20
-57
9
-97
-17
68
24
-67
0
18
73
-16
15
-10
42
112
-65
-1
-23
-94
-78
52
-30
73
43
55
55
-79
-2
3
62
-4
-38
7
-17
111
-62
46
32
-62
-17
-85
21
-38
19
19
-19
5
-59
13
15
-54
-7
-50
37
2
-104
-16
-46
-5
-30
24
148
-69
45
-4
-36
47
103
0
-70
-22
-31
72
-11
-18
-110
62
72
-12
-68
11
-1
8
-19
29
-4
-19
13
20
-41
19
1
12
-41
-51
39
-62
37
-90
-3
-11
-9
26
-7
51
3
15
30
-23
-39
-112
-28
-30
-18
54
-130
25
8
22
-59
62
9
-2
52
24
-6
-16
-2
-87
101
-83
-23
7
-17
25
-9
-29
9
-17
39
41
-56
-21
38
-60
20
2
-89
6
39
-111
6
47
2
-54
15
-96
-13
-2
52
-54
16
10
28
-58
6
-40
-89
1
52
65
11
12
48
-56
-81
55
-17
-9
36
9
-33
-43
56
23
4
10
-16
32
48
-109
13
16
-53
-35
32
-15
-72
39
31
-8
-8
23
11
11
-28
18
-39
-2
-33
33
6
31
71
-5
45
-25
74
68
26
-32
18
-50
-53
-33
137
-80
32
5
-51
37
-33
-33
-13
36
35
-60
-13
56
-27
-12
58
-32
1
-38
72
33
-3
-73
107
29
43
68
110
16
83
21
73
-28
46
-35
53
-8
-26
-25
-3
-26
1
50
-34
51
3
-33
30
-53
37
18
92
-4
109
-67
22
11
-34
-45
7
-24
-23
42
14
-11
60
-70
-104
16
74
-12
-132
48
25
-38
47
25
19
77
74
-7
13
8
-70
14
-11
-38
104
37
-22
-40
62
-65
94
-17
44
-3
27
-44
52
48
2
3
14
-15
-74
-26
-57
-82
12
-87
-66
36
13
-28
20
51
-84
-20
53
97
-28
11
70
56
-2
-7
12
1
53
39
17
60
-8
-5
2
-50
82
10
-7
31
-27
96
35
35
34
1
34
64
18
-21
-60
-59
16
59
1
-13
-9
43
-60
85
-71
54
23
58
25
8
4
39
-44
-88
-72
29
-113
-18
36
-61
-79
-69
4
43
70
17
-132
-2
-33
-45
-34
-34
-31
-12
22
-11
-58
74
20
-31
95
49
0
-52
83
-14
29
-81
-25
59
50
-36
-69
11
-13
-68
41
55
22
-10
-19
-49
-29
-31
-43
-10
-52
-21
-2
-57
82
21
-85
-104
36
82
20
-154
31
20
33
27
103
49
-78
-62
-58
75
-3
48
63
-19
-52
-45
15
-16
92
-26
79
13
1
27
-64
11
-23
61
2
37
43
40
-93
-15
53
-33
-40
30
-71
102
21
-80
-11
19
53
-16
-97
36
15
44
19
-13
48
-40
53
-34
-56
-84
70
-5
-50
-2
12
56
-3
-5
-7
-38
-111
47
3
-37
25
-23
-50
-32
-6
24
87
15
17
-72
-80
45
46
19
-44
-47
-38
-65
-19
96
-37
-54
-21
-129
24
21
-44
-14
23
-37
-29
19
-15
65
12
11
15
24
2
60
-46
-27
104
-41
44
-104
-39
-33
64
-45
59
-42
-55
-14
25
-32
83
-29
26
-33
10
36
-32
25
-45
-47
37
26
80
-21
74
-9
-37
12
-15
-16
-118
-37
38
40
49
-54
7
25
55
49
-7
-63
-7
102
89
-70
-3
40
37
47
-15
-1
67
33
-61
65
82
-60
28
28
-9
-9
119
27
-25
40
-46
-47
-92
33
69
3
-92
-17
-80
-30
36
-46
-32
64
44
2
18
-21
34
-52
-86
-7
114
-61
61
7
12
52
14
-45
18
42
-52
59
72
-58
8
34
7
-20
9
69
-4
-33
84
-20
-13
-10
-48
88
7
-6
-39
99
40
6
48
29
-58
-110
-22
-55
69
-23
-9
-73
-24
49
-60
-57
9
10
-77
-3
14
-61
-35
23
65
44
11
62
-45
7
-6
-67
111
-37
23
-59
-3
-66
-37
60
-40
-28
-51
54
4
88
-2
88
18
44
-43
37
3
30
38
-56
-13
62
-98
7
42
-39
-12
23
15
8
-76
-44
4
27
22
-84
3
39
45
87
-9
5
-33
22
4
-41
34
-83
-83
-40
-73
-29
55
21
-10
43
18
14
-102
42
-5
-50
-23
-78
1
3
9
-57
-17
-86
48
-64
-41
-35
-11
32
0
-74
17
12
3
-9
-75
-38
-5
77
18
85
19
-28
41
-9
29
-112
36
4
-1
-10
64
15
76
-31
65
-50
49
-45
-7
4
-34
-66
8
-19
-42
30
14
-29
-73
-15
-36
41
-16
109
-13
20
39
75
12
-10
2
10
-30
-14
-129
-16
-14
-2
46
72
18
75
-38
10
-165
-14
47
-60
29
18
-76
42
79
26
-2
-33
-26
53
-5
80
-44
-3
80
-148
34
11
-69
24
2
-38
-15
20
22
-140
68
-74
22
-12
43
-22
32
-116
8
-11
-10
-38
28
66
51
77
5
71
-61
46
-89
-19
47
-57
77
24
-16
-27
1
-9
9
-67
-5
-63
-27
-127
177
25
73
30
9
13
-13
34
-46
-12
-24
25
-47
-21
-80
-31
11
-63
-39
-15
-35
-17
31
110
64
19
0
-13
-73
20
-111
15
28
-3
-34
-41
-13
-30
80
1
-11
-92
-32
-60
-58
-12
-30
6
-19
4
-45
-2
-31
80
-15
7
25
12
70
38
-69
10
64
55
-120
-51
38
32
24
65
-78
13
-97
-27
-25
-57
68
-13
-134
-21
16
46
74
-35
64
29
0
-8
30
38
4
-10
-10
43
114
-103
12
57
65
-73
-32
-50
63
42
68
-10
44
69
31
-103
54
39
-39
247
-46
20
-30
16
-39
13
-95
53
114
-26
-79
-35
13
40
-31
-3
33
-19
33
30
62
-15
5
8
-60
58
-36
40
7
-9
-81
-8
-20
-47
-35
31
38
-18
96
-10
0
7
38
33
6
-6
13
11
70
18
-59
-48
-1
61
34
97
-88
-42
-29
27
-37
-30
-64
-71
-64
47
28
-44
32
0
-18
-10
-8
-30
-76
62
79
18
-35
-25
77
44
-140
135
-73
55
54
-11
-11
-35
-61
38
3
-11
-12
30
-21
27
18
43
-103
-37
66
2
54
-27
-47
-6
51
-76
47
52
68
-5
75
-46
-9
11
-34
7
-19
-62
58
-64
-31
22
-53
-23
-17
7
7
-72
-55
22
115
14
26
-57
-20
-43
-5
29
-41
16
32
-26
-49
-107
16
18
76
-43
20
17
-85
-30
13
71
-31
30
-5
-40
31
3
20
6
27
60
34
-5
-23
67
-9
-1
-79
-46
93
62
85
52
-43
-37
-7
14
48
-10
9
129
18
-32
-51
-39
1
19
-37
9
-46
74
50
17
88
23
50
-54
79
-31
2
2
27
10
87
-57
31
6
1
42
47
12
-2
-55
-30
29
9
-62
-32
-60
32
56
-30
-60
-87
-48
28
-22
-27
-35
21
-13
-90
1
-23
2
-66
40
-32
99
-66
27
-30
-8
44
66
78
-94
3
25
-34
24
-13
-39
-37
71
-2
9
-37
-32
83
-21
-98
-47
-39
97
-61
-21
-30
-55
55
18
59
-23
-35
16
84
-87
37
-73
-81
61
-63
17
84
-112
-4
96
30
-9
19
-36
-8
5
41
19
-13
20
-31
121
51
57
28
-17
7
14
-5
-101
73
52
32
10
4
67
34
20
-64
-44
43
24
14
13
9
-31
-21
17
-85
11
32
29
-58
47
-18
-14
7
1
-28
41
38
-15
-34
-5
-49
-89
82
-5
50
31
115
-25
-53
40
14
28
-51
49
3
-14
0
121
49
12
47
-2
8
-10
23
69
-18
-97
-16
-34
14
24
3
-5
32
35
31
-25
-61
-4
40
-76
26
-59
-89
4
77
-99
-6
-96
-4
1
46
15
-27
25
-26
28
-6
-42
38
-49
86
60
-68
39
-40
18
-22
-64
6
-10
7
28
34
-41
-3
-2
-50
15
11
-63
-31
-116
29
-2
-18
89
45
13
11
65
-5
56
11
-9
56
-31
59
-51
3
119
22
93
3
-116
-16
25
11
66
-51
-20
23
-34
-34
-5
-13
30
-36
41
-20
-36
29
60
-112
-38
10
9
-58
2
82
-29
23
66
14
-12
56
65
-7
35
67
-18
-38
-39
21
-48
14
-18
34
24
-15
-48
7
48
2
38
20
-24
94
-60
-19
-36
-89
-26
60
17
-85
42
14
-36
29
-45
37
10
20
26
160
-115
5
-2
38
-46
51
44
92
-72
-7
-45
-32
-16
-38
77
26
-33
43
-33
-80
21
-27
-84
20
-36
27
-6
1
48
9
-99
-53
18
89
121
12
12
56
4
18
50
10
-33
-5
6
-10
-103
94
-41
-48
8
-49
58
-21
5
2
26
10
5
-80
63
-82
-36
-21
-1
42
53
62
-56
-49
7
-61
-47
-29
63
-34
-3
36
-45
40
5
-42
39
-69
-158
11
92
-70
-32
-38
-63
23
-107
-10
-88
-23
34
-76
-7
20
31
45
-29
-5
-80
-22
4
-21
54
-43
-2
-10
-22
-36
24
-98
75
19
91
34
40
-21
-53
19
65
-8
-10
58
-65
-49
29
-145
-47
19
21
-24
25
-4
43
39
-18
36
-19
-48
58
52
-66
8
22
36
30
-10
26
82
-36
-83
88
-26
-64
8
42
79
26
98
9
49
21
34
-61
-1
-55
59
-19
24
33
-70
-19
38
73
6
6
-148
139
-16
-4
-43
3
-33
45
63
-78
37
-30
75
45
17
55
7
14
-77
-15
3
48
-3
54
35
-77
37
-60
-2
-41
-24
-30
-48
16
24
-47
-39
-18
-48
48
-3
-12
69
91
-7
-50
28
-49
-4
88
-30
-28
-40
-12
33
0
-30
101
-24
-68
7
-13
-39
56
18
60
-49
7
-31
14
81
38
-38
1
5
-28
9
84
-17
12
100
-75
17
-39
-39
-3
-19
82
95
-21
-14
59
32
4
-12
-10
-97
-14
30
69
65
-103
-28
-45
18
110
97
28
-39
-19
-71
121
-30
-79
-14
-38
-37
24
-35
-99
-31
-39
-27
-20
-8
-166
37
43
-42
5
22
46
-29
8
-1
22
-27
-54
21
82
0
-62
39
38
11
-32
32
35
-69
141
37
-44
-61
70
19
-59
26
-17
-16
46
37
-10
6
-48
94
-53
15
-13
-50
43
2
-25
76
-117
-30
20
-87
-25
-31
-2
-97
9
-4
44
-25
-54
-23
-10
44
-44
-55
47
-98
33
-6
-9
56
-66
96
19
45
48
-59
-15
24
2
10
57
5
-17
-118
11
85
77
-111
-15
50
57
-30
41
6
-9
8
-107
30
-76
62
14
6
9
-30
15
1
116
-17
-9
-4
-102
-14
14
-2
-11
8
75
71
-34
-14
-39
57
6
56
14
-18
-58
-4
-74
-9
-20
-32
50
28
-30
-52
36
-11
-35
-94
75
-102
-58
30
18
-49
-60
53
-36
84
-6
13
-37
86
-12
-2
25
22
13
-35
-10
-12
62
45
6
16
5
46
-82
-25
97
-45
-57
31
24
-50
26
-87
-29
-23
-75
20
-32
69
11
44
15
78
-59
77
-44
40
80
39
50
-49
-94
-12
-100
0
9
-10
67
21
-21
-37
-38
49
-4
39
-8
-65
-8
20
-38
-6
-106
4
-53
-15
83
-36
56
24
-8
87
-5
28
-4
10
14
-7
-89
-15
54
-35
20
-92
51
-4
-15
-78
-77
62
-7
91
61
-4
-15
-14
-54
-21
-40
-26
-56
-73
-9
-9
-65
38
35
34
33
41
123
-22
10
-37
-12
37
0
-12
17
18
-7
-14
43
65
23
7
-30
-63
74
-7
84
-1
-69
60
40
39
-60
-28
51
-8
41
-13
-11
-60
27
86
29
-31
-7
-18
-11
5
54
-12
-68
75
-42
-39
0
164
-10
-6
-49
90
-68
61
39
-2
-72
-25
48
-54
57
-57
-84
-17
-64
-35
-59
5
66
-19
-27
11
-23
9
33
35
-58
-92
-19
49
34
-40
68
84
90
-61
-36
-68
22
53
-57
34
65
-5
-91
7
-2
44
43
46
-21
11
-10
63
-4
-31
-11
30
-39
-42
-4
72
-45
28
-60
33
12
-13
30
6
-2
-4
32
-15
-19
56
56
-64
-87
37
-46
15
19
4
7
-97
-14
9
14
1
97
-4
-58
17
-8
54
-114
35
-9
86
14
-19
1
-28
-5
2
-30
45
51
47
62
1
25
68
-5
-44
-32
-154
-1
85
-16
-101
-35
23
11
17
29
-103
-32
-11
26
6
-49
-48
16
-55
-55
-26
5
51
44
-5
32
1
31
62
-1
-19
26
5
-43
32
62
-28
-57
-6
-62
-16
97
-53
32
-18
1
-41
27
12
26
-69
15
-60
-64
-34
-3
-73
10
59
49
31
16
67
-25
54
27
12
-82
52
80
46
-4
-56
-6
-5
15
-76
-61
-23
-1
-2
12
-18
-16
-58
-24
84
12
64
26
27
-17
18
-61
-84
-32
17
11
-20
-23
-43
55
-58
-37
54
-24
54
54
70
6
34
24
13
14
-35
38
-1
70
41
-38
-18
47
22
44
-47
-16
10
-46
-29
37
-89
-21
-76
-90
-81
-59
16
-99
-117
17
39
42
46
-18
5
104
-25
38
-17
28
-32
-63
-8
-89
-134
-4
-15
-34
37
25
36
48
18
15
-34
-4
32
-97
86
16
-6
36
20
40
-36
-66
-47
-115
-22
-50
18
37
-23
-15
15
-36
-42
-15
11
-25
-1
-6
-15
-40
62
29
-48
0
47
-38
-43
-12
-23
28
40
-19
-11
-7
-2
5
27
1
67
-18
138
-68
0
74
12
66
-30
60
32
11
25
-159
9
-24
-74
-33
6
-46
66
41
-33
45
-43
-55
56
-17
-45
130
27
14
19
61
36
-17
-38
47
-27
-36
14
-74
-28
-39
-92
-42
-8
-1
-21
-5
20
-29
-22
-74
-38
-75
23
-46
-89
-50
-14
20
-28
-33
49
1
49
30
-71
-24
29
-43
-70
-40
5
37
68
-2
83
13
-20
51
12
57
70
50
-59
68
46
-13
-25
-68
-32
41
33
22
49
-3
64
-51
-20
3
57
84
-13
46
-64
-81
-48
-107
82
-69
-24
-56
-55
58
137
-76
-53
108
-28
-52
-3
-44
72
41
38
58
-62
22
35
0
-4
15
-48
31
41
-64
21
10
-58
-87
-1
-37
96
-90
-43
-38
19
-24
3
12
-50
44
-130
-62
-20
-34
-17
-73
-71
-10
4
5
-11
-44
-67
67
-32
-8
81
76
64
-30
-68
19
-37
-35
22
-21
-20
3
-21
18
-49
-17
-20
-18
74
56
-12
63
-55
45
-2
-45
5
42
-26
-35
-63
7
-26
35
-60
-68
12
-31
13
-51
88
164
34
4
29
50
-79
53
-26
-21
-38
-11
-1
-73
0
0
34
-26
-31
-48
23
-59
-39
-50
-35
-1
14
-83
-103
-13
-8
7
-90
-35
3
91
-16
44
-82
52
-25
25
30
18
-72
-130
-80
36
46
49
-69
19
26
87
2
-3
-84
3
-26
20
73
-26
5
-52
23
0
-46
9
49
26
-11
16
1
17
-83
13
20
54
-40
9
-61
-55
-81
-56
-9
5
11
115
98
-22
-22
20
80
-9
73
43
36
12
6
-3
-17
-45
14
49
44
-32
-4
10
-8
-24
16
-29
-59
80
-16
20
5
8
-42
30
-55
24
53
27
-11
27
93
81
-79
74
49
-74
7
-4
-92
-30
29
-30
23
-2
-40
-24
-7
66
-30
57
23
21
25
-62
6
-36
0
22
15
4
-3
38
42
25
5
53
8
-1
-28
12
17
77
-1
-87
34
10
25
15
60
-42
52
24
-25
61
113
-64
132
3
52
28
26
42
-4
28
-54
38
-4
-33
81
-21
-15
-75
-78
-19
-34
-23
2
-17
40
-23
-28
5
77
20
2
26
-18
56
60
-85
12
27
72
64
48
-81
64
38
36
-47
58
-9
39
60
-7
16
-45
31
53
96
-68
79
-4
67
46
-4
5
31
-21
-51
-19
-6
33
8
-6
-100
-54
-5
-10
-24
21
-20
84
23
-109
-94
15
7
56
-31
-70
-46
35
-25
-5
64
12
36
-67
-54
-45
-37
-20
66
11
56
-12
36
38
88
-22
33
-21
22
52
-50
18
-35
18
30
-11
22
58
103
5
-36
-20
-8
-61
4
2
-1
47
0
-7
-56
-7
-1
-1
20
-44
-22
-57
44
-11
-65
8
9
2
-29
29
-26
75
-62
98
-109
-39
96
74
62
31
13
-41
-98
62
-15
13
20
-17
21
27
4
-17
-19
55
-9
-53
-11
-41
-47
59
-20
4
66
12
-29
52
0
60
-24
-59
-57
48
12
-13
-38
-18
-16
13
8
35
37
33
-15
42
13
63
24
-8
-6
-48
-36
57
104
-6
101
-39
3
88
-118
0
-41
22
80
-38
-40
-6
32
-2
52
44
-12
49
27
-60
-14
-9
-8
81
155
14
31
-57
3
14
127
73
57
-31
27
11
83
38
9
60
47
-115
10
-130
-63
-82
46
8
52
-23
63
65
36
31
83
4
-13
-62
-9
-80
-96
6
-25
102
3
86
-32
-82
9
-63
-7
64
-14
10
-94
-55
135
54
-36
-25
-105
-10
15
-9
-36
59
-46
-23
-34
-10
13
21
-6
-49
-8
-25
91
26
33
-22
-52
28
-52
54
-2
-127
-64
-82
-82
-12
36
39
-15
-26
0
-132
-41
63
58
24
16
0
-13
-4
-4
7
69
3
28
110
-74
-22
-7
9
-66
-44
-28
-45
-8
66
1
-68
-24
20
-35
87
-10
-104
63
18
21
41
-76
-59
0
-29
69
-55
-50
-68
10
18
2
35
49
25
-8
26
-5
-36
28
-105
36
48
-50
-21
-12
27
-5
-11
-63
-15
9
46
-37
-55
-65
19
55
16
-31
35
-9
103
-85
-44
-28
-52
-94
32
-6
38
-127
102
51
23
-15
-41
69
-1
6
40
-16
15
7
36
-25
-34
-90
-30
-57
-43
33
44
-34
-38
-13
65
-21
-20
-37
-8
74
46
21
44
83
-42
-20
19
18
44
-30
8
-36
-18
-29
-24
55
10
4
-96
41
-43
9
51
7
-15
62
26
-19
74
-53
-11
27
-13
17
18
-8
-15
6
-15
-28
5
18
-47
-14
-29
72
57
-80
62
32
5
-78
32
-23
-51
4
-34
1
3
74
-42
22
52
24
29
-19
25
-51
7
38
-101
-76
-68
72
32
-28
59
20
-17
12
183
86
38
43
5
-32
18
-42
-71
12
-139
40
41
-21
4
19
-93
-57
29
7
-19
-9
-61
-30
-14
-4
-3
51
-12
-9
-21
-91
81
-81
66
36
8
15
-57
-67
4
30
-65
15
-61
45
-1
73
-62
11
-42
29
67
-118
-9
-23
-37
2
-19
46
-40
50
7
-25
-6
-41
63
19
-47
25
8
-63
-49
34
-60
75
59
-12
28
53
62
55
33
-59
72
30
12
19
85
-63
23
-103
25
-25
-81
-7
-9
-57
98
101
20
3
20
23
-20
2
-55
38
-135
-5
-50
-85
-40
34
103
60
19
-15
61
-51
27
100
-8
22
72
14
-67
25
-69
-41
-46
-20
7
7
81
-11
37
-8
42
-63
27
-10
122
10
11
1
-31
1
-9
-40
-23
7
11
-16
-11
75
-102
3
-8
46
-20
6
-63
7
6
-40
-27
-16
4
10
-35
-44
0
11
-6
74
-12
-27
-4
40
-13
9
-15
-21
20
41
38
3
54
39
45
76
-64
-10
-27
45
-59
2
-16
-51
-73
-20
-26
-56
45
57
42
70
-14
29
2
-53
-41
-18
-4
-133
82
25
-48
-46
4
78
56
28
59
43
-73
96
-37
-11
42
-57
-120
-50
46
19
-14
-23
116
45
-26
-4
-3
-42
9
-21
5
8
36
-42
24
-27
2
26
-44
-48
90
-21
87
48
53
54
21
112
-11
29
-18
-31
1
-10
9
-27
-80
60
46
-31
-82
-50
7
9
28
2
86
-117
50
33
-10
18
49
27
40
39
5
-108
83
-12
-41
-20
-18
14
-9
-2
73
69
29
-25
94
-78
-40
-3
24
96
-58
-5
12
-57
36
-4
-40
-31
-3
26
-35
-43
-14
27
30
47
-86
-45
-16
10
-33
35
90
83
-79
-26
-40
85
8
-39
-24
62
-34
54
-9
37
-59
-47
-34
-34
-160
-106
-10
-45
-79
-94
15
40
0
35
-66
47
13
-51
169
-26
48
84
149
-20
-83
-25
-40
66
78
-62
-50
56
-9
-56
23
-197
61
-10
45
30
70
-43
15
6
17
-42
-16
-6
38
54
-14
73
20
-22
-41
-49
-8
10
11
-39
22
72
41
-63
36
-77
17
-9
0
-70
-30
12
-43
13
69
20
-48
29
43
90
-11
-49
-42
7
-111
-14
-19
25
96
-29
52
30
-40
-15
-61
33
-71
12
45
17
-35
-88
-59
16
21
-10
-4
-80
3
-13
34
39
63
10
-70
-47
5
108
9
2
54
-16
-20
106
-29
-26
-37
4
77
111
35
19
-27
44
-1
37
-55
-14
35
35
3
-31
17
19
44
3
22
-93
-75
-44
-17
10
80
28
89
41
-19
7
-1
-32
-45
55
-52
89
-42
-76
28
-22
-40
-9
38
-75
-26
-4
-60
37
-12
0
6
-5
23
13
17
74
-39
-22
-101
-67
-72
110
-76
-31
-33
23
-31
-64
-48
32
-11
-43
65
-15
-42
-13
39
-52
11
-96
22
2
13
-63
22
24
65
75
71
-74
9
58
7
50
17
70
-69
17
42
44
6
-51
-16
-48
-7
52
66
-31
-15
17
-60
-37
-36
46
1
39
20
27
-40
-53
29
12
-16
-17
-28
-47
24
-14
16
-20
-68
-15
-82
15
-46
58
2
-2
53
45
27
30
18
37
-29
70
48
98
14
118
56
-9
34
30
-65
56
6
-22
-7
19
10
-56
-44
1
40
91
-10
48
48
85
-48
-13
26
-66
-78
-30
-60
-42
-116
-95
-19
-29
93
-11
-21
10
-65
-15
35
-75
-23
-37
-7
-15
-28
-52
-61
-90
37
-4
54
28
-39
39
31
-51
78
-3
-31
-17
73
-26
46
12
-58
55
-26
-28
-19
69
44
16
35
-8
32
40
-14
51
56
87
-40
1
38
10
-73
24
41
24
73
-31
116
-34
-12
41
-18
64
33
-3
21
72
56
9
-50
-7
-54
41
-49
28
47
29
27
-51
-22
-3
19
-30
61
26
37
-43
-1
0
-31
-62
-17
49
56
-24
20
67
20
16
69
6
24
8
-50
12
-21
6
5
-33
-24
-47
22
-38
-34
7
24
-82
60
12
33
51
-24
1
-120
-38
75
-40
-70
59
30
-29
-32
-25
92
-66
23
22
-22
53
-65
6
14
-27
50
30
-14
-24
38
15
51
8
98
-9
-6
-3
84
-34
17
-66
69
10
-53
-58
34
-40
1
-4
-2
-33
28
-35
44
56
-61
5
85
134
20
16
4
8
8
23
2
77
59
107
-2
67
28
10
-85
67
23
37
3
34
29
-15
-101
56
0
-48
29
-3
-43
3
47
80
-19
-13
-39
-42
26
-20
-44
42
-39
-13
-53
59
54
-29
51
148
33
60
-36
-60
-71
40
13
-36
51
48
-16
-25
7
144
25
15
-11
53
-14
-51
-8
-24
3
48
-70
110
-18
-19
68
108
12
10
2
-74
-38
13
-62
40
0
-6
3
7
62
60
-81
6
-45
12
-19
4
-45
123
11
-20
35
-54
91
27
-35
37
-23
31
73
29
-31
-75
50
-51
58
-123
7
-33
-107
-100
77
-114
-41
19
41
-72
54
7
2
-2
32
-54
56
28
13
-17
59
-15
-38
33
14
16
54
-38
90
-12
8
-31
49
-45
-11
16
53
83
5
22
50
15
20
26
73
-40
-52
52
0
-5
81
73
2
56
48
-9
-8
-16
99
78
-76
-41
22
24
31
-58
34
-56
40
-12
-54
-10
20
37
103
72
-44
43
40
8
-21
-43
6
-6
21
-63
-36
-113
75
-22
35
-34
-25
67
3
-35
122
48
-61
70
118
-27
-33
-60
10
41
16
-8
69
-63
-35
51
-24
-70
-95
-10
-51
-14
-33
25
35
15
37
153
32
32
-25
-26
-10
-53
20
26
105
-4
-30
1
-55
-15
-41
37
-86
-37
-20
17
-67
-62
17
24
1
-75
-20
1
-5
110
51
-71
-19
-81
38
31
-17
-65
2
-90
-84
19
-16
49
-30
-18
31
-6
76
7
-21
38
11
4
-19
2
8
51
50
-41
-2
-68
-30
18
-110
39
58
27
15
43
81
23
-120
-32
94
-60
-106
-27
-95
-56
-27
40
-13
45
-65
86
-63
-16
-8
13
-49
64
22
42
-38
55
-21
67
15
-24
-29
-65
-70
42
53
0
-5
33
66
-23
-2
-52
-79
-15
-49
-1
-3
10
40
-78
2
-45
8
44
-60
-7
-30
22
-42
-39
51
59
-54
12
25
67
-45
-5
10
-35
-88
-32
1
42
-32
15
-55
43
-40
-39
59
15
26
7
-7
-15
-17
4
26
-33
-65
-37
-41
66
1
-58
-56
-83
50
37
-35
26
90
43
-41
18
-4
-42
-29
-27
-58
-79
-57
-18
-30
13
12
98
37
36
21
56
18
2
6
-14
79
5
8
-12
-93
60
-14
8
-23
23
-64
-12
8
61
-52
-79
-147
-38
-30
-12
-63
-5
54
60
79
-22
64
-3
40
52
-18
71
-36
-18
69
6
34
72
43
41
-67
47
-52
-31
-31
32
11
41
28
97
73
39
-12
-53
8
6
78
40
142
72
27
118
-71
-58
-17
47
86
36
51
-31
16
93
-39
-28
16
-5
51
-21
-63
17
20
94
-19
-15
6
-6
-130
50
58
38
23
-5
51
-33
45
-20
-12
16
-16
-19
47
8
-62
52
-16
56
-25
29
21
-53
-93
91
-54
69
-32
20
-63
12
-60
52
32
35
-16
39
64
-47
-9
26
-132
-15
25
17
84
1
27
21
-9
123
68
0
35
98
37
65
-15
53
21
19
35
-13
15
-30
105
47
-45
8
0
-39
-71
-36
46
-42
-42
-34
29
66
-96
41
-65
23
16
-29
42
-79
-57
-98
94
-26
-33
9
-22
33
18
-69
-11
18
110
46
-8
-68
21
14
-61
29
77
10
-9
49
61
98
76
-54
-32
-96
-37
18
11
2
5
7
33
-59
32
-2
-37
26
3
44
-112
-57
-59
-94
-60
22
84
-13
-2
-52
-31
4
78
-32
54
76
8
-17
9
24
-3
-5
40
6
23
-11
-28
-60
45
-50
-11
-77
9
48
58
-9
-12
-33
-37
-7
-23
-54
-70
14
-66
-14
18
46
-16
-45
33
-34
113
45
-51
3
-47
-134
8
5
-86
-97
6
-49
36
10
38
8
-23
99
-29
37
-39
-66
34
-101
-14
30
41
-3
-27
6
-4
70
-43
28
-69
-50
-4
-117
-35
-35
70
41
-30
30
75
-54
-36
-14
88
34
86
-54
-38
-81
-16
22
39
-55
-93
-11
-56
-56
-33
-47
-36
-25
40
19
-28
33
66
41
87
-69
4
56
-32
14
12
65
9
61
61
39
-17
-22
-53
15
-2
13
-6
-46
8
-55
32
-45
36
44
-69
-47
64
24
-83
32
56
148
21
-99
-36
2
90
41
-32
-63
-35
44
-67
-48
12
-12
-44
55
35
39
6
-18
74
87
53
52
-58
-64
29
20
-33
33
-10
-10
17
-20
-64
-23
5
0
19
28
52
-43
72
-7
-66
4
12
-1
28
16
-31
-10
25
17
36
-28
87
53
39
-14
36
35
15
-79
61
52
-32
6
-39
75
17
68
14
6
-23
63
-16
43
63
15
-58
3
-10
-41
-8
-56
48
-15
-11
3
82
2
-7
-14
-14
44
-69
4
45
-67
-114
19
15
-26
116
5
-117
2
-84
24
80
-45
-4
-9
69
-91
-82
-34
-46
58
14
-41
22
3
-8
-47
54
17
56
36
17
1
-34
-51
28
-71
-11
-199
-36
1
-58
-52
-48
-29
-13
-12
-102
13
-15
47
-27
18
-81
23
35
-65
-32
-7
63
-61
14
115
-6
-50
-77
-10
-4
24
-25
43
38
-23
-25
-26
45
-131
-27
-26
-104
4
-47
7
44
-25
21
27
0
42
-51
27
63
-7
-29
-33
26
-20
43
-92
-68
42
-83
91
-25
-4
-72
-44
20
102
65
47
67
-36
4
54
-100
30
-5
-69
-4
-28
-59
39
25
-2
11
16
24
-36
113
-50
12
23
30
8
-24
2
50
-42
41
54
35
5
60
57
19
3
1
30
-3
34
-19
-35
28
34
8
-2
56
-53
-11
32
2
-97
-30
0
-42
-8
25
37
-12
73
-8
29
-9
-39
-4
11
-101
70
4
58
34
-46
-16
-77
-4
20
101
0
-25
-25
-64
-47
38
18
33
-121
15
124
-48
100
-97
-50
12
-52
26
49
88
64
-7
20
0
57
-6
8
6
-13
5
-9
44
91
5
-71
-44
-51
-60
-11
46
48
47
25
-11
-55
-29
2
-72
-15
2
21
-10
55
-16
-2
17
-27
-39
77
7
23
-8
-8
42
-28
-53
-16
-36
-16
-12
-78
-2
70
-11
40
98
42
31
-23
92
-25
-69
81
108
103
-13
13
-120
55
-5
1
82
-101
-107
83
38
12
69
41
-83
-54
-18
-66
3
-41
64
6
28
-12
8
20
-7
126
-29
-111
16
48
-3
-9
-37
23
13
58
-27
44
-17
-30
86
-30
47
-25
21
-21
-32
26
-49
132
36
59
-47
49
13
7
2
22
-3
58
-19
61
-10
29
-25
-20
23
52
-47
28
53
-75
44
-30
89
-21
13
11
48
-11
11
-45
-113
58
16
11
8
-119
25
48
1
64
91
61
27
-44
18
59
54
51
-4
-40
21
4
5
73
-84
-44
1
48
31
-16
-11
58
-7
106
-40
-65
-27
-28
105
-20
8
-27
4
-62
41
50
88
2
-30
10
-69
-8
22
14
32
13
-1
62
49
-63
34
-53
-49
-69
-30
-7
-15
-29
26
4
-56
-39
-62
-21
-7
-22
-51
-31
6
-53
75
21
52
-6
-59
-39
70
-61
-46
-22
-64
-47
32
29
-31
-11
1
2
-24
-46
-48
53
6
-24
-13
-20
32
28
-5
-51
-7
-19
18
-40
0
-43
-4
46
74
46
60
-21
35
10
34
15
-36
50
-78
-45
67
59
-34
26
-36
17
-4
3
-52
11
18
32
5
-50
-13
-28
-2
40
-29
12
1
75
-20
-6
-39
-28
-35
1
24
65
-35
-71
160
38
-92
59
70
88
-29
-11
5
-29
44
-40
-4
-33
40
5
47
-41
-51
60
60
-56
33
-85
12
-11
-39
93
-67
-36
43
-59
-7
15
47
-5
-79
-46
-35
15
-83
-32
-27
-17
-1
38
50
26
22
5
4
-137
-22
-16
-7
-62
-39
76
-56
71
19
-120
40
20
-116
30
-55
98
33
10
-128
1
-27
57
39
-91
26
-68
-79
0
-43
15
35
-15
-32
53
-49
-35
41
-25
16
-36
-109
11
-4
11
50
-47
19
-64
-71
76
-6
-13
-48
-12
31
42
-112
41
54
-97
26
17
-47
-71
23
70
-85
55
49
-49
-16
28
-15
20
31
27
-6
-40
-97
-43
106
15
-58
48
-59
-86
27
81
28
-90
-27
-3
-48
1
42
29
23
-39
0
-32
-4
12
11
30
-12
21
-1
21
41
-65
33
88
3
14
18
5
42
-116
-23
88
-25
10
-6
-49
-58
43
70
47
13
7
-123
-66
-18
32
47
40
32
69
15
-77
14
-45
-37
-2
-8
-51
-20
54
-31
80
-70
-82
97
-73
68
-1
-29
-47
-9
28
-50
-2
46
-22
16
13
9
46
8
-33
-64
-5
-58
-34
-65
39
-66
-18
1
-35
-20
78
26
-20
-32
-9
-52
21
-18
74
-49
-4
-25
23
-35
-20
-97
23
-11
-45
-51
48
-136
-43
-8
-76
-48
-6
-27
-40
-15
47
72
-60
12
23
-69
-41
-34
102
20
74
100
-12
-47
133
12
8
-6
27
115
4
19
33
-78
35
26
-9
94
92
31
85
6
-4
-39
10
-83
-83
43
9
-13
-9
25
11
-13
28
14
-36
28
77
5
-26
15
-12
169
21
-52
45
-55
1
-26
-48
86
-28
-48
-7
-77
-11
101
18
40
-61
-36
-8
-23
94
-1
89
-60
26
-30
18
56
35
-72
19
-9
82
-122
27
-13
31
80
-9
12
55
-2
-4
-51
35
58
-9
14
-15
-28
13
-29
-36
-21
-11
-41
22
18
-7
10
17
20
56
26
-38
57
-15
-1
14
28
15
36
43
-6
-24
-10
-103
-40
-22
-47
9
24
-34
-75
2
-16
15
-3
-26
50
-27
60
14
10
-7
31
-78
1
51
-66
-30
-72
-86
-23
19
33
34
33
6
45
35
-43
47
-36
15
61
-93
50
-41
98
6
19
-8
-13
-1
46
-21
-24
-26
-66
-35
-85
39
-19
-107
-62
-62
17
-40
36
10
32
95
-13
36
98
-12
-9
53
-17
81
-73
68
95
-3
-48
83
-41
10
-26
88
12
28
-23
9
-8
-12
2
73
-91
18
-70
25
-114
-44
69
-18
-58
-42
69
34
-75
-42
-32
-18
-15
-35
-86
50
-25
-19
27
-32
69
-66
91
-65
19
-43
26
65
-78
-21
70
-7
25
-60
75
5
-16
36
60
-4
9
131
-1
15
30
61
29
8
-176
-30
-35
68
9
46
-30
-65
36
-5
44
-77
8
74
51
107
28
-40
1
-40
-44
-1
35
-80
-27
0
5
-68
-28
-2
5
0
-8
26
19
31
21
-7
-80
20
85
7
-38
-18
1
-23
9
54
-67
28
2
-1
89
3
-101
-12
68
-12
47
-11
7
31
-3
-30
96
52
-51
-10
-37
-11
-46
1
-60
4
-2
32
17
-29
63
-33
-10
58
51
59
39
20
27
40
33
102
-3
-12
-95
-28
-93
-150
37
45
-9
-12
105
-25
-55
77
52
10
15
-27
-71
-60
-48
-54
3
46
-158
-7
-30
-23
12
64
-92
14
-54
87
143
-22
-73
-7
12
-17
5
61
41
9
41
19
61
-56
75
-12
-15
65
-31
-26
59
-1
30
9
2
-30
24
-15
14
12
-45
71
121
39
9
25
20
97
-15
-40
49
-46
18
38
54
-19
43
-57
-72
-54
-70
-52
-10
-60
16
-22
-49
104
52
-30
-84
42
31
-20
91
1
23
-25
19
32
16
1
-14
-57
-41
6
-56
-11
4
29
-57
-31
36
-23
-59
70
11
-66
76
27
-74
-14
23
-56
-3
-61
-44
9
5
38
31
-104
-44
-47
46
-45
4
17
52
-46
0
-14
-68
-90
93
-12
-31
34
-98
27
32
-59
33
-136
26
56
-7
-5
-17
-133
17
-14
-51
-63
-12
26
-7
83
55
45
-30
0
-40
43
-22
31
74
48
-74
15
-73
-31
-84
32
12
-74
34
41
23
-33
55
-17
49
-82
-35
0
-6
34
-2
5
8
59
-51
-78
-54
-91
15
-52
16
7
-53
-63
-19
-4
106
34
-54
79
-63
-54
59
-12
-32
-30
-31
-56
-1
-24
0
-35
8
50
13
34
-36
3
45
47
13
44
-7
-53
-102
33
24
66
-113
-18
-36
54
34
4
46
16
-31
-3
28
61
-88
24
-114
65
-3
-78
-4
138
7
-63
56
10
-43
5
-3
7
-12
-2
-28
33
79
-59
106
-52
6
-10
-36
38
-79
33
-19
116
5
-147
28
109
40
29
-115
53
113
-79
-24
-59
67
-32
48
13
-25
7
-54
0
-34
-20
23
38
-20
18
12
-1
-44
-32
73
103
23
40
88
24
-8
-41
-15
78
14
2
-2
-27
18
1
-113
9
53
64
-28
42
-92
-10
-25
64
21
-32
-40
-80
-19
32
45
32
-63
-69
36
-19
-3
-96
-39
-7
45
-4
50
9
-28
-3
-4
-2
-44
-39
2
-46
17
21
58
-58
27
20
-28
-15
27
-178
-30
-115
-5
39
-7
-18
5
14
28
-30
-65
-13
-13
-113
83
39
27
-5
-30
-17
-4
35
26
-41
59
-14
16
-86
8
-17
1
73
-53
-51
-126
9
30
-87
-25
-4
-36
3
43
21
22
-42
-87
-64
8
-7
-60
-93
-29
62
-54
-41
-45
-91
39
10
58
61
9
64
-17
-24
7
-19
-4
-45
-47
-19
46
-11
-52
-33
-78
-31
-5
-61
-17
-76
-32
6
16
33
38
-17
40
10
60
-29
21
-75
91
-20
46
20
20
10
-22
34
-20
-32
5
27
47
30
-10
15
-31
-53
-3
-56
-57
-3
-10
-26
51
41
-66
-51
-15
33
-60
-115
-53
-15
27
36
30
10
-69
-12
0
-16
34
94
-17
24
64
3
81
0
18
25
82
79
-20
-12
24
0
-25
52
-120
-70
-74
-20
106
59
66
1
52
-66
-31
11
-73
9
5
6
-23
40
95
14
-95
-41
-48
56
39
-23
11
52
82
-4
-53
105
-29
-93
69
43
-23
42
-29
-101
33
-29
2
-10
-78
14
62
-32
-24
-94
-58
39
-66
0
-56
20
-54
-6
-1
78
-12
-45
44
-55
24
22
-17
-63
-2
-47
-25
-41
47
15
15
60
15
15
4
35
7
-111
52
-103
24
-70
7
-30
-25
-84
91
-29
51
-9
-22
-79
29
53
-83
-6
-42
-5
-62
-90
16
3
-29
27
7
-2
-59
53
-27
5
-37
-26
-7
-86
-16
-107
-67
-46
16
-94
84
-65
-43
1
49
95
-6
25
-75
7
-72
1
75
-43
-59
38
-51
15
-60
-3
82
38
-87
31
-8
66
9
-15
-6
35
-26
6
82
55
0
14
88
23
-14
32
30
4
95
-35
151
-59
