37 68 400
0 12
0 16
0 19
1 10
1 14
2 20
2 21
2 32
2 34
3 5
4 18
4 22
4 23
6 29
7 28
9 4
9 27
10 8
10 27
11 21
12 28
12 35
13 10
13 11
13 12
14 21
15 1
15 31
16 24
17 8
17 12
17 17
18 7
18 15
18 26
18 28
18 29
18 31
19 1
20 20
21 1
21 5
21 14
21 29
22 31
22 34
24 22
24 26
25 29
26 9
26 17
26 23
28 6
28 15
28 25
28 31
29 8
29 17
31 3
31 16
31 21
31 34
33 12
35 12
35 32
36 0
36 22
36 23
40
54
29
59
1
49
36
35
60
46
19
15
61
5
6
4
65
67
55
57
30
42
52
9
26
51
16
39
12
58
64
21
48
38
14
32
62
37
18
41
13
63
23
31
43
44
47
56
11
3
0
20
2
50
33
45
53
24
22
34
27
8
10
66
17
28
25
7
244
-312
509
781
-241
15
568
-587
422
213
-241
84
-52
228
-261
-161
-484
175
348
-238
-420
-72
144
-732
-167
382
-91
496
-585
-407
-887
65
45
-155
215
-42
552
123
443
-148
-394
-136
280
86
-225
-274
-18
-89
213
197
-473
188
-19
312
-30
711
-84
379
-54
45
627
49
-303
394
70
625
-330
-196
590
464
-580
57
-11
-302
-209
-780
-576
-139
371
216
212
-801
-38
-879
488
215
318
623
-325
-119
54
513
-534
969
-257
-279
-589
-343
-737
-354
24
-251
1054
-143
754
587
303
-172
299
-179
91
-61
70
-32
150
690
46
730
-382
87
814
773
-196
49
450
-459
113
-612
537
-407
-235
-606
-438
135
-451
413
257
588
300
-274
-909
-553
123
-499
21
921
-314
-778
-143
-43
-574
-350
437
384
402
-130
-25
-459
698
-36
-188
602
775
332
-526
335
568
-15
174
65
-145
-401
943
317
285
-16
-118
225
347
234
-353
411
2
-159
-310
236
266
359
-166
-1152
395
-45
-188
-696
460
-97
82
136
-572
-652
-109
134
-471
168
-237
-456
-614
-226
91
-457
160
34
-41
-573
114
-314
-680
145
-123
158
-146
318
954
261
-138
859
-340
189
-1002
-776
-175
-549
-326
-261
-118
-202
625
-208
288
-581
-203
-432
404
-952
27
-350
-135
48
1057
574
-20
-207
-402
-408
-129
-304
250
404
-231
585
259
33
558
-3
353
-596
596
-920
172
38
-105
-132
372
-179
-357
202
-210
276
36
247
-448
219
187
-414
1055
-158
215
-819
552
68
-611
-552
461
585
246
340
-108
-140
12
507
171
217
-44
63
-716
1000
-364
-289
-29
-202
-375
242
-390
-265
-260
172
-591
439
295
-474
135
539
-90
-746
-120
282
-91
212
74
-250
543
106
-734
-437
-5
-229
-530
768
-162
93
-247
-267
124
200
428
-60
-389
-318
38
-513
-110
140
21
476
214
-246
122
674
137
-367
450
78
595
237
55
-279
-184
-27
-434
-827
698
399
-146
-292
-275
59
614
-67
101
-202
-133
-561
-178
822
18
-945
-550
-593
-327
351
-111
420
-557
-656
-797
-240
606
268
170
340
-29
269
-71
-452
-80
-378
220
-298
-216
-293
-486
531
-393
349
-423
550
-376
40
22
135
288
299
45
-982
444
-449
406
-92
-415
-233
896
-76
-12
-216
473
-164
23
321
-301
-730
36
-423
-31
651
41
-262
384
298
-24
815
-934
155
-173
472
-271
-544
-194
142
94
316
-220
14
502
230
74
-164
-248
561
234
-86
248
96
-418
-601
24
-82
206
39
-376
542
291
-669
-192
-495
164
-215
872
599
6
248
-277
232
-588
-246
88
545
124
52
-69
388
-637
-164
-735
324
-192
-660
1204
-536
-456
643
77
-455
322
-66
-144
-355
431
76
530
-542
-113
-450
669
-393
-314
37
297
-306
175
733
-294
265
494
285
-22
-108
126
-129
-409
-465
324
223
378
880
-62
34
-188
-415
127
333
-383
46
-332
65
8
45
313
-132
233
641
170
-157
-557
311
-635
886
588
256
82
-293
90
209
-329
419
-602
185
101
-466
-36
172
129
899
20
-68
-651
-106
-801
188
-6
86
347
-221
-176
-254
-338
433
133
-7
552
-544
-57
794
-27
-145
446
-43
690
-92
277
-29
499
-285
-680
-126
-171
420
59
344
-48
-181
239
-363
-366
265
-174
357
42
348
112
-36
79
42
-91
55
471
57
-81
34
178
152
-165
-280
-520
-146
461
510
-591
-95
-115
-104
1175
-619
6
35
686
156
-150
-836
-116
496
-485
275
443
-552
-282
-328
-158
-325
-500
532
267
699
-178
208
526
220
-452
41
-322
114
-304
-68
-181
9
-94
-69
-726
-10
-502
-196
-150
314
-308
-398
260
-516
133
-226
-257
-279
-497
-413
308
-759
246
-510
416
-151
-176
-392
408
876
350
-491
440
-681
-391
-34
958
251
-416
220
-558
84
-517
403
83
-131
-112
-1129
-760
302
16
-13
82
-475
379
303
-899
255
367
26
62
-102
-506
260
148
733
-57
54
-461
286
-97
-148
-852
374
238
464
-259
-505
-203
-582
-91
687
48
117
-334
204
106
14
-591
-111
251
-13
-24
-60
-402
112
189
-248
609
197
-897
-208
-292
-526
-537
-102
-87
-183
-273
112
-125
4
-80
153
-225
35
23
74
408
596
829
-81
254
-208
874
359
-268
712
-45
-188
453
18
-60
352
93
-643
130
-313
359
-704
-465
-139
263
-32
138
-361
219
368
768
-805
-318
73
-606
512
81
138
307
90
-137
-438
-467
91
-390
-77
107
-119
158
-293
357
-3
276
-250
157
246
440
-226
-229
183
-262
-325
320
-631
486
480
672
-280
-510
698
-350
232
77
-231
-519
401
250
-492
125
514
-187
-743
396
193
110
142
-290
-37
-844
90
-432
-229
-885
118
474
265
-265
106
-42
552
-194
249
-205
835
-119
-99
736
-994
470
-131
-1252
-764
-103
309
-286
179
-100
261
-454
-145
-60
392
-51
20
304
266
118
112
377
98
-232
-540
712
-273
-952
187
-186
-1
-194
-649
-229
-123
-72
-339
152
-721
-192
268
168
-370
-765
-135
205
6
644
423
607
78
363
-934
877
-290
-80
299
-411
-162
181
569
-365
275
-287
-185
-499
2
364
-680
327
-365
48
-2
984
298
822
607
-2
-44
24
-296
-355
-562
338
17
-73
-283
440
-212
-132
-454
57
99
-734
-181
258
186
217
-117
414
129
-576
-523
-183
404
93
8
-233
262
-361
-18
254
540
-492
448
-274
375
13
-231
344
200
196
-396
-393
-362
-128
256
250
479
69
22
62
-23
-456
-466
610
-794
396
333
54
731
-473
-414
247
454
204
-219
-269
10
335
-103
-34
719
-136
-554
-54
-27
250
400
203
-305
309
303
-124
110
-275
-806
-181
-629
700
-2
-140
-339
299
-630
58
594
-77
767
-278
-54
141
-30
-361
-33
-272
90
346
637
425
-688
-158
-274
-224
381
-800
-499
-206
-439
562
589
24
742
-13
-7
92
120
373
346
-733
-559
-299
-385
-124
-310
-155
-560
-486
-441
-315
1
-397
-5
158
-565
538
-49
337
122
-654
7
-96
658
181
189
-153
73
-355
172
949
-566
21
214
334
-104
157
-157
536
-459
143
-1000
593
3
-838
257
538
330
-88
561
-65
492
436
-451
142
-76
-105
277
1077
229
311
-123
195
464
-280
309
100
141
-543
528
594
346
-330
575
-506
-412
-260
-81
422
-147
-488
-238
293
50
285
-26
-178
-356
580
227
77
-486
-269
344
59
256
2
313
-652
330
-315
385
-392
-328
-226
251
-514
14
-1028
217
725
427
-245
334
558
174
-276
506
385
-264
-107
-353
19
467
45
251
792
-429
-35
599
-680
-139
-251
323
-232
105
-563
-222
-550
64
68
-128
85
55
280
129
-291
-207
63
111
-151
-282
313
585
153
-162
-27
105
30
272
-234
-201
268
99
154
222
615
-60
-232
-7
393
-30
24
76
-179
-576
229
110
431
341
246
-4
182
270
285
380
-246
116
159
521
-95
392
-231
374
-459
404
496
211
-339
-129
-203
138
-141
666
-118
-35
-145
64
472
399
-12
-4
-245
-621
60
221
-259
304
-15
358
-12
-381
-713
-130
213
800
548
135
178
-206
-649
484
-617
328
473
88
513
599
-393
202
-600
-164
-97
-565
87
-28
664
-65
389
161
106
-604
-484
282
-805
-72
-76
-500
392
154
125
189
62
-54
66
-362
-536
401
76
237
605
457
-727
-737
289
425
-180
34
211
188
427
-534
-317
-53
155
26
5
-118
-198
-989
371
-44
-215
-346
-227
349
-345
118
-80
179
-511
-138
622
24
254
-112
-181
19
-720
-319
-493
-231
-266
-24
36
-48
-96
-356
-148
-552
-461
-467
-83
-152
-1154
433
-668
321
81
-304
-701
-83
696
247
105
111
-25
640
-318
-169
-747
453
-112
-195
-381
-85
-4
160
282
290
217
-111
344
-182
-221
-193
107
-426
58
790
348
445
-130
-345
207
158
450
-69
204
171
770
252
-751
-604
205
-373
-389
-53
31
214
51
-786
-714
714
99
-38
205
-530
506
-326
-5
-188
-275
294
-594
-748
96
969
-316
57
494
-124
665
458
777
388
278
736
-318
129
-856
28
-112
-242
-410
138
727
709
-122
-64
-492
-837
201
-646
-760
184
17
-8
202
-633
124
465
115
327
575
-140
-566
-537
155
609
-203
-28
825
-125
8
-564
250
-45
22
-365
-1084
10
16
-46
926
-203
773
-336
-729
-91
-568
-297
-414
423
233
943
-261
-890
-547
142
338
342
140
740
64
-65
-346
586
-475
436
128
325
70
-409
232
499
-441
-210
-73
382
-343
-44
-145
-407
653
-277
-174
-313
-267
423
-47
8
203
-370
600
-140
11
-392
-85
-139
169
48
-128
-251
399
169
-132
163
-406
488
173
218
115
-372
-189
-422
174
-599
125
103
-216
330
-543
422
2
722
-259
800
755
-724
248
-213
-211
387
-277
-413
-193
-84
552
-110
119
-549
-424
-377
36
202
190
47
-386
-484
-350
305
101
63
84
-309
-5
-876
357
-47
-441
-454
-74
94
-198
-275
365
-254
-752
-83
551
-440
-119
-100
376
319
359
65
430
151
-306
-350
-339
-87
648
647
-205
92
-139
236
-291
-124
373
617
-270
-299
405
286
396
-65
91
277
503
-181
-169
551
-360
105
221
-169
-223
-1102
39
-349
-468
256
-372
346
2
345
-501
311
102
255
-783
98
271
-449
20
295
-175
-359
319
311
61
317
114
409
274
-205
468
31
-212
-315
393
-407
419
-677
-654
161
294
-195
-813
-124
185
-47
-269
-512
183
665
228
358
29
-252
663
266
-147
23
-198
-211
602
8
361
122
566
-247
-280
-791
-131
282
546
51
225
247
397
-139
-183
414
-122
-258
106
59
290
48
-553
-139
-126
-378
24
503
-766
136
55
-17
631
-224
152
-10
-410
-386
-499
-429
491
22
28
-234
199
606
12
671
239
181
67
-366
154
81
93
-57
250
638
291
593
56
14
-236
-108
297
-733
-58
-502
365
-492
-256
47
-219
-55
-383
696
-270
-444
33
613
-178
67
-122
65
-166
-189
-241
-475
37
-258
-271
158
402
196
-393
-274
90
411
-249
308
-61
96
-193
-574
-182
-429
-337
148
-101
-275
-394
-231
-449
320
-293
116
-585
-331
67
550
151
-47
554
-433
17
-414
348
626
-408
284
-497
382
52
459
-512
-392
386
589
-637
526
-326
-231
576
-516
606
365
509
860
135
-177
553
-557
-242
-130
873
-402
318
193
256
96
-853
560
-712
-286
495
-310
-610
348
-333
187
353
-218
-115
759
-353
364
-264
375
274
-237
-19
320
-584
519
9
-17
1089
-135
518
682
-106
726
106
-219
-85
-408
623
441
315
-669
125
-670
334
-621
345
239
105
2
-663
-570
296
-577
511
-102
-229
235
-229
615
48
158
118
-881
218
23
4
83
431
-303
-306
765
-516
-139
707
675
-58
12
23
-278
-489
-107
-699
-369
-300
408
86
394
508
-126
-476
-273
-491
225
-803
-233
-272
-1
-213
-175
406
197
512
163
-633
344
238
22
-3
-296
-790
52
-595
448
-316
239
714
116
-103
-254
575
916
68
268
39
-537
561
-229
100
279
229
-539
146
-24
208
-375
-412
-687
-210
-28
-729
-208
-743
167
-210
256
-469
144
511
142
246
-19
-456
151
-784
-65
-63
106
47
73
-55
427
35
340
-546
-777
-16
142
-453
522
510
-31
-229
119
-328
238
-80
-633
-414
-719
-342
-435
519
183
-272
148
406
-334
-413
-263
-229
-373
71
30
-266
-467
532
28
-529
-78
-3
293
322
-811
-289
243
240
-196
-116
57
-495
-460
-115
259
-780
22
-247
50
909
152
-420
1087
-313
976
-117
493
525
293
581
90
-262
-22
440
-273
-504
153
-501
-203
-352
4
-591
507
423
516
184
-323
-177
-195
465
-190
330
-110
-119
77
-245
727
-244
72
372
108
106
219
407
172
453
190
-467
244
183
305
30
-867
-382
-287
-117
-44
-24
525
126
713
-283
-127
-49
-109
187
-172
-326
-308
-213
-203
-64
277
-747
113
45
-341
-107
334
381
423
-332
-736
73
594
-135
-266
455
-218
24
338
158
-232
-646
-424
-254
169
-82
6
-167
-121
285
-39
34
37
-200
-632
-880
-170
-29
-169
143
-555
11
-833
-290
-568
743
369
4
-623
-17
330
-44
-406
110
-320
401
157
-222
738
111
189
644
-48
-346
1097
-121
-654
562
594
168
-615
-219
-502
-157
-179
106
264
205
-284
167
-233
-576
465
-478
115
527
116
19
158
-228
-362
386
605
-406
67
-55
-163
-797
-89
-71
-660
-739
-553
182
-457
140
-464
225
67
-86
-128
-1
-720
-108
-495
-270
-737
381
241
-36
-542
-448
839
220
715
111
-132
325
46
-173
204
-60
-65
215
524
-497
-298
1004
168
-275
-69
10
442
348
85
-422
418
306
260
-7
-966
-320
283
-420
8
696
-379
-489
-576
400
-247
-432
-308
-170
-377
-453
1250
-17
-361
50
-193
797
-39
313
281
34
285
235
-317
-183
-181
6
-119
14
43
73
-137
-62
-269
259
260
622
659
367
418
-112
219
-202
635
176
126
183
31
190
-147
677
-576
4
169
-18
129
318
111
164
-243
-259
-90
494
230
297
47
-397
-35
123
-88
79
147
252
15
-126
288
529
-281
255
146
595
-21
680
495
-1141
54
-7
230
-47
-555
403
130
-70
165
152
-493
-404
699
537
577
-176
305
-562
503
850
729
-309
366
186
-612
-329
-264
301
570
-176
-59
-39
-427
639
-163
-809
-521
351
238
301
365
378
-89
-390
88
602
-110
845
-96
71
8
504
-30
-76
30
361
-171
-360
-103
280
-197
116
64
336
-816
473
82
142
788
-1118
-680
-284
-38
-276
-523
579
163
-2
-756
1239
422
-387
434
757
-796
-12
-74
-74
-126
-651
-120
-10
23
-82
-219
773
-472
-205
169
-219
426
-138
224
-304
-62
92
-410
129
-9
-437
-575
262
671
-174
-315
344
729
603
-463
-466
-693
-74
69
-201
492
-306
176
233
572
198
-521
-659
352
-296
220
3
-149
-704
476
176
303
-672
-178
63
-260
126
55
-493
366
-641
598
1037
649
218
251
350
-5
122
-444
-126
-457
-162
670
104
-439
645
847
585
106
-788
75
215
442
442
-339
400
-616
239
719
575
530
735
719
-73
-177
-72
-427
167
149
-424
207
77
302
743
70
-91
-587
566
265
-419
13
-515
377
-177
268
-351
-15
337
-220
-516
211
454
409
172
-611
-33
102
108
-32
-844
505
87
129
-82
-813
-201
201
473
-216
-225
631
123
400
-381
31
-264
366
-238
328
-301
256
203
-292
-172
368
-397
448
-17
-291
-178
-1001
-131
-758
-95
-269
-804
218
-44
615
132
-489
-188
-214
-40
188
-20
-1
168
-66
-95
529
638
110
366
-123
536
-593
227
-269
356
-41
-869
151
527
-41
-648
-373
-312
-174
-702
-479
239
366
860
106
216
243
103
-286
1201
23
-366
-98
-414
144
-734
-440
458
226
-134
-550
-129
187
-210
267
-655
490
356
-93
-187
83
258
473
12
180
311
-441
493
345
-38
381
510
92
-121
314
-450
-188
-766
-266
-434
-555
562
-286
-1122
-116
-109
84
400
159
846
73
-840
236
-389
111
283
506
-587
-234
-470
67
-412
-308
16
656
-132
4
-491
872
-173
376
13
-496
213
-196
154
324
-926
130
-156
-580
-407
-472
-364
-139
-109
-434
371
-731
125
-189
-647
-419
-107
59
205
166
-297
-387
330
-348
-336
289
776
-258
-550
700
-382
235
144
1153
822
-285
-47
20
-435
54
498
599
-373
-119
-452
107
61
-577
266
367
-46
-26
448
677
-589
970
-120
364
-1030
-36
286
160
50
217
-15
389
344
330
90
383
56
1032
-1143
-279
37
489
471
-358
507
-379
-643
307
18
239
436
261
-573
438
-234
763
238
-332
-211
104
-115
-144
-225
-46
267
-121
317
-362
-600
-133
589
-280
333
-493
-332
525
-762
293
600
-359
-93
303
-290
-174
-480
51
1163
-762
40
-512
-215
-180
-6
64
-503
-422
678
222
50
652
-149
266
-801
-101
-752
151
-600
479
-938
-136
-79
-609
522
74
61
-534
566
-759
-160
380
-315
-663
-93
-66
320
-333
-1
-217
290
402
16
-397
368
-6
-247
88
-267
-210
-289
689
-117
-576
-420
-331
164
44
-656
-37
-33
186
-143
-43
-263
4
-494
542
-900
312
18
-175
441
-346
564
-343
-29
-362
-314
448
-480
117
126
175
292
-288
4
252
246
-716
558
136
815
-176
-605
347
-408
-276
599
92
-351
-255
-479
118
-427
487
-1070
300
-162
422
528
58
208
-230
-533
-131
655
119
498
-14
244
-225
139
300
77
237
552
-210
-304
94
249
-504
105
216
51
-21
-235
6
813
-337
129
-247
-808
-31
104
246
261
-426
139
144
159
-585
86
-41
31
-162
-613
259
-993
-38
-233
-189
-839
-303
-82
-233
370
-372
-520
347
144
-607
-276
195
-401
-212
-685
-84
-5
-296
1174
-242
-751
516
-681
-533
651
827
246
112
139
-26
-732
-659
-431
210
200
-132
-150
-94
11
-533
0
-218
-206
276
809
-195
445
-457
-356
564
500
-415
-517
-254
39
573
424
-166
0
719
-271
-883
-465
-221
-127
224
489
329
63
129
-300
366
-171
133
-203
-32
-357
-161
34
94
-224
220
-741
-276
-286
225
-128
-564
149
54
9
37
410
-192
209
331
114
-469
-107
225
278
273
761
-458
396
5
62
229
56
242
531
-332
-401
345
-251
20
-291
-1029
672
-105
-377
-142
-103
166
511
-609
548
-331
-57
-1081
-203
-739
30
-260
-111
161
43
907
365
-398
-404
415
301
417
-177
364
250
493
472
175
253
-277
-90
256
-8
114
753
38
82
17
74
-67
-865
-172
220
-6
-30
-235
97
688
-890
-142
242
13
-286
57
-402
-41
110
-518
-244
46
741
195
188
75
116
149
307
231
377
-695
-86
-348
189
-435
57
55
362
-139
131
-501
-647
-298
217
-19
595
-241
883
-79
303
-28
-3
291
362
-318
-10
647
-563
22
-273
366
-498
-385
69
336
251
-427
-393
566
-166
-414
195
-92
-1134
318
-183
223
-44
119
-90
164
-283
493
195
58
-129
909
-653
390
-960
213
-387
-314
661
1025
-644
51
252
650
639
404
-544
-210
-405
-363
532
145
57
298
447
-997
-44
309
20
23
19
-420
744
328
557
125
456
-402
-296
698
699
746
-87
265
-328
500
-668
224
-388
-67
-268
668
-93
390
672
-433
-2
-145
94
45
60
56
526
-334
-303
-283
-211
641
-233
310
694
50
-737
284
-592
-38
-30
386
442
40
261
-564
17
-117
573
-1011
116
-546
-29
732
-386
179
-610
-136
173
45
-409
411
-94
-580
-248
263
-12
-172
89
386
-361
-377
719
-491
-360
-347
-898
-385
-130
548
-316
425
-161
568
-80
-673
364
-688
-298
277
-502
365
-489
-57
257
427
501
51
-221
473
-520
-438
-517
-248
22
28
136
53
-467
14
-462
108
411
-325
-792
-155
-345
108
-320
71
-29
541
250
-371
305
254
750
-142
313
-168
-308
-258
311
243
-223
-200
262
-522
-801
-775
158
-242
-161
-494
181
69
-91
2
-30
241
102
-781
266
341
-245
-216
-98
-226
56
-386
242
308
-474
-111
141
287
904
-542
-225
-559
474
53
305
-348
340
-234
-92
-443
594
-194
466
-350
246
-38
705
-505
592
-169
522
452
-876
-634
136
-907
-218
2
720
-113
-536
416
262
-236
-1559
557
-391
-140
242
-261
512
-262
-802
387
-292
111
613
204
-714
-1270
-185
239
-214
43
-251
317
-34
928
228
829
-2
152
-705
-54
-190
239
1
-377
565
700
69
-568
-178
-569
453
456
204
464
14
-418
-593
-493
-458
1177
-363
416
-44
-120
15
-562
320
155
166
167
312
530
-152
-43
-103
73
-54
3
-28
439
995
111
112
309
-127
-837
-150
540
-102
107
-337
177
556
-103
-264
-206
560
138
90
173
-79
-195
-20
795
144
354
-107
-213
-473
-372
-581
488
-250
419
128
230
-41
-87
244
311
-138
-476
35
-479
-162
-744
-557
196
-124
-640
351
-458
127
-69
-493
-255
1
-213
46
-456
-208
-331
-283
-436
398
8
739
558
-1207
-274
-473
406
-129
-763
-775
-10
159
-171
-8
-842
-236
12
-615
-484
265
646
-317
852
-239
-118
-362
830
-61
-93
-436
-508
87
63
13
169
-153
331
523
346
132
-619
129
-369
256
-221
3
-600
568
-636
250
82
544
137
14
-362
654
776
-239
-129
-1
-250
365
293
-221
52
-835
-126
293
424
228
123
95
791
395
750
239
-713
31
-238
942
47
13
-962
-314
-809
227
61
-85
-152
591
-82
-74
-1155
-1122
-3
221
667
36
-738
-197
-256
-242
73
544
144
430
633
304
-58
421
-925
-457
329
-33
-1003
379
112
-697
725
-314
-286
183
163
559
12
-124
-314
382
-62
107
-308
-541
-367
-94
221
200
453
-477
466
383
285
245
738
-164
-335
236
-157
9
54
-268
57
458
294
-10
249
-238
-529
-500
-386
-1109
-214
-494
30
406
41
-75
390
-381
-552
77
112
-793
503
-222
235
-382
231
-770
651
-616
-86
266
473
622
372
-550
942
30
-379
-224
-277
-294
7
557
-643
-297
-618
769
-90
152
-218
-856
-551
-671
66
400
239
-316
-761
-32
110
-302
165
49
633
-417
-204
-72
-692
-479
-489
-42
33
-504
-513
-57
150
152
-255
-30
190
148
391
-184
984
330
514
160
337
362
469
-200
-250
86
316
466
-289
1270
229
347
-122
69
-361
-63
153
200
490
-18
340
-54
199
225
-637
-530
-9
245
68
-212
-190
-874
-379
-831
-125
-87
375
-83
-536
824
-45
-442
-501
-217
-106
145
-807
-536
444
49
190
312
-58
239
-29
-480
304
208
120
-474
111
530
355
-36
216
-350
-403
-313
-598
424
-141
296
211
-508
-4
-259
541
-388
-259
385
-46
-298
276
263
312
-158
418
148
53
-130
202
-90
-435
-232
0
-733
-143
585
513
434
-343
427
559
-51
780
-274
492
187
-596
455
-931
252
-457
857
-696
-123
244
259
589
-186
-160
-656
206
486
419
257
-320
205
142
-145
-556
241
-367
290
-385
-336
-99
-369
-460
661
358
-286
-858
-106
-200
76
198
490
754
401
54
336
-395
-1018
-739
-35
536
-116
-241
-193
493
-295
-59
223
-233
-349
439
27
134
68
171
190
-440
643
-141
-141
687
-292
414
-244
243
-222
-1287
337
-266
616
103
-378
-47
-16
-609
-210
-651
-112
-251
687
-253
-167
-139
-291
-26
-754
48
259
-195
-429
747
-140
-292
-579
532
-104
151
-756
-43
787
103
424
-563
47
946
140
-172
-21
280
-970
167
306
-351
32
-300
-449
92
-526
-156
187
-88
-915
214
-726
96
-74
200
-578
-76
-836
887
-25
626
-373
277
335
35
-253
513
530
230
128
-265
-310
-790
-267
-18
459
-37
389
37
79
-398
105
-146
238
297
302
461
238
-431
-46
329
-396
483
592
249
-165
-674
190
51
-14
-11
-50
-284
-829
431
-368
-774
271
-156
-508
-75
-75
286
365
7
-526
-41
-212
-29
495
-368
129
108
238
16
-301
-352
209
87
331
617
880
204
53
-318
-220
-104
-299
348
376
-93
151
-26
99
94
-33
-172
125
557
-552
-296
454
-278
270
495
463
146
-443
117
-119
3
-333
19
-567
549
-122
-396
672
40
974
906
-250
-410
-27
77
599
77
-639
326
573
63
-107
94
296
-86
-360
-338
693
658
-954
-59
-384
643
-383
-740
33
-536
-145
-269
-320
106
314
252
-281
-341
517
-250
-542
-23
239
-345
-293
278
-448
-46
199
68
284
83
537
-422
-101
209
-86
463
151
-151
276
-896
-96
406
-178
148
241
303
-229
240
511
3
-444
195
-34
146
812
152
-273
290
575
-811
331
-558
520
18
-518
229
-595
373
-278
294
16
245
174
742
-688
24
-331
-1027
316
-454
-218
150
-670
-803
174
745
-438
-175
75
39
-363
-145
-144
371
308
329
-256
141
376
160
288
359
41
-113
-312
91
589
-299
-280
-620
-165
225
-91
195
435
-94
19
-218
162
676
-191
298
-211
-658
-354
421
-129
-21
32
497
413
-640
749
-339
936
24
102
159
-292
-239
-332
-321
-900
-524
248
32
647
238
45
242
121
-25
261
44
98
-426
-18
84
236
-431
749
-278
335
349
-923
353
-398
647
437
600
-217
-946
493
0
-207
115
427
-72
-179
386
-257
-84
171
-368
-9
376
250
187
138
-62
-615
239
137
388
-206
-162
-226
143
-293
175
-70
262
-265
238
144
-779
24
383
-187
-116
169
-212
159
404
-430
91
35
277
-60
50
-174
525
-168
586
294
-363
194
-333
-278
-18
-440
-70
-439
490
-477
376
-392
794
86
285
-123
422
-31
234
-69
-164
602
308
-704
-81
-25
-553
-809
393
401
-91
97
724
-383
-151
120
272
-217
-180
-199
442
147
794
93
-182
-665
-243
186
-596
-30
-419
-6
-853
64
133
187
220
-168
-169
234
-545
115
536
203
-95
290
-596
403
-360
-376
-98
-28
0
104
593
-53
449
358
162
-259
-171
235
-339
-9
965
-97
96
-36
389
-526
-360
-401
-37
-77
711
-428
-259
-171
-411
-176
-179
666
-187
-811
-163
138
-284
193
230
290
-133
-80
-1067
1
238
-557
506
-514
28
-30
449
-114
526
-2
-801
10
514
-753
12
-696
-517
-18
251
117
739
71
-239
-734
571
112
17
-180
-106
2
49
-4
222
312
137
-242
121
50
-940
-397
569
591
-98
-152
-449
-316
600
380
109
-52
-550
201
480
-724
-658
-85
-317
-595
600
-143
-283
207
-243
197
-250
-674
-87
-124
-73
559
526
109
307
448
-5
146
98
-260
155
503
-995
108
-741
-130
-349
60
676
445
286
544
57
205
230
-483
-329
40
59
-36
47
-373
-32
320
-846
-293
-234
893
-471
-290
-170
-421
-272
-266
307
329
-94
-577
74
-225
-332
490
-235
-169
-672
228
-309
-26
451
705
380
-843
46
-464
-129
517
-175
388
577
-551
871
-352
-225
-612
-235
-188
1109
332
249
-316
329
-15
-406
228
208
384
-504
-67
586
-979
-336
94
95
-1107
88
581
-320
259
-301
55
243
-153
443
448
-138
378
245
-63
-23
-119
303
-793
-131
98
651
292
17
163
177
-54
-299
-110
93
-515
163
-434
-211
-15
150
385
-237
-202
-332
-204
393
107
234
221
-241
-90
-176
142
67
221
-824
371
357
-354
143
26
-259
680
676
262
195
-352
629
471
-204
-75
935
45
316
-1037
590
-303
532
68
508
-394
401
361
-515
479
308
366
332
92
600
-72
275
-20
-241
-165
173
603
-838
-391
-1427
-131
-665
586
-20
393
-392
594
-386
-622
211
561
288
-97
-281
345
-393
497
608
-349
-447
176
58
-1095
48
-692
124
83
-397
499
447
525
679
-242
-569
-301
73
-315
722
77
-260
-168
274
29
-460
887
-178
162
-259
-467
28
-711
-129
-132
-306
-43
-115
-423
17
266
-1275
-39
24
-581
-647
108
462
-163
-407
94
173
-129
-122
714
-14
-323
-704
346
269
-615
-166
201
283
-367
277
118
-22
-629
-353
-175
-123
-201
-181
-380
-572
-140
-43
755
933
160
221
88
458
597
-43
619
20
1006
470
-90
738
122
-549
649
135
-218
530
-388
328
49
163
-485
-436
148
166
-233
-438
-1150
700
-231
-78
533
356
219
488
160
-436
155
-352
26
-55
202
-312
740
50
52
-325
-387
-554
-241
87
352
-424
221
-216
-74
244
358
81
553
609
586
-651
-24
-206
72
-176
-231
227
418
199
356
-145
57
86
-192
-520
-484
-328
219
-274
1054
-602
73
-344
100
113
150
735
-71
390
-431
98
34
358
285
373
-65
-62
-68
270
-146
-1187
-43
223
67
-340
201
-741
12
-440
-204
-873
107
-933
-1153
39
-255
-920
-317
-169
-4
-387
68
-535
-702
471
-70
-877
-539
678
131
36
-519
1
90
688
-71
-395
519
202
-162
133
805
-394
-123
-5
50
681
-402
54
194
220
-508
631
-42
456
302
-719
379
284
161
-281
-334
-141
75
-895
-340
-271
143
215
991
49
212
-290
709
-294
345
-46
150
-583
260
-409
848
731
-106
591
52
190
900
-195
-468
-317
833
-490
-82
613
-33
-957
-538
508
517
212
-247
-229
-543
-353
112
8
-38
-216
-118
164
-255
-271
57
358
-233
660
-431
647
-414
202
-810
42
190
127
220
2
270
-362
687
-433
772
438
-178
373
1197
-623
-123
536
469
309
908
-154
466
-520
137
-37
-641
203
80
-467
117
595
99
605
-18
-904
527
137
-239
502
160
77
129
-635
-571
142
-80
-200
32
-66
-312
0
-51
200
-110
-560
43
206
-241
-20
-272
875
143
-754
-110
-5
41
274
-159
-66
328
334
-119
-124
-84
-325
-304
-286
378
817
29
292
108
-111
-327
-608
604
-609
-318
-426
22
-13
-28
413
124
-560
-140
-404
-468
-322
40
271
-229
438
-146
797
-72
286
-472
415
-640
191
308
-17
-117
357
97
-582
253
311
240
-1054
-313
369
-171
-402
-125
43
67
144
159
-533
245
573
203
44
14
44
72
1303
1061
-90
-129
55
-180
57
-71
-466
-354
561
-354
-18
-138
665
44
-199
-74
477
47
-277
258
252
-45
200
218
-300
-391
309
-92
-224
263
-704
-302
-194
-320
704
180
329
-360
142
344
-383
505
-307
44
241
647
712
-397
135
-55
-626
457
-279
-216
123
156
-355
337
-312
445
-513
10
506
-40
-81
-533
-96
315
-246
152
867
-99
-157
691
-116
-150
897
-283
894
-299
558
-804
220
-635
165
-301
-523
158
46
99
650
-443
-267
604
-118
-412
-648
-414
-38
206
-330
261
335
-494
106
557
-159
-340
954
654
-144
-250
356
-331
90
525
429
-10
628
36
89
-477
222
303
-315
-684
-508
-15
-109
-107
332
25
-85
-522
-236
-659
254
-419
252
-129
-500
87
544
627
-845
-103
134
-161
-42
-197
-304
461
102
525
-264
-319
-477
-53
70
-132
321
-879
511
354
323
359
163
-138
520
300
167
266
-61
471
572
715
-437
-117
310
86
-213
61
-476
139
108
144
115
338
-102
395
-542
-577
-308
842
-608
819
209
-333
-158
-409
171
-563
-151
-613
134
-453
593
-614
634
410
537
-90
-309
495
21
471
62
202
122
-55
117
1132
-867
215
103
34
872
490
171
175
-388
-26
366
-137
-35
23
457
-191
318
-329
-246
176
-24
-547
231
42
252
379
-831
214
306
-135
-176
101
-696
538
-73
369
-99
442
128
194
148
-77
-397
-174
838
-362
104
465
-69
-378
164
-381
-248
78
-125
256
751
-89
-211
437
388
251
216
81
-53
96
195
-475
976
64
545
-707
-435
234
-222
-229
383
-108
718
-139
-619
60
-4
-427
-302
-278
75
-415
-80
366
675
-95
410
76
101
-406
425
96
55
-114
873
457
-310
973
427
-113
-401
220
29
390
-37
-399
469
430
-246
-24
4
311
927
-18
47
-650
365
-452
71
-194
29
394
367
-149
-456
170
511
-118
535
-526
-10
-886
-62
403
-172
-439
619
-27
-380
-919
38
-340
-699
-747
675
681
422
687
186
-718
-474
85
-20
-264
143
43
-371
331
230
583
259
484
647
767
-321
14
274
200
-604
-303
63
212
-651
-623
366
-533
-562
-512
127
166
-381
-771
369
150
-34
480
112
-4
76
117
266
-494
-410
-121
-162
61
-216
-145
-267
203
173
-92
128
756
-850
-309
31
-540
490
-7
-56
672
30
101
315
-338
-687
447
265
-527
-462
115
-171
-122
-57
150
256
103
346
359
-34
-333
-307
337
171
-129
-229
147
146
-331
450
-642
-597
117
405
224
-912
185
-284
482
645
402
-869
250
518
-153
452
-214
144
75
594
304
102
-446
-230
277
-393
-489
167
76
124
-653
115
461
-261
-212
548
480
-459
764
37
143
-20
31
400
103
-229
-377
179
-60
-334
-320
-193
20
-259
-488
-431
-162
-762
46
704
398
466
99
315
-805
320
251
648
-501
168
-307
489
597
143
-24
131
444
43
525
140
388
-391
624
-183
-724
-208
-272
-28
30
677
479
762
-902
167
-50
-257
118
-4
-264
-268
106
231
-224
-510
98
-151
274
24
169
-122
435
-39
-366
-78
271
229
-106
389
-214
-223
-120
354
190
251
154
-129
-299
24
453
-221
-445
-350
-206
-78
367
347
-212
-167
246
111
171
-39
-121
143
860
182
-112
-278
39
-698
-641
-374
-834
85
622
421
681
218
-395
-831
338
389
-724
99
-956
-164
-295
-12
198
-8
-158
-220
-54
-127
-128
1142
520
427
-316
-725
483
17
36
318
47
-398
562
716
-208
-84
-96
666
-862
602
98
-766
-483
469
92
-755
-166
-317
572
858
284
-149
98
-512
-367
78
402
1248
-441
357
-162
-31
-299
10
417
-117
-585
90
-423
-181
302
-49
-97
-391
267
-298
-290
-323
31
-626
-634
-57
539
21
223
-768
309
-618
351
-64
116
344
-1257
-271
383
458
-864
47
-219
41
-534
95
553
160
-71
-508
-95
173
-95
-105
316
-541
162
-304
267
-360
-930
-215
-11
-78
146
-281
51
-825
-517
28
205
660
464
-878
213
311
-475
-369
-96
-280
-562
-150
483
468
131
-371
-1316
373
505
-265
211
-7
200
-356
-297
-730
-144
134
-490
-376
-358
224
855
-362
36
-45
-223
11
-118
-130
-369
-965
47
-285
-248
218
696
-259
288
285
52
257
-100
481
221
-606
-371
497
-423
122
148
442
493
61
-425
-384
107
-224
-82
684
-71
210
126
287
-19
119
-146
601
93
383
145
-571
335
1036
-642
-428
-5
256
251
-192
69
-672
-38
303
146
-28
1175
-608
-477
-260
-509
265
40
46
-184
448
568
-19
-246
307
415
-559
-138
334
-637
-325
-125
485
-55
-455
-247
335
69
-427
124
95
-411
-58
-48
194
134
1389
6
136
-503
-449
-718
-1030
813
-28
578
-80
268
-90
644
-331
-195
-161
729
736
-205
264
231
-195
-191
-680
152
105
-297
788
-338
-478
-429
-352
-412
-218
-299
-623
-127
-456
-562
-566
-97
-249
-347
515
594
-464
213
-97
295
-194
-441
-3
-542
-509
-79
237
-248
233
-60
404
230
-21
362
-301
-100
-524
183
-187
-351
-17
-499
-1240
-108
53
380
770
1372
-206
-257
-95
278
173
-127
264
-430
300
27
244
-326
366
-305
178
-199
-17
-370
-273
24
126
314
-372
-222
561
-888
99
-128
-270
-204
29
-271
402
-400
-312
-141
295
-560
-155
62
-207
192
-79
230
316
944
78
85
81
-442
-629
321
25
585
-454
-307
-115
60
-232
541
-359
-472
-244
-187
510
387
399
-276
-158
-234
-126
67
572
51
-17
-518
-659
-120
349
-50
-222
104
-455
213
369
-433
-751
-294
-206
-535
401
473
438
-573
314
-17
144
-255
539
442
-174
-272
81
-934
-719
-831
-1288
-163
368
488
-91
-388
-178
461
-276
-508
62
96
199
-298
-366
65
-236
114
-618
630
1181
-90
75
64
769
-74
403
-288
-634
-44
339
323
423
-121
-143
-176
41
8
227
54
-158
-13
729
236
1119
734
426
560
388
57
-441
244
-633
-128
-473
-396
319
190
635
559
-115
82
-207
609
-32
75
427
-210
-302
134
-33
-828
375
409
396
361
280
-576
20
-70
-1046
-1484
-51
-72
25
156
416
59
-515
427
-379
201
-19
71
-14
-665
436
404
-599
-662
764
979
91
-123
201
-846
-254
138
-486
-176
-36
204
260
209
-110
212
-228
-608
-119
573
-163
-525
317
-180
-686
-73
-383
-89
-393
91
-16
114
133
727
855
371
340
574
393
-249
9
-460
-324
-237
-143
-327
75
57
300
215
-53
276
83
114
-185
-216
-299
209
205
-361
668
347
81
-195
436
-579
555
813
-110
-774
69
20
199
-214
-61
-931
-1236
-593
-664
122
739
176
1322
54
429
177
-177
-530
257
-205
-245
-719
457
632
69
-41
-814
-266
-1371
-313
-486
295
625
-748
-16
716
-59
402
-91
-421
-255
-296
-586
147
-263
-163
154
408
-168
313
-173
-273
374
-131
860
-183
174
29
-778
-105
-117
229
-736
56
-251
-125
409
-101
-373
267
-160
50
292
714
-808
-18
334
-34
471
755
-158
-304
-319
90
526
144
692
245
-5
-370
-13
511
324
-380
-1012
-414
427
-189
201
396
118
-513
-497
-353
-593
-185
484
-106
-557
-106
-478
320
380
-63
-761
1144
1653
-997
349
612
48
-436
838
-17
274
-227
641
-178
-142
53
-234
-206
131
276
-784
106
281
-76
130
-132
-547
19
-486
760
543
-17
309
-657
-453
124
732
69
459
784
-37
-560
1
336
500
-544
28
555
-337
-109
-206
-694
217
-117
126
-480
235
-416
462
-259
-192
-61
554
-228
-32
-886
-239
-352
-521
-171
29
-217
663
254
-1016
-429
195
1043
-291
554
-449
-541
65
-487
-1224
778
144
66
210
-266
1031
-373
-707
120
553
-330
-98
62
-128
261
-401
502
235
34
446
-350
-662
-370
-178
480
505
-932
422
315
-234
661
-9
747
-151
116
-373
131
1033
110
-65
918
-226
-161
47
-287
-153
-188
-4
21
-636
-60
-284
529
-454
-566
-402
75
-250
1023
-451
-8
139
38
-437
805
541
-265
-155
-323
-620
-110
-499
-601
-399
-597
3
-30
-29
274
-308
394
557
327
303
-20
-564
103
-11
-262
-18
602
159
524
-343
509
719
-32
743
10
69
190
125
-608
683
569
175
500
-333
317
-588
-62
510
104
440
-8
759
-396
-576
526
90
367
368
-135
107
689
-333
58
-32
-532
-474
62
-94
139
346
-63
-133
-1391
-231
186
8
-575
427
-294
-440
769
-278
716
262
372
-251
572
372
190
-147
-125
186
92
-311
-210
336
795
534
179
1153
-489
849
394
323
100
643
-64
77
-72
-101
-22
-234
-98
-197
-126
-241
-272
-337
-147
336
608
131
603
321
-67
-355
668
-116
-113
-413
-197
-10
-284
16
286
-441
108
-381
787
112
-573
-321
-820
-253
712
99
66
-615
-34
59
145
708
396
-419
-627
-123
-84
167
-273
-461
-202
57
-243
132
-453
553
66
177
-148
-135
-274
-301
-179
-132
-485
-321
121
110
225
464
-365
-67
-518
-161
-3
392
-84
295
-210
-572
504
-305
13
-170
208
177
-291
128
-936
128
79
-830
-175
420
-544
457
-481
-203
-354
-581
171
-355
148
515
210
-333
726
-357
-431
296
703
364
927
-314
822
550
285
64
210
-71
0
-313
300
-772
65
-169
-661
-244
-286
-345
118
50
-585
887
63
70
592
722
560
104
-169
8
-30
174
-559
-337
133
-101
207
-596
-428
-596
266
-102
514
-26
818
702
-60
82
-155
285
408
-262
983
-133
-178
290
-604
318
-162
88
725
377
-155
553
-157
439
536
266
256
427
213
-307
-112
-365
-81
-926
158
248
413
-17
768
-852
67
267
417
-149
105
-649
424
-199
671
-25
-223
-137
363
512
36
-104
396
517
59
-523
-750
215
235
92
-391
305
182
181
-300
-333
222
-382
288
17
-321
47
-564
-146
-914
-15
-138
-13
67
-182
193
82
245
-259
-165
297
-195
-226
-571
330
-154
469
139
-205
-89
-566
-1036
422
-437
277
-359
-33
189
316
-145
-646
129
210
-334
-34
-13
8
221
-339
-420
325
129
722
320
-395
-517
-99
-159
-254
277
-45
446
-260
-765
-44
274
131
-383
15
-46
275
-716
44
-386
86
-446
281
-157
74
511
-971
-536
-79
-57
625
360
-187
173
-244
1065
-428
-394
33
189
348
-499
-210
410
495
-272
90
-700
-168
402
330
1188
164
-593
-79
-401
206
347
339
-420
505
-234
-5
-489
422
-479
847
-19
398
326
-381
544
126
132
751
-284
-51
-529
160
-300
299
722
-31
-392
69
46
243
780
113
113
-594
471
654
554
-192
-1002
551
586
-507
114
93
5
-853
75
38
576
36
322
-305
876
43
58
-601
-576
-265
-118
101
-89
514
84
-228
-517
-81
887
-30
525
-70
110
-264
140
-319
-480
887
95
-43
-222
-819
-441
236
150
400
194
160
-85
341
-512
43
794
-41
47
123
-438
371
228
680
465
572
-664
246
-723
328
535
107
-297
-415
214
187
-847
80
8
-180
620
126
-128
279
-231
568
-451
470
398
-443
-237
-439
-555
-438
429
584
287
-51
144
-767
-162
296
743
575
606
126
766
-527
-92
606
188
-559
-340
-236
-381
-431
-278
-161
-41
446
347
-1319
903
-188
52
263
-228
258
176
461
-269
-458
-8
16
402
59
344
130
-324
76
-185
138
369
788
62
-101
-253
189
301
1153
-303
57
219
-328
621
738
-293
273
-15
783
270
106
-197
70
-216
173
-35
65
233
-317
418
-325
534
43
227
-232
-328
-518
190
362
177
334
-245
-100
-90
489
16
-28
-340
653
-331
391
160
503
-403
-453
155
418
195
-278
124
917
-190
-27
141
602
53
-88
188
491
554
293
58
35
-53
-276
-593
433
184
230
-185
211
-451
72
-477
-38
459
-303
587
-162
-486
178
166
-509
209
12
330
-69
466
0
85
-89
364
-308
-679
193
-419
25
538
407
-476
114
-10
-721
508
82
15
-682
-201
-198
176
266
-290
-499
-203
-238
471
0
-232
-103
663
-166
594
90
123
-532
661
-227
664
572
137
-68
937
-276
753
102
-367
-547
-43
-397
744
329
123
-156
-113
191
291
707
-822
48
-775
769
-167
173
256
-457
-107
358
467
-392
-202
448
170
-164
-579
524
-266
897
536
-179
-361
233
-519
285
353
411
394
-23
17
87
-166
-377
-667
683
-159
-101
-576
-145
-238
315
-27
163
-341
74
-24
-520
-299
147
-18
18
289
-106
419
552
-200
-313
790
65
75
144
-131
-297
519
338
70
385
270
-659
-48
365
417
-23
-591
-401
95
177
252
945
-255
-119
-134
237
-181
448
685
168
46
-430
-297
269
265
74
-468
-649
-405
199
605
316
421
189
-30
587
-70
266
-220
661
718
-268
-160
-221
-400
360
-95
536
-251
-122
-24
821
-946
138
628
492
-267
-72
809
66
-63
-36
-701
-508
-295
193
-213
-49
93
-644
-336
-51
-159
-286
-365
540
-353
-101
-305
-652
-5
298
592
-365
-355
145
363
-480
74
176
417
-464
-159
-190
-357
436
-1161
450
-33
571
44
240
504
-348
-404
649
-517
545
264
2
343
184
494
-485
-520
-51
456
-184
124
-468
587
279
-507
294
143
406
-224
-469
-201
-186
-912
-135
-403
426
71
352
1181
-30
-32
71
-42
19
-78
-415
-596
-440
-260
-15
53
479
284
-346
-277
447
-688
-202
699
-1106
-434
40
-389
-56
461
-766
-824
-554
286
193
240
-196
498
-11
-60
-351
60
276
211
-343
-84
192
-164
664
223
-245
-92
13
-62
-623
-250
217
410
-87
-304
414
-633
-34
-336
-129
-302
-401
-187
-85
110
58
395
-724
-162
-110
690
-390
-18
-254
425
-522
-509
-642
-155
-814
-99
453
-513
-533
-353
716
-430
387
216
-207
-418
77
178
-326
519
-141
-440
449
612
157
693
-338
-20
-37
-382
-78
258
-195
-637
381
-660
668
113
636
610
49
-552
-383
426
-277
27
344
107
28
-90
67
329
485
565
-295
-683
-317
454
-684
552
708
-4
-130
875
-480
420
307
-3
-223
412
174
-360
-311
322
935
511
397
-797
-472
-113
54
-93
161
894
-89
492
-807
-406
146
170
89
19
-775
29
87
47
213
-4
-231
213
-527
91
731
-387
-135
-58
570
424
-242
-174
363
279
-78
260
251
-275
-639
-477
78
-327
407
-631
149
-132
213
231
393
-205
252
117
489
107
267
510
159
404
96
-141
130
35
206
49
-303
253
-76
-46
-378
-328
-483
-243
-102
-626
-450
679
379
-202
-245
-12
337
-27
182
468
-157
-400
-239
-54
-317
181
48
-562
420
-32
366
-144
554
-553
377
-287
88
-92
-402
703
381
-517
-49
-24
276
-47
-691
67
4
-335
269
293
302
-526
-104
413
-101
-176
1165
278
-112
37
282
-275
-235
509
215
229
435
408
841
271
948
36
-163
-191
-446
608
-226
-453
36
453
206
707
-130
439
-573
-1027
-254
185
-222
503
-712
-502
710
-441
-53
-71
4
-629
-762
-59
-768
-77
66
-31
-50
245
-361
738
-492
196
-142
-226
417
509
294
-303
-573
118
117
-403
386
-157
-110
892
-433
-305
59
-149
-221
-149
-214
-877
330
305
569
139
119
-618
-130
-147
-789
-516
-26
145
478
550
-167
-603
-185
-224
381
110
-806
228
171
849
178
111
-299
-124
320
396
78
-398
-29
120
-146
39
-172
85
-185
272
91
411
328
477
743
-660
-66
166
648
391
358
195
-118
1058
161
413
164
-876
457
69
-197
-760
-611
-21
-396
-162
-199
542
65
669
-170
-553
253
-132
-171
-1
131
-375
145
83
-23
-966
100
231
-370
390
564
615
127
-81
-149
304
-46
-15
166
683
-111
711
-766
469
-349
-79
-92
-53
-387
-421
-650
-114
439
-1113
-334
-153
505
-276
295
33
-482
-570
562
-491
-73
25
-373
525
-157
-264
175
-177
-176
-100
354
-138
-285
-701
-52
-248
-204
-686
200
400
11
148
-4
437
172
402
-128
-459
6
-630
-516
163
533
44
-60
96
305
-110
126
104
0
14
-454
850
160
543
-618
-333
-573
-442
312
-469
152
257
96
404
-127
114
-1
164
-733
576
-270
266
482
-606
1069
-18
-375
795
707
339
-78
235
-43
-439
631
-503
215
-422
161
136
-412
-388
-387
52
-98
82
569
-101
-435
24
600
-153
190
-151
106
-162
116
-430
325
-118
-61
375
-475
131
-43
-817
-213
191
136
-53
867
600
-498
-94
376
178
-130
-504
25
-247
710
-315
-633
289
144
-65
604
-413
-157
-490
319
313
159
-1063
-544
-30
-655
-354
-357
-651
-513
-277
-278
211
31
90
9
156
551
78
-959
-1336
-496
-216
278
61
145
-65
-242
-195
200
-601
-385
7
273
-607
1253
-128
-124
-236
-239
-392
-276
-55
-392
373
209
403
-141
608
34
136
126
135
25
470
-192
261
-431
323
-114
473
-112
-153
-142
174
115
756
-147
527
-172
-285
-66
691
-86
132
363
241
111
-116
-700
67
-937
33
-40
-518
-664
360
589
-248
-458
361
-482
-139
288
-556
-99
247
138
-340
-569
377
326
-360
-277
94
162
-80
121
48
-449
246
-122
-120
583
699
-90
-184
61
-790
-329
-516
-106
-95
-358
-313
-256
551
540
-36
-292
-552
-149
12
-18
130
195
114
288
495
263
113
924
89
399
-844
-130
-49
43
184
-147
-26
349
201
-134
108
157
538
-81
339
-76
-39
16
212
-347
559
-45
-481
456
410
493
63
-590
395
49
-98
37
-531
231
-235
271
-630
-44
-678
-41
185
3
126
506
-416
-26
491
-156
67
-440
-359
685
76
-453
434
133
-143
-225
-48
128
209
352
-799
-144
605
-568
216
-42
-687
214
-213
532
-318
299
299
588
-195
327
638
-196
567
27
253
171
193
17
-295
-615
297
-153
-197
952
-236
-125
-424
1
658
-519
-83
-650
-231
340
150
-380
-815
235
-214
-234
38
-436
29
-391
284
884
152
858
-374
150
-12
-623
-391
-368
-201
570
-96
17
230
465
-59
717
118
-420
10
-424
-210
498
-791
450
-599
459
-285
354
-207
-293
-142
382
76
-355
-121
-632
468
-155
118
-104
179
51
1
31
258
371
-655
-709
-828
878
136
504
642
-124
645
205
217
152
236
484
-409
470
-532
-65
635
134
-331
319
81
362
298
503
-584
-331
-254
-432
259
1
800
-309
-98
-445
-408
273
-256
365
95
186
103
-440
-399
16
135
361
11
-112
-178
-28
416
-429
787
127
-1112
-15
-414
-192
-118
-34
873
45
-206
117
100
-345
454
25
449
678
-297
-155
-329
634
926
-57
190
-545
-742
-655
-183
-241
258
-402
711
-189
963
-461
602
-299
-38
-19
286
481
185
371
411
38
-422
-374
140
-447
231
-537
155
219
-632
-928
-14
-267
339
-14
39
-672
34
-211
-514
191
79
40
387
-343
-119
107
132
-134
-444
-346
-397
-299
76
396
68
-37
57
498
113
289
324
150
755
269
185
457
318
1005
821
186
-104
120
-287
-800
-968
63
229
595
-384
-74
14
-115
69
57
500
-87
-403
64
-541
-141
297
-528
-118
40
167
-145
-278
184
97
-309
-569
944
-28
501
178
726
283
-393
-41
108
241
370
-72
-467
21
-52
-446
-471
-101
434
222
337
315
-129
-318
-340
-13
683
-263
269
44
-61
106
236
-191
268
477
183
-152
304
29
241
359
-191
-356
71
84
-371
-663
199
573
-1086
-416
226
-779
83
-127
-135
-504
-139
-42
506
181
-16
60
-6
46
7
-103
1509
8
118
54
-152
-491
140
-424
-506
283
109
-769
229
-356
-252
-164
-356
276
84
-539
367
-220
152
-281
-273
440
70
-176
-231
-460
-229
-166
-241
8
-273
-363
-327
711
-47
-234
-532
283
746
-338
-20
-554
-297
575
124
-622
-388
-361
-711
-187
124
54
-243
348
548
-4
540
-680
-447
65
409
-962
103
-95
326
253
44
904
369
253
255
417
-430
190
903
-608
-545
442
-233
3
874
-701
492
-223
-319
-386
-180
-132
-472
825
-185
99
-29
-64
-872
-91
252
311
-536
-592
-55
622
-440
390
-501
264
425
-689
-101
376
567
602
82
530
52
382
-87
-284
-349
29
586
-249
-459
-141
-324
-87
-355
-504
401
-74
321
494
578
41
811
-944
257
-443
-320
85
765
-246
-448
239
89
-151
586
-39
303
530
-501
28
-70
451
54
53
437
281
59
126
472
543
370
-591
233
685
102
-139
365
273
372
-380
397
15
-20
-108
-413
196
-430
-773
-147
-470
-225
-163
-298
-90
195
405
-105
202
269
89
-321
-335
-66
-309
172
-327
304
-126
-93
58
98
209
-741
-270
-294
-26
42
388
-377
-91
-292
591
957
-47
-20
-238
-880
165
-395
287
279
-243
20
-451
-335
72
-6
-159
101
3
197
143
-119
-303
-142
-82
119
-151
48
-210
294
-122
590
-104
181
-447
-268
-189
-727
-265
512
0
-290
-515
-406
563
89
-50
-378
17
419
-696
-370
180
266
-125
472
37
138
376
922
608
110
374
301
436
-343
530
-72
289
240
376
27
88
499
322
263
258
882
-443
597
-294
927
288
-169
106
121
757
236
-166
765
-310
218
719
-13
-878
1039
155
1110
141
369
105
-210
-774
-533
226
-184
-203
-545
-337
140
553
-334
-564
2
372
-668
247
-380
191
-491
109
-683
-95
15
-74
126
97
-718
-473
-217
-259
-447
-89
-16
-2
-14
-203
-101
230
-151
441
-635
-110
-492
531
224
356
-451
260
-484
302
-314
318
-156
-307
-545
306
267
192
571
26
10
291
572
491
-400
5
-1035
-381
-976
783
83
458
107
443
597
-188
-587
-30
1172
22
467
-674
-46
9
-413
621
490
1145
-457
170
-281
53
813
-185
-476
-639
-168
-102
788
-349
278
-260
465
-315
174
-450
-72
-769
214
-699
99
-213
-107
64
-274
-195
-410
676
495
79
260
483
-509
-231
-214
-599
-150
-709
920
240
94
-511
-154
152
-119
435
-172
135
-3
111
618
-128
-346
614
-88
-4
-80
383
-859
83
-637
-162
233
-97
-428
4
446
204
-779
-585
267
-123
-518
-216
791
213
-22
242
-189
-260
-350
-157
-517
-282
506
499
118
351
760
290
-455
67
180
-878
-536
-348
-197
235
463
148
-385
-215
298
603
319
42
-73
891
-144
431
332
-100
-276
78
731
-217
-564
22
747
-192
823
-826
-540
-247
403
-57
-298
-86
55
-82
99
-65
-997
766
-629
211
608
73
211
473
115
-485
264
65
-273
456
-264
-39
-108
426
302
483
-229
562
225
-176
587
437
-280
726
21
407
505
-158
633
-255
132
-103
403
-128
-534
229
276
754
-94
123
657
-408
-287
287
-145
-518
181
46
-52
241
195
-99
-429
10
-999
289
-181
-489
221
357
207
158
-710
412
-189
44
1
126
-333
570
-268
-737
504
69
151
-464
28
-566
-675
516
138
415
-1018
153
-109
300
468
599
-753
26
-40
350
43
402
43
236
318
-35
-120
488
713
797
149
207
374
443
9
279
-251
300
418
249
41
822
-96
405
116
-57
-330
693
199
418
260
159
372
-508
472
606
-87
-418
157
-540
262
62
-728
306
-140
-262
-237
43
291
-708
27
673
-268
-283
68
-189
-79
18
196
654
252
483
154
-402
278
72
354
-88
623
528
233
296
743
637
-1167
-71
241
346
187
-750
750
466
273
698
-244
-522
-473
652
33
-92
-661
-366
-177
-632
-393
165
560
184
1111
182
-177
-260
-258
65
657
277
-479
477
524
-363
-29
-122
234
473
631
735
-284
-361
839
130
390
448
268
-306
87
-144
213
-117
280
-169
403
664
437
-73
499
195
-156
-334
-393
-273
57
19
-336
221
885
-562
615
476
-329
163
441
286
20
-179
-623
220
382
60
-183
960
28
-385
-312
71
179
-324
-654
243
-274
131
-904
317
-97
-20
344
-248
-349
-7
209
-88
330
338
710
413
-117
-68
-354
-707
-636
155
807
-71
338
-472
-130
370
320
152
-261
390
319
-19
-305
60
-727
-38
155
436
151
374
-598
636
250
50
375
-311
-377
2
-308
1323
352
374
-903
344
331
118
279
-476
-603
409
61
-310
39
-293
-98
-153
-187
456
-501
-36
45
78
40
-153
369
15
-87
-146
-56
-28
180
-748
67
270
-120
-49
449
-544
402
-3
-40
-10
-356
173
-95
301
97
-254
178
853
-432
-66
649
133
-153
310
336
-343
399
111
-297
66
324
332
101
-402
172
