26 67 784
0 2
1 4
2 4
2 21
2 22
2 24
3 9
3 17
4 14
4 16
4 25
5 0
5 1
5 2
5 6
5 7
5 16
5 25
6 9
6 22
6 25
7 16
7 19
8 0
8 2
8 10
8 14
8 22
9 6
9 11
9 13
9 18
9 24
10 17
10 18
11 2
12 2
12 21
13 9
13 11
13 24
14 5
14 20
15 3
15 5
15 8
15 11
15 22
16 7
17 19
17 23
19 2
19 4
19 8
19 21
21 3
21 8
21 14
21 18
22 3
23 8
23 20
23 22
24 5
25 0
25 3
25 17
39
4
34
20
14
35
13
63
11
58
12
42
38
66
56
37
60
28
40
49
25
21
26
32
1
41
46
3
22
10
24
53
45
54
0
50
59
43
2
6
47
15
29
65
17
57
52
48
33
36
30
62
64
18
23
51
19
44
27
16
8
61
7
5
9
55
31
415
260
-669
1109
-527
34
199
1402
-543
1944
1132
-69
669
95
231
51
190
-355
-45
1109
376
1644
-1214
291
-101
258
965
876
318
-208
112
-840
-277
-984
572
-174
-294
232
993
171
-673
145
1019
-579
-390
-345
70
-229
140
-1539
-1234
-1289
-996
-564
-701
-307
-603
77
215
-46
713
-760
-569
-240
-237
-477
-565
222
-1018
848
419
1106
-544
-1577
427
968
494
834
246
-502
-372
829
-1797
181
99
1216
88
178
293
187
359
66
-241
-967
687
-314
-232
-464
-83
508
829
409
176
-330
266
110
107
42
-565
-462
1155
1363
650
-340
-776
158
-860
-46
-134
45
755
429
369
24
-147
-62
-575
-175
-258
194
120
-1016
-411
-20
-32
-17
-33
-637
-2490
1128
-693
-1094
694
865
455
82
-1361
-641
39
415
1036
-664
-30
-1002
-1089
431
-7
1489
1670
-685
-638
954
-1273
1035
1405
-738
-210
1033
-496
1748
66
-46
-1190
-97
1124
225
182
880
685
70
-851
-282
-317
1276
370
-1105
-502
-765
-275
588
787
-265
-1032
360
-600
756
268
1436
115
255
-522
-1801
761
-670
95
-496
-388
-186
1170
925
282
315
379
829
331
-382
554
1455
570
161
1201
-380
-455
45
491
127
-69
-365
-164
-251
-445
-403
86
517
-132
949
-1151
-261
207
-531
-1234
-1009
-581
-239
-231
-412
-616
-481
634
-706
-1014
-765
35
-474
200
-208
-419
121
193
-673
-612
-752
-932
-1173
-1297
-190
-336
-531
850
-138
-255
-479
-318
800
-266
-588
-1031
173
857
-94
1028
-28
1126
1097
-58
132
-430
-1494
-742
703
-1261
-328
1520
-357
1412
-762
-36
359
1245
709
-727
579
40
627
-1139
803
-238
-645
511
-568
-480
-575
21
162
950
87
-582
-1755
-291
632
-286
427
-68
1688
-1356
478
368
372
-14
535
65
-115
-31
-194
-305
400
-53
-948
-264
-734
-560
-62
-762
51
1349
273
-95
-899
-170
1468
-28
468
158
1150
721
-1105
-69
-305
-645
56
-117
1107
1853
16
814
-708
-92
1295
-496
89
535
235
1176
-171
-1689
-688
578
1687
-255
880
39
418
447
250
-421
-22
-187
-174
381
522
85
692
-472
1351
-1079
352
-122
-853
-145
-550
558
136
-696
-1263
-940
650
47
-567
-838
402
-315
-142
-1259
405
-1196
-822
473
-965
49
528
716
-429
-174
1355
1137
1189
588
-139
398
124
-1125
-276
613
-1617
-743
-746
1336
-1199
979
752
302
-358
-869
1364
515
-822
-1422
-1227
515
181
-428
468
-1208
-377
-2471
63
670
638
796
305
-370
909
-6
358
-1050
-264
447
-1599
-1622
-1255
597
255
7
917
1063
292
-832
-176
-1640
-836
-669
146
88
379
17
1011
945
182
676
548
-266
-483
519
-1365
-640
-129
-1182
764
-1224
544
282
-55
-183
-638
-1122
31
1859
1485
636
-691
-971
177
53
-1480
-1262
1120
-298
-764
906
-253
99
726
731
-286
-297
900
-1192
1289
-424
306
154
-337
1
799
1237
49
-1270
-353
-1269
-493
-384
652
-366
-704
-830
191
-799
-407
-34
-1010
-861
487
-1591
-466
324
34
-314
-748
467
1501
-460
-403
236
-1571
818
1283
854
-28
634
604
-28
-243
-1121
173
-371
-311
-1353
344
-110
374
-896
214
1432
-486
1183
-503
-1582
2439
763
173
-1267
-1188
1158
100
-478
-1202
1505
-90
516
734
-173
-1264
399
181
-212
-560
502
736
137
-355
-308
-1150
105
428
813
-774
-1174
117
-568
-784
-285
-664
39
223
-304
-385
-267
-21
-1210
-1228
545
217
-141
-951
815
16
-253
-334
-555
326
-284
-136
-784
-391
259
-543
-106
-1169
-1510
-816
-233
-89
79
1034
24
-528
-1281
-339
839
-1994
-640
-251
316
-90
-510
391
-46
241
-781
121
1550
839
449
118
1116
1147
-728
610
-405
370
1434
-588
-424
985
621
544
-1748
-594
1398
242
1333
517
-220
-703
1188
588
-40
-444
-587
-751
-245
-589
180
166
-93
317
646
-222
-586
-809
560
562
902
-1105
-313
249
-563
458
-387
239
-255
689
511
-94
281
741
-290
-206
-428
207
765
-82
647
55
-454
126
1566
-1075
844
-427
116
-954
348
-995
766
192
1460
-123
-290
2034
-450
193
-906
567
1400
-42
-682
142
-476
720
1279
-701
727
931
-328
392
-242
818
-887
-1104
-513
-874
-389
1646
-348
292
-186
-529
1024
73
656
148
654
-115
447
1070
244
-596
1130
-54
-654
1545
-268
975
1158
-1758
-288
-416
87
337
147
194
-799
532
-1012
-776
-547
711
-588
-16
11
-1131
841
145
-767
-335
-893
782
-58
725
428
-131
383
104
468
911
-336
-324
929
-386
349
286
-549
211
-1325
-13
-362
-1126
-144
330
620
268
-298
-805
-42
-845
-357
-830
-185
307
-111
-464
-1030
465
-48
539
736
-648
125
-819
2234
197
16
-792
651
-326
-616
30
-924
98
-13
-1343
-1071
565
749
1062
-1064
-233
218
1372
1175
-1649
-1158
-10
449
-1089
-647
-1968
-775
-674
-1029
-1418
89
-178
-13
-186
780
-1807
-157
-46
-1334
305
550
203
-574
609
488
80
349
508
-363
1417
-301
119
99
-219
-1541
123
-33
-1027
-185
555
-439
36
526
-1355
449
-454
-297
777
-1872
122
1000
523
320
862
-139
-536
614
391
1652
304
723
-704
-2184
122
-99
330
966
-1222
-336
208
1173
-638
1515
-42
1072
-911
1147
-1806
-1029
-979
980
528
311
361
925
150
733
233
421
552
146
667
497
362
206
-405
2164
124
679
-742
-848
-9
-859
878
904
-584
302
-310
1207
-516
-1498
388
954
-922
333
-294
-465
-180
-1093
467
134
1118
-1090
737
-181
1401
-469
580
214
-835
1080
-1302
331
-146
-175
701
513
537
-157
822
264
-147
1486
-188
-1034
-84
269
-1833
602
-146
476
199
352
935
660
947
-220
158
-758
1885
-594
-1001
-207
843
-503
445
1568
1368
325
608
-389
-728
-358
-894
-669
259
333
-1413
131
-500
-367
-633
-268
1356
599
-2006
-398
-455
565
1384
-567
357
1168
792
-377
753
-77
-817
648
98
-287
-419
1572
652
417
965
-370
704
-1663
330
-169
-269
240
134
631
1109
1578
-974
207
-692
873
747
-63
-675
-346
-805
-1286
472
636
-1483
-941
787
680
690
108
-84
-784
1373
-173
436
-61
-177
-451
270
885
91
-602
-1079
495
-1416
-1666
243
97
1104
67
565
-715
523
195
-1091
-335
716
574
-808
1095
89
-2375
-338
420
934
-934
-894
-657
545
-650
344
-448
-306
4
141
706
8
453
2266
283
912
1162
1190
-418
1380
408
1256
-484
903
454
232
983
1175
-215
404
19
-574
195
-1125
1094
316
172
-216
-979
-949
753
212
-821
581
295
-446
-36
-288
174
-738
895
506
642
521
-302
478
-1093
-182
-492
670
496
427
-1221
-68
378
641
179
-580
995
-646
-5
328
-471
-307
-897
-1447
-641
-332
1210
608
285
-60
-405
-290
168
-259
548
-2
-1219
694
-215
-559
-611
847
1340
596
-1319
-752
-202
-1134
-565
-482
-217
-369
517
429
-199
198
224
732
-769
-91
-951
-157
588
-275
-369
98
-1052
379
-30
51
-794
466
-462
-685
-937
-756
-120
-138
273
-1331
886
279
142
113
1099
-683
257
-52
550
148
-81
984
-192
-14
-268
1010
835
10
-274
327
-685
209
-797
281
-82
-153
24
-1399
-208
348
417
-106
-445
-692
426
850
-591
-621
-860
752
-2761
-748
-586
221
-480
846
568
872
-911
458
-1202
-283
443
-593
928
1473
-1070
248
80
10
-189
330
651
-236
381
643
1113
-383
1010
457
-740
-344
-324
-436
-919
-1426
-1167
1953
-886
-1052
1653
1251
-393
-260
-71
-858
-329
856
-7
215
-488
-1537
-536
522
-53
720
-28
-154
247
-262
-392
-331
-352
-908
-375
105
703
-506
13
573
929
22
-629
-871
1330
473
-979
162
-278
1892
-1397
233
-741
-765
-761
1066
186
18
-145
1351
-1461
-39
-299
1027
-178
960
184
214
845
-1115
-591
112
-103
636
102
70
605
620
1232
-160
-638
402
-583
539
-725
645
734
467
195
-326
10
731
-992
216
-857
1407
1027
-102
158
-290
-691
811
-186
883
160
536
-287
-635
-304
-1120
-8
260
-49
-734
-62
224
-764
1841
-85
-980
-659
-36
911
-1065
-165
-250
-1797
-486
-719
747
1625
977
-921
97
-1937
-368
574
-1157
-1151
-1824
643
165
-914
-82
-82
113
-618
-1718
1669
-1117
-358
252
-203
-695
-318
346
373
-653
684
-893
-120
-808
680
484
468
186
936
-529
725
789
792
-1077
-459
510
-304
-282
-1275
496
-152
-521
384
163
-1608
1137
503
1629
172
822
976
-582
-16
-486
-629
-341
581
-507
243
884
-1027
-1364
340
-696
-71
613
-9
-867
202
-342
2088
398
507
5
357
-799
-270
741
1963
-1275
596
-1263
-236
966
-303
-625
-300
1823
1946
508
1064
-117
916
-47
591
951
180
1054
-709
-736
-1211
417
1019
-977
-516
945
-650
-882
-1157
-510
-652
646
-252
241
-631
168
-1369
-1407
1276
-115
447
1548
-657
876
-89
-177
-925
-1346
22
1135
87
504
758
-550
-866
790
-1247
264
187
-1017
-965
-132
777
288
-86
469
-469
-1008
1175
-200
-430
68
-551
83
-1211
604
-1523
1197
480
-85
-138
-278
93
253
-147
-312
-509
402
-1369
-397
28
92
-113
900
-663
981
-1272
326
572
699
1647
-1291
1567
930
687
-441
-1109
-255
-741
-156
-1033
120
-346
-916
-1569
321
240
-319
640
523
-48
824
578
334
108
1518
-504
635
-915
-749
-937
-206
-465
2537
-36
109
-82
-1697
251
1032
-36
687
722
-33
-544
-1905
-828
-267
117
359
-1382
-77
-1050
-919
1111
133
241
-1073
-804
-145
404
-1149
447
246
2104
-943
1056
-366
-1391
-713
1144
-810
-425
-371
743
-180
2039
83
16
38
1184
-1305
65
145
811
150
-21
-1824
425
163
-660
-662
-552
635
-277
263
651
-374
1010
-515
-427
-307
322
667
-19
-704
266
277
-544
1412
-825
1742
-621
-525
1059
-578
-689
-1044
-405
270
877
-1421
-1709
-419
247
-302
-436
814
102
941
-811
-1079
-890
-680
631
816
370
1054
-895
832
103
-850
586
-256
-260
-673
1077
-333
-169
678
281
-526
-6
327
836
-869
166
-786
-487
106
-156
-154
-571
-321
-1329
742
1102
-1002
-234
-617
-952
958
-320
850
1140
-1249
-412
-157
-1540
400
-904
890
-583
-128
-603
335
593
1910
-992
928
-393
-45
914
23
-843
777
916
-547
556
-807
-497
130
309
983
879
440
-356
-185
21
-639
1055
-283
1777
-948
-15
263
-302
1085
-51
332
-834
144
369
-403
247
133
6
121
-678
307
270
1121
732
-494
-249
-16
547
637
-1163
-237
-45
599
31
-1272
1121
-993
1452
-798
-359
678
81
-1092
-352
975
453
220
369
544
-112
690
657
-874
-909
-1070
-1049
-123
-278
-707
-56
597
-343
1414
637
1158
-1502
-21
174
298
319
-985
86
597
596
1765
168
-352
-288
-26
1042
-924
-915
-140
-250
632
629
-113
934
1095
-719
1082
-106
313
1570
332
-340
805
214
-511
-2124
260
-638
574
-1255
-448
99
722
6
568
-954
31
302
-491
-627
-1771
-822
746
874
-892
247
-799
-183
-835
-41
-185
539
410
563
1157
-161
568
-908
1016
-491
-371
770
-1322
412
445
-189
1189
-730
711
544
548
-764
-529
1017
-957
-192
212
475
-973
-417
36
850
704
-309
-613
1989
486
-1101
-710
330
1200
-403
-443
540
-105
-95
-118
-608
895
-1359
-1059
-134
1531
-627
1309
-1289
-244
-632
417
-543
1186
86
-151
696
-341
1515
-1143
-683
-108
-188
1077
49
42
-834
1101
-1640
-714
275
-1293
222
-54
500
-539
53
652
692
357
-1169
25
153
423
186
774
12
-153
544
1962
-307
173
-840
259
-1406
22
-1070
-120
-601
-173
1589
-92
860
-255
-839
1331
251
-687
-643
1770
373
-634
1642
99
-2053
-1167
-1040
-765
835
-1199
-445
718
-232
202
-1425
795
-544
140
205
544
2409
-682
-924
-444
-452
264
-5
-429
1051
960
-536
-525
167
-795
-691
-1057
337
1563
-532
681
990
-437
-130
-225
-1310
-318
215
1427
-82
-1446
-782
364
-596
-669
-218
-593
336
334
-387
1329
-563
-599
182
-182
483
-96
-2
-594
-339
156
1252
466
-804
-25
-650
-605
124
-119
-1089
-780
-1060
-1513
-73
1300
-307
51
1251
794
-1460
551
-1284
476
-110
-561
-1064
-876
901
285
207
203
6
193
904
213
329
-249
895
458
-1265
198
904
-1382
-653
-2046
609
254
-782
-447
529
89
1113
28
-264
667
-1210
364
-1274
1540
650
473
-775
242
-608
-1094
349
872
-681
1410
-960
691
-50
-1071
-1052
-570
983
-125
590
-1765
406
21
-1131
-121
-590
759
-367
99
-776
2055
-657
1291
605
282
-979
589
-480
-384
-349
360
775
-672
-180
710
54
710
-636
-105
348
10
293
-1622
948
-476
518
538
224
241
-1698
-975
-94
-1368
809
-68
-86
-61
-342
1826
-1054
-339
-621
-1369
-297
-1475
-1356
525
601
-420
-510
416
-946
583
-309
-1259
309
286
162
-362
-999
-870
549
531
-23
686
-395
938
-51
737
1331
-79
342
-764
1792
-1264
-665
717
1385
-14
541
1601
-374
-1720
208
1791
-961
861
458
-221
704
144
-58
-308
-2387
923
1448
632
-320
745
-53
-880
-894
241
-586
68
596
-402
7
501
452
-244
605
147
830
460
1171
828
1087
33
604
-32
663
-454
766
797
623
103
995
-331
-889
-1274
-1652
-246
-658
1558
-569
-1828
311
-34
1482
1816
-1373
-14
1040
3
-716
296
-185
-128
1614
500
-1577
283
-435
-780
267
-512
-88
-855
2098
-10
-948
165
-127
-765
191
-922
-1882
-429
443
-1543
-307
424
-78
-962
650
757
9
186
-395
-1002
369
838
287
-787
20
-179
830
2014
252
-1786
97
562
-58
-124
-663
1789
-195
-42
209
-124
1620
580
-138
402
37
294
350
20
-233
204
1974
437
-1112
-928
295
-684
549
491
624
861
631
309
75
1462
-699
27
732
1389
-920
516
-1116
99
-274
96
-952
171
-475
422
-621
-206
1272
53
91
-1596
292
-244
-845
1211
-69
-703
-1075
494
-1106
176
-889
1275
-494
166
-1008
-257
1725
963
-1236
268
-1120
-463
-430
-291
-704
-587
83
-3
135
236
198
-1431
647
-188
824
288
-74
-86
361
-619
233
-1452
-38
-219
-121
-925
-1970
-1000
651
99
206
-620
-551
317
1733
-396
1874
-227
482
-208
-1594
-750
-858
1549
800
339
-353
362
-361
-705
678
88
425
52
-2022
-73
-149
-513
-120
90
354
-126
603
804
673
894
-22
-753
125
-665
481
512
783
-446
63
564
288
1025
-419
-169
628
-308
-436
1904
-165
602
3
-72
655
1048
1374
657
-43
61
856
251
-963
1420
-38
280
-650
-419
1580
561
136
955
445
-1771
2071
1107
-888
40
-834
-749
-418
198
327
-582
-405
-849
304
-1251
-963
-1126
587
-205
586
-159
326
791
-1614
629
950
-677
-455
-833
862
-914
-503
1178
606
-69
-128
369
-614
593
1542
-934
5
596
-368
-554
-84
65
-220
678
-386
-525
1377
428
826
-567
561
861
-633
1637
-1457
968
-136
1215
-173
944
-1163
1349
-1223
-212
-737
-840
21
280
-611
172
-1066
-248
476
-353
710
490
445
-852
1581
876
100
-444
663
310
103
59
122
-669
897
845
-138
-71
567
-399
-343
-32
-329
1557
-555
-129
400
-972
242
276
763
741
900
-1011
28
652
426
-458
-928
1074
-359
-219
800
-654
-454
-911
743
-1611
503
-266
-824
1205
-1026
196
21
349
-417
739
893
481
-540
237
-1257
955
-1020
-1430
411
167
-900
451
1067
-517
-1353
-312
-1424
-549
-1489
945
-943
394
116
108
-927
136
693
216
-246
-842
-1237
-224
-809
-102
503
-317
-1351
196
-102
-28
-586
-684
-114
457
1001
-333
-509
892
244
-8
662
-1986
-825
-653
-494
-218
-807
-99
-842
-374
766
-226
-144
-1461
723
147
-1027
148
-680
715
-1670
-374
1042
171
-523
1281
-368
-195
162
437
1077
1118
-43
1001
-319
-542
73
-677
-1571
724
-106
785
-810
453
-298
167
938
1097
-242
531
427
536
328
-45
115
-756
898
680
-557
-1160
348
631
-1287
-1610
194
301
-330
-780
-676
-838
-1652
-1554
1126
-481
-1029
-116
1974
-65
504
-922
-466
624
-592
-1456
-262
-27
-1020
992
-142
-906
1362
-273
300
720
226
1881
449
1615
-930
825
118
1104
-304
470
901
-33
760
-1258
350
-490
74
-1116
335
239
49
1363
-501
382
-1465
189
840
-564
669
40
322
186
-72
164
-144
1866
433
-487
889
1588
-1812
51
-864
822
-1492
1729
1572
-1905
-282
-1062
501
-489
348
-319
198
822
1495
1375
-598
382
1072
-235
-208
880
-1816
584
-1145
-304
-1236
-603
-439
-104
468
190
280
-211
-696
-520
602
-800
1063
1219
727
-312
643
-257
-485
-796
1442
-1028
157
-108
-439
155
-760
-745
51
593
-714
-143
273
-173
-1627
-575
643
-568
-353
892
-1689
-89
1104
499
495
-792
1193
160
204
-217
-657
575
-1194
388
801
-2122
399
-1181
-1075
995
152
-1044
-779
-90
783
159
609
571
1290
1080
1043
1453
29
355
109
149
-647
-1323
398
-210
1455
506
218
1184
1209
-841
-621
1089
339
-412
-920
-1525
196
-828
49
-1690
254
-604
-1177
138
408
-334
-87
-767
897
-435
1192
216
1026
640
153
-827
-183
1327
-437
-762
162
24
-1224
757
-1304
1249
558
-59
-585
1058
-816
814
674
566
-532
-462
523
1262
719
345
-97
153
1307
357
-1634
208
-422
684
-360
-842
-45
-849
-1114
548
331
-264
-107
-53
-1037
353
-995
-1468
-76
349
-524
-1296
356
1093
-1368
-344
-358
213
-308
-937
-604
100
-572
-672
-1856
-28
-483
-201
774
-217
-358
-256
367
587
-957
-14
-1039
3
640
-873
-52
55
158
1904
-709
1987
174
1427
-572
-185
546
-130
-1069
1115
233
-471
-573
99
-158
757
2346
-1120
55
1415
-1199
-432
881
-914
-473
597
352
-7
-298
-1351
809
-1279
781
-1006
-174
-153
-554
-534
-599
-1012
816
-255
250
480
-446
-336
573
526
-647
-385
185
285
-1347
-366
454
-1468
795
145
200
-566
-935
-147
704
-272
-585
308
205
-592
810
594
1557
70
-937
1039
-1118
-2014
-1667
324
786
1391
-666
341
-809
-275
-470
783
542
-498
-636
767
346
-730
720
-313
1179
-442
-773
627
1810
-692
753
44
1308
268
541
161
623
1053
-1296
760
-726
-1678
-384
215
-41
-48
845
618
83
-1040
-850
-1340
-1045
1208
768
138
-145
170
529
498
-569
1417
817
161
48
178
832
-291
-916
597
-1146
-437
-372
-1322
540
325
1635
1183
-649
-1300
2548
-499
611
671
390
-886
-834
618
-553
-537
-582
-593
-77
-333
1458
-597
-813
-639
318
-462
1641
-535
675
65
706
572
-877
681
195
-930
-43
-163
89
-491
131
718
512
541
-303
1170
936
394
545
-53
-186
-468
616
1327
6
-666
957
-568
-907
-73
883
-1488
299
-18
36
633
401
437
-883
-376
197
174
-893
252
114
1215
-759
-587
-1664
-309
730
635
335
74
204
82
-749
-77
-1870
-970
-72
-1194
804
-98
-736
451
94
-637
-226
563
1037
-719
324
-660
-54
-185
302
242
738
78
-117
-1667
-431
379
-462
558
-893
1109
425
-531
37
-54
-849
315
648
-744
-64
130
-392
963
785
-180
63
-121
-1128
419
-278
-287
567
-192
-2350
1047
309
177
219
-2405
-895
904
1566
49
1150
-226
-560
-537
84
654
930
912
2354
-417
-363
460
-765
-1477
916
1148
204
-493
1426
84
-1599
197
-768
-839
-983
731
-271
543
550
-291
-2100
-814
-938
1168
31
-736
-1875
293
1263
-235
-439
-107
662
175
426
-602
-85
-353
-746
-2004
33
-503
-1214
-408
-155
237
824
-604
1104
-1312
1015
844
-118
-787
-637
931
-904
132
-652
351
-124
321
-112
870
-1307
-705
-671
909
1097
679
-409
1219
1316
-870
355
1170
2153
25
-1833
-430
889
-1190
357
-518
-163
25
615
-801
-161
341
1256
-796
789
-618
901
-891
-1079
-371
-1158
1410
428
-961
547
1179
-352
-47
-392
-361
-754
-73
737
-1080
-1057
1387
-755
-476
-428
-2164
-881
280
261
-306
29
114
19
-289
-714
-517
-1220
639
620
1136
-354
-1401
1201
-1313
780
-92
907
-725
-665
-388
-38
62
-429
157
515
604
-548
-534
-596
1002
-114
-655
30
1238
-1407
738
1331
-1712
-1713
-873
-1358
1053
-1010
-747
1183
367
255
928
-1290
116
-746
-495
902
-680
1461
226
-52
-559
-173
-269
-417
1107
910
-1081
590
-1492
-77
-612
-204
351
-1111
1969
82
-1350
-547
-1228
-225
-434
816
146
250
-939
551
-189
-136
2
-8
1343
-219
314
-578
164
362
-276
391
417
305
-469
499
212
-930
521
-881
-202
-1139
-123
-1274
-58
-1165
-305
210
-1067
-1272
479
610
-174
-298
557
185
1523
-801
-1568
-532
357
434
171
-309
319
161
-391
686
-1075
-253
290
68
221
-460
-81
-20
1552
1225
-163
493
208
-320
-188
223
-382
-492
581
569
-656
-290
-335
704
-463
-15
-1116
37
-432
774
861
496
162
-1167
611
-50
-13
897
-270
1711
451
9
-92
-120
1633
-354
-414
441
-335
1127
-277
604
-247
675
107
-1675
992
837
-835
206
-759
296
-365
-640
-1481
-1140
353
204
998
-901
394
-227
663
-198
-403
362
493
-920
109
-492
-1526
-26
-667
654
526
-100
2366
797
1471
-512
449
1000
274
-1048
680
-4
413
-1188
883
648
1058
162
-477
1858
-179
-1001
909
644
543
-581
450
906
273
424
506
803
-785
1276
378
-99
1013
-131
735
1393
440
-24
210
-1528
-519
-39
592
209
259
1578
1836
-1617
-758
630
882
-1653
-1153
471
791
-176
-126
358
-326
822
-393
409
-418
-645
-1130
760
-526
79
46
-84
-38
-1107
1394
230
-1296
867
-1119
-423
-30
224
-41
755
800
880
-975
-486
-1144
812
-727
38
30
122
933
858
-284
-76
373
-303
132
213
222
-86
-355
784
1143
-1677
375
408
1083
-408
-291
-830
-1602
-171
-67
39
460
654
-320
683
-648
-7
-352
295
-1097
682
1079
-865
169
1183
691
-411
743
-1565
-342
732
491
-183
-740
1185
-63
-427
161
-131
-1172
200
-331
270
-247
594
861
28
383
-659
43
170
-999
814
19
-2138
-805
565
-152
-319
68
-135
-336
331
401
-803
127
-174
483
-1478
734
774
908
172
-401
172
-199
-814
-1279
604
-698
32
-620
262
641
-1108
574
-562
-119
-291
314
-45
-319
266
-306
1715
-867
817
632
-701
1693
838
740
1388
403
690
-89
-244
575
-1334
653
-66
-647
314
-355
1060
174
-272
-253
-150
-628
-2043
-1156
524
198
478
-507
-695
270
-273
381
205
924
-377
-498
481
1310
591
23
-1091
12
-279
1394
-953
357
258
-146
1267
1269
1743
-646
313
1601
60
723
-305
1211
-695
-846
1253
106
-764
1022
316
1012
-364
-54
535
-914
-191
400
837
331
1554
-175
1209
-993
-973
1262
-1077
2092
881
1200
-420
1120
-670
-691
590
622
526
693
-10
-502
-856
-1186
342
-248
59
754
2012
366
-1421
-141
-542
-73
-543
999
-270
-693
-1018
-966
-337
806
-1282
194
-869
647
-341
-1754
-1246
671
-117
62
354
640
177
-1329
1264
98
-2787
121
1255
527
-485
864
-1645
619
-1472
607
245
-216
565
-904
-206
-430
-271
-1601
13
-341
-855
16
-136
225
-314
-410
938
-1082
1172
193
993
-951
811
488
-571
-163
2087
-444
-966
-512
474
55
-344
1417
687
738
871
-741
-1772
-1084
-1127
168
-1444
-1290
-78
-932
120
302
-104
142
89
-205
338
-170
-1329
-946
-59
505
-749
883
-156
-273
-740
590
438
-518
449
-686
-78
1570
739
249
255
-934
-592
97
-560
167
1602
-529
391
-1340
41
-1045
-238
1788
-330
-1090
940
-641
-747
818
575
-954
-669
-268
-722
148
-132
-493
-571
1168
-430
808
1043
279
168
994
-38
1014
-695
991
406
434
511
-310
281
-15
862
-580
-1252
873
-739
430
-156
-116
-865
-719
1041
940
-582
1035
811
-923
360
-221
878
286
-223
841
-429
1101
1543
877
-162
896
179
392
-442
375
584
-153
1163
336
-79
454
999
1239
690
1056
442
1958
1735
411
984
794
87
596
247
-834
-84
375
-381
-1217
-155
-861
-8
-2107
20
1856
-365
1445
188
1874
-540
-465
-1644
832
351
777
-331
932
1249
-77
47
1067
389
636
1932
-938
-661
721
857
-946
-596
175
-420
653
356
59
415
-47
1317
-695
-95
-216
-1019
463
-1562
1213
-1267
-828
1411
-174
803
636
-167
523
499
-159
-946
573
662
446
428
1191
1
-121
252
-350
743
26
-740
-1537
-226
671
715
-981
43
-714
86
675
364
-715
-44
1218
1624
-968
173
-1271
1010
107
1027
795
-893
-273
1384
-612
-1441
-879
425
89
275
-420
-1266
-974
-304
1096
121
-412
658
-1052
-913
-295
602
-193
-531
505
982
211
51
-1242
-835
455
-688
532
526
-841
844
774
-222
-9
-337
78
-886
27
-468
1082
175
1284
170
154
-1392
12
1727
921
-362
-378
349
-447
1615
215
-483
-770
107
-1184
-96
502
55
1180
-315
-95
-392
716
-199
-643
-1534
113
-1448
-956
-268
683
-98
-120
-502
-278
-926
-393
295
-388
28
-1111
671
-266
-806
-1239
-1313
1126
-2552
-355
511
-952
469
-102
121
-1579
224
-251
418
-436
-166
-1114
590
259
682
296
54
-684
-529
-225
-59
-441
218
-356
-310
705
1531
-690
1483
-763
466
-1230
374
-334
-295
-1536
454
475
1181
-429
-568
-1012
-961
-634
-926
281
-902
663
1265
262
-733
-226
-1109
-689
-751
-946
541
222
21
857
-334
700
-94
-1137
747
-881
491
1575
-565
-787
455
-109
-932
-292
423
-300
-276
-516
-861
179
637
421
-1576
159
1565
307
1125
-676
370
147
503
401
443
-788
908
-315
-452
749
367
1285
-104
1497
1115
-1117
-492
-845
-1342
501
933
-941
-410
-1309
249
-1402
230
-866
566
-15
365
-1665
1311
85
475
745
-1048
-223
1298
268
-61
1098
-31
-445
-1877
-779
842
-47
-242
917
-194
433
-1153
765
301
539
1613
391
-391
521
595
-1488
679
357
-804
-79
-833
779
-147
-976
-168
-728
1490
810
-684
30
616
-306
-217
1672
-399
940
-15
-882
465
1081
123
516
20
650
1264
-963
656
-356
284
-337
149
280
1003
-497
-464
813
206
94
-399
-514
455
-523
-61
-824
899
-718
399
-2268
1187
-108
-1578
295
-514
-983
-713
1132
448
1736
-215
-379
-228
93
1235
394
-395
298
1129
1437
139
1520
1461
96
1390
-120
67
963
-165
-926
385
1524
-898
-865
408
1460
-231
-35
447
1120
-277
878
1256
-563
-85
-858
359
310
-840
-73
567
1516
-342
-371
-432
313
-17
-1074
-760
-540
-1103
-1194
-1103
-397
-211
-1097
-1209
-331
267
565
-1207
-1287
825
196
315
-227
-306
-162
-1100
-765
-642
-404
941
491
-541
-173
234
1252
1647
526
-628
210
160
-1258
633
22
1772
-254
50
1055
889
641
742
-632
936
-137
-986
-1075
432
591
270
-860
-1096
1676
-72
-53
-497
-415
-825
1010
-137
58
976
193
-144
769
-1599
-1147
162
-61
-845
337
321
1645
99
103
-458
-51
430
-1195
676
798
1051
-65
-398
145
-167
-78
88
-588
-636
288
557
1109
861
83
-190
-215
-432
-596
970
238
759
-283
-344
-339
-259
796
585
790
-768
-546
6
-949
-116
-621
-162
-448
-405
4
449
-12
-1647
-1543
773
-72
783
-1282
-1340
2070
-1629
-381
1822
469
519
-502
-430
-358
-58
19
-583
1087
-430
-308
-231
83
-145
212
-702
323
-1534
665
-2057
-1040
1060
-372
-643
554
-324
-735
-2309
954
898
-1752
213
-506
617
879
-835
243
-450
-391
254
1001
-361
-382
-1550
330
401
-497
-312
84
-1409
939
246
1339
681
-1002
-1514
631
1626
-360
1656
584
-129
-200
510
643
681
-914
-590
170
-615
-272
910
-818
-740
-816
303
148
-450
1667
982
-290
-430
483
246
-943
-184
371
-417
786
-428
419
-234
250
-322
886
-287
432
1008
-7
712
-327
395
402
-184
-467
-1499
1289
-348
949
2164
-379
-40
15
283
-615
721
591
-505
-331
453
-659
1113
-1399
912
2
-1314
623
-413
999
-1009
328
5
91
-905
532
-378
-800
-81
-274
-154
-611
532
-445
-869
-296
37
803
-93
1342
-266
932
711
352
376
-228
-186
88
-690
1335
211
1194
466
-224
231
-1047
648
-543
939
92
-121
-1379
48
1484
237
1043
-138
-1044
-82
-213
-1106
-1143
562
2174
-1121
-1328
723
718
530
1036
-396
1393
365
455
979
-1260
-588
86
611
-156
-923
-100
923
463
925
-409
912
237
-1139
847
638
277
-1025
-529
16
488
-1299
-955
-334
-1352
536
-781
278
-239
-1037
-330
453
-275
-118
914
1312
314
724
-919
167
-644
401
348
-616
1378
-535
300
-161
576
-998
86
-482
-883
1468
825
-222
-1193
-329
578
-915
467
555
102
-955
603
316
-389
-410
-39
43
141
991
-133
-1982
499
448
-1214
-442
962
-170
96
-52
-616
-2031
-516
88
475
121
98
-769
-746
-680
356
1269
1726
30
1099
831
-1072
-598
-195
335
-758
-95
411
454
-322
-332
-251
385
677
-1154
569
-971
-198
-64
-640
-644
-938
-2748
-801
1236
-89
6
-1558
-1010
-1078
155
-516
-660
-201
567
-229
1757
101
-54
461
-318
-993
-365
189
-682
-1250
408
1283
370
-91
397
2149
-1261
286
-481
1565
1300
1097
-1285
-1075
1104
-1471
-290
-23
394
-657
-210
316
694
324
-1354
1342
134
355
156
-923
496
-25
2
-2181
-1937
605
-1140
108
408
762
-277
302
1492
964
524
-599
1081
129
636
-126
-1030
355
592
-55
382
194
562
165
-218
-545
-192
433
901
560
-1306
-430
1059
-94
-1209
-118
445
-332
-825
-276
1482
238
1483
-336
149
812
-928
419
1835
-976
283
-143
-1425
-926
1254
27
-821
317
-236
8
1549
-253
-203
-1748
1115
-1378
650
-1114
-1393
1531
1546
483
-1613
1133
-520
713
-38
-382
-185
-255
-123
-814
-58
754
1598
-1124
174
-22
13
-1082
-1383
-43
140
-801
-656
-446
-401
17
-1067
488
262
-389
606
-492
-251
-483
448
-536
430
-955
-702
-843
-746
131
-420
846
760
-570
-652
-707
-955
-359
2146
395
-381
1022
-455
392
613
104
-1160
-173
-723
92
635
-698
1108
15
1295
402
-721
-810
-1506
457
747
837
-126
1425
871
-844
-1359
-524
-1954
-282
-559
354
370
-473
966
143
-1276
-560
991
-769
42
1538
-203
1634
-675
-514
211
-125
-230
244
420
-696
665
-777
-892
1458
344
1493
-447
464
414
-108
1326
-300
70
-1844
-1158
170
-569
-244
584
1058
-348
930
434
-15
-321
572
-696
-198
281
-239
46
298
-1288
-92
-207
-539
-186
661
-384
-332
-19
424
1360
259
-1021
676
-2089
31
674
710
152
341
-823
843
-223
-391
-565
1079
-1503
-948
-107
-674
-1505
-764
1211
-1219
-689
462
-1027
218
474
495
574
-333
791
1311
733
-348
-1405
404
1103
637
-534
-1093
-594
761
584
-239
84
-917
1138
393
649
-432
-793
-487
1261
-20
-355
811
182
478
109
-611
774
669
-157
212
936
508
26
-713
-475
566
986
-873
1533
-1054
4
-112
443
126
1315
1141
-7
969
-502
-681
76
17
-633
3
-426
332
-1157
2033
-1103
-333
1072
903
-163
-627
-1116
357
1411
482
-1445
-1173
766
972
-102
-237
-1350
-1112
891
494
365
-971
160
-390
1341
553
-214
-205
-1130
72
131
646
-382
-523
-791
1555
383
-605
-605
903
-158
-186
1218
-967
-20
1634
-408
-2857
-1386
-401
305
420
230
787
-317
-73
694
-1252
498
-1846
25
309
443
-267
-562
-777
31
727
16
-1120
-204
207
-400
-1016
351
-165
-678
2214
1248
-672
689
280
-1273
-1128
-703
548
261
15
347
616
-472
-104
562
-837
526
-53
454
-1292
587
671
-695
-556
605
-1114
764
708
75
1488
636
-422
-1860
58
2197
82
-188
-974
944
983
-602
362
-1204
-623
972
-449
216
-948
-437
869
785
-147
-282
422
149
54
-784
-615
970
325
-675
-14
-1917
453
-901
-733
590
59
-62
328
651
-986
81
-831
78
-96
728
-1331
258
1094
-390
-204
1304
-682
324
-767
1446
793
-146
201
-140
683
746
-473
-495
239
864
979
-917
-352
1298
318
257
163
-130
-1641
-361
-1094
984
272
443
366
500
-684
-584
-217
-1420
765
538
-590
-420
60
165
-1131
-168
-114
-224
-896
-1196
-439
-735
564
-198
385
-341
137
-777
-519
247
858
-729
-1645
295
987
66
-732
1525
1790
-86
1356
162
333
-1122
-514
733
-1087
718
505
94
898
-1193
-1147
-1498
844
-359
157
1394
-304
-204
1276
922
-605
207
26
404
-582
51
-376
29
-250
636
-1576
-606
462
-523
573
-424
-836
-700
660
-294
-640
218
-743
743
16
255
-619
-950
-946
-447
351
874
-1301
-717
-696
1433
425
125
-249
-724
-63
-60
-1437
222
-578
94
-460
1793
-707
1459
775
-512
-438
-1009
-475
-17
825
-470
-115
-40
897
-1210
547
614
-1288
694
-559
603
176
923
-711
-670
-208
366
486
1366
-7
94
1083
345
531
1278
1756
-1170
-189
-685
-717
-377
632
390
-348
387
939
2445
-12
-9
81
-263
-758
-144
-186
-1129
824
1070
362
-262
198
-245
-97
-178
183
-555
-948
864
1352
300
-99
-82
-357
542
-410
1729
-53
-1007
947
475
-868
-1011
310
-1652
463
-21
78
-928
-988
225
350
566
-973
1018
387
135
-953
-524
-34
-335
-1253
-112
-213
-326
-639
-1050
1078
867
57
-758
1156
-199
-34
-606
479
51
-494
860
829
-1297
-1471
480
1398
-471
-6
14
31
225
-669
-420
-940
361
-475
-487
-344
-791
653
-188
401
661
-84
35
-346
254
-159
1434
246
834
-1494
1917
-961
1309
-1055
700
-800
-1337
-448
268
-474
1300
-933
762
-239
317
62
-142
-404
-906
381
-998
-808
-427
256
241
-494
-233
315
121
499
701
488
1328
465
207
-328
-266
-809
234
-456
-975
-226
53
-172
-1472
-8
-95
1130
-135
602
606
1324
-193
-906
-194
-57
-686
-1079
1484
457
-61
-987
-520
925
-325
-584
-883
2186
-56
1739
192
458
992
1561
295
-431
651
-62
-160
-209
-586
-287
-154
346
630
-540
480
477
-1283
751
-671
-935
41
699
2315
-307
300
78
51
11
-1014
421
396
25
-317
866
565
126
1170
-908
-546
-355
649
299
347
200
1272
924
-549
782
449
-53
-357
1211
654
-298
450
41
252
579
-527
-530
689
-359
660
103
604
-109
-804
-216
-180
734
-1462
-819
723
-160
-1153
-725
-134
13
1809
1313
-385
892
184
747
482
-96
-1687
720
-113
-563
636
1107
1113
905
-1969
-64
-511
300
329
570
418
-245
-177
-1293
28
-329
-998
-2088
305
13
101
-94
-737
1140
624
-725
-831
308
-1377
540
-118
-1024
-979
20
1190
-1223
220
779
68
1299
1054
-868
932
1384
-31
-299
-495
570
-507
694
-551
-820
66
-2175
-1613
-65
759
-61
-1773
-1254
222
-1714
-182
-299
239
558
48
-253
-357
-1349
19
-608
1538
69
-1402
971
-726
-84
869
-19
547
1119
899
618
729
-632
251
-369
-948
854
700
-621
1109
-842
-1573
-575
508
585
1085
-1118
44
-541
-323
-752
623
218
-551
-705
-672
-950
499
-608
227
824
182
-513
346
1153
138
751
1067
-199
994
-360
-1347
1039
29
519
311
36
-830
623
721
527
119
905
442
-798
377
698
588
-473
-247
-1134
87
655
-804
225
850
1461
729
-141
687
881
-602
-583
179
-251
379
394
564
-969
-270
-47
-83
319
-1514
-47
29
-570
1019
485
-486
-242
-869
-578
-599
-361
-499
-785
-114
750
442
-1727
-943
-906
-2101
433
76
-1522
1398
-508
-167
875
-860
1371
379
-189
449
-120
-954
708
962
1817
-277
2087
1027
-351
-1646
-1
619
-179
585
549
-506
180
-417
839
-453
140
403
-369
233
-629
-1003
660
269
-780
-943
-964
21
-1393
-472
2300
-321
-399
798
-995
198
84
1121
481
-51
1215
-1324
-289
166
753
1181
-1161
-464
-160
166
-969
-244
-78
433
-1096
242
643
-220
551
-190
-1745
843
1280
-515
79
579
1045
974
-1073
472
162
-241
-409
191
1073
203
1332
619
204
-27
-198
139
-1319
-518
-448
554
238
-740
-112
500
-274
-948
-619
-1321
1253
-338
-569
-725
230
-150
623
-307
673
-100
637
394
106
1176
-260
644
693
-305
1485
1189
568
-100
730
645
-626
1415
-290
1110
1050
-787
84
115
-262
-878
838
96
-533
12
-1709
-1058
-202
-981
-537
-1351
298
-368
-1537
-441
273
912
449
274
-408
283
-718
-719
433
-320
295
921
-403
-130
1353
437
-565
341
1541
-137
1283
-611
15
-340
-145
541
679
411
324
381
-868
112
346
817
730
-1253
-579
98
-1205
-614
1461
995
713
689
-727
-110
-1853
687
482
628
361
-309
16
-790
591
-788
287
1144
529
1052
-290
457
-1830
-854
-662
-670
1275
554
-480
-242
-1232
616
792
-465
-277
304
-460
1645
303
-627
1528
1051
-107
-407
-891
-402
698
-354
-534
856
103
-1128
1631
607
39
-241
212
783
662
639
-726
1056
415
-217
-820
877
-962
22
-1349
-14
87
-87
511
-2374
-180
755
1894
-895
1347
172
-382
1240
-692
-928
-444
-110
-73
-1748
-121
21
-205
367
-67
1
314
-255
254
-240
-956
607
-948
1014
166
1390
1167
568
329
-1065
-1573
43
218
96
368
1294
-992
842
536
-178
-939
472
-635
-1633
379
-954
204
178
-403
-323
233
-394
-54
-1443
-508
789
-581
-398
195
-1317
273
536
-699
1194
1565
-258
-1108
998
988
-325
-114
193
-470
521
-636
1074
300
-909
752
-977
5
150
-661
1575
742
-83
274
648
-688
365
-832
1959
-797
670
815
-871
-693
417
-306
647
1515
-512
-963
-834
116
87
-143
923
1104
994
-218
797
-577
216
-1646
408
32
813
-372
471
826
765
-36
-340
-23
1011
-524
61
-496
-1182
-339
823
-876
-518
-395
-23
1019
-190
-405
308
434
-976
1375
-579
765
-871
737
1150
-123
715
-753
-871
-602
447
-977
-1
-1146
-523
-647
-355
1018
929
-34
314
-1280
1485
3
-1087
318
-758
187
347
199
1388
1792
834
-96
207
-236
792
-458
-1751
893
-348
1273
-143
-994
-352
-738
-556
1945
500
191
1181
1218
924
-182
-243
13
128
-61
-469
354
670
1302
1365
-366
543
-194
-655
-75
667
-315
-1193
104
475
570
-136
1015
-585
-1532
-62
-241
-496
-597
-119
-1037
1176
-758
-1285
563
140
466
-360
-105
219
8
547
-1024
695
-244
651
639
944
-456
112
453
681
-1265
-603
-481
-762
890
475
484
1122
-811
489
-649
-810
-973
-672
-1228
603
957
454
-1828
-1431
-16
674
1267
-1850
365
369
-156
-110
1001
1060
-726
-623
1083
-386
344
-754
279
-16
-268
549
499
49
-80
-520
454
22
156
-477
-371
4
144
1813
-675
771
-41
-754
-740
197
-1075
-2040
983
-850
1555
-47
-155
-498
-791
370
-338
389
828
-348
-417
1243
544
264
-518
293
603
-815
-1031
1637
-1132
337
811
-444
509
-730
524
233
-1037
1125
-986
-502
-200
1426
-209
-488
-534
-251
351
-176
1636
802
1054
29
-556
1506
238
-544
59
-702
-369
-111
990
681
714
-542
1530
-1481
428
-552
832
-110
-1298
-499
-636
-305
-1022
1365
539
-664
-314
828
57
-427
658
-471
1108
-814
138
-820
-251
556
477
-139
-255
-492
1396
304
1138
-915
-31
511
116
-1468
-405
-1099
-217
-873
475
299
-555
-268
403
532
-30
-968
-1022
120
278
424
-155
-909
332
902
-194
-187
27
21
281
433
489
1267
205
-197
-45
-19
922
-142
-299
-1240
-316
454
-202
-41
-598
-176
278
-258
1767
620
1063
524
-42
-1167
1093
564
590
-121
879
1022
149
-570
780
-350
562
-737
-339
-949
564
-560
407
-657
366
216
-550
2033
892
7
2733
-395
30
-852
1563
95
564
-1126
1975
-268
-657
143
224
91
146
1471
623
-2330
95
-1537
462
-606
-737
-444
-649
69
-1366
-1090
94
1185
875
82
-1136
551
-250
-700
-793
-58
-1360
1088
475
-187
-190
-301
1306
1009
-962
-411
-118
953
-1109
-49
-239
-2
477
925
85
-1782
-201
-67
-776
937
-480
333
4
-310
-259
771
-191
-527
-628
-278
327
-93
1522
-170
160
-906
221
342
-440
194
75
586
-615
23
286
-55
195
383
594
-387
76
641
282
41
1228
939
601
-98
909
-390
-766
84
-340
-756
-321
790
-1023
1140
-625
-345
64
53
455
173
-356
1138
503
-1381
47
784
452
-495
-1138
1297
706
1096
197
-126
669
-816
145
-204
-974
113
315
137
101
-1373
-768
-943
582
-213
-288
129
-760
231
321
-1235
241
153
747
683
1476
-334
-940
-1728
309
110
380
-173
242
115
-1192
-573
-859
148
-286
646
810
590
-771
1144
-500
805
1230
1793
-759
-538
562
-812
-96
-8
67
-271
1173
-1072
-2476
1274
-712
-1244
1047
841
754
-689
-607
-1596
981
1122
-344
1031
-316
-723
72
-1634
437
322
-504
369
-107
-157
-464
-331
250
577
-80
-1248
210
399
-226
114
1398
-520
-1002
777
-770
1583
255
268
-61
-617
118
154
-831
-702
-277
1434
-354
372
-119
1006
-8
392
-1052
910
158
-517
346
909
-1406
-1669
1242
309
639
252
-591
-849
-1187
-1232
618
1463
819
-255
-436
1052
674
1501
1000
-118
116
192
465
-444
128
-78
262
147
1383
-857
679
-358
-332
-1820
1547
267
-94
-753
1773
-951
468
-441
105
655
-615
1755
-970
446
338
-66
175
-10
-1126
338
-297
629
309
1235
-166
-1192
664
157
693
-428
-760
-753
-1681
-1171
-211
93
275
-1357
-143
354
-575
91
-989
208
628
-1367
1185
887
439
597
620
-92
11
-830
-241
629
-433
1792
205
1176
-1056
310
-440
-451
1227
-1005
-574
353
363
245
512
-975
-1445
-6
-51
594
-301
264
499
-291
198
704
-242
-209
1552
-238
-182
-118
911
178
844
913
126
-260
-177
366
806
586
1147
625
-926
288
948
42
-893
-444
-240
448
415
-316
-99
-1050
-822
112
-233
-59
392
-1040
-126
-926
403
1291
-781
-787
1019
1508
-688
-607
245
909
275
-957
-399
1886
-1376
-36
892
-1380
718
-689
124
-828
-916
1684
-409
-700
-201
1385
345
265
-45
908
124
-148
1305
-817
1206
23
-29
-157
-2216
-366
-397
-875
-532
657
329
-105
88
512
1026
214
-751
-303
-1471
933
-1235
365
20
1179
-1090
236
535
218
-453
299
753
-181
413
1605
-1529
-335
688
-1064
339
-229
48
-1091
218
414
-363
-372
98
-601
703
-1032
-77
1017
1524
566
-1261
-452
567
516
862
-1146
-411
-247
556
-63
983
443
1238
1434
790
-1958
-206
356
-593
877
-1070
181
-1577
302
918
21
445
-1149
-757
-37
905
228
21
-15
181
-1496
148
-2287
287
-536
-787
2399
1048
-1139
235
110
-91
-270
-85
422
-452
-838
130
984
448
-150
-319
-201
915
1027
-667
666
939
-1062
-489
305
35
637
-1027
-572
112
-1957
-525
-651
744
124
637
-546
1115
-738
-750
-1472
-579
-685
3
-334
-7
-148
623
-252
239
-1561
-580
-627
809
-89
301
2056
-150
-776
-186
196
-1462
52
1384
1238
-3171
-933
392
105
695
-804
-337
-781
-796
-58
219
-953
46
-760
-690
519
-220
-483
-175
195
-185
840
311
1043
1050
-1200
-671
-312
-715
465
-121
705
-656
1461
552
-112
-275
-867
-182
-645
-124
777
499
108
-342
-1240
1723
-125
-156
-231
1327
-228
505
1001
161
-641
-257
-254
-1198
874
743
118
131
-982
-832
-202
439
633
-828
-582
311
598
1106
-634
281
-966
-495
-263
-116
-953
702
-1166
-1063
-1253
192
650
-305
236
1046
-435
-72
36
818
192
-585
-928
-2277
512
98
-463
289
384
216
130
-770
164
778
-1377
-82
-129
-585
-1434
-308
-189
69
-231
-154
148
-457
1141
795
-407
-1638
-887
151
355
257
520
-850
-464
-910
-1418
884
532
-918
1248
-552
-1376
-434
89
320
188
530
-1552
-1174
1270
-119
644
-1225
-325
-36
-245
-116
-1116
-503
207
1146
-128
580
80
-307
419
897
1109
938
-202
779
203
491
-479
915
-466
-775
230
442
-344
716
-376
818
-788
-258
-266
262
-277
190
1073
1239
-272
-755
-816
-365
1449
-896
46
-323
222
1116
1367
35
-662
177
-945
34
424
-918
947
448
2019
-618
1579
1201
307
642
-786
-15
308
-577
-760
-951
-509
-899
332
106
-128
-1431
-1156
-1736
867
-327
-169
686
533
-152
237
1162
-713
-2263
-228
337
-21
-418
-450
1309
-1201
561
-655
323
-29
-1005
-876
-1580
-747
202
1308
730
805
-16
353
837
-727
1282
-631
-692
630
213
765
247
-483
-26
712
321
274
-367
-373
60
319
1226
624
-298
-2308
-88
426
-862
-125
725
-261
849
-284
-1485
-2083
331
-306
932
845
817
766
-539
-454
996
403
379
707
-600
-644
235
1414
208
41
-420
-150
876
-210
-1198
195
-334
-816
385
-801
44
769
-494
-755
371
-230
-1009
-741
-208
380
-439
533
-339
-439
1427
380
717
1089
-1603
-614
-51
107
343
1074
632
-231
-1033
438
-365
1479
287
-1156
-1289
-83
-273
6
784
-467
-222
561
-971
293
-1122
379
-1252
268
-904
724
720
-323
1317
-734
723
-454
-276
-845
-868
712
-730
844
720
-203
-366
-358
566
-728
-968
986
453
-455
361
510
-785
461
-125
-1062
-311
-250
1379
368
-254
-272
971
140
-881
-743
-534
1256
556
-1613
1119
372
-228
13
1317
802
1274
-416
523
-392
-102
699
551
-118
-356
-1640
-264
-348
325
514
473
-1321
-588
-323
656
-1521
1625
285
339
-365
-356
-1250
233
-320
612
-916
856
-173
377
147
-1149
-337
-1051
-32
1114
199
-537
-1624
-47
-378
-451
737
231
370
973
452
-275
911
-507
-473
-53
73
373
17
840
-545
-326
-61
-628
-254
-128
-214
679
-211
-842
767
-453
-353
288
-170
172
213
255
-648
176
2066
-1267
332
426
539
-269
-598
-970
-1037
-594
-105
157
266
-341
1554
825
-169
175
91
-1770
-1398
356
313
209
409
536
-769
261
-315
-499
1165
-390
-114
46
-1165
-653
-1008
-1125
-260
-805
-831
1235
-529
-860
-1144
-182
526
605
616
454
-444
628
520
209
-498
-74
-858
-163
-1621
-748
-199
-1524
-440
107
-120
-169
-1411
-571
-1071
-1603
-359
1020
734
251
414
936
-87
-850
518
-487
-1282
-175
-2005
677
836
-937
-167
-1412
578
1421
-831
-1660
460
-226
-689
152
357
85
-12
441
-290
1453
-787
-272
656
396
282
-1373
-6
134
-1148
406
14
-157
-746
-391
-1277
-315
651
939
-102
-1020
576
-440
851
-90
-699
-432
-110
971
88
-919
208
-63
1316
63
1915
842
-38
-678
-261
-145
-1104
1274
-566
105
-480
-279
-595
80
-442
660
-1098
-761
-687
738
-198
264
43
-1204
292
-691
939
611
68
-203
-71
-85
66
353
519
931
805
833
-647
-370
-610
303
-1172
520
-706
-1326
-343
530
-1205
356
-1073
-805
65
-188
1050
-652
-2507
169
-324
-392
-118
849
-805
994
700
1467
-343
117
-228
1888
171
515
-150
759
-569
1619
119
-305
-1206
-997
64
-743
74
15
1537
69
-959
255
406
-1723
1775
-362
-317
493
-473
-897
-145
-1193
21
1924
-825
-984
-870
557
-192
516
-605
-228
-229
-917
687
1240
-252
-1096
608
-64
194
7
-251
-600
-895
456
428
1006
209
-107
-513
1440
1305
-224
-88
-811
93
90
655
421
206
-602
277
-1383
-435
-129
-1601
721
-149
683
1622
-916
118
-665
-523
-5
-117
-466
-68
396
-790
521
712
-1954
-363
203
90
896
-614
-396
-125
-1644
9
934
-1104
-821
1064
-50
-395
62
457
1473
664
-562
1350
-411
-978
479
-110
281
-793
-218
-748
-353
-35
529
824
1167
867
295
921
-857
1583
-131
-717
2159
53
-27
304
690
-328
-693
701
-555
1450
233
76
-436
316
516
504
-870
735
-285
1492
-1256
588
1313
-836
-353
-197
1013
659
-1198
-653
-445
-984
398
1029
2563
-883
-815
1328
39
685
699
-86
2510
664
359
1587
607
-1078
-651
828
-208
-117
-910
279
1030
439
1466
330
397
-210
-1098
1101
333
-891
-545
-711
876
842
115
124
1080
-281
-1003
-57
461
430
400
-745
486
-1634
-50
-445
802
248
141
962
732
633
-930
-271
1213
737
-107
-1754
1914
-528
1759
-268
1402
96
-517
-989
-1079
-464
-225
1121
1259
-215
33
91
-630
-133
-184
-414
-225
151
-1135
-96
-198
-66
-1235
1744
-1033
-213
-855
828
157
-515
-254
1383
-1222
-5
-1286
-1981
23
-2317
-612
1973
489
-1938
729
-1218
26
383
615
24
-407
-50
410
1260
856
-597
897
-612
-914
-874
-418
372
210
-295
606
-676
-159
7
2324
574
623
-1149
-86
1126
-491
-656
-1814
436
1011
1154
214
-1024
1418
1404
-60
1551
-139
436
-477
993
844
-657
709
911
-800
610
-807
-1230
-126
-135
-239
556
84
-1314
-476
-808
-498
336
-274
405
-419
-1256
-860
-1308
1415
301
-144
1418
-712
-827
-1536
-507
895
626
-422
1027
-845
-472
-330
-343
325
-264
269
-517
302
-158
715
376
356
-278
-2
871
-901
2414
-603
283
-122
37
-131
-614
-983
-72
-168
-1223
268
-614
319
-684
-1227
-554
1165
-145
-46
-1060
-291
311
-965
1149
630
590
686
1240
-139
-81
226
673
-205
1268
509
-406
356
1
844
1081
71
169
-1530
1233
-123
-1177
70
-857
610
970
-642
264
299
-62
-1903
-498
440
671
791
941
697
-254
-188
270
-923
-557
-1044
-199
585
-11
-1015
60
-552
939
-158
503
-698
-82
353
42
56
1133
-40
304
-896
778
395
351
-678
880
-495
-950
-171
-74
-56
-703
-679
-233
482
965
-635
-221
-1122
-397
642
-457
-1047
-291
454
427
-820
-681
-353
92
-1320
639
140
706
1434
541
1037
-1717
-1018
634
1025
-230
282
1040
-158
528
-1445
-79
-125
-681
335
568
857
478
-558
46
897
-33
-594
955
-1277
152
39
-690
-1556
250
-506
269
268
-676
195
922
-1354
119
-100
1111
414
-355
1314
152
66
-260
882
1551
-817
-88
-329
-246
747
1063
-762
-169
1819
182
-1259
-177
538
217
1149
108
462
-56
-273
378
856
676
-484
-713
-265
189
515
-892
-190
88
228
-438
203
443
732
-752
384
-622
-163
1159
200
-51
-124
475
-443
-115
-158
-1107
-1237
393
-336
960
-1151
194
-463
-157
-133
37
-45
213
903
-2036
-120
390
-532
896
-650
-1452
424
988
275
1733
1271
139
-2247
252
327
410
-210
312
359
631
-821
-441
-1151
-848
-393
-762
1239
163
-1038
-82
1268
-2072
-1114
-159
-917
-212
-847
-1147
345
486
-1121
-126
75
1181
-330
380
471
-86
932
103
1354
-258
1177
471
-641
893
-404
-514
1878
-928
1484
350
91
841
434
1413
-571
1107
102
213
289
605
-414
852
285
-795
-134
646
529
-85
-1328
-839
-986
568
857
177
668
360
620
-1017
775
-410
-542
455
-1415
195
1073
-146
-280
207
578
209
1211
-288
983
-519
464
-226
653
1020
394
-194
456
-257
-172
323
19
790
-223
440
374
-704
1596
339
-119
257
-628
-248
-1014
-494
850
-453
341
-646
139
-1056
-788
-664
-1742
-710
-1045
-1487
1234
-1458
-914
-452
337
445
-235
384
855
239
246
-849
-225
-694
-1127
-71
391
120
28
-750
-787
-607
-433
506
-819
-245
1339
249
759
597
191
221
592
527
547
820
472
1021
1330
1358
-572
258
178
443
962
199
655
1080
635
-883
1569
-581
595
-773
381
-1355
1144
-449
-419
848
-1079
1140
1156
-1455
-1907
-867
-3
906
1810
762
-151
334
199
1077
1360
29
410
-1436
-190
934
1230
-936
-84
528
270
196
1790
1033
210
-314
-308
1611
-713
-901
151
232
-48
903
353
1163
-1623
752
-835
-564
718
730
-676
1528
797
868
46
-22
579
395
705
-1166
-509
-1003
520
101
-471
-56
445
-371
-392
-3
1
111
291
833
635
-317
-683
-1577
804
-917
258
172
1054
-722
-831
-526
580
-238
-131
723
937
166
303
189
1604
-295
569
294
161
-1016
1836
342
329
305
-1741
-736
-645
-492
-298
-243
-878
497
-944
380
1314
251
2006
-785
1081
-316
-697
353
71
266
42
1107
-1305
-242
-111
192
-439
-526
450
-2046
-954
-632
150
-229
301
287
915
84
16
674
2389
-738
-1342
737
274
1564
-1262
-355
-934
2209
1537
592
859
375
372
506
1629
-1468
-106
-1047
-392
-963
383
189
-826
-694
1027
-1379
118
-995
807
413
-812
305
610
-1179
252
269
571
1287
-445
709
108
-651
-1096
-515
-1047
137
-647
48
-477
-567
-270
1645
-1040
305
654
1216
-6
209
-118
1031
-513
513
152
719
941
931
65
872
245
-1785
-309
-506
665
420
-774
-437
1372
-517
292
17
10
-289
997
-1354
170
-642
-9
-624
-318
33
1542
404
-177
361
42
2081
521
-1496
649
361
-27
913
-559
26
-579
-2336
1159
885
662
442
1241
557
82
744
-800
1348
-95
-724
602
332
463
-216
718
630
423
-510
-130
-1796
517
277
-690
647
191
562
1110
1253
605
124
-872
528
-107
-867
170
1348
511
778
1056
556
-488
-18
-352
564
-867
195
-1226
-1907
631
-66
199
-137
-115
72
928
1063
173
-581
578
-1168
1625
139
58
-1629
-705
259
546
1326
1456
669
-434
-1321
-452
649
-345
-341
-194
1082
-262
-1428
-127
1200
517
420
-446
271
-486
-709
1027
-1223
580
83
-673
1102
-31
270
969
-1507
41
-1203
-123
47
-1011
-87
-1687
-242
232
642
447
902
139
2
535
-153
-159
645
1474
-892
-1351
1003
184
798
186
763
2011
-1210
215
-353
581
416
-184
255
35
994
-36
-219
1098
317
120
12
-89
-674
55
-698
-245
563
814
1677
279
487
656
-664
394
-1933
419
-394
-252
695
-1262
-121
-718
858
652
513
-856
815
210
145
-2
-760
-391
-1416
680
733
-507
-41
1447
-142
-564
-828
285
-22
-519
-340
-2371
-674
-855
235
-68
-796
-152
919
-1015
455
382
-706
807
857
561
-867
-287
-1371
-266
-1331
60
277
-732
-92
-253
-706
-1649
1113
497
772
237
-225
1279
-282
522
-258
-442
-222
-538
-1686
-1794
934
971
695
118
-2
611
191
628
804
288
-758
84
136
124
1919
2178
358
471
960
-567
168
-702
703
108
493
1355
-141
792
86
1236
338
-122
233
4
111
-335
363
-1710
-268
-930
602
-420
-582
1498
184
1186
-551
-294
290
-605
-1030
554
907
-1423
-2573
-287
-2360
-374
460
-373
-118
-1339
960
286
1013
169
709
370
1880
645
-534
-1251
-1727
-875
308
1422
258
1930
-540
-203
-159
127
241
1417
772
691
-151
-137
-224
-1432
327
-174
393
-1296
-1354
1640
-101
70
1139
1389
-356
1087
-288
-457
-605
-173
262
10
1051
110
564
-1178
-837
-35
585
1324
418
-237
-961
-734
-568
-223
-223
6
640
-136
-996
-1070
1096
-444
1671
1574
-50
147
-598
896
68
673
-681
273
514
717
-302
-408
-1536
-66
1036
1485
165
132
781
739
2394
1435
-850
-755
-205
-468
110
-1670
1064
-485
-1340
-1152
183
481
775
297
-861
628
-87
-375
-170
106
-370
372
-285
24
1084
-464
-2036
-713
111
-705
-812
-939
859
-806
-6
-279
-1038
-242
-568
113
-931
2022
1099
123
616
928
-106
228
-43
-21
725
-540
706
-309
437
-107
-470
455
-370
130
-200
344
1133
-62
-1093
269
32
980
1023
-995
671
-389
-41
-51
-329
449
332
-375
340
-790
-383
1239
-376
249
84
-1201
948
814
-767
-952
-321
-444
290
863
-486
-564
-463
1163
-1301
-710
182
529
