50 78 676
0 30
0 35
1 46
2 47
4 12
5 30
5 32
6 16
6 29
6 49
7 24
8 42
9 38
10 22
10 27
10 28
11 8
11 26
12 25
12 29
14 20
14 39
16 22
16 30
17 7
18 29
19 18
20 5
20 14
22 2
22 16
23 14
23 35
23 44
24 5
24 10
24 23
25 28
25 43
26 0
26 20
28 40
30 3
32 38
33 34
33 44
34 18
34 25
34 33
34 47
35 2
35 4
36 21
36 39
37 37
39 3
39 19
39 42
41 30
41 33
41 34
41 44
42 25
42 36
44 35
44 43
44 46
45 7
46 31
47 11
47 13
47 34
48 4
48 9
48 11
48 36
49 32
49 40
32
74
2
51
15
76
9
43
22
29
16
72
42
60
31
77
28
8
71
36
61
19
45
75
59
0
17
39
44
66
37
12
14
68
70
65
64
26
11
63
33
10
49
58
18
6
25
1
52
24
62
4
27
67
5
57
46
7
13
53
48
23
35
73
41
47
34
38
30
21
50
3
54
55
56
40
20
69
-1133
621
-615
457
-329
-20
550
399
1534
238
-102
299
-478
-210
-6
-163
171
251
406
-442
-950
940
-804
184
-26
-351
-1383
-189
-423
302
240
-612
-27
-384
382
-151
-1030
258
-780
38
-1714
-280
-169
-101
-222
151
-1170
-564
896
-1110
-668
-683
612
-946
-1001
1148
-206
-289
-528
-783
-290
1775
-315
571
204
-1205
-107
342
297
442
16
-419
-416
108
-1310
202
62
732
-266
-1839
270
-332
-762
417
262
-739
-141
1369
-951
9
-716
-419
753
-73
956
-110
472
-1224
-114
450
-557
138
-1066
723
862
509
-393
-396
251
-446
1222
430
-156
-175
-3
-43
-702
718
-853
155
6
-353
569
-1408
1782
510
31
-279
-454
771
-521
-734
432
-704
-637
152
162
847
-249
-59
96
271
-920
391
1099
-1036
961
-455
1064
-1242
-377
508
488
-1160
243
-772
805
-188
271
2106
-468
-1408
-662
433
-193
680
1198
-250
-635
-1194
-15
360
-465
14
20
374
995
-566
685
-6
-118
-150
233
-384
-293
-1202
-169
-581
265
488
433
-107
-38
-275
-1225
-54
757
-320
-454
-304
346
836
-143
593
-189
73
-78
-208
-70
631
28
108
358
-1142
724
-183
-159
204
673
-486
556
670
689
310
41
-158
-270
1181
-1301
318
237
714
-571
-263
832
796
149
-379
1073
568
901
-1132
729
1169
284
994
-81
-434
-563
-112
38
-185
-786
-105
1418
597
284
319
-41
-776
-262
-831
870
-83
-624
-1460
-121
17
-558
-126
797
145
1213
109
656
608
420
-743
-441
523
-840
499
1437
-247
-785
582
-458
-461
751
555
-233
-1807
-644
-328
-365
1391
-660
198
195
-1131
1176
909
1056
-604
800
284
-487
467
-986
-1371
355
-485
108
-1608
547
597
740
749
-733
-667
-535
380
499
289
231
979
208
-971
947
-769
-1483
353
121
1062
-91
652
448
-477
738
-298
-1106
712
-1335
102
-429
757
27
-442
-465
-236
980
-57
1575
-150
-591
32
-204
-1334
2115
-961
418
217
-337
740
-702
620
-56
822
89
377
-676
-84
109
747
-672
-561
-93
-410
-131
96
-94
-19
-889
467
-410
-446
409
-948
802
273
166
-498
222
-154
-426
589
-424
-775
524
697
-546
-48
151
-1052
1881
-80
923
217
1605
611
-441
-535
928
700
532
504
-346
-373
-120
-138
-174
-1816
-877
-447
582
-967
416
181
-270
251
-300
1036
-753
-139
-527
54
-254
-1278
19
-517
271
244
-1102
373
700
-1965
369
-538
847
-211
603
689
-411
-366
845
144
72
97
146
-708
-244
290
-1018
-25
-58
-162
-1072
944
-207
151
994
-252
-1162
958
-627
531
-76
290
-135
589
-183
23
-475
-1685
1050
252
23
417
-144
252
101
-702
-406
414
741
-489
-386
-1216
154
558
382
-715
1040
-330
948
668
523
820
600
240
-1432
130
191
0
-736
278
193
-118
-589
505
-729
170
11
837
195
-339
229
-759
780
-1492
-260
-554
-1234
-950
-35
-110
-87
933
660
244
-87
1079
1104
665
948
127
218
818
-47
1245
584
-364
235
289
-916
595
517
-217
-255
613
-214
-407
-831
1108
151
174
144
-108
679
-197
-577
1589
-540
298
-449
133
-176
-962
-173
629
1526
-13
-585
-687
-268
668
251
-1005
-180
814
207
1186
495
-831
-322
-1140
80
-298
-63
1510
677
58
-128
-817
935
-859
-854
112
566
-1174
-302
1671
-826
-65
186
-236
-665
-631
1029
-1256
466
-342
35
-372
-356
726
1353
-329
620
285
259
919
1026
-194
-516
38
-142
284
362
268
624
-249
70
66
326
-959
-316
-17
-1325
-631
767
288
-273
-471
427
111
-555
-394
990
-18
2086
941
-538
-493
888
-397
631
212
-643
431
1346
758
-399
1134
-1624
-255
-786
1
27
-292
87
-418
398
-707
788
-1128
451
-710
1277
-577
189
-568
280
1110
-698
70
-384
678
229
686
602
-940
-64
118
556
-51
674
1813
1060
474
1907
-182
-1630
-767
-877
441
-303
-57
660
-621
632
531
245
-265
-329
922
-562
-401
408
126
361
1026
828
-13
-27
739
-91
-1520
-434
691
-165
951
-1189
-259
-193
181
-497
-1019
183
-370
296
-163
309
-380
1375
-324
-142
-1444
-346
-432
908
-1716
1025
630
-701
645
-602
-15
-230
101
580
-21
-189
1404
-464
-36
784
-370
-999
-156
318
-610
-526
-1010
82
-1400
-233
-437
413
-400
259
-351
-590
-764
1598
-107
1500
516
43
41
668
1205
-596
543
94
-320
-344
215
507
475
-295
296
-1182
-205
-270
616
-1536
-340
-1229
995
314
149
1478
-425
-399
-693
-128
462
-99
713
-351
277
-503
422
523
-523
-840
-925
217
-491
787
-520
-586
4
-267
1925
956
-65
238
521
230
-216
-904
722
1208
-1018
-455
-761
-458
1099
-894
1235
-1219
664
453
82
-946
-14
-748
-181
-40
-586
609
-15
25
428
1000
-157
-671
-28
-157
315
657
-106
-9
164
-878
5
418
-589
497
-579
947
178
236
-424
373
843
584
148
599
-749
579
464
485
-668
-768
-597
290
-22
-59
-746
324
-126
-512
845
359
-1450
-350
424
-1205
-29
1774
959
-1080
516
-1120
-297
466
-135
-128
337
-589
864
-308
911
232
544
279
708
-429
510
-1082
532
-112
-369
758
156
-89
-607
576
1320
1217
-349
451
-1068
-1255
-985
-615
601
-792
-425
638
-908
384
1321
117
277
-1520
-319
-43
807
658
1584
707
-84
-1397
-414
-203
-677
-923
-193
489
632
-430
352
-4
-1061
408
-95
1295
-1059
-307
-842
1155
1715
-942
-74
-935
-290
-736
-638
-555
-550
164
392
1099
-331
-270
-727
550
109
-895
-87
-204
253
894
738
-347
575
-880
131
-882
142
549
388
-214
-996
106
-450
140
1030
-539
-31
497
-1286
744
-294
-608
-51
1304
286
69
-1744
-464
653
745
128
729
-468
1001
149
785
45
-137
25
241
-718
-411
-454
854
-239
-808
317
-1057
135
312
459
247
48
-182
-11
1301
-1113
170
793
340
1535
447
360
415
795
537
-153
320
630
-178
1910
-1216
-463
636
955
-1196
-400
-1816
510
-719
490
-498
662
-142
-433
1169
284
-829
1155
541
-1330
-270
-267
-581
-352
837
-15
524
106
519
138
-254
280
276
-484
-755
266
304
881
-88
538
88
206
302
-99
394
-724
678
-501
-81
171
-223
-626
-1127
688
-64
-665
-354
-248
-183
-29
-870
1784
330
-642
648
-504
767
275
-1198
-854
-2205
4
-117
-510
512
227
-175
-526
-443
824
-400
806
921
45
1079
-1
-1059
635
-2215
922
377
-1094
968
131
219
-1192
464
603
-1273
1352
91
65
173
-482
119
-1193
-889
880
-643
243
-1689
-41
490
531
-134
-326
97
-608
-564
-384
-1262
-46
581
27
-206
72
1047
541
-550
410
-1440
365
-1061
786
1284
-455
-87
348
-150
-93
377
-528
-898
-124
-488
-301
220
-653
2
-1549
-635
-742
-781
-1251
28
-5
-713
-736
300
-252
253
514
352
618
-338
-23
331
309
562
89
-396
-1361
-291
0
-123
479
1408
875
-535
598
-1443
775
-516
33
-984
-703
-98
354
309
166
302
1000
605
-382
355
914
-538
-175
1399
505
-412
-289
553
485
305
273
486
-849
41
-1495
-17
131
-66
705
408
765
-598
-646
-70
-592
6
-514
-170
258
-495
-462
1102
322
-337
-1264
-61
-26
-172
-225
-378
-678
132
-766
-292
217
-101
853
-6
345
1093
-413
-203
1246
-329
28
537
-479
-311
882
437
918
-255
-84
394
1630
-804
167
-197
-77
-832
110
-361
-214
537
-260
-215
416
-2686
-179
-1858
-1975
839
1129
155
1005
575
-119
1169
-153
-157
128
-166
867
-1231
-150
-18
555
549
732
278
-779
-347
-109
354
561
64
-427
442
642
-215
-952
89
818
361
-722
781
-604
-45
-140
-364
756
39
-730
184
-85
269
436
-442
172
-443
931
-461
-58
-912
-685
-180
652
903
197
1353
872
-646
-627
-61
194
398
472
305
-391
1742
-314
647
587
29
285
619
-581
-855
-742
939
-188
-392
-194
-1268
-545
273
-480
-648
-202
-666
266
-139
48
409
227
-743
213
-756
804
616
955
212
214
-635
-869
1424
594
591
-1173
502
353
163
-1055
-1269
331
-238
-1064
237
-392
15
-544
227
-1056
661
132
583
-9
494
-905
933
-1336
-764
-1338
1141
768
196
-450
369
-41
176
227
26
-686
-1197
-615
519
-710
1001
-1133
-346
622
1292
921
-241
663
-291
-380
1227
-1547
223
801
44
778
-207
-417
737
-1038
-185
758
-1402
72
1222
-457
-1486
-1141
661
783
432
828
586
71
51
638
12
575
-539
-261
-465
17
997
283
81
1181
-1279
517
394
882
407
546
-313
-25
375
781
51
151
394
-221
-579
-285
-341
396
496
95
595
-108
-1100
-194
334
201
978
726
-280
211
704
373
-531
-645
640
-494
-409
355
914
145
-676
-47
1299
-704
1147
23
1417
15
1164
-998
355
-454
421
-1279
822
992
840
732
-158
-709
-345
-739
430
584
-399
-502
211
-678
900
714
185
-110
285
603
-1040
-820
-676
280
76
786
-1148
-919
547
1029
-312
-977
68
-286
-413
-443
-690
-828
-62
69
180
368
-440
137
766
895
524
-871
-361
-163
566
-524
-571
-901
-350
-1267
-557
-148
-21
-709
682
1094
4
-731
206
642
-610
1043
815
-41
672
327
-74
194
10
-108
-385
396
526
838
-579
51
-287
669
44
182
353
-840
-357
-1359
126
41
-1022
414
94
-684
24
-1300
-149
-1189
-168
-698
-147
561
-793
28
-460
466
288
-391
-473
1429
-501
102
-122
-176
345
844
-510
956
-396
-201
-66
231
637
491
1343
-1065
-533
1317
-490
-403
503
1435
-1341
503
24
321
510
1124
-530
-355
1648
-586
62
243
-126
-49
67
794
-266
-227
-138
228
546
143
-639
-84
-600
2
-1043
500
506
-1057
-166
391
-1420
340
-553
689
839
1170
-1718
118
-1126
-583
-50
13
290
332
-240
168
932
147
778
-135
-232
-981
390
665
-716
579
-807
-152
-841
-373
486
-1524
-340
-1319
534
410
-1038
-438
13
-176
620
377
131
259
73
-374
-169
843
13
-360
-47
-341
862
-320
738
-347
118
-908
-1396
-179
-947
-929
-174
-115
-454
994
-559
807
1140
696
394
36
161
164
554
542
1092
171
167
155
-273
123
-926
348
-43
-128
-794
1554
-27
-1573
24
-516
385
-235
-535
-286
197
-1090
-67
-128
902
-979
-1132
625
-105
-126
415
949
-199
395
1469
-535
-729
372
363
700
681
294
-7
-658
-929
-983
737
-511
0
-1032
-125
14
-15
-994
310
-311
-897
-393
526
1754
14
-735
-61
131
121
-1213
1025
113
-41
-1475
299
-17
226
865
514
-176
1049
879
660
583
191
642
523
-558
-282
-746
-446
-1780
568
-120
-36
-991
297
919
433
-142
-941
513
-1904
-507
-715
-716
184
634
905
-712
574
309
-377
-113
238
1395
264
-1494
1069
103
-75
274
718
-240
907
-143
704
-619
797
-575
55
51
549
-1294
-841
-1214
-552
-461
631
-47
1422
325
726
527
776
-485
928
-383
200
-1297
245
-224
431
-474
822
421
746
-432
-915
-274
-426
1184
-530
-275
1217
-540
564
-119
831
-331
-205
-257
155
-780
619
791
-135
-478
-319
1599
647
-444
-479
1254
-1029
450
-337
816
676
-161
-555
-1334
-358
-181
-107
-330
-1056
-553
427
-462
126
1003
-748
-1004
-50
97
1091
299
-191
-328
377
-115
987
1613
1074
573
-1114
-890
-401
-861
-942
-1689
244
-1086
196
-215
-976
-166
-396
1639
-501
-1131
-421
-742
-661
-862
242
371
673
-659
-586
545
-410
-957
94
-53
-436
-810
461
229
-686
716
-813
533
1091
1002
1180
-410
585
718
-549
-333
-257
-234
491
945
-812
-115
-980
117
460
-1019
-210
-470
286
326
305
329
911
-209
-585
-391
246
-714
-426
-81
-54
-850
-163
285
307
-93
697
-827
1349
1071
471
229
892
-604
628
416
-328
-581
-496
-849
-910
551
-416
-160
-1156
295
1212
-1720
1989
-323
-188
33
1110
252
1340
325
-942
830
-657
-85
-139
-856
1360
640
-1626
108
-175
-1370
-772
143
-653
-661
7
1137
119
-273
349
690
-376
-10
-354
-752
803
-492
718
451
330
-248
68
-707
-366
201
1035
363
260
-55
-1149
64
-489
1236
313
-258
-1654
411
318
-184
1240
133
-670
345
-361
436
483
341
275
-55
317
174
69
-621
-100
-164
-111
-1315
1530
411
-303
-3
-380
-437
-35
-361
-1071
-81
1920
775
-1014
406
738
373
43
351
-989
131
267
-821
-476
1672
1013
-657
-294
-232
-655
-420
479
-441
274
486
-514
-633
226
-275
-607
1037
1057
12
561
45
-741
251
-280
-38
183
666
-229
1064
-1085
-174
-371
-50
461
563
215
-159
194
27
-625
212
1364
722
683
24
-716
-314
-106
-741
-765
676
150
1510
528
-261
-792
-664
-338
-180
509
-204
-449
-311
170
1899
490
-973
502
431
313
-788
832
43
1681
126
-470
488
264
-35
71
133
1064
-1202
-618
-120
132
-288
299
386
-1006
-21
40
-116
-180
62
700
-554
-498
531
153
-1038
361
86
-672
42
-292
753
-418
-127
601
-694
1042
-536
-120
529
-547
537
-582
-849
-1596
-674
117
68
-290
583
505
876
-134
-1107
28
86
-468
880
-370
388
1036
49
-226
-786
-329
-445
959
-1272
100
302
465
-97
-299
-403
823
-781
-412
362
-394
1384
338
546
380
-993
-288
-726
379
897
-418
-503
-800
868
899
2076
283
121
87
633
266
-1795
-54
-1467
-129
774
-749
-828
-20
-1008
24
-1025
-922
-1306
-400
1066
1101
704
-278
1008
11
-106
-199
404
-590
-657
839
-255
239
-980
920
-380
-218
695
362
106
921
173
-420
220
227
-40
289
-1016
-101
681
-495
727
-1525
-962
64
565
982
-425
845
772
548
823
1534
-939
-123
-132
1981
-622
-594
456
131
-772
-1406
-552
329
-130
182
676
-89
358
1000
254
-707
4
-454
652
-1138
-444
-341
514
1203
-300
99
162
731
-248
33
-1151
-658
-31
-217
-558
1197
12
-185
134
448
304
-857
-373
-868
530
787
990
-560
-584
435
356
-344
-57
895
-446
-240
1238
18
61
-638
-411
-648
573
-1802
293
-17
-162
-196
319
535
683
-503
-14
704
-17
-1093
435
450
1108
-158
-957
-532
133
1219
-425
10
-1190
272
239
80
-277
-137
-683
161
-935
-2031
-747
1321
132
839
-772
360
-632
654
29
-641
1372
-17
-452
-157
-59
-582
-511
430
563
-1920
-260
-888
-168
-651
-504
1202
480
910
819
294
1171
562
282
-723
445
-100
-133
-174
-466
116
1192
1896
-645
-490
59
-102
326
-514
-633
-1281
583
382
359
-513
58
-1018
-594
520
-25
421
478
-901
-445
440
119
498
-179
-178
401
717
824
17
353
57
-807
554
2039
-562
209
86
1074
64
-1071
809
748
174
647
-156
-559
172
-130
-1063
110
-654
-317
1184
-97
159
-586
-65
-194
-365
467
-1805
671
-459
523
550
514
-1609
24
45
303
-509
-607
-597
-1111
372
-1257
913
-6
30
489
764
-788
-908
-615
-349
-844
845
1193
-787
-364
1732
-514
669
91
385
-307
504
738
-992
260
-806
-323
-58
1315
-526
390
978
-84
-552
606
-263
466
-759
-653
-260
1529
-380
2154
26
366
-96
-130
-486
-551
1449
-158
904
284
517
833
420
-359
805
262
853
785
-385
-286
555
-1291
580
-761
675
749
169
-1161
650
-869
-689
-730
-1225
135
1295
540
-121
-278
925
-192
-49
-1874
220
232
-419
137
-1791
-653
-503
547
-417
-512
-457
-1117
-858
42
-1174
415
-858
451
305
810
88
774
1212
419
751
-89
-448
256
425
452
-21
621
-27
14
36
-455
251
980
-289
-121
308
307
-846
-539
-758
1543
998
-613
-654
-321
1844
592
-22
-166
-351
167
451
42
-321
-478
-185
-369
444
-1041
-281
24
337
-563
-974
777
892
-305
-520
-308
-250
-1273
485
-42
-584
51
-805
428
-148
-669
939
-335
1809
1344
-954
-34
-713
232
-482
208
167
-520
388
969
881
461
339
364
482
42
79
559
-41
385
121
-1168
609
-421
43
-441
-1306
882
267
-1442
-606
-993
-411
-249
-36
-115
-545
-924
-1962
-85
-137
-632
-772
-173
541
56
-143
-1101
760
357
258
452
-48
-141
64
211
-334
527
1415
502
778
526
-467
-107
-657
-787
335
-1278
590
-926
12
58
-839
417
314
-275
-1210
-1041
-1555
-291
-184
660
-290
-763
-698
979
445
939
-612
-55
-15
275
119
350
188
1198
334
-273
356
474
-349
277
811
221
-490
256
522
-743
-208
-764
-96
196
-616
300
777
118
-558
21
245
1316
643
163
-697
1157
-538
575
-1111
-1343
-212
-320
-494
1196
856
-527
-128
-249
637
-105
-472
432
1520
-1489
477
834
-5
-150
-526
-1116
218
54
-436
-544
455
60
248
-903
-661
-600
-231
-237
75
526
-327
-1078
660
-392
-607
-650
316
395
1206
310
202
-652
-552
197
-969
-805
549
1339
-658
-437
38
-334
-44
1257
-441
98
942
853
138
-548
533
-351
-28
26
526
49
-877
439
-193
-220
-714
-278
-752
236
783
691
-1121
220
-152
18
1376
1390
222
-612
1235
-963
774
50
238
861
-758
-280
402
-196
14
-792
-674
-46
1176
-2
-300
26
335
-673
-94
-186
-425
102
357
-462
592
-941
-301
-687
-517
-582
943
716
-187
-182
-691
-613
-1880
-34
-336
914
-311
214
-419
24
-758
-40
-573
449
923
230
1386
-271
224
-464
571
-211
349
-299
-281
-2003
-271
-248
-199
1055
-384
556
-457
-139
-121
-97
309
-208
-1032
997
-783
721
434
39
-833
812
-109
-855
253
-1342
185
-480
-639
301
164
-336
-1064
228
-223
247
413
361
391
23
310
805
-704
-1157
1396
-1027
394
-1059
835
-541
-180
147
125
437
1097
-140
-543
-653
-83
95
-423
94
-737
-189
1585
-617
3
1080
311
385
468
-90
-59
1053
111
255
-83
223
-1928
-431
791
-870
-1001
1001
223
-308
106
-531
195
-200
-728
638
-869
-168
-860
385
-1785
-705
670
-675
576
48
-731
-459
781
-273
-1307
539
306
975
-259
-358
-448
422
-543
-1005
-336
-460
-837
-53
-681
250
109
-1469
504
194
332
-205
348
-987
-428
-327
-151
-262
389
-488
-1149
295
-109
1063
132
1005
-510
-325
118
381
-1299
-862
223
1266
-918
836
1105
639
-111
-253
364
468
646
1231
-374
684
193
1579
275
-209
989
-991
-424
150
483
876
850
-217
373
303
-233
-921
-1
-1034
1324
115
1074
459
-405
-82
-844
-164
455
-1191
760
-372
-35
1105
154
252
-1561
300
222
503
382
352
606
174
-229
-358
-433
939
-1264
-556
-198
-27
758
458
753
-463
512
-1127
-115
-351
-92
-332
-74
-733
-409
-386
-159
255
37
656
813
449
-629
-207
-743
526
-704
-666
314
246
129
-998
-154
898
202
896
123
1160
-607
709
139
-715
-90
-32
-279
-492
-494
84
-318
-1000
-95
1396
-573
-463
-566
69
-252
799
-1396
-367
947
334
-615
-289
-920
382
-426
1067
278
150
-316
986
-1170
-325
-703
42
264
928
-1153
-469
218
46
471
410
89
220
-1025
15
-92
433
161
-414
-531
777
863
106
793
-90
-550
145
-480
684
610
-118
-60
795
-4
292
-562
-661
510
-834
-514
-735
-32
-316
-464
1319
684
-1303
243
-545
-535
-641
-630
924
-523
-649
-841
138
142
0
361
408
-1167
206
26
-589
-655
1054
610
-318
38
-593
572
-288
435
477
-2223
172
61
424
919
-307
670
-1493
-1127
-144
-806
12
729
156
243
-862
635
-512
610
694
-630
433
122
4
-475
345
-182
-769
612
173
-146
-1179
-377
191
628
770
-710
128
954
619
-587
109
-421
521
-98
33
-365
1059
130
-180
1972
-1357
561
542
486
134
-965
249
-468
476
460
190
92
105
1011
-707
674
276
135
-365
-381
-320
-189
-733
408
999
4
-1212
1236
-295
20
-492
-531
29
741
130
268
-142
-326
37
1130
-251
-148
185
1084
258
-551
-305
-712
-223
139
548
-942
286
-27
-38
-226
789
36
-507
276
222
-222
-455
-460
-263
112
67
-290
-523
-540
822
-224
614
-36
-12
-328
928
-420
761
480
-240
276
286
-261
-73
487
442
-366
-3
442
657
-857
-496
511
867
190
748
-864
-473
554
-568
-146
784
-202
-26
777
858
-736
714
214
279
-479
902
261
206
558
-18
283
-405
-70
807
463
136
-935
36
348
737
-427
-227
-37
304
374
-477
-731
-370
16
673
625
38
824
-198
785
36
981
680
896
128
371
-20
-17
-400
906
705
-1077
-406
-338
309
1478
315
-241
862
-716
-884
402
770
-550
449
1129
-372
158
326
-83
100
499
-1232
842
-882
214
769
-707
542
-933
-224
51
445
238
19
236
280
-589
256
-676
238
190
1512
369
-58
164
501
851
562
356
-905
-44
-525
-354
-143
-1226
898
657
-79
35
101
-626
199
832
595
-1105
-57
-20
-1393
-161
-116
-189
-420
-1682
1133
-230
1385
684
122
531
541
-166
663
-602
304
871
-87
352
1720
550
-62
233
1244
1075
326
925
256
-610
1295
953
-520
111
356
857
-179
453
373
64
522
-200
-760
-893
-1
722
-237
-335
-909
669
-716
692
591
-452
-91
-800
-530
-101
1231
-39
169
430
637
-475
256
379
-1227
-831
844
14
-292
192
310
229
-488
90
155
-347
49
-338
724
1089
294
882
1281
784
-288
618
-236
214
924
-235
545
-817
-142
-335
-907
960
-550
-958
-55
-173
-39
473
569
446
-388
-192
237
653
1158
1340
-498
966
-274
401
31
-173
-839
24
-724
-536
413
-301
-313
210
106
178
-393
145
-150
752
-990
637
-332
217
137
-1149
488
-708
191
-282
-1623
-290
-1326
-482
1013
441
-670
415
477
-1402
742
595
210
-911
-1074
904
44
430
747
-625
-467
159
-183
-14
-593
310
-701
326
-644
-243
72
-352
-367
261
-920
-406
-75
-423
-399
265
-260
-464
453
-390
91
524
-438
-105
272
-934
-479
-195
-8
-321
-660
-737
304
-88
413
-102
290
61
-378
-548
140
434
496
599
167
-149
356
-1272
-489
-259
929
-32
812
564
913
-167
62
-635
-847
-222
-365
-300
-232
-793
1105
-246
38
1133
-596
-493
-454
153
-1009
199
113
-593
286
511
991
653
7
157
-1246
-566
-259
-975
-293
-919
-605
145
-629
-399
-182
298
-235
-687
308
113
324
204
575
-289
-1616
-145
-1913
259
181
-1004
-701
653
1365
-891
-1228
-96
-1854
802
-313
-275
422
-1148
516
762
-371
-1311
-1062
-608
-397
674
410
-474
450
790
-199
-104
618
-684
-206
549
114
738
891
547
51
-507
453
-215
-307
-942
51
1644
213
390
-42
-893
241
1664
869
856
-71
486
496
-924
576
571
384
57
716
-448
-187
-7
-122
-676
848
390
-291
-1068
-743
191
551
-659
-520
654
-758
-1090
348
185
-206
203
865
1096
959
-67
420
89
560
-510
-111
-1000
-33
-1471
-220
363
-712
-63
185
12
285
565
-811
1005
-966
-8
-575
-404
446
-486
-280
733
-806
189
-129
-42
-371
363
-344
424
694
-989
-996
734
-162
24
1220
543
-31
-336
38
188
-237
21
155
-866
-1362
674
-779
-1123
760
-644
570
835
-219
528
1152
255
-97
890
-54
-854
-1165
-800
-338
-1357
-316
-716
441
1191
614
985
-205
-109
212
206
-182
-14
27
-1213
208
-396
-250
1014
-771
-756
-545
322
1007
861
406
416
23
154
258
-913
-1552
526
-366
-314
1023
-393
1248
1237
365
-660
-284
7
-931
-530
-7
219
-251
-66
-554
-792
582
590
23
-426
106
-436
-32
647
583
-237
189
403
1011
-914
-381
1252
618
1280
149
-57
-46
-593
-1870
454
-977
741
341
198
-673
537
612
1170
775
620
-130
-184
-686
1201
-162
431
-1253
1357
-228
426
-374
-1180
239
-761
-109
-64
519
-630
-237
-103
81
-608
-246
-1239
-350
-160
612
293
-111
481
-469
-14
161
586
-957
-18
105
1398
-114
975
1623
522
134
201
-527
-378
-454
-741
704
163
476
14
918
985
7
-907
-242
1145
-274
-693
514
196
1225
832
151
347
469
1892
-767
449
397
577
-379
7
-185
-1001
285
-447
381
-580
-493
505
-1204
-718
-496
-2
378
876
-226
-37
95
-636
140
279
-902
263
-1455
832
428
-676
437
220
394
-23
32
-293
62
982
-432
-255
1113
1491
-182
-654
-522
120
1136
754
-492
230
507
-828
-807
-829
137
-389
323
1203
-557
-117
678
-763
-605
1295
-428
-141
-245
181
57
-47
677
-258
-375
46
-1050
59
438
-245
293
49
240
-192
760
367
-697
-128
-417
-172
1489
483
733
471
255
137
-1023
59
492
273
-1543
330
-239
767
648
-372
810
325
-835
613
88
-1687
560
-165
-73
-82
-355
-757
-1654
1263
-1126
334
695
-600
-163
-516
576
601
-721
-1102
1006
-1236
-74
417
-567
93
-166
183
165
-647
554
-32
-504
-1052
-11
-204
650
547
421
763
-619
233
-178
92
987
332
-900
32
-137
-21
351
-631
-862
129
507
-164
-866
444
451
644
-85
-183
8
668
984
661
-205
343
-554
-711
-573
860
-348
-899
815
432
674
-165
-669
314
-42
-145
711
-598
95
-368
-42
123
1116
1077
-1454
-186
254
-209
-65
547
146
758
-1308
810
120
-639
45
7
-463
-1121
1469
-127
350
1354
-35
-1444
296
-406
640
-1339
-772
-381
349
-837
100
278
-663
125
262
215
-305
-336
757
206
370
-408
249
338
309
566
-105
-13
63
635
1151
-3
-227
-241
-726
-413
-179
360
698
-178
-88
-1651
-91
96
1262
-261
376
-1056
149
-872
74
-375
186
409
-832
-781
-176
-481
-646
-387
-1024
-1026
-254
-1523
728
-880
17
-360
138
-590
-66
169
821
-533
-923
1359
1041
-334
117
564
-145
89
420
-328
1125
-318
550
602
-847
334
-146
-438
-585
182
122
-991
1563
-1
-1130
-1228
-360
1723
-530
-298
-1544
-416
-129
193
6
532
393
369
426
899
-957
-559
-610
-561
-2529
874
-668
-491
-1128
485
-67
600
457
-245
94
-521
-154
-399
577
217
162
63
91
712
394
-102
123
350
377
1049
52
88
-254
-371
-53
-443
16
-1113
218
-386
133
392
-80
63
474
213
-496
1087
1209
-376
510
-563
-288
-14
703
-1119
115
-503
-584
148
-941
615
19
-371
-253
-246
-212
1096
161
-990
312
1214
-525
-334
-940
752
-336
1467
-18
-394
-622
-621
507
237
1514
-1241
774
-1353
-121
-488
-865
-81
-268
-765
499
-775
472
702
392
-506
1792
532
184
-683
-639
499
-593
-1400
137
885
603
1980
-71
-787
-385
1006
-159
707
-878
-337
-127
76
778
-253
-720
-259
487
-1032
1353
-104
-578
-125
-177
114
90
731
1117
244
-1104
-363
-1450
-775
951
1802
52
-958
459
1037
-1427
162
-1266
470
-53
488
-217
-1020
-388
353
-458
-480
1061
171
561
440
544
421
-178
-583
-394
940
-410
-568
-1011
913
644
-276
-237
1014
936
-519
-1432
-910
-1295
-18
-366
-261
784
-810
33
-915
211
892
-164
-894
-690
-13
-651
339
920
1076
432
-479
-148
-1099
1037
-13
332
-291
-240
-1186
329
311
-978
-738
274
79
-300
-330
461
724
-562
1119
300
-102
627
-688
-107
692
-993
-8
811
1179
1044
1178
124
723
-237
353
257
288
146
557
1838
-1745
-537
328
-698
-206
463
817
612
-929
410
263
-1705
-529
-432
-679
1399
1706
-584
-27
310
1249
506
231
1657
104
66
1278
263
234
-674
162
90
507
467
-558
830
576
-176
-256
158
-861
812
224
340
66
204
1649
-578
387
17
-235
-41
634
-579
807
543
-50
466
-371
701
776
-645
-163
86
-427
804
560
336
-310
-145
-601
-216
-295
943
151
70
1423
571
404
391
-1139
550
934
-120
-192
-873
83
769
-673
96
466
-327
-271
4
362
517
1050
238
5
-21
1046
-637
-9
-1057
-720
143
-392
-360
8
898
1244
843
55
-981
285
685
-85
182
-304
847
8
-289
-38
-369
-683
-1901
585
1750
326
57
576
17
-661
-1173
321
940
358
-553
-212
264
-640
792
456
286
450
397
300
429
-530
150
833
-388
779
-650
1552
226
-736
-524
885
-97
847
716
-750
374
-553
58
637
-1106
-493
192
243
-378
-134
57
-975
-271
1348
-618
-897
-980
107
-837
-513
1373
752
183
805
347
232
-1839
-143
-387
-285
539
-525
-545
-117
372
178
-399
324
136
-66
241
325
285
282
-379
-215
-396
-931
459
629
296
501
-195
582
237
706
248
-962
299
544
142
780
-973
-1095
-941
891
-168
-358
-233
-784
1682
497
-696
895
-380
1854
483
638
131
-1069
555
-501
649
-293
-580
-614
-270
-1367
224
206
-209
-165
697
-426
316
-351
966
-410
564
529
1009
1520
-953
-543
1016
966
3
429
-236
-29
-779
72
-1769
-1963
236
-4
318
461
-1051
-368
-513
-245
-65
355
171
240
532
145
-351
-698
-51
601
636
-490
-174
-436
-60
-374
259
-836
-476
-27
453
458
-1
651
731
-1431
-554
1347
-96
-38
-397
-585
-778
56
1337
-165
-106
863
-1092
-1172
-723
1313
-1548
-497
248
353
-335
-316
-244
-802
-898
-698
-171
318
421
1251
1638
-904
-306
-713
-398
216
-837
-119
-280
-951
-430
-172
296
475
1292
1883
12
-110
-909
-125
7
198
96
136
-788
-293
328
-104
436
-1039
-318
884
-1046
628
-65
523
-44
87
-164
-443
-627
-1316
733
283
432
102
-64
121
-21
-479
-277
-1347
-372
266
174
871
378
426
815
6
425
-28
-880
-222
-809
415
-16
-569
-777
-787
-898
89
1022
542
286
188
191
441
-337
740
-1307
577
-1402
133
55
-1836
134
-951
-173
-286
-152
-244
376
-276
-378
595
92
117
-697
-633
-408
-583
358
-1151
-76
679
-299
-1158
1591
-152
202
30
602
-1205
776
5
1111
174
502
-238
-294
691
88
-13
573
-1337
-593
1353
-1119
105
1358
415
-80
226
-123
159
-896
1071
-214
19
-960
617
322
-23
-641
-546
1312
-43
620
45
-851
32
-40
-887
-633
-402
-458
-373
-133
-84
-613
-77
578
356
-957
-1019
-447
99
-751
-534
24
1275
-282
-519
-180
-1238
-703
287
-410
658
-322
-784
-17
737
373
-1393
45
-590
-350
33
35
-531
281
-1090
796
-326
-60
55
-559
-1098
-1331
848
-263
-201
171
-170
449
-458
321
127
1113
660
718
638
1256
-702
-1003
-57
333
-122
-501
-549
99
-471
-203
-425
-739
-222
167
-338
-667
-192
-37
-121
-810
-219
795
-30
-997
689
-207
231
-6
-379
1236
-1437
792
485
108
102
564
835
260
1225
-239
135
201
-27
-71
-377
-232
-558
217
-161
-665
425
12
-526
-1118
-864
-740
-1134
1196
134
-275
247
301
-37
322
-651
-183
-187
-788
529
-64
161
460
-199
-11
-476
-939
285
-1042
-245
738
610
-862
1247
42
1459
662
66
690
355
-1
-1139
-773
899
789
-993
222
87
311
451
-837
-460
614
158
261
-1275
-1414
391
-34
860
1209
-125
276
-317
298
-50
-459
1198
518
-738
-806
-159
534
-495
-491
-365
510
62
305
366
207
301
-528
431
266
-408
325
-359
304
797
-525
-72
330
-804
1237
-1794
199
-314
661
-382
-972
-248
524
986
728
870
1014
373
-44
336
445
537
665
1509
884
539
1033
1080
526
-1444
863
154
2
603
410
-454
-448
350
-986
524
855
-1218
561
-559
-1126
139
110
183
787
532
-950
527
-11
-1195
-247
169
-101
141
-1014
978
749
831
-45
330
158
-349
-816
58
764
-1002
-235
-580
522
782
-742
213
915
-321
-982
-246
-779
479
44
-1148
1552
-809
23
59
-1341
-53
1789
-183
-525
971
-142
118
-1205
340
1022
167
126
483
-635
318
-445
793
-522
-654
-1032
-576
-197
521
517
180
-977
135
257
-561
-208
-511
763
-106
-3
1124
331
859
343
-292
-1227
280
317
-894
-1388
-301
73
72
-98
19
-463
277
-733
934
-729
32
536
-836
66
712
-312
562
-793
96
874
583
163
-525
-441
-1006
-317
461
230
1081
-142
401
901
1166
969
-874
636
626
-654
-75
74
-598
-771
-341
409
84
349
-369
1067
787
-1242
-141
-693
-807
-778
384
-504
-150
627
-564
259
-630
1105
-1775
463
-802
-427
110
-1046
348
436
527
1257
-749
231
-492
952
-21
-634
859
-504
314
649
1715
1121
-315
-319
688
-636
1019
-1056
-214
720
-82
-673
-896
-58
-751
2457
1046
132
976
-661
-635
528
-24
-898
-1487
-675
-380
253
-196
521
992
-1197
-803
517
589
24
-58
116
-587
-230
545
455
172
203
-207
-391
1037
-1043
-421
429
-684
767
-901
578
370
907
-628
573
-1065
-503
-340
-291
-473
-1101
294
470
-140
-451
-1119
-159
644
339
-745
-617
-160
529
963
533
-135
338
920
-620
-542
-1384
35
1436
-856
-328
187
-119
826
335
14
792
327
-293
598
958
255
-30
-600
280
-162
-286
-967
174
-304
1223
-703
363
494
-293
-34
615
-135
-150
1317
1398
843
-196
-1020
1149
-582
-58
-593
-844
-58
927
542
-479
313
-1289
-743
-677
-435
-236
-309
-1003
662
652
803
699
879
291
-646
316
2199
120
-345
-151
-233
157
332
-1187
-618
-427
-114
-468
-595
-38
314
-1036
197
-544
-560
392
669
588
590
-1159
745
-495
405
488
-134
-153
-192
379
404
715
748
701
-604
448
38
393
684
957
736
787
431
-194
556
-432
513
-1313
-261
-123
-41
-288
547
1319
-22
141
226
-447
-1476
38
-72
229
-421
935
-1129
170
8
613
862
99
-534
579
1822
-619
-723
977
370
-540
-193
-94
1023
-395
-885
44
703
112
364
74
-576
1462
-1252
-935
-186
-744
787
-154
-106
-394
313
216
116
1500
-220
920
205
995
910
-87
-397
-1382
-1035
-13
4
-1242
-696
538
730
465
-1715
-765
-712
594
423
604
429
-139
-535
877
1581
-1241
-559
-105
-484
-592
125
-779
569
-49
1285
67
655
622
215
196
378
771
414
-580
-626
201
170
488
155
-1325
264
-399
-651
759
331
458
-80
-404
-60
489
-1903
405
-511
106
-809
568
7
-1102
910
314
1295
-587
1643
-12
613
-31
-300
785
171
-1383
-1013
-870
-311
121
-673
-921
-343
594
553
152
95
-236
-78
-233
-114
-126
0
-505
-63
-492
-309
705
-132
784
276
611
-1581
-905
368
-196
-124
-111
-282
823
83
-426
-112
512
-260
580
906
-862
150
-1388
887
680
758
-123
-378
-513
-909
220
184
-69
140
-156
-587
320
-842
-1155
-286
-410
-320
359
245
869
618
37
61
352
-821
0
662
282
686
709
1800
687
8
681
294
-158
901
-1117
-550
-107
-835
434
508
-1211
155
937
837
1
-370
-201
179
967
677
523
-465
-706
1298
912
-441
-1162
170
249
-18
221
-819
-469
-726
-1220
234
199
657
-913
-465
-555
-73
-140
518
243
-788
-483
-188
885
666
728
148
220
-1252
283
618
-487
415
30
193
272
856
264
-183
687
209
-90
-294
649
-1152
-123
893
-2394
110
165
-411
255
-39
531
707
-212
373
133
529
35
-240
682
-317
284
497
-271
672
-193
-331
317
-733
-414
-523
-159
477
1027
264
13
-548
308
535
-179
849
-870
-930
-1098
172
-555
527
-29
-572
475
1628
-763
-103
-98
288
186
1815
-611
1125
882
-168
-428
-224
-384
-1570
-512
418
33
476
-101
-123
-182
-672
437
198
-308
-739
349
-238
1195
-1013
-242
784
-1482
-484
-171
-817
249
-117
91
-249
422
-1212
689
1207
169
236
-382
-639
-409
246
989
-118
572
-1091
513
-105
813
276
619
164
177
-234
281
-488
616
-811
-655
-1446
864
-581
1019
99
-834
448
-625
-310
-613
-1067
-70
-310
-330
107
-1178
-594
773
-928
867
-322
-149
-1199
3
136
833
-695
-298
-1414
-578
-450
242
-857
173
645
1124
437
-81
552
-600
-604
550
267
-174
1165
-30
514
-683
-633
654
63
-1223
-641
-721
442
-659
-198
-565
859
398
529
-264
-885
264
-477
-378
213
12
-293
539
744
321
387
-290
-1295
-183
811
-1250
-218
957
608
-125
-173
-486
-1106
-886
1104
-359
-139
-505
111
686
991
-1991
151
-214
-364
-470
690
-495
827
-928
337
371
223
847
-398
36
734
187
-792
550
214
526
193
-2144
35
915
-319
498
-508
-1116
-7
289
-83
-574
-1209
-312
-341
-1088
988
-506
-150
188
-889
-702
318
761
-1026
261
492
24
-69
-81
915
614
1043
-33
501
486
356
1155
-208
-1318
-1078
-854
156
740
259
1001
-106
201
-404
-964
-556
-80
293
-488
889
714
213
399
446
-869
196
-385
-34
-622
283
753
-498
1794
369
-726
158
-523
181
-613
183
218
-636
351
-574
344
-1502
1041
219
1495
-898
1130
299
-12
659
813
111
92
308
804
-460
852
23
-130
-1224
-1467
1133
-1628
208
175
362
468
611
73
-106
1027
335
808
356
-598
-304
1660
55
-489
-922
964
135
1017
-439
-355
-544
835
-90
550
-667
-581
-229
-4
-849
-148
7
553
-408
-282
334
620
1590
342
-1201
520
-566
-186
926
614
565
-21
605
-471
-793
601
-1350
-863
-73
-402
-1556
655
423
1605
615
92
233
880
231
471
74
-245
-356
703
16
64
187
-415
-216
830
-67
437
-302
-1105
244
-399
152
814
118
-896
-849
-339
627
746
596
-145
-824
-266
-98
70
141
-917
118
-526
219
-1010
-104
96
101
42
1039
63
-202
1048
1011
-325
-247
-291
496
266
-456
-204
-230
232
-61
122
-628
1296
-52
446
-14
573
271
-734
365
365
57
935
1103
-191
-79
-615
-962
231
479
-85
77
546
-748
665
841
-97
35
-4
-447
-469
524
-210
-813
714
1226
1168
416
-232
473
365
-231
-355
814
649
1106
711
-47
-1124
271
723
-471
-957
-1100
-281
-766
-461
320
-525
-497
149
-273
865
-271
-684
-799
-380
-608
60
254
1582
-539
411
1337
-321
153
250
996
833
197
-528
731
-290
242
153
1148
-444
1114
-467
-70
-1189
-823
-281
-76
-1099
-33
68
-1568
778
401
-881
-563
-298
-1122
-394
-733
-331
-268
875
-483
-549
352
500
-703
944
249
4
-378
-846
1029
-160
135
654
-584
-1055
-192
864
901
-685
309
-989
979
1156
780
-245
291
-145
44
657
-58
-1088
993
384
-597
-262
768
-296
449
-544
615
-1498
-563
-932
153
329
-496
1268
-537
645
479
-335
779
-57
-128
-353
346
-501
152
-881
-404
182
946
47
-587
1110
290
694
437
-323
-74
1091
1620
717
906
400
767
544
-1248
1553
-486
95
562
254
841
-288
-169
-324
851
-1966
-696
329
-35
-857
878
616
-830
-461
-651
372
-1160
1260
-803
-615
-702
-321
-906
542
632
394
-760
106
101
20
27
-314
267
1140
-1888
-826
-87
-303
-138
412
414
437
-726
-570
436
-527
297
-671
575
-695
1338
145
-264
231
-860
270
305
-627
-700
-216
1285
860
686
-606
-384
-895
-620
377
-785
-313
139
-365
520
577
1001
149
293
190
-188
-401
-537
381
851
1341
684
-1000
671
506
-872
421
-1111
-149
1523
411
-214
721
166
-776
-105
416
-2690
-223
75
-805
918
-179
471
-78
311
-778
-44
-83
-576
-722
338
-874
424
-1356
891
-361
336
-473
467
737
-1096
1290
1755
43
22
355
355
131
253
-717
-337
-572
-373
-765
-770
1262
-695
417
786
-445
-723
-158
278
-503
-24
-531
-694
362
330
-90
-919
-1706
-765
102
-525
-1135
-265
-1311
-269
150
-407
112
-423
368
49
561
413
-999
-939
909
-354
834
-11
-1360
-798
798
1247
-712
717
589
301
1123
-575
661
722
-574
-1145
-781
-736
201
298
-346
-249
-644
349
860
265
-276
-683
92
193
-1024
-864
-1119
-163
-1128
-35
-1538
-700
549
-261
-260
189
8
-733
113
-225
-260
171
1213
-417
37
-443
-822
486
-401
-1304
213
248
-135
-522
-339
-854
1272
-575
-145
96
947
76
411
-108
-563
261
-1065
-127
1404
-289
-432
5
-102
485
407
557
-100
4
-1032
95
-1395
460
-276
704
-8
-184
812
38
-855
245
683
-530
247
-1006
205
-1242
-282
-491
264
-362
192
-34
191
-1115
495
150
480
303
225
-200
-588
11
-243
-1475
20
-69
614
868
492
-88
532
28
86
-94
-435
355
603
1437
483
-250
-531
-201
357
-610
200
226
566
-1134
-490
-256
-895
-615
-495
225
-1621
1215
11
68
1713
114
782
1518
602
-925
-770
360
44
103
-611
128
-300
375
-330
630
115
-582
-518
-53
-566
-1012
777
760
147
747
221
511
-543
-327
1036
45
-174
320
-909
-347
425
-800
-56
421
586
252
-455
1199
941
-507
700
402
580
77
-77
-807
413
-224
384
47
-894
-1011
179
-182
-821
242
1097
646
-362
1472
-433
-1168
130
-63
-8
742
-917
676
513
-853
-472
-1453
-406
-659
592
260
401
278
-789
414
-297
-52
-1389
-374
-277
-676
585
506
-747
-147
-1953
1284
-126
512
663
201
-121
-547
79
-528
-898
1258
881
-174
-592
469
383
276
-72
-159
-61
-15
65
58
-1392
603
1648
-399
536
486
1003
-827
356
-907
-140
-434
260
444
266
-501
737
-306
-1398
524
-201
-877
-632
1022
1216
361
287
-544
-440
-311
65
120
-386
-973
1321
-442
364
-80
180
695
685
1160
-1245
584
496
924
-285
-359
711
-110
-258
-7
-2206
-575
1619
3
-1444
-445
-893
-608
-30
-936
-461
-596
-420
-1106
420
566
-436
-558
589
-217
491
1257
595
815
-142
-343
-753
593
-1280
-976
434
-459
-79
242
-222
-252
-47
648
94
350
573
-646
81
-995
545
-746
408
535
268
96
549
-954
-497
-807
1453
-688
505
648
-254
-324
-726
592
-469
59
67
430
718
-71
1238
414
41
-55
610
756
-667
-555
258
340
887
-365
-77
1199
566
329
206
-245
839
-548
-747
359
224
483
1170
-937
-675
-1069
-521
-71
716
-587
-338
-706
-1266
-738
-423
-827
-454
-432
-1091
-379
453
-677
483
465
1783
-94
1049
-599
777
614
-611
166
111
1621
-722
1123
876
-483
-432
168
-181
-345
-412
671
402
-501
451
283
-388
169
-237
150
932
381
-1255
306
-1113
1015
6
-796
1725
-871
573
-1012
-1230
364
205
-473
836
1008
-656
-1052
-1126
-126
586
1059
717
215
-591
704
632
792
-635
701
-464
247
-684
-627
26
-337
-109
1041
427
-743
-186
654
-245
-457
21
-672
200
799
957
-194
381
-438
-64
1007
959
597
529
543
-600
257
-197
712
-1038
548
-929
-281
-1507
-102
-1179
604
87
454
-817
252
-116
-24
190
536
1592
-92
13
393
-79
-404
1237
747
787
-368
-58
-302
695
1531
-87
454
532
-364
-431
739
1049
-549
-609
463
198
392
25
657
527
-343
-358
-620
-570
-330
-1298
-198
-271
-44
-149
321
230
837
157
306
-337
-451
-92
-182
12
195
488
380
21
27
-571
-1042
-234
-515
-806
-2046
95
-678
-654
-1362
-694
-38
-1043
-147
-601
278
-408
296
9
-398
-1174
1032
377
219
33
-432
452
-188
237
92
182
214
468
153
691
-42
-41
-857
-702
317
1290
-145
-386
-874
-411
95
69
925
593
-1633
797
-1501
-210
-455
-1878
-613
787
-1143
-192
-193
469
-262
-437
179
-220
-439
-222
-569
-150
363
1123
-174
-496
401
342
556
-631
-432
-9
974
-56
359
-292
-165
-1284
1342
93
-966
-65
279
758
-588
59
-75
243
-763
637
9
322
34
-126
-1445
7
-574
-351
415
746
-1371
1241
-161
-741
1325
513
444
385
-1003
-466
588
-1027
596
-233
-926
-529
-583
-686
-917
344
-612
-611
652
382
-104
-745
2658
44
61
-14
-255
185
-383
534
-138
1224
-169
-372
1006
-525
611
1011
-601
-639
12
-332
291
828
74
-374
-806
327
523
234
537
320
-908
-489
-332
377
767
-774
-329
-654
-32
129
960
789
343
315
-392
675
660
1299
871
289
173
-279
191
-865
-373
-438
-787
-1236
-1073
-341
-464
176
-95
-672
451
344
93
-86
423
-664
198
1064
75
-1596
-499
-957
151
-395
398
1526
-557
157
-48
974
80
-554
-247
-1202
-621
-106
343
-1029
114
832
-205
-776
1522
-896
1094
135
-47
779
24
1845
-642
-984
257
-1103
987
673
-1512
437
289
-686
-185
-421
-134
-377
364
-270
626
-986
829
461
280
63
-409
-690
-499
-399
-147
840
-168
670
537
96
249
176
-317
4
1442
-372
-816
107
-1510
-219
540
-245
-770
-552
-19
277
-1069
601
-99
-410
-1333
-919
-1721
-414
231
372
-235
-294
256
379
1143
893
-140
-761
1423
-811
-796
-359
576
443
-680
442
803
119
610
1130
197
482
-975
664
1181
-1160
-794
-176
321
304
263
609
357
-773
-442
414
-142
-678
-514
-577
463
555
371
755
502
921
344
-306
374
421
245
1397
355
-72
172
-139
-220
-78
278
715
-336
-540
-164
-100
474
1546
101
-71
1
-569
-384
269
1122
-926
-321
-159
134
763
3
-1177
8
826
-102
1496
-166
-1163
-372
1750
915
909
595
-47
-938
238
391
871
-513
-1514
-1021
574
395
1382
231
-52
-279
0
-260
-158
166
-62
1928
224
30
251
-697
-726
-788
-99
778
-386
204
-567
411
-251
-632
917
546
32
-1186
-330
-235
-1053
413
-722
-1236
654
-477
816
275
996
-1136
-124
327
589
-269
-417
-892
-1441
1123
886
-533
-150
347
-631
74
1186
1178
-638
105
-948
811
475
342
275
904
945
1104
231
-1400
128
305
273
-362
787
-1339
-254
553
1703
32
2149
930
1364
-261
-8
659
-212
-1934
-916
35
691
-3
461
-257
-498
850
164
-537
938
-794
-1289
559
-246
-105
-146
-82
-361
-1316
-120
-886
-965
-463
-664
295
-1325
345
-123
927
606
-860
199
-50
-459
426
1003
838
235
-155
-855
1360
472
124
-28
-319
-360
985
412
-527
-331
-149
576
1119
813
-1085
-362
-16
672
25
-579
143
577
400
576
-475
-518
-291
403
1185
1636
-1045
402
-194
-453
769
-150
-778
-879
-483
172
-343
-975
772
-848
1140
854
-1038
337
-94
-459
-341
-88
-1391
-347
556
950
727
-1678
208
33
313
458
-271
383
-331
15
-149
683
922
-984
17
377
-340
-101
862
38
497
-111
102
796
-198
-1016
164
872
202
309
703
-263
88
1156
-41
199
1203
-294
840
312
717
107
409
65
-16
340
314
-203
-1044
-377
170
642
-431
26
1536
228
444
932
180
933
-315
-1181
909
139
-26
-1219
-722
-517
-1458
822
812
-148
-160
740
-1623
-1246
-277
-291
539
136
-141
-316
-723
277
-575
425
-1135
92
-296
-226
942
1285
-78
944
-469
-289
-219
-619
689
227
78
-186
871
-1082
-593
1081
224
568
298
21
-168
905
-805
-148
-328
153
-989
333
498
-393
728
183
107
-579
-573
357
381
161
-1590
765
-56
332
263
493
-80
362
414
-1125
29
-933
-623
-66
31
-142
-150
-1437
-458
-4
-622
444
-4
221
64
-275
-529
-772
272
278
-84
-18
1424
-1090
-182
-285
-130
147
-504
-302
226
-414
-942
189
-285
-65
41
576
686
-869
-449
791
-734
872
808
-342
-1372
-648
-379
612
627
-558
401
-674
-495
-429
952
403
-74
-23
-505
700
720
-46
-26
-492
1158
1041
-558
140
578
-741
1394
-938
255
526
755
485
-902
522
-355
1072
1155
-454
-820
563
-1529
-66
936
725
-133
-1212
-122
673
-309
253
-614
-510
488
1252
129
-698
110
762
-346
619
-13
-1178
1387
-595
708
1689
54
983
400
192
409
-155
165
1315
743
-485
-370
-499
-739
340
-687
583
99
915
-183
682
5
-631
123
231
332
-475
-290
-346
63
-26
-1018
62
1738
-266
-283
408
764
802
-203
-579
626
709
-13
704
295
1145
818
308
974
-344
1416
470
570
-132
400
973
-750
-666
-726
-238
-616
-87
-222
1483
-555
465
-723
-667
352
-1206
-340
-517
-1150
389
-753
458
-1853
-1211
-300
-737
602
322
37
867
1474
1379
100
-290
-670
-286
-604
-69
-440
866
-584
281
938
-118
-395
29
-398
1963
-390
-1380
125
188
-334
167
1193
1371
-1060
-141
214
-396
-398
221
937
205
-254
-168
-771
911
701
-77
-364
-681
-718
317
-723
446
1465
377
472
330
453
-17
-509
-1498
-215
-815
291
112
321
427
657
435
10
39
1255
-865
-743
698
73
81
-356
147
407
65
914
-721
853
918
790
-41
-150
-1358
-150
-281
-372
1311
690
147
-579
-602
-456
-108
-54
-112
-359
152
-727
-1472
819
288
829
47
158
593
-221
514
-27
780
-708
-261
296
-175
-815
-999
339
1012
651
31
648
-1196
-624
-69
-875
-121
7
-74
-283
369
-303
296
-412
-985
1014
-392
-440
-75
-209
361
-456
-1226
635
-809
0
-826
225
617
131
175
-1054
83
148
1621
294
43
1405
620
438
-203
303
222
426
-890
149
608
922
-979
192
-396
570
604
488
134
571
559
-815
-1119
590
12
936
-1014
-420
-1255
-66
343
897
557
-930
382
-295
28
22
377
-1321
740
685
215
-293
1537
-706
652
-663
26
205
-597
-581
-254
-288
369
1100
816
539
-487
-132
1533
2008
-256
-743
-49
340
-1063
-322
-545
-491
309
-405
-86
492
660
-588
978
592
668
-80
421
-247
-409
-356
-415
-70
127
-843
326
-81
320
-43
334
-37
-414
-502
-119
-248
-1151
932
128
-1116
889
-1003
-848
-885
58
894
-1108
425
1376
-189
225
540
-259
61
109
-1805
-686
-397
937
901
206
-213
-1033
113
136
-757
110
464
521
1248
-13
-185
-355
1642
-842
-523
-55
-66
-243
310
146
551
-383
1417
1124
-196
-137
85
265
606
264
-1452
120
743
735
-346
76
-590
-322
51
276
74
319
-809
-913
-487
-814
-98
241
-422
237
139
-44
-261
1249
-246
-158
275
703
314
376
-153
-1082
676
-986
-536
208
9
-801
665
-317
434
404
572
286
121
575
-50
-8
-518
-219
247
718
384
450
-1402
-470
-615
58
-822
-105
-737
387
-419
-1979
1309
-441
-145
945
-295
473
-80
162
-1144
-203
-1071
-682
-359
-81
-390
719
-347
684
-1297
147
170
-1226
-523
-1063
505
826
-38
214
50
-383
-911
357
-1599
-506
854
-163
1152
-493
-802
612
-662
220
119
234
88
1087
-1434
570
-1264
803
-251
-479
-828
-279
-41
-456
420
-331
-361
454
718
-993
292
-135
-481
845
62
117
502
182
226
492
-985
398
342
372
-977
316
-1789
-733
1331
233
-851
515
-706
-381
-822
480
647
-942
600
-1180
89
412
348
-922
-188
1466
810
190
-602
318
-539
902
134
656
740
-899
1143
-714
-774
824
959
-732
1088
249
530
84
1140
-858
1361
170
-142
327
926
-1235
429
-669
299
-233
893
-243
574
-183
-412
-2276
-1080
688
188
734
-212
-260
-802
-1185
-100
216
781
-709
-678
-1099
621
-1114
28
224
973
329
1587
409
-119
105
620
-556
-1026
-496
-418
540
166
142
-840
-1255
265
-325
1814
-215
476
554
-683
-510
-1508
-435
-781
-329
-4
-566
-637
-1324
-250
-672
-251
510
617
936
-299
-926
879
179
699
-404
-278
141
431
-482
-413
-499
-396
1105
1017
-403
-161
2058
-433
-187
2
1131
2066
24
-120
-498
-1725
-458
134
701
-99
520
-445
1238
206
915
-35
176
431
-393
235
892
1076
714
462
-250
-135
74
1526
1401
-11
126
648
1187
686
-629
683
-2
-73
-1343
-167
466
474
-152
697
1458
648
-13
-186
-321
-909
-136
354
450
-444
396
-9
215
-427
-912
-224
-243
-235
290
-182
-952
-205
-1109
317
-908
-828
466
1131
-627
-25
-1094
529
-159
-48
1124
-801
-277
557
364
-26
755
1102
-278
-257
348
976
-1077
-464
-127
177
549
-1128
-191
-98
1676
-340
1750
890
15
-148
496
-22
-24
616
423
289
-995
630
289
97
-1293
721
1548
-253
-773
-1097
-254
1361
-848
823
-494
1350
300
382
717
653
1008
168
-697
1480
-498
-147
-249
-176
57
-267
-547
1037
981
431
556
621
-72
-779
124
591
-572
-299
634
253
-280
359
364
795
317
-259
388
195
-207
969
507
-99
-437
913
-503
117
42
498
-350
-73
-133
315
-1073
-1822
-876
59
-711
964
330
-177
-649
-807
1211
-555
-232
67
365
-550
-538
-496
-939
-603
911
-1135
340
184
314
-730
19
90
-111
505
-279
801
-528
-313
-891
-467
96
-531
214
-791
44
-1219
1018
850
-215
161
-479
426
-1196
333
-883
-35
131
622
-1132
-284
953
463
14
454
1510
289
71
820
-29
596
645
753
205
189
-730
-497
114
271
-956
225
417
34
19
-804
299
-138
210
1037
55
230
-256
-483
431
662
516
-593
-331
47
382
641
662
985
-113
-91
273
-739
-405
-204
-772
754
-118
868
-1058
626
-1388
-104
-474
305
353
219
1006
767
-669
-896
196
-633
-242
330
398
1580
25
-243
217
257
-733
285
443
74
236
-1456
-1457
-666
-534
-51
-114
-344
420
-264
-1222
-1036
-972
1117
-612
457
1545
290
-580
-200
1014
85
205
415
949
-578
93
-54
1731
6
46
-1194
-1094
55
-216
-700
-740
-1061
-268
186
-368
-386
434
35
-946
336
497
0
740
942
-517
-96
-800
-409
144
-576
-457
306
816
319
-98
1057
1066
-364
447
666
534
337
15
-393
-718
-180
8
686
-1076
-96
-527
88
-405
375
175
-384
-853
1525
378
-468
-284
-345
-1274
-661
737
495
721
419
1309
-475
-76
1030
197
-208
832
1637
-263
-1350
-20
914
169
-312
92
-1755
-43
348
-553
907
-315
-1374
48
710
-971
1360
906
343
638
137
255
1309
-83
-15
188
-309
624
-992
-511
-909
825
-971
290
426
628
284
-48
-279
-219
-407
-208
128
1563
1587
1300
468
-822
343
742
445
-858
-6
-819
955
-374
-291
401
14
-710
-662
-342
-286
-624
-140
-299
645
570
-128
715
-349
23
232
-83
148
-187
126
1070
-806
448
-1252
-314
-1528
-921
300
5
324
706
-624
-536
-598
-824
-57
-390
-504
1416
133
660
-492
1504
817
450
-187
-312
-49
958
227
-93
605
128
587
316
-115
-657
-778
-1363
-722
-1304
885
482
-718
384
-387
522
282
-1152
-190
1093
181
-634
402
122
-775
1295
1831
-423
1015
-1527
866
-738
-254
671
-459
-1002
304
-320
760
-356
-931
-1278
-303
-845
6
390
54
-321
611
-692
10
-322
-613
110
1351
-428
-193
54
883
634
759
188
443
-382
542
87
-297
819
-308
351
-741
-836
746
850
-1683
-1776
580
366
-609
1491
-812
-245
671
791
560
558
-1701
-4
-158
-459
-405
814
1163
-645
770
307
-1999
469
1348
96
264
-983
-1266
-622
194
526
-816
-504
-67
-274
450
189
1160
-958
-53
-190
151
436
-519
1016
-294
476
-40
-836
445
567
539
697
374
244
230
-340
1354
-1648
1827
-712
-257
878
-124
766
-214
1155
29
49
1437
-542
430
543
809
-891
-96
-574
-273
-549
-109
886
781
-53
46
1003
1425
436
811
633
-187
764
-735
247
-495
-215
203
1069
191
900
-36
622
551
-1188
-88
66
-678
860
968
-394
-714
-1215
-1122
-144
-839
-394
1484
487
-1353
449
-233
-827
783
-445
-150
-444
-533
-1566
-392
137
-227
-533
-523
452
-457
-230
309
-734
499
-1106
208
1244
340
848
-37
-422
-3
443
425
-489
