14 82 36
0 1
0 6
0 11
1 1
1 2
1 4
1 6
1 7
1 8
1 9
1 11
1 12
2 0
2 1
2 7
2 8
2 9
2 10
2 12
3 0
3 3
3 5
3 10
3 13
4 5
4 10
5 2
5 3
5 4
5 5
5 6
5 8
5 12
6 0
6 1
6 2
6 3
6 10
7 1
7 5
7 6
7 8
7 11
7 13
8 1
8 2
8 6
8 10
8 11
8 12
9 0
9 2
9 3
9 4
9 5
9 8
9 9
9 11
10 2
10 4
10 7
10 10
10 11
10 12
11 0
11 1
11 3
11 4
11 6
11 9
11 10
11 11
11 13
12 3
12 5
12 10
13 1
13 4
13 5
13 8
13 9
13 11
36
2
4
78
59
0
5
51
73
6
50
79
32
15
66
23
52
44
19
45
31
18
17
54
24
63
35
60
72
76
61
27
22
11
58
69
12
55
25
70
8
71
9
37
33
38
10
1
21
56
67
34
62
40
30
48
26
28
68
47
57
14
3
13
43
29
65
39
53
75
80
74
41
64
7
81
46
77
42
49
20
16
58
40
13
7
-10
-11
91
-16
-25
-12
18
3
-28
23
70
-23
-12
9
2
11
57
-3
-37
10
-51
25
30
-18
-10
82
-48
27
7
9
18
-2
39
47
38
35
-25
-3
-23
59
-35
5
-23
5
12
-11
42
-18
-24
14
9
5
-12
78
18
-77
-1
23
16
-6
-13
13
10
33
-38
-16
66
41
-32
-17
-24
-2
-1
33
15
17
-26
-2
84
37
17
5
26
-49
-13
-60
-33
-15
-29
98
-39
-22
29
-28
8
-6
-5
-20
-82
-16
28
82
-20
74
7
-22
13
36
42
6
-24
16
-29
-38
-23
-60
47
-2
29
31
6
3
29
27
-30
-13
9
-23
41
59
-7
28
65
-14
-43
44
-18
40
-6
-1
7
23
-26
46
-18
32
-33
16
-17
25
-34
8
4
76
3
-60
52
1
-5
9
-28
-12
13
-89
22
-1
-14
8
11
-7
-9
-53
18
-14
54
-51
-5
2
12
21
2
-15
-19
49
-36
7
-34
-67
-56
-7
38
-27
-23
25
21
-1
-6
-69
-10
74
-6
56
45
10
1
23
-22
4
-46
0
-9
1
-1
-66
12
1
-1
-10
7
-41
-28
26
-1
-24
-27
26
-10
46
56
-29
26
-34
-36
-106
-73
24
-15
-19
46
-30
-54
1
-36
-62
-20
19
-47
3
-10
-67
3
36
58
17
23
-79
-67
-25
-33
67
-76
-53
-15
35
26
-58
2
-34
15
75
-32
10
7
8
2
-15
-5
11
-3
10
24
10
28
-25
-24
29
13
-24
35
-18
76
14
-9
40
-10
-26
-12
-5
-14
10
9
-9
-26
-21
33
17
42
-66
90
-56
26
29
-6
27
8
1
-27
-14
-22
18
44
-72
76
-4
12
-35
30
-12
30
30
2
-1
-43
-18
-13
-35
4
29
32
36
38
-50
-63
5
-7
-23
-24
4
-42
-31
-34
-75
5
-43
23
24
13
-32
67
-29
12
23
-2
-27
64
32
27
29
0
-44
0
-20
-42
17
-16
-15
-2
29
-13
-11
-5
33
7
45
33
6
31
-2
-50
-45
-51
-34
5
-12
-77
13
3
3
-32
-18
16
-10
-27
0
20
30
-22
-15
8
71
0
33
-13
45
10
63
-31
-13
-4
-1
-2
-7
-25
-33
29
8
-20
-4
-64
5
-27
-2
-29
-32
37
-37
-27
63
38
26
-23
2
-26
3
13
25
16
-12
25
15
11
5
21
-11
51
-39
13
23
-41
-39
21
3
-15
30
-26
-59
17
-47
34
-80
-30
-20
62
35
-54
52
11
-6
8
-47
-47
11
-18
10
-14
-4
-81
25
-50
-21
8
12
-55
36
-5
-10
-9
-38
-96
-1
62
14
0
-79
13
7
-38
-33
38
-5
16
-39
82
12
15
-28
3
-58
-4
-61
7
-42
34
-30
-27
51
-34
-18
-16
75
-7
-52
59
20
-2
4
29
19
-1
33
-9
38
-19
-10
56
-25
33
-18
44
-3
13
-27
13
73
-13
-18
-35
-35
-26
-19
41
9
-52
59
-32
-36
-47
-3
-28
11
3
-25
-21
10
1
56
-45
53
-12
7
-41
-20
45
18
59
-7
-80
29
-27
-38
-44
-73
-34
-10
18
-17
-7
-47
-14
14
-18
-63
1
-1
-72
49
6
15
-24
-32
72
-20
2
-71
31
-39
29
-41
-6
6
2
33
40
54
-88
5
32
-13
-63
13
35
61
11
5
31
33
6
-31
-24
0
33
43
-54
-27
44
45
-5
-11
-12
-41
1
-89
21
25
-8
-34
-23
-35
-17
-37
-16
-8
-7
25
13
22
-2
50
-55
-33
-94
-22
-36
63
25
25
17
1
39
45
-17
22
-56
-20
-41
34
32
39
79
-2
-7
-58
1
-21
-7
32
22
-12
-47
8
43
82
-11
-52
22
-15
23
-65
-29
38
-32
35
62
-39
-43
-27
-19
6
-49
-35
-10
20
-2
67
10
-84
-61
39
-14
-2
17
-12
27
-41
29
-20
-13
-44
-48
-16
-29
62
-34
-46
-19
-49
24
9
23
-4
-25
-65
-19
20
-49
-37
-18
22
47
-55
-86
-4
20
-28
-22
-11
-86
33
6
37
11
6
-87
-18
27
-17
-68
30
-50
8
18
5
18
26
-69
-19
-56
1
27
11
-23
46
-1
-19
7
-14
44
-27
45
-18
-27
-42
-28
-77
-90
-5
-7
3
-59
11
55
5
39
21
0
-40
55
33
-2
-34
36
43
36
-44
-17
-39
3
70
-2
48
-3
-23
-24
-14
8
29
11
15
-39
53
13
-36
-28
-9
54
-16
37
-45
112
-4
11
1
-5
-78
4
23
49
-64
-19
36
-41
62
23
38
-76
66
11
14
-14
47
38
-46
78
29
30
9
8
-3
-29
30
14
-35
-18
-39
86
-8
-34
-31
7
50
-7
15
-9
14
21
-10
-11
-47
-41
-9
44
-67
21
-42
-32
6
-24
18
-24
-31
-5
13
4
-30
40
-34
39
35
60
-41
-10
-28
-40
-27
46
20
42
-6
-9
32
20
24
-4
0
46
-31
97
-43
-28
4
-10
-50
35
-30
31
-7
5
42
-40
-55
12
-46
-36
-26
16
7
28
46
-52
38
-9
-24
42
-51
-7
-42
-27
4
-38
21
8
-14
-8
53
-29
10
-8
-35
36
86
-36
-49
25
-41
-71
-37
-28
53
21
35
-4
5
4
-23
-27
-12
42
12
28
28
-77
25
-34
-2
76
-59
-24
67
-9
-10
26
-43
4
21
23
-15
21
2
-2
44
-5
-18
1
-6
36
-13
-46
4
47
-24
0
-59
-4
38
-4
-33
-17
-10
8
-28
-69
-13
-23
-30
-5
11
15
-12
16
-39
-11
-50
13
60
-36
12
26
38
-20
-20
6
-10
-4
16
56
-35
42
-16
-41
48
-36
22
3
-15
-39
28
-51
42
-14
-13
50
5
-10
-15
-19
-45
32
29
5
97
-12
-5
-49
-41
11
-18
4
-14
20
48
12
-16
15
-18
64
33
-44
-20
-74
40
25
-41
-2
16
7
-6
-26
8
5
24
20
29
-48
62
18
-4
24
-27
-18
-16
0
-29
-4
18
-33
-50
-57
-29
-41
16
-38
-33
-11
31
-17
-7
60
30
49
-18
20
-75
-17
6
-12
16
-1
25
3
83
-72
21
53
47
-33
42
-10
-2
-35
36
8
-78
38
-15
-4
-2
50
-47
-26
45
-41
-5
-13
-16
-17
10
62
-48
29
50
-68
-29
13
-28
13
51
17
-23
51
-71
5
5
-20
-106
52
-2
43
-5
-44
16
26
43
0
-51
-23
6
2
2
-50
39
-56
8
-34
5
1
-69
56
-8
18
42
22
-64
-23
8
32
18
63
7
27
27
4
10
-39
-34
-20
-12
4
-10
17
-25
26
5
-9
-28
-28
4
-38
-19
-45
-15
-53
59
-35
60
-12
-11
-2
-55
68
-6
-51
17
-41
42
-39
3
15
41
-36
6
-19
14
-30
-14
-35
-1
-5
-3
15
-4
-51
-2
-9
59
-31
-21
17
-18
17
47
-90
-57
19
46
-68
-71
-14
23
17
39
4
52
-11
-64
-3
14
-26
-61
1
33
-21
-10
75
-16
-25
-72
13
-34
-40
10
44
28
-2
15
-42
25
11
29
5
-8
23
32
48
-10
-35
-19
32
13
34
55
1
42
-3
-3
113
16
47
1
-44
26
69
3
-8
63
47
-17
-19
4
20
-67
-3
-69
28
-37
-5
-67
65
-18
4
32
3
7
-60
42
3
-50
37
-20
24
-16
55
7
12
26
-51
42
18
12
-38
-9
51
44
-2
30
21
11
-43
-44
-3
-9
30
20
-16
24
4
-68
4
-10
-25
2
43
-11
34
66
-6
-26
56
-5
25
1
29
22
11
40
44
-36
-16
39
-7
-32
-28
-46
51
-18
31
-5
56
3
-1
20
46
0
100
42
-56
-22
-23
26
9
-42
-18
15
2
21
27
-28
78
0
0
-30
15
0
5
122
11
48
20
41
16
29
9
-7
8
36
12
20
16
20
8
6
-50
2
-8
-20
33
50
-37
26
13
-13
-71
-64
21
-73
48
26
-82
-15
-23
26
-89
-62
1
-17
-49
-11
30
10
12
1
50
29
-24
21
23
-28
45
44
21
-1
-17
-23
18
33
56
-11
11
-39
-4
79
16
70
-39
17
5
-20
-5
-35
-24
-12
-27
52
-39
56
-67
-55
6
-5
-21
83
-21
-2
-29
12
-55
7
-32
77
-17
45
6
6
70
-19
65
53
47
-28
45
13
58
-24
0
-13
-75
-16
-30
7
50
50
10
2
-33
-32
79
44
-33
-53
23
28
-3
63
20
-4
28
-24
-25
40
-62
57
70
-6
28
55
-51
6
47
-27
-33
-23
-13
-15
13
10
19
-10
-32
-5
-39
-16
27
15
-77
-47
61
-2
-47
-79
0
63
-20
18
-22
12
20
5
83
10
6
-1
7
3
38
7
75
13
4
5
-27
14
47
11
-39
-28
-4
-6
1
5
-21
-21
18
-15
34
20
0
-7
-31
47
51
-68
19
-18
46
50
52
-57
3
5
17
-34
-88
-46
5
33
-19
61
-49
-1
-42
-26
-30
16
-76
9
-6
-1
-32
-99
-12
-75
9
-25
73
-32
24
16
-22
0
15
48
50
40
-32
-28
37
-7
-38
10
-28
2
-18
17
58
-43
-70
8
-7
-62
-69
-55
-28
-15
37
-33
40
31
-1
-48
18
-7
24
-12
7
5
-33
5
1
-66
-69
8
24
-2
38
-28
-32
39
36
4
-76
-7
-42
12
20
48
-70
22
50
-39
-36
-36
-11
10
-9
11
67
-22
90
-7
7
-46
-49
22
-31
19
8
12
0
26
-46
72
48
-37
17
-25
-11
-14
-10
-5
1
1
-60
-16
46
-37
-9
-7
-11
26
9
-18
-27
-9
-22
36
-17
-20
21
-18
35
60
-42
16
19
-26
32
98
-24
-12
47
37
-37
-62
59
-28
-41
-12
0
-5
32
-18
-26
-24
2
-58
-101
-39
16
9
-15
-22
-2
-4
40
26
11
-2
-27
-53
29
-25
46
-7
25
17
-62
2
-20
-52
-42
30
-61
-14
44
-28
-24
41
-5
22
59
14
-48
-28
7
-45
-33
-10
-9
12
-15
30
-28
-27
-40
30
31
-26
-36
27
0
-14
-109
0
43
62
-53
-65
-8
-6
50
15
34
11
23
-2
30
-83
-24
44
-14
-7
-76
67
48
70
-24
-53
27
11
14
17
-32
-7
37
46
45
-45
6
-26
23
-87
40
48
-37
-39
-7
-39
-4
-25
-44
-34
-48
-70
-37
-12
-26
-8
-34
46
-49
5
35
-12
-35
-40
30
27
32
21
36
13
4
6
-20
1
46
-31
38
3
55
-30
31
41
-45
-31
46
2
-9
-35
-46
-88
-16
-18
-29
88
-42
36
-13
12
86
39
-12
-51
83
43
41
-69
-68
-62
-6
11
55
2
36
37
-4
-44
-42
8
63
-74
-7
41
-30
18
-18
30
-14
-57
16
2
35
9
30
49
54
0
47
-14
-22
-81
2
-76
29
-55
-16
-3
-70
-23
18
-44
-15
31
-47
18
51
32
-44
53
-15
33
-40
-1
2
-40
-12
81
-9
-25
-2
-11
1
-36
-6
-56
-3
-70
70
12
-52
-18
-59
-33
-32
28
-33
-15
-71
27
2
-23
-70
51
9
36
23
-53
-43
-85
19
-26
-17
-27
-57
8
18
53
-56
-23
30
-55
-13
56
48
0
19
9
-7
47
-27
46
-13
-34
8
58
8
-51
-62
43
-1
-1
-33
-13
-31
-17
-58
-7
-10
-28
-26
46
-4
75
1
-22
-36
10
30
8
3
31
-31
-46
7
35
6
4
22
17
-13
41
-16
24
-42
26
-10
6
-19
21
14
-12
-39
25
-2
-3
-36
91
-44
-78
39
-12
26
10
28
-46
-21
-9
4
7
31
-43
-13
-26
-18
1
29
-31
-20
27
-4
-21
-29
59
8
-33
41
-20
-54
-29
-52
34
-31
-60
58
-7
40
-13
-11
60
22
36
7
20
-44
22
97
-5
33
-48
-41
49
43
-36
-12
0
-40
-41
67
-7
40
-22
27
-63
-52
-38
-32
-18
-19
27
27
23
0
1
26
1
4
50
2
44
-18
5
-12
-23
3
-4
-39
-2
-41
1
3
30
-41
-34
-22
-47
14
-16
17
5
1
41
-66
41
15
15
-14
34
16
-36
16
-15
-27
17
9
-30
-8
27
20
-31
22
-75
-46
5
-47
-27
36
-11
11
-51
12
58
-15
50
29
-52
-8
-61
-41
-31
-9
13
84
10
-53
35
13
24
-12
20
-14
13
32
-71
77
4
2
49
-16
0
-29
28
-52
49
59
65
-7
-37
-9
-21
9
-35
5
-49
7
6
27
-3
16
-39
12
13
46
-30
106
10
36
-6
1
4
-34
-30
1
-32
-17
1
-2
-66
42
25
-16
21
-34
47
77
25
-17
42
27
-44
-60
13
-47
-5
-66
-51
3
50
-10
15
53
-68
38
29
-4
48
-19
-19
-35
-13
4
-65
-12
8
-23
-10
-7
44
48
14
17
41
-25
3
-4
-20
-37
18
11
-60
-17
6
6
64
-25
-3
20
31
-6
-18
-34
-14
23
-42
-79
40
-40
-51
-55
27
26
-27
40
63
-23
-3
-32
31
-24
9
51
-8
-25
46
-34
67
52
44
23
-25
51
15
52
-15
-37
43
-14
28
44
40
35
25
5
-51
45
19
17
-6
-56
-54
-5
29
4
11
12
-12
23
-55
46
-34
-24
2
45
-10
-25
-15
0
-13
1
-7
79
-18
34
65
-8
13
13
-69
5
9
14
-100
-25
-25
27
-36
-30
3
-27
-31
54
-17
9
39
1
-86
4
63
1
-41
36
20
2
62
-56
25
-21
-10
12
2
45
49
-38
29
-27
-19
-36
-5
-20
-53
24
21
30
6
0
-52
55
-53
10
15
-76
-39
9
44
-90
33
-34
-9
37
-28
-5
-30
25
23
-10
28
20
-69
-60
29
8
-7
-55
-11
42
10
13
114
8
37
-51
-30
48
-17
35
12
4
17
22
-22
-11
-26
-13
95
19
4
72
-73
26
-2
5
25
-29
-71
-73
-28
33
45
27
42
6
37
-74
19
7
31
37
3
-6
34
23
84
24
29
-23
17
-38
7
15
-5
10
28
-10
15
-27
-5
-44
-39
64
28
-3
16
33
10
25
-62
14
12
70
-19
87
12
7
2
65
-34
-3
85
4
25
6
47
10
1
-5
22
-12
-5
40
-3
40
26
-15
-54
-42
18
-36
-30
34
20
13
-34
34
-96
26
-45
2
52
-10
-51
-18
-7
14
13
-67
-12
64
61
-78
-31
13
-3
34
-21
27
-61
7
15
-24
-18
6
-17
-29
28
9
-51
5
14
-24
-48
-10
-36
13
-30
-49
58
-9
9
-13
-63
-28
-55
-6
-54
-27
-28
-8
37
-48
5
-43
-10
-12
-31
-54
-33
12
21
24
-6
15
-28
-4
40
-37
41
-59
18
-18
97
32
28
69
26
21
8
-1
30
8
-37
-17
-26
36
7
-37
14
25
4
-12
95
31
-1
30
-33
5
-38
43
47
22
-22
24
-25
-20
7
-10
4
0
-37
-45
5
29
-15
-33
22
-30
-26
6
-15
-61
-47
-38
-23
-13
-59
-65
13
-30
-12
-8
37
31
23
-63
7
26
-49
42
-44
-40
-7
34
0
-24
-35
12
19
3
23
48
60
10
-27
49
17
29
-8
-33
36
-45
94
12
12
50
-16
31
-71
136
-11
-31
31
56
46
21
-42
-52
-45
-32
0
37
-45
-16
-28
-27
-52
16
-32
-38
-3
5
-7
48
-45
18
5
-48
26
40
-14
-28
26
-3
15
10
-42
-33
34
24
-27
16
-19
-2
-26
43
34
23
51
8
37
33
-76
61
13
27
14
-26
-13
11
18
4
-63
19
-32
12
-15
-42
11
70
50
37
19
-24
-45
48
61
50
-5
20
10
-7
23
12
9
51
-10
75
-18
-54
24
61
33
5
18
-46
45
2
-4
21
-50
-9
6
-42
-20
23
-13
-58
24
26
9
42
42
-6
19
-72
-16
55
-49
-8
89
12
43
-7
12
16
-2
-12
8
68
-20
-19
-30
7
12
15
-7
-21
73
-53
29
22
1
30
10
-22
-33
-34
-19
58
-2
-5
67
59
19
-61
-23
-47
-29
-9
62
2
-36
1
26
1
30
-11
30
-16
-18
4
28
32
-30
-47
-21
-9
-6
-21
1
13
-8
-39
10
-25
75
-15
-15
-30
63
-49
-24
-70
-11
-39
41
-11
-20
-34
-113
20
-37
6
6
10
-5
60
-50
4
40
-69
-39
68
-12
30
-55
36
-9
-24
-18
-20
14
21
1
-5
-53
8
-40
-33
47
41
-18
77
15
79
-15
36
-31
-10
-13
1
-8
-52
-52
33
-66
8
-84
-13
4
-1
1
-3
16
3
29
-15
10
43
-35
11
-3
15
-6
34
10
0
3
1
26
-34
-55
24
-7
-22
13
20
1
-20
25
110
-35
-7
-6
-4
28
1
41
-42
48
16
26
-73
-71
69
35
-97
7
-10
23
-30
-64
52
-50
12
-34
18
27
25
22
3
28
-55
3
2
52
-72
48
39
23
31
41
18
68
-48
-3
94
3
-29
15
-39
-59
3
-46
39
-64
0
-70
23
-37
-8
26
23
-1
18
48
4
28
33
-12
36
42
9
6
-5
24
-46
85
19
-1
3
-5
-17
-63
-41
-1
-55
0
-42
57
26
40
27
24
-19
24
-26
20
17
-23
32
-43
21
11
29
21
-28
2
-16
-45
-85
12
2
-113
6
14
10
-31
42
6
-13
23
-13
26
35
30
37
41
40
35
45
25
-8
-8
-64
-9
11
-27
-37
-40
2
-40
36
-21
-41
33
-53
27
-3
63
-26
-44
-61
69
40
5
9
-22
55
5
-25
22
-1
76
-40
-39
31
-53
-15
55
-1
34
-56
-15
28
41
45
35
42
25
-21
-9
-19
-65
5
35
59
-28
20
-7
-22
14
-37
9
-46
-17
-19
36
17
37
-1
26
68
17
-10
-50
95
6
11
23
33
-21
-40
10
6
36
-71
-46
2
20
-3
70
-14
-26
42
-22
-36
-22
11
-63
-39
-91
-65
39
53
64
17
-26
-23
45
5
-26
-48
19
-33
-89
37
39
1
-80
33
27
0
-6
-2
-20
14
88
-10
-55
-26
50
-26
2
0
17
23
66
-41
55
1
26
34
-16
46
29
4
31
-5
-5
-6
-25
24
-42
-27
4
-29
20
32
-43
-27
-2
-19
-27
-8
-19
-18
3
-89
38
-15
9
10
43
-52
-11
-21
2
-3
21
15
16
-12
28
-71
53
-1
-34
40
30
-11
-2
55
11
-37
7
1
-8
29
-23
89
-47
9
-47
-39
19
1
14
-9
-19
-27
37
-44
-57
-10
-12
-42
-7
86
-22
-10
-32
-6
-1
4
26
45
57
24
-4
-43
21
37
-44
-26
-74
59
-45
-17
-27
-21
-33
-40
49
33
32
-27
35
-24
-21
4
42
71
28
-5
6
10
9
-12
25
19
-16
-8
-27
-13
31
-4
34
114
-71
-38
-4
4
-1
3
-7
-26
53
-12
4
52
-21
-39
41
-17
-55
-15
-58
97
-11
40
20
31
56
-77
44
-37
-52
42
-7
18
56
-48
37
-11
21
18
-11
14
28
6
-22
3
32
23
-43
-2
-78
0
-13
59
-18
42
-19
31
5
-37
-41
-58
-15
-27
-57
-29
-15
23
-4
-14
3
24
-51
-53
25
-51
-48
76
-37
-62
-17
-30
-23
-27
-14
0
-43
-19
-51
-20
-2
-7
26
40
89
-4
-27
-10
-21
13
-20
45
60
-17
-25
25
-19
-10
-40
-31
-36
-5
-41
-38
29
46
-53
0
13
-30
-30
-6
-17
16
10
-88
-36
49
-41
-34
-51
-58
-98
-45
-23
40
-36
-32
22
25
5
4
-66
-60
-57
-7
-1
-23
-6
-10
-9
6
6
25
6
-2
-9
45
16
-7
28
-56
-47
-21
43
7
19
-52
20
37
54
-37
23
-58
-21
1
50
-6
54
17
2
-13
-15
-36
5
2
-3
32
-10
-29
9
18
-50
15
35
10
-31
-12
65
-12
27
-7
9
-39
-38
-24
37
-82
-3
55
3
82
26
7
26
-18
13
62
-36
-65
60
-29
-29
71
63
-6
-13
79
59
34
-1
61
-12
25
26
-23
41
-13
9
-56
-39
-29
58
26
4
-20
40
-1
13
60
-17
6
-9
63
13
18
-54
28
-52
-5
-24
40
8
47
5
-14
55
-14
-31
-41
-51
-18
-42
17
-20
-1
15
-4
4
38
59
-83
-27
-53
-9
13
-23
-47
8
1
-25
12
16
-30
-28
-7
6
-30
-47
-33
-24
44
-21
-39
-45
-55
25
-44
-58
20
-64
-39
-23
8
-53
-19
5
-28
5
45
1
24
-18
64
77
-44
-9
11
-30
13
25
4
-71
10
-46
-10
-14
25
30
16
-10
44
38
-2
-15
48
-25
12
7
1
-28
-18
-21
-46
-28
48
4
42
-18
36
-22
11
-11
27
1
-3
18
-24
8
-19
-50
-57
35
34
-18
-82
-20
-8
16
-17
26
39
-4
-3
-6
44
-18
9
26
-4
-28
-1
-72
6
40
-15
55
19
-18
-12
60
-16
-23
14
30
-20
35
-23
-23
25
-18
-79
29
13
-66
-22
16
75
-22
34
5
48
68
36
-32
67
-1
-29
28
-33
-29
26
28
51
-14
20
34
-31
-5
-30
-22
-2
-46
29
34
14
24
-45
61
-14
-31
2
1
21
-40
-34
-22
-14
23
6
-52
29
-28
26
48
-13
15
21
7
16
-33
40
-25
-6
-8
-4
-3
6
-59
99
42
3
8
20
18
-59
56
-4
-23
68
1
13
18
-50
38
-1
-37
-85
7
-3
-15
-6
-7
7
83
8
-30
28
7
-36
-21
23
36
-19
55
-24
-1
-29
-47
39
-35
20
15
-27
10
5
-22
-29
55
48
-1
6
5
-30
-3
-19
-1
7
5
-89
-23
-89
-22
-31
80
-13
-9
-15
87
7
-15
13
-45
31
-48
12
9
18
-3
-18
20
-19
-61
-33
-65
-50
18
86
15
-1
51
68
-43
13
-30
17
68
-3
-23
-48
4
-47
70
-59
6
-46
23
26
-37
31
6
22
-66
-50
-15
7
35
21
-39
6
2
-24
72
-15
58
-30
-20
13
3
-29
101
-40
-12
66
25
-50
41
57
-15
-12
59
-27
-16
37
-17
-19
-15
36
35
-62
-34
16
72
10
22
9
30
-25
-59
-47
3
24
-31
60
6
52
56
25
-21
-8
-25
-86
20
-62
20
-59
-10
-52
-28
-17
36
17
-55
37
-69
-33
-35
35
22
27
36
-42
47
25
-9
-5
-22
-10
-13
9
-44
-48
38
13
-35
27
-26
39
31
-31
23
7
26
-11
-41
-38
-3
30
68
-19
28
-24
21
-2
65
-16
19
37
72
-4
-34
65
30
-24
-11
3
-29
45
14
52
29
2
58
-74
-60
4
65
-3
31
-20
-49
46
15
45
67
-1
17
35
14
58
-6
25
0
57
-10
10
-29
18
28
25
33
15
-7
5
9
-4
8
-49
25
-10
-19
30
48
-34
-4
35
-95
-11
-40
-1
34
-1
-58
-77
28
40
-3
30
-42
8
-10
-18
4
1
-54
61
-6
4
-34
16
-29
16
72
-28
-7
2
18
6
-15
5
-3
74
3
-13
31
-9
-73
43
-104
-3
57
-50
14
-42
-14
-11
35
1
38
-18
11
-71
-2
3
-16
24
57
-23
-20
33
44
25
18
2
34
21
26
34
53
3
48
4
-29
9
7
-9
67
-31
-8
28
-34
3
-23
-14
46
93
-5
23
-50
7
16
-5
-30
-7
53
-58
24
12
-29
11
-40
24
44
-3
-8
-8
35
-14
27
22
41
33
49
16
-14
14
-34
-1
-17
36
32
-3
-78
-15
43
65
9
-7
-36
-21
37
-61
2
1
-18
-18
-50
-37
10
0
34
-26
-4
-34
-1
-45
-39
5
-8
-94
18
-31
30
-48
-50
18
37
6
12
-31
43
31
-24
13
-3
40
-11
22
18
37
-48
-13
29
4
4
-55
19
-19
-8
22
43
-77
-12
26
76
-31
14
24
19
41
-1
54
36
17
24
45
-11
54
18
-60
46
32
-46
39
76
-37
-62
13
-53
41
15
-41
-4
29
8
-41
35
20
63
-11
80
-14
-19
-18
25
-29
-5
58
-10
27
-6
-76
24
15
39
-58
-42
11
76
7
-20
-32
-56
-1
18
-34
-79
5
-7
-38
20
37
8
1
-16
-21
1
24
26
14
43
20
-22
-11
24
6
42
-73
-6
19
9
-41
-32
50
-18
18
-43
-5
-8
-31
-30
-22
13
-62
5
-53
-87
54
-39
14
-16
33
4
-42
-10
8
-4
-8
18
25
26
31
56
-10
-2
24
-26
-14
8
9
22
23
-8
-67
11
25
-86
-54
44
-51
3
-50
-20
8
-3
-51
6
9
-47
68
-14
3
5
9
-31
-26
-35
29
63
-14
46
-42
-2
16
28
12
-9
11
34
-12
-5
3
-12
48
31
39
-29
-41
-45
15
43
-14
24
-72
1
45
-75
61
-28
-81
69
-64
27
72
18
69
-78
-41
14
-11
12
-42
30
20
-3
-45
32
-13
-30
29
1
-25
62
-8
9
25
67
-58
16
-15
-44
-10
32
52
-18
-50
-36
-46
-9
22
-25
54
-25
-32
-25
11
-9
-39
-47
0
-41
45
5
66
86
-61
35
21
-12
-7
35
53
-30
-75
-5
62
-3
12
-74
-24
8
-19
-6
67
-4
46
16
33
-1
39
-29
-11
-72
-38
-66
-60
29
-23
25
26
-6
-21
3
2
30
-51
-27
-91
-8
-15
-51
-30
-5
42
41
40
-13
15
-9
-35
70
-71
-39
19
18
-47
1
5
30
21
-16
20
11
-32
8
47
-79
-24
-1
19
39
22
-12
41
-28
25
-45
-21
-39
1
-86
-8
52
-63
-15
-10
-25
-12
38
29
61
-29
-9
9
21
44
-61
8
-4
-32
16
-1
-6
-58
-12
-38
-1
44
27
17
-17
0
-58
-53
-10
16
25
-27
-66
-44
-18
-34
35
-60
56
-26
4
-39
-23
-27
-23
44
-27
70
27
-10
2
-31
-39
64
20
10
-106
-42
-20
23
-15
53
-15
72
-3
32
41
-38
53
-23
2
39
19
42
17
3
64
-13
28
-16
-24
31
-56
-14
23
9
12
27
45
38
-3
-18
-4
0
-8
-16
17
-19
16
-44
-49
57
-42
-4
-11
6
30
-29
-48
-2
10
18
-10
-10
-45
18
-38
-49
23
21
-7
-24
-50
-47
25
20
-28
-35
17
52
29
-20
5
-2
12
29
-27
-43
21
-23
-80
13
60
-10
113
-50
7
-53
-39
30
110
-8
21
39
26
-57
-33
-38
11
-32
-58
30
13
-6
-7
5
-71
33
-4
-11
-37
13
0
-12
4
36
-30
1
1
20
-8
-47
27
17
32
-2
-10
27
64
-19
17
-25
-19
38
62
-13
15
3
56
15
-11
-20
-67
-28
62
-26
-55
-26
-26
-9
55
14
15
-2
-79
75
-57
47
-49
35
38
52
-2
18
33
-51
35
13
-10
11
-46
50
14
6
-27
-4
53
-67
12
43
-21
5
-54
17
17
7
-19
0
15
78
-31
-14
-16
-56
-29
21
40
44
25
-20
23
19
39
-77
-18
-20
-5
73
51
-4
-16
46
-55
23
-64
0
-3
71
-16
29
26
-52
26
45
-11
34
-10
24
-9
-8
-46
-33
19
-88
29
4
34
3
-43
13
14
-2
-60
44
-29
-21
-24
16
25
-17
-19
14
-60
-7
31
4
45
-13
49
-22
-44
14
-24
11
-18
-17
29
-8
1
-21
-3
54
-2
47
-46
10
8
14
-6
-34
29
-54
-29
18
20
72
-43
-102
-42
49
-19
-38
12
52
57
-31
-6
-14
-51
15
80
-60
35
-21
29
12
22
2
-1
-33
-26
-85
14
-1
20
90
-3
-1
-4
-56
16
39
7
3
0
-1
-51
1
82
23
-54
3
54
1
-32
36
77
-24
-45
60
-11
-15
-6
-20
-47
-29
8
16
-11
-21
64
-6
-39
-72
-42
24
54
10
54
-12
12
6
0
-21
-12
29
1
34
-43
4
23
43
2
41
-8
55
40
5
13
41
74
9
-55
107
16
42
-44
16
10
-16
-37
-13
-21
4
-6
-24
-23
-16
-4
-39
-25
71
41
20
15
-20
-19
-41
44
-5
-17
3
6
-19
-62
28
31
37
-4
0
9
0
59
-10
-78
8
18
-15
-15
20
20
4
26
0
50
8
43
-23
14
35
6
-71
-3
46
58
-3
-9
-25
5
22
-41
-24
70
-87
39
16
-28
-30
16
-9
-19
-12
-33
4
9
-8
19
-31
24
67
-29
38
30
36
9
26
-76
114
-72
11
57
-16
-45
5
6
16
-23
-45
-43
20
-32
-39
-21
-67
17
30
45
8
-37
-9
-14
-13
-30
17
-52
-15
7
-33
-55
-14
14
70
-12
24
-28
-12
48
17
9
-4
27
37
-51
-56
-14
4
-47
-48
-35
15
-10
-95
-81
-50
-23
31
-9
-27
62
-8
-65
80
46
13
-12
-12
-15
34
13
17
49
32
-63
-9
-27
53
2
55
-5
-53
6
-77
-80
-51
28
9
73
49
-55
37
50
15
-4
-18
22
18
29
-34
31
66
44
-58
6
-26
-57
-52
-11
-21
-70
-8
-39
29
24
19
-33
-85
55
-42
73
84
-99
-30
48
-24
-45
28
-24
1
-88
-2
35
-38
-21
-8
-88
24
9
-27
-21
8
-44
-14
-17
1
-58
43
-69
-17
-23
48
24
-33
-88
83
72
1
-46
2
-5
-18
-61
-82
-34
-15
14
-57
24
-78
66
-21
22
29
52
-46
40
-76
37
17
19
-11
-18
-4
-10
45
25
61
-33
-4
-7
-17
33
9
66
64
-10
17
-45
-21
-1
54
33
7
10
60
47
-91
-36
1
15
-30
-32
-5
11
-27
-3
-43
-3
-22
26
-9
12
2
-27
-80
-4
9
31
-35
-16
46
-25
-62
-10
27
-30
8
-14
-16
35
-43
6
-52
44
-4
-26
26
-4
54
-21
-13
-58
-22
0
58
15
-11
1
-53
-40
-3
3
-4
-11
20
28
33
-10
-26
-57
10
52
13
-13
53
29
-10
-3
-38
-62
11
51
14
-2
2
-24
17
-54
-57
-4
-68
31
-21
4
-6
-4
31
4
-14
68
-41
49
-18
28
16
-27
14
-35
-46
12
-40
-41
-27
16
-20
44
-50
-38
-12
39
26
30
-89
-35
-21
-19
-62
31
-10
-14
32
-19
-51
0
-30
-41
0
64
-37
17
55
-12
-54
-55
71
-112
-30
1
52
32
27
18
69
-15
39
-50
-12
-16
-7
-21
-1
63
-9
22
-15
-31
-28
-15
6
36
26
6
-23
-47
31
30
-68
-13
66
54
14
23
-8
96
-53
15
18
0
-23
-84
12
-31
-62
47
-37
-17
10
80
39
34
6
23
-5
9
-20
16
-36
-4
-4
57
-8
33
-11
-19
-3
26
2
1
-39
-19
29
40
-52
-36
3
21
11
-30
29
36
59
11
-24
53
17
41
15
1
37
43
75
41
2
5
48
4
-21
3
-1
66
-27
4
19
6
38
-57
-48
92
36
-7
21
-13
15
19
26
-25
-16
-85
-20
-89
-48
25
-21
41
17
-7
15
-9
-23
46
27
-8
-20
0
1
47
25
44
-25
-5
43
-21
-28
-31
-33
0
8
0
12
3
-11
69
-51
-30
9
46
3
-27
-16
-7
-8
9
13
32
-76
-15
1
6
-72
-25
5
-24
2
10
-8
62
-89
70
-6
-39
-41
10
-35
-7
9
29
-83
-21
83
-1
-27
-37
-7
6
-5
-2
1
15
-19
50
-12
-17
-2
-4
-47
54
-5
4
28
-3
15
15
10
-14
-16
42
19
-5
-2
-28
11
9
61
-14
15
-17
-32
11
28
24
6
36
7
23
20
52
0
73
-14
-63
-15
44
-2
-13
-64
-29
1
9
36
-14
-14
76
-17
26
-55
13
36
-5
21
57
-7
-10
38
-73
14
3
16
22
-36
8
27
26
-22
19
-107
-3
10
44
-24
-16
-16
-41
71
67
1
30
-15
51
16
84
31
30
14
43
-23
-8
53
23
-3
-67
-31
81
-95
21
33
25
-32
33
-42
10
16
114
7
-51
-45
-43
-34
24
-38
23
-31
-33
-13
-44
59
-16
12
-39
-31
28
97
27
-35
19
-3
-8
2
4
20
2
72
42
7
-19
12
-59
-28
-17
48
-40
29
9
69
-32
-27
30
-20
-59
-53
-13
-34
22
-10
-49
24
-20
61
-12
-39
11
-23
-39
13
19
25
-4
14
6
-25
-40
24
-43
39
46
-3
12
-11
8
19
69
-46
-12
21
61
-4
-11
-17
5
-57
-18
-50
-67
-1
-3
-12
24
-45
-19
49
5
41
0
-1
-13
14
3
-18
-40
-26
14
8
5
13
15
-71
57
-67
135
45
39
75
-14
-1
-24
-6
-18
-76
25
-22
-138
59
49
-17
41
96
42
45
-40
26
-3
-25
43
19
26
-7
31
42
90
-4
-27
31
31
34
-48
-3
8
-5
-30
58
30
-6
-15
58
61
-23
-53
-15
-50
-14
54
-52
31
35
-1
-26
5
-9
-37
-40
-7
55
-17
-44
-59
-11
-63
7
3
-5
-16
47
2
24
28
1
-15
-66
-39
50
-27
-38
33
50
85
-16
-21
15
46
-38
-11
-1
-7
-8
-17
44
-40
0
-67
-32
-2
6
-75
-10
22
-3
-39
-8
-58
39
-9
-33
-77
15
20
6
61
-5
26
10
-5
-34
56
-26
47
35
49
-59
62
-87
-44
-4
-13
40
-47
11
8
-47
6
63
-18
-48
31
-53
21
-79
26
30
45
38
-10
-72
-23
19
68
33
14
46
-7
17
-53
30
-1
-20
20
17
-21
47
-3
20
52
-9
-9
42
-43
-11
-35
-42
-23
-47
-3
-14
-6
-29
-25
-49
-20
-29
-43
-42
-1
24
71
36
13
42
66
-5
48
-4
20
18
15
9
-70
17
-27
-7
-82
-77
20
13
22
-17
-17
19
-16
-31
-38
49
-28
-6
-70
46
66
6
24
21
-3
24
-20
19
-62
-18
44
-57
-11
26
-3
-17
12
6
21
14
5
47
24
74
7
41
18
24
53
-58
-37
-2
45
3
38
17
11
0
-24
-25
-31
-53
-9
-78
-36
5
24
-20
9
18
-14
-74
9
46
-19
3
26
-72
-9
-2
25
25
36
10
-19
50
-32
-50
62
-14
19
51
14
15
24
27
-2
6
1
80
29
-59
-12
-48
12
28
-9
8
-13
-17
2
-11
-4
2
25
-13
1
-18
-1
-42
24
-22
-24
-25
-37
-38
-2
7
71
-59
-44
97
-10
-10
-16
-39
85
14
-1
-20
76
-129
0
-5
19
13
-121
14
14
-7
4
35
28
-29
-2
-4
34
54
9
5
-20
8
84
36
-16
-24
42
-36
0
33
8
6
54
-20
-3
8
47
4
-4
13
5
-31
-14
-18
-4
59
9
-46
7
-2
13
37
-41
-21
-25
-9
5
35
27
-60
-40
13
-15
-4
-3
36
63
38
14
-20
3
-26
33
-3
-47
23
29
41
39
2
58
-7
-6
1
20
-84
-20
-16
-13
42
36
-18
13
18
-3
-14
34
-33
-16
53
61
-33
-17
40
51
-14
-16
43
15
-35
-30
-29
-60
10
-4
54
-53
12
-4
-23
-54
-22
22
-20
-33
-47
44
-35
12
-1
12
3
1
32
-49
73
9
-62
14
-66
-9
59
-11
57
-36
-54
-39
12
-36
-2
-14
25
15
-1
-62
26
-31
20
96
-27
-66
19
26
-47
36
48
-16
-73
-59
-43
11
1
17
48
26
-20
2
28
33
-7
0
-17
-21
-28
-37
21
-24
-38
-12
61
-92
36
10
-8
-6
4
7
-38
19
-8
-40
30
-11
-6
-49
-71
-1
-1
16
11
-16
-40
56
-19
-39
43
35
17
17
16
6
23
-14
-50
3
-38
-37
-28
45
41
-39
-83
46
55
21
-79
18
15
15
11
36
-29
-10
43
-7
49
-16
-14
-17
42
41
-13
39
-27
-7
-17
28
52
107
4
-34
-5
13
47
41
-33
62
18
-59
-26
-47
-20
18
-38
-3
-10
30
23
4
-34
17
30
-32
27
-39
28
-21
18
25
46
-20
62
34
0
21
5
11
1
20
-21
4
24
42
-22
31
117
28
48
-48
-24
51
36
-31
3
-5
-43
9
38
-60
-12
-58
-39
42
29
21
34
54
74
-63
14
29
28
38
31
-24
-43
-7
-31
-8
22
-66
33
36
-56
-3
18
16
51
-30
34
80
-26
11
25
-49
22
-57
-40
-18
62
-36
-33
-16
14
60
-61
8
9
-34
-73
-29
-32
-23
-19
-40
17
19
14
-42
-33
27
33
26
46
8
-45
-24
2
-24
22
37
-45
-9
12
10
-35
9
-26
5
34
3
-27
101
-27
95
28
-29
-40
39
-28
27
22
55
-28
75
-50
50
-13
-71
16
34
-1
28
29
-24
42
39
-69
11
-32
-5
17
-1
-33
-35
52
-4
29
15
38
13
8
2
27
35
-7
-27
16
23
14
2
32
-18
-25
4
16
-12
21
-5
-26
58
7
25
28
25
59
-36
50
37
-71
24
-2
-80
22
-17
6
-31
0
-9
-32
-43
-51
-17
-15
-14
-3
22
-4
19
6
-39
-21
23
75
-5
50
-59
8
-16
71
17
52
9
24
-32
-9
-11
-5
10
8
-7
-13
37
-49
-34
51
43
-3
-25
-38
61
27
-16
74
48
-29
-7
-37
-27
-51
-26
13
-24
14
16
-11
-100
9
46
40
4
3
-27
23
-30
58
58
-2
49
-55
16
28
6
-62
-13
-26
8
4
39
-42
20
-32
72
-26
-36
14
-6
-3
-37
-37
29
-16
5
-3
38
5
22
-28
-6
-5
-36
-61
32
8
-30
55
15
40
7
-15
-26
-22
-65
9
3
-17
-45
4
35
28
-35
25
-32
-5
38
81
108
5
1
24
38
-3
20
-55
48
-45
-15
23
-17
12
36
52
29
-51
-11
-16
51
1
-47
-11
57
30
-6
42
-16
-29
-47
-14
38
-37
-23
-36
-5
-56
-63
18
48
21
-3
15
12
-6
27
45
75
4
-11
-35
12
-80
2
-17
18
39
-51
32
2
-59
-6
39
9
66
30
51
-23
-13
-20
18
-17
-32
-14
33
-33
-44
10
-14
-4
16
15
-35
-4
68
-37
13
0
-75
-94
-55
7
-46
-69
45
35
29
49
92
-49
51
38
27
-54
68
4
-11
-19
60
-11
4
-32
-37
10
12
16
-38
-59
23
-8
-66
-54
56
-16
-8
-24
-38
-3
-45
31
-40
-41
41
63
-35
-121
37
78
22
12
34
31
22
-3
50
12
-10
-17
-56
35
12
-25
-26
53
-65
-41
-7
17
-26
35
-37
-1
55
62
13
18
34
28
30
46
26
-22
25
-24
-6
-19
-19
41
-30
26
17
23
-9
-1
-13
-46
-3
13
4
-21
45
37
63
-5
12
71
0
-27
-62
-48
45
48
-6
-52
8
-41
-2
-4
40
-21
-4
-36
-31
13
60
16
20
-24
23
62
16
5
-1
-5
-27
-26
-15
22
12
58
5
8
-18
-12
-33
10
42
-55
23
-13
-62
-6
-30
-44
43
16
-22
39
34
16
-25
0
-25
14
30
-46
66
43
-38
-33
-24
-83
4
-42
-77
70
10
18
-33
22
-11
41
-24
-43
-116
-33
-25
3
27
-65
34
-21
-12
60
17
-4
15
16
40
21
-27
34
18
10
-20
3
24
15
-26
-35
-27
-41
-71
5
30
15
23
-1
-6
-13
24
-3
70
-44
35
19
8
5
-15
-12
37
10
38
-58
8
77
16
-28
-12
7
3
-6
58
25
-25
0
-8
-30
-7
77
60
64
39
-23
-27
10
6
11
-78
-10
-38
1
-42
72
5
29
41
108
-5
-1
3
-12
-55
38
-43
10
-13
56
44
-11
-8
50
-7
-17
18
63
91
-21
-37
-25
2
-13
-22
56
-8
39
-23
-25
-6
-8
-79
7
-29
-101
-35
-81
-41
32
-2
43
33
16
22
-62
-54
93
28
-28
8
-42
53
-82
40
-40
-5
-7
16
-42
-9
56
23
25
-111
-18
11
8
-8
48
-34
-64
-3
46
-3
3
34
14
18
19
-31
-13
41
21
25
10
31
-35
17
48
11
-19
-1
6
38
5
80
4
-5
8
7
29
40
18
17
-47
25
17
59
37
33
-8
27
19
2
-44
1
-65
23
-29
-30
-64
-46
-10
2
4
-6
18
11
-11
-34
2
-5
68
31
-17
-8
-4
-10
45
-24
52
-58
14
11
13
29
-47
25
-38
-59
-41
-3
10
26
15
19
7
15
-22
10
-1
-21
-12
-30
8
-14
29
-11
39
27
30
-16
15
32
-75
22
19
12
30
72
1
-35
8
64
-11
73
-52
13
9
46
48
-11
3
-7
-2
13
-8
49
42
1
-20
62
2
-37
-15
-18
11
-20
-4
29
-24
59
-48
-67
40
-16
-41
15
-16
-2
32
-18
-37
14
-12
-44
34
-53
-55
-44
1
-37
-8
17
72
-20
23
-2
-32
14
-11
-6
0
-23
72
-60
26
9
-7
-17
-17
-38
64
-33
-6
-18
29
-23
-18
2
-55
-15
-87
75
38
48
43
-5
34
-23
-2
55
38
3
-29
12
15
-17
-12
6
-65
-15
6
-36
-35
-20
27
-23
-8
28
8
4
-34
-12
17
20
54
2
-45
10
-19
53
-2
-26
-55
39
5
7
1
-10
75
-30
-29
29
23
22
12
-5
20
-2
10
-20
-58
44
-31
29
11
-50
39
20
2
-73
-16
-43
-71
10
72
-21
-8
4
-55
-47
-16
1
41
-35
-13
7
-38
-34
-4
-40
40
-26
-20
-32
-22
0
38
25
14
-31
-25
41
-3
7
5
-37
26
25
-29
-22
78
28
-36
-30
-44
3
-76
-33
-2
4
-24
39
15
4
-50
2
-65
-35
-68
45
-6
35
-27
1
-36
10
-21
3
-5
-35
-37
-3
28
-10
-6
6
-32
-1
-23
22
-32
-15
36
3
-10
67
-34
20
-92
5
4
-27
27
65
-43
28
-19
-60
-30
-29
-1
14
6
-19
-11
-41
34
43
22
-61
18
-7
6
25
-26
32
-35
-39
15
39
-63
-12
19
54
31
-19
10
-25
65
45
-11
-26
-27
16
-10
-14
-39
33
53
-62
48
27
23
9
-21
-36
-68
-13
36
28
-29
12
53
-2
5
74
9
25
28
-7
-71
11
-51
5
-34
53
-8
-66
15
57
21
15
-44
10
-46
-27
-48
-37
27
29
-10
27
53
-59
2
9
36
42
32
-19
-46
-4
40
-27
-65
-49
-51
21
-15
-39
3
-54
60
-28
36
27
-22
-4
-11
11
39
-71
-34
31
41
16
-3
-28
-41
30
-39
-18
26
22
20
31
24
18
-27
58
-24
28
11
-71
7
-45
18
44
43
-74
18
39
-57
-26
-49
27
-19
19
-50
-23
-3
29
2
57
-8
15
4
-36
32
10
16
-9
40
-6
20
-44
30
-29
14
-12
4
-26
-37
5
0
32
49
-25
13
-18
34
53
8
-17
-1
-32
13
-12
-14
-42
16
-46
-54
39
-10
-82
90
51
70
-32
66
47
-58
-83
-28
2
-21
-74
-13
27
-22
-18
12
-38
65
3
-50
15
18
-40
31
37
6
36
20
-34
-48
-3
-11
-4
-28
-7
2
-40
-24
-22
11
4
-32
-6
14
-39
-46
-48
-23
40
-14
15
17
-2
48
65
-51
9
4
42
29
-45
9
67
11
42
-63
-16
40
-5
-31
-30
53
68
-55
41
-11
-36
10
92
13
27
51
-7
8
-49
30
34
-14
-53
13
26
-9
-41
-12
-21
38
-5
-39
-3
20
28
-73
21
-42
40
-82
10
43
-14
52
28
91
0
52
-50
-40
-57
2
-73
-44
24
35
18
-44
-6
-10
-89
39
81
-45
-7
-7
65
-10
-27
33
-19
20
-29
-4
9
17
-33
-14
21
-46
-23
-72
-36
-14
-69
-75
15
-54
-43
26
27
52
21
9
22
17
-43
15
46
21
-9
-43
19
1
-20
25
-14
26
-11
-54
9
-8
8
-7
-30
-14
-15
7
11
-76
-2
51
12
22
-37
6
17
-31
-36
-38
2
1
26
9
31
27
-32
12
-41
-40
-12
-17
-9
22
-20
23
-42
30
-7
41
-18
1
-2
-14
-61
-8
-34
78
17
17
40
6
18
15
-32
7
-40
25
-26
-22
-40
47
36
-34
-46
25
12
45
-10
-9
-82
39
29
5
38
-8
-36
15
1
7
32
-34
46
-1
50
69
-14
32
-82
-25
-4
69
36
4
12
28
2
-12
-19
-20
-9
0
-32
20
-14
10
-15
24
43
-15
23
28
-38
6
-11
64
-20
9
11
41
42
56
40
24
-50
-23
-56
3
52
7
-41
22
14
26
43
3
-4
17
-35
45
-49
-26
-12
5
39
17
35
-49
-28
50
27
-7
60
-10
25
33
15
37
32
-49
-20
-21
2
-37
-43
30
-38
-20
33
-7
11
-23
41
4
31
-9
-52
58
-84
1
-16
27
59
8
-19
30
4
-11
3
42
28
7
-8
38
3
27
22
-8
-4
-23
31
-12
17
27
33
-37
34
39
-22
1
-43
10
-38
31
44
3
24
-84
-21
1
85
-14
44
-66
-24
45
20
24
-4
20
22
55
-67
11
8
-32
11
8
-9
-3
-28
4
27
-1
-9
51
16
-35
25
-38
12
-87
-47
36
11
31
-49
-34
49
26
33
49
5
49
20
-22
35
61
-11
51
-18
-9
-9
57
33
-8
-22
24
-10
-22
-76
49
-25
-31
48
-21
-8
-28
-56
12
-14
-8
45
13
-39
-34
-8
24
4
-32
19
16
-29
5
-18
15
17
-9
2
-4
-69
-35
-18
-48
19
-45
25
20
36
26
-6
21
27
8
-3
-10
43
-42
4
-1
-43
-37
-28
52
-9
1
-2
34
2
70
-41
-78
32
44
-43
20
-13
24
32
-22
-13
-20
-63
-12
-26
-45
15
9
-13
18
1
80
-9
23
-33
26
11
-25
43
28
-76
22
91
50
37
-61
-8
-18
-22
-74
-42
-14
-4
-10
-33
-88
67
22
23
-21
-12
17
-15
16
84
-25
-48
48
-23
-9
52
28
19
-13
-6
-47
11
-76
2
50
62
18
1
33
1
50
-69
-59
0
13
-23
4
-14
-14
0
8
-90
-43
17
6
21
-40
-37
5
3
-12
54
34
-5
53
67
-28
-52
-41
-10
-30
-43
65
-62
12
1
39
14
3
27
50
-42
-9
41
-8
48
-31
29
14
21
-60
-10
-42
-52
42
20
-33
59
-25
-26
-18
-33
-38
21
-53
-41
10
-39
30
-20
42
-59
16
-6
-48
24
14
-50
36
-15
2
-38
35
-32
67
33
0
-24
-39
-29
4
28
-18
-8
-82
6
-24
8
-8
60
44
10
29
78
-26
24
12
-33
-11
-32
-25
41
-15
21
41
4
-30
82
-20
1
31
-27
-39
45
54
-49
75
7
-48
8
-34
-27
-6
16
73
22
-41
-5
6
-33
-19
33
34
7
7
31
54
-6
64
14
29
-19
21
-20
-37
-32
-16
8
30
3
-22
-76
40
-14
25
41
8
52
-72
93
-70
-5
13
-38
36
-32
-74
11
-27
27
67
35
-28
-49
-2
9
-11
45
4
2
-26
9
37
-54
-40
6
42
-33
57
40
-63
10
-16
-6
-7
-30
38
-9
-10
38
22
8
-82
27
-18
30
60
0
-12
94
-8
13
-17
4
0
10
4
-29
-18
43
-16
-54
-48
-13
11
7
-69
9
48
32
-9
18
10
-4
8
11
-9
16
13
-55
-19
14
5
54
-3
3
36
24
29
40
6
3
-7
-25
37
47
-16
-58
-27
19
27
-15
-16
-35
4
56
-24
-35
17
39
-20
30
-95
8
27
1
-77
78
47
-18
-29
13
-15
17
-1
33
41
31
-39
-44
2
-1
-10
-74
-1
-13
-29
47
24
-25
-38
-55
16
8
10
1
28
53
54
32
-41
-27
30
29
-24
10
39
-65
0
-15
-98
-12
23
42
6
1
-18
5
-13
25
27
-41
35
-9
-36
-26
16
39
56
19
-66
14
74
60
68
-33
-43
-8
-1
61
-14
37
-23
-23
32
41
2
52
18
-21
-13
-37
-66
-33
17
10
-26
29
51
-73
42
12
71
-52
7
16
27
-59
-69
3
-9
-81
41
-19
16
16
-56
38
-48
-75
32
-9
-3
2
27
63
62
-8
-43
-78
-10
-14
-38
8
-20
-44
-23
-39
-53
-20
35
-65
9
-75
-27
20
-41
-16
30
-27
28
74
23
32
17
4
12
-28
-13
-44
-77
2
-24
-16
-2
-15
-42
-29
-9
3
-46
5
17
13
32
43
48
19
-13
-23
5
-12
-60
-61
20
-24
-27
15
-33
-27
32
-2
-77
-35
-8
2
64
0
-24
-14
-68
44
5
8
-27
4
-44
-40
4
-48
-15
-14
-46
-11
-22
79
-44
-10
15
24
-17
4
-36
-9
-23
7
55
-36
12
24
21
10
20
23
3
-6
-25
23
49
-26
-113
71
-10
13
-51
33
11
-5
-14
1
-52
-33
46
-73
-15
36
36
-40
54
56
-15
-13
47
-3
-44
0
8
85
25
8
36
13
27
44
15
-61
-27
-22
6
47
-71
-37
36
-6
-13
-8
-38
29
2
96
59
26
106
-28
5
-25
-2
50
-35
-67
20
-37
30
-19
34
26
-35
28
-21
-19
9
41
8
45
65
25
32
-10
-34
17
16
29
34
43
-5
-1
29
36
4
29
-16
-3
36
-35
-35
-16
67
-29
-17
-51
-18
-14
39
45
48
-43
95
-59
18
-16
7
4
26
-11
15
-31
-17
9
-1
37
-20
-6
38
65
38
-7
16
-32
-32
-8
71
51
-31
61
-31
-54
32
-11
-34
-51
-29
-1
-29
16
52
4
-55
4
0
-79
22
3
-14
-50
-9
44
-15
-8
17
28
31
-68
41
-15
26
9
-16
49
-28
-6
21
24
-37
-45
21
-38
-29
2
11
8
25
-21
-27
24
1
8
-5
34
44
2
-33
-9
0
-31
-43
16
6
-23
-8
32
56
19
-29
-33
59
24
-22
26
-13
3
3
-28
7
-37
44
-16
24
29
29
-38
-76
72
-45
-11
-9
62
-33
10
41
-44
49
68
42
36
48
10
-37
71
41
38
59
36
-15
-23
-16
35
-16
-34
-60
80
-32
-79
55
46
-3
27
44
13
31
-9
-53
4
-52
-6
-60
5
-12
-12
2
29
49
5
58
48
-42
19
15
64
13
64
54
3
10
-21
27
-8
-28
5
37
10
-66
13
24
30
-37
45
-49
37
-19
-25
17
-24
38
-43
30
11
-25
11
-34
-51
-34
36
-7
-19
-58
41
13
-4
22
-83
24
24
-46
-64
16
-34
-10
31
-14
-36
80
56
-57
-40
52
-32
-21
-40
9
29
1
-4
25
-28
-7
-23
23
54
-20
23
37
37
44
-43
33
-63
-18
80
-13
27
25
-7
-33
-22
-54
-60
-36
-25
-37
-63
2
17
-7
32
7
13
-20
-4
74
-20
71
-6
-4
-70
38
-20
19
4
51
37
-15
59
-81
-1
22
-33
28
21
-47
33
-27
35
22
-72
-26
24
35
-12
20
11
5
30
-2
17
50
33
13
-48
47
55
1
55
-26
25
-18
28
31
-25
38
-51
-9
-64
-58
52
16
2
-61
-76
3
6
1
18
19
84
-7
-35
55
1
-14
3
6
-20
55
52
-1
23
36
-49
21
47
-68
46
36
-10
-8
57
15
-4
-34
-11
6
40
21
-5
-1
-69
39
2
4
-9
11
54
33
41
-66
-31
22
-17
-4
-53
14
36
7
8
-15
-5
27
19
12
-21
-31
7
2
27
33
-59
-33
-37
21
18
-25
28
-6
27
-13
32
52
15
6
-36
10
-18
-7
-13
-20
-62
-11
4
-15
-4
-12
-16
40
-25
39
17
-29
-10
-42
54
7
34
-59
-26
42
9
-19
22
40
39
-27
-8
84
-19
-24
22
17
24
-62
16
28
25
10
-59
-46
30
22
13
79
-73
60
-6
-16
0
17
-60
-70
-47
47
87
-32
10
14
3
-70
-20
-7
4
-49
79
22
40
67
-49
0
21
-53
11
-7
54
29
-18
-40
-31
-2
21
34
27
42
0
12
-32
2
16
-17
-6
44
-19
85
124
13
24
-80
-29
60
16
2
-57
11
-19
0
17
-38
6
21
-8
-8
-9
77
-21
12
-32
-4
7
-31
21
-32
-42
-38
35
7
1
-36
-52
26
-20
-45
-1
71
-24
-37
21
-45
-8
-45
21
17
-54
-10
-11
10
16
-45
-37
15
51
58
47
-39
57
-19
-21
-33
-41
-14
-35
-5
-10
14
5
32
-30
52
8
-42
41
-12
-33
8
30
15
-14
47
-24
8
26
-12
26
18
38
0
60
-24
6
-32
2
-98
-31
79
-71
-21
8
33
25
58
-36
-51
3
14
-23
13
31
22
35
22
-14
3
-42
-25
34
-24
-15
7
-45
-28
-17
65
-45
23
21
-2
12
-44
1
-15
-59
-5
39
9
17
85
29
-16
-3
-38
68
-26
-50
21
-13
-35
-22
-14
3
0
-55
-14
40
-5
