30 76 484
0 7
0 9
0 11
0 15
0 18
0 25
2 2
2 8
2 17
3 12
3 16
3 29
4 14
4 16
4 19
4 26
5 17
5 21
5 28
6 4
7 18
7 21
7 25
8 8
9 1
9 10
10 18
11 2
11 15
11 17
12 7
12 23
12 25
13 13
13 17
13 26
15 6
15 11
16 6
16 9
16 10
16 29
17 10
17 19
18 7
18 10
19 1
19 6
19 11
19 15
20 15
20 17
22 0
22 17
23 8
23 12
23 23
24 14
24 28
24 29
25 7
25 9
25 17
25 20
25 23
25 26
26 9
26 22
27 6
28 5
28 23
28 28
29 5
29 11
29 13
29 27
21
40
33
46
74
2
45
10
75
32
23
8
47
53
64
60
30
54
15
11
6
55
73
26
28
29
5
67
50
70
7
25
20
41
66
48
1
24
63
71
36
4
43
18
16
3
62
38
58
17
9
37
0
13
34
69
35
19
42
68
14
27
12
49
61
39
65
57
52
31
51
56
59
22
44
72
-490
137
-18
405
-810
-346
565
1241
-600
-236
-180
-75
-160
-5
-120
-629
215
-567
-258
376
-3
-556
-638
-33
-289
205
409
31
93
-317
-271
402
363
-364
536
-20
287
-358
-679
-417
-751
-110
139
-282
-226
-670
220
95
317
504
156
294
618
59
173
-356
432
-78
700
388
-91
-757
-941
-948
-348
541
324
582
331
219
922
169
-632
-61
-565
-221
483
454
539
146
536
-229
83
-1723
-485
254
46
427
101
197
-595
-333
-241
-175
190
-385
91
407
-532
-181
777
157
-253
-532
-195
-1092
59
290
644
330
-384
-436
465
-475
-369
-30
-424
-531
-623
340
-393
-165
-78
717
218
321
-472
47
-811
-1950
-873
629
-449
-86
-125
214
138
117
1082
-586
-741
-258
893
804
-437
-345
368
-588
569
748
1104
345
-807
247
-451
-539
-919
446
-224
-12
-68
-41
9
201
273
512
376
1004
28
-30
42
-672
-213
898
-23
847
-614
761
75
-146
235
215
-111
296
185
450
425
-291
155
-249
-1281
-438
1331
-176
-42
125
415
117
-676
278
-331
-11
-382
-233
-337
38
121
171
627
117
-36
-163
574
-15
-246
-352
-569
555
259
152
501
73
-508
684
-334
-457
-98
35
-171
-671
-652
-170
-56
-289
-114
-170
-259
337
90
-96
370
393
150
414
-398
1669
-65
168
200
133
495
-286
-26
-250
-774
-59
326
378
-21
115
455
-3
-387
-86
-571
606
-46
-39
65
-1074
293
-331
-166
259
-679
59
329
854
298
-87
252
-294
-84
254
509
-109
-398
-505
288
2
506
164
-42
-507
306
-356
-22
299
97
-913
-563
225
470
-697
408
644
-328
142
656
-1046
625
106
-465
696
-787
21
385
270
729
1047
-112
-682
-354
68
-106
-649
-238
256
1282
583
42
440
623
-15
520
2
881
-984
33
467
421
-413
-80
-873
-278
-79
106
-282
457
67
-31
295
-334
-291
-240
218
-309
-493
-456
525
-217
-1077
358
-274
-342
315
-48
7
-502
-566
226
377
78
-357
190
266
-174
-215
243
595
-15
-462
510
-502
-770
727
45
-496
588
242
-50
-712
121
352
502
-502
161
-115
-1070
98
-430
275
-524
271
-616
399
-873
-688
-65
-564
-140
-363
229
-490
-175
564
507
430
-291
-45
-32
90
632
415
-103
59
149
-609
-521
450
-73
-143
151
236
-344
212
-51
-172
-682
50
-552
166
592
31
596
274
18
217
215
-187
293
-6
-459
49
-749
-347
731
505
-85
165
599
-350
582
491
-289
205
568
499
-813
314
-37
-140
-601
56
25
703
699
56
568
-422
533
-1331
709
-586
-260
159
32
-221
414
-720
-788
180
-348
494
-305
-89
312
886
-133
-382
272
-167
-53
407
191
-15
-239
-63
-1349
124
-579
-358
-208
615
782
-121
721
542
-452
-14
-375
-436
-129
237
138
-136
-622
853
67
266
-133
-468
-54
-318
124
153
81
-449
90
33
565
196
-171
-236
-352
478
181
131
437
-153
-521
68
-369
560
-459
863
-344
343
-747
-306
-612
233
265
-281
-67
-734
-206
-150
386
86
652
-743
262
-328
771
-561
243
-353
-130
100
474
-568
150
64
-504
-363
561
275
325
-250
-247
-579
427
82
819
-563
1058
577
723
-261
460
-841
-377
-338
127
-385
-163
-451
613
-318
-1755
-283
91
633
-153
863
520
-310
177
-50
-394
210
847
17
-983
-1326
-602
741
431
410
-78
-264
813
-310
313
-525
-388
129
-26
-450
543
68
-178
103
-150
89
-980
298
-148
597
375
56
233
682
-883
-1343
514
-600
557
-75
232
192
454
-522
-8
208
408
-453
-333
-698
194
140
-412
-602
-265
-181
-85
-207
-865
80
227
-54
822
187
-720
-683
280
-153
147
406
1221
-665
398
-462
125
700
-379
473
205
979
695
72
569
-53
-312
145
-69
-263
404
-764
464
-101
289
-723
-397
-904
-141
116
258
-275
-434
-372
634
51
552
-110
647
-57
-320
-232
-187
-344
179
359
730
172
-409
-204
747
192
-775
-134
261
-963
252
665
10
-1387
434
447
32
-296
423
230
724
-330
-192
-189
-1253
-594
475
188
761
257
36
101
-344
-728
-28
379
477
-545
-141
104
418
-291
124
-162
22
29
-425
530
-293
50
-346
140
426
14
50
159
-590
-116
420
836
669
-919
56
-622
113
426
-145
403
-183
486
333
307
-357
-95
285
43
-574
582
6
-359
165
661
371
49
-247
-504
537
170
-159
-24
941
223
-370
-507
-195
454
383
-418
83
-26
-63
-396
108
496
-582
-344
-803
-454
652
170
-684
338
176
-1035
-8
316
-100
230
-674
-1088
16
-75
560
-383
-165
205
-197
-309
206
27
1056
690
-332
-244
-113
-381
-650
-298
399
-375
431
519
457
-1551
359
61
192
-377
-321
-706
206
-156
143
-382
20
280
-107
-792
-497
234
15
-168
187
295
212
-249
338
389
-845
222
96
-198
-499
-78
-15
-594
-720
634
-114
138
-703
341
-1402
472
226
-384
38
451
314
-242
-595
114
377
-289
837
-322
-137
42
-440
-154
675
-199
136
915
-362
-919
-381
396
955
353
159
96
1
-821
-102
-54
872
180
-99
173
-762
-608
-186
-792
-437
426
72
556
-567
344
15
-345
265
-66
827
679
-739
-139
311
126
229
391
-348
-220
-136
909
931
-66
210
706
-141
-132
238
731
107
92
14
338
-568
7
307
-136
-49
-172
-373
-19
-139
741
-140
-57
-806
116
244
327
528
120
12
-320
15
930
-157
398
439
11
-778
-396
-465
-295
-44
-742
-239
178
-390
606
-502
799
-160
-514
232
-427
-1082
49
103
31
489
41
375
-773
-1021
74
820
-411
972
30
616
-806
-418
-30
658
504
107
631
-506
-371
-228
239
591
775
500
508
91
-609
-350
-925
889
227
-865
249
460
-88
-245
-13
-167
-273
353
254
-211
-620
355
-385
133
-562
489
-40
910
35
111
99
-707
-67
47
-388
518
161
-68
-4
688
95
488
-175
-772
608
-244
-147
-745
-5
-349
339
-400
533
-371
444
133
-268
110
-978
52
440
-530
322
-304
396
674
-257
-349
-378
1086
592
-60
68
677
194
-263
-310
40
199
-395
153
-573
440
-441
-417
-18
-70
388
9
1095
486
817
378
-459
-478
-281
381
-258
474
-127
426
-812
-791
359
88
54
-254
-435
-548
-644
-369
-464
361
371
376
417
-407
275
-490
-164
-148
441
301
-148
25
478
-391
637
-355
-445
637
-362
753
254
600
348
196
-573
34
-81
921
653
-440
846
-277
-397
-330
875
-164
10
-110
109
399
-160
597
217
307
34
-276
328
-197
319
-311
64
263
157
-54
-346
584
14
384
-106
30
-103
342
-414
-86
20
543
285
-103
-53
339
587
-332
-161
324
-74
247
-386
430
-85
525
-164
-192
-163
-83
-120
-641
-61
-1209
370
-119
152
-296
681
230
822
245
1047
-778
-1134
172
-637
263
-195
863
513
205
-809
-325
65
-1181
582
111
394
82
422
-360
608
-384
-895
-298
-638
632
194
-184
67
725
-72
211
-628
-68
275
187
-131
10
-364
-366
377
862
-263
-442
-111
170
83
-347
248
165
725
794
225
-164
277
-199
-148
237
-234
598
-31
-207
-1020
433
-11
-788
-714
-1232
-1047
33
-12
57
593
-326
-424
-321
79
-616
660
87
802
375
-570
423
584
115
-266
-122
-130
-80
432
664
810
-811
-200
-358
-573
-39
61
-522
126
-481
-736
-228
-541
167
628
766
127
-11
554
-783
227
-57
446
163
-37
-432
283
467
-57
-303
214
-492
139
351
-87
-321
554
955
-903
342
316
-291
486
231
556
1133
51
598
296
86
169
176
-430
-853
-184
-262
88
212
744
90
335
-939
239
-671
-178
-243
656
630
-330
217
-183
-533
143
760
295
-703
-288
720
244
113
-458
160
521
913
-421
121
306
-69
-1025
-835
-69
144
199
130
-245
-202
-599
-222
311
22
151
375
365
683
-432
612
630
792
-464
721
-119
185
412
-155
-811
686
-1124
-464
739
-1061
843
330
322
-346
-319
-412
88
-577
-243
38
-732
-248
-31
279
187
48
-116
-310
-321
38
-50
-137
346
-333
600
639
274
863
-419
-511
36
-754
-158
-198
569
819
534
723
36
392
-266
227
108
97
984
-441
-230
62
-484
564
95
991
250
698
-516
95
-782
337
98
542
104
-324
401
300
335
54
-300
-550
73
325
390
436
991
481
319
-192
169
-288
97
0
99
351
-685
-836
-707
26
203
-409
302
-29
-463
-383
156
-842
-839
-685
316
-107
-194
112
-361
456
215
1195
-6
-63
-1172
114
-516
97
1
877
694
-807
-1232
-1054
-401
323
-798
567
757
-450
270
94
-564
246
-362
355
-366
26
-244
276
-181
176
-663
-337
555
-158
-1320
322
-481
935
643
155
551
716
431
731
-68
-250
497
-707
-287
152
1121
-259
-614
-353
-105
-834
-513
107
-244
-985
722
-535
48
-24
-631
1210
277
-198
416
-74
320
967
-549
112
-188
829
138
364
484
54
-306
291
-235
-323
108
758
-233
-108
-412
-522
-21
-395
-313
336
59
98
403
432
-732
-620
401
397
-419
768
594
163
120
546
-969
-96
-703
291
72
-1046
208
-318
97
-669
159
-91
143
-511
-6
831
30
-546
-561
271
58
-782
24
449
43
152
-641
-894
-558
-675
-207
-108
564
-588
-53
456
-228
-507
822
554
504
261
-494
91
184
-198
272
247
-953
-122
-307
42
36
408
-887
-377
-7
-261
-349
201
874
-638
-1111
32
682
-17
211
606
528
-117
920
518
1117
162
-443
372
269
-383
-5
-54
-208
683
265
64
-277
-107
312
117
1192
-407
272
479
-782
-521
-164
-1057
334
145
569
69
230
254
-87
399
-323
653
267
-553
257
611
-454
-701
-417
-938
17
196
-264
540
-2
385
386
-99
437
-51
47
63
-88
-510
228
-985
216
-837
-564
43
-197
-259
187
-115
290
538
162
-928
-355
48
665
9
838
235
-216
-26
295
-633
1007
-139
242
-154
653
-604
-434
-749
372
278
-128
-366
235
193
313
-184
166
-33
18
339
-293
-225
142
579
-285
-628
190
-852
-434
-15
-1573
-433
-131
761
736
128
656
-299
223
-362
-732
51
42
-694
703
464
215
-376
-237
513
367
-330
322
75
-330
85
-420
-587
-254
-278
-339
-365
-31
-887
-397
150
-464
-221
-35
-313
-1069
448
-186
-314
336
-828
-3
-494
-334
242
-625
-69
480
110
469
94
-541
-103
-157
-691
28
-184
-240
56
-229
452
177
436
165
285
788
355
-508
-554
-49
1032
-101
-636
735
-184
-662
105
-1462
-229
-745
348
-670
223
148
665
-122
-153
-134
1533
-160
-220
-1021
-753
515
-480
296
-1116
-129
-1329
-389
232
251
-689
141
143
131
-512
274
379
-88
-538
247
-389
-371
511
284
-293
-978
-491
152
-5
-967
-117
-430
168
248
258
-1154
237
-222
762
173
-194
361
-700
-210
-74
-400
76
652
593
-25
-247
-634
92
-213
577
627
-275
907
1012
-1142
-394
-690
494
229
121
130
354
300
-541
-694
-726
434
-471
-17
708
218
84
348
67
269
-334
-1219
1102
624
849
-845
-118
182
-601
-411
-345
207
-636
723
216
689
-685
-279
-272
412
-511
227
-339
-86
-812
613
624
-33
21
-448
-747
533
-626
351
355
671
126
-605
159
435
-203
-347
289
16
-1
324
-81
77
-19
-235
-14
647
284
-325
50
-245
200
-311
339
-308
260
749
-1282
-114
-121
-597
406
104
-498
394
-50
-356
547
79
-511
-505
-335
-129
330
-104
-377
310
-66
123
174
-72
91
-474
309
-986
-224
-426
413
-73
-942
1104
120
509
-817
934
-35
-324
-735
-539
-467
15
445
-139
286
-179
103
230
725
-756
52
717
252
680
-474
496
1308
-346
1028
622
274
-547
1088
423
36
-144
-136
-333
-711
715
83
-327
306
-376
-855
264
948
-1295
-203
944
-94
409
281
308
601
622
-445
961
-112
-256
-744
-136
-959
-164
286
178
-634
-200
723
308
1257
539
413
380
70
325
175
30
-136
376
715
173
390
526
584
196
181
-254
524
801
5
-883
325
763
66
-541
-568
-75
-135
-350
-923
44
21
-94
-928
256
128
-121
-1347
-505
-803
-318
-352
245
571
-177
145
928
-667
5
-443
251
-604
-867
49
-255
533
-104
-385
-2
496
-173
-436
54
-227
-239
328
709
615
860
33
-67
198
-32
392
-85
117
-796
-331
274
-500
63
-64
613
909
995
813
-632
256
430
-889
-188
-1048
437
-6
-939
-760
-275
290
-280
405
522
-287
540
-330
535
-237
296
-226
1877
-926
-99
-53
343
-85
-231
442
99
525
-598
-552
366
0
-538
175
869
-100
-286
-49
-171
117
1186
-38
-218
-555
362
-437
181
-314
-602
246
669
1026
-1075
-529
-215
-498
701
157
507
348
68
228
1230
-638
-474
-343
204
530
-392
217
1438
-923
-205
397
-1005
-152
277
150
712
-39
152
-1023
-513
-83
24
1225
321
-592
468
581
97
-416
-423
-597
-242
-22
165
-420
1056
-900
246
-754
10
-46
-330
-293
-516
382
322
-66
-81
937
-1007
1017
2
434
739
-106
-353
430
17
-425
379
344
-218
433
-381
193
-534
572
477
130
-121
-314
906
26
1029
-596
-42
350
-975
287
170
320
139
-446
378
324
-382
-280
254
-224
-489
-310
217
28
-850
97
-360
-68
-722
194
871
54
-141
252
505
-451
457
-349
-502
-41
-747
-549
117
130
-587
-550
-807
138
52
-169
288
-1020
-822
81
414
-145
-68
150
287
1581
499
197
-347
382
489
403
-623
97
-219
310
411
-2
-93
-178
420
-1069
254
-620
74
-653
-347
646
-198
28
-22
-81
-120
591
62
-177
-370
-936
-76
219
321
-174
493
398
48
44
-46
-754
-3
341
634
774
-116
208
-229
-400
-9
388
74
886
-855
-189
-317
587
1410
1032
-596
573
-95
-690
-474
307
194
361
180
136
-511
389
17
648
-383
-350
720
9
-577
-1061
-276
-402
186
-268
579
601
-156
-748
470
307
520
-530
451
82
328
22
-291
505
-462
202
494
-632
-115
-932
-884
-1030
110
630
-622
-289
265
771
-122
333
559
-147
-164
-105
436
-621
130
10
-908
292
248
-424
-485
-559
-318
65
-376
-278
459
-327
358
-227
329
179
707
99
-395
153
-352
206
456
115
-79
-889
-645
-605
-419
1070
-277
-40
-99
501
479
1043
-200
241
-748
13
401
1008
-394
-131
-176
570
-360
112
11
109
313
212
-454
9
396
144
320
-58
-409
641
984
-81
-136
228
428
-307
980
-404
748
751
547
-226
-292
-234
241
124
-186
-721
-66
-440
261
-645
-488
732
121
91
-876
531
387
-403
248
-77
24
-209
253
-387
215
-367
-611
593
-14
82
-851
-138
476
-468
15
90
15
-411
607
-633
795
-6
-775
462
-301
92
-131
-241
42
-413
1035
1257
319
-520
-168
92
566
1326
216
704
-7
1140
78
263
-316
15
-867
237
55
213
170
-150
-387
-113
-592
-124
630
117
101
524
-1
138
-106
45
-10
-442
-94
126
697
-818
-714
157
491
-349
452
723
-874
186
24
-1022
-212
281
-322
116
183
-68
126
-533
588
-280
-182
491
316
383
-38
-461
229
157
-936
-818
-558
335
269
-974
-559
589
336
551
265
862
833
207
174
-478
371
857
398
-25
114
145
-94
116
583
254
323
-535
136
-21
-398
-555
219
-295
79
-316
-828
452
748
-142
93
151
154
-1303
-754
773
-398
-245
-336
497
261
515
96
491
-1
70
812
-809
-287
-30
-10
-16
124
475
378
140
-261
1235
-305
-1226
183
-487
-373
184
434
-823
142
-876
-78
-597
92
380
-556
-908
370
-745
-572
365
57
136
23
-219
-32
-349
521
483
417
-251
-346
-763
-391
-394
577
713
-158
357
454
144
-527
-120
35
-13
180
-297
-75
-76
-462
253
-912
540
423
-312
-502
-320
240
69
-864
526
158
-51
-112
73
182
-1267
-306
76
-822
290
27
609
732
397
557
319
138
52
-89
-58
-287
-314
63
357
109
-124
-447
270
-145
-1124
-440
549
274
-845
-417
-1046
52
-296
-438
-96
-362
381
-1369
-434
-621
472
-929
-607
-1230
414
-387
211
428
76
119
307
12
233
755
262
581
-16
356
-300
-224
-24
141
-652
13
-835
-463
-8
-70
-438
-168
-604
-124
141
-815
88
401
-61
70
-513
236
-306
-681
262
-479
127
55
32
294
-297
-395
-362
39
183
93
-271
-684
252
-753
-54
202
-590
307
-106
683
-313
-662
471
655
-620
365
-833
1227
20
-8
-524
-342
244
-796
-128
-341
-629
172
-234
-152
447
537
-703
-263
670
-620
-455
-566
190
-1049
-389
708
-209
128
268
157
-1147
-154
-470
-64
-190
-844
270
431
-1006
-460
-219
-537
1428
-235
5
718
114
-121
352
15
-411
-890
-678
6
59
293
292
-183
-580
-348
-74
-727
-101
-634
-256
715
596
-112
-447
488
18
-520
-217
-89
-553
-169
89
822
-618
-16
292
-29
-647
670
-11
-442
125
-128
-519
-18
-285
-313
251
-776
663
-209
483
-82
1
-356
-421
-708
-418
-113
-295
835
780
-21
-626
72
750
-913
254
854
-447
259
290
650
-256
-298
869
-280
-335
-49
51
-417
218
201
439
-125
586
368
-479
286
411
-382
274
1060
587
100
17
-251
458
379
-521
228
-588
-492
138
-79
455
731
-256
162
361
-99
-585
352
112
592
365
-360
-37
-243
566
-668
355
88
-823
-759
-590
-42
-8
-603
-444
-86
759
757
300
470
-642
-627
-123
-473
-809
-62
-562
576
313
565
82
359
276
393
-318
-591
28
21
280
-784
1045
-187
-369
91
-112
838
-430
448
-128
216
-592
815
-451
-467
-239
-169
47
-941
-92
-185
-29
283
-76
-715
62
204
-551
-180
-101
-448
-1349
374
-537
590
-714
-153
-553
-458
-396
-211
399
254
1245
15
735
-937
494
308
-404
-34
-292
-274
211
294
210
-1022
-205
-325
114
-812
429
-581
49
-831
190
248
-235
-267
781
922
33
159
-367
-74
-148
303
401
165
660
245
-536
141
22
233
-183
-303
-457
535
189
30
242
-281
195
252
12
-729
190
404
-328
-148
530
118
471
377
-468
-118
438
-205
459
-230
-403
169
434
306
566
-85
333
469
61
-367
-645
218
-362
-400
-328
403
-243
-173
273
381
111
-760
-126
-347
-652
-21
54
-247
-202
272
-67
691
134
-356
-765
-148
311
-254
644
-401
480
725
489
-161
-953
-145
125
1101
-34
-686
72
45
-130
368
118
533
-279
-881
120
-97
401
317
-660
-900
422
171
-639
-99
386
19
646
634
351
26
-253
-182
474
545
160
203
215
-204
-431
-467
-243
-907
-510
149
-505
-424
341
-91
-101
142
571
-527
-174
356
323
-477
925
390
703
-458
-605
521
-78
435
38
1315
-302
-138
165
280
614
-146
-71
-609
-585
121
738
-460
98
98
493
-547
57
894
-82
-1188
-18
-511
-411
-184
176
96
189
-6
247
-860
-395
952
-26
-268
237
497
-21
-793
-1366
2
-811
810
125
47
-51
-182
-306
-249
-26
-102
324
619
-46
-56
-158
-1413
-691
264
876
205
369
-511
379
122
-521
-53
562
1296
319
-170
-449
-216
-219
-325
129
700
103
-579
-90
-202
769
799
986
200
-492
247
143
-369
-382
425
144
191
-1076
-135
48
112
-106
-1483
-331
881
735
101
133
773
198
349
-608
367
-486
1462
57
210
-6
-551
225
229
573
231
-674
1217
590
632
-292
236
18
209
741
-404
854
370
488
-67
-474
135
-610
112
493
-364
-246
-68
325
-247
17
-182
483
2
-342
-146
345
-363
-378
353
-566
-366
1054
-586
-47
192
15
435
248
-864
933
206
-337
1036
-78
343
-306
16
213
947
-15
-1087
-26
-35
-438
-380
222
34
270
-742
-347
916
-147
530
797
309
-336
-66
524
-47
-388
568
735
170
-759
-897
413
1300
-439
-61
199
-187
-105
241
611
103
-820
-117
224
108
-154
-678
397
-95
91
-211
167
444
394
-104
-101
-111
-377
-137
-406
-197
-89
53
-134
267
231
1145
390
48
221
-405
-527
-120
-12
-454
-549
-275
572
-954
219
268
0
-367
465
579
-67
265
830
-1028
238
161
432
242
720
174
63
285
-544
293
452
-570
-20
141
-51
772
-155
363
-319
-299
125
-210
-13
628
-733
-11
-544
-647
1072
746
-63
479
-250
1046
-471
-152
966
-235
854
-91
-20
373
350
181
-127
686
-793
-549
-537
1073
428
-208
126
795
-30
-277
168
388
-350
-56
-411
-339
-12
-712
-24
586
-537
-146
56
-44
-29
548
394
-260
16
535
193
189
59
-55
13
4
98
568
-535
477
864
-72
-365
527
-168
192
425
-444
-18
-283
-36
163
-100
-444
18
236
-326
-694
-101
-336
27
-525
335
-533
352
-702
333
-33
164
-643
-545
-148
720
-62
554
-278
-536
129
-889
316
9
426
-269
307
396
549
-434
16
-242
-35
694
-441
-231
-250
336
299
-213
-85
-8
196
63
1316
-117
336
290
498
-96
283
180
-720
-188
825
-168
-2
225
588
497
157
22
-415
-239
-78
-142
-144
81
-592
526
365
-320
1028
1058
629
181
-235
-723
357
256
24
64
-689
265
-136
350
916
-871
-537
-403
121
552
-718
180
-99
-632
413
513
73
-151
47
222
-405
475
-384
-151
643
42
583
464
-150
-174
45
279
-827
-36
-73
-986
365
-294
749
62
-296
-623
-694
111
-289
203
956
-560
-497
662
229
260
421
169
-89
775
-260
-1070
553
-362
-522
324
-130
347
-734
-509
536
-1174
-648
26
-312
-847
-261
-261
-525
-811
-96
286
-236
-435
-144
147
-184
66
-82
-1049
553
-533
-103
115
974
-495
126
1
70
715
-427
-628
-321
137
-608
-324
-698
-227
367
385
175
-278
252
473
-152
-245
1
-9
644
307
-52
-31
477
-148
-84
609
-466
57
-670
-16
-1073
491
-385
208
-60
488
-107
152
155
44
540
-593
760
679
3
268
-664
16
311
-910
-93
152
151
558
-566
292
607
364
531
-423
-164
-220
297
776
-920
695
271
94
21
-219
543
-467
538
-760
52
84
-1119
304
185
18
-511
-117
-877
849
-378
-596
108
-241
1151
-216
-199
343
107
-846
621
-64
-933
-27
502
162
-563
-60
391
-529
-344
-242
-406
141
33
428
915
410
269
-786
-1
-670
220
-755
77
250
-222
-85
-161
558
849
-50
-351
-135
-618
375
446
-967
-434
184
-293
509
164
-18
974
299
-75
-105
-44
-371
427
70
-212
-127
1269
-853
-1076
59
26
897
886
986
-584
144
566
-245
738
552
25
156
24
-120
-238
218
136
139
-198
222
-774
53
-623
-697
386
216
109
1092
-684
-527
-536
371
353
-327
-159
-268
140
778
455
793
-16
-80
244
-600
110
-356
-305
448
-115
-415
-86
764
219
532
60
183
-247
-167
458
551
-23
-372
790
-263
565
-237
-412
-151
859
626
152
839
290
-546
469
-223
435
22
573
-244
480
-6
-882
-472
-200
239
-902
-305
-1276
344
-1353
92
-137
-262
-141
55
838
1348
389
-340
-914
28
-590
-650
590
-264
885
-527
764
128
211
-569
217
238
-959
-162
18
-680
-782
549
-158
-592
-208
581
373
-198
-63
46
753
262
410
-361
-189
-49
-379
-366
259
264
-287
-438
270
1102
-434
-254
202
-507
-547
-526
-206
-708
482
-420
217
-633
-261
-584
476
-217
229
-450
548
346
-223
394
266
-523
743
59
142
-89
-747
503
-2
-25
-91
695
-602
-179
106
-243
12
43
-197
767
-38
520
7
9
223
384
256
-591
-173
-268
-555
-629
-1122
132
742
-1114
798
-536
1020
906
-144
839
-68
-387
708
237
-285
-867
520
-693
-734
479
-126
808
54
-43
655
-167
-667
-1114
168
-347
-786
-105
-299
64
-793
-599
-475
-409
594
-122
4
-761
-706
-107
507
603
-24
-1149
513
-64
86
193
222
22
234
-8
-901
433
279
-20
-28
196
555
312
-104
-971
-458
-131
520
542
-522
-437
308
-454
181
183
-206
441
-291
948
341
25
72
144
444
41
-45
796
126
23
541
49
-171
435
392
537
62
424
144
463
-466
113
-600
431
61
-614
168
656
204
-900
-97
138
685
-965
-296
302
435
755
203
-527
-568
525
-71
-263
-97
526
-384
838
246
-332
-558
458
1043
-829
102
-77
-730
-244
237
637
-322
-587
-736
-258
960
-23
-563
-547
159
81
-683
65
-172
-261
110
238
-223
757
-420
-415
1200
183
-276
-326
390
207
-109
502
397
816
-134
-132
45
-651
23
-849
875
175
161
-211
-704
-3
-581
224
201
-144
501
262
-48
305
-348
330
-606
9
636
-728
-337
-219
483
468
-192
566
-551
248
113
-95
-67
-697
-145
-146
-269
-261
89
441
-128
108
-388
-728
-53
912
525
-197
-786
420
46
159
-581
793
140
-429
220
620
-9
23
68
-124
-77
619
127
-317
433
-414
707
-262
-247
227
36
-170
738
464
591
1041
-125
243
-2
359
-730
250
439
60
647
540
-32
-176
-486
22
-319
421
249
113
541
-507
-233
-794
-220
640
609
-500
-302
333
-928
307
250
697
411
525
166
99
881
-183
-205
-366
674
-71
-118
-15
450
-533
563
-367
-233
187
383
51
85
175
787
-703
-96
484
166
181
190
-189
843
477
649
-57
-1076
-408
-893
230
-73
115
274
275
-210
-214
-413
259
106
599
-291
-27
174
-183
767
407
-432
-131
393
-197
1434
12
-273
340
122
499
-601
730
479
517
-717
680
-29
-350
426
863
-187
-341
79
-607
-42
-100
-232
-294
39
-12
147
-307
425
458
-671
-232
-544
235
-459
-115
-9
39
-255
21
-10
-212
-241
-445
398
-165
475
-27
853
18
-267
760
289
198
-509
-199
-780
897
273
-378
-288
-574
416
-883
294
-406
-29
525
570
808
429
868
671
935
398
-299
409
-715
-651
-157
759
385
-516
277
459
286
175
907
-442
154
-31
-233
291
601
52
571
-529
513
155
82
117
-746
-408
-787
-6
-262
200
833
107
159
-395
310
-496
-203
211
65
295
597
-1279
-545
22
532
-371
-89
-1071
752
-837
354
252
-44
-352
-775
288
-29
100
-574
-150
224
331
-530
-279
-1392
53
236
-1402
20
-145
-1010
140
271
-241
720
-129
765
-499
319
95
707
-592
-202
1122
-22
-205
178
320
104
-146
190
302
258
-332
-1086
-440
-676
-97
171
-631
-909
-354
174
-145
-271
-748
61
-593
-549
723
175
-439
-570
111
182
621
-264
187
-464
182
383
549
929
-254
-619
381
-298
146
1399
366
-552
-1011
575
609
240
185
451
-247
-876
33
640
740
295
353
-849
-74
-952
636
-398
1036
204
-405
-458
-63
-464
-214
-713
1179
97
-726
492
-279
486
373
150
116
152
434
267
-92
134
375
140
246
157
-563
-166
-142
-872
667
81
-225
-819
563
639
125
149
-486
739
893
1199
298
-481
247
109
-448
221
720
-286
230
-375
153
-94
226
-231
-146
435
-558
112
914
68
-143
275
619
163
371
23
-691
696
-35
152
-405
253
-1123
95
195
308
1187
-5
-87
44
-565
239
-1225
-401
335
-541
475
-365
480
442
-580
-244
76
187
360
178
-322
-261
-130
139
-599
-626
-816
-674
501
105
-447
-108
17
438
-833
734
29
-135
335
-267
-406
871
78
834
371
-259
164
136
-657
193
847
292
270
-249
374
-85
344
-1102
44
-170
950
-428
-178
158
372
104
293
137
-440
276
-481
-247
222
252
-791
283
-404
-102
-654
37
-280
758
-9
1235
-173
342
-59
723
-339
-314
-819
-377
-273
449
417
533
79
-85
145
614
-597
-285
129
-233
716
193
1141
-144
474
-182
76
-767
-269
420
-27
-298
6
-1198
505
968
-628
280
-130
173
114
-181
672
1434
-95
199
527
-461
-453
-202
-127
-529
333
14
-99
-543
-90
883
-1087
-672
-383
-204
162
352
-792
623
133
68
93
90
494
-150
66
398
-315
97
406
333
-841
-31
125
176
-338
446
-262
-447
129
170
-686
617
-135
100
-925
-42
268
332
775
-157
-33
-344
293
339
263
16
577
-565
973
-168
266
352
-985
-852
505
974
649
-35
487
-479
-375
-58
-263
250
18
54
820
886
100
-356
-476
-724
-474
-278
-682
-330
-643
241
1075
-355
-378
223
448
447
-545
-1021
83
-663
-586
165
484
111
-100
-863
-364
-307
349
885
328
111
-458
191
297
549
248
-509
-726
531
-68
-295
-242
423
10
-521
385
90
457
-732
306
36
173
-427
-88
545
673
228
-365
-71
96
-327
-120
540
270
412
484
-263
565
279
838
687
-205
-505
403
-26
815
-372
219
-90
103
44
640
-133
306
345
-28
453
-580
135
367
935
212
27
-654
-682
286
112
-214
-506
289
-309
-652
261
8
-35
-225
225
-890
-275
183
-553
176
171
-192
-1178
410
-669
144
-124
-114
825
-77
6
-31
414
-652
-780
26
-917
368
100
106
-260
-335
-899
122
839
561
462
-349
-504
-290
-187
-264
1197
-216
17
-564
-424
-773
57
-394
104
-521
-373
-132
-356
-253
-388
187
64
509
-284
239
1086
15
41
-81
-112
748
238
728
233
-213
318
-436
467
422
226
1054
-294
-716
-15
18
399
642
667
69
-11
-77
-273
-623
-709
-343
54
77
517
-350
-360
281
349
429
-306
786
-32
-593
-29
189
233
-872
-472
259
-392
-453
282
83
-49
-510
-288
-384
15
-6
73
391
-669
557
-944
-336
528
-1601
-180
-369
-58
661
-253
-143
-87
-1593
-197
-1257
-388
121
-259
-513
-413
186
-238
311
-1069
-254
46
310
-626
440
121
-165
-425
-129
150
789
-27
332
-327
-485
-221
-63
264
-307
-197
-213
761
12
267
339
-272
-362
432
334
-250
541
698
-145
-26
-96
541
-470
-344
346
731
673
32
-261
-78
249
436
644
-631
217
-97
-747
-453
458
-595
-46
-157
613
314
839
-37
-190
-318
659
130
698
-194
-64
150
954
-635
-738
1309
198
-273
-638
-180
-765
-409
51
626
-145
-296
148
-771
274
109
21
136
496
-82
-190
297
187
-58
268
153
1096
362
-159
944
-455
1044
485
459
-576
-160
636
248
292
-249
-672
558
-167
520
552
-411
1060
-257
-433
-430
107
-281
-1018
-232
-498
76
628
-462
-877
326
-147
165
993
-585
279
-889
37
-498
-841
671
590
-315
-115
-1362
292
97
-104
-169
578
589
-5
-277
-594
65
-537
-289
-397
-148
105
-347
560
395
274
-479
-20
-113
231
-898
674
-285
20
201
215
85
125
783
-260
-694
-567
-413
-288
475
-247
362
771
-152
299
50
-185
-238
-717
675
-341
-851
222
-931
-261
-507
359
-329
-543
107
-735
105
-297
709
211
247
507
-90
190
-188
-96
95
-374
715
-376
-187
-204
306
458
-250
99
-331
20
-152
521
-231
-161
-48
-287
841
313
-490
-401
637
361
-259
-50
249
-26
216
-124
-298
1433
-138
-159
302
-535
-659
-263
-245
485
-116
-465
32
220
506
-367
-104
404
-648
550
72
326
-126
-525
-483
-303
518
164
100
158
-431
394
280
17
281
36
546
416
252
171
758
-300
753
-1001
-569
-555
122
-20
256
541
447
-244
258
425
-158
129
-825
-43
549
-288
118
458
-267
-396
100
171
-1040
487
-478
648
303
94
152
597
-245
35
259
-639
-613
-407
129
-139
41
455
-272
174
-28
-52
-286
306
-887
-777
309
276
231
-390
376
82
-374
293
-106
-182
-343
-227
-263
113
740
-307
185
303
197
633
70
589
311
57
-372
-513
217
1338
-620
-408
725
185
-256
-373
-146
-14
72
369
369
295
419
702
-262
-32
66
-191
432
177
-279
72
319
360
467
-8
173
-92
124
259
-1060
-509
511
533
-320
324
535
-249
-287
-996
-426
301
33
529
114
-699
-322
-67
213
346
560
-166
205
37
-715
-478
499
-418
-1254
671
-88
19
-480
53
-691
62
256
-171
60
282
-427
-318
415
14
-140
-214
456
900
150
190
69
-369
54
-372
466
-188
984
-439
-751
110
-452
267
181
-618
108
764
-221
-383
639
221
614
603
-635
918
65
1320
-117
26
5
-475
478
-68
-147
410
-169
262
-337
-432
-594
-62
65
-616
-304
-358
549
223
-129
-180
-390
14
-596
428
392
-754
-171
-14
391
1178
841
449
34
-513
-393
1002
324
354
-174
453
-966
-31
293
139
-158
-104
-1162
46
-190
-578
873
378
224
-438
435
180
-425
290
-803
-36
391
-620
330
814
586
-64
-284
2
365
-568
-248
-38
310
211
111
-241
-153
-108
-151
-656
-140
32
-946
-206
-772
-950
-45
236
-455
-35
22
-75
130
702
-397
-206
-345
858
-221
556
835
335
-466
693
62
-198
-585
-324
161
485
-415
-71
378
290
-489
575
-103
690
388
-55
-510
-925
733
280
-374
-967
443
-329
-546
-1704
-14
-104
-31
-1061
-535
539
-170
-129
-3
-501
854
-307
-140
-672
-35
40
587
-304
-157
-737
-189
378
-272
-133
-143
5
-149
584
645
892
1000
-105
837
778
-892
407
64
600
530
-647
-612
-776
-451
-160
102
218
-682
133
609
372
377
422
58
-727
-589
26
531
252
266
102
-542
462
1171
318
130
326
-610
-31
430
-424
-1146
461
149
39
-284
128
149
342
560
-276
333
798
333
-179
-130
-960
224
-100
29
-99
-405
189
0
1279
230
262
139
260
-472
305
-654
177
134
-1131
-602
349
130
66
-531
737
187
-468
-364
-287
-550
-809
282
-664
129
-121
710
249
-623
311
267
52
582
-360
253
271
180
377
-458
-577
474
-495
-13
-17
-11
82
-253
128
1374
97
-148
364
-279
-221
-295
-217
-183
-267
-16
-245
668
-84
686
614
500
1091
109
958
-751
652
69
-555
-420
773
312
45
260
-556
1041
-556
-566
371
-677
-629
-477
-72
794
-176
808
-139
-785
153
-205
-420
-232
640
-378
-495
-70
385
-591
779
-389
-93
404
713
342
-579
221
-52
369
47
-73
-192
-673
318
774
1183
99
-351
546
681
-449
655
-580
-41
385
-311
-372
235
-215
198
325
-342
-405
737
1066
491
57
418
13
-783
-60
-638
857
-497
397
813
-143
45
-35
-105
-317
3
-6
254
247
217
-38
287
171
436
8
-378
532
475
183
-601
38
386
1001
-119
-150
243
143
-724
-504
488
640
368
-311
699
-772
-23
-769
-855
57
-637
-86
-211
-582
283
54
-452
-333
626
-536
265
-435
-55
-378
-432
8
0
209
-117
699
-1644
-663
225
46
-485
193
850
173
413
50
967
-757
-342
214
141
1033
415
160
88
820
-341
-62
-841
60
-69
-907
327
191
-126
151
-950
217
446
-734
-412
188
-367
1086
688
-377
-585
-436
-455
-1043
-130
78
-29
79
-194
514
1
350
405
-317
-209
-753
-70
564
101
277
-434
608
-528
-441
537
-505
-437
-15
652
-230
53
-60
244
298
-463
-342
2
280
-811
58
-121
-267
-511
-16
751
490
-520
477
397
-47
-120
338
43
-67
-119
-222
-54
-146
102
817
-206
552
-533
-654
-142
-876
186
74
-231
977
-540
464
-1323
72
-390
1288
-593
-435
-79
-151
-66
-869
-389
-442
-191
-56
742
111
752
567
-232
48
-366
-150
-234
-856
-183
-602
323
-119
-202
-66
32
471
552
198
-7
324
-188
-56
-667
-312
291
382
-389
-194
-416
184
-246
-554
381
233
307
784
-853
362
-987
-799
326
-573
-127
360
-808
-281
-595
-376
-213
-478
908
62
815
633
-428
384
-524
528
-914
567
-422
-339
-198
-241
-475
55
778
-1171
-407
297
256
-452
147
145
-179
-130
-676
-11
-97
240
-618
-1484
182
-498
736
382
183
330
35
-88
-672
-595
719
-302
-707
-161
-250
217
195
-332
498
-653
-267
-52
636
-309
-356
231
-239
-188
743
-189
-121
1286
126
516
-298
-205
-881
-61
-490
-484
-155
180
-304
-228
-290
465
-198
-484
701
-151
-44
656
-64
86
203
491
348
319
-258
218
10
-488
-603
781
293
-791
-344
-19
-400
-394
-918
-54
80
-47
245
-268
-462
114
-72
265
457
-403
-173
-80
245
-68
-689
804
105
-361
-495
316
772
-64
-573
-165
-358
-268
200
543
-885
-394
112
861
781
-332
479
151
-445
1323
-481
173
66
-245
-216
664
-40
257
-601
0
-119
-1565
-46
-185
-710
301
-14
-342
-682
1085
-242
1052
1008
449
-755
-3
143
-583
-175
-267
-234
-89
146
-136
-1004
-289
-237
-72
-552
-524
-372
8
459
-1035
-159
411
-179
-533
-544
-40
629
49
-729
-163
-299
-1077
-526
380
-18
-351
-235
22
550
1008
493
59
-123
-90
100
995
-326
-29
-154
-119
72
372
388
-92
-70
-612
160
842
418
222
142
395
-404
111
-206
-458
30
-837
-206
70
135
-385
-104
-177
215
-953
686
474
-91
9
-350
-150
-462
86
505
-549
335
-365
704
383
-382
96
353
494
272
-525
-182
-275
-260
-471
174
-184
879
323
273
277
751
-492
-691
-692
331
314
320
156
-370
-575
310
183
15
957
96
396
-519
-22
301
865
482
-76
-625
-420
1020
39
-416
1349
224
290
581
-256
485
-255
-247
508
-935
352
245
233
95
396
164
529
40
-379
-831
-733
-434
-288
-36
153
-374
480
-321
199
169
-354
505
-340
-541
-502
-11
-639
-223
-1342
-147
48
206
-88
-367
-525
-503
10
638
410
-8
147
126
112
-865
1064
6
565
522
677
863
-73
-459
387
-458
38
-167
160
300
-331
-318
-83
-660
14
-391
-351
-436
-7
-86
-272
501
-708
-250
607
1026
-27
-541
111
522
-9
-42
-501
381
222
-328
525
-511
-364
502
66
611
-726
627
805
215
-376
269
645
418
396
-911
636
167
-46
122
679
-68
988
441
52
-213
-74
-525
-590
255
-72
-162
513
275
557
-852
-103
-195
726
-729
-788
-78
113
232
395
672
503
162
320
-529
498
516
681
280
245
320
-726
915
-782
-452
-367
-75
-308
176
-13
721
95
-171
-282
68
-176
-181
680
708
-285
-427
-790
-421
281
427
-1128
842
1200
-889
669
-626
170
-492
-46
-66
-80
1288
-367
561
40
577
792
121
-118
170
80
-797
-275
-206
-87
-765
40
68
-27
328
221
-36
-435
70
-836
-195
-296
-247
-369
207
40
-105
21
-694
-194
-101
-456
1146
222
-949
-376
-427
439
-671
-35
283
596
20
141
187
52
-366
-80
-227
-196
162
-893
625
-45
-105
-165
556
-201
-320
-737
-444
-282
-510
-297
-325
-303
-166
-30
18
162
1061
229
220
622
-139
-2
-419
19
971
-756
-172
749
-618
-872
-347
-517
390
843
-454
-448
-115
605
535
-936
-748
-469
-550
-1270
623
290
-239
617
-627
-484
382
943
-297
-627
888
395
228
-221
-363
519
34
-92
394
-334
509
-317
798
669
798
399
-260
-81
305
-942
357
-204
-166
-887
-1253
-681
117
-1580
-884
-540
-516
-1047
-136
5
391
84
733
-67
-733
440
101
-169
-57
-360
323
-106
786
-354
-43
3
243
-486
740
474
-570
251
689
-414
262
105
145
-8
225
424
-19
286
466
-1192
-119
1049
-224
676
-496
257
2
81
-226
241
-13
-59
617
-299
641
-117
120
-522
-452
187
726
494
-329
-530
-634
785
-86
142
193
341
-160
-424
409
-750
536
359
70
-503
-51
228
266
-174
-647
220
399
323
-26
-152
-60
-331
-581
438
-870
834
322
-626
273
-466
-375
554
265
564
85
-395
-255
478
349
-797
-545
16
-191
-275
301
6
-74
669
500
511
-1020
-204
918
-497
434
-53
-3
344
-65
-577
267
262
-549
-213
26
-369
102
450
-179
513
158
-549
-200
329
764
148
627
-384
23
683
-9
571
-149
-504
977
165
-145
-189
-491
1238
464
-427
-420
-49
-108
-528
-1003
482
266
-317
90
-195
510
-450
-167
281
210
-678
277
516
11
-498
-45
-86
-449
60
-708
255
-345
780
-69
180
214
396
-543
-564
-296
716
-484
-323
515
459
-115
-182
326
-511
876
260
7
574
-845
764
-221
-1310
393
-469
382
-262
82
-515
-160
283
31
-276
52
-964
522
584
-328
53
-447
213
-520
365
-114
88
29
301
-81
-271
-352
108
-74
-440
-597
-88
-231
-241
287
-702
50
-240
-505
211
671
32
-507
-344
-266
-350
65
-55
-797
432
47
310
813
-330
491
328
244
419
110
-243
566
-407
-587
600
-377
210
100
-241
-303
-530
-347
191
-428
152
-50
256
-293
459
291
971
-100
-675
405
1
1522
-666
-235
-59
451
159
-69
122
1003
1120
-252
-224
22
-25
-518
-228
589
-609
302
636
-23
154
357
444
52
-768
-83
46
129
57
-69
441
-311
-411
1066
104
888
396
-9
199
-380
-451
-639
-685
-356
784
-211
946
-626
614
-597
285
-136
672
32
-830
4
336
-97
-385
-528
-546
-461
211
-46
1048
-141
-938
-217
382
763
889
114
422
999
-205
-408
433
-645
-264
820
-253
372
-107
85
-82
-13
-552
-998
-239
202
598
-313
-858
240
653
-585
382
-139
162
-67
282
-698
-144
557
264
198
312
-59
-891
-488
-384
511
516
165
592
68
19
-385
-264
-285
323
-847
-945
-392
37
859
229
-551
32
-418
-236
685
-370
-487
1120
-60
-945
417
-281
-7
-923
486
29
23
-273
299
-498
220
-294
50
94
-502
-439
295
195
675
438
-248
101
565
-308
-129
-133
442
188
30
201
44
185
-569
-655
755
690
-61
412
89
86
654
-133
632
977
-176
70
-534
-93
158
-553
347
134
-106
-384
-993
1086
-955
-108
-122
-954
447
261
-172
-10
-387
856
-254
129
220
-235
-133
52
-227
-622
936
-171
36
-494
-457
-429
417
-71
310
-577
149
897
-137
-413
142
-557
547
5
1
-505
561
202
1075
168
37
-538
-230
474
366
-220
-108
690
70
187
500
686
-861
-1004
225
-592
384
-535
-507
36
221
96
-507
-406
-426
686
235
814
381
271
901
-263
-25
377
417
264
-319
40
196
159
-267
296
-284
484
836
335
534
-97
855
956
-230
-27
-595
602
-863
-288
247
352
-374
1068
266
-221
-287
-51
428
-366
109
531
-336
-1151
274
750
-266
-11
497
-115
-501
-420
-251
487
367
112
-225
361
-595
508
-138
204
-360
365
-134
-1091
101
158
393
-781
424
2
285
228
561
184
1150
-260
258
564
748
-298
268
87
122
198
287
477
-295
168
-621
-451
643
558
166
-361
173
306
432
-279
12
443
89
525
141
274
-96
34
482
68
-147
-435
79
-458
-768
101
-1062
756
175
-80
-293
296
73
-165
342
-316
-288
911
-474
418
-53
885
-607
436
-765
30
116
-320
-294
113
-585
-582
355
886
-420
716
-348
-549
-57
-67
43
372
420
-482
-537
-1249
-467
549
-199
-852
801
-138
-337
-12
839
-29
815
-1235
-817
-116
-609
-375
182
-98
343
723
233
347
-203
-18
471
-551
399
-173
-286
-318
-551
177
745
-74
-726
-415
-665
-108
-399
43
586
639
-131
-285
54
-392
-216
-681
26
471
402
-591
-316
125
-114
98
846
-62
-126
-537
327
-87
596
360
176
364
-23
747
548
-183
77
-446
-203
-455
81
-957
-221
236
-339
317
86
-82
-53
-45
439
797
25
-64
220
504
-174
777
-362
297
150
-56
258
-14
-1080
776
-112
692
-461
-563
197
287
-725
388
121
407
-309
-490
-621
-337
-304
529
55
307
-27
526
-792
-433
-393
83
-105
535
389
-377
-942
-688
499
592
-405
-416
322
334
-1075
66
-639
-349
189
-87
406
-97
-403
55
-442
313
-3
-75
-326
156
-192
280
-1178
283
-396
-48
-224
-122
683
348
-4
215
584
38
38
-715
-193
-713
-714
213
940
-561
111
-508
78
125
-954
-664
575
-37
-515
1231
-389
379
420
-1199
84
445
163
134
-407
390
-256
171
-248
-635
7
-656
-492
-467
-740
132
-401
387
45
531
-364
-208
-113
422
-265
-38
-483
416
235
-427
-943
-97
233
-343
-305
-458
-94
-885
-407
-895
-242
52
-169
-55
-191
96
347
-745
264
-511
184
876
-447
-274
425
-111
446
-486
260
-566
-1118
-220
-598
272
398
935
363
459
-57
744
338
-74
-850
356
-273
161
-1163
-644
436
-840
615
-227
199
-218
333
-513
-134
-245
-665
491
37
365
39
1002
-470
-438
400
-345
-540
-699
629
256
713
326
813
-63
656
-490
716
201
-172
558
-334
151
402
85
357
112
377
1453
-450
-28
-1006
-283
289
369
70
-616
-374
700
4
520
1
37
92
-376
341
388
176
571
686
12
309
-1053
-130
479
137
301
-342
-1133
765
-77
380
123
77
-377
238
123
-171
-216
384
-232
-268
-378
-223
176
58
506
546
34
60
602
579
206
-799
-4
707
892
767
-586
96
-216
48
79
-134
946
10
446
-363
-193
-225
-485
-711
299
652
-600
-104
-114
593
-748
547
-585
-498
161
-364
361
-296
214
382
304
634
890
-57
-847
-1162
36
-115
350
-283
399
-323
917
-1034
740
147
-517
-483
252
174
464
-417
46
124
-546
-13
96
364
-547
451
164
-171
-745
-229
-458
389
527
-19
846
411
84
-388
-476
-638
1407
-457
440
-29
473
-48
-75
714
50
630
355
-117
-316
-15
-846
-481
-519
312
-41
837
-373
450
677
48
671
381
964
-176
389
25
-190
-43
-331
-562
62
-855
-696
648
476
608
669
362
440
-802
-245
88
-7
405
-483
975
90
456
-390
110
-84
789
1166
-565
253
442
-746
47
-453
242
-481
332
-673
-836
55
-170
-177
139
-1147
-748
34
22
421
586
203
71
86
-12
-88
-920
-176
258
-796
162
-61
208
223
-882
269
-569
-136
110
-622
-315
-181
599
-103
-844
-821
1098
22
38
-625
204
576
105
325
-412
-379
91
135
351
-147
874
41
757
82
824
296
-333
96
-759
-1218
604
-915
-369
-495
-231
764
145
868
-39
-304
-609
-498
-499
-202
792
603
8
642
-343
-666
101
-610
337
-620
499
105
-183
-1116
-315
193
-921
-86
-733
377
514
1545
465
350
825
-577
383
183
21
578
185
386
-102
-38
-313
-751
-80
-371
826
-197
18
112
135
-195
482
269
-729
564
2
302
664
600
-276
-719
-535
-498
-250
-499
575
-724
-952
-227
465
-949
-196
74
-312
245
588
97
487
-786
-921
-261
87
235
-65
753
-1043
348
894
-176
-162
-732
-816
-69
-493
101
464
-57
-313
-294
-155
-743
183
492
-237
142
-252
-522
-1772
-781
-279
-288
65
296
-161
-569
-779
561
636
17
-835
1143
590
-38
-478
-25
-66
-821
-560
-43
144
-512
-473
-945
312
588
622
-102
155
-135
-429
-397
-682
-640
182
-686
159
-257
-160
550
49
-245
-190
271
-155
412
-864
-767
215
178
459
-222
155
450
88
-367
-593
-29
326
-189
616
458
1010
204
-324
473
266
-272
3
54
-603
900
-663
-317
361
-214
493
-476
1600
126
350
484
294
425
194
-95
173
440
-179
198
40
-89
742
-474
110
125
746
-360
70
-173
262
1107
-121
-252
553
-596
408
849
398
-193
150
545
47
447
557
152
14
1196
35
-215
736
-632
-296
80
237
-57
930
1029
227
686
-201
-508
459
572
192
-801
-289
-139
-521
10
-778
-56
42
660
60
164
121
160
40
239
406
-150
-1040
480
365
-97
-103
354
126
726
671
-75
0
466
-159
-190
-340
621
196
399
376
141
-266
-535
333
429
-405
323
351
309
637
-857
-106
592
-678
-317
257
-689
-49
233
168
719
224
-650
614
33
500
-37
137
65
543
-810
258
274
43
-521
-375
-663
26
120
-92
279
-412
325
-391
-621
247
-208
-504
433
456
-638
-445
378
485
-305
-280
40
787
-103
1005
128
282
777
-676
-742
570
-666
427
113
519
481
188
273
-184
-42
8
-794
397
-1026
101
662
96
674
-117
-334
-444
-488
1003
-46
-136
754
-185
-307
99
292
182
-424
297
541
-86
143
175
-617
143
519
-444
436
-218
704
448
293
-98
-231
39
572
1151
-349
512
487
666
309
621
242
287
-378
833
-228
35
674
-92
255
450
373
34
404
560
302
-454
-336
-532
71
327
255
237
845
-414
607
-1032
-443
460
251
-139
149
59
1454
-113
-325
-118
-1776
-597
269
-305
42
1101
-291
-59
230
-93
151
-1083
-478
-297
407
104
15
-615
-44
-40
815
365
-487
-383
343
311
-102
176
-284
-192
-200
45
235
16
317
320
-515
48
45
-250
354
-91
-9
-172
968
-96
-348
249
-569
458
-193
481
-903
205
169
227
-223
170
-155
-111
-189
215
81
975
-577
797
240
-172
227
333
-442
656
794
-1
-261
455
109
-108
465
48
25
488
-298
119
277
186
-385
225
567
63
-266
-140
-294
-280
-92
-266
-13
921
167
560
297
387
-610
252
233
232
855
-373
797
150
-746
-40
685
-175
253
312
702
198
-415
145
608
279
29
151
338
79
-375
-30
666
-717
382
-994
-181
-177
-7
-674
-512
509
-202
-618
413
792
-655
-441
450
130
-528
783
-104
-84
339
422
421
181
-105
41
-486
-593
593
-609
-301
-568
158
-277
-53
-533
446
55
-577
-230
-199
-331
-758
194
291
-605
-160
-225
-45
-329
186
-492
-786
-199
252
24
709
-414
1071
-804
643
129
1237
-38
-142
-137
-638
524
595
-47
-230
-127
259
186
302
342
-168
-132
417
1
-124
-138
50
109
28
550
964
-341
-445
56
103
-80
570
1254
-421
619
257
-369
29
2
67
108
288
421
525
666
1158
134
305
155
-100
815
-128
-646
389
707
49
-142
-1034
-409
-324
208
161
-246
-221
415
-178
-590
65
186
343
257
-23
653
-859
-300
-448
360
-208
307
308
59
618
-355
-292
-754
-395
-952
273
-341
-1219
-324
-350
84
-668
124
-988
7
-130
349
-423
-120
65
150
-901
-60
791
749
63
664
-116
-231
-338
511
-1228
1225
302
-1166
339
-191
-443
538
19
10
261
-1182
859
-320
-359
-208
-348
-32
-1190
63
91
-879
672
731
66
-275
-574
-107
310
-810
-29
74
401
812
-356
436
-667
-329
515
132
327
-1166
258
199
240
-250
-212
449
141
68
1
209
450
314
115
707
364
-163
-580
414
156
-375
-673
-684
-979
-609
-153
-480
-245
-551
642
287
249
265
27
586
368
-10
-17
-316
297
725
-234
286
-439
-599
256
-113
-276
427
599
-142
503
367
-233
-621
-309
-956
-418
433
-32
-413
-136
-24
894
785
-106
753
558
-429
651
16
912
-693
483
-96
-93
-422
738
-525
222
-450
990
745
590
-360
59
113
144
-356
263
-146
679
-69
-133
203
-91
-302
247
10
-250
-272
408
-5
491
46
-493
600
-261
116
-586
-442
119
293
-68
-414
281
-161
-876
-601
-1023
664
186
-977
-238
-104
51
-2
221
541
-198
-58
-366
656
53
1198
-1012
828
698
-31
167
414
283
696
173
635
524
-114
-445
-326
194
-848
-753
1191
-625
192
-304
405
1132
605
369
156
-180
595
-121
0
862
-246
-298
281
-28
-621
-716
-38
578
424
188
261
-434
8
250
-198
321
-276
-263
-717
180
-272
-730
276
-229
-145
-327
256
255
-144
-301
60
370
-4
740
299
91
-227
124
-690
316
-521
-372
-172
-155
-432
-393
-813
-799
-339
46
70
-503
234
-135
-5
329
269
167
984
-250
520
539
-772
198
-227
680
-268
442
-100
-684
482
453
-509
-125
-188
-719
-654
-248
25
-813
247
720
-33
772
-363
-190
199
187
308
390
787
-432
569
-175
-107
-1054
-386
-732
55
258
271
168
82
309
-526
-504
-49
195
236
-348
-727
189
-575
497
578
-983
-270
408
95
-91
957
-603
-546
-187
-316
50
-511
-1427
-582
127
202
331
-620
9
919
-496
-147
349
-294
-521
394
-160
-162
-495
-311
-110
-738
614
-488
288
-1007
263
-741
665
-693
-308
-132
-760
-293
-866
-1414
591
215
-117
-778
109
-550
-46
282
-422
117
-451
181
-132
73
-333
352
-126
-425
-308
291
102
-130
426
-203
240
-36
-201
-542
184
-565
-161
215
220
-489
49
-183
-405
760
347
196
-575
-1500
398
972
82
-369
630
-208
-319
-43
-386
31
-9
158
661
223
4
68
413
-522
522
365
86
146
-765
-443
-126
-95
-210
-173
-192
273
-1243
511
816
46
206
-832
-637
-68
732
613
-38
-163
1557
-303
-394
-1011
-245
-848
3
317
-400
-451
914
-745
-5
458
266
-322
168
83
-285
183
301
135
10
-657
121
-849
598
459
583
253
60
-157
-489
82
257
311
-357
-269
1178
77
-162
526
-485
14
255
-1060
-356
-52
-479
59
-96
-651
-559
6
-661
841
-439
943
-278
-311
226
-554
205
173
422
-114
309
-147
248
-242
258
-17
34
-293
1093
-996
-664
-7
186
-195
-50
90
-317
479
59
291
-218
86
-66
-157
695
-107
-541
-413
331
-129
494
-990
-1217
316
-417
-177
309
262
-619
-127
667
234
-34
-470
511
-1005
-37
709
788
-305
2
-702
-311
-86
-182
-119
266
128
211
-959
-1041
-392
56
-259
695
667
-458
298
-135
180
-327
-223
-148
174
145
716
166
143
640
-413
-236
-92
-429
239
-556
-69
160
231
792
-408
-537
-35
-495
321
348
-145
-613
-748
45
280
260
3
-88
-266
248
-637
-81
-409
445
-406
-166
-62
90
534
1078
-648
-76
58
553
-137
44
-193
-353
-869
-254
638
-301
289
814
-126
154
1018
-849
-734
417
-151
-308
82
-697
763
213
-234
-382
-746
887
-354
-952
619
-216
-55
294
327
281
581
184
72
96
-203
354
-448
176
-341
-527
206
314
-272
-306
798
-570
-374
-376
-430
169
140
-796
-623
-483
-149
-170
195
-76
-309
-100
327
83
-216
438
-720
-356
277
-523
585
171
783
-734
-534
-57
-333
51
358
-36
120
81
346
488
-830
-189
-798
-346
-262
-203
-316
-313
587
1118
483
-424
-264
-644
-575
41
37
103
505
-6
-98
-126
-466
-130
606
-979
260
-482
-320
-190
1438
347
-387
-360
-54
-57
-948
19
-82
-598
392
160
166
-412
-74
1421
-174
-30
931
-345
406
220
-214
124
-258
-722
-205
-359
-799
-858
-12
-62
-473
161
-666
999
-419
45
396
149
-124
-563
287
-148
373
660
