14 84 36
0 2
0 3
0 4
0 5
0 9
1 1
1 2
1 5
1 6
1 8
1 9
2 0
2 1
2 3
2 5
2 6
2 7
2 9
2 10
2 11
2 13
3 1
3 3
3 6
3 8
3 13
4 0
4 4
4 7
4 13
5 4
5 5
5 10
5 12
6 0
6 2
6 5
6 6
6 8
6 13
7 4
7 8
7 9
7 11
7 12
7 13
8 0
8 1
8 3
8 10
9 1
9 3
9 4
9 6
9 7
9 9
10 1
10 2
10 8
10 9
10 10
10 12
10 13
11 3
11 6
11 7
11 10
11 11
11 13
12 2
12 3
12 4
12 5
12 8
12 9
12 10
12 11
12 12
13 0
13 4
13 7
13 8
13 11
13 12
18
81
12
67
47
19
6
38
57
76
30
0
21
32
58
80
25
36
49
8
72
53
29
13
79
59
40
69
60
68
28
35
1
55
9
34
3
5
15
52
50
24
54
10
16
26
22
33
61
42
73
51
83
66
82
20
44
23
75
64
37
31
71
2
63
39
77
17
74
48
43
14
7
78
11
62
41
56
46
70
27
4
45
65
1
-61
-13
46
19
-46
6
108
-4
15
39
13
11
37
-68
32
-9
-40
55
36
-73
49
-31
-41
44
51
82
-10
20
2
-1
39
-40
-4
-21
-89
39
31
71
28
-3
24
-11
38
19
-18
-5
18
38
-32
-5
31
-91
-27
-27
-15
48
-29
4
-20
-53
-44
19
37
-44
16
50
-25
10
25
-58
34
9
11
85
0
19
38
-17
45
-23
6
22
-12
-35
7
56
-12
-47
29
46
-11
18
-56
16
26
61
-4
38
-18
49
14
-12
21
-26
-7
26
38
-11
-75
-1
-12
82
-36
-14
58
-13
48
-31
3
21
-19
45
-28
-23
4
27
53
-35
-56
67
47
-25
10
-12
-37
-2
-3
-46
-30
-23
28
-55
0
19
15
56
-1
-28
3
43
54
-36
-13
-27
77
69
-26
-46
-45
37
-55
-32
61
-47
-41
-10
-41
-10
-33
47
-7
1
-36
2
33
21
16
41
40
15
20
2
7
27
12
-35
22
3
-27
33
-35
-18
-16
31
-13
5
3
-19
-8
73
36
-49
15
30
-59
71
40
0
-13
-9
-52
-4
-17
6
-1
19
-18
-54
-26
-3
-20
-17
-10
-16
-11
-21
-13
7
27
24
24
-37
-13
-13
18
-18
-4
66
9
-38
-16
29
46
-4
62
-30
21
5
-11
6
58
-22
47
28
39
-4
19
-34
-4
16
-20
5
-30
-36
95
32
66
-34
-48
0
-13
5
18
27
15
-47
-16
-31
53
7
36
-50
4
0
9
10
14
-4
32
-90
-117
-14
18
-64
-21
-2
-29
5
-8
-81
-34
-13
-55
-2
49
-9
-16
43
64
22
-36
-80
14
-81
-12
-103
21
-35
-64
-26
23
17
4
-25
-72
-21
-41
19
10
23
37
-7
13
-29
16
-21
-68
-87
-18
-36
3
29
25
47
14
19
-21
-47
-32
-24
-12
-77
47
-22
-24
49
72
-7
71
-33
34
-4
-14
5
87
2
23
28
-18
3
-24
45
1
17
29
19
-12
-18
17
-3
-24
-26
41
42
48
-13
14
40
-10
-20
4
-55
-35
-8
-38
-51
64
6
-61
-41
-64
47
-26
-58
43
7
-2
25
34
-7
-5
-48
31
-47
-36
36
-69
16
-69
26
39
-22
1
49
-45
54
6
-22
28
-38
-61
-28
69
22
-10
24
-52
37
-6
4
-24
19
14
-21
-55
-32
-66
-25
-8
-22
-16
-3
35
35
-52
-8
13
12
14
12
-13
43
-14
30
-45
30
-56
-8
38
19
-24
50
20
-45
-2
23
1
-15
-9
38
-10
-6
6
22
-57
35
-21
33
-28
-34
-14
15
46
12
60
-12
25
-17
-51
64
-12
47
-29
21
21
9
63
-20
-44
-38
12
-12
-7
8
-43
-10
57
24
-21
-13
-41
14
-72
-7
-7
51
-52
-54
-4
-12
66
43
15
19
-10
-38
19
25
17
-18
-25
-30
-21
21
-37
-10
-19
21
-98
-51
9
37
-8
-21
24
-21
29
51
52
-31
32
23
-4
-39
2
8
0
56
32
19
23
15
-18
25
-2
52
-23
-5
27
26
59
0
-42
9
30
19
-16
20
1
24
3
-20
6
64
30
59
9
11
27
13
19
24
-51
36
5
-7
-4
-8
92
-9
-35
-13
43
83
5
-2
-8
-8
30
7
19
-30
8
35
-3
-6
61
22
-90
-3
-45
44
-9
-16
-57
32
-21
-26
-12
-52
-8
26
-4
-45
6
15
-44
22
-14
-37
13
9
48
6
21
-24
-51
0
5
-28
-34
19
-62
-51
47
15
6
29
-53
-22
24
18
-18
-55
-47
-19
7
99
-38
-22
-17
27
-30
31
9
19
-55
-65
-33
1
-27
-59
-43
51
-28
48
-20
22
22
-27
22
-38
-80
-17
-11
74
25
87
-19
-4
-34
-15
-35
37
29
34
-61
66
84
34
-11
24
15
-34
-15
-22
67
-18
-37
22
-50
64
-27
-5
75
62
5
-36
-14
32
-8
-41
27
68
33
28
24
-5
55
-23
66
-31
-54
47
39
-21
-23
10
-1
1
31
3
13
23
-1
-28
-26
98
-2
-7
-49
-29
-3
6
64
20
-2
62
21
7
23
-94
-43
6
-32
22
-33
10
40
1
55
41
-7
-53
24
-4
-5
-73
-8
0
24
-19
35
26
-32
-41
-24
-16
74
43
26
-38
0
-86
-28
40
-22
54
31
66
29
33
-35
-30
-12
-43
-26
94
-17
-16
-12
-7
16
30
-42
69
54
-8
44
-34
23
43
-86
-43
24
24
-54
-67
21
-21
25
2
36
-27
-7
-39
58
18
23
45
-29
-52
-2
8
59
29
-30
59
-52
8
2
13
-17
-46
1
21
19
-75
-20
-49
41
-13
16
62
-8
10
-10
7
-3
-15
48
-21
-47
7
49
3
-45
-25
-21
12
-25
7
-24
42
46
5
-10
17
3
30
-61
-39
-74
50
-58
4
24
1
-32
4
27
2
31
-3
-40
-13
17
37
54
7
13
-33
-10
0
38
4
-19
19
-35
25
-95
-65
60
-8
44
47
-4
49
-17
-14
27
-44
1
-28
-25
-55
26
-34
-2
2
-62
4
0
21
22
-34
41
15
2
36
2
49
18
-8
-25
-15
-35
-16
-48
-9
-20
26
26
-21
-21
60
-60
-22
41
-23
-4
-22
-9
1
-28
15
30
37
-7
-12
22
-34
-43
-39
-29
-40
8
-6
-90
32
27
-3
15
44
12
-36
34
-22
60
33
-15
-44
-24
5
36
-23
71
40
8
24
-21
-51
-1
-45
-22
-33
17
-14
-22
-6
-30
17
-8
-19
-23
-20
80
31
53
-19
-53
-34
12
-5
-19
37
-19
-21
-26
4
11
63
-25
41
-48
-20
-20
-45
7
37
-52
47
78
39
20
2
-43
17
-86
55
0
19
-26
86
7
-53
30
11
-81
18
58
25
-33
4
38
93
22
27
-6
-9
24
27
53
49
22
-23
-12
-58
14
15
-5
35
-64
28
35
33
35
20
47
63
13
64
-7
-35
-7
44
-50
-12
-21
-5
-22
-14
10
-43
-27
-53
-24
-61
74
-29
-77
-48
-5
-4
-17
1
13
-45
31
-2
32
-84
-28
17
56
39
-25
-13
7
-33
40
-8
31
-71
14
12
-36
-40
0
13
-59
11
-16
-4
-45
-21
6
51
-39
-40
-65
-34
23
-35
-23
4
7
5
25
29
18
21
-41
-34
-19
-1
108
-54
-25
-72
-41
-17
-46
-64
-10
-40
-56
8
53
14
30
25
13
8
10
-42
38
40
-9
-35
-6
-17
70
-35
-24
-41
-44
-30
18
-53
34
-30
-6
-77
82
25
-32
-40
-17
-20
-66
-59
-25
45
-44
34
-5
27
-1
-64
-15
-110
10
-29
6
-4
72
15
-10
-26
29
41
51
16
79
-48
10
-25
-41
-74
19
-32
-53
65
-12
-30
-16
-28
19
-16
-21
-40
-43
-18
0
5
38
-1
-25
-25
-18
-47
12
46
-76
34
-38
-18
-47
-8
29
-43
7
-38
42
11
-15
58
40
-17
-73
21
43
9
8
-49
20
33
28
56
-35
40
-18
48
81
-2
26
12
-12
-79
-20
-3
-28
-42
-51
10
-33
-19
-13
7
-4
13
3
-39
-46
-1
15
8
5
38
70
34
-33
2
-9
24
111
45
27
-40
49
13
33
-5
26
42
-8
11
33
-49
63
-31
-9
-31
23
-38
-24
-11
39
-27
10
33
-22
59
20
90
-7
-12
22
19
-18
30
3
-32
28
-10
91
-17
-1
46
-10
-4
47
24
-40
-42
-8
22
39
-8
29
-8
-52
-61
-13
-43
25
-64
21
-16
-40
52
-26
-18
55
5
-59
7
-18
-24
-61
8
-25
-5
40
26
-26
32
52
7
0
-11
5
2
-29
83
-55
20
-26
5
30
62
30
19
-2
-10
39
-25
-8
-52
-32
44
45
-9
-4
70
-46
54
-51
13
-41
-97
31
6
23
-27
55
-30
-19
-70
25
-18
-32
5
-2
-42
14
16
-4
-20
-22
75
-8
-22
-11
30
-64
-20
8
-25
14
-26
-73
47
1
-24
3
-19
23
37
-4
17
-38
37
-24
-12
21
8
44
-24
12
-28
4
22
37
-23
-56
113
46
47
38
-33
16
-45
20
-69
13
-20
40
8
-9
-3
3
9
-27
-12
-22
54
70
-62
-16
-5
-37
-21
13
-29
21
58
5
-3
30
-1
35
-34
-4
-4
9
-23
-23
-28
-23
-25
35
-43
85
5
-20
33
-2
25
-114
8
-33
43
-2
-15
-81
18
8
2
15
38
-28
-32
12
-6
27
-24
-13
71
13
1
10
8
1
30
-8
26
46
-8
-7
-3
38
5
10
20
-36
8
-9
44
-11
-50
-43
39
-43
22
44
54
-36
84
-83
-9
22
16
36
29
-28
-21
21
-28
-72
-7
-20
48
39
11
-24
18
8
0
-26
82
-18
-49
-18
36
-29
71
-16
16
-13
-26
-58
28
-8
7
-33
-41
-53
22
-21
3
29
-2
-55
-1
58
-28
-11
32
-23
-10
14
-4
-16
-31
-6
10
31
-57
3
-46
-20
-15
-9
51
35
-54
52
-37
30
2
-64
-13
2
-43
13
18
-18
-93
66
45
-37
16
38
40
-17
-30
29
-13
-5
26
19
-23
-23
-1
-9
13
26
-5
-8
61
-5
36
40
34
35
7
26
-27
-15
13
-28
31
8
48
-20
52
-3
3
-40
-16
-45
-18
34
40
-3
33
62
-57
-15
13
34
-32
41
-13
32
-21
-50
-9
6
1
-6
43
16
15
46
0
40
15
-5
-16
-14
-8
6
35
40
80
-24
26
2
-13
-33
60
44
-26
49
-21
51
-7
26
-67
-61
62
-40
-4
2
17
19
46
-10
60
-27
-32
-15
-26
5
-3
20
12
-7
21
32
-8
1
-2
25
-7
46
8
31
-29
-19
-27
47
-28
-37
-19
1
-14
31
-16
1
93
2
5
32
25
6
4
32
43
28
-4
3
-22
19
-66
-23
15
-6
-78
-11
15
-14
14
-14
-58
18
-12
15
-29
-17
-23
40
14
7
28
-12
-50
25
-6
48
-34
-4
65
16
22
-2
24
-10
19
-35
8
17
-27
37
42
-58
29
-6
13
39
-42
-18
-131
-39
4
56
-29
23
0
-45
-3
-37
-45
-33
-4
18
6
-14
-5
-36
-47
29
56
4
17
14
-58
-7
56
35
50
-27
-9
55
-43
-38
45
20
-29
23
10
-72
4
29
-57
-52
85
6
21
-31
-33
-50
16
41
-32
-44
26
-12
6
27
55
30
-15
-13
-6
13
2
-51
23
32
-30
67
27
-56
32
84
39
-43
-4
0
19
-55
-87
-27
34
-26
2
-6
30
-38
10
23
-11
-39
-54
68
31
-5
0
15
38
-46
46
-20
21
66
-37
13
-22
42
-1
-24
34
20
113
-19
-15
52
-49
42
-44
-40
-20
-5
-27
-101
-26
13
5
-17
-13
20
36
12
25
0
8
43
69
8
-29
67
-57
-1
-13
13
-6
-17
-56
-24
-29
-1
-36
-28
-53
31
-26
-3
-69
-53
-70
41
40
44
9
1
45
73
22
26
-3
-4
65
39
-18
-32
41
66
-26
33
7
-16
48
-12
-2
-23
50
-26
-73
9
-11
19
47
50
39
42
-14
-33
-19
5
-10
-31
13
0
-15
50
-15
-69
-18
-16
-9
71
10
19
25
-42
49
33
37
45
-35
17
-4
43
-84
24
5
-45
31
-8
-25
32
-5
-1
59
29
10
50
74
-17
4
-17
47
0
-4
25
-42
24
-38
53
-42
59
12
-30
28
6
-34
6
17
11
-27
-37
0
-32
76
-20
-6
-7
-26
35
-40
-9
-23
-7
9
-4
-137
-14
12
-30
-54
46
-33
17
-62
33
-13
-2
36
28
24
-15
-53
-11
-12
-49
32
17
-71
-9
92
39
-2
-19
-10
-34
-6
-40
8
11
-75
36
-46
-6
-15
-6
-8
-33
-78
13
-25
11
45
-40
23
15
45
25
-44
-55
-28
4
62
-1
50
22
-99
19
-17
-12
38
-4
11
-61
-31
25
19
-45
20
59
55
18
2
42
-16
42
18
-38
-17
-52
-49
-18
-35
23
33
-55
-23
-32
-36
-19
3
24
22
-13
-36
43
21
-63
21
56
-31
22
18
-53
-18
-12
1
33
23
6
-19
45
7
-27
7
-56
9
-35
-31
-45
5
21
55
-10
22
-33
-29
-3
-36
6
-44
-23
53
-8
-66
-2
-23
-54
19
-7
30
-17
-21
13
-10
47
-12
5
-60
19
-45
-15
39
-23
53
-52
-5
-72
24
-6
21
-12
-50
66
4
8
72
30
28
-46
-57
-15
-1
7
-7
18
36
42
-41
25
19
-38
-35
23
-3
115
-10
-38
19
-41
7
-3
16
6
4
14
43
-21
42
37
1
25
22
8
-72
-18
66
71
92
-22
57
8
7
-13
0
57
-31
21
44
-52
-18
-50
39
4
8
-15
2
19
46
14
40
15
-23
-47
-40
-9
-10
-33
17
-1
51
-55
4
23
-41
49
71
46
43
-9
2
33
-24
-14
-27
-27
17
9
36
21
21
102
-60
0
-52
-54
-37
26
24
40
28
-35
37
25
3
-25
-1
-44
-63
-10
-3
29
3
50
46
-5
-3
-4
-1
7
-84
27
-31
-22
6
-8
-30
13
-5
3
-22
54
30
-34
-2
40
-44
-48
-69
29
-43
34
-26
-20
-3
10
7
34
23
90
34
38
81
-12
-27
7
-4
24
-26
-22
-13
27
-1
-32
-82
49
-4
-27
4
27
66
32
16
21
26
-52
-45
9
-2
-37
46
50
-7
-9
35
27
-33
29
-14
-6
29
19
39
22
-44
-62
35
-11
-16
-21
-1
-77
14
31
-35
-10
50
58
-3
0
7
1
15
-39
12
43
-19
9
-7
5
-23
25
11
13
56
-8
57
-16
-8
33
-8
-10
2
-42
-48
57
29
-27
-21
-47
-10
6
-29
-20
25
-61
27
-10
-15
14
8
-3
-6
-64
10
63
41
-4
7
87
1
-6
100
6
-38
11
26
-7
-44
-1
13
42
-8
71
-51
-25
16
12
-13
-6
23
25
153
23
8
-8
-25
47
30
-7
-9
39
-4
47
7
39
84
-7
-20
16
44
-6
-5
29
-30
12
37
56
20
7
82
-49
-17
5
11
-34
-59
43
-25
10
25
15
30
73
-39
10
21
6
-63
-2
79
17
-27
5
-16
-65
-23
21
23
-22
-77
-6
0
-43
-39
52
-45
18
14
9
-50
10
0
51
18
-66
-38
-2
42
46
-6
44
100
16
-8
-69
-35
-16
-26
-66
-28
89
-61
-22
-11
40
-59
-33
21
-62
-33
-32
-19
-22
34
-20
-16
-50
-7
83
4
-4
38
-20
19
81
15
23
22
-23
-10
-10
-4
-15
-46
-98
1
33
-37
20
-15
-42
-32
62
-65
13
48
-28
39
-25
12
-22
-38
45
-60
-75
43
-7
-30
59
92
-15
10
-36
41
-45
-61
35
-50
34
-20
-48
26
-5
-7
44
60
-33
57
-35
-9
45
49
-3
-53
-14
15
6
19
4
91
-35
16
-25
58
15
-16
-30
8
-22
17
-47
-21
-19
62
0
4
-8
-42
21
-26
36
33
-41
20
24
-22
83
-12
-5
-19
-19
11
-29
32
45
37
-16
-30
14
-1
-7
19
48
40
-53
18
-41
-29
19
6
12
43
-17
-32
-38
-23
64
70
-48
-33
2
-34
-28
17
-32
35
38
66
-73
62
-9
-61
43
48
-2
15
65
-31
24
-22
-52
-2
-3
2
0
-6
0
49
-15
-9
63
-27
-31
-16
30
-37
-3
-2
-21
8
-61
52
27
-12
-56
-25
54
-32
-35
7
2
32
-4
74
-22
41
27
-28
42
-15
44
37
60
-14
-51
32
22
-17
-13
61
-16
11
-11
-11
0
25
39
12
55
11
12
-3
-47
-72
-41
44
18
34
-5
-48
-24
10
-18
-3
-1
-29
7
-1
46
-40
-10
-29
40
51
23
35
17
-29
14
1
-67
-49
9
2
9
16
-41
7
11
9
2
-8
-28
-41
-46
1
-3
-26
85
7
40
54
-6
0
20
7
41
53
-4
15
-51
12
-14
-63
27
4
38
34
-20
27
-22
91
-27
21
-39
-36
-23
50
29
38
-51
63
-16
6
-42
1
-10
37
-53
17
-24
4
-13
2
-30
5
36
-36
11
42
-29
35
-21
20
-31
-19
92
-40
25
-2
-48
-14
35
-18
55
-15
-19
-41
25
-24
-56
-66
42
3
61
2
88
-4
71
-16
22
-29
2
57
41
27
13
45
9
-44
37
-4
-36
-36
24
-14
-54
-29
-35
34
51
-23
-21
5
10
53
63
-8
52
-80
-32
18
-10
-44
-14
-13
-15
-8
81
-20
19
-47
3
4
1
47
38
-2
-62
-24
50
28
-20
-6
-61
-10
-64
59
50
25
10
-42
16
9
8
-18
34
8
29
-12
33
-68
-7
26
15
-17
35
-25
9
-24
9
-15
3
-61
40
-10
16
31
-7
3
48
-31
5
-18
50
34
-36
-58
-33
1
58
-18
-9
23
-17
4
47
-57
-17
61
-51
-11
-35
48
76
-21
1
42
30
-20
11
19
13
-35
8
20
50
-21
35
-79
-32
-5
-43
-72
-13
22
-20
-8
11
-10
24
-8
-23
29
32
-7
-54
23
-2
30
24
-1
-11
47
17
-44
-34
-42
-1
6
-14
-25
-5
3
46
7
29
5
-13
47
-64
-10
-53
7
-9
39
-6
21
10
-61
-79
35
72
34
25
-36
-16
2
-33
-5
-15
13
35
13
-55
-32
-11
69
53
9
12
-8
27
-3
-75
-17
24
21
-21
56
-8
-6
65
-62
-10
-44
-30
-19
-50
3
-37
0
-65
1
-30
7
-2
51
-38
23
55
17
17
22
23
50
-38
-10
-37
-94
5
28
-16
-40
53
-21
13
6
27
81
2
2
4
-21
-59
-25
-3
36
-24
1
9
5
-3
36
44
-14
-16
-61
2
35
-49
-9
29
25
4
13
-49
-32
9
-54
-31
-60
48
44
-24
7
14
-31
17
-41
67
73
21
-1
22
29
-9
62
46
6
-38
13
-9
9
-19
6
73
0
-9
31
-19
4
-57
-6
74
-2
41
-7
2
32
-22
-26
-61
-84
-56
-18
-21
22
28
-30
36
8
10
-43
54
1
-36
-41
-52
-63
13
12
0
21
33
-14
-5
5
94
20
3
-4
-5
-39
-6
-16
-72
-11
19
0
-22
15
-64
-67
43
28
14
-52
66
-18
37
4
13
16
-23
23
27
64
39
13
3
7
-38
-43
6
-99
10
-14
71
-84
43
88
37
-9
-18
66
6
-19
-12
9
-22
-39
16
3
28
-54
-105
-49
-25
-64
54
-48
-58
-17
15
-3
28
49
3
31
4
-25
-3
36
-50
-6
15
8
-39
-83
19
35
10
29
-27
-91
31
0
52
63
16
-21
-25
-12
7
9
53
-13
-61
-35
49
16
-6
-19
-13
14
5
-49
-38
12
26
-102
19
-60
-28
16
8
101
19
-26
2
46
8
-29
3
28
-30
30
-55
-23
-37
11
18
25
1
-10
4
40
42
6
35
-20
-19
34
44
-59
84
-7
-34
-2
-38
-39
-32
-6
68
-9
10
-47
19
15
-53
35
47
-34
22
-1
-15
9
-50
43
77
-2
28
10
-44
-3
2
-38
62
25
-129
-102
-6
-20
-84
58
-2
-44
46
-18
-40
9
-129
-25
-26
-36
9
5
18
65
-27
18
-50
39
-69
38
10
0
-7
-11
-39
-18
-56
-14
-4
78
8
1
4
-104
1
-9
35
28
-9
1
12
22
-22
-43
-8
-1
-78
-31
50
-38
-80
-28
70
59
-27
-1
59
8
58
-27
-28
48
42
-77
-33
-1
11
-21
-71
3
-19
37
-28
30
-10
26
-33
6
47
-23
1
27
50
30
-46
13
2
-52
-14
-31
-60
-3
20
23
22
17
24
15
26
-36
-1
21
50
-26
-79
-36
-19
-8
-6
52
4
-28
-47
-6
16
-34
36
-20
-5
-27
1
-24
-42
-87
29
-9
-14
6
7
56
-39
43
-3
17
-47
5
17
-13
12
26
22
7
67
42
1
-15
8
35
-27
4
19
-14
25
21
21
4
16
3
-29
4
-75
-76
5
36
29
66
37
51
7
41
-16
0
14
-20
-12
-10
-6
-29
10
23
-107
-42
29
-50
5
-33
-24
5
25
45
23
75
-24
-84
-39
-1
-11
57
-20
-33
-34
59
55
-66
-51
6
-22
-9
-45
8
15
91
60
49
7
-31
37
10
-26
68
6
79
-12
-38
9
-8
-37
17
37
23
83
-1
2
-5
-66
23
33
-30
21
-3
-11
41
22
28
-25
13
50
9
-25
-57
14
22
-90
-25
-61
12
2
10
-27
6
-21
56
70
-6
-60
-24
-36
7
41
-12
55
-4
-31
-39
1
20
-8
-14
-5
48
9
32
-81
33
34
-13
46
-28
21
-38
-42
-38
68
40
26
6
31
-46
-38
25
-15
40
-24
4
-75
56
-26
-47
-12
-5
20
29
-24
-51
-24
16
35
-5
21
-5
-23
-56
48
-10
-50
39
-95
20
-59
23
28
-10
19
88
41
23
24
-57
-7
25
70
95
-18
46
13
1
64
47
-19
29
6
-77
-48
10
99
-10
-1
-36
-18
9
86
-37
31
0
26
22
88
30
7
-18
-36
-21
53
-21
18
-64
48
-51
-1
43
-5
4
31
-28
-1
-4
33
7
18
31
13
7
-1
26
-17
27
-18
6
10
-15
-82
-58
35
8
-30
-33
52
-59
-67
78
-51
-43
74
-7
68
9
34
33
-19
-2
47
40
33
-8
-24
26
-24
21
-29
-78
-13
1
-83
32
-50
45
27
-17
-27
-1
20
-6
18
-14
-21
35
-48
10
-74
22
55
43
7
-29
-36
-35
-34
47
39
-22
34
-32
-2
-10
-46
1
-51
3
26
26
8
-26
9
9
16
-44
-47
-49
57
56
28
26
-28
-22
31
54
36
22
-40
-40
45
-35
55
-38
2
37
0
69
-32
19
4
-40
-86
8
61
42
-3
-22
-4
-28
-28
-27
-13
9
-14
28
-40
-41
-5
-9
37
-20
-43
-36
-10
23
-67
96
7
15
-71
0
-64
-76
-65
-4
1
0
-12
29
-39
43
47
-15
30
-19
4
6
-12
39
3
32
22
-24
14
17
-38
-21
-42
-16
46
-43
-51
-13
21
37
-63
15
71
34
-29
-1
-11
-1
-69
-7
29
-6
4
-11
-1
-20
26
40
24
-21
55
-28
13
0
-56
-25
6
28
34
-8
25
-30
12
0
32
10
128
15
31
16
26
-32
-22
-20
-74
-5
-9
-26
-45
23
40
3
-38
-18
4
-48
-12
-24
22
64
26
-88
-49
107
2
40
43
8
62
-27
40
-16
-77
-13
7
27
34
30
50
-34
-41
3
-6
6
15
52
-9
27
-44
8
39
-31
4
5
-12
14
-24
37
17
-11
16
23
-48
-4
53
10
25
47
33
-27
-6
5
-20
-60
104
7
1
-36
-12
10
-82
-67
5
-7
-3
6
7
-53
-30
-4
6
26
-26
-115
-2
-25
35
-8
23
60
-73
26
-26
86
-8
0
-20
-55
23
67
66
-96
26
-12
-6
24
-20
27
-4
-4
24
18
-4
-67
-45
-14
43
54
-16
-45
37
-13
-20
-11
-2
-68
33
20
23
-14
8
25
-8
4
33
-44
56
84
-6
-46
-31
-22
25
43
-18
-104
-45
4
18
-6
-1
7
-2
38
-28
-56
10
-14
70
11
3
25
25
-4
50
0
-26
-21
-27
-8
3
52
33
-14
13
4
25
2
-14
-30
59
18
-66
-30
-85
37
-5
-44
13
-4
59
-9
54
39
15
19
-10
-18
-46
9
-1
-54
-6
38
7
-38
-73
21
-26
38
-22
73
-17
-23
22
32
5
14
-22
46
9
-40
-1
-30
55
-4
5
-29
-21
49
-19
42
28
20
5
24
-16
-44
-7
-7
23
-25
34
-52
-15
20
36
-7
-10
-66
21
27
23
34
52
-14
-39
-32
-32
-30
51
-12
16
46
17
52
-1
-22
-18
-20
74
29
9
13
42
12
-32
-4
67
-41
-23
-38
52
16
13
-102
16
10
18
-9
28
-21
-7
30
77
-29
30
-4
-27
-22
-35
-65
-2
-13
-18
14
-64
-34
41
38
7
23
-35
-25
-81
0
31
-29
-4
-19
21
-42
-84
24
-44
-40
60
-5
-6
-68
1
16
-18
15
9
-62
-27
-46
6
0
4
41
4
-38
1
-52
-40
-31
46
10
-1
-46
-65
12
-29
29
5
22
15
-6
89
19
44
31
-32
-29
55
-22
-4
53
-45
-40
-36
86
15
-31
-48
-22
-21
16
32
22
-36
0
-16
-1
56
35
56
26
27
3
-43
-65
55
23
-3
-2
-41
29
12
5
28
-79
-14
-59
6
7
5
7
21
-12
-85
-21
-54
-3
-19
-56
-11
27
-47
-14
-22
41
18
16
-32
3
-64
-16
-6
2
74
-35
24
-5
-8
-46
26
-26
-11
-1
14
26
35
1
50
-21
-3
-58
7
-41
10
-17
56
-54
16
10
-32
79
-20
-6
-23
6
33
-17
-30
-29
27
46
-22
22
-70
11
-7
44
2
-7
36
-95
-60
9
49
70
-8
-5
33
-23
31
-16
-14
-21
52
23
-8
-4
22
-12
-6
14
37
20
-28
9
6
-67
42
5
20
27
-60
-18
-31
-13
3
31
33
64
-6
7
48
-21
-15
-39
25
41
66
8
27
31
16
-37
-18
45
10
-6
-88
-31
-31
19
35
15
-15
-23
-66
8
-15
17
-43
-60
-24
-57
34
10
14
28
-14
10
-32
-2
25
71
-12
-33
72
-19
16
-20
-1
-38
-12
-36
-82
17
-26
-6
6
-44
0
-28
-53
23
-1
-23
4
23
-23
-21
20
-39
20
-59
2
-35
14
16
-10
-39
-82
-15
-13
14
-39
-18
-2
88
6
71
-4
24
-14
35
-44
-1
7
-19
6
58
23
-2
-21
6
37
10
23
-37
45
7
21
-52
9
69
-1
-9
16
-24
-67
43
48
-24
5
46
35
-43
10
7
49
-68
41
-30
19
59
48
20
9
15
-21
-20
10
-26
-102
27
-25
9
12
-90
-36
0
7
-16
-35
-15
10
0
6
17
56
-24
-41
-39
34
-106
-20
-25
-61
-11
-3
2
-9
-24
4
-25
25
5
29
-10
-30
17
8
13
-11
13
-15
-13
-6
-35
-30
3
-8
-52
15
24
31
-25
17
0
-22
-30
-48
-66
-11
59
-83
-53
67
-16
-95
-21
24
13
-53
23
-116
3
-2
-84
0
-17
-28
-6
22
-22
9
-72
-8
48
-25
-3
54
7
59
-49
-1
-1
21
-46
-12
11
24
5
-27
-55
-57
-62
-20
8
-5
-46
-2
33
34
25
-27
-93
43
14
14
10
-31
-8
21
7
-41
15
-5
-18
52
-50
-38
-19
30
25
-12
41
-32
-17
9
16
-33
-6
-48
49
-18
-17
25
-9
-22
2
4
-8
-11
-6
-3
-4
-29
9
8
1
20
-3
24
61
4
-71
-40
54
-51
-2
-76
26
66
-2
-70
-31
-14
3
40
-35
30
-5
2
80
-18
7
51
-93
9
-10
-4
-29
39
-45
9
36
24
-37
9
-26
-4
-63
-1
84
47
-40
-39
9
0
-5
-13
22
-50
-41
33
41
-20
77
16
-17
-17
-32
-24
-4
-8
-32
-85
-20
10
-12
17
4
-31
40
29
35
-8
34
-54
29
34
60
-49
21
15
-29
48
-29
-41
32
-24
29
-37
73
-8
-5
-15
35
10
-8
-21
33
-30
-9
26
10
5
-53
43
-36
-21
84
-47
0
17
70
54
14
-3
82
28
-7
-32
54
74
2
-43
-12
-29
-19
-2
43
6
3
39
2
-28
41
-42
-21
-31
-40
50
1
27
-40
-56
-11
-20
-6
0
19
44
-36
20
42
-24
14
-8
-71
-49
-19
60
-23
19
-23
-22
48
-36
29
12
4
51
-29
21
-30
22
50
-12
-9
-34
46
-33
-6
3
-5
27
42
-36
30
-47
-18
6
44
59
6
11
3
-9
31
30
-6
25
-67
-37
-64
21
14
3
-3
-27
20
-47
0
-23
82
-37
20
0
6
38
-45
-80
-8
-52
-87
13
-7
0
6
11
34
58
54
-15
-62
43
12
37
29
-10
27
-40
14
7
23
14
-33
33
-19
-51
23
26
30
11
30
12
-11
38
17
16
68
8
-36
52
35
8
-41
8
-3
38
-104
23
-32
5
-42
13
-36
37
16
10
-16
-14
37
49
-47
24
50
-63
-38
23
-4
-48
-30
37
31
-21
55
-28
-39
37
16
-43
-2
-53
17
23
47
-17
-8
-25
-10
-12
-1
39
25
-28
-10
38
-17
60
42
-8
-2
58
-14
90
-1
-55
54
4
17
-4
-19
-54
-27
-53
71
-35
-22
26
-63
45
11
16
-51
25
69
-23
10
-26
-14
-60
54
19
49
29
-40
-68
-43
-30
-34
12
1
-62
-29
-13
-52
-3
-44
4
-89
-48
-40
-11
-29
-25
41
-33
73
11
3
38
16
-43
-23
41
26
16
-95
-26
-48
-1
-8
-45
55
13
1
-40
9
-9
-60
49
15
9
-21
49
28
-16
-15
44
12
-43
26
16
33
57
26
-8
6
-69
4
-6
-32
-49
2
-25
-3
-1
-64
-10
-13
-40
-19
-14
19
10
5
-37
-23
8
22
30
-6
-7
31
-46
86
23
-20
7
-36
44
-50
-82
1
32
-32
23
4
-20
-44
25
8
-11
-19
65
-8
75
37
-7
28
-17
2
-43
-45
-39
27
-42
5
65
20
18
1
9
-30
66
32
23
-3
-31
20
-25
-10
26
1
19
-37
42
-14
-2
-2
54
35
65
-39
-10
10
-9
-32
-60
31
30
2
-36
-59
-14
-48
-6
-53
18
44
16
15
-65
-30
-19
-45
11
-22
32
58
44
24
13
-3
-39
-47
2
-63
32
9
-48
-9
-6
38
-32
21
-56
-8
-11
-13
5
83
61
-11
-31
-49
54
42
-25
-72
84
-17
3
-28
-17
35
-3
-5
-26
63
28
-11
-42
37
27
-21
-13
62
-4
-25
-35
20
14
-16
-31
-14
-17
14
-7
-44
43
34
15
31
-38
16
17
29
-21
-16
42
60
-62
-9
-45
-23
-19
43
-4
38
87
29
-25
-29
-6
-2
4
-36
-32
31
2
5
-28
-27
35
-30
7
-23
-30
2
-9
-55
46
-35
22
-58
21
-58
-7
-25
15
6
-53
48
1
-13
39
11
51
-8
-4
-8
-16
-49
-25
2
-35
-3
-30
-23
-24
0
-24
3
1
34
-5
-72
10
21
-2
43
48
37
-49
69
44
18
-42
-19
44
-38
-3
73
-50
42
-30
16
-29
-57
-20
34
-28
-46
-74
8
-39
67
-36
2
0
-50
4
-26
6
-28
-22
53
-28
-58
-50
-25
-37
48
51
63
-110
18
63
14
2
-38
20
40
-38
-72
-39
12
6
40
-50
67
-2
36
64
-17
65
32
-10
-29
-6
-13
-34
-41
63
-48
34
-42
-45
14
33
18
-27
-16
56
-57
15
57
-23
-77
34
31
-48
22
-24
20
-3
-57
-47
11
10
30
-13
72
6
-18
-8
-18
48
0
4
-20
-14
-3
-17
-27
-6
-94
-63
-14
38
-37
-32
-28
-3
-22
4
3
-58
40
17
-26
41
54
48
25
88
-3
0
32
20
49
66
-67
-9
-17
-36
33
37
-21
28
36
51
13
-56
17
20
-46
-5
-8
10
-8
-6
-40
-27
12
32
25
43
17
-23
-46
71
-49
-27
12
17
54
-21
-34
-44
-21
7
-36
38
-9
74
-3
-29
31
3
40
16
69
32
0
40
-12
-14
-8
-65
-40
20
41
-42
28
-2
-5
-47
56
-41
23
-77
12
17
-31
5
5
-32
-30
62
-11
17
-2
-15
-22
-59
98
-28
-32
-10
35
-13
-10
-8
-3
-3
3
-60
16
102
48
2
-29
-12
-71
41
6
79
-30
-93
64
-37
29
41
22
16
15
-48
2
26
-21
-44
15
15
-53
3
21
15
60
49
-40
59
-27
-64
-15
22
14
-43
38
65
10
-6
74
-34
1
-54
18
-54
22
37
-14
-35
-60
-23
-3
-52
91
-37
32
-18
-34
70
-5
15
-17
-25
-22
-23
-12
16
-34
-24
15
32
-35
-15
31
41
-2
35
83
-17
-13
-56
-11
40
1
5
1
-4
46
-32
-6
-9
17
1
31
51
12
45
21
-16
-138
1
-25
5
23
20
49
49
10
-100
15
-5
90
-57
-4
34
8
50
-62
4
43
35
33
-46
-15
0
4
-12
35
-55
18
-76
-34
27
-10
43
61
-31
22
5
-17
-23
-6
-61
-12
-4
37
-50
41
-42
18
37
-43
55
-76
-69
7
-11
42
-14
33
76
0
31
-7
57
10
60
-2
16
-1
-9
31
56
-74
43
19
2
25
13
-20
-2
-22
18
36
-25
21
55
-1
-31
-27
69
-27
15
1
91
27
30
-13
27
12
-58
0
17
-14
52
-46
21
-45
-18
26
-143
-24
11
-5
15
10
-19
8
24
-5
-2
8
32
-79
-10
-64
54
45
9
15
36
-6
15
7
-10
-2
-9
-12
15
-6
-19
48
17
101
-13
26
-78
-14
-42
89
72
37
3
-3
-31
-11
19
-26
-11
-36
3
41
-32
-42
-60
-30
58
12
35
18
12
-14
87
52
46
-5
-17
72
-28
-18
-69
11
-31
-26
45
40
14
-31
31
45
-30
-89
-34
-41
-1
60
19
25
-27
38
52
12
37
-20
24
-10
3
-22
-9
-22
4
23
4
-46
4
7
8
44
56
-4
21
13
-28
20
-7
55
20
-32
-14
-1
-7
47
-50
-16
9
2
-40
2
-31
-21
-66
27
23
22
-19
21
26
63
-15
-13
-54
16
-36
9
-54
23
-12
22
18
-47
-79
-25
54
-22
-15
-30
18
21
31
-18
-11
-46
41
1
30
51
72
-19
21
55
20
-9
1
-17
-24
-71
24
9
-34
-45
-36
-23
36
-15
-27
-62
48
-67
-11
66
-21
13
-15
8
6
-4
-12
-34
49
3
11
0
-78
-16
-13
-10
-28
-11
21
3
-32
16
38
9
5
-75
-53
-50
46
25
-26
-19
17
-47
-73
-38
59
62
52
-10
68
27
-13
-48
23
21
-13
-33
-57
3
51
39
29
-39
39
21
-102
-9
57
-38
27
-8
-33
-1
6
31
6
-38
-72
-6
26
47
-27
-12
17
-29
10
-13
32
-33
70
-23
-10
-7
-3
21
-6
-19
23
-17
43
13
8
40
-21
-60
-67
3
22
15
43
26
-36
60
32
62
-33
-22
29
-66
-72
-12
-29
18
-4
-19
-17
52
-12
-32
-67
26
-59
-21
-16
-1
1
0
21
-28
-13
15
-22
-39
-5
16
-71
45
42
55
20
-66
-9
65
-45
3
29
12
15
-5
-27
-10
-17
-39
38
37
-7
-60
-23
-27
-19
12
22
30
51
-10
-117
25
-52
6
35
22
-61
20
-18
-23
9
40
-41
61
25
-44
-38
76
20
-18
15
54
-5
-5
71
6
-37
34
-34
54
-11
-13
-26
5
72
-14
-15
-13
37
-12
35
-12
20
-42
-33
-29
44
-12
36
15
-14
17
-19
-26
71
-45
45
-45
-38
15
23
-11
13
-8
-16
28
3
10
53
-34
21
9
-108
109
1
21
17
7
-9
-65
15
19
-44
-2
6
-3
29
-88
-35
1
-104
29
4
18
9
-77
1
-69
-8
59
-45
5
27
49
-46
-29
-3
4
1
-46
-3
56
18
-16
-17
-47
-18
39
-41
64
35
-44
-38
14
-27
-33
25
-32
-37
55
57
-70
0
21
68
-24
21
17
6
33
-33
6
-18
-46
21
-21
-53
13
-22
-27
-68
22
13
11
8
22
-58
-62
-1
9
39
123
1
41
-9
23
-45
-52
5
-2
-13
-21
10
-8
-66
10
-26
18
-1
-10
31
-4
-2
-24
-43
9
-39
-21
-48
70
-64
-20
22
1
-33
15
41
-16
-37
-43
-3
92
30
64
-41
-66
-34
59
-8
14
32
23
-36
-1
-23
-48
-70
-11
0
13
-37
14
48
-29
-48
8
-92
4
16
-44
-28
-28
-14
20
-49
-39
-15
15
17
41
88
18
8
-33
-11
31
45
-119
6
-64
14
30
-14
42
17
35
-1
-14
-21
19
-40
22
1
-42
-41
9
-48
5
-53
32
-29
36
-37
61
-35
56
-41
-29
-20
-5
20
-30
11
9
21
51
-50
-38
25
8
43
8
4
-6
-33
-31
82
13
-50
23
24
-40
-30
3
89
-42
-65
52
-19
6
12
24
-19
12
-16
59
-67
71
-4
21
16
-15
14
6
28
9
-12
-5
-39
4
-48
59
-19
38
10
-56
28
72
10
70
15
29
5
-28
-92
19
33
19
5
25
76
-17
-11
-8
7
-16
3
-11
-1
-46
-1
-2
43
-95
7
-9
-11
19
27
30
-53
-32
13
7
-28
-53
16
-45
10
3
71
30
-50
-11
-21
22
70
11
-11
24
7
-46
24
2
-48
19
-10
62
-28
11
96
10
7
-8
13
-45
-3
5
-33
-51
59
13
65
-74
-11
-44
7
-15
-31
-21
10
-14
-40
2
-24
-5
8
-25
-20
-50
38
26
17
-2
10
19
67
20
35
14
-12
16
78
55
34
49
21
49
42
12
51
-22
100
-26
18
55
21
-16
3
-11
-3
14
51
3
-9
31
17
51
44
1
-1
-51
-13
-52
-97
-24
76
-63
8
39
-26
-13
16
-7
0
28
-32
-27
-37
47
-32
-4
-31
-34
-35
67
-76
-84
-47
13
-2
66
1
2
-45
-16
63
-5
-4
8
-28
-53
-2
-39
-20
-52
-81
41
59
-115
-5
8
28
-12
-38
-59
76
-44
5
5
0
21
-36
15
38
2
-31
66
-6
18
12
-11
-61
49
-20
54
-28
76
-17
-4
-7
-1
-10
36
15
-8
59
13
35
37
49
26
25
22
-33
-37
-9
16
-20
19
17
39
-7
73
-43
50
19
-98
40
-1
49
9
-24
0
-29
7
6
17
-4
-14
85
-4
23
-36
-36
-2
45
-21
41
7
-34
-15
66
9
2
-53
-13
-20
-32
-57
-38
4
33
-12
11
-27
-72
-38
15
55
6
70
-15
49
-35
4
-48
6
51
-9
15
28
43
21
33
-71
44
4
7
30
16
-10
0
7
-9
-24
12
44
1
-20
-16
-33
-54
91
-11
74
6
-45
32
23
-9
-51
77
-37
25
-43
29
-38
18
50
0
-1
14
52
56
-6
-47
29
38
45
102
-20
9
-18
-12
-3
-1
22
33
-13
-1
21
30
-57
-20
1
51
10
-7
12
30
3
-78
-4
20
37
-5
17
11
-18
-19
-23
-78
25
28
13
-25
-38
23
41
-46
-33
-2
-14
-42
-36
-40
45
-31
-50
-1
-77
5
-4
-39
-1
14
-11
69
11
-4
-49
-4
12
51
13
-36
46
43
8
99
-18
49
38
-3
34
-1
52
-40
-19
14
18
0
0
7
19
6
28
-52
-55
38
43
-23
-17
-26
28
40
19
37
-31
21
-31
31
-8
33
10
-29
-19
19
5
-37
81
-17
-24
-38
12
-1
-21
-11
7
-12
-25
-54
29
-23
34
4
49
5
63
-3
1
-10
5
-48
-16
51
-9
13
69
18
82
10
41
15
-27
-38
24
-3
-48
-10
32
16
17
-25
-12
-13
-43
-23
20
65
-12
-29
-44
-20
7
-26
89
-2
30
40
5
-52
35
-22
18
21
-21
8
35
-75
-50
-22
-25
-25
3
-6
-4
41
17
-47
78
25
-10
-66
18
-28
17
-52
-53
8
-18
18
64
-16
57
58
47
-18
19
32
19
-27
22
34
-34
-18
-16
-33
-36
-45
31
35
42
-21
35
20
-1
13
-22
9
1
-44
-23
-19
-10
28
40
3
11
31
73
-16
-15
3
19
33
52
-19
-3
22
8
28
-27
4
-28
-46
31
0
-29
35
-23
29
-8
-33
-88
48
8
39
-5
2
0
-16
-40
0
32
14
23
16
-33
-25
-62
11
40
-56
-24
26
-75
5
53
-5
-2
-50
-33
-15
10
-31
-53
-59
-29
-14
-25
76
-31
-61
-54
-11
-40
-20
-101
-1
53
9
72
20
66
-66
-42
6
10
-5
-8
19
-54
39
15
9
18
-19
1
-2
-11
9
-48
-7
-16
-7
4
-4
14
-4
-33
-32
-52
-83
70
1
8
10
23
57
-11
17
58
-51
-27
7
-7
-37
-50
54
-65
3
50
7
68
-60
-23
24
-28
-12
-4
-24
20
28
-14
-18
-32
41
-40
-3
-53
9
-2
-20
-2
49
8
-25
-2
2
49
-41
3
41
45
-2
-111
12
-32
41
-7
-10
3
75
-2
10
-56
63
-24
8
7
-46
3
0
-46
-41
-22
79
-10
35
-31
-17
-25
-10
-53
-14
40
-3
21
23
37
12
-2
-4
26
20
56
15
-11
-28
-73
-45
-40
46
54
-15
-2
-7
2
-22
80
7
78
-17
49
24
24
-2
44
-7
-10
21
25
-54
27
34
-3
19
52
-1
12
-22
21
-2
-13
-78
-10
18
-9
-45
40
32
-5
84
-13
-33
21
-2
12
-13
6
-30
47
-48
28
-27
30
23
23
2
36
17
2
-62
-38
-8
-8
-32
-23
-14
-20
-30
-34
30
-26
-4
6
-31
-51
-41
-20
72
1
12
-12
61
70
8
-2
-24
-19
20
-64
0
-16
-20
18
-27
1
-26
-31
-12
9
-11
7
-6
0
-48
-5
19
6
5
-6
45
15
-46
5
-21
-14
-32
9
-26
-29
24
12
-4
38
-18
36
8
13
-10
31
-44
28
38
-34
-22
-8
-1
-21
-64
-24
26
-18
11
17
-9
1
-44
17
6
-20
19
46
33
6
20
-10
-57
18
-15
23
45
23
-22
-48
27
46
-60
-36
-36
-48
-9
31
-5
-34
3
28
-24
-3
-9
-54
1
-13
-21
28
7
45
33
36
52
-4
45
-19
9
-60
-54
36
3
-11
10
-43
83
17
28
60
83
-11
100
-31
-41
15
-20
-14
13
-9
-3
41
-58
-23
50
-23
-44
0
-25
-2
43
13
-15
-15
-5
5
89
-3
8
-37
-10
-11
-17
43
26
51
16
47
-38
-20
46
-38
7
-22
8
-90
-83
-4
3
71
-19
40
-3
29
-77
26
-70
-8
13
37
-42
-13
-48
-24
-13
29
-44
12
8
-13
59
-26
-16
-57
42
-11
-18
-47
-9
-9
-26
-23
38
11
-40
-93
33
-6
-53
-15
8
32
-7
-37
-13
17
38
11
46
-76
76
-128
-39
-16
39
16
68
8
19
-45
48
44
35
-31
23
15
-1
-26
12
57
-41
71
19
17
-48
-63
31
-34
-24
35
-6
-1
21
21
-48
-67
96
91
1
57
17
-2
-48
32
-1
-1
-29
36
5
-69
27
24
-16
23
32
-14
8
28
-32
-8
-57
1
-35
-70
-89
-70
-9
-14
-25
-65
-44
48
49
18
-3
5
20
10
67
70
-15
-15
-4
-2
-18
8
6
-28
44
44
-13
73
5
-13
-48
15
2
19
16
-11
24
-3
-20
21
50
31
38
-6
-22
21
-27
56
5
77
-25
12
-39
-37
58
-17
-8
-26
44
-2
-2
18
-74
-39
-45
39
-29
-24
14
3
48
-39
28
-28
7
0
-22
-22
-31
22
-6
-5
8
-70
-45
0
-1
23
-35
-14
-56
70
-19
-17
4
-6
-36
11
-34
6
-22
24
-28
-54
-3
77
7
-39
-45
49
43
-35
-48
-1
-13
-75
8
-43
6
-38
5
30
94
15
-48
-58
-29
-19
51
32
2
57
-6
26
6
31
0
41
-19
28
47
55
-33
-27
1
-82
46
4
-29
-23
19
22
-50
35
-1
13
17
-37
-8
-10
-59
-17
50
15
50
15
10
-9
-59
-49
-84
-42
68
66
-20
-23
-40
-31
24
-63
-23
-4
62
8
27
8
0
66
37
-48
68
-2
-24
38
-39
7
-8
32
-41
53
-40
-12
5
-10
1
32
-5
-74
4
-68
27
-5
16
-15
-43
-20
-39
-46
35
28
-2
-36
-5
56
-8
-39
-40
38
56
-19
56
10
-23
-27
4
6
-59
-6
-13
-54
-35
-25
-29
30
-12
78
-71
-42
-24
46
-14
-8
-30
64
83
47
3
20
55
8
9
55
43
24
-39
-24
44
-1
6
9
10
46
-7
1
-38
2
16
-10
10
-50
-16
-33
-45
-34
6
-19
-12
-2
-19
65
62
30
-87
44
-47
-20
-57
9
0
-26
-20
-13
24
-22
21
46
-5
-2
13
-6
4
-6
-26
21
9
11
56
-42
8
-28
75
-51
9
-2
-2
33
-14
-37
-25
-95
7
-3
-1
-4
1
50
38
45
-33
-4
40
10
0
-35
-4
-18
-3
-4
-49
-38
-33
30
29
-48
-11
30
-18
-52
-7
51
-34
-32
-1
21
-17
-64
-1
-31
40
28
-22
-39
-4
9
-38
-12
-49
-9
-30
51
28
-17
10
32
9
-43
30
68
2
26
32
1
11
37
19
-29
15
22
20
21
10
-26
-8
18
-26
-28
9
-28
25
3
16
-53
80
-33
8
4
-8
16
2
-13
49
16
-69
3
19
-9
-28
16
-42
-14
-38
-22
-16
-6
-31
-32
54
-24
-72
-34
-2
-22
31
-61
-29
-34
47
-4
-7
-83
-13
25
-38
-97
-14
45
9
27
2
45
33
-22
12
13
11
-20
31
11
-27
13
27
47
-67
-16
46
44
-38
-85
3
-51
-1
-35
2
21
7
-43
-49
-2
65
-21
-25
-6
22
-40
57
-60
-26
-27
49
-3
-4
21
18
-21
-32
-29
-55
-123
33
-7
-42
69
11
-3
46
19
-11
59
4
75
-20
12
-1
-34
35
18
-36
-5
-4
10
-26
6
74
-40
75
20
7
9
-57
-26
23
-26
28
-22
24
2
-36
3
19
39
5
-6
38
-16
9
23
11
-23
-16
14
-23
-27
-53
24
-47
-37
-82
11
31
11
-84
17
-10
-23
8
81
-28
-10
-7
54
-12
41
-14
-31
-36
35
49
36
31
-25
-22
-52
-22
2
13
60
-14
1
33
4
-24
-33
9
-33
-51
-12
-87
-42
-3
66
-42
-8
-43
-15
16
70
45
3
-5
-37
-77
57
10
-59
37
21
7
62
5
3
-20
55
-50
27
-22
0
-61
13
9
9
39
-26
-21
69
46
34
-85
-108
-59
56
10
-46
-8
-27
23
-4
-39
-56
2
-1
-24
-34
43
-9
-37
-2
-41
8
-31
-27
-1
60
55
-2
80
-15
-13
5
87
-73
-14
-2
27
-3
15
-64
7
53
19
-108
22
13
67
42
66
-25
-45
-17
-11
3
55
46
80
69
-7
35
-17
-45
-37
-25
44
-61
7
51
55
6
-23
18
25
-52
-51
-20
-17
-10
-73
-11
-59
-24
24
27
-38
-33
15
-21
-61
48
-32
39
33
-39
4
-26
17
-5
-27
-26
83
46
17
18
-10
-23
-19
56
-28
-34
10
-32
2
-10
43
-38
-35
-48
-25
0
57
-22
40
-20
-13
3
-49
7
-24
-34
-76
-14
12
3
-21
-31
69
20
-26
-26
-14
47
-48
-34
-1
68
44
14
-21
77
24
13
38
1
-47
-28
61
37
27
13
-51
-8
-49
42
-8
-23
28
-43
-49
-89
-24
40
-10
-23
0
49
-2
-12
-41
12
-92
-27
-20
-11
28
9
20
-7
-34
45
-54
-66
-26
24
55
32
77
29
3
-16
-36
-29
-37
2
-36
-10
-53
5
59
-17
-40
-41
-29
18
10
-38
2
-15
-1
39
-33
-18
-15
29
43
36
37
31
59
-17
7
15
-41
-55
51
60
-3
7
-44
-78
-70
7
56
15
33
19
15
-3
10
21
20
51
20
7
43
-49
42
13
-16
-71
-12
20
6
-49
2
-49
55
64
37
-14
-28
44
-57
-17
5
28
20
23
41
-51
-9
18
66
-49
29
-47
37
-33
-21
-19
70
-30
-58
-35
46
33
-10
-6
22
-10
-4
-25
-16
-10
22
-45
-18
36
-16
-11
-14
-89
2
-26
85
9
-13
-8
-22
-22
56
-1
60
-42
40
0
17
-16
15
27
4
46
-11
9
-37
-2
-35
25
0
-68
-35
40
-2
40
92
-3
-23
-9
-19
-3
-6
10
58
30
-35
-22
-102
-59
3
-10
-32
27
-12
69
-64
-49
30
-64
-115
-12
38
1
23
11
-116
-22
-6
-28
28
-11
16
-40
41
57
-14
70
-19
-6
18
18
-49
-38
-30
42
10
0
-19
29
38
34
-10
26
-16
-22
10
26
37
-1
-52
40
70
35
8
-33
-32
20
26
-79
54
9
-8
-9
-84
-47
-39
-31
14
3
-4
-61
-22
26
-16
2
-40
39
-5
-9
-13
-23
46
-61
34
92
3
-23
-25
-35
12
-25
12
-15
-54
14
-9
-15
-31
-44
-28
1
-45
26
-35
-119
-22
-14
-41
5
29
12
-39
2
23
24
-37
65
-59
64
24
36
-48
-24
51
38
-9
-26
-54
8
-26
-28
-21
-90
30
14
-16
73
-47
-57
22
43
-2
-61
-49
-2
35
33
88
24
18
24
-59
19
-13
-37
28
-25
49
26
-19
11
-24
38
4
-15
68
9
-19
-31
9
-11
-33
10
15
88
-25
18
-37
-7
-13
-47
-20
-38
26
25
52
-1
-23
6
-22
-67
39
-47
2
-16
29
-79
-50
25
5
-22
57
68
-57
-57
-6
-54
-59
21
-71
-30
1
13
-14
-10
14
-15
0
42
-15
46
0
52
-1
-7
30
14
-39
21
-26
-39
31
-28
40
43
-7
-34
33
-20
-35
-18
12
42
-27
6
33
-3
70
45
-32
7
-17
0
8
-39
45
2
21
-20
5
36
-26
-21
-9
-2
-4
-59
-16
27
46
127
-41
16
-43
25
-34
4
21
52
21
24
-1
7
38
49
-66
35
-24
28
16
-60
-17
-38
15
50
22
-32
8
14
-8
2
9
2
-11
4
59
3
17
-17
75
-42
-5
7
-27
-23
0
-42
-12
30
1
-5
51
-9
40
83
27
-28
-25
-7
54
36
12
-17
-18
-10
32
-22
2
13
-67
-16
-43
-12
1
-8
-13
-25
0
-10
-56
-45
40
27
-21
108
15
-52
5
-42
50
-25
70
-15
-82
8
5
-19
24
-21
-8
46
15
-6
-26
-19
-19
-12
-5
21
-47
-1
15
38
-5
31
65
-3
-15
-4
11
-3
-17
25
-14
-8
24
38
32
48
-20
-25
31
-46
-27
-76
-85
-43
-49
-64
-57
1
28
38
3
-50
3
55
-34
-40
23
-45
26
-3
3
7
-16
7
-7
-43
-43
-31
52
-39
6
5
10
-14
22
-26
-58
-13
-39
-52
-25
-56
9
-4
78
-40
-57
-32
45
-37
-41
3
-14
1
-18
-35
-6
9
15
13
24
-23
31
-21
-41
71
-40
29
28
-13
-18
-34
-4
-52
-56
-72
61
24
12
-15
-32
27
-5
19
-26
-14
-23
68
-37
41
15
-13
6
-4
28
3
-9
-55
-27
-1
-52
-10
18
31
-46
24
70
44
-29
5
3
19
17
80
39
-21
16
40
66
-17
-35
-20
44
38
37
11
-6
23
-9
15
43
-3
3
29
12
19
26
45
-34
16
-30
-11
-33
48
-30
-31
69
43
47
-12
-57
-35
12
16
2
-41
0
-5
62
30
2
-59
5
40
-62
-22
-35
15
15
-21
-7
-26
59
-14
-24
-31
-56
47
-13
-21
-17
-23
-44
23
19
-12
94
-22
-20
-49
2
-37
-34
-9
-25
-48
-55
-72
22
25
58
31
23
19
11
46
6
-73
67
27
33
16
40
23
-65
-12
-27
-53
15
23
19
45
-21
5
11
26
-25
42
2
-37
-3
-41
-44
4
-12
14
-2
31
26
30
-26
-45
-37
14
40
27
-31
-19
41
-18
-64
-14
-73
-10
-21
3
0
-22
1
-1
-7
-29
-5
-3
48
19
38
-5
-34
5
-25
5
-105
-17
-19
-45
42
-6
-33
-4
-1
-43
25
56
-34
71
7
-23
4
35
-50
-18
51
2
-83
-74
-2
0
-5
-76
-11
39
58
-3
62
-7
-10
-68
-32
-29
22
48
43
-28
-24
-24
-21
45
4
-16
-58
-82
37
-33
19
3
-39
-10
6
-1
20
-16
3
11
-40
-16
52
-11
-1
-42
1
-17
15
-11
-23
1
-112
-19
97
-5
43
-1
49
4
-12
34
-45
29
-18
10
-26
-23
-83
-62
6
37
-82
6
4
14
64
-31
18
-21
3
17
-9
3
12
-55
-6
119
21
9
17
-3
79
33
-31
23
4
8
-26
-23
-57
-1
18
-28
11
35
66
29
30
8
-28
23
-8
-43
15
47
-28
-36
11
68
3
-17
12
-15
44
-14
29
30
-7
-21
-22
25
-14
8
-63
-42
-48
-26
22
14
-33
0
12
0
24
80
39
72
-2
-38
41
0
42
-39
-35
24
-29
26
-17
-17
39
-11
-35
-6
-7
24
-26
-45
-19
6
49
57
61
33
34
-16
17
-8
-50
-2
22
-50
11
3
39
-17
-21
-34
2
11
23
-2
6
-25
2
11
-4
17
22
60
-18
22
7
17
28
25
72
45
-14
41
-7
-19
5
-5
-29
-1
57
-9
-18
3
-6
-68
-18
27
-56
16
18
-35
-39
6
-45
17
-64
-40
-14
18
-8
50
29
28
11
24
-16
16
-78
24
25
6
33
5
47
44
48
1
-15
-54
8
-61
-51
4
43
-5
33
-35
-26
6
43
-15
-44
