40 86 256
0 39
2 11
2 19
2 24
2 37
3 1
4 8
4 11
4 13
4 17
6 28
6 37
7 28
9 0
9 5
9 13
10 29
10 30
10 34
11 0
11 1
11 15
12 10
12 32
13 28
14 18
14 22
14 27
15 5
15 10
15 12
15 17
15 33
16 4
16 7
16 12
17 8
17 26
17 29
18 4
19 7
19 9
19 13
19 19
19 30
20 10
20 13
21 11
21 23
22 18
24 3
25 5
25 8
25 16
25 34
27 1
27 29
27 30
27 38
28 24
29 29
29 30
30 4
30 21
30 34
31 2
31 5
31 9
31 16
31 33
32 20
32 34
34 20
34 28
35 3
35 7
35 8
35 18
36 6
36 16
37 14
38 20
38 27
38 36
39 20
39 37
53
78
60
30
29
64
26
1
74
19
40
24
17
21
10
35
33
82
2
73
52
20
46
38
42
0
72
81
39
18
70
77
54
9
51
41
62
66
15
6
14
75
3
25
28
23
44
83
55
22
68
57
85
76
50
37
71
59
45
36
84
43
48
27
56
61
8
63
12
69
80
32
16
79
7
34
67
11
47
31
13
65
58
5
49
4
147
171
37
64
90
-79
-464
267
-123
-142
53
-74
189
252
-268
33
-175
-139
278
284
312
81
-350
-80
-547
-326
146
44
-335
485
-145
318
-300
53
-339
3
-257
-22
-127
-271
37
-317
195
-261
-856
-315
-277
267
-81
141
-136
-91
-49
382
-58
41
278
320
-286
17
160
-155
-99
-140
-50
-347
-457
486
311
-211
-319
-377
-93
-467
-272
124
-129
-238
-131
-156
220
-3
214
-70
517
-252
449
-83
-295
-161
-161
229
181
193
247
-289
107
218
-272
45
-347
-68
204
-12
-303
-165
335
414
-150
-61
-422
187
71
-268
-10
-299
76
11
-239
-59
-68
-207
301
346
-58
-147
323
-111
-10
459
-344
-9
-88
330
378
-24
165
44
-572
497
-149
498
-90
250
-337
234
-415
63
-36
405
196
453
-279
-126
-127
-75
-529
-128
-505
-164
56
-164
-21
-5
387
119
409
-475
-331
-289
-252
116
-261
-231
298
27
159
-200
-229
171
48
182
-353
79
105
425
-254
50
319
-164
337
-457
-85
224
453
278
60
87
478
-26
149
439
285
-206
-42
136
-91
-301
302
-223
-237
91
-87
213
163
14
155
404
518
439
277
710
99
-120
291
-372
141
-31
-205
5
197
-132
125
-53
199
47
428
717
-612
165
269
142
241
-42
369
-52
-108
61
-136
-381
-102
198
-200
-201
-275
-151
-233
-371
-51
85
-50
133
-2
-47
-48
113
-177
-88
132
123
-126
246
154
-291
-275
-389
-125
226
-73
352
660
474
-294
298
327
505
-13
-466
130
-39
306
-586
173
116
270
76
286
-384
-220
-259
-174
464
116
-399
542
-108
-375
-569
-366
31
-18
277
291
270
319
-114
211
-233
177
-72
516
79
4
72
209
6
-45
3
9
86
-354
233
434
-25
281
-294
240
363
334
-181
177
32
-51
-140
173
89
87
113
-145
209
-38
-44
10
-40
-128
-321
19
-70
-540
-15
42
22
296
81
443
101
225
-156
561
141
407
-396
-100
-83
152
-379
252
205
-96
162
-253
35
593
166
-147
-319
65
329
90
56
72
184
-137
63
188
-458
298
-485
-336
4
-367
6
55
-77
-32
-218
50
241
574
-598
-146
-32
56
-30
-91
70
149
-66
-59
-337
163
237
-38
-11
119
12
240
123
485
360
64
-246
453
-340
4
113
-448
260
-576
-295
138
316
228
176
30
-118
171
-143
-138
-227
304
-2
-123
102
-55
-129
91
-116
133
-392
-15
-168
-252
194
-12
-631
213
-103
203
83
67
-375
447
-141
-302
-685
-62
12
36
335
-71
-66
56
-34
189
263
-147
-3
216
-65
-105
-278
225
-524
560
-361
273
103
-30
-73
-84
167
335
118
-420
-87
-76
233
-547
323
317
-12
265
-46
-24
-401
364
-301
-99
245
-54
281
144
83
207
-46
52
-143
59
30
173
-165
-299
63
-39
242
79
47
12
149
303
19
302
-585
-37
-11
547
-114
-64
60
184
20
14
-123
234
-124
49
-353
-186
-204
-272
110
-358
1013
-428
-7
-189
-189
172
288
-83
124
-323
294
77
-107
162
-202
157
165
203
-610
19
-197
117
-412
-111
-118
185
-130
0
71
354
-119
-427
-40
-24
41
92
-311
54
77
82
-449
120
-147
-70
126
-203
55
350
-418
284
18
230
39
-178
-220
-230
-193
84
186
433
-269
148
262
233
729
-395
-438
-248
380
88
-110
-22
347
-48
150
140
-353
-111
-93
-285
681
-80
-304
182
-252
-281
-181
-290
-434
49
-308
392
-35
-230
-71
125
196
-300
-69
51
126
-352
62
534
506
702
-442
-406
-20
42
-188
-292
529
272
-74
-196
-361
357
-112
-217
225
-28
-411
-60
461
-299
45
331
279
146
259
-291
192
126
-49
-54
-172
-414
100
-155
-36
-771
-10
-139
183
142
-40
-49
180
-93
332
252
25
269
-548
129
-72
457
-126
714
331
10
-200
122
-381
361
-45
290
-426
-157
388
48
-90
-356
-171
-108
-6
-265
-88
267
165
187
0
246
163
456
4
214
11
85
-149
450
-23
-243
-263
-58
29
19
-62
249
144
256
95
-142
269
155
258
6
-160
-500
299
209
170
-45
91
-146
155
182
69
435
199
-23
-245
-350
-134
119
-150
-155
43
303
9
-473
581
17
-158
-521
-195
498
80
212
231
246
-226
511
-223
-212
402
439
142
224
-112
-89
-37
78
192
-218
-524
-418
-294
126
-311
-137
-227
233
295
-545
38
-32
83
98
-2
-180
-68
110
-265
18
222
64
-197
57
430
-173
18
-61
375
-29
164
289
106
-125
-174
-124
70
147
-288
-293
45
311
-619
-72
523
25
31
547
163
6
164
-186
-170
-314
-234
306
-74
-313
55
30
-22
-111
-162
-41
209
234
237
166
399
-103
176
35
208
106
247
427
-338
-72
-33
-115
-41
154
80
-169
89
-119
312
-113
-129
-132
312
123
-204
-117
-271
-312
-423
177
544
-80
-244
510
132
-356
140
128
156
-47
-199
-365
232
154
417
-340
260
18
-285
5
-191
246
215
16
-194
-295
-79
-20
-163
-22
-261
94
-323
199
-71
242
124
-202
-511
158
177
-239
75
273
2
-301
409
80
143
-12
-52
9
104
173
687
-84
-289
244
82
-98
58
61
-1
-212
-320
31
220
61
211
-165
-28
215
-119
15
-71
-236
-294
102
178
105
306
165
-305
161
-32
-58
246
-260
-108
229
121
69
56
426
142
-313
225
98
24
47
138
82
-1006
59
-46
-329
-304
725
-177
412
-49
53
-30
-357
281
149
343
609
273
-498
356
-223
-237
-336
-439
117
-362
41
183
153
-36
-447
353
122
-39
-268
-47
188
31
-395
162
-327
-31
266
-103
-160
8
-150
389
-290
-75
75
43
-341
49
-2
-116
-226
-437
-189
-413
129
-16
138
181
-275
-179
482
-264
-48
167
194
206
-114
47
-162
187
-378
121
18
-156
107
143
-234
-554
-237
-297
-3
136
145
-144
346
20
28
-108
-136
-8
-36
-70
162
259
-525
-101
191
-218
-273
-150
350
237
12
61
485
109
-78
145
-133
-408
-199
459
-462
499
215
-230
6
-73
-85
-98
-165
-281
-1
-530
270
100
-255
-398
-193
77
863
-101
-12
-6
-267
366
164
388
60
617
379
155
220
-143
-266
113
-170
35
74
174
-453
-15
110
294
-138
320
229
-157
391
459
-195
197
84
104
-311
303
122
-116
-200
-38
-433
-125
164
500
86
426
337
36
-212
-8
140
-226
-280
-80
-8
-373
-35
75
253
-288
215
-97
-293
-245
-134
44
-84
-304
-255
151
105
-305
6
97
146
201
-279
168
635
-99
235
420
-89
219
-175
160
-7
-159
-216
87
-180
-526
166
-295
245
393
118
-277
224
-223
47
279
-36
209
-173
-37
570
170
-364
-51
237
-156
-279
253
180
217
75
147
-131
47
-176
71
470
80
-110
-420
82
314
94
257
-538
-245
99
157
-249
325
-4
287
374
65
175
17
-427
-292
29
20
-136
-73
-298
215
329
-174
-289
339
-145
419
-648
50
-86
126
7
141
275
650
614
-134
154
-138
157
-155
-20
-278
-347
-207
-280
-89
-342
243
99
-167
136
-277
-211
-174
-51
68
-229
-57
-222
149
-417
-92
-120
122
75
147
-483
437
-94
316
84
-450
4
291
160
-237
418
-17
-86
604
132
-110
-331
276
-106
492
-355
-224
166
-319
-188
79
14
-181
97
277
-330
565
-336
-98
-102
-40
277
-59
299
-27
138
688
29
-147
-100
-44
-60
-73
336
-14
269
-178
90
218
83
-17
-364
30
-27
-125
288
-164
-55
-126
-103
-9
208
-153
-328
-58
-170
-379
-9
269
71
147
-277
303
-249
-109
-32
-225
-148
-8
575
10
206
-80
-229
-194
-211
391
-36
-66
-191
171
-613
-197
-50
165
137
339
-176
51
191
502
-192
-202
-117
-149
160
-114
-346
265
-43
87
5
205
212
-317
72
236
289
250
-229
372
-145
52
-186
349
-47
-17
244
-14
-182
-222
-157
-25
186
-26
91
78
-150
617
68
431
-121
-184
-102
197
5
-178
65
16
-145
-24
-244
-58
-112
22
439
-142
-288
-264
196
-54
185
226
114
396
-378
46
76
466
66
195
-62
80
-145
-135
-139
214
155
72
10
181
153
12
412
96
-32
-43
-52
-111
59
-241
349
-157
115
-407
71
-296
-267
179
-47
64
88
-5
98
74
-58
213
347
512
-133
-362
-268
-29
218
-111
447
93
159
-274
-98
-84
219
-87
269
103
-342
205
413
259
-62
438
180
76
-150
42
6
-64
268
253
-477
-124
-544
-274
41
-89
-531
-276
-61
382
-556
-145
-649
61
-32
638
476
92
91
69
198
286
148
317
275
25
36
-12
206
-396
203
204
256
-66
-299
157
659
-532
224
627
214
79
20
-214
-212
132
-84
215
-147
159
-112
-67
-84
-45
-343
102
-289
371
364
262
-164
-318
-592
-212
-158
591
-404
84
149
-306
368
-61
272
-71
-223
-73
-20
167
-293
-318
-220
-93
53
-85
57
259
438
174
-133
-205
272
-114
-158
158
-349
350
266
-279
271
245
-25
-119
508
-236
45
290
-58
50
83
-561
385
60
-273
-272
128
-109
443
-333
7
-126
-170
-532
146
-591
320
182
-95
44
-241
-255
54
-15
-280
83
167
39
-226
-175
176
91
-133
420
253
-198
-269
168
-27
165
-42
504
-89
-257
712
328
149
33
-227
-488
-222
-110
-58
154
-221
-48
-195
22
-201
-115
-231
183
-177
-2
165
-330
-180
-69
-18
72
-73
-2
29
-109
-12
-38
-177
-222
218
141
295
315
-514
-121
-319
-163
-135
-385
191
-4
157
135
-288
108
-238
-53
737
77
86
302
308
612
233
248
336
393
150
588
-760
-287
481
-14
-196
163
-525
2
367
-154
119
201
109
-116
-97
-3
-268
116
733
-165
-333
635
26
-201
-208
238
211
129
-6
-371
-339
326
-75
-264
-97
-514
102
-29
-71
-117
120
177
-7
326
185
-221
82
16
-468
-155
-39
-238
72
-508
90
-169
113
245
-193
-326
-165
-101
205
329
448
-356
426
-55
-340
-381
328
110
271
158
288
300
-139
56
467
110
145
-508
-325
-19
-63
154
255
-322
187
-394
110
143
56
-214
-58
98
40
341
557
-186
68
127
109
-399
-392
515
-120
-297
329
182
43
-142
103
104
-57
-369
107
545
-247
-1
49
49
-15
-1
-297
118
-74
19
153
-196
39
-89
-314
-33
-290
15
-281
224
-66
65
-319
-182
-17
184
119
469
285
472
48
-308
-24
-99
97
13
55
-229
59
-222
30
-66
-110
114
72
200
69
132
-57
-62
-187
237
85
-222
-437
161
-9
95
-93
33
210
-68
-1
497
87
-283
-387
-39
340
-116
101
95
-443
1
90
346
-3
-410
-8
276
290
32
113
-143
54
273
143
-344
-191
179
-91
348
-307
292
-437
-454
-449
452
-62
46
140
-119
295
55
48
302
-27
322
-17
-341
61
-128
-171
154
-256
-13
-481
-176
-204
195
-337
75
-167
172
18
-276
158
-191
-80
171
212
-177
-215
-294
157
30
-480
225
-315
96
417
162
-174
310
-358
-81
-62
476
45
-197
132
-209
-450
-10
-49
-159
151
289
-293
-7
275
-138
-450
-116
394
169
-142
415
-46
-459
5
-229
123
345
-205
277
240
513
348
-367
-73
243
-150
-160
-686
1
185
-321
403
174
594
-184
-29
-379
-72
-148
71
-260
-210
402
18
-215
72
-532
-472
-75
-261
-322
-163
176
-163
346
-505
61
-544
-650
-621
208
80
220
47
-118
98
36
-106
147
104
-25
260
171
-194
312
-75
-17
-50
-151
-293
-152
311
144
98
-65
615
-73
-28
233
-129
-138
-138
187
-388
-277
-88
414
-338
-111
79
135
-85
-356
18
164
372
-788
-341
-245
492
334
-76
296
-148
-310
-250
144
361
15
137
515
-191
-394
-8
294
-316
64
590
51
-160
243
194
7
105
65
-63
-23
205
61
-250
-340
106
-131
-189
-485
441
116
60
-233
132
-171
-334
-362
205
378
-92
-205
-93
151
-505
-182
-156
-96
-60
219
-57
145
277
319
-549
-389
-7
109
-80
-432
304
-13
0
-276
114
283
159
-138
-124
-582
219
51
379
-334
-187
14
-23
52
-108
-51
58
428
-289
299
-172
-177
-78
-132
49
465
298
93
-838
58
142
-540
-155
224
-104
74
-35
-117
-96
-100
85
108
124
-488
387
-227
162
701
154
290
128
-28
-160
615
-63
299
-184
-188
-117
22
-199
-203
320
77
-332
-274
-312
2
296
-125
104
25
-240
-229
394
123
-17
-426
43
-60
576
-26
54
-67
-63
-241
-589
138
-48
-148
-534
84
385
-70
-171
115
711
-213
471
42
-259
88
-85
-159
-117
-268
334
167
-193
218
-6
31
281
33
-2
-152
150
42
-82
-177
-196
288
-33
-172
148
-268
-150
232
-328
-338
-327
44
-163
-88
-338
-137
-530
-77
16
-481
-288
53
-146
-419
23
-24
162
-30
-221
218
-258
-165
26
16
216
-263
101
-115
-159
-133
-16
314
-256
608
241
50
131
325
300
117
-418
65
329
-98
-441
-358
-26
-206
-80
252
-203
88
-214
-95
-239
264
66
211
96
119
596
-73
24
-138
203
88
-226
196
-113
-573
-14
-365
466
-190
149
234
-350
-335
-12
125
-526
554
-229
85
220
158
6
138
199
-481
-83
19
292
-72
407
-17
499
-47
-75
41
-322
199
-49
39
-353
113
135
290
-275
-30
347
-389
149
-217
-331
73
-360
-137
200
-145
-184
-139
-393
-217
-366
-128
209
-361
100
183
-93
-226
-513
7
64
573
-182
-425
-86
135
287
335
-141
356
195
580
178
-3
-241
50
-319
257
-217
218
289
214
-25
322
-122
-40
-206
168
17
-55
93
-333
1
79
-5
-198
-333
233
445
-266
115
-110
65
-12
-308
46
12
-196
-233
77
377
197
292
294
-21
54
-421
-574
117
61
192
-226
160
-63
-32
-123
-316
392
-92
-13
-283
695
14
-47
-388
-190
-105
-78
145
274
-60
-190
-374
160
111
-321
178
-160
-444
200
-109
-188
-149
-388
-584
158
-610
-65
338
-29
166
391
125
-263
-420
14
301
-92
-79
4
-233
112
-106
-490
-148
62
-143
-35
-571
460
107
-285
525
-243
150
-89
80
-9
-122
26
-174
331
76
232
-416
437
68
441
67
55
-346
404
317
-476
507
117
354
21
135
-111
92
-361
-326
-647
-338
-156
99
321
70
-4
129
-537
104
-285
86
-3
-221
278
127
104
133
-94
88
-615
-242
-203
-279
-105
283
186
323
60
-96
-41
629
-21
169
-522
-16
-469
-89
123
-243
-411
339
72
241
-466
376
-219
-102
272
-164
60
619
353
-17
313
-112
145
-73
75
-122
234
-426
37
346
126
-241
14
329
383
116
167
-99
-42
333
239
-175
269
450
-120
1
-524
-41
-348
32
48
-151
-9
-139
-28
-280
-286
546
-120
42
4
190
48
-524
-56
-172
-80
307
-67
460
-430
368
184
53
218
147
355
-254
-7
10
322
-398
-174
-198
0
431
194
243
368
-370
-90
-352
314
18
306
37
62
-214
-381
231
324
-52
240
527
-274
23
-299
-70
87
-254
242
-41
3
48
-212
-16
-340
-147
-295
-333
-381
-233
146
-157
266
-385
-78
243
472
408
-237
249
336
44
-14
-48
304
-197
-335
-231
269
-338
-168
-619
258
301
-86
-406
118
60
35
389
172
-99
-85
-23
-48
85
173
146
739
-111
-81
-35
-63
336
-324
-277
-29
227
-140
24
242
471
202
-329
65
-313
-41
327
-177
-258
-158
-13
-38
-255
63
78
1
-362
-249
46
24
-156
-300
412
-133
-206
-177
-122
340
116
-299
109
7
331
15
23
95
-48
-100
-112
556
-348
55
32
-34
-230
-319
-273
-210
196
-411
-234
222
61
-100
-47
214
401
221
404
-139
106
245
36
-40
201
38
-222
335
-252
358
-390
109
165
228
28
24
-49
215
464
73
-548
25
83
226
-103
-273
-58
-173
-36
-538
160
-165
72
-3
361
-105
145
517
-401
-106
152
391
-282
76
178
-165
551
352
48
-169
19
-799
-60
-101
-81
403
-473
89
-119
-265
-172
265
113
-144
79
-66
176
-260
-156
321
-306
146
-259
231
-404
-225
-53
74
-218
-100
271
-317
-158
-54
42
17
-371
255
613
129
396
-155
-230
-69
-500
349
425
71
478
-87
30
200
-58
147
224
-175
-266
101
179
324
-55
-60
92
135
-366
-56
-86
-120
86
-162
-270
-22
13
65
-62
-19
275
308
-636
-94
-6
194
409
-95
-241
-117
276
-196
-213
-68
-158
105
40
125
206
169
-75
48
433
-344
12
7
46
93
-286
-382
172
221
-70
36
-60
-567
-209
-140
-254
95
-333
141
-308
87
-35
66
-39
-444
-56
994
153
-126
-441
-140
-105
393
-118
578
-228
393
27
184
248
271
107
-350
-362
169
249
-351
3
169
293
70
-96
-202
-242
-76
-50
-6
-181
-99
-82
378
796
-103
-385
-135
122
-178
164
-213
81
-44
277
-237
39
-59
-677
53
-39
-4
-188
39
142
194
-135
-110
95
-155
-40
-133
-203
155
-153
65
-110
350
137
38
-40
233
-192
118
13
216
7
-376
335
531
15
-330
-151
134
422
132
-67
295
-459
383
-277
-301
549
184
-24
163
340
165
-158
38
-350
-102
-138
262
149
296
496
-405
-56
352
718
-112
-200
-322
-392
135
-419
-21
129
-197
-99
-223
28
-379
165
-279
51
-50
-195
387
314
-201
14
21
110
221
-204
-277
-412
21
193
-107
350
-46
200
41
-126
100
329
-2
-548
198
-60
34
35
480
475
163
181
-5
-301
-181
71
-261
60
240
-502
-327
3
-220
-115
85
218
-221
-39
454
513
167
517
-143
-4
-215
-270
-52
-260
-66
18
619
-147
229
18
558
124
-94
171
-14
149
-60
40
158
220
-226
25
-461
84
638
26
102
-86
72
-655
596
266
311
-333
-33
286
258
215
-150
394
-82
5
71
115
-204
314
67
115
27
-169
-164
-181
-225
-79
-389
-245
592
-280
-151
-90
639
497
83
-8
184
270
-323
-132
-400
276
479
-163
-127
192
321
487
102
214
8
10
241
-23
-251
-25
-275
-225
122
3
-47
194
-338
-249
-13
306
368
192
-242
42
273
-307
-126
71
-67
-178
71
62
703
-66
208
313
-313
-201
-31
-3
-104
124
-12
33
-144
342
56
-58
427
-165
-154
455
7
62
-137
328
185
209
54
89
55
-283
-14
-268
-107
84
-269
149
-32
37
-61
240
171
-395
-157
-407
356
5
-278
-139
-248
-284
-65
150
-188
-135
856
179
-211
-112
19
-139
142
409
-289
142
-167
-362
-446
83
407
769
169
-280
-286
-145
52
-283
62
-119
178
-74
384
101
-301
-225
-168
169
365
25
85
-77
-11
-87
66
126
167
-61
231
353
-503
-422
25
475
47
-200
-293
-255
107
-147
-256
-130
269
-257
82
-86
-117
163
356
59
183
605
-64
237
155
26
-155
-273
401
-40
413
139
327
117
-33
103
-106
595
80
122
343
-285
-376
-64
-263
-297
273
15
326
504
-293
63
89
25
492
-76
-185
-292
-76
-219
-211
-166
-35
-139
-89
201
-240
215
376
-94
259
-315
98
76
-278
-374
52
202
35
-442
-395
275
799
-156
56
-230
-333
-215
-135
14
45
1
63
225
-386
9
-150
-386
89
-74
14
326
-338
200
479
-194
85
-133
-351
57
227
347
98
-129
2
360
120
-51
-88
-149
-243
-249
-327
2
-329
2
0
21
273
16
-404
-390
-191
-321
175
-208
-218
-182
-31
-8
208
112
347
-233
50
70
-370
190
-221
-308
-8
-418
-360
267
-307
451
-90
176
215
545
-466
-368
-314
363
-153
-278
-142
79
76
14
63
346
-534
303
-468
157
361
-111
-467
-226
126
-57
145
-66
397
300
98
-280
-22
-397
-153
-236
106
144
174
-140
105
391
160
-335
65
282
151
191
154
-14
-263
377
227
205
200
-205
-92
-144
-143
-170
117
-223
35
278
-278
-60
-119
-150
183
81
10
260
-27
11
-131
202
366
56
70
95
118
-5
-96
202
-199
370
-358
-70
-35
-331
203
-112
-99
-187
529
-139
58
-134
-255
-195
-365
-135
158
3
89
-12
147
280
-304
-105
206
-40
-112
-57
407
57
0
-104
40
8
-361
162
-90
-113
-106
-17
12
92
-155
147
232
-374
-540
-50
316
-285
-186
-548
95
130
-386
603
-78
-58
-243
139
161
-142
6
106
-89
237
30
-138
-132
-273
-153
-351
-26
295
506
-102
424
-137
302
-46
323
173
284
-116
-19
282
141
-90
-87
-12
164
-483
-309
74
385
313
212
103
143
-392
201
10
38
118
-56
-43
-43
461
-249
166
-165
-149
-109
318
115
-45
165
85
307
-590
2
207
-100
-169
305
-180
39
-241
-152
5
-168
-157
504
270
-335
539
341
33
-437
-250
-10
241
303
96
-589
8
-142
-245
-301
-117
162
205
-267
402
-502
256
-342
54
-303
538
-256
410
-158
-127
-348
-115
291
-258
38
-352
198
-257
360
184
-58
-83
66
244
-177
-147
-68
395
-163
-265
326
476
478
0
-198
139
-262
-34
-356
523
-2
-377
119
-5
-195
227
26
-159
-396
206
-240
378
98
-370
-237
98
238
258
-68
37
-244
-264
-129
27
-178
279
-200
-425
-261
611
56
-84
248
-212
7
62
-3
-202
119
-145
-222
-417
-137
81
59
229
101
318
-99
-43
-364
73
150
-1
-449
-156
-189
200
19
94
-45
-242
-199
485
-417
-214
450
363
43
165
78
247
-1
-47
367
-67
307
-183
-125
-100
559
233
-74
-93
241
9
103
-184
351
-10
503
-145
-113
3
-200
-92
273
107
-146
-166
162
-76
262
277
-269
194
37
-503
-361
-170
-8
61
-56
-180
204
89
501
-136
65
185
-63
104
417
-110
-193
232
444
345
-316
-75
-305
203
205
148
193
-184
-145
-158
-104
115
-496
-277
-228
-47
-160
512
89
-146
-122
-53
-137
-147
-56
-191
-538
-16
493
-207
-81
193
266
-339
-142
26
239
126
86
64
-292
158
186
104
234
-206
144
-5
206
-52
19
-159
-379
7
144
-253
-130
177
-344
-105
39
-372
221
296
301
189
55
-211
-75
-14
32
-69
65
-226
14
-206
428
175
-343
-190
11
-34
88
-239
-147
-222
75
38
443
284
-120
-75
52
162
8
-391
-69
-249
122
-125
-131
27
-162
76
27
71
-90
211
-66
-74
-11
136
-18
-165
266
325
19
-7
-64
250
92
57
411
-439
-209
114
35
212
107
53
88
-196
-427
-27
-296
83
-235
287
119
-320
57
282
-305
-359
-152
-153
26
-205
-219
-86
45
512
-196
-19
-187
170
239
-92
281
34
-131
-49
3
100
9
214
234
-286
376
-112
386
97
-611
31
97
8
-33
-289
342
73
-68
0
348
225
-144
266
333
-424
-168
-606
112
-269
191
226
95
143
28
165
-368
255
58
-26
-194
-158
114
34
109
-169
183
-70
-160
-114
60
327
-109
-164
135
67
-342
-226
-103
-35
-87
227
-139
-445
335
262
52
-341
148
375
102
393
294
467
-60
94
-629
-205
-318
-60
-127
294
28
-61
181
419
-449
-164
152
-372
317
486
-166
21
0
-48
-6
-298
174
442
-94
392
-414
35
-174
-119
-341
47
-1
-569
-433
118
258
112
18
-72
84
-1
-632
472
279
-272
-198
-146
-283
324
43
-111
-208
-449
252
-46
360
-25
407
-65
192
-408
277
255
-206
-193
-204
198
-30
-185
70
352
-54
-88
151
90
76
-161
-173
-56
322
-178
-228
27
-21
-546
-13
-76
70
-253
-221
-306
361
90
378
27
-621
537
145
231
337
-372
87
452
155
298
23
-476
-51
-252
43
-61
212
75
-283
-245
-73
-195
-60
-192
-243
215
170
-177
264
-105
57
117
-535
11
-28
-16
534
-201
-559
-161
-312
-114
-829
412
224
236
-43
237
-142
9
-301
-112
-221
59
143
157
-205
-68
-427
21
-52
414
675
215
-54
-68
-163
-1
-15
-161
-140
-707
16
18
-188
-10
-358
326
-218
122
347
-128
131
153
151
-108
-11
121
-389
-138
117
232
-120
-543
144
435
104
-438
309
-31
-273
329
-318
-480
-326
433
-536
125
501
-379
35
333
-247
-464
95
68
204
130
125
-548
-96
436
34
-48
180
-369
160
260
278
-561
-171
224
-93
79
227
-236
-329
-326
-288
-197
-246
12
-75
406
188
400
-273
153
-174
-247
-30
298
-413
302
421
474
-336
339
-180
103
-353
-352
-113
-33
198
190
302
-653
329
-26
167
-38
-286
253
284
210
222
-186
-81
-118
156
-239
-198
-654
-289
-415
-222
-99
-60
-99
154
-591
-154
469
-51
-245
58
178
23
73
-140
189
120
-463
-170
-366
66
27
-136
81
-527
405
-35
-232
497
-255
326
712
-575
-172
-159
324
-121
-258
69
-194
328
-323
-263
537
-23
159
320
525
-360
304
175
-284
-165
43
-122
328
-57
-282
445
-273
-16
430
170
-92
-188
-73
-78
51
-243
464
265
531
-122
117
-340
-423
39
301
-45
-209
421
-200
21
173
-95
332
56
-12
-394
-33
-9
252
-234
247
24
61
96
-67
4
-374
489
345
178
-362
-605
245
240
-115
189
-440
-67
-420
72
171
1
81
-304
-255
94
142
251
27
-366
-281
-99
-103
289
195
-177
113
135
240
302
97
-528
198
-92
-6
67
-161
134
-1
-229
-147
122
273
-399
182
-498
-197
152
196
120
-162
272
-66
-58
382
39
-409
-4
525
175
23
209
29
435
-4
-80
-404
-99
77
74
11
-29
-659
-161
-40
107
93
485
-374
464
-166
294
-306
-521
-310
109
210
-104
-8
136
-333
-216
225
-360
-395
55
14
-335
103
423
438
117
282
88
297
-256
233
348
-79
374
-418
-219
11
-63
-424
-171
-311
201
885
-30
299
312
-32
-144
-135
203
-532
129
-243
110
26
-332
536
272
353
-56
-322
-257
562
-168
275
18
562
-224
-578
47
-379
109
-69
-33
144
70
67
449
-203
45
547
-187
-93
414
63
-330
3
-43
204
-380
67
179
-499
-143
369
-22
200
208
-365
-214
12
34
-411
-90
-81
197
-241
-250
-419
-370
-238
76
195
-221
164
178
265
260
-562
-237
-15
96
225
-24
98
-386
-152
81
-19
198
-346
-58
216
-314
-129
-116
-32
-216
-10
252
174
-151
-8
58
-294
77
110
-110
-702
-327
83
-185
-240
-215
235
407
-45
-212
172
-11
-311
218
-199
-399
89
63
-151
290
-405
-274
-224
-738
-20
494
95
-184
-125
-103
-271
-90
160
193
-364
629
68
-75
173
-128
21
-378
198
-474
8
433
-522
-273
-233
-161
252
302
-311
110
-308
-371
220
457
108
101
266
213
96
261
144
371
245
-91
-191
-351
-3
70
-453
380
-70
151
-145
238
-50
-471
87
195
215
105
-256
-270
25
-57
-421
-80
46
-56
-157
-136
30
-20
-259
81
-196
-126
-196
4
412
17
221
47
111
375
78
92
19
325
-543
247
-355
106
115
-284
-467
267
298
161
79
-18
145
192
441
-73
-266
173
-175
-162
-270
-98
-226
-17
1
315
111
156
-22
-355
112
-263
197
386
190
-457
92
-453
72
-229
-175
-344
149
553
86
42
-568
8
234
-164
382
-80
94
-313
87
209
52
-411
314
8
-249
124
305
-196
-191
116
41
123
-39
117
-86
104
-73
-278
369
-271
66
-467
-149
121
-102
-175
-247
-166
-249
-341
-431
63
339
38
256
50
593
98
-222
393
-325
-39
248
211
417
346
-1
291
15
-14
-339
-39
-118
86
-40
-150
-190
-26
446
177
-24
-296
273
-9
436
-176
-133
-220
-40
-319
-430
84
-186
-250
-108
48
121
-15
-349
-163
-16
104
245
3
128
-366
-383
-165
-223
-305
-63
709
164
-84
5
-362
162
224
-416
545
168
-149
-175
-113
-467
-155
-144
-168
49
-8
-177
285
112
-533
-116
134
150
-221
-505
296
111
-81
36
485
251
-204
384
233
-366
-917
57
317
-47
-413
422
-105
-109
-147
11
215
200
-302
15
255
343
153
-11
540
34
-477
103
212
8
-185
-342
567
-296
-15
-141
-287
414
-494
-180
156
-171
201
578
-109
-70
-106
-199
-318
170
-353
-141
422
-101
-149
-285
44
291
-141
-360
97
141
495
340
366
-95
-147
508
131
608
-168
-37
181
-313
-30
231
335
175
-202
-112
133
213
-1
104
190
99
51
-391
161
-181
224
-479
344
-85
-90
116
424
31
76
267
430
84
-389
59
-177
319
-30
-250
-138
305
422
-176
512
127
509
-224
-428
288
-41
-41
53
-97
180
453
174
-37
69
-147
-206
271
-142
-464
134
-341
104
0
212
-6
-232
-20
-39
0
253
-198
-329
-16
-526
7
495
-354
-293
-208
-432
11
486
55
340
268
299
-303
59
568
-57
-105
147
103
535
228
-72
-140
-25
-62
-128
99
8
-102
-26
-375
-176
-278
149
319
30
-155
-196
264
-342
43
73
147
-34
-68
124
-150
102
329
-202
82
26
-7
566
-319
244
347
-268
105
-38
-96
-226
-204
-171
-159
416
167
-14
-307
32
-2
-33
-543
297
-89
-28
-16
429
-236
147
490
207
19
-343
64
491
-240
-186
-347
62
247
76
-186
-165
-86
330
175
32
-41
507
-199
129
156
302
49
257
-260
-199
6
-187
-91
57
76
254
-458
64
-40
-19
-135
40
-299
71
436
-106
-341
28
366
78
91
309
170
219
409
258
67
260
334
-108
-46
62
111
-144
82
-205
-123
-113
-357
-99
183
159
252
59
115
78
132
212
-314
-104
307
-72
-138
-418
-363
-32
124
18
257
213
183
12
197
337
243
-190
-263
351
94
206
-10
-47
177
83
296
-215
26
8
-281
-41
-169
277
213
129
-142
110
-63
-19
274
99
-163
0
193
146
355
-54
-165
-124
-160
626
-462
29
284
190
182
188
-278
-93
-313
62
-393
-452
213
182
-284
196
-171
439
-331
437
-92
120
-395
7
394
105
12
-179
-181
-511
-123
-44
50
-662
-146
-20
-524
100
138
340
219
123
124
-27
482
-168
93
8
-188
283
148
98
-192
93
-51
-738
113
85
341
-135
339
123
-336
-179
12
-442
185
-99
36
-489
-65
27
218
142
150
-289
-239
-143
2
-13
193
-81
-53
70
42
-376
89
539
13
-26
253
306
-275
62
-237
-130
-239
29
122
-361
-462
-1
-129
23
62
-192
236
51
235
-292
-123
-6
-152
43
312
-71
-381
33
213
-214
-334
417
-89
338
80
-335
110
-161
-244
-355
-46
182
-69
-169
-61
338
-121
-85
-308
256
103
101
-406
-143
-420
-69
259
-107
-433
156
406
23
-307
188
-100
-487
283
-113
233
-223
-249
-43
94
-362
-394
-127
283
-37
-31
70
266
-191
432
276
-252
93
-274
-230
70
-4
172
-22
-23
-13
111
107
-810
39
-174
288
-89
-744
275
38
183
-162
-113
-309
-437
-228
88
81
11
267
133
-168
-165
-552
-264
-43
215
-214
-125
-22
102
-210
80
-73
-117
184
75
-60
225
149
-75
89
-205
-549
-437
-47
-101
-190
151
-273
67
-4
-471
-86
-66
102
-364
367
-143
257
484
-75
-46
26
-30
16
-422
139
44
374
-320
-44
-497
-42
-152
36
-130
173
-314
-51
-24
-81
-97
19
242
198
-137
-137
454
-212
-256
-100
19
-339
-84
400
-51
-194
-32
133
34
-10
-93
218
246
54
-47
598
-48
356
-12
-221
19
463
-226
151
-20
-182
-602
377
-439
-263
9
260
-393
-232
15
259
-714
31
-320
527
128
-500
-29
311
85
144
484
234
-25
-377
-180
19
359
-170
-412
-271
-159
210
-527
-412
-72
-179
171
105
-445
15
-7
-214
-390
-441
199
357
124
102
-100
173
374
-512
90
-300
-580
84
169
118
329
-424
101
-267
-378
274
-210
-374
-110
-196
53
183
-517
245
-405
-27
383
380
231
329
82
374
128
123
-302
-107
-15
-209
-144
0
-318
283
-199
-226
-90
313
-179
-362
28
-233
-332
-60
-49
-67
30
203
456
200
220
180
-520
427
-89
353
112
251
-61
98
260
-238
157
-151
-305
-29
220
119
122
-99
-303
-312
-143
13
568
-26
-168
301
47
315
208
-264
-140
183
-407
307
215
-309
587
-425
236
138
-287
-127
-507
212
-22
-181
-122
72
-225
-17
-200
74
111
152
-315
-24
-89
-172
-502
197
-121
-383
14
216
-126
-25
-6
144
-236
536
-516
-36
141
67
-50
185
-305
129
-87
54
196
-392
79
-217
-73
61
9
313
15
88
13
202
106
314
621
-240
45
-314
538
46
136
81
230
-48
80
-357
-142
3
26
-709
629
148
491
-446
55
-180
165
-567
-92
132
669
451
167
270
179
-206
-458
-137
-35
-178
17
-198
147
-193
-211
-96
296
-55
-110
-149
-355
-231
-36
187
42
-279
89
223
149
499
100
307
520
-173
197
-82
-100
260
22
-503
-323
136
-29
-27
114
-19
-89
-285
-14
-96
404
91
80
208
211
35
-4
26
-163
-114
-16
485
222
-723
-163
345
177
-718
87
-273
171
-502
316
217
226
86
12
292
-102
-127
-225
-592
-369
-368
339
-77
136
122
-159
-179
-206
-395
-51
210
428
253
-151
28
-51
-591
-193
9
281
201
293
-578
-449
-153
-176
-5
-102
158
-405
-239
-235
-276
-376
-163
34
-191
-266
-33
117
105
-219
-92
89
-175
27
-56
-367
-313
-259
-13
-457
-235
328
-262
-360
262
93
127
-19
84
-228
268
-51
-3
166
-118
-214
-335
203
-516
-19
-69
273
-213
-213
-101
-183
41
40
303
396
228
-425
91
-379
71
393
-533
5
52
-48
-223
140
-210
623
387
77
137
-202
-273
-28
-137
-75
103
-43
-431
-60
-73
-83
26
-265
400
126
33
-377
-325
-324
212
-106
-44
169
-338
-286
-198
552
214
161
20
339
154
203
-259
156
672
-92
-107
-183
106
-44
-163
-65
67
-48
-340
-25
54
-52
-831
84
157
77
45
230
622
148
-189
-511
-147
-169
-139
-228
345
-94
343
19
-226
-641
200
361
94
-153
-237
17
16
471
403
-63
47
-230
306
256
-109
549
89
-177
-291
-687
-278
57
-138
100
-157
-11
-158
-44
-70
153
-227
-88
-321
259
-127
297
-417
122
-41
-195
4
-36
-235
629
-249
-244
1
293
348
-265
-320
-207
-296
-428
-173
-298
125
428
-34
-81
-129
146
-117
-7
-20
-179
241
-58
-780
-140
-224
26
-368
659
-123
73
314
2
-201
-84
-344
424
-17
-171
-9
405
-441
-421
-141
-5
211
268
-44
-270
-68
-152
-330
492
-229
-74
-244
58
200
-59
492
219
-39
-204
-403
98
-17
-65
-178
-39
524
1012
205
-321
-219
-7
286
-86
237
485
507
133
-117
237
-168
-87
-219
128
487
188
-43
-248
-48
-152
186
167
-226
-130
-255
-296
-163
-76
-1
-20
355
-113
-8
256
-50
-276
236
100
-249
0
57
-264
336
38
-445
-165
-202
-32
-36
-297
79
-474
-87
90
-116
-207
426
-113
277
405
-234
-27
401
175
-147
71
-190
-280
372
-85
-288
-184
144
-243
-118
-176
-48
-194
614
72
213
-75
-209
-646
-66
207
68
-487
-61
-664
184
521
-108
-176
3
-49
112
106
-238
-522
343
341
18
-76
156
397
-116
551
-212
49
-119
203
509
322
4
-372
25
3
-258
-137
239
-274
38
200
209
-139
-483
-87
-234
-295
223
-145
-213
200
163
-280
19
310
-90
129
-414
219
48
-85
293
-386
62
183
-313
422
-131
-190
235
-183
321
195
9
-8
-242
-79
59
40
96
48
360
429
256
-463
-161
89
-300
-2
179
444
-23
-29
560
-135
-130
-35
-2
-127
24
92
-151
-12
-458
466
76
66
-149
122
-38
33
-191
405
462
-75
4
-203
316
232
-110
-96
-408
321
-171
405
217
-497
-583
-394
109
122
331
251
-260
218
-452
-123
581
-128
-170
52
162
-236
-308
-214
102
30
-460
406
389
470
176
-276
193
189
-40
44
-68
174
140
-371
184
179
380
450
86
-273
207
23
790
193
-254
14
303
-166
8
-61
105
-66
-41
-238
-519
-34
31
3
62
-20
201
-267
2
115
38
17
330
-252
143
-118
-190
357
174
363
-155
116
-104
209
271
314
405
68
-168
-102
-296
-315
-454
-116
317
155
23
124
-132
-63
386
-275
177
64
256
85
212
58
-65
-3
13
246
-296
205
42
-598
-327
-42
106
62
192
-123
-96
-61
-65
197
219
-185
486
-357
-236
177
188
-38
129
-132
520
505
-14
-191
121
7
-87
53
154
-205
-14
-173
-60
127
-387
-65
-289
-486
213
-233
518
149
140
179
32
-146
147
65
-325
-383
-46
293
-345
-23
331
260
-181
158
-571
35
27
-248
-3
-101
-72
-53
178
-50
29
-137
306
-70
-232
-527
-136
-416
-219
-372
-84
44
449
170
-166
-96
-191
-168
43
-359
-58
-475
11
95
12
12
357
-161
78
-157
90
128
67
-480
481
-162
153
456
57
-657
115
-466
418
307
115
-16
70
-142
-469
-210
216
111
-361
-53
-43
-71
-17
-210
284
-134
-335
203
364
348
-218
-420
-318
-200
-153
733
114
-220
148
-194
-124
-140
-137
357
-52
-2
42
180
-137
106
282
229
81
242
-98
214
73
-235
-397
102
-6
-439
39
-349
335
-234
313
-232
38
71
-80
208
-319
-290
96
-284
229
-126
-194
-30
258
-308
-20
83
-204
61
20
-144
33
106
324
2
473
-237
323
-190
-191
-283
-25
112
794
96
-638
-119
-130
45
538
-93
-327
-64
-36
180
-43
-127
-55
-82
187
-235
-94
157
83
-233
-298
322
82
77
-88
19
-3
-87
220
-102
-3
-248
364
486
-94
9
146
113
-373
48
-208
-41
381
-228
-282
-113
-163
-125
8
-16
-19
-209
-343
-48
-308
0
-15
93
-91
303
-70
340
-397
-359
-166
146
-514
-132
212
499
197
-114
-158
-34
101
108
26
-102
56
-314
-79
201
-236
44
478
101
389
32
340
-269
126
-31
103
-140
353
50
-7
323
-209
-203
75
-19
142
-11
-300
-141
-18
-359
-211
25
-11
-329
-167
75
224
-76
92
-362
-190
91
-237
33
94
-114
-45
-97
17
156
-443
107
-198
104
-193
631
-378
100
95
245
-272
-116
-110
12
269
140
29
265
-218
-247
138
-3
107
368
3
182
69
-131
131
-61
12
-471
292
328
166
-219
-438
111
-53
261
407
477
42
-329
-96
-61
-478
102
252
18
-112
157
-139
554
-136
-255
-332
48
-124
276
367
-228
-130
6
176
-133
39
291
613
276
346
218
-95
-56
-313
-581
109
64
132
-246
-13
258
158
-128
371
154
27
-6
457
-161
359
258
-148
-200
38
110
455
327
-227
21
19
-666
-163
249
-5
-198
-320
-279
-500
372
213
-121
88
589
-458
-475
149
-30
-533
117
-397
-341
230
-76
193
147
-130
351
162
-259
-420
-329
-147
207
420
-410
-172
-409
419
199
363
-251
173
299
233
-210
343
299
36
225
-244
199
-94
-58
-375
-141
320
-233
-97
199
0
-58
125
42
216
306
354
-465
-382
148
-235
313
28
-10
-244
113
-101
228
-333
14
103
68
352
72
-261
217
44
-92
-331
-133
-12
-60
-283
122
304
506
-76
-175
5
389
-176
143
-207
-41
-2
91
-267
-181
157
-21
-393
32
-151
73
-460
-33
104
380
-22
-74
-91
379
26
-29
452
-48
-542
73
186
101
10
-155
-303
-272
-76
-9
-532
-100
-16
-122
-520
-183
-239
135
79
528
-2
-189
-307
-52
139
336
-40
585
391
-161
-46
-287
-235
446
-139
-29
360
-218
339
110
-94
-161
218
209
30
-6
128
-37
-168
-294
-316
-307
-313
-126
130
40
121
454
-298
67
17
163
199
-217
-297
316
131
-147
-16
-588
44
-280
-328
-174
689
141
-144
-438
205
833
-244
-365
-209
-3
682
-70
18
-664
19
24
420
-90
192
-124
-382
160
-156
38
40
-436
34
-249
-150
-69
114
-112
-396
230
17
-30
-28
424
192
233
23
-179
-250
204
-174
74
-19
346
192
-23
-29
216
159
-269
-84
-67
135
-235
368
-145
-178
63
-628
383
370
-518
186
69
-278
-537
-165
-114
-410
347
174
184
94
64
-255
0
115
-231
-446
-59
55
203
-103
220
-16
25
-205
174
-112
115
-295
-398
161
211
-135
-274
-29
216
-98
441
-24
238
-65
-188
48
-364
-24
-214
38
-119
-43
66
228
-301
-50
319
-459
99
-17
-174
133
212
506
2
-84
42
-68
-556
-154
-266
53
37
375
164
284
108
-89
-240
-45
317
231
47
-47
185
-59
10
-348
-23
100
-151
-339
5
-171
190
-557
420
-199
-67
-236
-271
-126
51
447
224
-194
-276
40
277
136
324
-506
35
-45
298
83
290
-107
-290
179
-371
450
91
-406
212
341
-1
-395
-504
-363
322
-110
361
-18
-60
76
-522
364
-279
-247
64
-183
-238
4
-353
15
150
-236
-376
49
-120
-116
-246
-158
-58
-232
190
-113
-136
-36
213
133
109
-502
391
104
304
95
-437
-192
-326
39
17
-169
19
-289
97
-218
125
-128
-162
104
-227
31
-65
-203
103
-276
12
361
-301
-499
-256
793
-64
-383
104
14
-95
52
271
-388
643
222
-179
150
389
-27
204
231
280
-323
-231
-499
-324
120
394
185
-81
317
223
-8
-320
171
159
461
-179
229
-267
-301
-524
-212
-19
360
-32
-116
-330
320
5
256
154
-215
-541
-295
62
-170
260
440
-189
46
152
-230
-378
98
-767
-440
438
-96
505
317
174
-31
177
88
288
327
98
51
-96
208
101
156
232
165
-484
410
-60
-57
-100
163
379
585
198
-321
82
96
-198
162
-316
-28
180
1
-51
58
55
395
80
-707
179
-312
7
-304
-207
-215
-155
-88
-21
-31
435
189
-676
9
310
86
-338
23
-93
-32
-227
-23
-229
206
-436
-60
-218
-78
115
-481
79
-16
-627
414
21
-7
140
-360
18
-283
83
282
107
-538
52
41
-94
-201
-172
-177
205
-508
-317
-442
-20
235
-725
83
408
38
-458
63
-282
-138
-116
199
38
148
-54
-141
-131
-135
80
251
328
172
35
-155
492
-52
307
190
-289
-152
232
68
456
463
-460
58
-41
195
-223
-342
-184
-401
-61
157
245
-497
206
-605
217
84
-155
80
317
-208
-356
-43
-120
155
-480
-615
-89
-288
-363
259
-152
224
-305
-19
272
37
653
43
333
40
65
382
-127
126
-145
-194
227
326
-337
212
423
-305
-174
165
-328
-185
203
-248
21
-458
-252
-247
445
174
-205
-36
-371
-15
117
-194
361
-54
355
41
-80
-77
62
174
-50
-284
-54
342
-149
137
64
156
117
-313
-439
32
136
488
-16
359
116
-52
-115
338
-299
-78
262
330
496
31
-420
-352
-184
-114
395
45
-134
-7
-572
260
322
497
272
-374
-30
142
23
-22
-344
367
183
-484
-114
-584
-180
-113
-369
-130
344
211
90
-91
333
-56
656
-187
-559
124
450
216
-61
-106
-495
296
247
-11
96
-160
4
72
305
12
212
-36
-208
328
135
-375
308
-54
-4
-144
-12
281
-222
-158
-661
-386
340
-293
-189
212
-399
-464
195
-104
-104
-47
-527
111
260
343
-10
-97
166
59
-340
-131
-184
367
-145
-150
-380
-35
292
-117
91
218
269
-48
188
-120
-82
-5
-73
184
-259
372
196
-97
-144
283
-7
187
52
216
157
130
-65
-29
28
257
-564
-274
-237
-247
-483
198
-283
-56
-51
383
9
-137
15
19
-7
115
-248
-120
51
251
-224
-206
268
-425
288
-40
141
341
-63
-95
-243
-225
-34
-174
-385
-28
221
151
-31
-60
-426
-358
-83
-525
88
267
396
61
24
-437
369
-401
255
207
533
-280
-99
282
-767
-243
-41
-201
103
-210
231
218
16
230
6
-9
-121
-39
397
-23
-111
-10
149
-71
27
50
530
170
11
378
-32
-338
-303
245
279
175
-338
-239
120
-363
-125
-89
106
-193
336
-19
349
33
172
-226
206
41
774
235
47
296
-158
204
153
63
-139
-17
-191
345
-54
-391
174
-112
261
-28
-66
1
-23
-312
-465
48
167
-173
-217
2
90
-204
-579
11
-111
-224
5
261
57
138
-385
-164
138
-47
60
-121
120
23
-109
165
343
-492
-57
-344
517
381
151
-103
78
82
352
-296
-138
617
56
-25
-320
1
-74
-19
-5
149
-274
-11
-324
-479
37
-315
42
-38
178
-24
110
-22
-258
-155
-171
44
-174
-149
-40
214
134
-204
101
-557
-54
-41
-384
-64
17
180
-175
30
-494
386
121
-102
169
150
-1
60
130
389
-144
471
-122
122
424
337
165
-131
-99
27
19
829
-188
111
320
369
-48
114
258
-131
-268
-209
35
277
44
513
121
212
-292
281
366
-3
51
-506
-61
-105
-50
-696
109
138
-13
189
373
50
-456
-150
-97
-111
5
-51
-379
252
-282
-294
-421
30
-233
228
-99
-18
65
-163
-93
-146
119
64
-252
417
-419
7
149
595
58
-69
-115
-385
96
425
-210
66
105
-151
212
-148
214
-45
259
245
-60
-380
47
87
241
215
-279
385
-59
352
161
281
519
47
-181
335
-198
-37
13
-461
104
187
-73
140
247
434
-249
290
257
176
-307
-205
337
152
-208
-29
489
-63
-48
-122
-206
-135
161
-123
80
162
400
26
-64
-38
-266
57
278
224
25
-426
8
215
209
-166
-99
121
32
-236
330
10
-618
-170
-154
364
-491
22
-131
257
349
-33
152
85
14
95
96
-238
-234
-42
186
-152
-346
-64
-85
264
-116
-106
-159
-423
-99
-3
156
-75
184
-258
-126
251
185
211
329
179
-86
337
-182
102
170
-21
30
83
-71
-377
144
-277
-50
182
3
-356
-260
-193
454
700
111
-285
300
276
152
316
-315
-181
-225
-142
234
-192
-39
188
-251
-72
-109
226
-24
-71
-180
-225
-217
11
-36
17
-55
-239
351
-106
75
-68
128
-170
-142
227
287
229
33
-99
42
-423
215
-275
-176
161
240
-310
106
-360
-253
-199
-138
297
136
318
266
-84
-117
-264
69
-11
-294
-171
98
113
-62
-51
247
32
149
125
-178
-741
149
169
-312
-215
-8
-219
-131
146
89
-282
-48
-507
-16
190
121
-460
98
29
179
-201
-359
391
376
263
576
-143
-109
-183
-476
-343
-4
-665
145
703
-161
131
-146
116
-379
-210
20
4
-18
-2
-224
107
83
90
-71
23
-178
-305
-227
-418
333
548
299
173
370
-393
0
337
-208
109
-169
-488
431
148
307
234
63
95
-276
130
-42
61
-12
47
10
-86
-324
-300
-134
-333
6
-170
302
500
-245
189
185
-227
-36
157
-286
159
-175
-101
-115
165
-245
239
203
-357
-74
56
230
-37
161
246
-61
-43
20
80
-97
223
-69
51
95
-602
183
-9
-45
-420
-175
219
-94
-288
-573
-247
83
-82
285
-195
-168
856
-183
-257
-32
513
-366
170
291
318
-274
131
418
-338
339
16
162
23
181
-563
23
307
-62
24
149
41
-72
326
17
-213
24
29
459
-118
508
246
-139
61
-19
256
-396
164
-51
-12
-583
-155
595
-210
-353
74
20
200
-128
343
70
-84
266
-197
279
2
436
96
196
172
-68
-46
140
271
651
-50
33
-170
-20
10
255
101
-194
-416
197
-58
615
400
109
16
-377
-71
-65
-325
-49
-224
-287
26
-128
244
138
-141
3
186
11
-110
90
21
461
289
102
71
57
66
-237
275
-442
373
251
41
688
37
-12
-448
405
-240
-213
53
-12
-232
277
350
-90
331
-4
45
110
203
-352
532
252
-118
-18
-167
-291
-451
409
342
-149
-107
314
122
389
74
-114
226
-15
146
-8
185
494
-17
22
-94
-303
-66
53
-145
139
330
389
-218
390
156
365
308
85
400
-63
4
-186
-258
-634
-339
472
-97
-42
-27
-3
726
147
688
-465
-16
7
-115
-49
330
161
-148
45
-57
102
-335
-104
-20
-286
-190
1
-480
223
-141
-142
-64
-68
492
-169
143
17
249
165
-197
75
14
214
163
125
-118
-296
-469
-73
4
-55
-48
-216
-130
-16
-234
219
522
-277
149
78
64
-51
380
447
285
-206
237
-463
-498
-83
-249
-447
-154
23
346
-96
108
-43
138
-389
-56
225
386
-22
-69
-36
-126
-215
-38
-51
-165
149
447
191
148
-117
-24
98
-261
-48
14
-114
-126
495
-231
-62
-153
-16
298
-63
64
83
223
-286
-262
-224
-189
-6
-298
449
-68
1
-272
84
-166
47
-328
102
-480
-277
-27
-116
-324
-123
-618
-55
225
-367
-54
-67
-110
-28
399
217
-426
-47
-250
-310
94
-150
-64
-85
40
-221
-317
204
-75
-21
182
-379
-320
295
-470
124
-201
38
613
-22
-24
336
-38
119
299
-67
473
264
134
-349
235
-85
-131
-125
265
185
38
221
110
174
-315
10
29
-405
484
32
507
18
-208
-275
285
-188
31
614
564
-178
-312
288
37
223
4
-28
-374
284
53
-90
286
166
568
-406
-658
19
-301
164
336
-92
-250
160
112
130
-14
-184
-176
20
523
408
331
-609
-55
4
109
146
69
303
242
88
30
124
-141
39
396
302
-241
149
349
-131
-62
24
253
447
87
-197
183
137
115
-110
519
33
-95
-103
130
268
409
-65
34
488
139
12
74
96
157
80
103
416
-106
-197
455
438
659
-22
-183
179
-356
173
-255
-419
107
-291
-256
37
-214
-56
-372
108
-75
-166
11
-92
27
109
-54
127
583
87
202
-92
-115
24
-34
78
-163
-175
-451
-350
57
228
16
312
16
-46
-336
-93
-544
-330
98
-507
-587
-52
220
265
-179
-185
-87
-10
214
286
103
-349
-384
-223
581
-305
374
-7
143
399
-73
-90
116
203
121
438
-62
132
-53
-41
94
160
23
-93
-202
543
236
-156
-187
-157
467
166
318
-238
115
-22
-288
-59
464
-46
121
-233
-176
228
332
-15
-24
176
-80
112
60
-580
217
-546
-142
223
29
-85
84
166
-280
-8
337
279
-247
311
-330
-438
-67
95
90
-634
8
-152
161
-231
-116
313
27
20
258
-82
162
452
578
381
-77
16
-212
-79
-111
-6
-390
183
-43
6
-596
-129
112
245
-83
-57
439
-207
-155
-576
-260
85
-147
483
-60
-130
-355
-66
288
189
214
66
261
-1
93
-115
132
205
61
96
-380
90
252
-72
-172
-174
-89
-71
-61
-540
90
17
12
-391
-203
-472
303
147
283
-136
56
-622
-329
35
231
-109
503
451
54
75
128
214
138
312
-154
-22
8
-20
-305
141
54
297
131
110
-402
82
36
37
311
-89
-472
-7
-353
82
205
228
-293
132
265
-84
34
174
-535
265
313
-154
214
-167
-199
-252
236
69
-509
108
-118
179
317
-332
225
-315
-223
240
-329
497
16
156
176
54
221
-276
86
-236
288
-616
146
-170
-13
-90
182
45
-756
82
-277
-93
93
-121
285
-259
196
-108
74
85
-218
-101
214
245
149
-82
410
11
154
-37
505
-128
701
-115
-260
-316
152
244
-4
-292
705
-209
-38
3
205
-81
-141
6
236
-217
194
-84
-360
-217
132
85
-362
326
186
294
-35
27
39
812
-175
-505
-2
134
50
244
30
-101
-338
368
-96
-322
-298
-296
-340
-148
-52
324
504
194
-57
535
10
109
238
-68
-475
6
-474
-158
-294
-83
-19
-213
-88
-121
-10
47
-172
-65
-707
-80
-273
649
295
-523
410
97
-365
-382
-69
284
1016
612
461
-305
-268
576
-491
70
23
77
570
-171
-73
60
-22
-391
-211
-490
123
-129
59
-75
-366
-290
-480
-168
124
134
-395
-414
57
-68
-304
239
140
188
166
-33
7
-332
-84
301
-141
-259
251
-223
-46
-40
515
85
157
-201
124
365
205
-31
-177
-29
-401
30
479
31
186
-200
-130
-1
28
-92
-19
312
-1
470
-260
-133
649
-397
8
480
-264
-246
-260
39
66
-70
55
-261
577
159
86
-382
-552
357
-78
157
125
186
-47
170
-238
-161
-183
259
-212
75
108
-262
-112
197
1054
-278
449
-175
-21
226
-415
28
-201
-453
602
-107
7
-159
-351
151
379
-319
-287
-43
-291
-522
73
127
-283
-19
-481
-107
0
-254
142
17
-180
253
-22
-383
93
-221
180
450
30
-261
0
736
238
-177
-238
-52
158
124
103
584
29
-419
-30
411
170
519
214
316
4
-106
-193
31
-357
124
81
-171
-112
218
-240
-277
-235
263
-103
44
-264
183
268
-61
-86
-364
-493
314
-96
72
-204
91
61
494
-111
118
471
52
294
-160
-180
109
379
64
-27
-380
20
46
157
-120
188
-290
-78
-159
-93
27
180
106
-257
315
142
120
549
229
180
-655
67
-429
-547
323
-395
-16
383
-263
241
-309
-194
-343
72
-91
-297
-415
333
-53
395
53
12
-438
-218
-301
-385
141
84
31
-336
-117
576
-1
-654
-164
-297
258
-302
-12
559
25
-102
213
-44
-340
154
-48
133
-20
329
-62
-54
182
136
-67
-336
-26
141
93
578
-20
-242
201
-342
-139
618
-84
-18
-75
-452
407
-1
207
139
139
84
458
286
-363
28
-183
-571
64
534
240
-431
575
148
-83
-129
-8
-85
-118
-150
1
28
-6
-234
-8
-174
156
529
137
-153
260
11
25
-174
99
367
595
-147
-229
-16
308
104
-95
-90
28
21
-181
120
-44
169
-156
-234
-31
252
0
-322
-119
-573
281
-593
-10
428
-21
182
248
-212
283
-212
-136
-294
106
504
31
-49
-241
-302
146
257
374
246
177
-40
260
-20
-313
-101
-451
135
86
-457
-143
-326
25
245
368
-333
-48
-55
-12
184
-334
-222
235
-650
-9
-33
124
184
-11
806
