14 88 36
0 0
0 2
0 3
0 5
0 9
0 13
1 1
1 3
1 5
1 9
1 10
1 11
2 4
2 5
2 6
2 7
2 10
2 11
2 12
3 3
3 7
3 11
3 12
4 3
4 5
4 6
4 11
4 12
5 0
5 1
5 2
5 3
5 5
5 6
5 7
5 11
5 12
5 13
6 0
6 3
6 8
6 9
6 10
6 13
7 1
7 2
7 5
7 7
7 12
7 13
8 2
8 3
8 4
8 5
8 6
8 7
8 11
8 12
9 2
9 3
9 6
9 9
9 12
9 13
10 0
10 2
10 3
10 5
10 6
10 11
10 12
11 0
11 5
11 6
11 8
11 11
11 13
12 0
12 2
12 3
12 4
12 7
12 10
12 11
13 4
13 5
13 7
13 9
18
4
54
31
56
24
14
9
32
19
2
68
16
63
13
43
10
65
72
0
26
23
46
42
77
33
84
55
47
11
20
15
62
3
52
80
71
8
29
30
79
25
87
75
34
73
66
74
17
41
51
37
59
22
1
44
82
48
57
81
70
60
40
69
61
28
85
83
86
35
7
76
12
78
53
64
67
49
6
39
50
5
21
38
36
27
45
58
-1
-66
10
20
36
11
14
-56
23
-16
26
-57
30
17
-15
-6
8
6
42
-29
50
19
48
13
15
-47
-42
-24
56
-49
7
-13
-22
59
86
13
-6
-41
-42
-10
-34
-35
62
-105
-75
16
30
-22
42
31
-41
-36
35
-27
42
42
-5
-16
-33
-3
-23
11
17
-54
74
-54
-47
-42
2
-84
-28
25
11
-41
-29
14
25
51
-52
2
-42
28
-26
37
6
6
-14
31
51
22
23
-29
7
68
-16
59
24
25
-53
2
28
0
-53
28
-11
32
9
-56
-9
-6
46
-39
-66
38
-1
-4
1
-20
-54
77
-74
-40
40
-2
-38
38
5
40
48
-8
-33
-7
-1
47
-17
20
-25
-20
-28
-32
34
-41
-15
-23
-49
-21
-21
-55
4
-108
-5
7
25
15
60
32
-14
20
16
-35
-19
-36
-40
-10
50
-10
-20
0
51
-47
30
-17
-20
14
-19
-14
-74
-26
-13
8
11
51
1
68
-31
33
-57
0
-4
11
-99
-23
53
57
90
63
-12
-13
18
-39
-21
6
38
-9
24
58
36
-4
5
-11
-58
-55
-47
-34
-40
46
-6
-21
-41
45
51
-41
-19
-12
14
25
-2
0
6
-27
33
-28
-6
-12
13
-63
-45
11
19
38
-24
-15
56
5
-46
23
-8
-17
-27
9
31
88
-13
-9
31
29
-8
-17
42
-47
-9
43
-33
-2
-29
12
-19
-59
-8
-23
-11
-7
45
-5
1
-11
35
-69
36
-43
56
37
-27
-33
-61
15
-28
-2
37
-19
-12
39
64
11
28
7
-16
-31
7
-36
42
-30
-72
13
-7
-14
40
-26
-36
-63
33
3
84
-50
27
48
-26
-59
-10
-10
-19
8
5
-10
-8
12
-12
-5
91
-17
25
-44
57
-65
12
44
-22
-34
-53
-20
-4
4
18
32
18
-23
-7
45
18
-48
49
13
-63
24
27
65
-19
-55
-23
30
-7
-74
-23
53
7
18
45
43
-70
2
53
14
-5
-33
36
77
1
-43
9
30
0
-42
-22
-27
-7
-12
9
-10
-17
20
22
31
7
-47
-1
71
52
-30
-29
47
24
-14
-60
13
32
35
-54
-21
52
6
-6
19
-5
-8
-29
-25
22
-2
-12
72
-40
12
25
26
-1
30
51
-42
-23
48
20
35
63
50
8
21
24
22
57
3
53
15
-35
-11
22
20
-5
-29
22
39
-14
58
5
6
-21
-86
21
30
61
53
2
77
-8
38
-54
86
-50
50
-1
35
-11
-54
46
-16
79
-6
-52
40
35
-32
-17
5
-1
12
20
-18
-53
32
-72
-18
-8
-20
4
-23
8
14
-63
-34
33
5
47
-8
-4
-6
48
18
-9
-11
-33
56
29
35
45
63
-4
32
-1
16
12
-48
43
0
7
-35
24
-70
-5
27
-81
9
11
10
41
-9
-97
36
-71
-15
-27
54
-28
-54
-26
-2
34
18
31
-18
7
2
-20
-20
-56
17
49
-8
-51
1
-6
18
-85
12
9
37
0
-8
41
-15
7
-8
-71
-8
-36
10
22
-61
28
35
-13
45
75
31
-10
-49
-41
-14
17
-4
10
-98
-101
10
2
24
30
-94
-25
30
-37
-3
28
-31
-14
19
19
-31
47
-7
-21
73
20
3
0
7
-19
29
-29
-28
10
-61
-8
-21
-10
43
-68
13
-55
66
57
-61
-18
-56
11
-26
-32
-6
-5
11
-70
-17
-45
12
5
26
-49
-4
57
-61
5
25
43
-8
0
-44
30
40
75
-31
41
18
13
-18
-22
2
16
-14
88
-51
87
-18
15
-4
22
60
-26
-54
-10
-3
37
-26
-69
14
26
-23
-33
21
-60
-8
32
-51
-36
-14
-98
-48
-8
-12
25
23
56
-32
-9
-24
-42
-39
27
65
34
18
3
1
-64
17
73
52
31
-7
7
-47
17
49
8
17
-62
-34
33
5
-25
54
8
36
-21
32
84
-7
-10
55
-21
-4
-37
15
2
11
-10
-26
18
-8
-20
31
5
-10
87
9
-31
-17
-58
55
-43
-41
-28
-37
61
-81
27
3
10
-27
18
-17
-70
57
-15
6
34
10
34
5
56
29
8
75
-65
20
-18
4
-15
29
-5
-10
32
-70
10
-12
10
14
22
-37
1
35
18
10
-84
48
6
32
-17
12
36
11
-23
-21
-19
65
-3
28
6
-40
31
11
35
11
13
-30
75
81
48
-39
27
5
8
41
4
9
37
-38
-5
-31
34
14
18
-6
-37
78
-6
0
5
11
-23
33
-13
38
-29
-35
65
51
130
6
55
74
10
-19
-51
-9
32
-71
25
76
40
19
12
26
-29
17
25
30
-6
8
-67
-40
16
-60
-1
19
-21
22
76
-24
10
23
-64
-7
-79
27
4
37
-41
-45
13
34
-37
9
34
-12
40
-8
-26
-21
-46
-40
38
-25
15
-12
-36
-41
35
29
27
-34
-5
37
-16
26
-11
53
-69
-86
-30
22
-9
25
-14
39
10
-40
-62
30
55
-20
64
-8
28
51
-81
-68
64
49
-33
-103
10
-55
37
-5
44
-11
-57
-25
-68
48
-44
13
-13
-25
-51
45
-8
124
-3
-14
17
21
-8
-42
-44
-11
-96
34
12
10
49
6
66
-43
62
-33
14
26
48
36
0
-17
2
-17
-4
-1
-11
22
23
-5
-11
-75
-10
-25
77
-35
-70
-18
18
-2
-19
21
22
-8
-7
-98
42
-7
-1
5
-16
65
22
-15
15
-30
10
14
-34
41
17
-34
-36
-18
-31
-8
33
-59
34
13
15
-30
21
58
6
-46
-24
5
-30
-10
-32
29
15
-14
30
15
1
1
8
42
15
-42
-72
-52
-50
12
10
58
45
-56
-58
22
40
-21
9
-14
14
-42
32
-41
20
-24
-23
70
1
-15
68
55
30
-40
-12
-6
7
9
43
17
12
-49
44
49
51
18
-7
-43
-39
39
75
10
11
-43
52
71
-4
-21
-47
19
2
-39
-21
10
57
38
18
57
-27
-56
-6
56
1
44
63
52
-15
-39
-9
11
-49
-5
-4
-9
29
-10
53
3
-5
7
0
47
-19
-20
-8
-2
-28
-13
-7
-36
-19
45
-59
-10
48
-9
5
15
3
62
-9
-23
34
-1
8
31
2
16
-17
13
29
-45
-34
-29
11
-11
6
-10
-89
-1
-49
23
-29
27
-17
9
-14
37
26
57
-38
74
29
30
7
31
20
11
7
-20
-10
64
13
-29
-1
17
36
14
55
-14
5
17
42
78
-16
31
76
18
-18
-63
5
-50
66
-15
-24
86
-19
-46
44
60
3
23
2
31
56
50
19
-23
-14
46
-10
-9
1
65
-10
9
-7
-12
-19
5
7
-51
24
-11
41
81
32
-50
-40
-46
-20
-31
7
-20
-58
42
3
34
28
67
18
56
-15
-58
26
-50
59
-15
30
-27
-53
-55
23
0
-34
26
-33
16
51
6
2
22
54
-60
-1
-72
28
-30
85
18
-9
-51
28
12
-45
21
7
-14
-3
-48
6
28
-24
-10
0
-75
32
14
-2
-22
36
20
40
-13
0
42
-3
-1
-1
80
-28
25
15
37
13
-5
8
32
23
106
12
-55
-36
-8
14
-21
103
64
10
1
13
58
18
93
-73
-11
39
-36
-20
6
21
9
-53
47
12
-3
8
22
43
-11
29
55
-32
25
-23
29
36
13
-25
-69
-51
-47
-2
-40
-13
24
9
-36
8
-2
-4
-48
67
-39
-6
25
35
9
-24
24
-17
19
38
7
-11
-7
-78
-72
-1
63
-25
-9
-35
25
-6
-50
-63
-45
23
56
-77
45
-9
-83
16
10
-7
33
-2
24
-7
-43
-25
-34
-72
7
34
12
8
-37
-14
-26
-11
72
13
-17
19
4
25
31
-15
11
4
-53
-23
-28
25
-58
13
-15
-12
-15
52
79
-16
-2
-34
12
22
5
-55
-36
6
4
-62
34
39
23
45
93
-62
-32
27
42
-32
14
-51
-13
-13
-7
36
30
31
11
41
10
-61
-65
14
20
-2
45
-33
23
3
-61
10
-25
55
-6
-16
-35
16
12
-43
-2
-2
-21
-50
-48
21
-31
-22
-24
-13
31
11
-25
15
25
-9
-29
-3
22
-7
-28
28
-21
-26
19
46
26
12
12
-14
8
6
-59
-83
-23
13
14
5
-22
-14
17
-60
-29
-14
9
-33
-20
-32
-40
51
67
-97
31
-16
46
-22
53
21
26
-22
-60
-41
-50
-48
13
-21
-41
-1
-14
-15
12
-10
15
-23
36
8
71
-55
-1
-7
44
-53
-90
-11
-71
11
38
68
-48
-52
-26
-11
37
-27
-13
10
40
44
0
-54
0
-8
88
-55
-93
-11
-83
-17
-34
11
1
39
-45
-9
24
-18
-12
36
-64
1
-20
-70
-27
-4
0
-28
-4
-34
-1
53
0
46
-1
3
-44
45
8
9
57
13
-17
6
9
-2
-69
10
4
-34
-2
26
-31
0
-17
19
-79
22
56
-9
-67
4
20
-47
-31
-53
-34
124
-12
16
16
-18
48
-18
7
-3
-40
-38
-11
-24
45
9
55
-11
1
-50
70
18
-78
3
12
54
23
-8
-39
-47
20
97
18
-12
-23
-9
-7
-5
16
-25
-5
40
33
37
-1
34
-38
-20
-6
-11
-9
40
7
36
1
44
9
-6
3
5
-41
-6
10
-37
9
12
57
39
27
-10
83
14
-57
-55
40
-65
-13
-33
32
-70
1
-49
39
-5
9
-41
8
2
-28
-23
40
18
11
31
2
-1
-39
1
4
15
-50
35
-8
8
-27
-25
-46
64
20
-14
-31
5
19
37
0
38
25
23
35
-29
77
-23
-17
12
-39
4
-41
2
17
-26
-10
-12
6
9
3
26
53
-61
-2
-23
12
23
16
-2
13
40
28
30
-5
9
-2
32
11
-21
13
17
62
-13
19
23
5
4
9
0
42
2
-9
17
101
19
-37
74
-65
37
-9
19
-15
-1
-1
-32
39
-6
-5
12
-40
-70
-45
-34
-2
-60
25
14
33
-60
-34
8
-16
14
14
-61
2
-76
-66
-36
-17
-20
24
-16
-27
-1
14
-19
11
-62
-49
-14
-36
-67
-47
10
10
6
-13
-31
-53
5
33
28
4
4
54
15
28
-11
19
-80
-4
18
-20
-55
-13
9
25
17
23
6
-26
84
-10
-51
16
-2
-9
5
-19
-47
12
-26
30
-58
-14
27
-19
2
11
12
-38
-80
-66
-20
-67
39
-13
-36
10
10
20
-14
-12
44
0
2
41
-33
79
7
-37
-31
7
-10
32
47
4
24
-49
4
-26
24
26
-42
-40
6
66
6
45
-21
-2
14
48
17
-64
20
2
33
31
-4
-1
14
44
4
-35
30
-12
-15
-8
-55
-90
51
-13
-62
9
49
-3
25
-94
22
-7
-35
39
-30
25
-70
1
-56
24
-24
9
25
-28
8
-19
38
-85
18
-57
38
-46
-5
16
-24
-17
47
-32
-38
3
-13
1
-40
13
1
25
-15
28
33
-18
-4
23
-33
-32
27
-9
-16
1
43
56
-8
4
26
-10
72
13
-53
-84
-57
-15
-54
42
-13
-60
-57
14
16
-20
2
-21
-91
23
-8
20
19
32
47
10
48
27
-22
-50
-27
61
15
-41
-66
-55
40
-13
-20
24
18
-64
-60
7
-19
-9
-21
-12
-55
17
-29
46
-38
9
28
19
53
-26
21
-38
34
40
-51
-8
36
7
89
2
32
-12
14
-2
-12
56
9
15
-35
-32
53
-19
-10
-63
-16
32
-3
13
26
-71
-31
25
-13
-15
-22
-6
19
-10
8
12
-24
41
2
1
7
-38
24
-67
4
90
5
-44
-33
-17
-36
-44
-70
12
49
31
-21
25
21
-37
-24
-1
85
-14
29
-27
-68
16
-36
44
-6
8
-50
-61
-26
-2
24
-26
-16
-2
-52
-32
-72
15
26
53
-5
-16
-8
15
-19
-10
-26
11
-25
-41
26
60
12
3
61
14
-8
1
-24
14
45
25
1
24
42
-40
-36
-11
-36
-39
-9
-40
-41
39
29
16
58
30
5
5
25
-13
9
33
4
7
20
-70
-8
-60
-76
48
10
-4
-8
-26
8
-57
0
44
-74
23
-32
16
19
-47
18
-24
11
-42
-5
61
22
-11
-37
-45
33
31
10
3
-40
-96
3
-2
-27
77
-37
8
-48
-9
15
-15
-13
68
-3
-48
-8
-22
115
-3
3
23
48
-2
43
-36
35
35
-33
59
-4
0
19
-44
5
-34
8
-27
-6
-50
-43
16
62
-20
29
11
49
-34
-10
-48
35
-41
49
-32
-21
-46
3
-8
17
-36
-40
-19
4
20
4
-2
14
18
-5
84
-62
-25
49
-36
22
-46
-20
17
-43
-36
-7
32
56
-14
29
3
-62
-36
-59
-15
-61
-23
-87
12
-24
-27
5
-87
-20
-10
-19
5
-67
-24
-35
-68
6
3
55
26
-4
0
22
44
-50
10
2
32
-57
31
-23
15
-14
36
63
3
0
34
-34
-8
-20
66
52
63
-27
-2
48
-37
-8
-2
-5
-24
38
-44
-36
13
-27
-12
60
-77
-54
44
27
53
-10
-57
75
-22
35
-16
-13
39
-28
22
-14
25
-58
-3
-17
-12
-5
5
22
-44
55
43
42
32
58
-30
5
39
-69
4
43
48
43
57
-52
-35
-46
-23
-37
46
15
10
12
-9
29
2
-16
-31
-1
81
15
1
-16
54
-16
25
-60
-37
22
-42
31
40
22
34
-38
57
1
-15
-11
58
15
11
-61
9
44
-26
67
-2
22
-29
-30
31
-69
-78
27
-13
5
44
-22
25
30
18
15
15
2
49
-52
-29
20
-94
-2
30
-17
-43
-3
32
29
1
68
73
13
-9
34
86
-43
23
-52
2
1
-13
57
84
5
-2
7
11
-1
30
52
-11
-76
-7
17
-77
35
-17
-32
0
20
-13
-11
48
-1
0
69
-22
-2
27
-50
73
23
-47
34
4
-46
-34
-65
-1
36
-21
-73
33
-12
-30
-8
2
19
-5
-10
-6
-82
14
55
-9
39
-23
-11
-30
0
4
-27
-19
-42
-89
22
36
-29
-36
-45
22
40
-9
24
-42
-49
-9
-32
-17
5
-11
9
-46
48
-11
29
85
-50
82
-5
-27
-52
26
-17
-35
41
12
4
-7
4
47
-35
-8
-51
-56
-16
-24
-36
-4
28
-25
-19
3
74
-12
-14
44
23
-38
-16
-4
-36
-26
0
37
32
1
-42
26
-25
-26
24
-43
-59
-65
16
5
-13
-18
-12
-10
20
68
-32
1
28
-9
50
0
-12
-18
-31
10
65
21
8
43
33
36
-15
-31
44
48
10
20
11
-37
-42
59
-27
50
-6
59
52
20
24
-23
-13
-12
-53
-18
-23
-13
-29
25
10
13
4
-7
20
0
-81
3
-10
-40
-29
29
27
35
-33
4
-3
76
29
-12
31
56
-38
-41
-37
-14
-20
19
-13
-53
-79
-25
0
9
-15
-7
-21
-47
8
-12
-15
64
0
-3
3
-30
-2
-16
18
-47
39
3
-19
-1
22
-14
-30
16
-25
-40
-8
38
-36
-27
66
46
46
-38
-31
34
-39
32
1
29
2
3
-7
18
-11
44
-29
50
-2
-28
-11
22
-33
38
9
-38
4
59
-18
-39
38
-16
92
-87
-23
-40
-33
-88
-26
-57
48
-66
-6
39
3
-11
77
60
54
-61
4
-13
-6
58
-22
-38
17
21
40
24
13
-4
42
19
12
19
23
15
37
-18
26
-63
-4
39
-22
-53
47
-5
3
-22
-3
19
-6
-16
7
-52
65
-6
23
-30
-61
5
-31
-37
5
64
3
8
18
38
-8
-25
-55
-23
-6
-15
-19
79
44
30
65
-45
-1
20
64
-7
12
4
16
-34
27
63
1
2
26
-22
12
-32
12
-46
40
-12
13
34
29
-27
-18
-12
-25
60
16
18
55
-23
-15
-7
30
-14
7
-24
42
13
34
-4
42
66
-14
-17
38
-2
-91
1
-3
-60
16
12
-40
0
-43
-13
11
16
6
-73
21
-11
82
-5
-32
1
-40
-35
14
-39
94
66
-34
90
30
-14
66
-7
46
-17
-40
19
-25
40
-9
-5
-52
-25
-91
21
22
-30
51
-1
-13
10
-38
50
26
-1
-31
26
-24
11
-5
-10
-27
35
25
-31
20
-7
-24
-20
8
29
-29
-11
-12
57
16
-38
36
29
19
13
26
27
22
49
-34
0
32
-33
-89
-30
-21
-38
4
10
8
-7
-13
5
-2
8
27
82
-102
-76
49
-4
-15
45
17
-41
13
-28
6
1
-21
-11
10
3
31
-38
-56
45
-56
34
49
63
25
-54
-57
-10
-5
6
21
-51
-9
-66
-82
-37
-80
-9
17
-35
-12
-51
2
-20
-43
16
14
-9
-3
-100
-14
-10
19
-9
10
-22
-5
-45
-20
6
-46
10
-99
-29
-33
-8
-35
-18
-32
46
24
27
-9
9
-1
-3
35
-14
-2
-7
-13
-9
18
-3
-46
16
31
59
11
23
-2
30
-23
9
-9
-20
-59
-8
43
33
35
-49
34
10
-64
24
31
-12
-5
-18
-14
2
-12
-62
-5
-53
-18
11
93
-24
13
24
13
37
-40
-48
-9
10
-32
29
-50
-4
-16
-39
0
78
10
-69
5
-24
-27
7
-4
-22
-79
-22
0
-18
24
44
-36
84
-22
-3
-15
-28
107
-19
-58
0
52
-64
25
25
-19
-65
-32
28
-10
-15
-34
-39
2
-61
5
6
57
-48
-18
38
44
-30
-22
-6
21
5
-42
1
-21
42
59
1
-6
26
-12
6
0
33
27
-23
-1
10
52
37
10
37
-55
-96
6
-29
50
-10
-38
-5
19
27
-37
-8
-33
17
-50
-2
-16
44
4
-33
-60
-34
-22
-29
5
-8
2
-8
-9
51
-11
30
-19
0
-13
36
39
-84
57
-35
49
27
-8
-56
-17
35
-1
-21
51
-9
-29
18
17
44
-22
77
33
17
-31
-52
-60
-12
22
50
47
-16
7
33
-17
-7
4
-10
41
-15
13
-63
-25
19
35
-2
-28
-25
59
-24
-14
20
107
34
67
-50
52
-11
69
-6
-15
-7
3
12
42
38
-15
49
2
7
21
10
24
25
5
-49
28
-68
-5
13
-40
-22
-23
-18
-8
-31
-16
69
-20
-18
-36
-50
82
49
-100
-95
10
32
24
19
-48
-20
-29
34
94
30
39
-22
35
-25
12
-40
-55
115
16
-62
-2
8
57
-64
25
-19
13
73
-5
25
-24
-5
-10
-9
48
32
-11
34
-56
-5
-36
-10
10
50
-32
2
13
11
-32
-36
-7
65
18
28
-41
14
36
27
-18
40
23
-12
11
-4
-47
-32
34
68
13
28
-16
26
21
-38
-37
-47
39
14
-29
-8
43
-57
-58
-5
6
-10
41
33
-45
-59
13
44
-2
56
-33
-1
25
-56
-54
-79
20
4
-33
3
51
3
19
88
34
16
-9
9
-30
-20
-28
74
-18
39
-72
40
41
-33
58
38
-60
-29
-36
-9
1
50
-1
52
-2
38
-8
-43
11
45
-29
11
-9
-9
26
49
-19
-6
-26
-6
-9
-40
23
11
53
-4
30
13
56
74
50
43
15
50
20
14
-51
10
-20
27
41
10
-25
-5
33
0
6
-78
-3
25
-4
-23
8
46
-21
57
67
27
-31
30
-107
25
-69
25
-5
65
9
-30
12
-92
-42
23
4
-6
-3
-14
-79
-58
-29
34
45
28
8
-6
54
11
-5
24
39
-2
37
-3
-35
26
8
2
5
-42
3
-52
25
19
52
0
-39
-39
-22
4
22
-10
19
8
29
-7
-19
29
26
23
-10
61
-9
-58
16
4
22
-40
-33
30
49
-57
-70
51
37
-45
-19
64
63
-45
4
-6
6
-19
12
4
-63
18
82
25
47
1
26
20
31
78
-9
-36
6
28
-1
-65
10
48
-7
-18
-13
-43
40
-77
-48
-27
88
24
15
-53
36
-28
-46
-58
49
-54
17
-22
48
-4
-33
-12
22
31
38
-22
59
54
15
-6
-48
-20
-67
58
-18
34
30
-9
-51
-15
15
-31
45
41
29
-36
-9
-68
51
-53
-7
53
-61
25
12
20
107
-33
-19
22
-5
31
55
-25
-11
-38
25
-3
71
-50
34
29
-34
2
6
3
24
-13
0
-3
28
9
33
-9
27
-5
-14
2
23
36
31
0
-35
55
-45
-21
-38
2
36
16
15
-51
15
-3
-68
-17
-5
-34
-21
45
29
35
-29
62
-18
-21
27
-14
50
42
62
51
-1
-21
43
2
7
45
-3
-26
50
13
3
65
32
-7
1
3
5
-7
-12
-12
35
24
-29
20
21
54
11
88
38
-12
27
-22
43
58
-4
33
-5
-22
17
14
7
-59
41
8
48
-81
33
62
-32
22
16
-15
26
-4
21
1
-33
-11
31
67
22
35
18
-23
10
-38
-8
-114
6
58
-16
38
26
-6
-44
43
-27
51
38
-81
12
85
-67
-85
-16
-71
-9
-103
-30
86
-25
-10
51
-40
18
-28
-11
-38
0
46
-3
15
-23
-35
29
-28
-85
-39
-32
-13
-48
20
-7
9
14
34
-27
-74
5
29
17
-46
14
21
61
0
16
-42
-39
-13
33
52
-25
-9
-33
19
-35
-4
-59
-18
-24
-26
-7
50
14
1
-40
-1
-30
0
48
11
44
-65
30
-42
-37
67
-30
45
37
-1
-56
13
-6
-19
-48
-37
1
20
1
136
6
-36
-30
-24
-31
35
-24
-16
-7
14
-66
35
26
11
-36
-40
10
-8
-17
-41
56
-2
17
10
67
41
-14
-20
-29
27
-5
-26
-18
-54
79
-4
-60
-14
41
17
-45
40
-40
24
-37
-26
30
6
-40
-8
68
-22
-1
32
-36
8
6
58
10
69
30
-34
21
35
8
16
-62
80
15
-26
-5
-1
15
-20
72
-27
11
-52
31
-27
9
18
-15
-32
-24
91
20
1
-2
30
36
64
56
-4
-64
85
5
-65
7
-35
-52
-51
-67
-68
15
-8
-7
71
-92
17
3
13
65
12
-16
-38
24
-55
-42
19
38
7
-23
11
-18
37
37
-51
-6
34
52
-50
28
42
-10
-41
-15
-32
-17
-18
-23
-63
18
19
3
-55
12
58
-36
-20
-54
-12
13
33
-42
21
22
37
-21
50
-25
-25
29
4
27
-5
-27
-60
17
-21
-11
45
-1
-46
39
42
-63
-4
13
33
15
-38
11
-25
-67
3
39
-16
-11
15
-52
54
-8
-13
-7
-22
-12
35
-11
-64
-15
34
22
-30
-33
63
21
-17
-47
1
35
30
-34
-24
-1
-32
-6
44
-18
-12
51
-48
-5
39
-55
-72
-12
-1
21
23
71
-41
-19
-6
-4
8
14
-12
28
-30
-32
-3
24
-17
4
-31
18
-10
-14
-33
-20
-2
86
-61
-5
20
-52
45
-30
-20
12
28
10
0
43
18
-5
-17
34
79
25
22
51
9
-33
-29
36
4
-51
63
36
15
32
7
55
42
-47
-12
8
2
16
-47
-42
49
30
35
-2
-5
-21
24
-8
-42
19
37
50
17
-27
27
-21
10
31
-32
-35
1
8
30
11
-19
-46
19
-1
-26
-3
109
-34
53
-25
28
11
27
-31
32
75
34
23
18
11
-8
51
-15
-20
46
16
-22
-13
33
5
28
4
-55
-34
14
37
-13
-64
9
-17
-62
83
52
-32
37
2
11
5
-30
-38
15
-34
-44
18
61
-46
-28
14
-75
-37
-45
18
48
38
-32
-12
3
8
-22
72
64
76
-7
-7
15
22
5
-33
95
-17
-14
-39
-6
68
38
23
-69
43
-17
-28
23
-19
-7
23
-15
46
-24
23
-8
11
-37
-11
-30
-3
-37
33
43
-47
40
26
-15
46
-12
7
-38
15
-1
-94
-12
7
23
49
-22
3
-37
-48
-7
4
-49
9
8
-33
23
9
-3
45
-2
19
19
45
-23
0
35
-27
8
-21
-8
2
-31
11
28
35
21
67
-39
-19
-46
8
-21
1
47
7
-30
-48
39
24
14
-9
-41
-22
-3
-74
-1
-44
34
40
51
-15
5
25
19
-92
18
-3
-8
5
68
39
5
42
21
-77
36
-37
-50
-34
-9
22
-49
83
-27
-30
5
-1
23
5
-35
22
-81
0
-39
49
-9
44
6
-34
31
11
3
-22
-20
-19
-21
-15
15
-50
-11
-20
-20
28
-4
47
17
-22
-6
-29
47
7
-18
30
-14
18
-40
-57
-9
10
8
-18
-37
-33
46
20
5
41
-3
37
-3
-34
28
-4
30
51
-10
29
17
37
24
34
-24
-90
43
-35
13
51
-29
-49
-10
10
0
12
-9
-44
9
-24
16
-58
-43
30
22
38
-23
-44
28
-8
25
21
-39
-1
31
24
28
53
5
7
-14
19
5
14
-35
26
36
-5
-36
28
-26
14
27
-40
15
0
3
-41
32
86
-25
-20
1
-35
-2
-10
-25
-20
20
-22
34
-16
54
-9
-55
-6
51
-44
19
-18
34
-19
92
33
-51
-46
-49
-26
-5
1
-16
-34
40
8
-11
-31
-12
-95
61
-14
-15
-14
-22
15
-17
-52
-18
-5
51
-25
-3
-16
7
19
33
-20
27
10
-40
34
9
-8
10
-19
-22
-8
13
-35
31
-21
-36
-1
-10
-16
-30
-42
-47
-13
-64
17
92
-1
-6
10
39
-20
-1
38
43
18
-21
-40
6
25
-19
20
12
-13
23
23
5
0
28
42
21
-42
9
-41
55
26
-54
-21
-34
-15
-36
-25
-14
44
6
-6
5
-24
-10
-47
-3
41
-14
17
53
-32
36
10
17
46
13
-38
7
45
31
-45
-48
16
5
56
21
-7
24
34
-52
56
28
-29
-55
-19
35
27
-14
11
18
-12
36
1
6
-33
39
-7
-56
-29
-31
6
2
17
-18
-31
-5
-32
33
6
-81
-28
-21
-18
-35
43
-2
-1
-17
-1
-21
11
-54
-88
-49
-47
17
37
7
-70
-53
-54
-71
-21
54
87
46
-65
-26
-85
-13
-20
27
-16
22
31
10
2
7
4
33
-83
18
-19
-40
38
2
-59
14
29
6
4
14
-6
-37
29
-27
58
6
61
-26
25
61
-37
-33
14
3
-31
-54
13
-25
13
-7
-33
-81
64
-31
30
-26
-26
-133
-40
21
-30
-58
16
-5
-38
0
63
41
15
37
-12
31
36
-46
-4
1
-44
-18
-26
-77
-29
15
89
63
18
-12
44
-27
-40
40
-8
11
-22
-18
-7
13
-37
28
-22
-54
28
9
-32
27
-5
-35
-24
13
-39
-24
-75
50
-2
51
63
-51
5
-31
67
19
41
43
46
-24
-62
-4
10
54
48
-35
67
-12
48
-10
-38
-15
39
9
-5
21
-3
-28
-35
-21
23
18
-32
10
-27
-30
-82
-9
-57
30
3
7
-12
62
52
11
15
85
-11
16
-12
-1
-12
3
66
-1
25
-86
5
-14
-18
-27
-29
63
55
-31
0
9
-16
15
4
-12
-48
72
-18
26
-22
-73
-40
52
-60
18
-31
12
-3
-73
-5
-20
26
45
37
47
-10
9
-21
34
27
-16
40
-77
41
33
-27
-1
8
-39
18
33
3
10
2
23
15
27
-16
-38
0
22
14
-26
50
19
7
7
-24
-52
30
23
-89
-47
-3
-19
-2
93
83
-88
34
-19
8
-47
-47
-47
3
69
17
11
24
16
-52
-49
-36
1
-27
-101
26
31
14
-7
-17
12
-43
-77
-68
84
-25
-38
21
44
-24
44
20
34
36
15
5
12
0
31
-29
-31
-38
-48
30
-14
-9
5
63
-1
9
60
48
-20
-8
29
-56
13
67
-68
41
-22
-50
-2
-20
-1
12
15
7
7
-114
-39
9
27
-56
48
-17
36
32
-16
47
-57
13
-2
-30
8
-8
21
-45
37
-16
21
35
4
-31
-40
-14
33
36
-11
-1
-80
4
35
-71
12
-56
-46
-23
11
30
15
33
-7
5
17
52
47
28
10
34
-44
23
44
-4
24
47
-23
12
-53
-24
5
5
-28
-28
-37
41
-22
42
-44
-3
25
-6
-11
-2
62
74
29
-60
15
0
10
35
-22
22
-68
3
8
-4
-100
27
48
24
33
-17
-29
8
53
29
30
82
-25
-34
-9
-71
-19
-81
21
-11
68
-1
-2
13
70
57
55
16
-50
-11
-7
10
-35
-29
-29
14
-47
-39
-44
3
12
4
15
17
13
24
-3
21
-17
-17
28
83
1
45
40
30
22
-31
13
-57
-17
1
-6
9
-27
-24
-28
-36
3
14
58
61
9
13
26
-11
-32
20
-38
-23
-6
-14
-47
-23
17
-34
-30
-3
36
59
49
22
0
-9
64
29
10
24
-26
-22
8
-4
-60
34
-32
-27
-58
30
19
-44
64
52
-31
-25
20
66
-39
-23
31
-30
-23
-67
11
43
14
-3
22
-2
19
-6
-8
32
24
64
69
-38
5
-9
46
-13
28
24
25
8
-9
60
-22
0
8
41
-21
-22
19
72
24
18
0
-62
-76
13
-5
-80
24
-32
5
-5
-73
-16
-6
6
37
-28
-43
25
21
18
-7
-1
-12
29
18
12
92
-107
37
-9
-53
1
-46
-22
16
-10
-45
69
17
-23
17
-33
-5
74
2
-27
-18
39
-42
-6
26
21
1
-4
25
52
-11
69
-85
-16
8
24
6
29
-68
-52
12
121
37
40
-33
63
-9
-42
36
-5
-1
-54
-11
54
-17
-22
13
-26
41
43
-13
20
5
-18
-59
11
19
-74
2
-39
8
6
2
-47
8
39
-58
-21
44
57
-30
17
48
-45
9
33
20
49
39
-34
7
-14
39
-7
18
-6
33
-26
-27
54
16
1
-47
-31
70
17
18
-74
-17
80
10
5
8
-26
-57
-70
36
3
20
-20
23
-45
-9
-28
14
28
-1
-39
-1
16
20
36
6
-17
35
-24
21
-47
-13
86
18
-1
-19
10
-45
-70
76
-54
-37
21
0
28
-33
-33
8
-62
-6
-13
-54
-36
-21
-34
35
-1
78
-29
-18
-40
-20
-10
-63
17
74
36
4
-12
6
-6
32
-11
-23
31
-2
66
-3
31
-8
-56
29
8
-30
-18
-52
-24
63
42
32
-43
-14
-32
-25
-5
3
-30
-33
-7
37
-21
30
32
-35
62
-62
-1
2
-26
2
-61
-10
-13
-12
27
3
85
57
28
-10
52
-36
-6
50
-4
1
-7
42
29
-19
-75
7
-53
37
-25
-15
7
-70
5
22
-1
-17
6
2
0
-27
-43
-28
46
36
-20
-36
21
41
-35
3
34
15
-59
-12
-5
-25
-50
63
0
10
-43
63
15
-62
13
52
59
-21
-3
2
0
68
-8
75
-10
-62
-6
-47
-27
27
-14
31
16
-35
54
-10
-2
-11
-33
-15
48
34
-72
28
-52
16
-18
-27
-13
22
50
-18
0
-44
-72
-20
6
-46
-29
-25
43
-49
1
3
39
31
4
-6
86
9
-14
16
-3
-53
16
76
12
-59
7
-33
15
8
-28
-54
16
53
24
-26
-16
-29
0
-15
-38
28
-46
15
13
-16
-5
49
-33
14
-70
-25
-16
-45
-1
7
-23
-73
-29
46
-6
42
27
-18
-10
4
-33
-95
19
18
-29
-39
-34
15
27
-42
9
10
36
-44
3
-20
10
26
22
20
13
-5
18
14
-17
13
33
-60
22
-18
-43
28
22
34
-8
9
-38
6
39
23
-10
4
-34
-8
5
-53
-38
51
-21
-2
-62
50
20
32
26
-40
17
-11
-15
-37
-46
85
55
-25
-6
52
-60
-51
-49
11
-39
5
-4
26
58
-44
14
8
-82
53
-41
-1
5
-16
-4
-48
-17
2
16
-24
-33
55
5
34
32
-26
2
-2
36
6
25
14
-46
14
24
-26
-23
-70
-49
-28
-10
14
10
88
-10
16
33
35
39
-36
46
3
14
-15
1
42
19
16
12
4
6
-33
36
27
-15
-10
-5
17
56
-9
37
-18
-5
-31
-21
70
-1
81
-2
-56
26
19
15
-25
-16
13
34
8
49
-61
52
13
9
-1
49
-10
8
-2
17
-11
3
35
-12
3
1
-57
-23
40
-19
18
23
-53
-4
-63
47
-34
86
-33
41
-40
10
-22
-21
33
19
7
13
51
39
-12
14
56
52
44
42
-46
-87
54
51
5
-37
50
-21
16
21
-37
52
-51
-50
23
-22
13
-24
67
-33
17
23
-66
9
56
-37
-25
17
51
-54
35
36
-3
31
8
-29
-40
-51
39
-18
-24
-41
55
-51
-6
33
-36
-2
-53
4
51
38
6
11
-33
-31
-48
28
-28
64
7
46
-16
-33
-31
42
-38
46
-30
12
-39
-11
19
-30
-5
61
1
8
46
-2
-59
-8
10
-22
-86
58
15
11
-32
67
43
-47
-36
-21
34
78
-41
-22
-16
12
16
-28
-17
40
-1
-16
2
58
-84
-34
-65
1
14
-4
-43
-69
-43
81
-59
69
27
7
-14
10
-12
-35
-16
21
24
-35
48
-3
17
-2
12
88
15
18
41
27
-41
-19
-47
0
17
40
48
81
11
12
92
9
60
-26
-10
-72
-6
28
-14
-76
-39
24
-80
-33
49
51
-30
59
-48
-25
-33
-9
0
61
42
13
-107
-16
42
22
69
-9
-56
24
-65
-7
17
-15
-38
-94
-38
-14
-12
6
-14
60
-3
-23
16
-25
-36
-16
27
68
36
-6
-11
-40
36
-22
29
-22
30
11
12
-24
-16
23
-12
8
-84
25
-17
-17
-43
13
21
55
-20
-20
-5
1
-20
-22
-30
-19
-9
27
-17
42
-10
-65
32
24
15
-17
-16
11
38
36
-24
-36
45
45
50
31
-5
-45
-52
-6
21
-19
11
7
-2
-16
6
-5
20
40
50
-34
42
-34
-56
-47
20
33
-46
-14
44
-51
81
15
69
-17
-9
-3
-7
-30
-66
24
-15
8
20
-73
36
23
-29
-8
7
7
29
14
-7
34
34
-37
9
94
-31
-37
-34
-5
-13
-2
17
-24
35
39
-29
24
-11
17
32
0
-13
4
9
-8
-46
-53
-9
47
14
30
-16
13
-39
5
36
31
-55
54
-20
-14
31
-13
-51
14
3
30
40
17
-3
35
6
-36
21
14
9
-45
9
-65
7
20
-32
-26
27
-52
-4
-26
33
25
35
14
29
-18
-19
50
3
30
32
19
26
17
4
-38
8
6
-22
-21
-11
5
26
-31
40
-13
40
37
31
-40
-61
6
28
5
10
-27
31
46
7
-40
-24
-6
34
55
1
-7
22
-35
-20
-22
15
18
-52
34
-81
42
67
41
43
36
-62
23
-56
4
-40
27
-9
66
-5
20
-27
1
-8
9
-9
1
-29
3
23
22
-93
-21
25
-16
-22
11
41
-3
-40
-19
-28
-43
11
9
-11
33
28
29
-39
3
38
-34
37
40
6
-49
-59
40
1
58
-60
13
-54
-25
32
-14
-40
-9
10
48
40
-5
17
-12
-14
-6
8
-37
40
-7
-51
-1
-77
79
42
-41
-58
24
-31
12
2
9
-1
-11
75
1
-22
9
-14
38
67
16
-17
-48
-41
18
41
26
11
24
-81
38
-28
-30
-27
49
-14
-53
-47
10
-31
-15
-14
-4
40
-56
10
-56
7
-22
-17
-5
21
40
53
52
60
-21
4
35
54
-21
22
-6
-41
81
60
-16
-7
-2
-50
-4
-15
-64
2
11
1
-41
-11
8
24
-1
49
-82
-6
19
42
20
54
-6
-24
12
-21
35
-14
75
-79
22
-37
-48
36
72
-9
-31
2
-40
23
-31
5
18
-28
-3
20
-21
11
44
-26
-14
-7
16
12
-24
-32
20
-31
-6
-26
-63
20
33
-32
47
15
13
-36
-6
0
-26
-54
34
3
-46
-46
14
-66
10
40
38
32
0
-10
43
25
-44
-5
43
-81
45
0
-48
0
-27
-5
-15
45
-13
-99
-18
25
-32
37
32
-37
-6
-89
-73
22
10
-28
20
-44
36
5
-70
39
5
76
-37
46
-2
8
58
3
50
-33
-22
24
-8
-1
-37
-53
31
25
27
-1
-5
23
-21
-25
-27
2
-26
54
-34
-63
-26
37
16
-30
-55
-42
-24
-29
-53
-13
-20
-48
-11
-4
-26
-1
-13
21
-15
-60
-8
23
-12
-72
-5
58
-56
-61
74
-74
57
22
-16
-6
-43
-26
-23
44
-6
-17
-2
-10
9
-92
57
48
-10
58
81
-25
39
-20
38
-35
-12
59
52
48
-44
-27
16
27
-25
55
-2
24
-10
7
-34
5
14
12
63
4
16
-27
-17
48
37
1
-30
-23
-54
35
-54
12
-10
29
19
1
-9
-66
11
-2
-12
-25
-21
24
-34
-20
-51
-52
21
94
42
-82
-5
12
-53
-27
-64
5
-27
19
9
-17
51
-4
5
-14
-29
0
-26
28
30
-15
11
25
17
39
-50
-6
-32
28
20
-20
-20
43
20
-16
39
27
5
13
-4
11
19
-57
-9
30
74
11
-26
19
-3
-30
-35
42
-5
36
23
-84
3
-10
-54
-43
-19
14
-28
40
-30
-1
-16
-19
-35
1
1
-3
-60
-52
6
-19
2
35
-14
-6
24
-17
-10
-1
4
46
-8
-1
-14
30
-60
21
5
28
70
-13
21
2
28
18
-57
37
-28
12
60
55
73
-4
32
41
58
-32
10
-47
-23
-8
56
-38
10
34
-71
-31
-19
-31
-17
-29
-31
37
-7
40
37
-41
32
32
-34
-24
26
-37
13
-28
-85
-29
-15
2
-2
-3
23
58
23
6
-18
16
-4
17
-30
-5
-2
7
45
-30
50
-9
57
-19
-21
-24
46
-22
-41
-35
55
-19
-16
0
4
-1
-28
-19
16
-59
-26
60
-49
45
34
53
31
53
-44
-4
-21
33
-12
-41
50
50
-55
15
-76
24
8
23
16
-5
34
17
-39
16
-36
-19
-15
-11
-70
80
67
-50
17
-30
44
55
25
13
-9
30
-4
-36
-37
8
-8
4
-40
-62
-18
-38
-86
-2
18
-36
-14
-6
53
23
-66
-39
-39
34
-37
38
2
50
8
-27
-1
76
-35
-42
94
-21
-18
-12
-28
-26
-8
-47
-2
-38
27
1
-33
0
1
-37
51
-7
-23
-9
35
-35
-3
9
68
27
52
-12
36
14
-8
-45
-48
-31
-1
-28
3
7
27
-26
45
-58
1
27
10
61
39
-2
39
-28
-20
-12
-17
-54
-35
24
9
-33
-10
-6
-5
29
-47
24
20
58
-13
-23
-18
-92
-40
5
-20
7
3
-59
43
-44
-20
-26
-40
3
65
-1
68
-4
24
7
-38
18
7
53
-66
-3
-15
-10
-10
-19
39
-39
-1
-48
3
25
-39
-59
25
-11
21
-78
-13
-53
-13
0
11
7
-86
5
-59
-34
-23
24
23
59
-4
27
36
-2
-5
9
-6
37
-16
32
-8
11
-30
-32
-30
-2
-36
-22
6
22
43
25
-38
-95
-41
24
54
-4
-7
-13
-16
51
-13
-50
-7
-4
-32
10
-23
32
-3
-12
-15
-8
-12
-38
6
-79
-8
67
-45
36
9
-19
6
1
-2
8
77
82
-14
55
23
69
-34
-17
-19
35
-18
-34
-1
24
-21
19
27
-11
6
-66
15
22
-16
-45
-51
-59
-13
55
42
-27
49
78
-8
-23
27
44
-3
-48
-30
-32
23
15
27
9
-7
43
67
16
-6
-5
7
9
87
-12
17
-40
-8
19
-39
36
-12
-7
44
-37
52
47
4
-27
-19
-12
42
6
27
-27
-8
66
-20
39
22
21
47
-2
-75
37
128
-12
3
-64
-25
1
-15
-43
-56
97
22
38
23
19
10
-24
-20
-6
-36
16
-42
-28
25
-14
39
-20
-25
-44
-46
-59
19
23
-53
54
-11
43
-32
56
36
-1
23
82
-51
-35
-5
-28
-22
-20
-2
31
34
-49
2
8
-10
-8
-58
-29
-18
-1
12
25
-17
-34
9
-38
-3
8
-10
-50
19
12
-22
22
5
-51
2
-11
7
-22
-11
-14
30
-44
22
31
-28
11
-21
-33
36
-19
35
-27
15
-39
10
-29
-83
-24
-1
-24
43
-48
16
4
-40
7
-10
7
42
6
25
-14
27
19
-9
-13
4
-4
5
51
-79
-6
13
-8
39
20
13
35
2
32
-22
19
59
51
50
21
7
-6
25
17
54
-37
4
-46
-63
26
10
3
4
26
-34
2
51
-13
5
-56
73
22
-3
-34
28
18
-1
-25
19
3
15
-49
2
14
42
73
-5
29
61
7
-27
-8
1
-33
32
17
-1
13
-2
-43
58
-43
-61
10
-28
25
-20
20
68
-35
-18
40
13
-39
0
30
26
-65
-51
-20
35
15
27
-27
59
48
47
-30
53
7
37
-16
-52
26
10
8
-4
52
-1
-36
-11
99
44
30
74
8
-15
25
18
75
53
57
11
39
-12
-14
-45
-36
-85
-38
-14
-22
-45
-22
10
31
45
28
-48
-33
-34
-29
-9
16
-43
39
-64
28
-49
24
15
54
36
-3
0
-16
24
-20
-13
18
12
-51
10
-40
3
25
-16
-9
-29
51
-12
16
-14
73
-1
26
-15
-20
35
-7
-59
17
5
-3
22
13
25
11
-67
-13
-46
-10
-8
6
-13
32
-1
4
2
-18
87
-62
60
23
-25
-34
10
44
58
-41
2
-87
-23
-25
0
-10
-71
19
-2
34
32
28
-36
-39
3
-44
16
-2
17
0
-14
-13
24
7
-48
1
-61
-8
34
-1
-12
34
37
36
-18
-46
25
3
-37
-53
20
-5
15
-13
4
1
-1
-74
-10
-22
-9
1
65
-1
-8
11
30
-9
20
-75
48
38
-57
43
-2
-8
-27
3
37
23
11
-53
24
10
5
-21
-7
-4
-22
-37
65
10
26
25
-65
45
11
-14
-48
-74
-15
-83
25
43
-48
-31
80
50
-9
61
-5
-22
-35
21
53
-4
-22
-8
-3
-33
1
23
1
17
-10
-44
-24
-45
-3
-45
62
-50
-6
-42
-50
37
-4
-35
-3
-17
-55
-51
32
-30
4
5
87
-64
-45
-30
30
-34
38
-17
11
-13
9
6
9
-79
12
42
-20
-84
45
24
-16
21
-46
21
65
51
-1
23
-13
14
-13
13
-3
-41
2
-16
14
-18
-7
-28
-62
32
-41
30
15
57
30
-26
-100
-29
5
-15
-29
-21
36
-35
6
-3
-34
-37
-56
54
-54
-1
40
-5
-22
30
18
-12
-73
-20
-7
17
-7
-1
18
0
-42
-32
47
22
8
-73
-26
18
61
-39
-59
6
61
43
-29
20
9
-42
-21
-68
-11
37
-4
-20
-18
2
-36
-23
-48
32
18
31
-18
17
-33
33
-27
-52
20
26
22
0
32
1
-10
-52
-34
17
10
-58
-16
-16
11
-36
22
49
-30
-14
6
-12
-44
61
42
3
-40
28
14
17
-15
-18
45
1
2
-6
57
2
2
12
-62
-30
12
12
-38
28
-23
30
77
-3
-22
40
36
24
-6
-33
-13
56
-27
14
27
19
10
-2
-63
-19
26
-39
-4
-28
-26
-13
0
-81
46
-43
-23
-28
27
31
15
12
22
-4
-10
-50
-33
3
30
-82
76
27
21
63
23
-7
-6
30
19
19
-70
-57
53
7
-36
-1
-21
-14
-11
65
14
-5
-31
-36
-72
21
31
11
2
28
1
-11
24
18
10
18
-7
35
9
-8
38
9
29
-55
-8
23
-4
23
-109
-36
25
49
55
-1
5
-79
2
41
-60
15
-9
-45
31
38
-9
13
2
-7
11
-42
53
21
-24
-27
-1
5
-25
3
48
9
-16
-36
6
8
72
-19
80
3
14
-39
-1
3
-23
66
-7
-44
31
-17
-73
30
-1
-14
-22
-19
-8
8
6
-10
2
89
53
25
22
110
-11
-18
-2
-37
22
13
-8
27
-31
19
30
40
-54
20
50
-14
-31
52
-3
61
-3
63
-26
42
-28
46
22
-3
35
49
-3
24
10
-5
-47
39
-28
-8
-34
-12
26
11
-22
18
58
64
-6
45
121
40
5
-66
-4
65
-5
24
29
23
14
-48
-42
35
31
-60
-8
72
-49
-7
10
-15
-21
62
-33
21
8
28
-6
-82
-25
-18
-27
36
50
-40
-50
8
-13
-2
32
28
21
-30
-26
-67
81
-30
-4
43
-68
36
-28
4
12
35
5
39
-51
11
-12
-15
28
26
-28
-17
62
21
-28
11
-24
23
12
-27
24
48
-52
50
-27
54
-54
0
-13
50
-10
28
-3
-27
-2
25
22
-27
-40
-48
51
-11
48
91
-57
31
27
-12
65
34
-27
13
-10
22
-3
34
-68
-6
-34
-73
-35
10
42
-16
-20
-72
23
-16
38
56
23
-11
17
73
49
-45
-40
-46
1
-36
-56
49
43
-62
-35
12
0
75
-65
-19
3
15
16
-16
19
32
-32
17
-14
85
-52
33
-75
23
-43
12
-27
14
5
32
-60
11
-6
14
-43
-13
35
-62
4
48
29
34
-58
-18
15
45
14
-6
-2
-52
-34
27
-32
38
1
-2
69
-6
-40
18
-65
-18
-18
23
2
-38
13
33
-29
-50
12
6
-17
27
-14
-1
14
36
-67
-4
6
-14
35
-49
-17
21
57
-6
19
-10
-17
69
3
-101
-2
-28
30
25
33
-23
-3
25
-35
-41
-19
-14
-11
-5
-36
7
-24
-82
-33
36
29
-79
36
-14
62
-2
44
1
2
-4
-75
-16
-30
-25
-24
25
-29
-19
-33
48
-71
-47
-5
-5
11
-70
-15
-37
-1
13
-14
24
18
23
13
-36
-20
7
33
46
0
-45
-20
53
-32
2
-39
-57
-41
-35
-28
-11
-18
-13
33
-16
-23
-8
74
29
25
-60
29
4
-24
-65
2
-13
-1
-53
-7
-30
43
8
11
77
-33
10
-47
26
-16
44
-47
13
-60
-11
-12
-4
54
16
65
-22
55
-47
-10
5
-35
-49
48
13
-80
35
-17
-20
-7
-23
-31
-53
0
-40
67
5
69
-35
-5
25
40
51
20
60
18
48
-20
-18
48
6
-6
-12
-47
19
21
25
-22
62
48
46
-6
25
-55
-14
34
20
15
-11
14
52
-4
-15
-5
-4
19
27
24
19
-14
51
-10
-17
35
24
46
-22
-3
13
50
14
10
-59
-18
8
17
-16
-6
-30
36
17
20
50
-17
2
30
13
47
-36
-2
24
-23
66
-6
19
20
-53
-9
38
-3
-56
-35
-44
-1
-32
65
-13
7
20
-16
49
2
63
-5
-17
26
20
-21
16
38
-16
-22
-39
22
55
-2
-61
-40
-26
13
-28
-25
67
-68
66
2
42
16
-36
9
-21
26
91
20
-55
44
22
-29
2
-37
84
21
10
-82
-20
49
-8
-95
58
-19
46
22
13
-5
93
-67
-35
-27
-31
42
-31
2
-16
-16
35
-19
22
71
32
21
29
-9
18
3
-44
-30
50
0
11
57
24
-66
32
22
34
-21
-14
3
-74
44
-24
17
27
-11
21
35
18
-38
-7
-2
3
-70
29
32
44
-2
-5
-5
49
50
34
-18
15
37
-35
24
-31
64
-19
-48
21
59
16
25
-10
-29
49
9
14
10
-9
-7
50
-14
-5
-30
12
-61
-7
-42
-18
36
-2
25
39
-9
-37
-37
-14
29
-34
-43
6
-41
-7
-8
12
42
115
49
74
-29
7
21
43
-42
35
-28
-19
17
-16
23
27
-29
35
-22
-18
19
17
-55
-21
54
92
-47
-57
-5
-15
47
-32
-46
34
9
-14
6
88
-24
19
-7
-59
50
-18
-43
-31
64
8
103
81
-11
-20
35
51
-24
-12
-4
52
20
52
23
-25
-66
37
7
-19
-33
10
-28
9
24
-49
8
-43
0
18
13
-2
-10
32
14
41
-32
-58
18
-37
2
18
-30
-23
53
-1
-32
-29
33
2
19
17
35
-3
-44
9
41
37
1
-48
-36
47
-8
-32
41
-29
47
-46
-45
-22
-17
22
-79
-48
-36
-15
36
40
-72
105
28
45
-1
13
65
21
-9
-22
53
-54
28
4
18
-19
33
-13
1
23
-61
-48
40
24
-16
63
30
7
-29
0
39
-30
-7
-96
-7
-26
-7
-20
7
2
67
11
50
-20
2
35
-50
44
-42
85
-26
41
40
29
14
13
-3
15
-48
64
-32
11
-4
-17
45
-28
-45
86
-50
-16
57
-60
-66
-25
-32
24
5
-22
-39
-4
52
-58
24
-55
-18
0
25
35
5
28
-2
38
-21
7
39
-49
-26
-34
-51
74
51
32
58
28
-88
-3
-26
-37
-8
9
43
43
53
-15
1
-16
-52
-14
7
-38
-11
-18
11
17
-47
19
-14
8
-34
-38
58
-47
16
60
71
1
19
-12
39
92
16
-22
-57
-2
-18
22
45
-2
31
48
4
-53
-62
11
30
-31
-9
33
36
12
7
13
3
3
-45
4
39
-11
6
23
-15
56
-2
-31
-70
-37
16
20
24
-50
-19
-2
48
13
77
-46
-37
-9
12
21
34
-28
6
-64
-6
-37
6
-28
55
-55
36
-3
55
51
-17
-18
-10
25
7
6
-21
-2
25
32
-25
33
-39
-34
31
-5
-24
16
2
30
5
-85
0
-1
16
-19
-11
-17
-10
13
2
-34
-27
-39
-14
-12
4
-33
17
-31
-22
0
-10
16
24
-8
-64
18
-42
-38
-38
-45
-10
39
-11
3
50
-20
-3
7
21
-19
12
15
-18
32
20
-43
32
30
-45
0
20
62
9
27
39
-22
-35
-40
-5
32
3
24
-1
32
89
-48
-52
3
60
-21
41
8
-3
-42
40
-17
54
31
-83
2
-22
21
-10
21
-39
34
0
-31
46
22
15
47
-12
-17
17
-41
20
25
11
72
36
3
16
-48
-27
60
32
-34
28
-15
-71
-22
-7
44
18
-52
-26
4
-60
49
-2
22
-44
-22
-9
14
38
16
90
24
-46
29
-49
-14
18
-34
29
-17
-16
8
36
79
12
-30
-62
-10
-9
7
85
-42
-15
-42
11
-58
-8
-46
37
14
-8
-62
10
-27
-43
25
-20
19
-14
48
-34
-8
65
7
-78
-14
20
-22
53
54
-80
-8
-7
-41
25
-15
8
16
-12
17
-11
27
-45
-44
-33
-34
-59
-28
38
46
0
-22
38
-18
40
22
-7
2
-13
67
-17
3
-22
42
21
-29
-11
-34
14
-12
-28
55
11
-35
-9
-34
42
21
-27
-32
25
-27
-31
20
-36
40
-48
-18
-24
-40
-26
80
71
16
15
32
32
20
-2
-10
-21
19
-30
-50
28
22
26
42
-51
28
-46
-59
-40
-46
8
-39
7
-39
6
23
20
-7
-44
-24
-42
-46
-45
33
-17
13
-25
-45
-7
22
-15
49
-14
-17
-9
19
13
-58
10
49
24
43
27
-6
79
64
14
22
-37
-37
-35
28
-32
-35
-76
10
26
-29
32
4
-22
-18
-53
-4
-41
25
-31
49
-4
6
14
-60
3
41
7
-27
4
-4
-3
-29
-42
43
-67
-29
28
42
-52
-1
-31
-9
-26
-4
3
36
37
17
27
4
35
-42
-28
28
41
11
-65
-1
4
55
6
3
-13
-50
19
29
26
-28
-21
23
30
-8
-13
-18
-27
57
-46
9
7
-76
20
-57
53
-19
10
-41
41
-26
19
-48
-3
-49
-13
-46
-16
-26
-39
29
19
36
-13
-46
-24
2
-2
-17
87
28
-33
-47
-21
-6
-66
-16
21
62
25
-8
8
-58
-40
-29
-21
-52
-84
37
-22
30
-15
-14
-23
-63
-10
9
23
-67
26
-33
-45
-13
10
-102
53
62
17
-51
73
-36
13
-15
-97
-16
39
-24
25
1
-8
50
-45
5
-8
-44
5
-58
15
10
1
-1
82
2
25
24
-40
-28
49
-36
-44
28
46
7
57
-14
28
57
-12
59
-38
29
-6
53
-12
7
-17
34
22
-30
-30
15
-67
95
51
13
82
-23
22
-16
35
15
10
-4
-38
-25
-48
40
-13
27
12
-4
-11
-23
26
9
2
3
-23
-2
-59
52
-2
-30
52
-47
44
-23
-23
-35
36
-21
17
-20
7
-48
-29
-36
8
-33
15
49
52
-1
86
-62
-4
-29
22
-18
38
-6
41
-67
55
57
-4
3
-35
31
22
-32
-9
8
46
1
-73
-5
-18
-9
-13
7
32
-46
-38
21
0
3
12
-33
40
8
17
-39
61
-33
42
-36
65
-30
-24
-19
-68
13
-66
-7
-42
8
-45
11
59
17
-16
2
-16
17
32
-31
-26
46
22
10
26
23
1
13
-10
-1
30
22
23
7
-37
-45
-19
-6
-29
25
-14
56
5
27
-37
-29
38
3
16
12
-44
0
17
52
24
-56
-34
4
6
-38
23
-43
-46
-23
-23
18
26
49
-56
-14
-56
-12
14
31
14
-40
17
40
64
45
-28
-13
-22
-30
6
54
-72
15
1
9
3
-93
64
-7
-33
-19
10
-30
-19
80
56
-17
-18
64
65
-1
0
45
21
-52
-12
-4
14
42
58
-26
-24
8
33
7
-25
68
-21
-16
103
33
-3
18
-30
0
53
-52
16
16
-80
26
72
-10
11
-29
-66
21
-10
-11
33
40
-31
-69
3
47
-47
-31
-28
29
17
-52
1
2
-77
-47
13
34
9
36
5
-40
19
21
26
42
-65
-92
-71
79
-2
-13
-21
11
17
-9
-11
15
-79
-19
6
-27
72
0
47
-18
-6
-30
6
64
-21
39
0
12
44
-18
-23
49
7
-37
-40
-14
-3
-48
69
11
-2
-9
39
47
6
74
-80
9
-14
6
8
-72
-74
-28
19
-35
29
4
-27
19
17
11
36
-35
4
-22
-35
-35
71
1
-15
-18
8
-47
