37 98 49
0 19
0 32
0 36
1 25
2 16
2 35
3 32
3 35
4 1
4 6
4 24
4 36
5 18
5 22
5 34
7 30
8 13
8 23
9 18
10 3
10 10
10 11
10 32
10 36
11 3
11 30
12 3
12 27
12 31
12 36
13 8
13 20
13 24
13 25
13 32
13 36
15 4
15 21
16 3
16 11
16 21
16 31
17 1
17 21
17 24
18 4
20 0
20 9
21 1
21 2
21 10
21 15
21 29
21 31
22 1
22 19
23 5
23 10
23 17
24 5
24 8
24 11
24 21
24 27
24 29
25 7
25 13
25 15
25 19
25 34
26 0
26 30
27 4
27 13
27 14
28 2
28 6
28 10
28 18
28 28
28 36
29 17
30 3
30 12
30 27
31 4
31 9
31 19
32 17
32 24
32 28
32 31
32 33
33 25
35 7
35 25
35 27
36 26
11
93
76
58
78
1
3
12
80
82
79
55
0
97
2
23
81
21
54
27
75
73
32
49
74
40
64
66
42
24
63
7
10
88
92
96
91
19
25
28
52
51
5
35
29
17
39
37
38
67
70
56
26
13
72
83
89
44
31
30
68
90
94
48
14
47
62
34
6
69
71
86
85
22
50
57
59
8
9
87
45
46
65
84
60
43
15
4
95
20
41
16
36
53
77
61
33
18
68
17
-26
-26
28
27
-20
9
34
-36
7
-8
23
3
99
-6
50
20
-65
86
28
25
-8
-24
-38
-18
12
-57
-59
32
-10
26
-28
50
15
16
-26
-8
19
-90
36
-84
23
-23
63
-61
9
-54
-55
-21
2
-16
19
48
14
-8
43
-14
-35
-34
37
-26
-2
-31
-1
98
-97
-19
-17
-30
-94
-11
8
54
33
31
-37
93
127
-143
-109
13
-66
4
-2
-42
-2
-40
-9
-8
43
-11
8
-41
60
-29
8
-13
101
-11
40
22
18
-13
53
-102
-27
-6
38
-46
2
-18
44
-74
119
-57
-28
12
-10
55
-42
-70
8
-27
-71
29
29
-39
-43
70
-47
101
54
-36
-68
56
3
-31
5
-57
105
61
14
26
71
1
5
10
-55
2
-27
-1
-16
-67
39
-50
0
49
-19
46
46
5
21
-84
59
58
-53
-21
35
0
-58
-28
-10
-97
-6
44
-23
-10
-2
36
-66
62
18
-90
51
0
-30
-48
-57
69
-67
-19
31
12
-106
48
43
10
6
-5
-43
-22
61
-33
26
-34
-34
21
-68
-80
40
1
-66
-64
38
16
-13
-25
92
24
-78
55
-70
47
2
1
-32
2
-37
23
-71
12
-6
1
57
-46
-33
-61
-17
-3
4
34
75
68
17
-23
17
-78
48
1
4
37
7
67
-15
-54
-6
55
46
-21
44
122
-35
93
13
46
-37
25
23
-97
-2
-52
11
-2
3
-45
-79
63
39
19
12
80
-8
5
-2
-9
66
-109
-36
41
-76
51
-89
-59
61
-3
-14
0
111
47
-11
13
24
23
-45
-2
6
-61
-1
-42
-37
-84
10
-3
-45
-112
16
31
-13
-7
-51
10
-77
69
-73
-25
-21
-8
-3
30
43
-8
-56
-41
-28
-75
39
10
-27
-15
64
108
-59
7
-34
-35
-43
84
-25
13
103
43
22
113
63
64
13
32
-12
-85
16
-12
52
31
90
-116
-27
11
-4
-3
70
-35
26
-13
51
-133
-12
-58
24
1
-80
-25
11
-24
8
11
4
132
-84
36
43
43
-28
25
-75
-27
-13
38
69
-34
24
50
-81
-70
-27
-5
51
124
-34
0
-3
-3
-5
15
21
70
-7
-61
-99
45
68
11
-8
44
-23
-54
8
-5
95
-41
-71
-28
-28
52
-90
-43
-50
-9
133
-69
-57
84
-27
-36
11
-1
70
34
-3
-32
-11
-90
60
22
24
-34
2
-64
52
-39
21
42
-41
-46
-51
-91
26
-57
-4
21
-17
-60
-80
-84
-94
7
3
-5
-38
26
16
-11
-8
-39
-97
48
-59
-50
1
33
-18
60
-68
-44
29
-36
43
63
68
53
-21
-5
-39
51
54
-9
-69
-37
-13
-11
-93
68
-76
-36
104
-159
58
18
35
-83
-14
46
0
-30
-21
-22
28
7
-64
70
15
20
46
-7
-119
30
-88
-5
75
-33
38
39
50
12
7
-49
33
-59
-35
42
-47
3
37
32
-47
-7
23
-24
13
24
28
35
-4
-4
34
19
59
-30
-19
23
20
52
-47
39
-80
11
115
14
-4
14
36
-51
-14
-69
-60
25
-22
-16
25
50
47
29
40
-95
-41
12
-27
21
-10
-64
26
27
-8
-19
-15
-47
1
25
-17
20
-99
10
-63
-28
126
14
-27
-12
24
43
-57
69
-35
-22
-24
-153
-32
-17
21
-135
71
41
-36
-31
-14
-7
101
-22
42
-12
50
-17
-17
-18
56
-85
-2
-28
5
139
41
87
40
14
-6
-39
-62
39
42
35
43
33
36
-24
15
-16
49
60
-15
10
-14
-12
-21
7
24
9
-43
10
116
-48
2
7
5
-8
-78
-72
-33
21
32
26
34
-116
-3
-122
-23
134
25
-49
-82
132
-14
-9
-5
-18
-33
20
6
52
38
39
22
26
76
-4
20
-4
64
3
-43
3
-70
124
-69
64
-11
-110
-4
27
-16
-20
-13
-50
-25
57
13
40
59
9
-16
4
86
18
-25
-103
13
56
-16
16
-10
-7
36
41
29
20
21
-59
-77
-55
-119
-4
-11
82
60
8
-7
9
-62
8
31
51
13
53
-56
-7
-29
-26
-52
-43
-75
98
36
54
-14
-35
7
38
-35
4
28
20
-32
-44
-40
57
17
13
-85
68
131
-76
-68
32
65
-19
11
14
75
8
-4
67
-4
-2
66
6
-39
30
8
23
19
4
31
9
69
95
-63
35
0
-20
-14
50
45
15
4
2
-30
-29
-9
15
90
-62
10
27
17
-41
-16
-42
45
54
38
-50
-51
2
21
91
36
-54
-51
1
16
10
-20
86
28
35
-58
-1
-4
100
-34
-61
52
2
-20
-21
67
-39
-25
67
39
6
7
60
-65
11
-31
-31
115
-11
-14
-58
14
23
-38
-59
-126
5
16
-42
79
6
13
-51
44
-52
59
25
-101
-53
2
50
-5
-58
-100
-63
90
57
16
25
-45
-51
54
82
-9
-12
-1
67
75
112
-20
6
9
-52
13
-48
66
50
14
-52
62
26
47
36
47
19
24
42
-20
-34
-8
-14
0
99
7
-2
-45
-7
37
98
-33
-44
38
18
17
56
-49
-12
0
-42
5
-38
-20
5
6
-18
50
-54
11
85
-57
-100
-32
88
27
-36
144
27
-34
-65
6
-17
17
-65
37
-10
-65
-36
45
69
-37
4
-3
23
-56
11
3
3
-23
-16
11
7
50
55
-60
-33
12
-79
15
35
-46
22
0
2
-70
86
54
-18
-4
56
33
0
-3
19
28
-38
-92
0
14
-24
-23
70
-46
23
-20
14
23
-19
-28
13
46
39
-6
74
-74
17
-5
-63
63
39
-23
123
-66
7
18
-121
-7
-7
6
96
13
-101
-99
27
105
37
-30
-47
25
-24
12
-18
41
13
37
32
14
-47
-11
-18
-7
-79
37
-18
10
-54
-69
51
13
-3
-32
-52
41
85
32
-24
-25
7
69
9
-97
28
-15
-57
-22
15
31
-12
-81
80
21
-14
-4
34
-39
28
18
40
24
57
60
-32
-70
36
-93
63
-72
-60
-62
55
12
26
52
-45
42
42
-2
63
28
-61
15
-50
73
-37
-8
39
-21
16
-85
-108
-89
-8
-78
3
-40
-55
-54
29
-36
-83
-33
-47
-72
-4
36
-76
-10
-52
41
12
-84
67
3
58
30
-12
23
66
49
-21
29
-30
-6
-141
-7
-7
31
52
95
-11
-11
-7
-75
49
-59
78
68
62
-63
0
-17
-95
-15
84
-4
25
-64
5
33
12
-55
-63
35
-53
-70
-86
-18
-15
-65
0
53
31
24
-43
-67
83
-74
152
-68
22
51
8
-56
8
-36
100
41
32
24
44
17
22
22
50
19
54
22
-2
64
24
-31
-74
38
11
42
-4
-39
-20
-98
-71
-5
132
-14
14
8
-13
88
16
53
-82
2
-17
61
-40
75
-41
45
-29
14
15
-82
93
-30
20
-29
28
-2
-54
8
-5
-40
55
33
93
-27
-29
-44
-120
6
-2
37
27
63
-2
-85
-14
59
-4
-8
-52
-51
-14
16
-6
1
15
-82
-85
26
-15
2
101
16
-6
-1
4
-1
-28
33
35
-79
26
34
5
-50
35
8
41
-6
-57
43
90
41
-3
21
-9
13
19
-67
-6
-2
-62
-39
19
1
-7
-32
-77
-42
-48
-33
-41
70
130
-3
-37
-57
64
-77
28
-19
-103
-46
66
-19
12
18
-69
-68
15
73
20
-56
-81
16
-100
55
35
5
-24
-80
-22
-24
24
24
-95
74
20
-66
-46
80
8
-34
-12
96
11
-23
-35
109
38
-22
45
-46
36
-121
63
-104
-17
15
-96
-3
55
21
-38
5
-41
-9
-58
-86
-87
47
-10
42
-12
-10
-5
31
-60
-8
8
29
97
81
28
-18
-8
41
25
41
69
-16
-25
-40
-44
-4
4
-18
-6
-27
-64
47
-38
7
-31
102
79
-76
37
-19
103
53
-60
70
-8
-27
-48
8
13
23
47
-20
-117
0
31
54
73
-22
9
30
73
-74
44
3
79
-12
75
51
110
82
10
25
13
53
24
-66
9
-100
31
-17
-19
6
-9
54
55
-89
-92
14
-71
52
34
41
47
61
16
22
23
-27
44
87
72
-88
-6
56
-30
3
7
24
-2
-30
-27
-2
97
-119
28
92
-34
24
3
17
-14
26
66
40
113
-30
-35
49
139
7
-5
56
-16
51
-115
-70
19
11
47
-65
-1
-7
-1
19
39
28
-11
-15
-46
-44
9
-19
-63
23
33
29
-52
54
34
80
-31
-33
-12
-28
117
-30
-55
2
58
14
-8
66
-62
-37
61
30
-69
-15
7
-10
75
28
36
97
-47
55
-14
-37
-25
-30
-51
15
65
62
31
-16
81
30
95
-6
-2
-22
-26
114
-5
-91
40
14
-1
-95
-14
-12
-34
53
97
20
0
26
-26
-19
-24
33
-79
33
31
30
64
15
-33
-80
-26
42
-7
-31
-33
26
67
24
30
19
-4
-21
36
83
-52
-91
-21
-10
8
-30
-35
42
-72
-39
-7
33
20
-21
-57
36
-87
-95
-39
2
-78
54
-6
24
-12
73
-5
-41
8
-45
4
-22
-60
-5
64
54
9
8
-63
85
-28
-5
-24
9
-11
-6
-57
7
-52
-109
69
35
-21
-24
1
-11
53
-29
99
31
-35
13
-12
-59
50
8
66
-17
-53
39
54
71
-32
23
-17
13
15
-37
24
-11
-48
-23
-61
67
-12
-12
-40
35
59
-75
-111
-114
-9
-108
44
48
44
14
-19
27
14
-54
34
-75
47
-31
-9
58
3
33
-10
106
65
5
-31
-14
-40
-27
120
-99
49
-8
-45
45
-9
69
-60
52
-49
99
57
24
-18
-5
-6
-26
28
96
38
-1
3
-3
19
-71
35
-30
10
38
8
-36
31
-20
-95
-9
-74
0
-10
4
-8
-15
2
53
-48
-42
14
81
-99
-46
2
-39
-46
-21
-20
-7
66
-29
30
-100
0
1
-58
-80
-138
138
44
-60
65
57
7
-111
47
22
-32
-43
-23
-57
-13
-23
27
-51
-48
72
58
5
141
53
-44
-30
18
-15
-51
-39
-64
47
39
-65
-53
59
-12
39
108
16
14
38
-86
35
38
-61
-11
-65
-86
-25
38
10
9
-12
11
-87
71
-74
-48
-8
8
29
45
-16
72
16
-19
-52
46
-19
-40
42
25
56
-30
49
19
34
-72
83
-33
5
9
62
-37
79
-6
70
-36
-34
-14
51
-7
-10
30
-30
-88
-42
37
25
-2
-74
4
-106
25
119
5
-41
51
-42
27
52
9
-22
29
4
-57
-69
89
-78
84
-77
21
-3
70
0
-2
-14
-32
30
39
98
-60
36
-5
102
30
-34
-2
45
-28
-85
2
-83
-61
-3
9
26
-64
55
20
-76
16
-21
54
-6
6
103
42
-52
22
-4
68
-65
27
55
-154
21
48
67
76
-7
-21
9
10
-13
-6
-39
-59
-58
-37
-1
72
-36
-39
68
27
23
9
-91
-82
-64
61
-25
-13
22
108
8
21
14
-54
30
-14
-17
-24
-31
18
8
24
-2
17
79
65
-67
93
-30
-84
20
67
2
-25
24
75
4
-1
53
-13
10
16
38
11
-69
10
-26
44
31
-65
-61
-3
17
-67
-74
42
13
-77
10
-4
-93
-61
-69
-126
75
3
-128
20
13
15
-33
-62
-43
-76
-69
24
-34
59
42
30
-59
0
1
-37
-35
-22
55
-28
-8
-85
52
12
-26
-44
7
-34
53
18
22
-9
14
-24
3
-45
79
-52
-13
3
13
24
64
145
-36
-104
61
-9
25
-22
-13
56
-4
-58
0
-12
-12
-43
-23
32
23
44
31
-106
-15
-61
-50
-54
-8
58
57
-7
73
-38
-2
43
-62
55
68
52
27
83
-18
37
25
-18
49
49
34
109
-26
22
26
7
-88
-114
8
-19
2
-70
-48
-117
17
-38
-47
-21
-7
4
37
13
76
12
7
124
-123
-22
17
-85
-110
-72
-9
57
57
-5
-77
-76
76
-26
-32
29
13
11
-20
35
-18
63
92
-49
-1
179
5
-70
71
12
53
-58
27
63
-89
16
37
36
-15
68
42
-56
39
-94
40
40
97
34
-57
50
12
16
-13
21
2
57
13
-20
-19
33
-35
15
2
-52
70
6
-6
-67
54
-45
-11
-30
0
23
84
-32
53
-53
92
33
93
-42
7
-34
24
-5
-12
41
-9
-134
-62
-16
-71
46
2
14
-131
-101
-50
9
21
-2
121
-45
5
-4
73
8
-67
74
-30
11
49
18
29
-90
-19
-32
-61
27
23
-4
-59
-88
46
0
34
-95
-1
30
21
-3
31
-67
113
-12
94
51
-120
-19
-84
8
-4
3
5
-21
-35
57
-26
57
-29
55
-23
76
-19
67
-71
53
15
34
-26
55
-39
30
-22
-11
-10
-24
-41
10
18
49
0
-27
-88
53
-61
7
11
0
-49
-16
-93
-44
-69
-30
34
-14
-27
-5
6
40
18
-18
-56
-62
-26
32
-72
-41
-42
-2
41
-62
23
13
-35
-16
-22
-26
-63
-38
40
-36
-23
36
58
-120
53
48
-49
45
-18
-75
-36
-40
-70
10
-32
53
27
26
-54
-8
99
10
44
38
63
-40
-39
37
-18
-23
14
54
44
-23
-18
78
76
-41
-38
42
43
36
37
-33
-43
-41
26
23
-38
-14
-92
19
-15
41
-1
25
84
30
-8
75
6
-11
-21
-103
-80
22
33
-1
-52
6
-15
-37
-57
79
-14
69
91
-25
-3
-6
-19
-31
3
12
-8
28
-5
92
18
71
29
-15
-15
109
85
3
-49
21
75
192
44
-48
-81
-105
-17
30
21
39
-25
-8
59
-11
17
-6
-23
39
-94
-49
10
66
-12
-22
11
40
-33
18
-91
92
-117
15
29
80
-54
138
50
-56
-8
-65
-3
-32
-47
24
4
-1
-57
-81
33
21
14
59
5
20
6
65
-4
28
-36
40
45
-104
45
57
-41
-12
30
-101
-3
48
18
10
-9
20
-29
91
-56
67
-6
-16
-40
-22
66
115
-133
44
73
42
78
0
-46
-44
2
-79
-5
2
-130
33
-16
18
-122
40
38
-36
64
101
69
-8
14
30
-29
-14
7
14
-50
-3
9
-5
-26
59
-32
24
15
40
-72
60
-88
-14
-32
24
-18
-1
48
9
-143
-18
11
-54
-52
25
-12
-10
42
46
57
-99
51
41
-26
-146
-11
-7
-128
3
8
-7
6
3
-127
-80
-45
34
-106
48
-67
65
93
-50
-81
6
1
-64
35
-23
25
-45
64
15
31
-33
63
-8
-39
-111
-18
-26
-1
-33
19
-83
-14
36
71
-49
24
40
97
-8
15
67
-54
-100
77
-51
83
-36
30
4
-10
-46
67
-7
-71
64
-91
-62
55
-15
-12
-10
-57
-56
59
16
-34
28
-23
-14
36
-10
35
-39
-52
111
-43
-45
7
-26
-92
-52
55
-9
-148
23
-47
63
59
-38
51
-12
11
14
-23
9
-32
129
10
-52
-31
34
-101
74
-26
-19
27
9
-21
24
-12
-39
-32
84
-61
-10
-6
-8
-36
53
14
166
-99
31
10
-28
-96
12
76
-20
-63
-31
-15
38
43
-32
103
39
59
3
-54
-21
47
-49
83
-42
41
54
-41
-63
-26
24
-17
-4
-7
77
-32
74
-22
20
-74
-29
30
-37
1
-79
15
71
-19
9
14
69
-29
-52
63
-21
-90
-50
-52
-32
-33
-10
96
20
-46
-21
-10
-8
7
84
17
-49
81
41
22
-31
-5
42
90
-37
21
5
5
-22
-14
22
-17
1
64
-68
72
-19
27
6
-5
61
-2
55
-34
-85
18
16
68
81
-7
51
47
-19
48
-62
54
-37
-17
106
-9
-9
75
-80
41
38
48
9
56
87
-113
51
48
42
-28
2
-81
32
23
14
73
92
-17
54
19
71
-75
-16
-69
-52
-8
-41
44
-7
-7
-98
13
-26
4
-11
42
-62
-59
17
-70
-70
-4
-10
-39
62
77
73
-9
-76
48
26
-40
44
-38
-40
60
-85
-38
-2
43
54
76
-76
84
70
55
-32
32
22
-4
71
-35
-13
-164
32
74
15
38
6
-35
-6
4
-58
-42
19
17
74
25
-34
-61
22
124
-47
68
-17
-31
69
-42
17
-6
-23
-2
-8
59
36
49
-16
74
-7
50
-13
64
-42
2
-109
-42
25
-4
-34
54
-23
-17
25
-30
-18
24
26
-116
11
-123
-120
-28
56
-30
25
-52
31
-98
-15
-52
-13
8
-13
-9
-60
9
-98
46
14
72
13
37
-47
-66
-8
84
-8
-61
15
27
37
-3
-86
30
87
29
32
-33
-7
114
83
-9
-51
-16
30
108
-32
-6
-1
30
-6
-106
-32
64
-82
69
100
25
-11
-25
-60
22
-4
-40
-73
-42
61
-14
-27
22
-24
8
-25
-53
49
51
-37
-32
35
-39
41
47
-10
33
71
0
5
35
-40
-56
-48
108
36
-49
75
-2
22
-2
-14
46
73
85
9
-46
-39
84
7
35
2
-43
-62
53
42
-31
-57
-30
53
93
-81
-1
-21
41
-40
43
-3
43
-59
53
5
-48
-55
-60
-8
-5
18
-46
2
14
-53
-94
-12
30
57
-26
-61
24
-70
10
-79
-31
-24
33
125
-10
29
-123
-78
-36
-16
31
-14
56
-25
22
8
41
-63
-3
-33
28
-34
-16
78
-36
-44
13
46
-7
-16
65
-83
-27
81
24
-40
-10
16
-28
-93
-33
80
47
32
-51
-5
107
-19
100
-28
33
7
-8
29
-17
-7
-61
-39
39
21
71
-65
7
17
-23
-130
7
1
12
-38
-45
76
-60
-51
44
32
26
97
-45
-55
31
-25
5
38
31
-56
-57
-53
13
22
38
23
34
-76
-62
36
70
-34
-29
153
-80
8
-17
13
-41
18
108
3
-5
27
29
-4
-13
70
-148
-46
-27
7
-4
-28
30
-19
9
49
-53
-22
-15
57
-3
5
14
0
41
-72
10
2
-10
-106
27
42
73
-37
-83
-23
53
-80
34
78
15
10
-56
31
-5
-4
-33
-44
29
101
-9
57
-44
-36
36
-2
-10
113
6
19
-49
56
67
-46
-3
95
-27
-67
54
-35
-33
-20
54
11
21
-22
-19
31
50
3
-67
29
-89
-9
48
26
-25
75
52
-42
-102
57
24
-8
12
15
-80
61
-4
37
-16
28
-30
2
-73
102
-3
45
4
14
-38
87
46
-31
49
-7
88
50
-20
13
-23
-1
-49
17
-6
27
-23
-27
-10
61
-11
0
-7
30
4
9
-64
26
33
-12
-17
54
-4
-33
18
16
17
14
1
85
19
0
51
-17
-67
40
24
-16
3
-92
-7
-33
81
-16
-25
-31
-34
43
-33
46
-109
-8
36
-42
20
51
80
22
85
-50
10
82
-70
17
-36
-34
-51
78
-35
-41
-69
-27
-97
-38
-45
57
-10
10
26
-6
3
-20
40
4
-52
22
29
-49
63
-19
80
36
57
74
-115
-3
-82
58
-19
72
2
-60
39
23
-46
-12
-33
21
-61
8
29
1
55
8
4
60
33
48
-11
-26
73
7
-66
13
50
-24
-68
-45
21
-43
12
-17
-116
-51
-16
73
31
10
33
-85
49
24
-30
-71
-69
36
-84
14
-76
-100
10
-50
-3
-2
2
-48
34
5
52
79
31
-75
-48
48
-12
-40
-31
94
12
-43
22
45
25
-7
-14
91
-84
54
-73
-15
-86
-52
-130
79
-16
-29
-67
51
4
65
30
-24
13
75
4
46
15
67
34
-8
-76
-7
-59
-46
-93
-24
77
-22
45
-35
50
-26
-25
-34
70
-24
-57
-1
-83
-42
-83
82
12
-24
-19
52
-16
28
26
3
-29
-27
6
33
4
-17
-53
27
-98
194
30
-27
-11
-40
25
44
-11
17
-57
-8
34
-37
-10
26
-40
-42
-18
-49
39
-55
-17
-3
6
36
42
-31
-121
-11
53
71
-57
6
30
-1
27
23
49
41
-14
47
-40
2
-33
25
-22
3
-56
71
-12
52
-31
-8
-126
-30
24
-13
69
-31
14
-9
67
-32
-149
-81
-57
54
-69
-59
89
-4
-57
-57
-2
44
-29
-1
44
-17
48
36
28
-36
-80
-55
-18
12
-72
2
67
59
-4
-7
-70
-8
72
163
-6
-23
-20
6
-51
31
-43
-20
-1
5
-48
54
28
-39
-115
-49
-52
47
-43
-104
57
9
62
73
-1
29
-68
-71
3
-28
40
81
-113
-18
61
8
78
6
-75
-9
-23
36
101
-70
3
27
-64
-50
-30
54
72
54
47
-27
38
-21
5
78
-40
40
56
1
44
53
45
-7
60
18
24
0
2
-32
-29
21
-47
-24
14
-5
78
-17
-14
-36
-46
27
30
-2
-52
-112
-19
-76
26
54
59
-7
0
38
-7
8
34
63
18
-64
53
24
-78
14
-10
-43
0
-10
-98
6
41
60
17
3
-49
28
-28
69
55
-47
-56
-83
37
99
-14
-30
43
-64
-19
-1
-18
24
-22
-38
44
-12
64
52
22
39
-57
50
24
-54
20
-143
-53
43
53
57
-151
-15
28
-56
102
36
163
-10
59
11
43
-12
56
-36
7
65
71
52
3
10
-28
-104
-27
19
12
-12
44
-27
-38
-1
-17
-64
4
-4
78
68
-52
15
17
-68
45
8
-44
-43
9
1
-61
-51
-5
13
-109
14
-28
-58
53
93
-50
70
-79
31
42
55
-3
18
-52
-13
46
-61
-11
13
-36
2
-80
-35
35
-21
74
2
5
-36
122
-41
-47
34
18
2
78
21
-92
-67
56
74
-39
-70
-22
-33
-17
-26
-51
8
30
-1
-26
37
-36
51
-2
62
34
38
-56
43
-46
44
-18
-71
54
-46
0
-44
45
34
-70
34
-84
-41
-1
48
-48
45
44
-113
-24
-37
-23
35
44
-1
10
43
11
-76
6
-52
7
-67
-3
-19
-29
34
-65
-11
-33
15
2
-1
13
40
-23
-13
20
54
33
8
-7
-10
20
-42
-24
20
78
74
56
-65
83
51
28
-81
72
-8
58
-45
36
18
21
58
-22
-98
-78
-8
-31
-72
-69
-23
-93
-11
-18
-8
5
24
-81
-23
7
46
-40
-23
-64
77
51
120
-3
24
-46
4
-44
39
-2
-71
-61
-13
-46
44
7
30
-50
5
37
34
-25
-28
-1
9
-56
-48
63
-7
10
-54
-5
-15
59
63
-2
69
54
-35
-81
-16
62
-11
17
2
-33
30
21
53
105
1
1
-40
-21
-2
28
29
-16
-17
-22
39
-82
34
-30
-60
-84
-43
3
-43
-14
-19
10
15
-40
-6
-77
-25
31
62
40
-31
-29
58
-14
-26
31
-48
-112
-5
80
16
-14
-9
-70
42
10
-6
84
-114
66
-14
-53
-12
-55
-84
-63
26
37
-13
-56
34
10
15
37
12
22
-34
57
-1
71
51
-3
-32
-3
59
36
-45
37
18
-94
-14
-9
-66
-8
57
-36
5
18
29
7
34
-7
-88
-12
40
17
47
-1
52
38
-71
-12
65
72
-61
-13
5
-24
-18
18
7
-112
-35
98
10
36
-36
53
-26
-66
4
-20
-22
14
-21
52
40
-68
-13
80
40
-96
53
90
4
70
-45
-60
-9
120
-40
-19
20
121
-85
72
-12
38
93
76
100
7
12
-16
-23
15
46
65
-4
-19
22
-52
-21
18
-11
12
-40
56
10
29
4
-14
-51
5
-72
-55
44
-28
41
-23
18
45
-7
-46
-25
90
30
-108
-65
25
50
67
-14
59
39
18
-11
11
-13
-7
-58
-40
13
-22
58
55
17
56
-63
-66
-9
-19
32
40
-57
88
-6
-12
-26
4
-15
41
-13
68
-57
52
-3
20
-65
22
-44
107
-4
-45
10
46
-39
-71
-88
37
13
70
46
40
-76
15
-21
56
-16
-74
-76
-21
69
48
49
40
28
-23
89
125
15
3
31
-38
-56
52
-96
-42
4
-62
-9
-47
-2
-2
-37
4
-14
-10
-69
46
40
38
-4
-69
4
62
33
77
35
15
-29
-51
38
-49
105
-43
73
121
6
-48
26
-65
-76
-57
31
27
-38
88
-16
-35
-35
33
-1
84
47
20
-90
-1
-19
-16
-52
-18
1
19
-27
-34
4
-14
78
-52
125
14
-56
-25
48
48
-79
-89
-54
38
4
40
-35
-52
48
5
64
21
-5
121
-69
5
54
19
-35
17
25
5
-71
33
55
25
29
-43
18
72
78
42
67
-49
42
-37
-48
-18
-26
25
9
-77
-96
-24
31
34
-14
-66
30
-44
-89
13
-37
55
-45
-16
-10
-15
-9
-14
-12
-72
-22
-58
61
35
80
-68
27
14
-104
-49
-41
-22
-1
-32
-37
12
43
46
-7
40
43
21
28
-7
-38
57
-52
-7
-3
36
74
-26
57
-37
-47
-25
22
-6
88
6
-40
34
36
71
14
-74
-18
31
149
-59
13
76
-71
-4
-26
-21
-5
-5
59
-3
1
33
-48
43
7
115
4
-23
30
-42
-8
-38
55
-32
29
72
-16
-37
-12
-28
19
-28
-85
-14
-30
1
-34
78
-39
-16
17
-17
33
-62
-47
-21
10
53
-100
72
7
35
-26
48
-8
-88
-49
68
11
-16
-93
7
-69
-38
-61
25
11
78
7
-51
56
-101
91
39
-4
64
-14
64
-30
-9
49
-46
21
-14
37
-37
-16
7
45
56
-41
-59
22
-13
-70
-58
25
-55
12
27
-3
-6
-20
12
-73
-28
47
-35
-45
21
24
-163
41
-90
19
-119
-15
-29
-2
34
24
68
21
26
-33
-33
19
18
87
49
20
-19
23
-56
36
-52
-87
100
22
-4
-6
-13
47
35
12
-47
-25
-62
81
-141
-19
-8
61
17
40
-57
-23
-58
-73
-37
-7
-46
33
-90
25
12
-12
-47
4
76
-29
-19
13
111
-7
36
119
-78
-87
76
26
-17
-46
-2
23
-89
-62
-50
-53
74
54
25
-19
9
53
13
-78
-41
32
-8
-68
41
13
14
-29
11
-24
56
21
3
-57
-38
-17
45
130
31
-74
-68
67
22
-18
-4
-30
-2
14
72
79
21
-41
47
-36
10
-80
-52
64
10
1
94
18
5
8
-129
-67
50
48
14
1
-18
46
-81
63
-36
6
-21
3
25
-23
-3
-3
68
16
-49
14
55
31
-52
-42
6
49
7
-45
27
51
29
42
-66
-37
-89
29
-36
-23
104
20
-12
-7
-12
-33
47
-24
21
37
15
-8
32
43
23
-44
41
34
1
-25
-24
25
12
-82
11
70
-56
-7
-79
-9
-39
-13
-35
12
-8
-43
-69
44
-59
-39
-16
38
32
38
47
11
-6
-1
-50
1
87
73
-27
-77
-58
35
71
-46
27
11
-59
-22
-32
54
-45
48
-47
63
-28
-51
71
28
56
-11
-48
28
-50
8
28
48
-46
93
-25
69
-74
21
-49
-48
-22
-49
9
13
27
-41
-50
-8
-60
30
35
-26
8
25
-86
-9
-49
50
33
-22
69
71
-31
48
-123
50
31
17
-55
34
-68
-22
68
-33
26
-81
26
-10
-21
57
100
51
-29
25
29
-7
-10
-45
16
-12
56
10
33
78
58
-11
29
77
22
-91
24
68
-25
17
-44
-24
-27
-9
13
-59
30
30
59
35
-19
34
-78
63
121
-60
6
10
-50
-33
64
-11
-17
-40
-46
-28
-79
-6
-5
28
-21
25
45
-17
39
28
-2
27
-41
-36
-46
43
85
61
-107
-24
10
8
84
32
-35
34
63
26
-11
-75
-34
-25
83
-9
30
-101
26
15
-68
-50
29
9
56
-16
45
-98
-20
6
14
-66
34
21
38
-30
63
6
12
-85
-109
6
-2
36
-21
2
-68
-23
21
-83
-7
4
19
-92
-36
66
74
-38
29
-33
11
-20
-33
-97
-42
68
37
-19
-38
49
44
56
87
-2
58
62
-10
-3
3
63
-31
-84
131
5
-48
-58
-18
-24
33
54
13
68
-36
33
-6
-43
98
-53
-30
-32
-86
-40
20
-65
-26
-13
-77
0
-87
15
-1
71
14
-5
-2
115
50
-34
37
17
2
-21
2
5
85
44
5
-28
-8
25
-123
69
-3
51
-75
-90
33
96
50
-62
59
73
-14
2
75
-37
-31
53
-3
-78
51
-28
-29
-1
-43
-24
64
-12
-30
76
76
-29
16
-38
-23
-41
-14
-27
59
61
-48
-14
15
-72
-24
-43
8
-63
-33
3
-52
-35
15
-24
-42
-12
-10
-58
2
-89
-52
18
35
6
-29
57
70
19
-11
-90
19
51
-10
85
1
-23
-73
-67
-21
13
49
-45
20
-6
23
-14
-18
-2
32
33
49
9
104
94
40
23
-4
36
101
45
12
95
83
70
40
-8
20
56
-95
68
-4
-48
0
29
14
91
2
-25
33
4
136
-19
-21
-11
26
-30
-18
-66
-33
9
145
-66
-38
-14
-47
-38
-36
-71
-15
14
40
-131
92
69
66
62
80
56
-50
100
2
-63
-41
-66
1
66
25
-20
-60
68
93
-4
27
97
-27
-11
-44
7
104
-19
41
-19
37
-13
34
-12
-61
66
38
26
-2
19
-1
-13
-101
-48
47
17
-8
27
16
119
-42
27
36
-30
-20
-4
-16
-2
78
-6
-16
56
68
-1
-11
-51
-92
48
-8
9
2
-13
0
-48
-22
19
-74
20
-18
-46
-49
13
56
7
19
-28
70
9
-18
43
29
-56
24
-55
-23
-78
-72
-34
-41
5
24
69
-85
17
-31
-49
-11
17
7
27
68
-62
46
-76
60
-104
-74
53
21
-41
64
31
41
69
-32
83
23
4
10
8
-109
-44
-46
-59
-1
-34
126
-30
-73
-4
44
108
-71
40
111
-12
130
16
27
21
-3
-19
16
32
-69
0
30
51
-29
-7
90
-65
-4
-26
70
-50
-88
-42
-25
-25
51
43
-33
-12
-40
-48
13
-31
33
-76
-49
19
-15
13
-29
-91
-72
1
-30
-3
-91
31
54
1
-33
-45
48
-95
73
-37
70
-29
-11
17
10
58
-8
-15
-2
9
-92
-31
81
37
54
104
-20
25
9
0
-47
1
65
-49
-20
81
47
-55
6
51
-9
37
-21
-34
-51
43
-46
-106
5
-117
48
-11
29
-42
64
-43
36
-1
-17
-30
20
-48
-39
-6
19
32
23
4
93
-22
55
-4
66
-26
9
-135
37
-50
16
96
10
-13
29
41
-97
-45
80
-24
4
-39
-22
11
17
21
22
-47
-62
-11
51
0
-21
0
41
121
-47
9
10
-7
-42
69
22
-91
116
-8
29
53
32
-104
44
-39
-70
-21
-56
-42
-84
-26
16
39
-1
-31
85
-107
81
47
25
-47
6
46
-9
-25
-4
64
-76
48
52
-30
-1
-16
27
-3
20
42
-48
43
89
-4
115
-29
26
-30
1
-50
-47
-84
-15
-73
48
-29
-10
-90
-1
-39
-56
28
-62
29
-49
-68
48
41
65
10
-54
-19
32
-40
0
-74
-9
63
59
-8
91
45
-16
65
-2
63
-83
2
-16
3
3
-8
54
-14
-11
23
49
13
-56
33
-79
-44
-9
-24
-9
68
61
9
28
-82
-39
-7
6
8
22
0
87
53
11
37
-130
45
-22
97
30
51
75
18
-37
-24
-1
3
-36
-115
-31
-22
-26
28
92
34
-1
-67
-7
16
-16
57
166
24
-64
48
42
-28
66
-105
50
95
7
-28
31
-7
11
18
49
22
-51
13
-8
-49
73
48
-11
-22
-36
37
17
-39
37
-21
-18
19
-64
-54
-36
95
67
-103
71
-56
22
60
80
94
-3
-53
-15
5
55
3
-115
-69
-51
-12
47
-29
6
-21
24
3
21
-23
14
51
-23
23
5
41
-55
-33
-59
-3
-25
-116
16
-10
-29
-37
-49
9
47
102
-14
4
-14
17
-31
99
64
19
66
-10
-8
-88
-63
12
14
-53
52
-30
-34
76
-2
9
68
25
18
14
-55
62
29
55
26
67
45
-131
-14
-42
-40
29
12
-54
67
0
66
140
50
-33
-20
-27
36
-7
4
-64
-60
0
63
-10
134
39
69
5
56
77
12
-55
-90
-82
-41
-15
-32
-123
46
-85
-1
-27
48
13
17
-31
-35
-93
-99
64
50
32
17
37
65
-62
-41
-103
44
42
-16
74
-67
-30
40
1
18
-60
-102
67
2
-20
12
-24
108
42
137
-8
-52
-22
32
68
36
75
-108
-36
46
80
-30
10
19
-28
-31
-43
15
-15
45
7
34
6
3
-59
20
9
14
-2
-11
17
72
70
-6
94
-71
-3
33
-134
60
-22
13
-40
-3
-14
42
-29
35
65
-10
26
88
26
-35
-17
-1
6
42
-72
56
-12
87
-7
82
67
33
2
29
-12
-68
20
36
-46
-5
42
-24
-31
-23
-37
-41
-10
-23
-37
88
34
-30
10
-37
-16
-83
38
57
49
79
15
84
-84
-11
-31
37
14
-2
50
-9
1
-15
-43
57
42
51
-73
92
51
24
-43
4
70
-20
43
-59
18
-34
-78
48
-42
60
-17
27
-11
45
69
52
-55
70
-33
-18
-85
-6
-70
81
139
28
-8
-28
-18
66
28
-33
23
-60
-77
5
44
-48
62
-25
90
-28
-3
5
14
6
-14
31
8
-65
33
-81
3
8
17
-55
-18
18
25
-71
-71
-23
5
-110
24
-122
45
-23
-35
-5
-54
-31
41
70
-83
-23
40
-7
-60
-14
26
35
-33
-60
43
5
46
-25
-82
-10
5
36
-16
-36
75
1
14
-19
48
26
-70
52
-25
2
36
58
-39
75
-89
62
20
-33
71
-6
-44
-33
2
-46
-67
9
-33
79
-50
1
-3
75
13
43
-9
25
-17
9
21
-34
4
3
-2
-11
6
-23
3
-20
33
-85
70
-125
12
89
8
40
45
38
-51
-1
-7
-39
-106
-21
-2
6
-52
-5
-4
57
38
23
36
9
-8
45
-20
-168
94
14
-33
12
-41
-12
-31
-79
-34
62
51
-64
118
-7
110
-44
-24
24
-23
33
4
-28
-39
-44
51
-20
40
38
41
8
23
5
-3
22
-92
33
99
85
-54
49
93
20
41
21
54
10
-11
-40
-12
-2
36
-22
-22
-25
-44
-31
-15
-38
9
69
3
-3
-62
34
11
2
17
-45
72
1
-22
-14
-43
30
-25
19
158
110
-26
-13
24
-41
12
15
59
45
1
-23
47
47
27
-48
-93
-49
34
46
-25
-64
9
26
51
-74
-54
37
-42
-29
81
96
-40
22
87
-34
53
-36
-10
-28
71
-31
2
53
12
101
-6
15
29
18
-23
-17
3
1
31
21
34
-28
-66
85
-9
-13
-1
61
-21
17
-62
173
28
-46
-17
-2
-33
-71
94
-40
16
-1
-13
106
-4
-39
64
-18
71
4
13
31
25
9
-28
-1
63
52
44
-3
-49
39
-4
-29
19
-10
59
-38
72
-37
-16
-13
-30
8
69
-18
3
-15
45
-47
-36
84
-25
-9
10
16
-55
-36
-56
-47
-25
-25
42
-23
20
29
38
24
70
16
8
20
-18
4
-47
65
82
-66
-23
-43
46
5
-65
-30
65
31
1
67
-12
35
38
47
-62
14
-7
-40
27
7
-7
-18
-35
21
7
130
-14
13
15
3
-68
-16
-46
-63
-1
-25
43
-18
-20
53
43
-11
17
-17
-29
84
72
68
-100
1
-99
43
-96
18
-20
-114
25
-74
-14
-28
-38
-29
56
-87
80
55
7
-46
-38
-10
-33
20
-14
-54
42
4
98
22
93
38
-57
-40
29
-19
71
-12
-31
-13
-1
26
-21
78
-6
49
22
18
-7
31
16
-50
35
-46
22
8
-95
43
24
-15
31
125
15
44
-98
82
-79
-48
7
-1
1
-117
108
15
-39
48
47
21
35
2
-78
-86
-50
-114
9
-14
32
63
96
-11
-2
113
9
17
-23
10
-32
62
-92
40
-39
-11
40
33
-2
-17
82
-7
68
81
65
2
6
19
-83
-50
-17
-96
4
5
81
75
28
-6
-17
-39
-65
-50
57
6
-81
54
2
-70
-31
19
15
-36
44
3
5
-28
32
36
42
-10
-19
10
7
0
-54
-1
-56
-5
-13
25
23
5
56
92
52
44
15
-44
14
39
58
-46
-24
29
-4
-79
-26
-26
-54
-9
82
6
-63
-12
-17
68
51
39
2
-32
-58
54
60
-56
-17
5
12
77
-52
-43
-92
13
52
19
25
112
10
-24
-38
-26
-6
89
-28
20
9
61
33
-13
0
44
-4
40
-28
20
8
-43
22
140
13
59
51
17
36
-9
34
11
4
50
35
-60
-26
43
-30
39
86
-30
35
68
-23
-28
96
-6
21
10
22
96
35
-77
-2
-30
-56
56
-25
60
-15
-45
25
-11
-6
37
20
-88
-53
-68
-10
-36
61
16
-53
-35
-4
-20
2
36
24
-42
19
70
-96
-91
116
42
24
-76
-77
-73
53
-6
24
-88
41
71
35
19
-29
49
21
-27
-16
32
-5
-4
12
-45
-11
-42
22
49
90
9
35
20
-9
42
-29
34
-20
-21
33
23
-23
-32
11
-25
9
-31
22
-20
6
-15
-16
-60
-55
-81
-9
-14
38
132
-30
27
41
-80
-26
-32
3
-63
-22
-158
73
55
-36
-86
25
58
-39
-118
7
-11
-15
96
40
-49
-26
-43
-10
-12
25
91
42
4
-4
-46
-29
-10
-5
24
60
16
-18
0
-13
21
-25
41
111
-28
-54
3
0
-47
58
36
-39
40
-45
74
-26
58
34
-1
19
10
-4
-82
45
-19
33
-6
76
16
-27
-5
7
-47
-26
-12
-38
56
21
29
-54
-26
-27
-8
0
-46
-68
-58
-51
-35
-16
21
-10
-54
-94
85
58
-56
-64
-37
113
-60
28
-63
54
4
38
-35
35
12
-44
-48
-70
-57
68
-45
57
-35
-26
22
-64
52
4
-69
-70
99
-39
17
62
51
84
42
73
-18
13
-12
-99
68
30
5
-7
-12
7
-12
-79
-15
37
-61
-40
31
-5
103
-32
54
-38
43
-47
53
7
-10
20
-140
26
35
-39
-25
-110
118
81
-29
-33
-22
36
-26
-28
-1
-108
30
-109
-82
-71
50
-84
19
-12
17
-38
-7
-34
-44
-86
-56
43
22
-36
-11
-99
35
148
-55
-7
17
9
18
-108
-28
44
-29
-19
43
-21
-39
-50
-9
-110
-21
34
85
-33
1
36
-6
-41
-24
33
91
33
56
65
82
94
61
17
82
54
63
-14
-2
38
21
61
24
31
94
-22
6
5
36
78
-8
1
-25
91
-23
78
11
-27
-39
61
82
25
-10
19
40
27
-35
15
-42
-13
27
-61
75
-27
-65
-3
3
17
-103
48
-54
-23
-68
-44
-27
-28
-17
-20
-23
-148
55
-59
-11
-39
-147
-71
-6
-78
-65
28
46
-54
-23
-14
78
32
56
34
-78
-19
0
-51
-12
19
-12
5
12
-84
-162
-22
-78
-43
-64
17
3
2
-54
-108
83
52
-56
4
-1
46
44
-101
0
-24
15
-51
36
-33
93
35
-74
-8
10
-33
44
-29
10
79
-65
92
54
-31
-4
-73
-76
56
53
30
-59
-1
-62
-144
52
-25
-21
15
-24
-52
-49
-1
12
-52
-51
1
-37
13
-3
1
-50
-59
-34
-100
57
-74
-24
-47
10
22
58
-29
43
-12
79
29
9
-62
14
-13
30
0
11
-48
2
-60
37
13
1
14
-6
-6
-9
44
-10
43
46
35
-42
81
-39
-21
-47
15
28
-23
-22
-35
41
-42
12
-22
-76
-56
-7
-3
-26
55
-18
-27
-15
-45
-40
-31
22
-11
-22
9
17
-33
-10
-108
-11
-11
77
-89
-31
40
-24
25
-7
22
81
-23
81
90
164
-75
-12
-9
57
-22
-4
-77
-79
-5
25
-83
-12
-1
41
18
-55
-18
15
2
-31
-26
-7
32
6
-20
-16
-16
55
-7
-42
-24
-15
-40
-21
-21
64
43
-11
-25
-58
37
73
41
-16
26
48
47
7
-10
18
24
47
-9
31
-56
-7
60
32
-30
-48
-42
41
-95
-15
95
-88
22
-80
-34
41
-21
72
34
-158
7
-35
73
27
3
27
-50
-3
-45
27
48
-7
19
-28
-37
36
119
-62
34
-75
11
-33
-35
0
-33
-36
46
-47
35
50
-68
35
5
41
-57
41
8
12
49
-34
10
-77
78
76
-19
14
58
55
-14
32
45
24
31
-47
-50
4
8
27
-43
23
36
-3
-38
-25
-45
-30
61
52
27
-15
34
34
-8
50
70
-5
43
46
-7
-85
7
-3
-29
-36
56
39
-79
-56
78
-49
6
-2
58
7
-117
-68
-39
-39
13
-91
27
-36
-17
13
59
30
37
-75
32
-22
-13
64
8
32
41
0
-41
53
-29
-42
14
-73
11
73
-38
-52
-16
-52
14
-67
66
9
16
89
107
-8
-80
-27
71
104
-50
15
-26
28
-17
107
37
64
-54
21
-11
-17
48
-67
65
-25
-82
59
-64
1
60
129
14
27
-11
-71
70
-104
-36
-77
46
-14
12
7
40
-54
-17
84
39
21
45
34
-10
-6
14
-15
37
11
8
-89
-58
-50
70
40
-6
-68
2
38
-10
47
-15
27
8
17
13
-18
-53
19
39
23
-6
-16
-8
7
-23
14
26
-113
27
8
95
-53
-20
27
-27
41
-46
49
25
75
-92
-105
-13
-20
-37
-46
-61
34
26
11
85
12
13
67
7
-4
57
21
-2
19
-134
-48
36
-45
-53
0
9
87
-9
-32
7
9
44
1
-4
19
12
-20
1
-19
-26
-9
27
91
52
47
-10
52
-24
-4
69
33
93
40
18
58
-8
69
39
48
8
119
7
68
-6
14
9
13
-38
68
-11
86
32
-33
30
27
-33
-43
-23
-15
4
5
-31
-38
0
-54
30
-5
18
123
-27
35
-57
-115
64
37
-29
-48
26
19
49
17
-14
-42
-16
-34
6
-10
-22
-15
37
-20
-69
-38
-90
-8
26
-18
16
63
-24
-86
2
91
27
21
53
6
-52
-11
15
3
94
-6
-33
67
-38
71
-26
-2
-135
-13
43
28
-48
-62
9
-23
41
-6
-70
-24
-90
2
-45
-84
-82
-10
3
59
85
-17
-81
42
32
56
49
-26
-40
-9
0
-43
34
22
33
50
34
-16
-89
-43
-38
126
-95
-58
-175
-46
11
-57
45
-98
-35
-31
0
-4
94
51
4
39
48
-31
10
-29
-24
36
22
42
-75
54
-48
-38
31
-61
-20
-28
52
59
1
26
-1
-60
-68
-48
-23
-45
35
-76
183
79
60
-43
-58
91
32
0
-20
8
22
85
-72
-16
34
34
86
-46
-98
36
23
-89
-27
74
88
-67
-4
9
-80
25
18
134
-65
-18
-94
2
11
5
-96
-73
-52
-27
11
39
15
37
15
-19
-53
-49
-28
-24
61
37
-1
17
-28
-8
-36
-33
60
19
-64
-19
83
-15
-1
32
1
-14
150
-96
-8
7
-20
-47
77
-56
-20
-49
-67
-59
32
30
-111
-86
-32
-46
-87
35
-36
19
9
-6
21
30
39
-18
0
88
-48
65
-40
47
-18
-4
-40
-4
-29
-63
-2
52
-37
48
-7
-50
-44
29
-51
16
-32
-39
-31
83
63
27
59
0
34
-91
27
-8
-13
3
-50
-62
-5
15
35
-78
-78
11
44
-54
-91
39
-6
131
6
-96
26
-27
-63
5
35
42
85
13
-20
-58
-2
49
-15
-69
2
9
55
20
0
47
11
10
-34
-48
-42
17
-20
-34
41
-109
-62
-37
-15
29
-35
-13
-28
42
23
-26
10
-26
14
54
-50
-38
6
43
-48
77
0
-95
-13
-11
44
-93
11
48
-12
60
-89
46
-21
-11
-31
51
-9
-16
23
6
68
7
7
44
-3
-119
-40
-3
-74
9
2
-3
-16
-12
-6
32
16
-25
-34
-25
9
-55
52
79
47
45
-37
-65
-62
156
-11
70
19
19
-39
-2
39
1
3
-40
-44
-59
105
-4
114
-5
-103
49
-20
65
-72
-31
-56
-23
-44
-23
11
56
20
-23
-3
81
-51
-25
-4
-4
-3
-64
-30
9
51
-5
-9
45
63
26
23
-93
34
-7
-58
-134
88
18
-55
115
-53
45
-25
-69
7
-54
37
-83
111
35
1
76
-58
5
36
10
14
17
48
23
-65
-28
20
-60
-23
-3
8
33
74
-86
94
-50
-20
52
6
-34
28
36
-48
-14
-55
47
37
6
-16
-15
76
14
-88
48
-17
-11
-15
-28
14
43
93
-4
-61
-97
-38
2
-19
24
27
-4
-67
-24
31
74
-9
94
-58
-37
-123
-47
-23
-23
134
-48
71
0
-43
-65
-9
50
-75
-31
-96
37
80
63
-57
1
-17
-125
-40
-167
-51
46
12
-145
87
71
30
23
-29
-33
-18
-31
17
-90
-28
-22
77
63
12
-5
-4
-125
-18
-55
18
-31
-16
-26
-28
-23
-42
-18
-83
-24
-78
61
-37
-93
-58
64
29
6
-30
44
95
-17
-22
17
-41
-38
44
-60
8
-45
-22
12
27
-33
-87
84
-47
38
21
34
-63
27
-45
16
-91
-40
-32
10
-15
38
8
-32
-13
-98
-6
-8
61
19
-64
-16
-35
-27
19
31
0
51
197
82
-11
-61
8
-16
53
-22
-21
13
71
27
-2
-44
42
-68
8
-86
-21
-1
58
-37
-17
-46
-23
49
-62
-8
-59
39
18
1
25
-87
51
65
9
-16
93
-34
76
-47
-7
18
22
-3
56
71
29
50
-96
0
-14
26
19
66
-43
-4
68
-38
54
60
-95
-81
3
29
-18
81
21
-9
-21
-47
42
32
43
-51
-34
-50
-33
41
-55
9
-68
-33
23
-8
34
14
43
-93
-18
8
96
-114
110
-21
63
20
49
58
-32
43
1
-31
-12
24
-23
-7
-10
-17
-13
-54
75
-52
40
-12
-41
-12
-16
-39
-141
37
124
-82
-46
43
12
-10
71
-70
71
-31
0
-45
-13
9
-38
-60
5
-25
77
150
35
80
33
51
-15
38
-77
46
121
33
-53
37
12
-57
-38
17
-11
-55
-16
-27
99
2
-31
-1
10
38
-10
35
-13
13
-37
103
35
74
21
-31
-22
32
-48
-12
25
-73
-34
-31
-1
-35
-18
-78
33
81
-96
-10
76
-62
54
48
2
21
-21
-5
47
-59
-38
-31
73
50
-7
-16
-100
42
12
82
8
17
13
1
12
-10
-2
53
-36
86
-19
96
-39
20
0
75
-55
-46
58
-16
64
-57
4
-32
33
-5
-22
75
-72
35
44
25
-65
-76
86
41
-21
-17
-5
-56
-35
-53
-19
43
-69
-41
-43
36
12
-103
-9
-3
39
-59
86
10
-20
43
-23
16
-21
66
-46
58
-29
121
15
-41
-25
9
76
5
50
41
59
-72
-26
-27
-64
-27
-53
6
-13
-28
-20
6
11
-51
-24
-81
-18
36
9
101
4
35
21
-51
-137
25
-6
39
59
74
24
-43
-92
25
5
-68
26
12
-33
14
-88
-116
89
7
54
66
-59
-6
81
48
44
-77
39
-31
23
23
-142
53
-48
-27
-54
22
62
-29
-50
-31
30
-64
85
-9
-58
9
98
-19
-92
-1
70
-124
-13
-27
-30
-43
-11
-39
-64
-55
56
26
-26
-84
-56
-45
-14
88
2
47
27
20
73
-64
-26
-9
-94
8
-6
-9
-1
13
43
46
-50
47
46
-4
60
-28
30
12
-63
11
76
-98
110
-37
-23
8
-15
48
-81
-63
27
69
76
34
53
-66
48
-31
-19
15
58
-3
-42
25
17
-8
35
4
-13
101
-12
-40
139
-22
-10
12
0
-46
23
-48
66
-31
8
-58
-84
17
-49
-35
42
1
-21
-32
-36
-9
1
36
24
26
71
39
15
14
-90
-94
-20
-108
37
0
9
-104
-24
-127
4
28
34
-55
87
21
10
13
23
-28
142
-14
-81
57
7
9
5
-27
42
60
-28
-21
50
0
-13
-3
-13
-57
-42
-43
9
-11
-39
-55
48
52
12
71
-8
-23
2
-25
-26
67
-44
-52
-57
45
25
11
56
-26
-2
2
-53
-69
13
2
-44
-3
55
-26
61
-24
-55
-46
-67
-47
-50
77
-14
24
2
39
-11
-54
11
12
-49
14
-59
63
-63
-88
86
15
45
52
68
-12
-32
-71
16
-36
-4
-33
-46
-49
16
-32
-3
-79
220
151
-62
44
47
91
-40
-6
90
106
54
35
-5
44
-12
43
-32
20
-32
-118
85
-60
-32
46
21
-49
-86
-28
41
-90
8
-3
-104
42
-64
34
-33
-127
-102
34
75
27
-71
-15
21
54
-42
-31
-6
-16
-34
18
7
-87
19
19
39
-6
-9
-30
93
10
-34
9
4
-16
22
-55
-20
-37
38
-21
31
-55
19
-60
13
9
-29
96
25
17
8
-75
-15
18
23
9
13
69
11
16
5
69
-71
101
126
3
-8
-84
-22
-38
33
19
-17
57
14
19
-63
60
109
17
0
-31
42
-23
37
-5
-16
3
-17
32
34
21
3
80
-1
-135
-98
26
-95
-64
64
9
20
23
-47
18
28
99
-89
-13
-23
-24
1
-15
-116
22
82
-80
60
55
38
34
-13
-36
17
-8
-30
9
-15
-62
33
37
-146
91
-20
-4
-7
88
-7
88
-10
11
-32
-51
-13
-14
-16
-23
5
-31
-16
-34
23
28
-81
-7
41
-32
83
-43
52
19
-38
73
67
3
-16
24
66
51
-76
-62
-18
32
72
60
1
11
-31
-29
42
-22
-27
12
-42
12
3
-94
-72
-196
21
75
-68
0
51
26
21
-35
-78
-49
-28
-108
86
-35
-58
0
29
-61
9
30
-56
-50
26
-30
-9
31
-4
5
1
25
128
48
48
35
-134
-5
-60
-7
-5
-5
50
12
21
-82
-16
73
42
-13
15
-31
-25
-11
23
-5
-27
-27
-23
70
13
-43
-36
-63
-27
-35
54
-6
-5
45
19
1
-78
-27
21
16
80
3
-3
10
-35
-43
29
1
-76
52
5
39
-56
-31
-98
-45
-49
-19
-30
11
-2
13
-22
-26
-45
-89
14
-4
-49
14
-18
8
5
84
48
-52
-68
-30
23
-38
-36
45
-22
-23
-12
-31
-39
-76
-49
-35
107
-1
31
17
-4
89
-57
-73
17
-143
48
79
56
-12
-55
1
-85
20
-8
22
-66
37
-108
13
-13
-100
-20
-49
-4
55
-2
-14
-26
-65
33
29
-10
14
10
37
21
32
-40
44
-52
58
-64
77
68
-43
-34
-31
-29
29
-49
-89
49
5
34
-45
-29
33
-134
12
13
17
4
6
6
3
39
-49
-10
-31
15
-36
12
-17
-20
-70
-31
-98
33
56
-17
30
30
-12
-39
-15
25
-19
1
36
8
29
74
-7
3
9
72
23
58
11
-18
21
-14
19
-53
-12
-17
-44
95
-20
-88
12
22
-2
-86
-36
-43
53
-52
11
48
26
14
36
-13
52
-53
118
0
-90
49
-69
24
28
-108
-7
82
-15
-25
-56
35
45
-34
12
-75
-32
-8
120
-50
2
-13
41
-27
-15
-21
20
36
52
-29
32
-3
27
-16
5
-16
19
56
-38
10
49
-50
59
69
-8
-24
-38
-71
-18
30
28
24
67
9
36
-3
-27
-58
-23
-2
-32
-25
28
51
72
-82
35
66
-57
-17
-74
-74
38
74
-34
-61
3
25
-79
-68
63
-76
-128
61
-23
-65
-76
-27
8
44
-19
-18
-57
28
-109
38
75
86
-11
-75
-25
66
49
-9
-69
16
57
50
4
-79
-55
26
47
-72
64
0
38
63
-17
-42
34
102
36
-39
-14
25
-21
-41
-79
-69
24
13
118
38
-26
83
-43
59
42
0
-46
-73
30
10
21
103
-41
-38
24
-80
30
56
-4
61
61
25
-74
13
-18
-122
-82
-41
67
-11
1
29
37
-6
78
23
41
67
-26
-78
5
-3
-40
-22
-61
24
31
95
12
-23
99
12
39
21
-61
-46
-16
-53
-28
-37
-25
49
-31
11
-92
-50
1
-44
-43
55
56
-27
-36
-8
-45
-38
24
-40
29
-66
-59
-34
-71
-18
14
-25
48
-70
-53
2
68
26
-8
-70
29
-59
-84
-7
15
50
31
-49
-27
-83
4
40
14
57
3
-5
-36
55
67
39
-26
-35
-61
49
54
-93
-17
-2
20
97
-20
-12
-80
-24
-62
-28
29
72
-26
15
13
25
-60
21
85
10
-28
18
13
28
-74
5
-62
-84
51
-20
24
40
-47
-62
38
-33
-5
-3
31
47
15
45
-17
-43
84
85
55
-46
-32
-7
49
33
37
-12
-122
5
-124
40
58
-4
96
-47
53
-4
98
12
-29
-66
38
-35
80
-19
-36
0
-112
-19
5
-93
75
10
30
-43
-30
-12
20
16
26
51
-17
21
-1
73
-35
93
-75
-51
15
60
35
20
-1
32
-53
32
-9
51
51
56
-78
1
-4
38
123
-28
54
-82
54
-52
-43
-56
-26
52
-54
46
-22
12
-45
-72
28
31
9
-102
0
47
25
54
-33
-83
-44
-105
-43
2
-110
-24
104
25
85
1
35
11
13
-26
77
39
47
-26
100
-32
58
-13
23
-21
60
-18
47
-2
1
-39
-25
-61
8
-47
-21
4
-61
10
-23
5
-31
-6
13
-62
37
-21
68
98
32
-1
59
-48
7
-45
-40
-8
-9
24
-19
-47
35
-25
62
37
45
54
14
21
-59
14
-64
-48
12
-21
-121
2
104
-61
-19
-53
-42
32
-2
10
-54
41
18
-79
-25
67
7
31
-37
-25
7
-65
-50
86
77
-29
53
3
9
-5
-131
28
22
26
-36
-9
-11
11
-84
60
26
43
-60
91
-25
25
27
-26
