10 83 484
0 0
0 1
0 3
0 4
0 5
0 6
0 7
1 0
1 1
1 2
1 3
1 4
1 5
1 6
1 7
1 9
2 0
2 1
2 2
2 3
2 4
2 5
2 6
2 9
3 0
3 1
3 2
3 3
3 4
3 5
3 6
3 7
3 8
3 9
4 0
4 1
4 2
4 3
4 4
4 5
4 6
4 7
4 8
4 9
5 0
5 1
5 2
5 3
5 4
5 5
5 6
5 7
5 8
5 9
6 2
6 3
6 4
6 5
6 7
6 8
6 9
7 0
7 1
7 2
7 3
7 4
7 5
7 6
7 7
7 8
7 9
8 0
8 2
8 6
8 7
8 8
8 9
9 0
9 1
9 2
9 4
9 5
9 7
51
82
74
29
61
64
59
69
81
11
27
5
45
41
40
34
65
67
62
42
26
71
31
50
44
54
0
47
33
3
56
53
14
52
78
8
46
21
77
63
43
73
13
32
75
72
28
36
20
17
37
58
35
57
4
39
16
68
12
30
25
2
55
66
24
15
80
1
19
6
70
48
23
60
79
38
10
18
49
22
7
76
9
115
373
-865
-367
-271
-191
295
-861
-351
-639
-4
-226
-409
-897
-35
248
-36
-62
576
278
457
231
-94
466
-246
-413
-194
-75
-42
121
-98
-750
-485
131
383
159
28
-420
419
84
631
615
238
374
-350
136
-182
-598
-347
-335
-86
518
383
-1539
-982
-22
637
-767
-169
142
-51
-245
-718
-449
511
111
-101
-293
159
202
1119
702
-192
-583
489
-439
499
-41
-731
-532
163
130
720
-234
9
96
-298
172
60
209
733
926
1477
-294
-787
317
143
283
-108
-370
30
280
30
370
365
252
236
90
-450
-312
-118
246
-51
167
-105
769
-304
-123
580
-119
330
-549
22
-195
266
-292
181
-927
-133
349
-96
-475
248
-245
-416
-2
140
-854
265
-52
-299
133
-710
-201
-888
-900
215
-173
75
-514
-75
-518
591
5
-41
356
-294
-205
-25
1113
413
-462
-814
116
107
-199
1157
-77
-133
-437
461
-47
-348
-5
430
438
-400
-532
-471
756
-315
238
-843
-767
659
997
-450
-704
866
-251
-152
1192
103
69
372
264
-343
-771
49
53
-603
-280
-339
557
619
-477
-157
-330
903
-1027
-144
-680
59
-497
441
-86
-389
-98
-370
664
-605
114
-442
-308
31
234
-269
681
663
2
-1003
-552
-312
-1570
-65
212
-532
375
552
-105
145
169
455
-201
70
-713
95
-184
791
-141
-82
-1368
876
715
-32
511
-654
-257
79
251
197
196
-128
-444
-1074
459
336
-666
671
-418
305
237
283
-8
-322
493
-308
857
-760
-753
-122
133
-181
-1068
-637
28
329
-111
-810
97
819
-448
155
-168
-136
100
-384
344
499
131
65
-743
422
165
-214
134
-272
-1093
251
-8
145
48
910
227
934
-275
-811
-327
-290
-926
-277
-23
226
-940
579
-507
-904
279
-79
-263
-202
6
122
-673
-165
182
-40
-657
-42
178
-72
154
561
670
698
963
307
-95
730
-1268
-295
-491
258
305
-1076
123
-25
-762
1379
1050
79
98
298
134
-482
-2
896
-1004
561
-356
244
-242
208
-27
-357
450
473
-117
-709
638
593
-91
611
252
34
-372
-277
138
-272
-142
-557
323
-549
79
-137
-293
1268
192
835
-229
117
-370
-326
357
-280
11
300
532
-241
-772
-408
-274
-557
714
778
170
68
445
-487
177
-133
523
-244
209
451
7
183
-882
-1066
561
788
-872
319
217
605
373
-628
45
-537
-80
47
30
116
550
-573
513
619
-142
-29
49
-210
170
540
-461
-47
-443
-190
603
67
-158
-486
835
624
863
-523
278
-563
638
-422
-311
-207
-265
691
-10
213
-838
-833
147
-448
452
-190
304
77
-541
-1332
-59
-200
473
308
-341
355
-601
-458
-534
-222
-61
-48
212
51
423
222
-182
357
-56
272
-282
292
474
-465
542
-25
-406
1016
-81
-225
748
668
-258
752
-1037
493
-638
-280
-225
-517
263
930
475
-346
-2
-778
380
89
-329
-601
-232
-636
1011
453
-25
507
-400
-492
696
278
1
486
48
-532
354
399
-896
-169
-858
251
-3
-66
512
-176
91
229
-415
-195
-4
-153
-861
9
-716
-274
623
-322
-79
-29
144
200
-468
213
-42
252
-816
229
610
171
353
418
362
-174
372
-475
-23
-67
-367
-112
173
-245
-145
503
437
-242
813
322
-824
65
689
406
710
21
-665
-397
-321
399
669
414
43
-27
181
-76
-537
-129
-177
775
26
-443
-163
-192
-587
-22
369
1052
-196
602
372
-19
-194
361
514
142
244
-334
426
-247
588
-799
-852
-466
713
631
100
-313
-8
280
65
652
-442
312
-1084
-322
-303
143
-519
-1266
207
-479
359
-274
-236
493
-9
149
162
107
-291
133
213
333
-564
-696
-201
206
729
-434
717
608
416
511
-222
-119
256
426
-316
113
-67
232
-480
623
-429
-1124
552
-14
-151
88
-490
-199
-141
183
66
-231
204
-68
-721
71
701
298
-287
-203
-79
258
-125
-416
381
494
341
299
466
90
850
-326
-64
574
-18
-508
336
-105
802
589
-226
948
-182
-508
-27
583
490
178
306
420
32
-445
304
187
-854
-696
-580
165
138
-599
510
158
440
164
-100
-257
250
-407
491
289
-260
1072
113
266
1505
-230
-501
6
641
104
-376
57
429
-8
-181
-258
-608
-16
272
510
325
616
906
-64
271
-412
385
560
-698
-347
-411
502
186
775
-323
-119
91
804
-85
-184
148
1232
117
555
475
632
602
-134
-338
-514
466
706
-187
782
-383
79
826
-304
-479
480
1116
-208
635
465
64
83
-240
333
-577
183
326
971
-119
-69
974
132
647
276
42
-359
1067
517
-108
7
-423
334
-641
292
962
236
-258
184
329
915
233
-185
-11
593
-808
91
227
-343
-191
-240
55
124
836
604
1
-308
-347
-478
932
1129
176
-2
-284
34
80
236
107
310
633
345
689
-623
492
-1261
605
-23
-34
-16
-613
-176
648
-260
699
-244
662
-518
-778
-769
-28
-104
92
358
117
479
66
-8
22
590
-819
192
810
-107
-171
-823
524
-119
636
987
886
234
75
136
769
-513
-565
155
206
761
-88
-825
-549
-219
90
-295
-357
154
135
223
-355
285
-231
265
774
-675
-608
1029
529
-455
-68
-424
-514
-453
-327
230
1037
672
-352
31
-121
-129
192
-321
-1002
-54
880
-661
-754
179
29
-13
-517
394
220
-206
-504
-1580
-429
-871
-68
267
-112
132
-317
-119
-153
-13
278
331
-166
223
-118
571
408
-158
-561
-1036
81
621
586
79
465
-493
545
-101
90
286
-153
-633
-707
-311
-743
-565
381
-488
-732
413
-79
923
70
973
-64
-463
-254
-667
-481
-826
-496
-691
-385
301
963
-271
-862
-24
654
957
-34
39
56
-20
-730
358
-505
163
413
372
128
-2
-56
713
-648
293
744
81
142
-275
639
346
-70
9
-56
-464
-1145
-180
4
-142
692
-771
223
-88
857
588
425
114
584
349
485
512
-410
737
403
224
91
1075
279
-66
859
820
-552
-54
-167
978
100
286
-681
15
146
-324
374
63
-15
363
124
771
396
-55
-58
295
576
-751
27
748
306
-34
-200
-325
-598
38
-324
-56
148
-240
-91
-223
-103
-748
530
85
87
547
-456
398
-266
261
612
176
-748
228
-128
-662
-138
252
300
426
-206
248
349
152
-480
-513
659
-400
-544
-605
314
-324
-390
980
3
543
1313
337
5
-108
-71
867
129
153
-433
-401
-265
1223
188
531
-249
27
594
-137
-376
983
-1012
518
1269
4
507
-813
152
36
-101
193
-229
-486
-60
-567
-47
-113
386
-576
56
-576
69
362
-141
-844
623
-292
-435
-378
-159
-211
503
8
-203
39
-367
-325
146
159
590
-189
-394
117
419
440
232
-262
182
55
-174
565
-107
-8
206
160
966
348
-675
200
-191
181
-53
-94
438
405
-334
-180
909
-421
677
-134
-131
855
-592
-180
-255
1218
-90
775
-452
170
-980
-133
-579
33
-190
-757
-324
-408
215
327
-34
-486
-444
-81
600
-192
-407
787
840
1051
621
446
385
171
927
128
-59
111
486
40
-233
-413
-99
62
-310
-552
105
-669
364
54
-5
391
72
256
-695
-169
-685
490
1248
13
659
-68
218
-358
-449
561
58
-484
922
441
-406
150
166
454
181
-449
-454
914
-597
141
979
26
-121
-506
493
163
-650
172
80
25
13
-214
494
73
35
218
228
-803
-381
-54
433
-348
-266
-720
1141
319
818
-578
134
705
474
-794
1171
-596
-343
901
133
-102
362
439
-313
726
-117
-326
105
-825
134
479
-334
-434
-65
-312
464
236
325
-353
-1024
-187
94
-510
-691
-458
-802
-171
-587
410
373
-486
66
-122
-682
-372
103
-527
58
-48
267
10
414
-183
289
-741
-42
573
-86
850
-311
-130
-383
-875
0
97
263
272
502
-160
411
-528
-675
-808
501
777
-3
354
244
282
-281
-479
886
-361
-456
-1133
107
-65
-1216
119
-1104
285
-52
228
194
-365
1376
-557
363
-41
-509
-32
-963
58
149
-642
906
-100
147
191
-194
1065
-591
276
-507
492
208
-117
280
-146
-137
700
-402
-461
-517
3
30
27
102
-411
227
-394
-205
132
398
-49
146
8
193
-57
325
431
201
139
96
375
537
236
400
-310
-787
-765
244
-299
-13
-307
-755
710
-162
-397
131
-389
239
-732
-259
172
413
-113
-38
202
519
290
112
510
-75
-394
69
127
-534
508
-492
-57
99
-17
263
145
-35
459
531
-104
180
-212
41
-45
-161
283
1043
1535
-49
-757
-748
640
-778
-694
-627
-749
-122
-761
6
-157
-706
259
494
648
519
-802
-294
395
-157
208
-207
-227
-288
-467
-376
486
-367
-523
759
431
141
373
-249
-539
212
-671
-879
-975
603
645
406
-216
-250
442
379
68
477
463
-49
472
588
-793
-1540
-376
-220
387
193
-22
4
-225
-279
-477
720
-264
719
816
623
-1274
-271
728
2
859
161
54
238
303
-531
-346
-46
-565
877
-412
924
-331
-578
172
-549
-429
-172
39
321
-566
325
281
-187
569
-146
-1098
103
395
804
772
447
-694
619
394
703
-165
121
-7
-188
689
703
111
-329
-299
-585
388
-101
-256
-198
-61
-379
-190
-577
-394
1074
-682
-578
-36
424
54
-274
-443
326
209
-853
226
318
-408
939
797
-537
-395
21
-1320
60
330
-16
8
146
89
180
683
460
-981
-230
-570
-142
-232
797
700
-10
-281
973
-365
352
724
349
865
459
1346
3
265
315
303
-534
66
-1091
-105
173
345
186
25
497
-500
567
420
-272
990
780
67
-284
590
757
-378
-202
-777
22
81
-14
446
1033
-676
244
-87
-335
146
-1272
-407
-111
-325
-516
-1289
-779
-41
238
30
-1112
-261
7
-749
-450
-326
-539
62
123
213
287
-463
672
-788
63
988
225
-630
-813
509
647
-135
137
-432
-20
592
264
1288
389
-286
-324
594
-728
-482
-433
200
-825
873
182
-896
855
35
-30
170
697
256
162
507
268
611
-329
-896
-208
85
156
511
-896
1097
100
252
549
-168
-1033
-157
0
-156
535
138
-415
188
-624
567
729
-696
161
501
-214
160
-286
1115
617
-713
130
-264
-49
118
474
575
654
-194
-447
190
723
294
423
-146
-223
-314
894
-1133
865
-357
-93
-27
-21
-256
361
648
349
-555
372
166
-301
-929
-92
7
947
553
-71
423
-50
215
818
-148
468
469
-774
1033
84
1006
-483
-1371
570
41
-568
-320
-88
551
-279
516
364
-204
-143
547
358
794
-205
-794
738
-378
788
-325
-7
509
697
-311
289
348
-286
266
-155
-188
660
324
76
-102
7
-341
133
-250
208
-213
539
-811
225
779
647
-217
14
548
298
-51
-102
199
-711
937
-151
157
-614
272
-529
-500
919
-107
-350
412
28
694
386
272
-1104
-261
337
339
-492
501
-334
264
470
200
-530
144
812
535
-726
89
-420
266
-40
225
-119
-88
114
403
-223
607
358
-348
-690
-375
175
989
-827
549
16
-222
-833
-219
786
506
1001
-506
192
467
97
63
212
-114
206
-545
-270
384
969
-67
-449
-480
354
-1425
-1030
385
-209
989
-34
256
-794
435
-471
178
-534
479
-78
-563
-76
-305
78
-468
-802
-218
688
-102
436
298
353
385
-683
17
-491
-69
-474
-383
345
108
-124
-197
318
-364
632
-146
171
101
493
507
-14
-106
991
-186
564
-332
593
675
387
-1290
-21
169
-8
-397
-872
-164
1074
-269
459
769
-612
348
925
107
-10
680
-181
-412
934
144
-1112
-407
57
-127
-616
541
-39
-39
16
336
-59
-243
-93
-322
-84
746
221
26
447
-394
-196
936
395
-508
-128
-447
-196
475
731
-33
-429
644
63
-322
721
256
-810
698
-51
-174
-135
-619
269
847
-354
291
173
-303
-630
706
-348
560
-341
451
-672
783
-147
-423
-1042
-437
165
279
187
20
-473
586
393
382
-44
62
310
568
-402
631
-504
273
625
201
-47
45
290
-599
-11
331
-107
-518
-60
-127
-981
-168
-301
-264
79
147
88
-1498
41
-511
-81
-44
-2
119
681
316
-89
-591
664
-362
97
250
-737
-539
305
-347
-78
8
449
413
603
56
78
730
441
-230
-169
370
-846
162
-564
-173
628
-60
222
-149
193
-363
-244
-386
-607
225
877
585
790
-389
-425
444
-821
-423
-441
496
-714
131
-87
759
-966
242
38
188
-31
-387
95
-147
-258
-403
-102
-1111
50
-726
-198
7
-320
-144
-499
74
36
80
-473
-813
453
-67
118
-1107
-821
32
172
819
224
1221
280
-65
943
-160
-64
46
126
93
-536
183
302
-73
-417
-639
387
299
-152
637
-258
293
298
411
-35
292
148
-188
-526
305
-41
-372
716
481
100
-222
-147
281
-1024
82
-211
-261
-175
723
-1160
453
-323
-188
-479
589
263
51
-579
-32
425
-533
-360
210
114
882
552
135
460
168
-201
286
354
-226
851
440
64
-96
5
198
242
-457
-61
-293
-29
352
-310
-242
-192
1185
-97
-458
-702
932
359
-240
-338
275
-60
-139
286
-740
-24
-109
-717
-689
-501
-123
-84
-328
-361
567
923
-592
-1189
98
-467
383
282
371
-708
-261
-69
103
-213
-633
-335
-78
-1167
163
-723
-45
713
209
158
-290
-399
-76
-358
-1068
264
235
103
-186
101
-17
497
-5
315
-508
514
-504
-221
-308
827
238
-306
-529
-300
-470
12
-784
361
737
123
-192
-395
-89
-307
216
90
381
-480
203
-249
364
325
-31
-431
274
375
18
441
-48
316
572
850
146
469
-772
764
-584
196
70
-617
129
253
879
-121
-255
181
-219
-582
-72
7
696
226
483
59
-598
596
-457
-166
-402
-223
-517
221
394
40
926
789
-246
-148
-457
123
136
-515
637
202
435
-568
-73
326
-39
-806
-240
908
-329
443
-212
-421
731
-128
-1741
428
16
-49
-107
321
-80
63
935
-571
486
-471
177
33
503
804
-149
-756
-455
-112
-83
-579
-219
-201
-311
-524
561
-65
-76
253
699
-355
714
329
-216
107
993
410
-11
-115
-424
201
-457
-396
-560
-153
-337
253
537
-221
210
-626
-29
-95
19
494
-259
289
592
513
-245
140
-188
71
385
65
268
-381
491
-545
626
135
219
-62
-206
-137
300
-1268
176
288
13
382
547
227
-1042
-418
127
1062
829
-133
-971
-223
187
-630
587
468
296
-459
62
429
330
231
-418
360
219
-97
-169
551
140
-316
-161
1014
474
1081
-467
-241
-9
-291
218
360
-665
-1085
207
769
354
-170
894
1107
-770
-652
507
-185
65
105
125
96
-37
684
288
-255
-295
189
-550
-86
-172
271
-211
38
-186
350
-150
891
527
232
357
845
125
488
-217
226
-654
100
-461
-423
-137
208
118
-804
567
611
279
-938
25
-521
-547
209
-18
286
-183
-968
92
-881
-427
-348
270
91
185
-53
-837
251
470
42
-1291
-230
-5
202
425
-326
-5
-646
-704
-6
31
-222
1036
-149
-786
381
-426
-22
-916
257
460
27
-508
-186
-356
-589
137
-924
-661
706
923
235
-1080
1053
184
753
-33
-20
301
525
553
407
291
-787
-355
-560
-455
243
-255
387
-568
486
7
-321
-210
-49
297
405
188
-718
-483
-50
580
-933
534
-118
799
197
-161
443
-18
164
675
-240
-246
-407
563
164
223
93
-623
-152
29
-500
103
-656
76
-417
187
262
274
113
757
-74
359
-491
-746
1193
-765
121
161
336
-334
359
-27
126
84
-169
321
287
907
952
20
-9
487
306
-654
-651
488
-14
-669
192
291
417
149
134
53
-389
301
-7
-459
-443
74
-128
-268
320
-747
-333
516
480
454
-24
-133
19
174
27
504
586
98
1040
1019
428
50
-384
80
103
-208
-428
236
-742
187
-192
1035
-119
121
-730
-456
-1450
-353
188
230
-429
242
-84
1348
-216
-200
39
1128
155
-188
290
-717
69
-302
-558
-221
182
44
37
268
208
-900
-220
-167
-514
909
-32
-263
-1504
-205
-110
7
493
-123
-161
-40
679
-138
-202
329
704
-168
-16
-72
1033
233
-362
-19
2
160
406
-200
142
-36
-320
-385
419
619
-425
257
129
-513
-182
-134
-301
-59
80
-418
0
-145
2
46
408
593
-688
417
-930
298
892
-405
-413
-204
-560
-731
-39
-515
659
-650
-853
-359
588
-632
187
-259
-520
468
-435
265
-534
83
-567
-462
-852
27
-481
-66
-1274
434
-383
-691
404
102
-432
-334
-588
784
447
-105
-623
428
1285
26
-677
236
-527
337
-1104
108
577
-794
-4
-326
291
318
-97
-49
-31
-277
1058
607
-161
1
-249
590
264
615
-15
-17
229
-434
487
582
182
163
-112
656
-16
-298
125
-351
440
-512
-1050
-720
510
-459
-178
-48
381
-737
326
211
-842
-523
-109
-198
224
-704
297
-136
200
312
-584
439
208
600
-502
-539
-439
119
-495
185
-934
388
660
20
-690
-699
-79
-246
156
134
-41
171
262
544
-191
439
-1083
99
-785
-397
-1065
284
547
-58
449
172
-17
-583
44
-1230
89
-795
-12
123
-293
-59
467
427
-643
498
237
73
-191
-254
156
-280
270
-392
588
-37
-62
1012
-114
-57
-256
532
-202
-494
-238
230
317
-52
-9
85
-504
-1174
-392
-541
340
-371
175
92
203
219
318
1386
-189
274
386
-470
-59
-350
-1129
-117
-31
-329
644
-525
168
594
-41
-280
613
349
639
-212
641
773
-168
474
-731
-29
335
-312
206
112
783
-187
-154
269
1278
469
-237
111
126
-439
68
-710
298
239
-482
533
-17
625
303
-121
-80
50
-583
-806
338
-10
-670
-332
-223
-672
-999
312
-672
-786
-217
538
-383
60
24
-1358
163
134
-205
751
-106
-148
389
-25
-245
822
22
-595
549
1026
-129
714
299
849
1060
375
-117
-490
-19
710
-391
380
5
105
-946
1320
133
-593
-13
290
-571
-695
-101
-503
-778
-708
-789
138
-124
-699
543
-151
-74
-568
515
-105
-357
-659
-105
1361
-38
139
-216
504
-194
-109
-370
-774
77
476
-375
322
-357
416
-194
-753
31
10
-748
-541
-52
349
-523
782
1279
114
1333
-393
-293
-531
-546
306
22
246
-198
1227
1177
-120
-353
-173
-255
384
691
-183
-729
-121
249
-149
-685
-1062
-621
195
1012
-145
41
409
-241
-37
936
554
581
594
-1196
556
503
261
308
45
739
-678
1125
49
-218
477
139
364
459
-788
287
252
1
-153
76
-334
3
366
0
-385
-208
-220
103
302
-93
470
-323
73
858
190
367
-133
301
270
-464
522
-93
-667
368
-481
357
666
-421
-650
607
47
226
-627
1192
-294
-376
328
-449
572
-528
-304
-1029
197
-832
-106
-332
-372
292
286
896
444
-51
365
398
169
-226
-231
-229
1435
104
-137
467
830
109
-94
460
94
580
354
536
359
-701
653
416
-99
103
25
118
201
802
-149
400
-110
-369
-324
-124
-622
195
479
1058
-657
-751
-350
-403
580
-661
-130
-533
503
370
345
640
404
-253
-290
-580
-537
477
-333
-198
-252
385
359
578
-134
-305
12
-317
997
216
-1135
306
296
280
-870
-900
515
-6
390
-1080
77
484
-117
-426
-197
-456
-101
263
-286
-159
46
-244
46
292
-457
520
411
478
246
-274
-457
860
589
868
-100
175
-488
-61
-148
384
-885
252
-593
115
-584
142
130
442
305
454
-460
-480
138
-331
38
468
146
-96
65
-12
-88
-133
220
-208
-135
-132
511
-303
-1026
195
335
391
966
-235
849
-594
336
354
-282
390
378
-202
-330
-109
486
-1129
-92
-327
639
628
128
-316
97
-67
-366
-651
-113
-128
97
-416
554
-456
854
491
26
-158
88
-148
37
16
-179
253
326
-200
403
651
613
188
532
-191
892
167
317
-1041
374
208
306
76
-220
902
-627
-438
-555
-137
-257
-369
100
-805
270
-942
-85
111
-472
308
-211
-801
-828
757
-339
-243
-448
202
-400
141
-39
-92
248
-437
-359
-546
857
-945
-844
-186
1
-302
-540
-982
-677
518
477
550
932
237
-189
-72
-682
50
-842
453
636
-186
-570
261
-955
-1027
426
-136
-335
220
-287
117
29
541
157
480
191
714
116
-595
74
225
167
-325
589
412
455
31
-444
-169
1203
287
488
-51
-275
-113
113
-466
84
-315
-561
209
-162
-60
266
-672
-1127
-315
-224
7
-147
-1075
170
-1040
556
13
266
281
591
-431
123
291
663
129
-548
328
-550
319
500
-20
987
-918
-170
419
411
-295
344
518
-162
-79
-654
-587
-171
-467
277
740
-678
-640
-876
-165
714
545
433
622
324
41
-170
1
520
-107
-453
-82
-425
-191
276
533
-102
-835
487
-439
-201
437
-657
302
249
213
103
-400
429
336
-854
320
-432
700
559
-256
482
-4
249
-489
93
67
-148
252
268
8
11
-292
-610
-496
-1073
364
295
-466
-96
-35
-402
516
23
4
421
139
280
-502
560
792
-414
-345
-402
-126
52
-324
-402
279
-202
-70
332
1112
349
-306
-688
-92
-768
-143
46
-713
273
902
358
-519
-226
-883
183
-603
-112
412
306
-295
-320
1251
103
-186
-1305
-616
300
144
-272
105
547
-158
210
-674
9
289
721
623
362
560
-211
207
885
-222
56
105
217
818
705
-1128
548
-197
403
503
-1083
-474
291
508
95
-934
-160
759
-789
617
1109
-180
521
11
585
-340
-504
-335
245
-79
-106
56
59
413
1121
99
-161
-215
1173
-965
-745
-344
115
194
-374
36
732
-646
135
723
-203
-11
-503
656
-259
885
-259
-322
10
50
148
-708
381
-513
-382
148
-56
-294
473
-741
-591
557
-747
-79
384
290
120
-74
-475
52
163
-1008
-705
614
201
1005
-492
-509
-53
555
661
-419
41
36
-542
84
608
106
749
94
102
686
-245
235
398
-15
311
-570
511
209
-121
-349
-68
595
-764
-194
760
634
351
401
-328
657
579
621
-163
-234
-557
-103
-510
32
741
28
-1006
156
166
-701
449
673
319
243
-136
-272
-984
-469
-162
-93
-65
-517
755
17
-443
-781
-236
297
-22
-386
1227
910
490
40
572
-236
164
126
-554
-451
172
-860
-231
6
543
83
599
-275
382
193
350
-76
-187
729
-347
191
-265
-131
-152
480
-90
-199
1172
553
-121
1166
-176
358
-416
453
-262
-713
998
364
247
-217
446
-30
-90
83
564
122
-272
-1071
616
696
-1251
629
-176
146
330
-68
-69
204
-621
252
164
335
440
58
363
553
383
3
-380
-666
484
-251
181
39
-975
-829
-206
25
-357
-94
628
880
-57
-1136
-52
509
1
-36
-365
-1605
70
461
-448
-222
519
-35
578
261
132
-76
663
-620
-1052
580
-337
597
-536
1246
-853
-18
-702
-548
-725
-100
-97
334
-90
45
330
-202
-68
-106
17
722
525
276
-77
-47
-520
-635
-22
528
-70
16
-348
555
151
-340
-141
-638
-336
327
-247
-15
200
-444
305
-116
335
357
6
841
-570
-601
72
27
-435
124
-4
-32
391
231
-97
140
-311
425
-117
215
-93
-1178
404
-263
28
-1273
-185
405
-129
-459
323
29
556
130
-626
-10
12
243
361
-256
311
36
61
20
530
-658
-414
-230
1323
111
380
-58
-1136
-355
423
168
300
1037
-180
-679
26
553
656
568
-922
519
717
-195
1065
307
-390
-235
-5
-144
647
-421
-110
1092
-244
-195
884
676
-74
-273
-583
-233
147
123
-71
455
132
-437
-90
-472
699
-584
-71
399
99
-590
33
233
329
171
907
-683
-686
-40
-128
-276
351
-606
550
99
874
-506
325
-116
-81
-102
21
327
317
-66
-26
-505
153
-283
834
378
-1013
30
-232
-397
-125
-78
128
110
52
-22
114
-994
-21
-418
-461
-498
-5
-577
-265
1180
-543
-175
726
803
-271
-211
66
-942
215
-286
-751
42
-664
-451
605
-241
-609
-482
165
-114
364
-266
663
95
-357
-102
-199
389
-485
1
-627
150
-5
181
959
172
-255
-12
707
100
-910
74
190
5
-335
-324
775
76
-128
681
-325
53
-492
400
636
294
-295
469
111
674
-181
516
37
-328
-435
-525
-214
-537
-614
22
-977
-345
-146
123
686
-342
-251
-397
311
300
-205
192
-461
-283
-215
-302
-726
-79
445
-174
441
687
-91
-417
-230
-385
140
-382
-315
462
682
236
1219
-135
693
-686
-404
453
388
-408
116
-31
76
134
217
94
197
41
324
79
-671
-851
660
205
581
-252
-508
-1003
314
-440
1175
507
801
253
114
368
203
167
1083
-401
500
-395
-344
-230
76
802
3
87
-667
136
844
-348
338
517
16
-676
67
388
-326
-343
732
975
-43
-142
-157
413
-129
-658
-459
-42
74
761
-297
-113
-31
-1457
-462
-256
-109
-456
-8
234
-84
-489
127
942
-125
-15
-151
-84
-331
866
-510
355
193
-189
-534
128
22
1120
-344
330
-708
5
33
486
991
-325
384
-180
-14
146
405
1162
-104
-1495
313
-925
-1606
82
1077
183
-703
839
-905
770
602
-643
-158
244
336
105
342
268
-43
0
606
-161
758
-266
-782
-133
847
-263
531
413
-461
349
856
-268
-150
138
1169
456
-225
-432
464
-536
7
-129
-441
-311
-384
94
-137
-533
154
-732
411
-682
-239
-46
86
-496
-126
-284
-482
-398
-109
-88
-883
-31
68
-196
348
-500
720
646
-353
-850
-71
484
223
-219
-476
325
-185
524
-1130
-194
48
699
-317
417
-502
223
-273
281
-947
0
-192
257
-656
-191
290
603
-790
260
138
281
141
429
99
171
84
-299
-621
248
-741
417
-94
410
-518
-320
518
-233
-942
42
-49
660
-1035
-273
231
-151
411
76
409
105
-265
-559
731
-545
1224
-31
-717
186
-50
-407
381
254
459
198
774
689
119
541
-581
383
97
-31
-39
-288
62
716
669
101
-464
-87
321
33
-237
369
741
-315
342
613
-135
-221
378
-496
-420
-159
101
-384
724
558
693
180
-436
654
-16
79
-32
-643
-454
69
138
-153
45
96
525
619
-579
30
351
258
-96
-292
-200
607
-117
-78
-103
-232
304
565
-580
183
514
-10
-282
834
86
-14
86
-116
409
49
-156
36
263
-56
304
5
-174
1009
-625
-174
791
340
868
-122
-87
171
97
408
500
1013
290
-767
564
345
-343
-208
394
494
409
378
82
415
-512
-296
122
801
10
334
667
-706
-130
-558
-85
238
-622
-1248
-434
-39
-334
44
-143
-42
-375
-1469
-115
113
-149
-488
-497
606
-377
233
49
-98
-38
-308
-1103
641
-624
512
-414
-473
280
393
-222
56
-164
64
-243
-337
-174
-9
271
307
827
-179
141
162
-212
268
-6
685
-306
-381
14
-35
-910
-570
-743
38
15
-373
862
127
-117
823
-117
-812
101
-1265
348
-340
72
-634
-1024
412
-608
-227
679
1364
624
177
-153
-382
594
-125
460
-181
73
-491
-344
-175
-93
680
472
522
761
-155
-56
-471
-753
207
27
772
230
-619
-614
-518
-163
440
-397
420
-713
-354
-1349
-671
-387
564
218
363
-373
-446
-269
-177
-31
-381
852
396
950
-162
-425
-371
768
-365
500
-221
-543
-1211
350
-16
-666
-278
1366
-238
-261
935
323
-86
960
-216
320
-529
519
-911
-540
-833
683
333
112
670
857
417
-882
-203
-1000
458
101
-266
534
108
761
-306
1063
535
-347
-42
10
-128
316
-787
51
-219
-209
454
-137
329
913
-302
-802
972
-84
466
527
538
207
316
325
707
-34
318
-528
647
-75
-413
-878
-192
-431
861
544
454
-490
340
399
1
1009
-47
728
15
231
-716
-657
135
-39
370
221
-682
504
-1006
-252
190
506
-1168
198
432
-101
-177
467
100
-129
290
-889
-686
543
162
-67
135
-573
-160
-609
512
-174
607
-250
21
1045
-668
-862
-308
362
143
-84
565
974
374
-541
205
-153
67
702
-226
-3
665
-206
67
-492
-227
284
559
-608
667
267
-247
48
-346
13
-282
495
-433
-1100
-253
205
47
-103
260
139
267
549
160
-232
289
1232
122
686
319
-135
-73
585
-34
564
-74
-805
292
-369
-59
-68
-361
122
-501
-43
-18
616
-757
-1482
-140
-32
639
-1466
122
221
-255
-497
122
774
301
-912
793
-314
390
-467
1172
62
15
711
-119
0
193
826
395
93
-992
360
-335
-124
34
-125
891
172
-531
-702
-435
-52
-660
721
-511
-210
-385
240
-437
273
-279
289
-296
-481
-194
221
-384
-861
-540
91
-794
307
-31
49
-60
-486
-521
-418
-741
-740
-267
1257
116
-124
391
-350
-396
196
1049
-297
-89
216
-100
599
48
-251
21
-42
-1048
-35
-103
292
240
-888
432
872
240
-242
-80
37
305
-798
-781
-123
836
199
-913
-791
250
841
613
713
512
85
280
101
251
516
374
-130
327
316
-535
683
353
-451
-260
-1111
218
-18
-297
537
296
235
-47
-563
-147
-460
-401
-321
-605
-34
-69
135
-653
-56
578
588
711
409
259
488
400
-294
590
589
364
-333
-353
460
810
-252
1116
-62
799
539
-455
226
-116
-941
507
-320
-360
562
548
-167
488
45
-126
267
-701
-408
-268
-32
-148
-1200
-304
11
587
509
-502
-497
-427
788
930
-36
-38
114
837
329
242
290
-679
268
355
-650
-236
111
310
35
82
-202
685
-217
44
313
-716
-251
-165
-1013
-179
449
12
-621
-213
-694
486
352
972
129
351
-182
408
-314
-517
-312
240
25
69
30
-620
662
173
-349
-522
166
-441
484
815
-278
239
-464
-1344
-606
-1013
288
488
756
-404
564
-522
229
-25
-148
-1315
-343
282
-237
-87
-385
1276
126
-519
1043
-336
-658
-390
-118
-362
-239
-280
-146
94
-275
-14
-129
807
-180
-112
-131
904
350
198
276
36
-242
747
-218
869
575
485
86
-101
463
-49
282
-62
401
273
-236
-223
206
-830
236
137
-176
-398
-727
-270
592
-113
610
119
791
-638
-110
1090
56
-228
-1051
752
33
205
-583
338
704
15
-11
-479
-384
361
-351
-69
-708
-512
-383
-1
-158
571
72
199
-487
260
17
-680
-489
-174
334
1190
641
-605
-114
-752
551
-25
-589
-230
180
6
-278
-525
-451
-1025
-358
255
-590
-25
-19
44
638
-413
-566
-514
-95
-875
312
252
-401
647
-93
388
330
0
-459
-215
-315
-225
663
-72
245
-325
462
-190
-427
85
58
-254
410
826
-778
92
275
-461
678
716
-413
77
-1527
407
-192
255
67
-580
36
338
216
-136
-286
-494
501
470
243
600
-82
170
-86
451
-57
122
345
43
46
-183
318
-869
-487
-259
684
99
-1012
14
-578
1410
-453
-640
608
407
618
-188
-694
-835
22
365
-497
4
57
-54
22
99
249
204
323
-350
36
-95
440
631
57
-68
102
259
574
873
-931
235
808
-690
163
409
-373
355
-11
-237
-547
768
-432
115
155
-449
-201
-199
-83
1168
-209
-148
1207
-236
-1045
-420
180
-526
-206
-426
-88
372
-1062
-625
217
-456
202
-198
72
-94
794
-63
414
-133
-320
-125
127
-561
415
234
23
351
-96
-362
-997
-714
-278
-296
332
-419
-174
660
19
-840
242
-334
-92
286
596
-599
-520
-535
-437
373
-206
-297
-339
-1027
529
321
302
678
-139
159
106
595
572
77
-523
1436
288
274
462
-905
394
-35
-1221
111
269
-363
-224
-689
-242
-288
409
-210
-557
112
-503
-163
737
-650
-367
-857
-859
822
11
353
391
-422
-329
-275
214
94
-538
-109
-617
-251
-527
468
638
-82
358
690
-307
-834
-34
551
665
1161
575
971
640
-954
-110
-914
196
680
-121
822
-310
299
337
66
306
-295
159
-6
397
-691
-261
0
-720
3
-343
807
583
-186
-166
16
-138
398
-115
-258
-340
514
580
258
-385
95
56
390
-908
-37
335
528
-1103
-579
-907
237
-47
-64
147
193
-23
628
194
-412
-908
439
-406
-336
842
-75
759
987
82
-407
684
1000
707
-17
-889
1251
222
32
-229
1015
-14
228
58
495
-536
-514
470
-438
197
-344
244
1079
181
612
-999
69
-207
85
314
-395
-897
-797
-537
265
435
-6
-357
-177
704
650
843
211
22
-506
-925
-99
-331
298
236
-53
15
333
1087
575
55
-276
135
-330
-185
604
88
-479
-431
-464
782
-671
417
151
456
142
-294
88
-527
277
-691
324
-23
-444
819
-711
-167
-96
265
17
354
287
431
-39
-138
687
14
130
-192
668
215
-828
-377
609
-1274
772
123
941
683
-392
473
737
-428
657
-240
-142
186
-462
138
56
-261
610
-122
-283
149
241
-59
-586
-34
-912
231
260
-245
-584
-482
309
628
-269
-415
-420
307
802
-262
-276
217
91
1417
-204
-901
-883
-242
497
270
73
-237
-240
131
299
70
162
844
17
59
-344
-145
-1430
23
308
72
-919
818
994
613
651
-406
30
-118
723
-7
-593
-15
-506
-587
1018
619
295
-341
-127
923
181
-233
-78
571
-904
-468
405
-725
-495
179
-1079
489
236
-372
495
318
-111
-105
-874
-95
-183
-242
427
24
-180
-400
-12
156
13
-387
-57
-103
520
-76
910
637
654
295
218
-875
-90
-182
361
-164
0
148
-1237
108
595
-262
140
259
-536
-529
-661
675
5
-460
323
137
410
-325
359
203
485
534
-34
-52
-780
-755
-297
125
201
-1158
402
-127
-353
713
142
77
117
731
-358
80
60
-684
-926
-804
705
-1001
-504
120
-164
-539
357
-240
135
-429
-738
-174
461
14
208
-165
278
794
-715
297
114
-61
-16
4
-699
-642
100
54
247
245
-313
279
65
65
-421
-582
638
-173
195
-654
123
-820
-118
190
-292
1307
796
-482
447
180
-554
-808
-1323
-22
-151
-340
-429
472
462
502
-60
797
-51
-177
-104
1072
-370
381
-495
855
454
-370
23
-44
-145
437
-179
275
-198
357
-503
120
306
101
579
39
-141
-191
-619
251
69
45
-312
112
1135
138
415
91
-291
181
-1118
439
638
79
540
511
-47
-58
66
-475
908
-216
-22
585
297
-162
-367
-957
-79
221
-72
446
-171
284
-518
-309
702
54
-577
-498
-270
-199
368
-305
783
-155
-1276
-490
-83
-408
492
-414
-354
646
-381
173
429
213
-347
-134
-636
-168
-223
173
80
-470
-616
1433
-565
339
292
-406
-1287
-593
245
65
-51
352
-190
-623
-485
-189
-612
411
-162
-247
71
642
263
825
821
-528
-294
779
347
130
1053
1040
-317
345
-502
409
38
894
-555
-608
169
-145
-113
-70
-540
-214
338
21
493
-336
-238
309
-845
-11
-1014
-525
933
-314
326
-507
-791
544
-282
675
-20
220
234
-127
509
1
1011
745
465
-29
-576
129
27
387
125
302
518
143
-304
74
136
-484
-775
-213
303
475
-383
777
267
92
567
186
-516
-2
635
-285
-808
304
-203
624
-89
-241
-1063
66
200
-941
624
-438
640
663
-337
-56
569
-54
307
-719
-608
-10
865
494
85
595
-933
416
-73
-287
-1084
216
306
-45
-108
659
820
302
-273
-368
309
515
-386
740
-282
780
-981
336
-818
32
-568
358
338
-245
-170
-427
801
-158
-1430
1212
-95
48
427
514
486
779
-132
-347
70
237
495
-255
231
32
472
-621
152
113
-461
148
158
-586
310
514
-219
403
374
1366
-102
-645
120
-198
-294
377
658
597
685
-367
-355
-141
1024
-765
511
-218
-115
-62
-274
-790
1325
29
-252
346
-259
627
227
315
475
102
174
-580
-959
163
-831
-245
506
-166
-445
176
54
349
-211
1142
990
-295
439
249
928
764
-148
-733
975
214
-509
609
-84
56
373
-184
81
-13
-208
113
-171
-227
-173
-740
-155
1396
-72
200
284
-307
201
23
896
415
-89
699
-305
137
-309
280
371
50
-74
699
430
666
438
692
221
-91
-169
-409
405
510
-946
-40
408
350
-402
-707
663
494
614
-73
-383
-504
97
-1361
-1158
85
204
11
-483
1017
-167
148
-713
-610
250
-310
-40
603
-502
592
-90
591
-38
223
-264
130
614
-648
-480
195
-431
-137
-304
-319
87
191
-255
-158
-130
-161
683
7
439
504
-220
-33
544
-135
-544
961
-244
-241
532
27
-400
-1205
-467
-671
-173
460
-789
158
282
74
-463
602
-621
-422
-317
142
853
144
-91
-235
1021
-775
-1041
-709
-444
372
637
-487
99
799
992
-131
-801
-671
-195
-75
-61
-601
-79
391
515
124
413
-86
-237
-40
464
265
522
-116
-128
408
514
458
178
-615
52
105
-75
403
-29
-690
-130
584
24
-317
-521
333
94
13
-587
-533
172
-603
145
-415
-700
675
-202
473
-382
-77
-73
-528
195
-396
-942
-954
-54
-91
-494
-33
-459
515
284
654
-137
174
443
-758
480
802
-381
-193
357
283
384
613
-69
-96
-808
-132
230
401
434
-327
-562
-294
-138
-290
224
1000
-294
265
-402
-167
59
88
-382
615
-812
-290
122
-93
-21
-414
358
-20
637
-87
103
-266
-672
-727
480
-354
123
-780
-50
830
389
-645
490
-842
634
-604
-639
-253
-239
-164
408
-116
95
528
-122
-778
-379
1564
-253
659
-330
34
-229
-465
-89
-34
271
364
179
27
338
-71
-251
765
-458
415
136
-697
530
387
-50
-70
254
439
316
-378
-307
347
-1024
521
233
-43
525
81
-423
-102
485
728
532
-13
533
123
125
121
1529
301
555
892
-517
24
768
472
-538
-235
50
893
-5
-564
218
458
-515
235
751
-118
-966
-235
-480
10
-536
242
596
-570
-298
137
-680
-451
619
-578
-125
285
119
557
-144
432
136
935
-175
73
68
-309
-79
1626
447
400
-172
202
47
982
-354
-137
-334
563
-394
-686
-616
123
-594
254
72
-534
429
-637
467
755
1268
-737
157
83
94
-658
-87
334
539
-613
741
559
-146
304
-733
-280
-63
9
-783
85
-975
620
176
-301
-47
771
-283
-398
821
5
-63
382
201
-635
-48
381
193
870
52
-517
174
-231
-205
55
-710
42
-848
302
843
305
84
-620
133
-545
-227
167
660
-771
-221
-627
394
-77
-49
-95
690
-93
1202
-305
437
231
435
-1057
1
256
-766
191
985
-174
351
-740
-155
-787
442
-2
288
192
717
-444
-13
85
-122
-447
495
-700
119
128
339
244
283
308
132
-747
-688
480
-549
-430
64
499
72
-338
-414
-55
287
-676
-307
-166
-139
-166
116
-364
-194
-724
-729
611
-1136
349
78
1005
-33
-493
312
234
-312
-1078
967
597
-58
-5
-392
126
1175
849
-137
839
321
395
307
-533
419
225
217
-58
521
275
325
-120
38
-108
-662
244
840
-1384
-490
527
725
277
-412
619
128
347
874
222
510
306
305
-656
-173
-507
-809
184
-666
205
155
-273
-18
-105
-180
-34
615
-321
297
219
-289
-841
-214
261
-482
-297
-117
412
243
-229
-766
428
-87
-329
281
227
-36
44
-131
130
-208
-16
290
-167
7
214
178
799
-532
435
-873
235
-1005
106
-13
-394
717
-458
-192
249
214
-765
290
12
-174
-171
27
-542
131
455
449
-295
-263
-40
-227
33
-768
-101
-375
213
-623
386
752
580
-439
303
37
-151
680
-461
-118
-741
-299
482
149
217
102
-188
627
-632
441
-430
633
-118
779
417
-334
189
-98
415
-495
-803
-584
-454
63
-330
-312
196
680
172
302
349
133
393
12
-743
-332
-787
-718
935
-376
1451
-771
1046
82
532
241
-235
21
-66
-264
-261
1214
1366
-633
-270
73
191
-329
-417
-425
126
-172
-383
481
-318
229
-127
1045
-516
-619
-403
338
236
-61
-209
-262
-572
-509
-730
-392
-291
-278
-494
-100
-473
-109
-343
973
2
-1037
-605
-329
747
599
138
614
1137
-302
296
-62
-653
121
-295
505
-677
886
879
378
-539
-98
674
172
106
-210
-376
-416
-344
102
-46
-338
527
348
-916
505
-628
543
1116
473
-412
-466
328
1214
177
551
503
390
29
27
-39
-513
-550
-232
597
-227
-333
-101
5
-1299
-166
-55
229
-430
163
-61
598
-184
-328
-309
-321
627
33
-374
155
143
361
-420
-112
-306
-709
-84
-557
152
605
947
-94
-179
-47
-476
-616
-155
699
161
-402
-801
-568
403
-265
-445
585
314
-441
622
-708
-85
-560
-524
-74
-25
257
-485
-805
967
-166
723
-169
-1192
122
-57
198
1075
130
137
-125
-584
-269
503
119
512
879
-385
-697
62
-264
168
-48
-150
42
-305
446
625
-376
-637
-75
645
11
-25
288
-567
20
256
-470
693
-271
-647
-728
-406
450
207
83
-458
221
-462
-569
261
512
-679
-327
-588
311
-224
-495
-429
-696
-228
-333
350
-487
171
-195
-400
67
-278
206
-13
-600
-49
-1172
-393
-255
-147
-100
56
329
-729
-109
-382
-483
535
34
-835
506
-469
-668
1046
75
-359
-398
-445
-102
-1063
322
-335
144
461
390
-295
-273
54
-298
311
-433
-1021
246
-335
348
-410
1125
-230
-644
-358
-106
440
56
494
448
523
541
457
2
261
-354
17
9
185
100
-233
239
-622
518
285
114
322
-653
-233
505
-317
514
-554
21
512
388
59
-931
388
197
-327
-48
495
-232
-958
-57
531
-109
-1023
-203
463
-39
-479
-4
190
323
390
-287
-311
-790
-235
269
83
549
-332
317
-1205
400
-253
-705
-429
648
279
59
568
-1428
-120
1019
-2
-104
-409
88
-132
-491
-219
209
-354
-29
166
-272
775
-46
536
-377
349
720
412
598
-439
25
471
-443
573
675
48
105
569
-54
4
-236
434
642
203
259
943
-602
358
-107
-17
668
204
482
-366
-117
248
660
-444
-500
419
1211
-24
-683
1163
113
-74
753
374
-294
76
-575
289
-321
299
-213
-236
-376
-687
-380
-159
125
-419
493
388
179
193
131
-807
493
-120
460
-196
276
-718
-836
-176
560
-319
436
-537
145
15
693
10
60
-557
-24
140
242
109
265
-395
-1197
297
-918
-410
-255
650
-260
-133
131
418
338
270
-52
-405
-224
144
-105
86
463
-338
-781
320
-244
-280
-324
358
388
-74
225
-319
-25
-639
-277
318
-137
-260
423
-461
230
215
543
270
-575
508
-699
958
-324
669
-646
246
56
127
228
-533
55
-307
40
46
-79
173
455
-405
-208
597
-485
-368
829
-367
-604
126
750
-712
-346
-1322
-393
-251
-740
-1003
-14
-115
-710
113
74
-683
549
1337
421
123
290
184
-275
-428
-1061
-431
235
368
422
-795
526
659
200
-1068
-967
653
-3
1004
317
691
195
-710
-5
705
-174
246
805
-725
-887
449
-225
-60
-12
335
48
290
622
-354
-394
108
-397
847
-520
-417
-819
-637
-386
71
-671
-141
308
-341
-381
-1151
337
-406
-342
280
1168
880
822
559
-131
-681
404
305
363
-709
-530
40
-82
33
1061
-298
-341
973
682
436
813
240
-218
-23
-314
-617
-540
692
-280
-55
676
-284
-788
-649
-394
-323
-119
583
-679
423
-72
540
-121
150
990
-222
-181
-173
423
229
628
-1492
914
938
-143
680
49
206
-268
-303
-447
702
68
-848
564
-667
-235
222
258
583
870
302
242
431
-23
-597
-556
-337
-277
76
219
-348
-335
-282
-344
690
-321
22
277
288
-435
759
-41
-454
423
-955
-22
271
-69
-604
724
35
389
-263
423
-603
363
-679
-231
-75
-980
632
-126
297
647
-374
-138
-418
758
315
252
378
293
-422
343
145
-328
-75
-91
-259
-294
557
376
-239
-155
171
733
-327
-593
670
39
-883
-27
-71
-81
-231
130
-6
291
-384
-815
-460
-1076
-203
188
321
-218
92
679
-7
128
301
1
32
-505
-495
208
428
-18
98
-1514
156
550
72
240
-206
158
-675
504
490
236
348
399
90
-95
589
771
57
-382
114
60
599
604
-178
-883
-670
202
55
-295
341
140
180
118
-356
-445
251
-576
-481
-893
141
-561
-1026
-964
-97
-157
-838
-561
545
-488
-642
-323
-280
-46
-384
-89
-959
226
-271
576
342
-1209
175
-39
152
-253
649
-447
-543
-398
-80
-221
-1175
390
-716
-267
-74
203
-96
151
-469
19
406
318
-35
94
210
-417
-347
209
176
-285
781
-102
201
-622
409
186
-626
523
-173
127
343
-209
677
-62
594
78
303
-664
-57
-23
111
318
-39
-541
-156
162
-342
-307
160
292
354
-700
-699
120
-117
594
-628
153
209
69
-662
-120
727
-391
-1255
919
-631
-319
-19
513
1014
-314
-545
-50
-120
-48
428
-1097
-956
-178
-88
130
973
-199
312
801
-796
186
1252
-497
-345
-43
412
149
-977
-122
681
-240
-233
82
-555
-619
130
-92
138
413
191
-502
15
-226
169
-153
-926
63
-310
501
298
-213
-173
559
-742
-745
-552
-59
-200
282
-209
-335
289
516
-346
-17
51
881
514
36
-31
219
-69
410
-364
-130
-41
605
-454
391
147
-279
-407
-504
-226
490
-527
-931
220
651
-307
-128
-711
-310
283
430
61
-480
203
-822
654
42
666
161
411
332
-209
-283
-253
167
-385
-653
-32
-782
963
-27
-675
225
175
-117
-663
98
-66
-188
102
-511
559
718
439
198
605
304
515
-550
757
1026
-590
309
203
-255
-668
-217
-604
-194
-152
-465
669
-459
-511
-872
-175
292
809
-203
30
-131
-1
181
1009
-222
191
1019
326
-30
-393
489
465
-215
-583
-50
-606
-321
-1335
-394
79
-79
-652
457
-731
-24
-72
227
23
186
-17
422
-443
414
610
52
-601
163
210
-95
-441
-291
-159
575
1358
353
325
-978
-141
-484
-505
1118
91
-395
356
-710
171
-102
396
0
-615
843
381
847
-130
767
533
-122
-664
-1391
-84
-184
-63
386
-707
50
279
217
294
-311
997
-188
238
311
-1184
-194
-177
447
-167
362
287
-264
-155
-827
376
409
-460
275
133
-442
-337
790
-813
325
-419
-509
-8
-132
-6
473
224
28
690
407
-326
991
610
848
171
-530
124
404
32
-1015
563
-499
-605
-299
590
419
37
469
-168
-416
313
-920
345
-481
165
511
83
810
-1123
-315
251
721
249
511
-153
-67
-518
143
554
771
640
554
-140
992
365
-92
-460
675
-745
492
237
168
970
-182
603
-1215
369
14
-446
-1265
-754
292
684
-257
-812
-335
200
410
53
-637
531
144
-737
-500
-4
325
-303
-438
-14
699
306
-31
617
-384
-206
1073
-590
192
-607
44
105
409
-344
-1032
306
172
194
202
381
158
-553
-3
-407
-10
-563
250
-457
188
-446
408
1006
-727
152
143
147
346
80
101
-537
-548
995
-1023
-10
-274
-80
-174
78
-721
-122
112
-367
272
738
-522
-125
479
378
301
42
-249
-7
-700
-626
-582
329
347
72
547
289
328
-696
-475
-195
-366
1035
-20
-130
-46
-184
-701
-156
-723
156
31
683
-1085
-442
511
333
-94
227
155
-559
-118
439
-142
370
1
352
194
-290
-620
127
59
-60
207
642
-81
39
710
-76
-740
-604
666
255
61
-52
239
341
392
-167
1044
-25
-376
757
-145
-735
-131
-352
61
97
-713
194
-936
-347
-409
999
537
179
87
273
108
416
169
-72
-369
-324
-148
-296
-666
589
265
-84
284
-65
1129
43
406
-335
-754
270
10
318
319
-118
345
117
-700
203
39
900
173
246
-168
242
-164
22
179
-205
-787
362
32
-457
-601
554
-66
-72
86
751
-398
-445
-268
91
-737
-22
-291
-311
229
-119
539
-98
883
-425
93
-572
272
104
-249
27
-45
591
-463
-90
109
152
-149
-211
-852
152
19
-512
121
1
74
204
214
906
-616
51
-522
-552
114
-192
-466
-375
74
-2
-295
777
248
259
-805
1272
-515
-380
30
-243
300
-115
246
501
107
862
-193
-148
-381
-166
-123
-451
-577
335
-7
732
-286
404
-1193
-827
569
-390
-1116
-42
-121
415
-42
-1087
677
-223
-235
-445
21
-70
-280
-85
351
31
519
632
-259
-598
413
-4
-858
-845
386
500
546
251
44
-258
406
104
-344
-245
-150
338
-101
-878
240
121
235
179
-524
-243
-385
463
-256
315
754
-1186
-881
-137
-283
-545
-252
-970
624
-408
152
19
-313
-76
131
493
274
-258
266
-1074
-737
658
126
-607
99
832
-391
29
-36
4
197
241
665
-112
-133
183
322
127
-132
130
-768
14
108
-363
-284
-142
-217
-90
-919
838
182
700
1534
7
196
141
-231
-442
155
-479
-248
207
-15
759
235
57
121
1765
40
270
-672
505
240
-131
-384
-199
225
-532
565
-670
-1324
547
-8
669
-47
376
-137
-176
-264
356
-139
274
172
-93
38
-681
112
253
329
-325
-382
322
-1246
555
-723
542
-414
504
247
208
732
255
-394
-757
383
39
764
-169
49
-184
-277
381
1
97
215
-424
68
-225
-74
-815
182
84
-731
-615
234
40
-636
569
399
58
-263
-186
422
-6
474
1007
330
542
-26
-461
-275
292
112
276
-201
111
-100
548
241
-414
442
532
493
25
58
173
413
246
-969
-8
412
-195
-741
-593
502
385
-189
-141
781
181
-36
-190
600
-338
-310
196
400
359
-114
552
88
1380
875
-5
726
213
-366
217
262
352
-725
-224
976
247
-289
617
-252
83
1148
-26
308
839
311
287
-224
828
648
1141
57
38
-333
-547
257
-247
-152
-548
-17
531
384
-180
1114
-389
-440
336
370
390
-1039
-118
-296
185
30
-317
-182
-110
232
-224
610
-195
-298
-381
500
-190
300
-407
-386
-195
-198
49
-432
162
-313
178
-415
-298
-505
144
959
635
177
-369
579
300
-242
296
494
-559
-1031
-265
259
67
-76
-216
-205
-430
-44
363
-11
230
-152
653
328
515
-62
377
-103
62
-127
449
470
-298
392
-696
1138
249
77
309
-1164
217
-157
-386
477
857
-451
-381
5
249
902
-132
-123
717
-813
-70
-348
135
205
135
-876
-248
-504
-623
829
378
-513
487
773
284
446
-22
1
-58
-843
-429
486
-253
62
751
718
571
594
-697
-198
554
448
-40
111
628
-446
343
19
-550
-325
428
-72
1048
-371
293
706
571
409
-621
-617
-444
246
874
-730
1086
193
313
522
-454
-618
-555
75
1
-126
22
-411
522
83
-436
-971
60
-104
-792
256
143
614
390
290
35
-841
301
197
-275
-288
-161
-85
918
337
692
-563
682
-765
-373
346
-188
-150
-179
449
30
248
-115
-329
534
-300
228
555
86
283
247
153
1048
453
591
-1143
931
-118
-525
363
298
373
1084
179
588
-578
-66
-63
-578
-358
-274
769
-247
-139
476
-382
-521
215
155
192
1054
119
849
-782
-547
758
-277
-431
-283
-997
-502
-61
-462
812
-194
467
376
65
132
-595
-146
-86
134
49
-705
72
142
601
490
-43
369
464
-518
641
618
-358
802
-787
-23
-651
407
-749
-423
717
155
-262
-816
-129
955
-93
2
25
444
812
-6
-68
-382
170
-387
-790
443
-52
-103
235
295
406
414
-382
27
225
586
63
-252
-261
-819
-413
-860
537
-300
-19
799
1330
429
77
3
693
104
44
-189
-1287
502
-483
193
311
-407
-556
-500
-249
-74
48
-88
1331
-415
219
-89
-686
401
-552
-703
297
-374
164
-339
-213
-541
557
-409
-1103
731
-743
192
-196
752
-426
-172
-182
35
-31
-58
133
653
-180
-696
-635
461
-233
-228
-534
408
297
105
3
-241
-573
-687
345
104
189
646
1001
12
153
19
112
-680
56
679
380
-321
-32
-1251
-578
801
-340
551
-1191
100
-503
-192
774
-32
1244
415
-526
-323
158
-886
1072
-129
-475
1185
-272
-551
168
7
459
750
-224
-28
120
398
-25
-57
-352
565
-40
-47
1124
-827
-627
59
163
76
277
415
511
446
-124
-743
681
43
-68
909
-334
-534
175
-132
35
-452
-905
-975
954
308
181
109
-488
-136
-250
31
71
725
-370
167
241
0
-550
-317
830
-378
-175
635
105
-308
429
-295
685
251
682
113
-467
-644
146
436
468
-473
374
694
-412
1013
-274
54
-19
-214
462
216
189
45
-447
-1
691
-657
-1133
188
-64
-129
-50
-773
-273
110
-363
-134
66
421
27
-98
-121
453
399
-95
-326
384
224
-163
198
950
-196
10
316
-365
990
594
649
-545
-623
-279
133
-680
-322
830
61
-646
881
80
358
28
-210
157
480
913
-539
268
375
78
259
-263
-899
12
14
6
242
-417
-349
17
-28
1411
70
-1355
-111
254
-176
-136
627
617
120
65
-565
92
765
90
-495
216
72
-496
326
-814
-274
-385
-28
128
535
-26
70
689
-412
555
260
242
-93
654
121
402
743
-75
-246
20
766
211
106
-319
-22
705
50
102
374
-609
905
-295
590
275
76
-416
200
49
-41
451
-57
611
12
-357
220
-537
-363
143
-109
103
-215
-463
360
-145
200
-102
-115
-691
-289
-646
363
-16
1095
630
5
314
-1236
618
147
331
-409
26
-31
-167
-237
-608
-610
-468
-489
241
-224
557
-622
-91
298
718
146
-564
0
786
1047
363
888
450
174
193
-1092
-582
37
-60
-535
-50
708
-781
217
904
-819
-480
505
201
1121
541
-214
-220
39
631
-782
-66
-122
-365
-231
737
84
-133
-110
122
-153
224
-230
186
-295
-81
49
-93
-467
-315
-419
697
-169
-238
386
682
24
-453
-292
-9
729
353
640
198
129
-229
-450
118
6
293
-13
359
27
-854
-311
-1119
125
1564
-655
153
121
-872
-95
-91
514
-65
598
-528
-828
55
-14
15
373
-323
851
396
-702
254
200
-516
-634
-372
167
-898
-298
-51
105
170
223
777
-777
142
440
694
-527
282
338
71
-806
-81
-410
-469
-455
-309
141
216
-435
145
331
202
-215
-415
171
1495
-65
120
522
-957
-561
639
-449
-159
217
150
-254
-888
747
-1074
-389
-129
-116
-1013
-541
540
-84
60
-238
-661
356
806
10
-816
-729
665
450
-891
-189
-89
-584
-683
163
-701
-179
-618
115
-404
-55
56
-329
-744
-12
808
30
-317
1122
-415
-182
407
-217
606
883
329
352
-924
278
708
223
-657
-83
-55
-44
-265
160
-392
-106
-170
-346
584
283
-140
-616
-316
468
1196
1118
39
-180
132
1070
-477
933
-458
-372
-658
-499
-77
-418
51
-101
399
153
-56
-54
427
-92
-394
597
-67
-375
-141
-445
171
67
-1081
-697
-278
307
228
-367
-787
91
454
603
-513
275
-154
-167
-1295
328
295
-392
440
-161
244
727
-536
-1256
-496
336
367
503
-97
47
-489
598
-540
-1196
194
106
-77
-4
-1068
142
97
543
480
758
-185
-665
-276
649
48
-32
-244
-32
336
738
-317
245
-315
-308
-267
-33
-187
22
461
-90
340
-9
-421
593
-909
340
244
25
-455
108
700
124
668
800
-592
137
-188
-519
593
