16 79 841
0 0
0 2
0 4
0 5
0 7
0 10
0 11
0 12
0 14
1 9
1 10
2 0
2 5
2 11
2 12
2 13
3 2
3 8
3 14
4 5
4 9
4 13
4 14
5 3
5 4
5 5
5 6
5 7
5 12
6 3
6 6
6 12
6 15
7 1
7 2
7 3
7 7
7 9
7 11
8 0
8 1
8 4
8 5
8 7
8 9
8 14
8 15
9 0
9 3
9 4
9 6
9 11
10 0
10 3
10 9
10 10
10 15
11 0
11 4
11 7
11 13
12 1
12 12
12 13
12 15
13 1
13 2
13 6
13 8
13 13
13 14
14 7
14 14
15 0
15 2
15 7
15 9
15 13
15 14
42
22
25
6
40
17
14
45
78
71
46
48
8
67
61
13
60
41
27
54
3
44
70
76
55
26
23
36
74
15
38
58
28
32
57
20
9
1
62
53
19
66
21
18
51
77
43
47
29
69
39
72
52
33
2
35
37
75
24
65
0
7
73
64
63
59
10
68
5
34
30
31
16
12
11
56
49
4
50
866
-750
1174
-430
-661
375
534
0
532
267
-134
-867
1088
686
-1771
-714
-343
-1222
-366
274
-919
47
456
-1198
-1732
-1201
783
-1357
-1493
-33
-389
58
-1443
304
621
-264
867
870
-194
-437
-584
732
-133
-164
37
-639
712
119
-1223
770
-1010
-436
249
-958
-2110
885
624
-81
-347
-21
503
-280
-62
-270
1113
-700
404
333
808
-243
646
813
-1396
1068
-244
-554
467
-448
-1207
-497
646
57
149
-866
-327
-326
-968
-113
876
298
198
-1111
917
-785
-211
50
-855
83
-462
-52
-964
217
422
610
-434
-703
247
-1172
-146
336
-1629
1681
-536
-329
646
-1276
-487
-532
949
460
-1312
-1107
-1628
-28
-818
1066
972
-378
-978
788
1362
859
-1184
794
238
753
-98
-1473
-571
-143
-270
337
-229
609
149
-158
603
-1278
1037
-37
-74
943
-450
-584
-818
375
1284
397
-812
1023
89
-804
62
483
-419
34
216
729
1797
2357
817
-1089
-1172
922
-16
382
-42
968
154
-1243
395
-1200
-841
-967
397
543
765
547
-505
-1534
-955
133
-425
1629
-90
-75
815
-823
-628
-206
1003
-228
-395
936
-64
-1615
-1594
81
52
1672
-230
976
506
761
-705
1311
162
535
-913
57
-1009
-795
-1841
1067
257
-795
-169
202
785
-94
901
352
-447
846
-635
588
-495
232
172
-1102
-40
887
377
1191
461
1293
-1599
-1380
-705
-513
656
-1103
-253
308
-301
-1792
720
-325
-1633
-300
-433
542
-269
451
-710
-843
361
-152
-488
339
1037
571
-342
157
192
-233
-51
-1306
188
-1072
429
134
741
-799
-168
699
242
1544
-318
624
725
-363
652
-529
-1216
-279
-561
940
234
-885
1379
1526
280
375
-35
-376
-471
2408
305
-483
535
131
248
460
-1036
-584
-680
11
134
-1556
-214
133
1
76
636
598
-212
370
724
-70
-657
-656
-273
416
746
-1349
32
-179
152
-849
-1761
-444
-491
-1659
-414
1031
-813
-810
201
-833
-885
-576
-643
-1450
-65
1069
325
-658
-478
141
390
-1729
1296
-370
-266
-1311
519
354
1494
248
492
-364
-512
-697
1639
467
-203
181
-1008
-786
648
1368
-873
985
550
982
-1236
-224
1370
883
-719
-379
771
286
1088
-292
-361
-278
-505
648
249
197
-118
2113
-670
-540
-867
-688
246
-212
1366
-1152
537
255
1017
-121
271
-268
-658
-228
-1143
872
-3
-281
-1083
-1084
-1796
-57
-878
-464
725
-834
-1466
76
-302
-55
196
1892
-62
598
-1206
-1585
155
540
-281
815
-720
1143
1030
-1405
322
593
-19
-1159
-106
1224
-557
-673
-410
-238
861
747
-310
-157
615
1064
395
-213
-826
706
590
60
481
-493
-312
-1235
-2408
-481
-264
477
-917
1227
73
-412
-208
-922
105
1634
-1936
-94
1408
736
-1795
1291
-389
-1368
146
-191
-1062
396
-669
730
1479
428
-832
-820
1280
213
-81
-480
669
-846
-716
-2039
-957
903
1185
98
383
441
-661
-1600
393
2129
-712
-10
318
60
715
-51
-775
301
1546
-224
414
-678
95
664
233
317
188
-112
1854
-1069
255
-235
-946
262
-421
-2953
1292
775
362
235
959
211
-346
1344
877
646
847
-877
549
256
13
143
-1395
-1071
1388
840
-195
-2183
301
-1117
30
609
-376
369
520
-159
131
-2189
412
465
-55
499
1023
-836
321
9
156
1859
-1211
904
64
-446
377
527
1162
642
-1304
-745
441
-970
-457
416
1177
812
-492
912
-96
1024
718
427
-482
-1024
350
-855
448
-1239
-181
624
848
1216
665
-57
-1068
972
-630
554
674
-624
1017
1305
336
764
-591
50
590
-216
446
-855
-1132
232
471
-606
-1164
788
1042
-165
108
-117
54
-79
401
-476
-246
-1663
1727
-298
12
-876
869
301
-764
1420
939
-134
1128
-949
456
988
-490
-927
939
-586
-1067
-879
1327
40
148
-212
1452
-426
-512
-101
265
-136
-244
470
447
-807
1242
-68
-1674
-496
-910
-1349
937
-398
165
2104
-921
-225
868
1267
-112
-454
-575
40
-271
-117
-1359
-235
1709
-210
290
447
852
274
26
597
-801
-25
198
-1087
908
726
-1389
-131
-1129
1235
174
-344
-245
-426
-190
100
-180
216
-116
1036
115
-1166
107
1542
781
-524
1360
1430
-697
25
553
-672
-744
37
-239
953
-1148
980
-731
-1282
144
-57
1584
212
19
500
967
881
-324
-1002
-466
218
-606
117
135
-828
-310
-24
-833
91
-799
-1127
584
420
-763
236
-1035
-1333
83
145
-765
-1209
138
1189
884
-102
203
-1358
-296
145
182
-552
-848
-2133
-1167
-271
-93
777
1115
-1527
-922
880
469
-33
-1251
1126
-656
-178
-344
1547
651
795
184
79
-721
-952
20
17
-126
-441
-1011
323
1595
1476
-346
-68
292
-350
418
31
-651
-2205
-181
-360
-673
602
791
-362
121
-1670
49
-1250
-724
1411
472
-163
-2259
411
-1144
1431
1386
1453
530
304
377
-134
-454
-1736
71
1148
491
468
851
201
-5
-59
439
-834
-2068
926
231
-320
506
-251
-993
597
-32
-3
-454
-211
1083
-1803
255
845
409
1758
-1318
514
-284
-314
909
507
-1353
276
673
1473
583
2001
-39
-458
-629
995
1509
1719
-171
-1574
853
747
-1188
1115
52
-383
-2224
526
305
1670
-492
-899
43
-204
-710
-705
-991
920
1156
-653
-299
133
-48
457
-283
798
-479
-856
-914
-257
647
-1145
-375
-1874
-394
-1238
845
295
1087
-1112
127
-456
1988
-1008
680
-1182
-142
-159
-464
-53
1126
54
649
-1574
114
-194
313
233
-298
1676
-1008
-1293
-864
773
620
-771
-485
655
-72
-661
1113
-10
-504
374
732
460
842
-372
-325
412
1354
-1148
-383
-1419
-36
1213
1022
4
-160
-1011
-270
-723
-539
-863
383
231
-1203
608
-547
534
-748
-1392
-1051
958
6
684
-722
1420
205
1186
-1235
85
76
-404
92
383
-353
306
-426
-283
-86
61
-1222
5
-440
-175
-890
-335
-1033
-891
59
126
-662
-915
-266
717
-528
-922
-90
183
-712
-1142
34
-1780
-875
-1288
490
-473
-430
-1280
1077
-43
-204
293
1070
2039
-720
-872
1455
84
-573
548
-992
-616
-256
-875
1511
632
-429
-1132
-193
1484
319
-1947
287
636
1006
452
1122
993
861
529
-1062
372
498
578
-604
126
-1252
-243
950
1241
572
1203
232
171
577
660
812
-160
-61
712
-1501
1225
-818
139
-657
903
173
-144
708
156
490
25
1070
879
-608
1110
491
754
2482
-868
-209
1534
-131
459
-748
-991
82
-45
4
131
-1168
984
-446
903
-1228
-644
-1688
495
1236
63
-1335
709
-2299
953
297
-1072
-528
759
126
238
-700
604
1031
406
1518
-187
833
169
1429
46
-84
104
684
-253
-521
537
-1617
211
-894
295
-653
-797
48
37
-537
-697
0
223
-535
1252
-95
-543
668
1606
844
-361
-869
-834
902
-1953
879
-202
-861
-1275
-488
1179
-2306
-997
370
622
-1228
196
-169
-339
-965
910
-570
-10
2029
-779
389
-1015
166
813
154
-304
-89
-797
-100
-283
1821
-220
171
-78
37
-968
531
2001
-359
-275
-592
-482
686
-1096
365
526
392
702
693
472
441
-605
201
-34
-348
246
-524
-573
-729
-143
1395
260
-715
-371
-884
-1488
-114
525
-996
-750
-494
92
732
-111
-372
-607
1476
521
1050
416
827
-121
-436
-1416
-769
322
-267
922
-521
-373
161
-1426
-707
497
-224
-228
53
92
135
-647
1155
-142
503
-770
1073
68
474
21
-2358
-1956
745
-496
1281
-310
-1652
-839
73
1359
-1427
17
-649
-442
1433
-644
-395
-1367
-414
133
1467
1062
-159
-153
691
342
-963
-359
-285
-39
-1685
544
-299
-653
322
879
-7
-922
148
406
4
15
-1288
345
-874
-295
174
-285
-1158
-1099
1834
-1112
-562
387
-621
31
167
696
-694
77
-357
-14
-24
-534
-1677
1811
788
899
-1561
132
445
-205
703
-1376
-19
-121
-196
-1222
-283
-184
425
-31
-949
742
133
-544
-268
-1140
168
-570
-1421
-288
280
1358
-1482
-911
-334
-698
-865
184
922
744
1232
-1242
1101
-1045
196
873
70
175
-208
-1738
314
0
-332
1336
-394
-1679
-728
-453
968
997
275
125
-597
420
451
-44
193
723
1363
-34
489
-444
-296
231
-549
-1546
53
-1181
248
569
-174
1965
23
578
859
1378
862
-437
470
-859
422
-30
-38
4
-1935
-217
-1098
619
379
-229
85
-1322
1468
803
1172
-752
1345
474
693
-71
117
2657
849
444
-260
-702
-637
-1042
-798
854
654
-660
988
311
302
1426
-1133
489
243
1687
-1613
-933
-855
-364
504
497
-944
-42
1094
-1068
383
1349
-747
-45
661
-211
-26
-1483
-364
-743
-469
524
226
-115
1688
996
608
-1067
217
2279
-429
-636
-1815
388
-335
1329
-481
687
494
-1273
-22
1157
-66
-189
172
325
-1594
-76
724
149
291
-735
-914
1476
1492
-89
-270
-365
930
-555
195
-42
683
-347
-255
-838
-1465
-39
850
2116
-2068
-615
-2409
574
-506
-37
-453
519
-285
6
1221
-8
76
-1747
1892
-409
1600
738
658
893
-1403
-599
781
-1238
336
853
971
-404
505
-559
1100
1014
616
452
1816
167
-154
1075
-2361
51
75
235
-281
-248
169
701
803
-887
1681
1603
642
-421
-169
-1735
-471
701
1018
-450
530
-726
-784
156
545
518
-651
307
-151
703
-1003
-569
799
-666
203
1212
93
-52
-835
-57
-285
-341
273
-226
1037
473
645
621
-734
376
-114
117
-293
-587
-695
-403
1006
436
-878
672
889
-1986
492
39
-345
95
-301
432
-70
-296
-202
-130
-1084
-701
1075
-495
245
565
805
1011
1513
-752
198
934
22
682
-596
-869
1410
-1315
1484
749
761
-92
966
841
-555
-898
-316
-238
175
-180
681
730
-88
-1450
-2298
314
-532
-750
602
194
267
-27
593
272
58
1437
1062
755
-1298
907
1227
1404
737
1391
163
152
1802
179
-202
-1168
-706
893
1542
-62
1102
186
597
757
98
-44
-275
-1517
-66
-330
183
2
-1155
-1405
-157
1305
207
-194
776
798
288
988
1258
-483
840
-743
-101
183
588
189
-410
514
-880
-132
435
1304
-888
647
-606
1082
-202
-1168
48
-136
355
-583
1368
-642
335
-665
583
-222
395
-1788
737
543
97
-194
1165
2223
151
-421
-1368
186
288
508
-791
996
-1043
-569
-1360
74
-2387
953
-78
-739
2382
-596
1570
-55
1038
302
954
1068
-500
-539
1029
172
-1191
-40
167
-755
-150
39
-690
5
-628
229
-248
528
987
-1287
379
-428
-656
-713
-454
190
1573
-583
218
-124
17
404
-1926
-93
1096
282
-618
-290
-203
355
1682
1759
-588
-48
493
-1039
861
-582
-791
-450
330
334
17
-256
986
-411
-35
-137
-460
302
-1478
419
645
-321
192
-302
622
-711
1026
-197
1420
-878
312
-540
400
-86
-723
235
1484
1876
-815
629
-813
765
935
1340
109
25
-1528
-438
2153
-1610
61
-1177
-1412
-122
293
1127
394
-414
-892
475
-616
-1279
19
-1316
802
-334
52
258
-905
-771
76
64
-278
-1318
-212
1339
696
330
380
-220
290
-583
-311
588
-1040
243
-758
701
1033
2301
1171
719
1203
1002
266
402
-520
-256
-554
-162
1452
-950
-86
-412
-790
-939
-772
-671
-1246
-1121
330
482
439
-38
-900
1009
122
1011
-1395
-1199
1235
-617
552
276
-145
-607
-1271
77
-282
-36
-838
-1136
368
-1384
-854
-590
229
501
-228
746
1608
506
-836
-134
502
323
25
-298
-306
1382
-723
-971
442
378
283
-203
-85
-1647
928
-593
-884
543
-296
145
815
-471
-494
-220
-1239
597
93
1644
-1569
-283
-419
1154
253
-898
-229
-80
-302
-579
722
-665
664
-684
-1102
-1233
-600
-389
-480
-249
-313
1416
244
-1220
-961
436
1123
-1945
-1834
-494
257
-219
-246
531
145
-971
378
46
170
-1003
-216
1666
531
-10
-1
154
881
-158
587
330
-9
244
454
-81
-1401
170
-292
951
415
-405
-182
732
-144
-120
-404
-367
-1469
-62
-128
-485
-21
-520
223
581
997
-362
1301
712
-402
62
-659
1245
429
563
-63
-546
1169
-176
-939
-337
161
-459
-41
-692
-410
-429
336
-276
-84
427
-245
-496
1427
729
-8
-1648
226
61
284
-233
315
1394
646
-767
-9
99
34
-121
276
1408
-269
286
-1192
-1371
471
-98
699
574
1171
567
-1063
-845
-1281
-479
1046
1505
488
-432
-481
-532
141
1041
926
37
-806
896
-1091
-423
-2391
94
318
1195
584
669
-275
409
188
296
-92
457
1180
1229
-400
-1209
-959
-334
731
-59
979
154
374
-511
-560
392
-717
-287
-150
56
1035
-624
-31
-108
449
205
739
-1604
378
692
-272
73
-63
210
1071
594
-482
-31
132
1657
593
-1400
474
-91
452
-375
-473
42
-1688
-366
-971
-2420
249
-520
346
-46
1225
-159
-231
-47
480
1400
-182
329
-989
-540
1310
-233
-404
524
-223
-1896
-1683
-39
-94
702
1899
-924
740
783
1003
-814
-1611
1570
62
-1361
23
1193
-873
-1398
40
-234
-957
1282
715
813
-806
1710
821
273
446
-608
751
712
-1133
-433
67
352
613
654
-1210
-341
986
636
-265
-850
-313
-431
1311
1259
-407
23
377
-831
181
-1279
-916
907
193
1435
1642
-148
-653
-178
-758
974
-111
-689
-944
2022
928
181
1104
436
423
1413
-577
-528
-1907
2077
-116
1010
601
1118
-1980
139
1267
0
-639
553
-1483
-749
-545
-485
1043
-681
28
917
592
928
519
-785
553
107
45
-470
-1183
782
43
-379
-1106
-28
-1161
-1391
290
1293
-1840
648
-1648
313
-924
-2288
266
154
-835
99
975
-1712
554
126
-641
596
-1339
-653
831
-66
-789
899
183
823
-703
101
-1276
123
809
-621
261
-1357
54
353
342
680
-347
1345
-715
-1760
-288
345
573
-1183
102
125
-1401
1225
222
-365
-595
98
-1884
-168
440
527
894
681
518
247
-16
627
-1222
531
1760
633
-2020
255
3
-495
387
1495
-1035
-583
-1
-26
704
132
-444
434
906
-1044
682
-866
1059
2414
-42
-234
1281
-572
-313
-304
-212
446
137
-1698
536
-824
-33
1164
-226
447
-346
-1128
-2353
-1487
-418
-507
-771
1481
-909
1137
196
403
517
-145
959
56
-433
1212
587
1270
26
171
739
-841
1204
589
364
-247
885
482
106
-360
-374
189
-1357
-1113
-888
781
-386
494
-1418
397
-1095
-813
111
-122
-197
188
810
-101
-172
-253
-266
-830
672
695
1511
-737
-310
-40
-888
-409
-444
1118
-723
340
-976
-650
-231
392
766
-878
-650
-810
-597
104
-454
587
-141
-13
-233
-1302
708
605
1145
-546
-471
1738
488
550
-29
703
-536
-314
-512
-532
627
494
984
1069
-333
-474
1891
-827
-146
43
62
1796
-693
-428
839
-70
-927
643
-957
-1218
1143
323
1025
-1281
-1433
-423
1900
-649
-1246
702
-893
-70
592
-262
552
-307
-307
-376
67
-262
546
59
47
-829
750
-1664
-570
-1025
379
-456
-671
2264
528
-195
-120
506
1472
501
481
1237
16
-454
-329
724
-95
-960
735
1370
366
-1330
6
560
155
-1022
-179
463
1683
251
1370
552
215
-618
1503
-207
178
172
-227
-104
1294
-932
95
-281
-1280
67
616
-1815
-1468
-714
-528
964
-302
-57
110
1255
-1480
-833
-160
76
221
1123
-680
200
26
0
273
76
485
10
-1767
94
255
1573
-276
465
-83
-825
-1289
-1014
-969
579
9
1624
-1901
-890
941
-95
-676
262
-243
-1042
219
133
466
1500
612
1270
1363
1462
-1264
-1475
206
-791
1718
19
199
831
-304
-223
-956
-280
-236
-366
-431
-1338
-726
297
-1438
-146
38
2138
-1485
198
652
930
602
225
-1131
324
-923
132
16
397
-708
-196
-185
-1456
-259
-491
487
-227
-346
107
-768
513
-656
152
-268
13
-287
687
-614
-1794
648
-159
718
593
-585
559
302
1700
-295
-417
-472
183
772
-742
-585
321
-1176
722
-1462
-1788
-106
307
-661
168
-431
120
-2076
-209
-145
-310
-280
-495
-632
-144
573
808
-501
-1352
603
-859
441
-155
44
-934
-1398
220
401
1191
-189
931
-1097
-1453
234
1147
-143
-255
-1499
-1166
320
-19
-66
-363
1043
1045
1480
-10
479
420
399
13
-1246
438
-5
818
-1171
-421
3104
1596
-1857
-177
854
-184
-565
564
234
916
1256
-691
-318
461
-181
860
68
-853
1415
-597
567
-65
229
489
-1356
294
308
-1440
-1280
-1413
-1937
104
-1823
384
-480
-1253
-1400
196
-29
212
-568
-853
-741
14
178
-991
-1101
-850
-588
939
619
-346
-358
-99
882
-520
-301
-565
-403
-733
199
-136
493
-113
1035
-713
-1167
902
717
150
-1242
-485
-135
-954
-758
-326
-155
666
-767
451
-894
145
-1525
-172
-282
444
-1216
622
-985
1256
326
-660
-387
366
418
-422
127
-757
95
-426
151
-485
-705
-886
1135
-1191
-1167
1167
-1879
783
-366
23
-990
-298
-590
-325
552
-294
-969
-1776
490
423
-389
831
813
-1176
-937
-55
140
-275
-1253
-7
817
-293
750
65
-188
-508
-79
-679
-832
-436
39
-968
-525
-985
-374
-998
-813
426
-17
-980
-1221
315
-1360
619
-1328
132
-2219
503
249
-511
122
-575
1022
439
1728
-796
687
-1711
-45
674
-668
-417
437
-194
392
-445
-802
-1013
948
720
-1045
509
-604
-77
76
-792
444
445
-1198
-191
-98
143
1782
-52
255
809
-280
-354
1122
-1066
293
-630
628
990
1119
-790
889
-92
365
612
-928
-1323
-1241
214
202
245
1534
1282
585
178
-815
-449
-1238
-87
-769
-279
-46
-495
-718
636
403
675
-164
143
-149
13
99
-596
538
-1623
619
404
-1002
1689
609
17
-869
73
-454
-443
720
-583
-20
-101
358
454
-365
-109
616
-1290
-180
-461
-130
-742
-1222
-1102
-1297
-240
368
1146
-475
-297
-588
137
1693
660
-484
793
376
87
-78
-243
913
147
-418
439
1093
2162
342
-358
-724
-195
-698
405
2212
813
-182
-354
1595
-847
714
-278
367
-131
510
172
858
1182
401
491
-60
486
-568
1289
279
-1017
-290
-529
-552
4
-221
662
-1610
-1385
369
1995
1307
620
-233
-497
-199
-905
-194
196
-78
499
-1473
-1751
47
-123
-2
-1087
1028
323
-248
-487
-333
1432
-128
109
-566
1466
-1919
-1908
-652
-827
338
-261
1202
630
-381
795
755
504
-101
-114
1300
11
573
1414
488
1306
1233
-645
659
-40
527
627
1159
81
-1328
-880
60
1172
-318
-342
-1276
763
1193
-813
498
441
-548
-15
1222
-1136
156
202
-82
-264
-708
-1665
-474
-447
122
65
1657
-694
280
480
-2487
-1057
286
352
1661
-466
-482
573
276
-272
-315
374
-331
301
925
496
956
427
1274
1078
719
-306
-998
1398
105
1253
773
-1067
-146
355
115
-1743
-726
-1291
-1569
-880
429
-822
411
262
-766
-785
-81
819
-33
-35
-122
-616
190
-595
-590
1584
983
-854
-77
-44
-748
-1510
-913
940
141
-168
1030
-593
-389
-82
-396
72
1414
-614
619
-14
-385
-48
-254
-238
-27
-327
-304
-469
-382
-930
123
623
-2226
114
69
-1459
323
-792
9
590
770
18
-838
-870
332
1052
556
-455
-1612
-542
780
284
-1419
562
774
-927
-1970
-154
-383
-1369
735
-858
-348
1318
113
614
587
904
189
-1043
-625
-1008
-519
152
537
-693
-1174
-825
-407
231
-377
702
-1916
-1580
-1283
-1139
366
163
1237
1353
-549
-1081
-1009
478
11
516
-122
-1049
-1132
57
-1149
-117
-254
-408
-41
29
2350
922
-306
-788
-716
407
396
-341
597
536
242
-985
-811
-582
574
416
-257
-2421
849
996
1674
-1749
-315
-648
-891
504
1659
-253
618
381
538
27
301
760
-1733
1074
285
-448
460
1820
-30
-600
-289
552
13
-258
136
1745
672
1379
-214
-663
-223
-523
-1513
-245
-262
878
-277
-1649
142
-686
-1414
-467
-507
328
283
-1149
-879
270
1240
-1707
-747
-110
-297
-540
-1322
-1314
1837
-524
-315
-333
-903
890
-693
-216
1749
431
844
1430
844
-564
185
-1595
2469
213
-1589
1630
-1441
447
-809
-1552
664
-533
1957
-1083
-266
351
982
118
843
-575
619
516
-43
-436
1635
-1758
-807
687
-598
751
-537
-568
-74
657
-314
2030
-964
-374
-459
895
-277
213
814
21
-837
-15
122
355
1182
562
-315
434
-350
473
1021
1473
1360
1513
591
476
-1344
-429
655
485
416
-130
54
-1826
358
-1125
464
-303
-1330
235
653
406
-1135
-537
325
1231
948
2267
484
82
210
309
642
-110
-690
-762
-108
944
-502
-1145
214
981
-386
663
80
-335
146
-2959
861
-738
-61
248
-280
-1439
-1160
-63
-188
504
-221
-76
1276
-724
332
-715
-358
-79
1632
-498
-509
-318
492
784
1624
-226
-174
508
720
30
-685
387
2275
-723
61
-783
-355
-87
676
443
-1232
-146
-526
741
-994
1278
1268
-1940
-139
-275
1289
-724
-1510
605
683
679
-1502
-594
319
3
-51
572
-499
435
369
-1420
775
206
-183
-369
-625
-53
-74
925
-8
1047
-623
1151
1426
-196
742
1783
127
-1367
-986
-167
868
-64
731
924
-889
-1415
-1941
66
79
-92
-1571
-614
-612
-176
861
869
276
1418
160
-561
385
-53
-945
59
-438
-405
538
-443
209
748
-365
-70
597
497
-74
1061
229
-255
-1181
228
-533
-395
-252
-1222
-149
192
282
-328
-464
6
-191
-531
536
534
63
-625
-48
-1213
-1309
179
-51
-182
172
-122
392
-1160
-24
539
998
519
701
116
-935
-351
-600
-57
-878
228
-901
133
812
-1530
-1277
1420
962
473
-296
-123
-796
786
59
527
-950
328
258
324
-40
-1798
34
1087
365
-641
-1436
166
291
21
-498
505
-1132
-543
39
-1395
-171
-939
363
119
944
1786
965
-124
-175
-246
-1454
709
1053
683
577
593
-1299
-510
-1274
515
-1112
361
1009
-198
167
-1088
452
-397
1058
-485
-383
-1024
-933
447
-698
-288
241
1480
955
-1005
357
769
89
-292
-47
33
-711
554
635
-871
1848
544
647
152
-142
1003
-909
323
-1198
-1639
-36
719
-99
918
-283
514
1589
310
-724
-276
366
-224
-82
-1396
109
-617
1163
1406
-406
75
57
313
685
-503
-1632
-354
814
183
-1996
-391
40
889
425
-40
645
-363
225
1563
144
-2083
-879
73
-1022
547
-778
178
109
-102
1538
-1109
-189
-992
1154
2042
-531
-635
609
-686
-1138
1002
642
1485
703
-379
259
228
1031
-6
-1645
78
52
1344
-717
484
963
-364
95
-348
-950
564
924
371
-456
-186
824
754
689
1387
678
-63
-1903
589
38
184
-398
278
329
331
1058
-865
14
-806
-982
-759
772
-1100
978
397
1054
815
703
-1196
1033
-110
251
1169
-173
451
-247
37
-152
-600
-71
-112
1132
84
420
4
-429
269
908
-1352
-747
75
276
-370
783
735
370
674
-504
92
868
718
-1098
617
-196
742
-1485
209
-91
-104
96
-899
-1669
-576
12
586
739
-814
-1189
-1622
-552
279
1322
-865
-1532
181
255
272
875
666
426
362
-657
-456
331
516
231
716
-530
-409
994
81
865
530
614
157
1176
-1849
-609
537
763
-1119
51
-119
2163
1350
-972
-1585
1536
1367
61
-1281
826
529
-1619
-1507
-91
621
-1368
1751
-153
54
-857
370
-624
-971
-946
-18
776
143
-99
-357
291
88
1014
1399
195
386
-1302
-1863
-982
803
-176
1167
-1323
511
-1110
-625
906
-649
-1901
1268
-822
306
1294
891
-1158
-53
1721
-208
1111
-340
-1155
-611
102
-29
568
29
-53
-589
-390
-605
628
-2962
1874
79
1007
198
939
-1955
-803
66
1014
-1208
17
121
284
368
782
-58
-158
-1363
-1258
-1617
833
-402
-196
-963
723
-183
1129
1876
-813
952
2276
-72
313
869
-932
230
444
-513
-543
101
1164
81
229
-483
167
22
1002
1723
-788
126
-112
1209
551
-390
-231
922
156
1004
499
-239
155
99
1473
-537
-1412
-1426
-781
648
-532
1020
1167
907
403
-302
415
-459
-327
265
2037
-273
455
-223
-1571
-684
951
-361
273
944
628
165
522
-529
-1569
1143
2294
-159
670
228
963
-737
-347
-146
-1482
-84
-1143
-327
1813
125
-2327
67
-570
-867
740
-137
125
205
-832
-198
573
-64
685
-243
-188
-1238
-423
666
-723
524
612
-339
-264
203
-687
1037
-753
-1078
127
-1127
2361
-410
-484
-241
-109
-1603
208
-168
560
366
-451
-752
-277
516
-1511
-245
-219
46
874
429
234
1044
-475
183
-261
36
240
-480
79
-561
-449
-2082
336
353
-516
-546
-24
-1266
-862
86
107
890
-599
-889
1114
-1738
579
-741
710
-358
156
1203
-201
1880
2801
218
-1275
376
-1786
-139
-1503
171
-32
-804
23
-306
-57
-404
158
-90
-531
636
-1298
1437
160
978
337
1545
-449
74
-929
-1439
-991
263
-616
-740
-1453
-1148
-517
-971
271
-200
-777
-1121
120
-627
-455
363
-1245
-1037
-1168
248
-2319
284
624
-1106
317
-509
-378
-384
298
894
-933
1723
-70
1216
-794
725
1770
1975
-1132
1929
535
-735
1286
-82
283
215
-115
45
574
-1248
-1582
547
350
-919
-1508
-210
-941
729
204
609
66
369
451
-1489
258
225
-954
287
-881
-1008
33
-1351
-2123
211
691
-331
-965
-35
-236
343
-1462
345
-546
226
552
-196
14
14
409
-566
438
619
-653
-1271
554
-1822
-611
1074
478
891
-1278
-1091
163
145
562
773
551
-1255
763
-292
-779
549
118
175
-327
-769
475
867
-879
1137
1123
1046
-201
794
1321
730
427
-824
1121
180
363
635
1383
-128
543
619
1727
848
-269
345
-418
158
-1
-27
370
-220
-988
583
965
-900
-243
784
459
-58
747
-969
44
63
-16
297
-456
-999
-1566
-81
1872
806
571
-497
-1238
-416
191
167
143
584
-273
1128
-1203
1076
454
1023
-2555
-223
1163
546
-640
644
197
-1436
-295
-151
-1534
961
-1045
-1255
-595
980
-134
398
-1586
-119
257
450
-298
-116
-887
1206
643
-499
187
-416
1608
-1137
-27
539
-650
-227
553
-361
-299
59
-225
1529
341
-467
-307
-183
489
592
599
333
-863
-436
203
-1586
1327
-1052
-127
28
-303
-1583
-1187
-530
1499
852
685
616
-432
-887
-539
337
138
146
-740
-391
-5
-884
-774
1128
-15
-1651
-325
-205
247
-795
489
-1097
581
-198
-672
-19
-1744
922
865
-1222
2390
-116
-1487
-1185
685
-729
1317
1198
601
-491
-880
649
-699
-281
267
65
538
19
-1188
-764
-590
548
849
831
-367
348
-408
-1514
-536
975
-862
369
567
-61
-9
-163
573
-447
1310
710
-156
-1845
1282
-127
80
800
-636
597
-909
-166
-84
759
-19
-958
-932
-232
1138
214
-197
834
891
-329
645
-1547
155
-146
569
608
-665
361
-857
-71
-191
-185
83
-271
1798
2306
-2041
530
1820
-603
-35
-40
-1311
958
68
-645
-1134
833
334
620
880
-249
556
-475
-1477
273
-33
775
75
-856
-5
-291
-1025
-101
783
-339
-733
350
954
282
648
128
-181
714
-523
-605
143
688
-1236
163
-1033
959
391
443
94
233
203
-891
748
-1145
139
752
-252
1189
-1934
-672
354
-426
200
-337
-1152
539
645
-5
-538
-23
-458
-1207
273
-842
1611
599
1041
-2328
370
-526
1497
382
-39
-716
1018
555
-824
1086
-1775
641
986
2178
-150
1341
-925
-863
-128
834
-113
-712
61
370
-1018
166
-907
-584
-1474
759
170
-13
-316
168
-286
-96
-227
-1150
1003
-403
-1181
29
-542
318
866
-1352
-672
-74
-952
10
738
22
-138
-206
277
931
-1042
930
776
1488
-857
-210
-363
-1021
-674
-1813
-594
-33
-730
-433
75
1025
-731
370
602
-523
111
-2137
532
-877
-1085
-548
1118
1156
-363
-1121
-459
-791
171
-754
910
-121
33
959
787
-559
685
282
307
855
1448
-511
-12
576
126
98
-337
291
-840
-85
-1042
21
363
881
-305
207
-98
-456
676
-1064
715
-505
-175
-1859
-209
-381
-110
-587
-391
601
-1068
-1041
-432
-1333
423
1365
1469
831
-675
1110
-456
-603
194
114
893
372
764
-120
-77
1115
599
-1725
-686
772
-653
-1200
-1429
-999
-529
-367
233
-53
1507
-326
855
284
-239
559
39
1131
7
-1234
-1001
363
-476
107
1052
-92
-465
1395
-1920
248
300
-27
-63
-1822
158
-840
1291
457
-644
382
492
151
-935
532
579
-272
-473
-350
-506
-69
975
-36
-2
136
-842
631
-1301
-766
-390
439
-369
-869
267
-1492
-706
1306
424
490
347
-179
-429
91
857
612
-2951
665
699
96
-604
661
548
204
1266
-164
-337
-5
-715
-119
1338
-668
-794
-483
-158
22
311
-222
1376
629
-1744
-695
1155
-1167
-394
358
338
325
-763
597
470
274
-434
-1096
768
1283
-163
1225
-391
4
820
-614
681
-863
-161
-1341
621
-155
-291
-879
199
-149
49
756
-1043
-858
-916
-1222
-1052
1247
474
-60
1033
-351
57
410
400
-963
665
-695
-727
-1097
496
-168
397
-325
1324
-470
-896
531
-155
-389
-505
517
-1382
253
-206
973
650
303
614
346
-1528
678
-165
491
326
-1846
205
-113
-730
159
203
347
-817
532
-583
683
-534
-847
1243
1048
106
-1103
546
674
-654
-197
62
472
-208
-445
2511
-365
-163
-975
-236
-1456
-947
-9
-848
-1348
534
-696
826
107
931
1243
-636
-780
-1691
-505
343
-671
1001
54
877
219
109
-898
-882
-94
-422
1824
275
-778
711
-766
-161
-823
854
485
-579
768
-41
-1316
1321
-64
924
-1319
2
-803
-415
726
-921
1163
446
-708
-259
942
-430
-161
-386
629
191
162
1021
266
1050
130
676
196
460
-1188
-1286
330
-566
2376
-1275
-612
970
-905
-223
618
-1074
-1284
-1747
5
439
-256
368
-329
1023
678
1532
-823
-192
76
-379
940
-248
-26
-636
186
-1019
779
-1265
-1181
-1154
-504
78
-960
-246
991
842
-736
730
767
-1673
-311
-846
1507
-622
-726
3
96
485
258
-1205
-128
-100
181
116
-40
-1831
-977
-100
50
180
400
-1908
503
879
-446
-564
-228
-162
-747
-1100
1077
846
534
-692
-129
-222
1868
-523
-70
2114
-1228
-668
-788
-859
-207
-49
223
-2
266
-751
801
966
18
852
-1044
620
-821
658
-766
-1215
-767
972
493
1088
649
-726
1928
-1559
19
-196
-347
675
-554
1183
47
105
152
203
516
2380
-1456
728
-491
101
-486
1670
101
498
-1269
548
815
1174
1462
1203
-909
-246
-1133
137
-650
-74
-95
392
-1391
-771
776
-939
-543
-180
300
-175
-611
995
156
14
797
-551
114
-965
81
869
799
-74
207
-289
-858
299
883
1763
1259
35
-1269
-144
953
-156
716
-924
-981
-596
1193
50
1766
687
-479
133
118
441
377
-607
389
-396
1262
950
440
-628
367
58
1806
267
-117
-43
-641
-1042
874
1031
430
452
-862
-74
-30
25
-3181
-645
-764
366
-429
925
1621
404
-664
1848
-14
-360
198
402
131
376
-786
-810
-605
1489
-76
1536
-507
530
-1054
171
123
-645
182
-521
-207
250
-217
1063
1084
-947
-979
-1522
1236
-271
-384
-1107
-652
357
424
973
306
-798
694
216
-297
640
153
-821
114
-581
-168
-758
-1386
783
1775
-272
359
-240
-32
370
-808
46
718
1303
76
381
40
978
-386
-949
852
-570
827
1078
-1062
-719
502
737
-292
1220
22
200
-637
1237
1928
-322
-630
141
1004
1274
-192
-631
-474
-391
-558
314
926
-1552
-247
-1423
1125
-46
-31
-769
173
-302
-189
322
843
1269
-1147
-598
-28
-29
83
1588
1139
196
1063
-44
-934
-1128
565
-811
375
-323
619
-1165
-313
616
1584
593
-531
2687
-218
277
1541
-673
2175
695
-982
726
-1500
829
-613
-247
-1537
-130
-346
239
-359
689
-409
1330
334
850
131
-1095
-568
-1554
-930
358
805
-732
1069
-828
1228
-325
850
-61
-928
6
-234
-188
332
137
602
-166
-638
54
-613
709
-1527
245
1578
481
-148
1006
-392
-393
-308
812
-943
-214
764
-1001
-243
1213
604
-187
-390
-1887
344
406
-305
491
1836
889
-1284
268
1599
-965
-141
-221
-1693
360
-127
-492
1698
806
-109
212
-42
120
478
-2673
-160
1639
-1354
122
530
881
957
557
-939
-907
-521
-728
697
-403
-97
592
700
-255
-256
392
184
9
-102
1604
184
321
654
-649
446
754
1519
-207
1012
207
-133
-1032
-797
921
-1047
473
826
-151
-1454
772
174
447
-773
-600
-75
-915
1633
-644
284
409
-1296
-1163
-1044
-452
178
-192
-601
438
770
-1026
1106
29
476
411
537
119
238
574
805
549
-1054
833
659
584
-547
-99
-495
-1144
1555
932
893
-295
924
1857
-1528
-1272
179
-412
-39
-1449
149
-864
-1401
1657
1079
-406
-575
1911
1005
-1628
-6
-1061
-770
-939
228
487
-86
-265
-1306
1376
-1149
-314
-1217
-76
463
-584
1831
941
-1612
673
216
-969
399
-792
224
1891
179
1921
1322
1133
1147
207
167
1064
-198
-399
31
57
950
599
363
967
-493
-160
799
-98
-11
12
940
845
198
-364
-344
46
-1197
3
-351
404
-182
-886
-275
-48
102
-596
-75
341
-138
-1357
-634
342
562
547
-328
-458
-179
-111
-633
113
-1026
50
-1564
-923
443
-226
-1634
623
333
-734
108
335
88
-237
-571
-122
-80
1954
1659
-893
1752
-734
266
-2008
-701
-1622
846
175
876
142
-255
488
742
-908
157
1425
-875
449
-825
-1100
863
-352
1240
410
-754
-499
58
-17
79
-359
24
-779
643
-562
-1019
-70
-56
-842
-436
1332
591
586
-37
525
-296
160
234
-933
1003
1021
-1111
764
1383
-244
-613
974
-756
1020
-15
-1245
1692
485
1608
-511
-801
-770
62
1340
312
715
-669
854
-244
-307
952
85
395
-370
475
742
384
49
1424
950
-1299
1672
662
1680
-755
-129
325
153
666
-448
543
-306
234
1009
-233
1654
363
266
-1085
-427
-960
-251
-1269
-1368
0
-735
-1386
-233
-62
558
-959
-988
-778
152
1183
-576
-938
952
-712
845
69
1007
557
-188
227
-449
-56
-864
0
-1183
209
-1016
8
631
-2365
152
-803
725
28
-546
-261
-319
75
-1445
442
-548
-502
-1370
751
-792
-1605
22
415
-464
29
538
969
921
1466
-575
-875
-547
607
1281
-394
-468
-687
-731
-748
-1232
225
-932
-1331
53
1038
-1250
282
-1058
310
168
-172
897
10
-258
950
883
118
1725
48
1590
-398
820
730
-937
-1430
219
1100
785
736
-293
-2243
373
-2131
-215
-2136
-164
102
1624
-930
194
-1803
-339
-781
192
-1451
193
-1062
29
703
-598
-1436
119
-204
-1494
52
-473
125
-1092
-582
52
-838
-214
1085
-1962
-207
186
-329
74
1166
291
1400
858
1098
-1056
-27
1805
611
20
-507
280
-415
-271
1532
668
-1849
-628
1449
-965
1772
615
-653
-525
-236
-1840
215
410
1120
1320
-821
-1892
212
-1102
-368
-1378
-905
-1302
-297
1911
-983
1117
493
-1156
-786
494
-567
663
501
60
-1010
-758
318
1119
651
262
-268
-872
-47
-231
1128
1035
-1463
-472
-703
-122
540
-285
-655
-626
-255
880
212
-635
-209
965
-21
-1298
442
-95
-539
565
665
110
-294
-1554
-624
406
-717
511
225
-1311
-1036
881
431
-982
-444
-485
2234
-270
-384
-569
1142
-11
11
675
367
-1380
806
-14
-297
-306
1267
-350
-148
-810
1570
93
1631
434
-470
395
-1070
245
46
158
549
217
-542
640
307
258
252
-1218
-922
-705
35
242
-1204
-377
876
-1468
327
722
-724
402
1295
419
250
698
-1302
978
1929
-682
-1155
-1045
-693
-239
-913
357
480
1080
139
757
-1612
263
-954
-1120
740
320
719
-1174
694
559
-409
876
-1133
-1263
941
-176
258
1011
554
1014
-807
299
1098
1824
904
-1659
1619
-675
468
903
-79
409
-4
-400
455
-1398
-97
-1291
1480
1255
452
-620
97
-1221
265
-921
-1096
-64
-238
-1071
26
-210
189
83
1515
-67
85
-639
-401
-50
-117
676
1106
482
-568
67
-808
-407
995
-161
-267
287
898
28
-1865
857
-72
-1088
-527
-428
390
-890
467
316
-357
-680
54
1009
106
-782
-600
-133
-14
-907
217
918
-658
165
-707
-765
568
141
-612
1412
727
-2
787
354
-847
-124
-42
455
482
274
-382
-115
-868
499
223
2526
215
569
177
-942
407
428
-697
-178
-1406
878
1054
-245
220
98
-1146
2116
1649
498
-598
-492
753
135
430
-647
518
-55
146
-1157
132
542
-519
-59
-750
-1691
-1835
-246
-420
593
-1221
-1115
-2120
-936
-1227
95
939
1294
1678
1721
53
-585
1189
-1067
-919
275
335
181
623
-567
1702
-635
462
1437
881
-1408
-398
-303
-252
517
546
-10
935
-643
962
1220
22
723
1132
1177
-1
156
9
-1270
-930
1066
-869
-874
-382
-10
265
-567
-355
-1248
-1097
-736
730
1911
674
-479
255
-1152
558
-146
-706
1291
398
-1118
-1536
56
-831
920
644
-512
633
-58
1182
-393
-68
103
63
-394
-1307
-1241
964
-601
82
-399
115
1378
-164
654
-91
-970
-1156
1240
-427
-96
808
751
-220
-857
-305
1111
-69
-290
426
714
-912
-761
1337
742
881
436
116
1192
-792
1965
110
47
-934
895
129
-702
1443
-501
-356
300
-817
1825
-285
490
1485
-791
-1563
449
-1091
600
152
1393
134
1466
1605
217
-220
-2157
844
180
-432
-1033
-877
-1165
-531
-659
-191
-34
1256
179
747
-653
-601
-340
-2098
565
-861
439
-1735
-841
287
346
-215
-6
492
589
310
852
794
-449
-504
-179
1295
-170
-1003
355
-92
-510
535
277
1186
-120
1244
-1731
-1019
-105
247
-924
17
-1369
920
-211
-64
153
522
1374
2065
-966
-175
184
785
723
-390
-587
297
-36
210
-1905
-848
55
716
915
1294
737
-717
1096
-474
637
993
686
-634
-8
-284
-176
-311
673
-995
-1269
-526
279
-423
123
-1192
92
-1313
385
93
898
-439
-781
-155
-267
-410
-1022
-1316
559
553
-712
966
1585
58
-396
-20
303
639
-419
916
697
687
244
69
24
-389
-496
1950
571
1727
1433
-806
488
873
-161
2197
1438
-1028
1470
200
974
2268
-140
-448
1076
-167
122
63
271
198
566
-1143
1413
-734
297
293
-44
-87
-1073
1724
209
-773
-590
-859
386
1204
-300
4
-1273
689
357
429
-416
-7
-424
404
1235
1135
-1032
-3
-438
-1196
-670
906
-122
-1057
-240
-1285
-1396
-989
-1579
-1118
382
2061
-622
-1683
1212
-319
-351
1128
-236
-55
901
-771
412
985
-60
-708
391
-812
-499
1400
-13
128
656
-192
760
745
213
972
-161
202
2062
13
1120
661
-1123
661
-1285
-347
-694
-731
-239
-274
-1001
-1006
216
-56
258
449
-123
-285
1343
-363
1182
-423
243
916
65
-317
388
8
-852
149
595
-286
-217
117
529
-1365
-227
1369
-121
218
-569
1060
-510
-188
-452
672
-501
878
-1100
-939
-689
-746
-518
1084
832
623
1194
809
177
806
11
-1471
-675
1076
-1156
-395
1035
1038
-573
1461
57
90
1806
1422
278
-166
446
-202
-792
-15
-148
1368
-661
-1286
-281
490
21
-949
-790
-863
-128
694
2353
95
226
-133
-436
-722
472
-371
-21
-609
-61
788
617
572
-244
985
1053
180
-440
-2043
-80
-877
-1424
599
-181
-1371
450
453
140
-319
-1288
-305
1840
-34
-592
762
-53
-1529
-132
344
824
-1192
166
861
-34
252
567
-155
318
122
355
1933
287
-1191
-113
428
-818
525
462
291
519
-1110
77
1497
301
679
107
99
159
1039
-649
-445
1352
226
979
-1295
501
-217
790
586
2052
-1553
-525
-1445
-682
1154
-200
95
-1837
137
-1078
-2146
265
376
-289
-703
1012
-503
285
-1148
1258
-30
-299
-453
650
689
-754
-369
330
1443
619
381
-39
-186
149
-1112
-188
118
1426
172
-764
524
529
917
-223
-503
-120
143
346
-588
-1780
-829
-384
-1323
-5
-745
2237
-957
684
126
-540
583
965
-622
-564
12
-1411
1523
-38
-469
743
-195
-1143
434
1148
33
1483
-164
-110
-640
-906
-870
81
-49
-679
-655
-1216
656
1750
1637
770
790
-383
-435
-103
-573
589
314
-910
379
359
2278
629
-830
-1850
37
-141
1377
721
497
-325
663
272
-73
-175
1937
1542
653
66
317
-125
1171
40
-15
184
-198
-919
382
447
766
-300
288
428
404
617
-606
-12
-1522
271
1605
94
42
-40
955
233
11
-430
-599
-291
945
-25
-1413
-368
-2513
274
374
1282
1015
2221
-815
-455
-253
-937
-906
141
445
-583
-1213
370
1112
-650
165
99
347
1337
-742
219
1644
37
667
-52
945
1136
391
-1262
194
838
489
713
-1395
578
872
376
8
240
-1257
-438
232
-156
476
-1145
639
-1136
-1081
430
297
43
-518
-606
-609
-107
-27
1473
-1644
9
1559
-615
-147
-687
84
-564
-171
804
19
767
1796
-96
-641
76
1926
-304
-1821
1240
2231
1164
787
-70
38
-130
-134
308
-109
-71
-619
-486
-624
-132
297
-355
-347
481
-66
483
-33
-288
-618
-269
336
-310
308
45
856
96
-1024
-802
-540
595
252
-1860
-750
-484
1338
-196
1505
-468
-771
703
-615
-542
-719
-1579
-856
-980
-1912
169
-1570
414
-213
-1601
-302
1130
-964
255
-487
-870
-723
775
490
867
-198
-640
1218
-6
605
380
-1297
-175
389
-574
-486
-573
-49
-810
1300
658
-873
329
1145
-1143
-113
-206
116
1181
-1989
660
-911
-1730
157
-9
413
-467
-545
-1327
832
2121
1612
-80
-1782
1844
-1403
-744
283
516
575
702
-873
677
-423
-366
446
944
-799
-1153
245
674
1036
1794
501
2916
-763
1126
55
-330
655
720
-585
-2819
-889
-229
1395
754
908
935
-340
-477
634
-665
570
-300
-767
-496
-157
675
-538
-159
-239
162
-324
1333
-61
-122
-666
188
-542
343
569
2085
907
315
-1182
154
626
1283
117
153
316
-413
-743
-1613
810
-423
794
-1129
-442
-293
-3
1183
711
-563
-947
-832
329
-760
219
1022
-258
1633
113
886
-440
886
443
149
-1689
953
1026
-627
1500
-442
-874
293
-1322
915
255
-419
-1445
-1667
1222
298
-700
-1319
275
1388
-208
774
-1100
-1113
714
1817
-1880
-740
-1498
627
160
-71
501
-695
-1376
978
589
1915
239
748
-516
1378
-448
-1120
-219
-1054
326
-507
428
-2325
835
-648
-1642
-1096
-587
106
752
-672
703
1085
-2427
2152
-150
-77
-300
145
-212
-810
-430
1057
-172
-539
-63
510
285
-1921
-1414
560
-309
-278
-929
885
323
-587
1084
-1099
-453
-343
13
-621
-312
525
978
1403
-667
756
949
810
658
858
-30
-188
593
870
1620
123
1
-489
1645
931
-119
-459
906
-988
157
-343
-386
428
-772
-407
-1249
1083
-230
1428
-960
-40
-576
1260
-869
-89
397
-197
-75
-431
-481
-1368
-1821
-50
-470
984
40
160
1392
314
422
-324
-415
150
-34
505
-871
-397
-311
-1196
428
2236
80
-330
-631
496
228
1389
-914
-1140
-147
-1303
1078
-1323
989
-1258
-213
1469
31
-116
-1765
292
-1020
-115
581
-1285
818
-261
1034
656
253
-629
1364
635
541
34
-471
-588
459
-526
13
-538
-136
462
1558
366
644
-113
633
-363
-219
-1056
106
-340
-1482
40
308
1299
980
-2817
-425
963
1174
-478
-44
206
331
-616
-210
-1912
-28
-1191
-717
1750
1123
2044
640
199
368
2514
-906
-451
876
879
-931
-83
-199
1352
532
-569
697
-230
358
729
-66
-973
-275
-1180
304
17
1409
-906
-975
280
-1066
71
-207
-206
-530
895
-806
-116
-241
283
-313
84
386
-330
51
-328
1512
605
231
1042
-1255
1550
-346
1300
-199
2001
648
-589
-839
595
-390
-353
-721
880
411
-928
570
-993
-756
52
-1239
513
-419
-1051
1265
905
313
-1808
986
-246
-1447
1400
-1044
55
852
1475
-965
-573
2206
-844
65
1041
2372
1630
281
393
1235
-183
606
-1615
-726
1117
-1190
286
405
-298
-92
399
-551
-189
116
400
561
-151
44
-1017
-556
-76
38
967
-11
-267
1052
488
-38
-246
818
-329
916
-97
274
-1507
1065
1402
136
836
-1656
118
-1625
1152
151
583
-154
609
-1554
-159
551
-283
1638
20
-288
-1315
288
-1019
271
-421
145
906
-1487
-602
2249
971
-341
-499
655
489
-199
1040
1016
-471
-594
-701
-1530
-646
-699
1584
-355
-387
1038
-850
-97
223
-327
-307
287
-1035
1935
36
1505
445
971
-721
-1
-511
28
539
-604
337
-418
545
154
-309
507
-373
1776
1122
459
-563
-226
-806
173
43
-617
-893
-150
-740
2200
-778
1056
441
318
-556
-890
-472
253
81
889
-42
17
-358
768
-1508
-312
82
1407
-217
-114
40
-322
-638
-175
-518
534
792
379
413
-843
1287
30
-1775
-1059
685
-725
986
-705
1634
1503
-104
294
138
-82
144
-361
-8
613
248
-451
1027
779
-452
-1314
21
1041
-375
-1145
7
-228
832
-681
-1303
484
-292
-146
-1953
-703
-414
-588
-416
-583
771
400
54
660
25
148
80
-12
326
-446
440
1155
1438
751
-1195
-493
-750
2208
-962
-4
-1534
-262
886
522
-219
568
-2301
600
-798
142
-1022
679
58
-817
-564
894
-1350
194
-1313
485
-933
-730
511
227
1543
218
-1017
554
-298
-625
472
838
-778
797
-936
-277
-451
-1052
270
913
-801
-1038
92
-160
1183
668
1555
-694
364
-944
-323
2192
-944
224
-12
690
-1106
-355
-495
390
66
-98
-1598
-534
-1023
886
1244
-285
-1028
1208
-902
1356
1070
244
-1599
-759
-1113
1052
-1498
1140
123
-1043
-299
658
-60
-889
561
342
-687
-84
-898
-280
390
-685
-12
836
-80
-1106
563
99
292
-542
-891
-698
-362
341
421
25
-1060
-229
1420
76
314
-212
1247
218
-400
3039
636
529
-317
-548
-699
6
-386
-643
-246
-789
-499
-819
1000
398
1264
168
1297
549
757
1143
-295
-95
361
1187
-601
2
2067
-1125
2106
-621
615
4
-123
-163
-611
393
-216
1171
-1303
792
155
-771
411
304
-1860
481
-612
-22
-271
67
-719
-1080
-402
-1217
-700
690
-499
-421
277
1284
-637
14
-902
-464
449
1288
1291
1042
-1582
-1201
822
404
139
-710
922
811
-660
-1440
1260
-668
935
-749
-1004
639
18
530
769
-239
523
791
-136
-341
-69
107
-1474
-733
1088
562
-580
-588
-687
475
-167
-236
-1085
1290
-559
1421
703
350
310
1048
-760
150
-961
238
904
1224
-466
1016
1141
-462
-1789
807
491
-179
-909
550
80
98
164
-103
216
-377
-709
-251
-829
251
-1467
-325
-830
-231
-125
-112
863
478
567
-404
-2422
558
-876
-131
-672
-582
57
208
-61
623
-1954
612
299
57
1107
327
-697
186
-147
799
291
-782
471
252
-739
-772
918
-54
792
-646
1187
-1111
-946
-1918
-416
708
-935
-129
1000
113
-1697
601
-125
-1083
-537
-383
181
-1821
-1463
1141
1157
751
170
-190
-745
1583
-952
69
-1388
-1223
295
-57
-1599
384
859
-173
-1906
-1336
-723
153
-273
1214
364
-66
387
931
-447
-299
-748
1169
-1131
-469
-2455
723
-658
194
497
-236
791
-1652
1512
-1517
258
922
-748
-332
1377
145
431
-558
1022
543
-415
896
522
-140
294
511
352
1231
241
640
-604
1939
-790
-1049
942
1437
-66
16
-597
-764
1013
-266
-456
125
813
841
-932
-781
-1063
-368
-755
1018
-1019
-1305
-847
152
1190
-495
3
1435
-1183
2032
553
224
-615
651
-504
241
-227
965
310
-1242
-646
874
741
836
590
-792
-771
1619
-150
-771
550
-944
-59
1273
-586
-346
-70
-756
347
1040
-258
208
291
2388
901
1054
-644
-79
-448
967
989
828
-522
-1792
-163
1353
873
-326
260
-320
-917
-48
730
228
339
216
302
325
1764
-1039
-98
-850
37
-372
713
675
660
294
671
283
-383
431
-1152
-35
1056
424
-1790
-1483
604
226
2468
1079
-46
-958
255
1120
205
234
996
-1396
-296
-4
-215
-459
-1011
-573
-1292
1195
731
-1205
194
1316
-1620
752
342
941
497
-1045
805
-636
-134
-190
456
81
93
-1330
-1123
400
-664
784
350
-955
569
-1075
207
819
1787
-215
-951
1521
461
-78
362
-75
-425
363
-55
-1068
-448
1008
264
-130
-554
-284
920
-1337
647
-356
340
-1286
-533
-542
-422
-1062
-436
-383
569
852
-2352
23
-187
649
-60
-1000
351
-44
324
-1044
1299
428
931
-1487
827
777
712
6
478
-736
567
-122
-120
179
-507
-267
-300
-239
876
403
-587
243
288
-544
-773
-835
1026
454
-353
-273
1761
-847
3
-545
-761
-899
-868
-406
-252
-476
832
-501
-142
-473
1161
-382
-327
1328
-142
390
-704
-647
-916
162
-531
-454
-394
-363
-3
692
270
1105
768
1288
359
537
1693
520
-662
-1472
-1089
1107
744
-370
1044
958
-22
1099
100
844
-25
-1410
-101
1548
-549
568
-712
-921
706
187
-1311
-673
90
-1187
35
10
-819
-726
782
642
-521
-1042
-771
-384
496
267
-1291
553
524
-216
92
-246
-646
1264
203
243
704
-253
-999
1062
-613
-373
1496
757
721
30
714
661
570
-863
-289
529
-319
-185
799
1359
-92
616
132
68
2146
8
-16
-384
-40
282
-151
249
1246
-286
-902
667
-221
-978
-1054
-968
43
-1483
843
289
599
-209
-175
362
585
-1658
701
-381
740
-874
-97
-337
1214
176
-548
-69
-801
1345
220
-670
617
-162
60
-376
-123
-726
334
1495
-317
-449
102
-67
-252
-796
-1640
-1926
645
414
-1115
532
246
-335
401
-212
-758
-256
1581
1587
2275
-2331
-408
473
-187
-53
-739
-186
310
-311
868
0
-245
-481
1212
-95
-1015
-201
-105
661
97
-241
138
598
-1417
-294
371
-698
27
545
884
1095
741
-810
-98
1880
-307
1295
-327
-517
-150
-447
-747
964
154
-88
1095
-518
1418
-1382
2187
-448
-287
-1067
-858
856
-670
1036
-1182
584
629
-388
-4
-652
-288
-1327
-183
209
806
-578
1118
2119
162
-418
-383
-587
454
308
62
983
384
516
33
-583
-955
-76
-717
975
-1204
961
-1290
693
635
-731
-935
-636
1760
-91
-1090
-577
-1215
108
1530
-419
-512
-665
-553
1407
-36
2133
539
562
-509
-993
1071
537
-749
-564
-324
-113
-65
-518
394
611
-677
-308
-236
159
-514
-110
-691
-1383
-660
-226
414
553
-191
-1547
-422
-177
148
369
-23
-125
-259
-8
-180
-1197
-914
-725
438
324
-734
-574
799
-558
1112
-219
42
869
888
370
912
329
1348
-512
1894
-721
1852
614
-458
-128
-371
484
424
-1586
-1484
-1701
889
-790
-424
177
-1206
-175
-1076
192
-542
-149
-646
-1496
399
74
-1179
-2324
-132
-191
366
-366
901
675
117
350
1075
-245
330
578
-379
279
966
-1282
-1965
889
-754
10
593
374
-73
116
33
115
645
135
127
-249
149
554
564
-1057
-278
-24
326
-1177
-1166
-557
-412
1927
-19
2206
660
-569
808
1596
1239
441
-647
-691
955
683
1501
354
-1590
560
193
-60
437
1180
678
-430
848
-668
981
-100
-286
390
-492
-283
-53
-316
806
-1134
-2294
-479
-1334
-916
309
271
-1522
901
75
-37
-226
39
-558
-712
-133
241
810
-403
988
328
-146
430
632
-742
-741
-960
-286
317
1095
140
1199
797
439
486
-507
-696
505
-464
19
-746
-265
-1282
552
81
545
291
-232
-2307
-638
124
769
866
-227
-1202
-794
-1115
313
865
-741
-437
690
503
1395
673
240
130
488
-101
371
2031
28
-303
483
90
-467
437
1703
-756
-878
1254
2418
-186
-1481
-721
-1630
-325
-163
-413
-471
576
-209
-1882
539
-162
1529
440
1928
-188
-234
-1111
664
894
323
438
-427
-777
807
-358
-877
816
583
515
1822
-259
-1655
672
-340
943
-1910
-394
40
996
-653
-398
-803
289
434
-167
-1464
631
380
-543
416
405
1333
-1090
-883
-102
932
682
-238
202
37
-399
-791
710
1380
747
-950
202
706
-367
1435
-38
265
746
-1853
715
162
1065
-210
-358
1060
-215
2106
576
-476
-1132
1502
180
-816
1139
-6
-466
-1668
-219
-218
-199
-199
649
-312
-1743
-742
-580
716
-395
-747
478
713
670
-459
44
1292
297
2248
602
-629
-608
-756
-31
-473
-93
-106
148
592
833
461
996
-97
-628
-806
147
-212
-379
187
585
-750
-1029
-433
609
-562
-377
-92
592
-213
-2068
1429
1173
168
-521
-1615
815
-784
-503
560
-313
915
457
-254
35
-983
244
781
-1772
-877
76
1336
799
1290
-47
492
-793
-425
-398
-123
-1199
425
-19
-201
658
-477
74
1057
61
-550
270
872
-1611
-231
-243
-941
-238
367
159
366
1870
987
-1328
-61
-1085
-79
495
111
642
207
779
1621
-2064
-1091
1250
173
-250
-202
562
-682
1777
-956
20
-712
-848
18
-196
274
-214
483
-680
374
-2716
88
-840
2010
-849
692
1089
57
-1025
-8
-147
-260
253
-814
-195
-171
-771
416
-257
598
-708
-1435
-114
1270
215
147
-892
-861
25
661
-732
-326
466
-1891
-164
506
1511
995
69
-36
322
351
436
-988
-869
-191
-1000
-860
897
-395
1214
-2489
-493
-534
-424
474
-1100
109
-97
122
-294
506
-223
-1184
1659
-280
1569
-1267
509
924
-344
724
944
392
-106
-343
629
1079
-1077
641
264
-31
600
-333
-634
1004
-547
73
190
15
1193
11
-868
-53
-1184
13
-203
511
-465
-651
-1168
1116
143
1643
-781
393
424
112
-303
-161
-826
-717
-1058
885
-595
-522
-382
-410
-1582
-1095
-1716
-1378
1457
-574
927
802
-1192
727
-1239
-147
-1202
-588
-665
24
234
-427
-906
-860
-1452
-705
-394
571
608
1158
761
-1719
1576
334
-1101
-16
210
-120
2918
-213
-1512
169
145
396
-2967
-1175
-1281
-400
844
-168
-12
420
-648
263
1189
-1417
-799
-1017
-224
449
1039
-308
1100
494
705
294
279
608
-842
366
1130
104
892
835
-1304
-643
5
-437
-75
-336
-868
-335
1050
628
538
542
-202
90
-1180
776
-541
-747
399
-420
1717
-1060
-58
-278
-656
451
57
-304
832
-1350
-370
-232
377
-260
-383
15
389
1066
1075
1422
-248
931
88
-797
1157
-587
484
793
-577
-1362
-581
-264
1405
436
-7
-1244
881
-845
590
-1150
1631
-401
77
-400
-501
758
-13
-348
312
162
-18
894
-668
388
380
370
-369
-253
402
-472
-901
850
-463
474
-58
-1326
1903
-1182
-312
-322
-272
562
478
74
796
951
184
-1176
1093
211
384
-179
-7
-1368
-577
1089
-226
-792
53
-1076
-2073
-841
-18
632
83
-580
45
-180
165
38
1228
-727
-632
977
268
-845
130
-1073
-761
498
907
-386
-614
-430
-685
387
85
118
-75
40
624
-99
-478
-658
1477
354
-529
260
382
118
-229
238
-419
-240
-303
704
-414
1382
172
556
-144
248
827
-175
-767
1113
1178
-190
862
2048
1872
312
547
508
194
794
-389
-698
613
1362
1251
-1044
-1117
1854
-1394
-638
449
-1231
157
371
-1864
1823
-926
-1350
-513
-634
449
-462
-697
-52
687
597
323
-223
-212
1061
904
683
-723
-83
-346
-574
-1734
306
-68
329
-119
224
-250
525
-1562
1020
-575
157
114
-411
-1041
-583
505
-224
-240
38
1621
-828
-978
-467
-961
-63
701
426
907
1105
842
1020
-809
1362
-1307
1580
826
1151
-568
-189
412
231
581
-883
493
-944
-807
-851
-302
-21
78
599
121
-195
-957
-462
1320
760
-1383
110
914
868
-1378
1427
-1014
143
2146
-70
458
-159
-394
356
-224
-559
454
186
177
371
75
-1514
-931
-461
1046
-854
-552
220
172
-479
215
-44
-707
365
66
-833
-108
-1906
1068
-1020
-521
843
-233
777
1439
458
-121
-26
-1118
907
116
-722
630
-660
211
294
684
215
412
-406
-606
-2221
-32
44
-132
-223
-1170
-751
-685
308
-592
-9
405
-639
-639
-824
237
-113
-236
814
947
82
268
590
-1360
-1238
668
-1293
441
454
572
221
-837
-456
-630
-696
55
-1345
-390
202
951
271
1263
1558
162
-827
-1380
-1448
-231
1413
592
259
-471
-672
832
925
-566
-474
-450
62
192
282
207
87
-61
-387
-292
-1536
1661
-435
-535
299
-423
208
-657
34
54
1239
484
-1683
-572
31
550
388
-1124
-34
-1613
1073
1279
1510
405
343
-1205
-103
-210
-3122
308
685
-1745
-499
1397
159
493
904
-1515
1120
883
1024
1151
-463
267
-388
-531
449
-1079
-379
-675
156
-352
-1197
-225
-1256
-634
-143
-452
-798
439
778
616
-449
-950
-1541
-671
-35
107
-343
-135
740
-110
-706
482
186
-3
-1004
1490
-790
648
-1068
-526
-642
-182
211
-682
-133
693
-137
-195
302
87
486
-206
-478
-591
