46 61 900
0 1
0 39
1 13
1 25
1 32
2 14
2 31
2 44
3 18
3 33
4 22
6 1
10 10
10 17
10 19
12 0
13 13
15 1
15 32
15 39
16 0
16 32
17 2
19 26
20 16
21 15
22 6
23 4
23 18
23 35
25 25
26 23
27 19
28 7
28 11
29 11
29 23
29 30
29 42
30 28
30 30
31 27
32 6
32 28
35 5
35 20
37 23
37 41
38 10
38 17
39 4
40 28
41 18
41 34
41 37
42 14
42 31
43 43
44 1
44 38
45 0
40
10
44
12
27
37
9
56
51
23
25
26
52
58
35
28
29
3
47
17
2
0
50
54
20
19
32
34
11
60
46
48
15
7
53
38
43
1
22
24
33
4
45
30
55
16
14
36
18
5
13
31
49
42
8
21
41
57
59
6
39
1352
-396
-9
955
98
438
-8
-426
783
-791
-1238
37
238
-616
457
-1196
247
1011
976
380
-1514
1571
-2320
-466
1203
-893
674
-788
-2221
610
1708
1326
270
612
-80
-579
-464
175
245
-66
482
-367
1053
1068
590
88
819
494
-931
-5
-1784
1022
433
762
1061
-344
-71
504
280
-52
-986
819
-290
-532
0
-117
-286
-1221
734
790
-209
740
806
562
716
1218
132
-560
-17
1157
496
754
410
616
817
3
-1404
-171
393
186
-957
-86
651
-929
-822
785
124
-208
-283
-117
1534
-498
1222
-261
914
-323
888
1987
670
1048
1325
-223
-538
410
1081
-1999
646
-205
1958
26
-199
612
-797
-2120
1752
685
476
-801
-621
864
-396
-679
-1654
-890
-2504
568
466
-731
409
754
-854
307
-824
-148
-1310
1368
269
-200
-183
-1052
420
-455
-210
-1428
839
-592
-619
-563
-362
-606
-280
-127
824
-1514
615
1647
-268
-563
613
643
-83
1056
-983
1267
341
-344
433
-7
-190
-860
-1050
708
147
2098
222
-130
1468
-351
1703
1297
359
-948
-1444
-57
-708
692
422
-312
-300
1290
838
478
410
219
461
-1704
112
-350
289
1481
-812
842
513
1209
-281
781
-894
1435
899
1156
236
-974
573
-2883
-917
-1009
1630
1913
351
-316
-506
396
834
-19
-1218
735
-299
206
684
-890
109
1346
140
-2
351
30
-428
1077
138
290
60
426
-1440
-1178
-605
-838
-1414
-1432
599
123
-846
160
-985
13
1044
643
791
-1525
-345
-167
1003
-824
405
-1246
1623
1370
-565
-210
-731
-62
-397
-79
110
844
-476
-754
-674
112
-1393
272
-597
143
1443
-305
1109
-322
-436
3509
165
1809
729
926
-1508
972
-598
-479
1445
15
7
-55
748
-728
-33
724
-904
-566
-1295
-433
1460
-1335
-739
629
-197
509
251
320
-371
-184
389
-109
-771
-1694
-1083
-380
-765
-1217
-784
80
-261
-2397
1562
946
-1723
8
-1442
1103
-1348
73
-394
952
-635
-700
-533
-2552
-170
-59
1422
-1473
-419
-347
-698
-28
-632
-557
726
859
-318
-1554
359
782
-757
-1431
1085
282
-839
609
425
-900
736
776
-1164
-1353
-851
525
952
460
337
-810
853
776
-1257
764
-1392
711
-810
-1278
-229
-945
141
-387
-1392
246
-587
111
38
-421
1063
1923
629
-578
-766
-806
343
691
-1512
-2173
1010
-540
-155
1305
560
-260
-508
-542
-152
-1563
410
928
-1785
643
-443
-633
2991
-157
1138
-759
961
436
242
-4
-643
-622
-1625
-708
853
-1558
359
79
2
1634
-1023
550
368
68
-490
2642
400
-835
1253
-35
-1147
-121
-482
-538
1024
-1484
-400
899
-41
-314
198
-497
-134
1390
441
1062
-1131
1000
474
35
-2542
706
1310
1184
-318
1006
186
-684
1569
608
-938
-1140
-735
-1106
1265
308
-1028
845
88
249
851
-82
703
-396
508
-379
973
94
-360
43
137
-55
78
108
849
-580
-572
-412
-809
-901
635
-448
-437
-891
-865
1531
751
1851
-1099
653
-42
-1727
462
-49
-543
678
-1091
771
268
-1511
-1047
298
966
-617
938
-634
1113
622
721
60
109
-627
1147
599
987
512
1179
-292
2515
1353
-482
-108
422
281
22
-346
-218
1654
817
1076
-276
2020
-181
212
-529
-732
852
-918
1326
-4
-648
-1357
614
-906
485
-715
-468
-176
159
-130
-396
-1268
1681
230
208
-29
-990
-585
568
504
-641
-367
544
-161
-1009
856
874
318
2458
-1036
561
453
-556
787
1472
680
1274
-2521
-184
503
1472
46
1085
-2734
623
-333
-537
-1167
114
-914
301
-728
823
-854
368
1594
-2250
-719
965
-173
5
-1758
-1461
626
528
159
-325
427
496
546
463
-1201
-427
-1056
756
265
323
-482
-1091
-108
-515
660
-246
-255
-383
-1000
-266
-692
-1002
-147
662
-86
-335
-1119
361
-1021
506
-220
911
-1539
1056
-570
195
-2203
260
-499
-973
224
89
1664
58
-92
-116
717
-1120
620
-968
270
-2040
-54
-64
78
505
18
-82
-685
-73
-137
-448
-268
-643
-697
594
-45
515
-422
-1163
-524
976
-1488
-3011
1108
1063
399
245
78
1038
-1944
292
-1377
-937
-1703
536
1630
-931
-628
616
25
39
1221
3
-847
-1379
144
385
-784
-133
2101
1049
-181
-1679
-72
-62
188
-2
-1921
-1207
1130
-356
-1360
-1276
1409
-606
491
411
-1685
-37
746
-274
1394
142
-847
-1847
57
500
-742
72
444
-475
1026
75
-763
149
109
9
-329
186
676
-1317
-1977
315
1409
-491
-548
-815
1509
-1553
661
455
-519
258
392
-667
-1013
-240
-261
349
1251
1115
-277
502
-444
-625
-1429
616
115
1669
253
-1836
256
449
743
840
-81
2027
-459
425
717
196
-337
-758
265
966
-177
726
420
85
-279
307
-255
681
1307
-271
922
-287
516
582
-358
-819
-268
392
330
1306
2125
514
170
-509
-307
-522
-1384
-162
626
-49
722
165
1728
-1281
-407
500
-383
1279
141
968
-687
848
-488
1531
-1597
340
105
-1120
-695
576
-222
231
-890
-1274
-1335
883
-1105
1009
-39
1286
700
366
5
-368
981
-31
758
1658
-2148
-240
160
2
40
1573
1266
-1258
-748
1034
28
353
-659
-962
1139
1255
467
-259
-293
322
-1617
-2055
711
-487
221
-748
1536
-1948
1740
-173
2582
-1288
413
1213
-639
381
644
748
352
154
815
56
-1448
-282
-1214
-78
333
-970
799
1237
-1130
317
-174
-1114
-1173
1121
-802
-368
-1369
-214
965
-2317
-486
389
935
-515
-1804
23
-116
-216
-216
503
697
-957
956
-1896
-609
208
-512
-1149
207
-1163
-1321
-803
-512
1096
-978
-566
-527
339
-764
-1460
-688
-398
-66
416
588
-5
-365
-640
381
-264
1246
1597
1889
-273
620
190
-588
-84
-433
228
-595
897
254
-364
59
2376
-941
-979
-923
297
-616
1086
207
-792
2235
-785
-1424
380
1333
214
722
-61
775
-625
-407
371
404
-1379
-1506
-958
-243
323
-1757
-1103
1220
945
-611
-173
28
740
404
-224
-1279
-109
1838
-189
644
1133
1008
302
-1297
667
-910
1392
-2129
-1496
260
752
-900
-299
-728
-519
325
-13
-261
763
-153
-1027
364
984
84
787
-339
-314
-891
1165
1335
-843
1918
-777
714
403
-96
1290
-1180
-1047
-952
150
664
-1022
-357
-1293
323
2926
1877
-1047
234
-294
1425
744
287
221
-626
-1374
-482
1868
790
713
-616
831
1465
-1019
1017
-405
798
-183
2232
-1160
-1266
759
450
-1134
66
1339
357
1019
1075
307
303
582
-418
-118
-76
-1041
-280
1491
1714
431
570
1666
-303
-114
2115
-452
258
-1515
1853
1895
-497
-381
-447
-359
-337
452
282
1531
1455
542
619
652
-1120
-19
-596
-537
347
1393
-239
-503
280
-1572
-961
-1473
-287
12
-650
-476
422
-1138
1289
579
1548
-520
901
-399
-659
-529
455
588
-434
959
-65
-1127
490
-1924
921
875
371
-1751
890
-31
-472
-1
703
-385
-206
2018
-869
-336
472
-589
-378
-1784
1860
-1279
1064
-419
-689
149
-413
-1117
1307
-845
-888
-313
1688
2036
-1136
446
-1138
-725
871
99
648
705
-260
153
597
234
-361
1237
396
1783
-449
211
-301
-772
-339
849
-1103
-1315
1123
688
1388
395
180
718
-678
-148
-653
2240
563
252
1563
1303
964
-643
-1177
-901
236
-1579
1874
257
296
221
398
-1227
-348
-1161
1065
-512
545
-572
-378
2249
858
450
-806
961
402
11
-1408
-1587
-636
865
-259
-211
-1258
1125
-1891
-564
1207
831
-479
1059
-1822
-432
1380
-308
-737
-552
-487
129
1116
-218
-1174
97
-531
-1638
-1346
-907
66
-797
1590
-1447
570
-992
-1492
29
578
-1214
623
704
-656
46
190
695
682
-245
1979
58
314
2012
-45
-1474
-203
243
-1137
-435
329
893
1128
-1764
-61
1156
-67
422
986
-278
-1
-43
-549
-250
-1366
67
-933
947
-297
382
1142
-345
1290
425
152
641
892
76
-8
-663
-467
366
-83
660
941
182
1103
-542
297
1539
840
260
-397
-954
-504
-383
268
-387
814
585
346
1252
1432
-1416
-1755
135
-1158
1180
1100
-210
835
-509
636
1161
-318
58
-147
564
-462
1450
337
533
-769
-269
124
-1322
-998
616
-333
-254
474
-1802
-1335
-1076
-1833
-459
-1971
286
-247
774
-767
-196
17
55
960
-135
1002
-964
-937
-384
-2
836
1527
316
205
378
-139
-1380
618
-535
757
867
-674
-325
-124
-333
-749
2383
336
-892
-2727
1096
68
866
-512
1135
1295
1191
-377
922
4
-1167
-894
-89
-779
274
-698
2265
648
-19
36
749
120
499
-1015
506
984
-683
231
-1375
634
547
-685
-898
706
804
-750
-526
-924
56
1596
-1552
-654
906
966
-146
212
-101
419
-216
231
-1438
220
915
-1008
754
-1187
148
619
-171
-1947
56
534
-1467
6
-711
-945
303
899
-1163
13
205
-630
-1410
1048
-36
1328
-1013
1009
-581
-1234
-89
-1041
-1128
-285
762
-120
-100
-255
-28
727
1608
-168
971
193
2247
744
-453
51
1191
21
-404
902
690
-336
-1223
1137
681
1550
1580
976
-1305
685
21
122
-1749
382
694
924
-960
-671
-269
-90
1131
73
31
1034
-339
193
-1214
200
1026
837
401
-169
-352
-697
400
-280
-1152
574
736
-258
283
559
303
304
358
-136
1892
838
533
-1945
-793
1326
141
1536
-397
862
-666
-1020
1178
-128
-464
-1831
-731
-876
1976
-791
1335
-527
-1461
-1157
-859
-355
690
613
1320
75
-579
-614
19
-1775
92
-365
372
-120
-845
-5
-276
134
-354
-586
645
72
192
361
-815
-210
-633
735
1126
-46
105
-602
-652
-200
0
-570
36
669
1982
-58
110
-156
354
537
146
-1739
1580
353
811
991
-490
-999
1038
1239
-1573
562
852
500
593
-857
383
500
-193
549
838
1000
-689
-961
452
-415
-135
-644
-184
288
-626
606
494
54
-2338
6
724
1994
485
-680
553
-693
-688
-170
-293
305
-145
-644
625
-613
389
557
-619
-416
-950
-144
875
-172
425
1565
116
-1458
1340
217
-7
388
1246
-838
1824
228
1419
-243
-105
-854
-145
-1169
-1728
21
168
684
1733
437
956
369
147
-184
-515
818
-19
421
-111
-1507
342
-379
-1137
-326
-370
-862
-539
385
136
581
-1060
-39
497
-334
651
624
-855
116
-2099
1585
287
555
-677
928
256
66
-954
1767
90
-1041
437
-6
-195
-682
475
469
1651
1370
-2271
741
-113
-737
452
-1063
-316
-162
62
1043
-359
-1306
1188
219
-1346
426
588
-392
1291
-746
-924
1242
549
78
-1167
-1151
744
-405
-189
-356
675
-254
-921
-630
735
638
838
-204
456
2095
663
496
-903
-1291
194
-1418
-920
-445
-26
-788
-1361
117
51
618
366
1102
-145
315
-1253
-62
-66
-60
800
2089
-505
1154
1527
238
-830
427
1268
-917
363
-1069
203
-785
-215
133
-30
146
-1107
-536
409
-109
488
630
839
1181
-670
-447
-23
1202
865
1147
-153
-608
431
336
1026
-1493
-1795
-2359
155
175
-533
-488
-189
151
-222
-703
-1144
484
646
-1072
1487
184
806
-8
784
545
518
-808
-722
796
1718
988
-1073
1043
459
-264
498
817
617
481
1051
2
212
-205
747
-424
-1991
334
463
-294
630
-393
-918
-845
-1494
-868
-793
702
1281
760
50
-288
1953
182
532
-18
523
510
807
894
505
-1099
-212
-34
418
657
-290
171
800
1003
-231
-751
-447
1114
786
428
793
152
-23
-1076
-212
-1487
-405
3
-283
-396
-1352
859
479
424
-1651
-608
-1676
975
1040
-269
888
-52
1148
-140
-1268
185
-1153
567
578
-863
555
929
333
1079
476
458
840
-359
597
-491
-217
-767
-1535
964
1457
-1031
-780
133
290
403
-6
-249
-985
-831
542
75
928
50
-958
173
-433
-259
408
-883
-173
431
1704
-1439
-140
-398
272
202
491
1251
522
575
-1038
-504
638
-1076
-1362
-1725
877
952
-452
1391
493
452
-112
-758
209
932
-1095
-561
1
-2006
469
-1712
-146
-148
350
-93
-2068
-729
-507
-70
-57
-656
-755
523
-1656
-941
976
39
-964
801
-768
727
-2423
-53
-77
1481
326
335
883
-1292
86
-958
-327
-178
-278
-471
711
78
-1430
-1270
659
-1366
-1665
-1009
581
-934
-1471
-1947
114
674
649
-1346
21
672
-1929
-270
-805
-1852
-286
1134
-505
-7
955
-48
692
-933
-1095
984
364
-793
305
-172
-1240
436
2463
-175
-571
75
1217
-1467
-924
1447
-1150
-1225
-600
-671
1064
896
-755
-212
-179
-322
289
828
-334
-577
-1002
-1189
-305
2480
762
1422
-103
-603
1133
542
1393
-420
15
-1607
-305
-1674
-688
-432
100
1256
398
-1114
872
-507
-311
387
1214
-805
1609
-408
775
1237
302
1059
234
1333
692
-597
-667
1235
-340
-1510
-44
-1175
-79
1432
-298
-281
-935
-544
-120
1629
-1094
511
613
-514
62
439
-225
-881
457
-194
1041
-758
-159
-434
466
-1137
832
-33
1176
-759
1252
-939
-2548
-311
1522
86
-45
943
-1593
-350
-502
-44
-357
-298
1121
-540
1385
522
-225
1116
-185
36
753
917
-250
1404
-333
-806
304
-1469
1635
-381
780
447
-196
1411
-1107
-127
-472
190
-728
-156
-827
942
562
428
1424
-1598
1043
-1898
-456
-300
-708
366
1187
1087
-1301
12
-847
804
-825
-680
-841
-62
-1516
173
-279
462
635
-654
1084
353
475
329
-362
-854
628
13
-448
-470
-1229
-1709
-775
-59
-138
1026
-339
1030
-390
1384
-230
836
-1270
1162
-1581
-359
403
-189
637
-730
-1623
-43
-544
381
1187
383
1635
-34
-1596
-542
-1348
-737
311
-205
-194
1084
-341
101
-827
-610
-603
1837
235
1278
1018
531
-626
328
139
148
1171
-28
-65
-2214
-1074
-631
1274
408
-654
2383
-53
237
-571
78
-1354
-720
2483
-1640
1915
145
948
546
259
-815
893
-451
-843
1282
1157
-39
-172
-348
315
-1526
-864
-1795
-1030
-118
-1573
-418
1011
-939
778
-794
600
77
-1805
638
725
-732
-773
1113
-625
553
-388
1156
857
1045
82
-806
703
602
583
6
430
436
-9
563
25
476
247
-96
150
-798
-1134
-271
1355
1779
-61
-392
-70
589
-1599
1518
-670
-408
-1558
499
-809
-202
1243
198
85
-380
1533
-1
-804
1620
-640
-189
1002
-2184
-201
1036
-1960
-457
913
1642
-33
-622
1605
54
226
-148
-330
80
146
2040
1089
1628
180
-1369
-19
151
-200
-2273
424
-281
-581
456
598
-1204
1393
440
784
-499
-1728
45
264
410
750
1946
214
1266
1290
2115
-1748
-280
1045
834
-1712
-150
541
-233
100
896
-1040
1385
1789
156
-1123
424
-154
361
-3
-190
-2019
229
944
-1280
562
-254
-339
653
-946
263
535
987
1324
6
1400
492
1
414
1080
509
-1387
576
-1360
-1392
145
-1434
901
549
-8
1277
-650
-1106
-366
-7
-337
2069
-353
1044
542
183
1167
-1167
1673
1082
15
-421
747
300
-296
-925
1056
-224
-299
-1001
-461
-939
-585
-537
-239
-1636
463
324
-537
877
-553
-814
-556
-308
71
415
-510
19
939
-1777
1015
378
-772
-342
65
1351
-302
192
-848
-1692
570
212
-458
25
-470
1238
705
1386
-477
993
-86
-738
-1026
1692
-581
1669
-77
933
1033
73
52
-1220
-232
-2109
-829
-382
451
-390
-572
1469
46
-1553
879
698
2116
-435
167
1713
-1242
-469
-670
-223
1501
61
-1105
1011
2490
674
75
652
224
587
246
886
-885
2
722
1353
-839
-399
-1027
-116
237
1006
-382
380
-344
-1722
-250
2697
-708
-1882
1767
-521
338
374
744
85
1773
788
-517
-517
877
-753
369
-1052
2553
671
-71
50
284
-862
-1804
2003
558
-686
-1346
-682
-366
-172
606
1009
-257
452
675
-82
-379
-173
797
477
-508
-293
-89
-1785
-533
-570
825
-691
-1560
-208
-56
-514
-526
-152
-630
125
1153
871
1492
-777
1345
342
285
-514
1161
-237
987
1328
1722
-708
263
126
-775
668
-628
-470
-284
-99
610
-884
-544
-124
-1810
-1829
269
548
350
-332
-957
1136
269
749
992
966
-131
-828
-229
1664
707
1487
961
15
1306
-1230
-53
-2134
2377
-521
177
1137
-486
-1050
1350
1041
-771
144
1
-1048
371
-617
-132
8
781
74
-421
15
-80
854
-1139
-134
-1353
-430
221
321
-1188
-434
864
763
378
701
-319
-908
56
1059
1116
251
1103
147
-284
1607
758
3059
-139
-180
1151
15
937
401
-494
1604
571
-533
687
-924
502
-699
-815
1613
306
166
-629
-1154
-154
534
-235
61
-1403
1332
-1168
-690
-773
520
932
299
-1057
497
59
366
-787
-459
-27
736
1606
-778
-935
-591
635
511
-336
662
950
-864
300
485
-486
-141
-1039
185
-196
313
1760
-869
756
-175
-1565
-100
-410
-1098
1269
-252
107
729
1001
-347
-712
17
1136
-1534
1176
-866
-87
584
1234
352
-1254
-263
-53
-913
-415
-586
-620
1104
-1365
127
-937
166
-385
-3096
222
-12
374
-265
205
-187
-99
1305
-94
-654
345
-1291
-798
1307
-444
1152
196
1041
-575
-551
91
-948
1149
171
-2
54
359
538
344
-2065
-161
-1093
-1689
-56
-484
324
792
-1046
363
853
-479
-125
313
-259
978
-1414
782
-315
-2523
-1256
928
663
1416
1512
-891
76
3
-32
1621
-512
537
408
765
361
-164
1293
-1848
115
1011
-440
855
-610
-1386
189
1864
147
-339
82
821
-340
-751
1149
-519
-243
-328
275
-1317
-1235
-567
-157
-361
-285
1597
148
1560
-679
449
1129
-937
-419
-751
-133
-295
-1248
-1804
447
-310
-435
18
-617
-2793
633
-2000
113
-58
-1900
1200
310
-257
181
97
-409
-156
632
-665
949
-97
450
174
-392
-596
-1173
922
-395
304
123
435
551
-102
-47
430
-809
-1340
48
-417
435
-921
-2399
1232
-699
340
-1143
-428
-1214
-137
-94
1786
63
-559
-610
639
-1011
1773
-906
-469
1041
-670
-1053
-557
411
-720
1030
-42
95
-2046
-97
-58
-351
-1355
526
-283
-328
-633
548
-1002
-772
238
-1105
-324
-771
203
-714
892
-1121
-2536
-636
68
967
522
2225
1384
-844
199
-1364
-1920
-1185
727
1673
2360
374
667
-851
-229
-908
953
308
-922
417
1854
-764
298
-437
-714
483
513
-1164
939
677
-244
-946
-215
-751
-578
-169
1101
-76
114
-602
348
550
1051
-881
794
-1384
67
-869
-769
-2180
1257
1090
-316
-896
-314
-227
-1665
490
-82
1159
419
709
1773
1661
174
1653
-802
-871
623
-856
-1795
-306
1070
-936
461
-361
821
1356
-408
241
530
422
1525
-2567
-1087
-1858
747
708
302
813
-294
474
88
1083
65
-187
611
276
-497
242
-313
-581
-1583
992
-985
-728
-783
-1073
627
-1013
-150
-404
-1006
1601
-1568
477
484
-1124
1858
327
-723
223
1027
-456
494
870
-440
852
220
530
-62
1475
1372
1291
-1131
303
-786
1021
-194
-84
2259
867
676
-625
-836
1066
48
1118
21
-1416
850
1454
201
1475
-279
247
422
759
-795
190
-999
96
-403
-804
-103
23
627
-1654
216
163
880
436
-224
-890
-2110
436
354
1481
-1204
-1245
-1069
2610
-369
3
977
-440
-1684
-348
201
-154
450
-951
332
-617
737
-585
-819
38
-77
1355
-735
5
-592
-666
-215
1137
1701
-1162
-582
1383
-178
-1852
287
145
-628
-380
880
-907
566
992
786
-2290
-828
-1
805
534
785
16
1190
-1073
-297
-1518
-50
1879
588
6
606
739
-192
-739
557
-1900
645
258
432
333
-103
323
295
-1396
51
-1458
-224
-10
-418
-103
-113
-578
-1803
-405
1256
-1228
922
-584
-280
-283
-464
-792
1625
187
637
-1108
30
428
343
124
-11
-1256
-238
607
-1095
-337
-64
513
353
-325
-138
-694
-1256
643
-337
374
-447
356
-694
-719
-191
350
-3
-541
-24
-536
527
1656
-1143
-653
862
128
-462
517
-622
155
-1101
-1508
-925
-952
398
-326
-6
99
-587
756
-1320
531
-307
-119
788
-338
154
-188
1426
-439
895
-897
591
2214
556
1856
443
-902
-747
672
308
459
1040
486
81
335
-586
-259
628
450
-313
-1318
556
-588
168
-2249
-1075
70
144
1716
-417
448
-20
-899
1061
-1557
-483
806
-1496
-169
-320
-1342
-578
590
-661
422
1643
956
-648
1493
228
1357
-608
1079
476
221
-1383
-316
1502
-712
-384
-314
-313
-885
66
704
-20
189
-522
2327
-992
-904
-566
-1854
420
914
527
-61
612
2889
-375
274
-319
-2974
333
372
431
-826
661
335
-221
33
1748
845
813
299
-368
499
-825
-1530
-547
37
413
750
178
-772
-789
-1507
9
-1219
124
-426
-48
164
189
-183
609
1134
864
1115
1129
670
-297
-718
3082
-629
804
-610
328
1166
-685
-265
2267
195
697
-27
-714
1398
-890
-1608
-1121
121
-1569
200
1028
-1863
1303
581
79
-345
614
-1244
183
-837
-801
-361
1069
120
562
453
-206
-389
1082
976
-330
-260
-1415
-113
1288
218
1787
-264
-606
490
-275
1471
-311
-42
-453
554
832
384
531
969
-440
997
495
-342
-22
336
-1209
615
-1006
712
324
997
416
-1516
896
941
-720
119
984
15
-349
-1225
-1851
-1648
-433
137
-498
779
-1344
-753
275
1541
-1296
334
528
484
-139
515
-313
-859
37
-1370
1582
2844
-328
491
-10
256
-8
-150
1483
-1287
-951
-1437
367
1094
329
-896
-533
-1551
-386
-1286
126
-582
-942
183
-411
-580
-647
-2272
994
303
-482
940
760
291
418
-821
281
-671
789
-211
207
-57
-2280
1112
-273
633
-961
-615
-753
1605
900
-885
-950
2650
1255
-751
207
26
-1069
-374
-826
-1013
-845
310
-1020
458
-362
-375
-1356
-642
-453
-271
837
-1273
1226
-312
-1431
88
1410
-815
-623
429
83
-1451
1199
-652
-1434
-87
-1862
-774
-490
-499
792
2403
670
-809
1133
-2319
915
-509
776
-231
849
291
270
-190
621
-1056
73
-326
424
-927
75
-219
633
193
-211
-1376
48
-138
-379
-270
497
-1265
-11
939
731
-715
-190
-97
548
774
69
-855
620
1253
-175
-1345
-1299
-67
-1655
1132
485
-388
65
-61
-1136
-1138
-274
-459
-490
-1090
-72
-416
-294
-1310
592
-208
1365
-132
-404
-1825
374
753
-486
-17
243
109
266
-241
536
-502
556
-855
239
834
1231
596
-729
1734
-807
-554
-883
-1050
-243
-490
-91
355
1064
-180
-411
354
762
-350
1152
1561
566
-109
-75
678
-658
-1
-681
1678
-1076
1042
-1599
-425
889
530
-125
195
1108
-1138
465
200
1099
35
238
-480
1893
-530
-363
274
1304
175
321
-119
-642
-44
10
1071
519
-541
339
722
-1350
-11
116
800
686
-132
-777
284
756
1063
1118
100
30
549
-2752
-6
46
514
-780
1776
-1752
-692
-452
-524
504
-750
441
-619
1638
-911
-843
-876
-877
11
-84
478
407
197
-788
372
472
640
-501
-558
921
173
483
635
-183
659
-182
-2028
449
-264
-87
-1811
-257
72
719
-784
-92
1625
1131
-727
139
465
178
-263
-611
-1435
-559
690
919
-892
1808
492
402
384
-396
704
-1433
-561
86
331
-1167
-1029
-845
-141
831
-415
611
-1443
-1576
-1415
-1588
850
-26
-1063
140
353
-1580
-126
-848
-994
-998
690
699
1030
147
8
-349
-123
-1103
-72
-239
374
-62
75
-571
378
603
-40
-1051
1331
-116
683
-495
-726
551
-535
-26
-599
-285
-502
791
93
529
-1934
314
230
-950
1137
-2292
-401
-57
-1919
946
-284
-905
908
1815
777
1095
-411
-461
-437
1093
-707
1539
200
424
203
-452
1775
-776
945
-439
-689
16
516
259
-407
61
1720
-1406
-967
759
137
857
-93
444
-112
289
143
-503
331
-246
1187
-293
319
-695
555
-1038
225
432
87
583
-680
-577
305
680
-282
1101
836
-71
2395
312
-603
77
-206
-1162
792
-913
361
-162
-1240
-544
1994
637
87
221
52
53
200
-264
-365
-749
1390
-233
-123
1458
349
-2014
76
337
620
1015
1258
-1208
382
-144
1139
-1126
-1781
421
-899
-661
-88
107
647
775
-876
979
-610
336
1025
1238
-356
317
304
-171
1164
1206
-1673
-196
-542
-1025
1632
78
-781
1010
1054
2
-1036
376
280
-656
1686
-126
105
-1412
-2734
267
274
857
1158
-532
605
107
96
347
-144
-687
983
-68
729
-356
603
1426
-360
180
1066
898
-149
-418
-454
1612
1726
-518
-2325
612
-730
-1687
443
1148
295
-845
-1427
-1945
-1300
-1623
1094
435
-28
873
-471
-1914
-447
977
-554
1318
871
640
936
227
675
236
142
-1310
-1179
267
1073
-218
-154
1041
-948
-825
-263
613
6
1458
689
113
-493
112
-827
-993
326
338
-143
-263
-894
242
-545
41
-2
-295
76
-884
-1211
1087
-795
286
-751
1065
-623
-331
129
-1270
193
1530
-922
-1944
-425
322
-215
26
875
748
-771
-148
260
-489
486
-153
-267
-189
-1407
625
102
-276
-1579
162
-1382
-425
-46
817
-1175
1742
-875
-644
-493
1207
517
178
265
698
-187
447
-88
-222
-1649
-414
442
-305
-338
-874
175
549
549
-724
242
-1212
1165
1589
-479
676
-874
28
-383
401
1052
-683
1776
-841
-125
36
-901
-1226
386
-358
-147
1181
-218
-453
1415
461
-1475
-1491
688
-455
-289
497
-427
-158
-1055
-1112
1662
-1064
770
-1461
735
388
-1402
-418
-523
192
1611
701
-648
1052
765
323
30
591
509
342
-932
-1285
-1626
-1375
1118
-813
1458
947
584
-1378
537
1971
1576
734
1258
-609
-1046
-1410
-1662
96
1401
1108
-188
-250
-690
358
1441
983
-1372
315
-689
-188
-29
1612
-1508
659
501
-708
-249
-37
902
77
-305
-150
251
-187
-156
-10
1351
170
1164
-1188
-535
105
927
-768
1497
-413
1473
-1550
-378
1360
-1421
178
-374
33
-747
53
1367
-5
-1331
-1162
-1948
626
-771
789
1213
-146
-623
-1088
377
236
-1886
305
-2539
1019
585
-61
-1607
-851
-486
-78
283
-624
-250
1486
28
923
-1324
1344
1691
1223
255
-1128
-423
920
-185
-1568
-996
-278
-100
817
-564
-635
1736
372
335
-471
1428
-88
135
3390
-1524
-31
347
234
-161
-730
-243
88
-120
542
-1631
-733
472
-100
1298
557
358
-778
-554
-992
-464
-1121
-403
-177
52
1133
-382
-295
-1018
447
547
-1865
-1085
278
-44
-886
1157
-1297
26
-1153
1271
-199
784
1711
425
680
92
10
-52
-494
-874
973
-459
-1771
-317
290
-432
-133
-2384
819
438
73
265
-776
800
104
333
1539
-1349
-153
2209
-616
401
970
165
1136
378
-392
1516
420
1394
632
33
-2008
-1304
-1206
-328
1307
400
-1082
-311
-927
1297
814
1257
-573
1560
1153
-275
1032
184
-1279
845
-950
-2055
796
-811
742
2057
-1950
518
838
8
-687
-310
-1167
-235
-361
286
-96
1016
-413
277
42
524
-940
-4
-476
-1018
1400
-999
-649
-1682
-91
952
-506
272
857
24
245
-2003
874
1230
-1405
-1822
-767
-1805
1236
1290
-1487
-627
-376
-606
887
756
222
-1799
-17
-1772
-1352
-296
511
804
1106
1261
-533
-154
456
-1696
669
1571
28
-802
-470
962
208
1220
-216
799
-267
104
1797
-1294
-814
743
119
-644
959
-100
196
-1136
1108
27
591
-492
777
-26
191
858
-755
475
-1248
-435
-866
515
-1498
915
1415
297
474
-550
1697
-130
833
-658
407
-1017
1511
-314
177
117
50
-245
-969
2468
-69
150
2487
-244
945
-357
-401
111
-453
863
-250
309
-628
156
-178
212
-840
-207
-686
-820
1434
-1088
34
-662
-440
-858
-35
1778
-286
87
-1720
-63
74
79
896
818
-2210
950
-106
424
-1309
-110
827
1539
-183
216
1566
270
366
-8
520
46
-1414
163
46
329
-1665
-206
-516
-432
1050
2121
-957
-834
-848
-560
-54
-817
-907
364
587
641
1544
-250
638
1687
330
357
-159
80
229
-611
1254
610
-1255
1134
-861
-408
1155
-162
-1064
398
1424
-538
-1261
-2152
250
976
-1190
922
-983
-1265
578
315
-357
736
-76
961
-1447
-1058
-259
1630
-449
-693
1027
1710
1625
-4
-123
441
308
-296
-668
-86
169
-812
-1215
-1814
-572
-1661
28
1101
-838
-1416
992
-1424
496
327
626
1019
-274
885
-418
1260
1362
-384
458
272
1681
1848
-1034
503
856
1063
-2100
639
-1125
6
-616
-515
-955
275
-181
317
-144
778
133
1802
863
669
226
-1211
462
-97
-1056
1201
-489
595
478
-707
-1227
942
-481
401
1661
-1029
-471
306
1537
1109
1114
148
-149
72
-2107
-515
-631
912
-268
-821
-502
137
603
68
-1897
-1030
206
884
1170
-1149
-1092
-43
915
247
1079
798
284
430
1232
902
-71
89
1087
590
-351
151
-1110
-1146
-256
342
134
-457
-171
619
1572
828
-293
242
1477
609
-126
-230
-1268
931
-1384
560
-975
1302
-977
-49
-963
-254
-279
1125
500
-662
-631
-2021
1924
1204
-725
-1060
1498
-775
-1109
1619
88
2146
-1398
731
-65
-1138
-971
-1110
-354
158
-90
-1408
-667
602
766
-1132
-191
-403
-473
996
-574
1570
922
-402
1267
1363
-185
-238
445
545
-1247
-649
1223
-1499
-355
870
418
-217
1474
-1335
635
-412
-1417
970
693
-121
-331
-157
-718
-93
-373
1545
431
-35
709
-1629
0
-1871
1413
1147
-201
1073
-1007
769
178
-330
-32
-1281
208
-1337
-42
-1218
2414
197
-883
142
726
804
611
703
-1374
-995
-66
-75
440
45
-969
-1594
-741
-61
869
744
906
754
505
262
-933
-549
640
217
162
-1005
268
398
-582
1396
-82
-341
644
899
551
-429
792
-406
-1046
1512
-1399
-288
-1227
-845
-391
-452
-823
-111
1767
-733
-625
1373
-627
754
1577
1114
744
-295
1212
143
440
218
1415
-1108
999
-1358
-458
545
2200
-658
-424
-1404
1152
1367
-1186
-1912
1040
-1143
-205
325
1029
196
2154
265
2044
401
508
-577
1356
581
-419
-876
-1454
-1768
-996
828
244
905
-152
107
1311
-643
1168
447
719
383
-6
-375
-1106
561
402
-128
-255
-155
1572
-88
705
1398
598
-341
-877
-199
913
-519
-583
131
-974
-517
-666
-224
-911
-877
-463
438
624
-973
-1167
230
1035
918
-424
1305
-262
76
-558
-434
411
793
-20
1256
-326
269
702
-2284
-459
-746
1024
884
64
1045
-17
-443
-652
-534
-793
885
-1107
1336
-1241
1046
384
506
-59
826
-396
859
-2019
1023
294
-397
16
-428
529
1395
1453
414
-1565
-196
-205
66
495
-1025
593
-139
712
785
-285
1
331
196
5
-532
-58
356
915
-23
313
-92
652
-8
253
277
-206
-192
-872
-1085
-102
-271
-53
84
1809
-979
110
334
-579
577
-2242
1105
458
-158
631
389
794
350
-1407
-72
-752
650
1002
647
1105
1565
-788
655
242
10
108
-371
-1254
-635
-1176
-731
-1197
-404
392
-104
-545
-155
-180
-296
352
1047
-698
533
-1615
1558
229
748
914
1134
-407
-673
-300
41
1414
-984
-1095
354
332
1382
969
1078
550
152
-625
224
-769
-927
627
693
40
612
182
-1821
527
1197
994
-502
1503
2155
1199
-672
53
-913
160
-1374
-1619
-297
-1042
-1000
-222
560
-586
986
155
-54
-2000
402
1310
-992
-42
-148
-550
-1291
519
-131
-310
-830
346
-969
-179
250
-593
383
-917
-1022
-1178
654
-63
216
2036
-87
377
-459
419
-1497
453
-1060
235
-25
409
555
-350
-1195
1612
145
-836
1112
1876
-290
-2024
-613
-227
-37
429
-1141
-1763
-163
-1151
392
442
208
-382
658
244
-229
-796
303
-171
-943
1056
1048
824
-1153
748
429
-722
647
-549
-396
-223
584
-623
495
-134
-571
262
68
1039
1816
322
-915
-1172
-748
-77
831
226
-147
-1017
818
-201
-24
-398
345
-857
112
-325
889
-221
-1119
472
1666
349
-2311
1270
1410
-1363
-322
-424
-444
-1041
1206
1552
640
473
-130
880
-187
-990
16
-690
441
-603
-837
335
196
609
-373
234
-840
-957
-1979
-1271
-545
698
607
-259
181
635
487
3232
584
-633
1004
-1020
-723
-81
-747
-715
-1592
142
454
-1721
-721
604
1080
-263
-377
403
-351
1043
-717
480
-524
-241
26
661
653
1915
488
-279
1526
-306
-1082
-532
925
-1190
500
-219
-22
-832
1188
884
305
-129
-810
110
-80
-1657
431
-377
676
-1305
76
-807
-800
1720
-412
849
836
-1648
-1050
1470
-953
-699
-734
892
376
-844
676
-856
383
700
-512
1835
228
743
345
1013
-60
-554
-392
188
-516
-215
920
709
330
1387
-123
3113
1528
176
1587
-165
-768
-350
980
479
-66
264
-344
1798
80
-1478
-10
72
664
-173
147
-424
-208
666
-284
1135
-809
563
-800
484
-572
270
-2
1916
-111
1037
595
-270
80
1671
-540
-649
200
-327
869
464
-228
566
386
-1
219
2121
-364
-416
501
396
831
382
-228
-740
1991
-117
164
-241
649
-437
396
1019
-842
-1209
327
-253
1111
395
680
90
-1017
-80
1508
1936
-896
411
-125
216
-444
-1420
91
247
118
525
239
451
386
-315
1487
949
536
-32
-1048
141
-1225
424
897
1028
293
-199
-220
104
-209
1440
118
908
454
491
78
-50
10
-935
-829
1433
439
-622
1535
-1713
-793
-357
58
2012
614
304
-429
-260
1283
-479
-601
-74
988
543
-1430
253
52
-70
-446
-1189
-600
-654
-462
-819
741
-812
509
-1524
1368
-654
354
-169
217
-533
755
924
-10
464
130
405
1513
1388
138
717
-1155
229
227
-62
890
324
-1309
-1103
225
-1488
1130
-1769
-1112
-1715
10
1015
1348
-440
1754
-683
1718
244
-1455
-763
73
-585
-751
-789
-245
1959
-24
289
474
465
-1194
2208
1441
591
-1382
-385
-421
-308
-1718
872
-441
666
129
394
-827
-832
103
-863
923
108
582
-990
333
-85
-77
1608
593
-338
-249
-356
-967
-20
285
-837
-125
136
895
1755
1031
1087
-1046
87
370
-402
508
-35
382
530
-139
-1111
-331
-136
-1636
150
2090
-408
53
-498
961
-950
-1382
-589
310
-1082
-299
-395
-663
1759
-1587
418
-163
-757
-8
404
-1062
2084
263
1355
10
561
-529
-603
-117
106
1227
547
-789
-1435
-103
467
-797
107
-569
163
393
-1172
857
-521
706
672
-241
-419
730
-870
-295
1780
146
-1579
-643
518
-773
149
589
795
-771
-1065
414
-579
-5
-950
796
-150
-294
-354
622
-684
-1245
1091
-401
1798
1141
-350
119
90
-1938
-492
-307
256
1794
657
725
2555
-815
77
-241
-673
540
-440
2660
-1152
-553
-430
1381
818
1220
1298
48
-63
19
-490
1015
436
-1714
694
1619
25
1283
-332
924
-653
352
904
1553
-589
-601
722
319
-508
-418
1028
872
-666
1123
-1479
1
287
-438
-1125
-303
263
245
285
1145
701
161
-486
641
-1078
-832
-1029
1113
1920
232
-743
-80
-732
937
-758
-113
1104
1087
-671
579
1120
-693
-217
1367
-1187
-2603
-1140
1542
-1194
84
158
76
433
-2661
288
-80
-153
-72
-207
-736
-623
-738
962
-57
-521
-180
711
850
-2240
-977
683
-413
847
543
346
300
1479
-1189
-728
-342
-381
37
-689
1221
933
105
135
-1036
875
1166
-766
-1415
1614
959
-366
-386
540
527
-1638
-495
856
-1158
-1238
-1685
962
907
84
-329
-376
881
-218
-448
569
22
316
-608
-1501
949
1052
1659
-680
-478
911
-1122
-199
400
2005
653
1309
280
243
2215
620
837
-1131
1508
297
-646
24
358
-227
-1382
459
1678
1353
372
434
-521
653
-627
-909
430
-1233
-983
-120
343
-954
574
938
-481
629
-215
-241
-598
696
90
-390
-742
66
747
1564
-1199
-275
-445
-379
672
396
635
1789
1598
234
21
335
118
-1546
484
806
-433
-59
-399
-1459
249
-832
178
375
1481
560
1051
2085
436
193
835
1731
1560
707
709
1881
86
-424
459
-1053
-1066
1345
-497
-1363
160
822
68
-870
-840
-1742
529
1688
203
-750
1123
1587
455
-994
207
1431
411
345
-232
96
144
1075
-480
461
-307
193
371
1816
-492
-1021
590
343
204
778
520
522
-133
-220
-501
80
587
663
958
358
-1341
-893
-1062
26
-405
-50
587
-1333
-508
-177
44
-1199
408
5
570
119
585
2122
-160
-525
-135
-115
-639
-1012
1001
291
1057
723
-1061
483
22
-541
-1614
-1234
-595
56
589
111
19
1477
-369
-133
-1190
54
-231
-1327
425
-1045
-281
407
-287
705
-107
-33
-1674
-577
-612
-104
-1298
-524
1284
-2005
-872
-886
1079
642
-144
-31
-2081
526
683
1064
-806
271
423
135
583
-235
808
-17
897
74
297
-1310
-377
-194
151
-1100
-191
45
-159
1193
-1647
-718
925
-1199
567
-560
-203
336
232
519
-1276
-1027
-362
-916
912
937
-134
1322
575
1813
69
1372
90
449
-1767
-933
-368
-1062
-684
-196
-296
1705
332
-436
871
-144
211
-2104
-3
697
644
610
974
-254
-678
-1512
79
28
286
-25
-351
-1436
1836
155
-1924
433
-140
-83
737
-663
-1039
1042
856
-156
1197
865
1533
1227
5
-855
1114
-259
322
178
1770
-843
-493
637
-417
-879
1071
-900
1302
-13
-1109
1408
-116
-981
-1862
-40
-1235
-1038
-562
24
-41
524
269
-1582
425
12
-1157
40
138
-172
-624
-309
-906
1498
-2653
-699
416
-21
-1636
1055
2844
1348
-923
602
1876
-1010
-225
-342
923
-521
266
376
774
-871
54
-888
-1151
1058
-1100
535
1019
351
-82
-1295
986
124
-705
108
-353
-350
-1062
936
242
343
-602
-429
772
473
-1310
875
417
720
-794
-1503
-266
-6
-53
570
-531
650
-966
883
-16
765
-28
-747
-656
-2322
726
-161
-640
-465
1577
116
-684
638
-1249
811
-827
390
-2373
516
-953
777
253
2861
-688
-427
1789
-1416
203
113
-777
-1286
-337
-468
-1567
-1267
-139
-196
606
396
851
-203
-549
963
644
-797
906
767
-628
450
-318
494
836
-463
680
-451
121
-1813
-2015
-76
480
1967
837
89
497
787
-232
-402
-196
-123
-1386
1463
-774
-704
-528
595
1068
-453
-863
1679
-221
779
97
557
810
-908
718
-1568
-515
-699
429
560
-784
275
-84
-718
-582
900
1398
-310
216
-614
782
304
548
-363
-682
-61
-1364
294
1917
-1094
161
632
583
-723
523
1591
1047
-1396
-531
394
-28
-374
-1522
-662
-1330
735
-2731
-941
348
-6
950
-1376
1150
836
-854
104
-185
-821
315
1415
436
642
1027
245
1545
386
-532
1254
-135
308
-1377
206
1229
378
1148
362
-560
28
-225
-7
-238
478
-964
1100
-843
-145
669
630
626
714
561
-226
-1063
-507
-1627
64
2205
-387
58
39
-1870
655
31
989
-1044
-95
-176
-814
2312
361
1555
142
-2296
-69
-370
-658
1362
439
290
-148
1014
516
-996
-732
905
-323
-508
270
-957
-185
-216
-1433
-842
118
-1096
945
601
811
-2486
-945
251
1378
456
2018
-750
-968
-229
-1722
293
-315
466
-384
-896
1277
1275
121
-229
75
953
-359
-246
-1287
951
-254
-772
-27
-196
-15
-581
544
-1449
-565
-79
-646
-1113
1046
-1500
-142
560
2608
659
-707
1036
1085
-830
643
1400
-320
-511
-394
133
763
-651
136
-696
-934
607
413
250
229
949
-1228
941
1137
-364
385
-683
462
608
1481
1193
1220
-721
-472
-579
51
-811
372
-104
-406
2074
-268
-822
-484
-456
-310
920
841
468
495
148
8
-73
-610
-730
217
1256
-1384
-1030
1579
-561
-662
-17
-1377
-445
485
-928
156
2102
1068
-1296
-784
31
-277
1715
1396
1178
-17
-1499
1247
-1004
-91
-349
284
90
-126
-771
780
-1045
1062
579
1137
-2079
775
184
634
-590
278
-270
1425
-594
-1530
112
-435
-462
-187
-902
216
581
-377
870
-832
-213
211
-2113
596
683
-511
1119
-1847
-37
192
-431
-577
-278
-349
-241
-344
273
-169
34
716
606
1233
-2559
-152
409
-141
82
69
483
570
-456
-1254
-1441
108
235
277
1743
445
-616
465
620
733
689
1009
867
146
-671
-504
-853
-470
538
-312
114
-320
-381
-584
673
995
-184
2416
-1037
-1643
368
-510
-1092
952
-820
-768
722
567
-657
-284
872
-1421
512
662
795
403
-2997
-2543
-772
694
892
-1089
-1109
352
-1305
-1009
139
-1297
362
1023
-882
114
269
1379
-753
324
-1274
407
-1288
152
577
-417
-202
1445
215
75
-582
201
-501
-1924
1173
-397
-2326
103
-844
1071
-82
314
-343
376
-1081
344
18
-711
-1416
269
-562
-193
468
355
-1930
-1915
137
-1434
13
764
1772
1154
-904
-1772
364
-822
917
488
-195
-551
122
-1423
-880
-226
996
-1963
-1340
-563
-2091
-1386
-580
897
-52
536
-543
856
-156
1076
-660
-826
1633
-703
1096
-1751
-726
-292
-912
897
-1111
-65
-365
-434
-1389
-255
-48
65
525
1684
1254
-1001
1067
-1516
-889
789
98
98
-1097
-1079
311
58
-1535
326
389
31
763
-377
1083
-1225
-1772
579
-217
1517
1056
-1057
-1170
1545
-741
-659
277
-298
1424
93
282
-107
1368
203
-2116
-530
-624
-893
422
-896
-294
293
281
-521
-1070
-281
-63
569
1447
-31
177
1443
1084
83
463
-796
-1162
1471
-451
511
986
1103
-1428
407
513
685
1552
362
1160
1219
-1278
-577
1155
1622
577
1035
284
-711
431
65
786
-1496
969
-623
-756
146
368
-179
-55
-853
-25
-80
-472
-1586
-892
-219
-550
647
-162
-1457
1847
684
-211
-1919
711
-165
-1721
-266
1259
-994
1548
2655
-275
281
-262
1297
1216
355
1528
102
-180
665
1468
1638
-669
-417
1027
1322
250
-1369
946
-148
-695
-594
142
-3
797
1484
253
1189
-413
-690
1135
7
-366
440
135
62
473
-203
358
1014
-34
222
-972
-385
-738
964
1049
-1571
1542
111
19
-1111
336
197
-228
555
-495
193
1391
-632
-383
-841
-524
2720
-158
1828
-968
1319
1114
-534
-1346
-526
-482
1752
509
257
-671
-1262
-431
-454
921
422
-332
-877
1521
731
507
-319
2585
-911
-1680
870
1010
-1540
312
-525
1620
386
-179
98
1565
-482
1157
272
-137
1602
-516
533
-522
-1190
-591
2879
-229
-187
-795
-1719
713
175
-1353
-361
-713
-1468
-1459
568
-406
308
513
-936
1209
-443
314
241
-742
1288
992
920
751
1310
-548
-284
635
-392
-1043
-1833
658
757
745
757
2346
199
550
-197
-49
46
1068
-172
1136
383
-828
-1403
-289
19
-1730
-231
-927
280
-1774
-1130
1082
625
-293
845
-1267
-148
-1397
-1586
-1412
-1757
1443
-127
1087
-1111
-387
-225
-887
238
249
360
-1564
-1854
514
1312
-1020
1180
-272
-607
-1858
-705
2000
552
1115
-1357
1268
-861
788
552
-957
-1043
-1097
-894
1408
-253
108
-47
-88
-1589
-718
-473
1786
1436
885
-1666
1152
-2272
-617
-1027
1256
-249
2105
688
-601
813
-418
316
-589
243
-1433
203
1642
1664
570
402
172
1151
-272
-760
147
-444
628
1085
1036
-144
-440
-316
1128
-1514
-1016
-549
-485
-781
-158
336
-195
-801
-1191
-1723
438
-807
997
145
-331
-950
-1192
-721
679
-190
-1250
-2073
393
679
1355
-519
306
96
-235
-172
1379
362
-343
-55
396
653
800
-748
425
-463
-81
820
578
-309
1125
464
244
623
441
687
2015
1221
-1588
-985
-913
341
-744
1295
-396
-1262
-130
-71
190
380
509
-692
835
1116
-1441
250
195
-256
-555
243
157
1137
1301
-1548
795
815
1149
-77
-249
52
777
378
-322
975
-810
-1284
1597
965
854
1095
-735
1796
98
719
-344
-929
-1272
1196
-421
-239
-595
947
954
384
238
-1426
-665
-1126
179
563
508
504
1861
-541
-430
-47
-1131
1355
-525
959
-813
-405
2200
-1314
-1619
1595
-846
-599
1813
-815
-1052
-199
68
936
-118
-20
171
-338
1534
-443
-920
-176
1281
15
-419
-47
-932
-787
-22
-379
479
-857
827
409
-983
1674
194
1063
450
-1
247
-808
334
-8
-102
1234
563
-1912
49
860
-983
394
-673
-1558
-1795
-681
-236
602
-328
339
740
-15
-1560
-1802
1152
-781
-870
799
-88
193
-1367
1222
380
-302
939
563
-472
2371
-536
915
114
326
-1120
92
1890
-1740
-405
-495
-903
-675
-796
-896
415
528
-149
362
1311
601
-1532
4
-153
1221
-368
-636
912
-499
67
-1090
242
100
-484
-1494
-592
1315
671
223
-1612
1509
240
-589
-72
193
-273
-1579
1306
-1503
389
-6
-525
1313
-508
1124
-133
-712
373
491
2073
-324
1021
953
797
1339
-962
-167
553
64
-851
766
-1527
1267
836
-425
598
1656
-917
1020
2181
318
10
-1300
-155
615
-768
239
-602
1
-189
791
-438
176
-1668
130
-38
293
461
-115
-313
1545
1437
252
-285
161
-1584
-990
633
-727
-721
-47
473
-1252
-1325
846
271
473
-1440
226
659
-683
-1248
-971
1314
-1079
-421
243
-373
651
337
574
422
-1397
110
-960
2085
483
-145
-364
-268
-313
-1030
-336
-753
-1218
505
-393
-358
50
352
-242
-705
-614
-143
-192
-1464
-663
-942
-1785
1253
1022
247
-81
430
-1282
771
-1219
495
197
1508
349
838
547
17
-748
280
55
-1318
392
884
444
169
215
1631
-462
-447
699
-17
210
-85
121
430
617
-556
204
-443
423
-522
-972
-1913
-1775
-224
-397
-1139
451
549
529
-263
-735
-1984
680
389
669
212
-310
1424
-1200
1295
-652
-878
-1523
227
250
-4
-1385
-1452
351
-325
444
861
1421
618
-1395
-819
-1720
608
8
-185
350
-1532
1458
645
-277
1946
942
-1722
-250
-489
-628
1344
54
-1864
354
-599
475
813
1037
-18
649
583
956
894
-33
-1413
468
-154
-1373
-759
119
193
968
912
1849
-602
1289
268
101
512
556
1411
-420
-1028
-618
-1148
-891
-1549
319
178
380
-883
578
-155
-1263
456
-908
-974
-978
-340
-431
944
161
76
1788
786
1583
297
2431
-852
547
53
-1438
-745
-99
-737
-48
-335
246
-911
-471
299
-2255
1111
1041
100
-665
385
-103
-922
194
86
-1535
162
-835
-717
2263
353
1769
-1659
-1131
1509
1046
-20
1931
416
-172
730
922
-336
-811
922
414
588
52
1259
-60
192
-1104
-489
-211
-405
-444
-55
-396
764
-582
1116
1400
-346
-1127
859
611
-33
1255
-754
-367
778
-109
-121
-141
-1337
1979
149
1285
-150
-922
-528
85
1545
226
1091
1903
774
-182
-309
522
691
-1544
-682
0
-991
-7
-518
818
615
-1827
-558
-1091
1162
293
-365
-333
-719
-475
0
199
243
-2095
-695
386
720
671
301
811
1404
605
2075
1320
54
-389
820
467
-470
1011
1817
-695
-235
-184
622
322
-597
-103
592
-778
-1717
989
257
289
-143
2210
-711
-72
1033
753
0
1665
-789
-1912
-658
-374
-418
103
-87
499
114
-407
516
-770
1586
-671
439
1356
-429
495
913
-1031
1130
50
576
140
-115
-947
910
-218
1358
-533
-7
428
-987
-779
-885
584
1916
1468
-200
-881
-284
-217
-767
-578
613
-1517
113
-1021
-414
1020
-412
458
472
176
157
-1141
-896
998
-243
-313
2116
1737
-696
-13
183
1762
945
-62
385
-124
-788
-385
965
-199
30
382
1295
397
1718
392
-2582
-1216
-483
365
155
64
344
1600
-8
-371
1067
-321
-1945
-512
-1720
-770
1184
1399
-1424
1605
-1286
-818
-134
-695
-233
899
-1255
-743
864
1672
-357
813
-319
-32
1198
-311
-140
20
855
1452
-140
-1183
-1898
835
180
-186
58
-516
-345
-578
-205
1593
-8
412
2180
779
182
-1336
74
-101
-931
-266
-241
-152
-1393
-166
-663
-1185
-118
458
932
990
-383
-243
-208
928
-876
1410
-956
-245
-104
827
-373
-1362
334
-229
-1053
-106
381
-458
-871
696
-1417
-980
-33
-383
-311
-361
-753
1011
-1146
-1143
856
1807
1162
-1045
610
397
-538
-177
1042
-21
576
177
370
317
529
1381
101
458
182
1627
-555
509
-635
367
347
1382
-613
-207
-1698
-199
-40
-1284
-323
-50
-320
187
-1641
-493
348
662
1745
165
431
1083
781
136
286
1298
-247
1151
39
178
1458
-1260
-455
-797
-1924
1098
-1526
-644
1501
-615
-951
-1440
-308
-44
1643
1236
39
283
-219
-153
-329
234
200
534
499
432
761
922
2283
-499
-501
565
1088
-207
-591
137
148
-38
-401
425
-372
944
-465
576
1159
518
467
-780
253
-2263
-713
221
25
1721
781
578
1539
579
1028
-480
861
-507
1029
1289
1899
-1205
-162
-659
94
-733
120
1609
54
642
-520
1549
537
762
495
-169
239
380
383
-917
-337
-1529
-626
611
-12
-579
-677
-196
1918
-257
1171
151
-225
497
463
-1145
51
-310
-181
-95
-2013
-1877
11
-349
867
333
1029
717
-301
-322
559
-2876
305
-1654
227
-943
317
-702
340
626
1141
1396
68
-419
-657
1103
231
1179
882
2093
-1306
478
1878
588
252
76
511
792
625
1031
-174
904
1146
988
-234
312
-1291
-1315
-87
-56
356
-573
1285
-990
-1594
701
1125
147
-1216
1526
610
-916
420
-2583
-1909
-686
-437
325
-1376
916
1122
-2168
-1326
384
1115
293
624
-1410
-140
-552
-1192
816
1755
506
-502
-158
286
829
1293
-54
2902
1934
291
-312
389
740
-43
-727
-181
-102
-1974
-685
-346
-1250
1195
0
-359
-22
1248
1269
55
122
634
-604
-602
1858
-129
1843
-121
923
708
795
1278
-760
-1117
739
13
-661
815
1305
673
1010
811
-156
200
1618
-1643
60
580
957
-480
-1301
-663
-353
-123
659
-419
1875
841
-9
48
-522
-711
-48
-164
851
1127
-1588
1016
-1137
-1999
114
-1550
-741
523
235
441
-248
-1288
554
669
549
-315
-615
1904
-1906
-1821
648
-2055
250
-2197
79
-1874
-969
585
-287
-945
-1221
-1326
-1160
1067
-135
395
1426
-1335
887
-650
1970
-1031
396
-1100
-998
330
47
-2312
-507
876
-420
-857
-537
948
-422
-572
297
-66
-2092
754
1383
-673
-790
-609
-191
50
240
-586
-18
667
367
363
820
-688
1324
1012
-504
830
598
-735
508
-1004
-1301
-291
-478
662
446
-89
55
1310
852
-375
-300
-1263
-323
341
2156
-1699
1592
-469
-1223
-567
962
-631
264
117
-551
340
-284
91
-845
1053
-527
2164
-1087
1178
1556
631
-979
647
468
344
-343
-498
-748
453
-1552
-329
-780
-292
807
962
695
-49
1038
990
-835
430
-1705
-1130
-106
-99
133
-27
231
287
62
-1578
-510
-210
147
-730
1438
997
2954
624
1075
613
976
-914
186
-1210
323
-837
-613
791
466
-998
373
932
-147
2803
-159
-720
1692
-869
-1062
-253
-79
-539
-1344
1920
-367
72
1842
525
-257
-555
-124
-870
-746
637
-1223
-228
-321
-454
803
-168
418
820
-1096
-528
841
496
316
858
1797
-893
916
1401
-1415
1762
-119
-356
-559
437
-726
-772
-900
270
-193
-66
136
67
-110
-139
-492
815
710
923
-1874
470
235
124
-254
587
325
-718
-93
1746
-828
-157
336
119
-455
-1852
-1551
706
-1103
-41
716
526
-326
-1994
-553
-672
631
-1399
810
779
101
1561
112
-670
-817
-194
489
-59
1127
-1101
2577
321
-1148
-1300
105
224
-141
-625
-430
667
229
-541
769
-918
-1465
-450
-2268
-907
339
-378
-2801
492
684
499
1011
643
143
-2405
-79
48
994
-1055
281
-57
985
1260
-527
-734
819
1285
-633
-1522
-1131
244
263
375
491
83
-155
1283
429
-58
-1113
-347
-371
-1271
1660
907
587
2051
1013
-709
1683
-505
-382
-1354
-775
551
-756
2264
-380
-827
63
1615
-735
969
-1101
-2264
6
307
528
-1520
330
-497
-292
-731
-1766
-203
-116
-71
766
-1372
114
-616
215
-541
219
-220
-766
-496
1167
-75
-500
-364
425
-596
524
661
261
-222
-410
96
-95
946
-107
151
-498
-565
-5
337
508
-432
-508
-16
420
-34
-636
-1115
-239
-706
1419
-1165
-423
11
79
-514
-651
965
1160
-995
-3109
248
2182
109
-309
1745
619
-867
236
-238
784
132
1042
-349
-66
-868
-1472
-654
21
1106
772
1551
418
-264
-52
206
634
-850
-169
317
953
1175
339
-1810
-1529
284
669
-1230
1679
-484
855
370
455
1108
-352
-430
-566
857
-344
1191
383
-262
415
-1053
-397
-774
29
1122
-960
-256
-111
2141
452
365
-1286
-545
1788
-78
-397
-1391
-300
-1112
-2409
116
356
491
-1066
16
-640
736
-778
-114
230
417
-487
73
-1397
-24
-2129
-68
626
1021
-3128
-793
-1647
209
-275
-1846
303
1400
718
-625
-862
-598
-138
730
-822
1268
-1091
1505
273
799
-945
474
-698
825
-486
-1290
729
380
1451
445
-635
-670
-984
71
885
-1919
890
662
834
-398
-1411
2714
-990
-300
-642
1747
83
-117
-1522
11
820
2305
2116
-189
-746
-212
-280
1311
-208
328
-813
-794
-443
-271
-1061
49
177
945
-782
558
-11
679
-720
-370
-546
-473
298
-744
-253
1506
-85
-837
-794
-456
-934
-11
-218
1025
196
-340
-694
1145
1399
468
-226
784
-668
-276
-430
447
-1686
57
-842
-395
-144
576
-949
258
-952
-788
689
-373
-569
536
2127
127
-431
151
1216
536
-1969
606
-477
651
1441
451
-699
809
589
510
-470
1938
677
1274
-1455
-537
480
1081
44
1945
221
-871
-1
594
574
-844
-119
-401
-1479
-906
-543
-389
2803
478
-1674
-897
-528
-794
-537
-356
1213
181
-619
956
315
-600
49
1770
1385
-799
-290
440
-559
872
180
783
2914
1365
128
-1198
-401
957
-405
-184
93
-467
-998
-67
1015
810
437
1943
-100
738
-182
1345
952
-1129
99
-35
985
-745
435
308
-1193
909
-1894
-1120
267
1377
774
194
-989
333
-12
958
-1587
-1557
90
-164
1393
175
-1184
257
327
1382
892
402
397
-55
248
28
-219
-612
-678
1931
-742
1692
1769
-131
-1066
243
504
-363
635
1400
-380
-1687
990
-341
1150
160
1241
343
-1765
1049
619
22
-459
666
-258
-808
535
196
-794
412
-2583
-1502
25
589
-1254
-302
-1663
866
1500
1514
1287
1637
-886
-525
1071
1419
-172
509
-1128
-1267
-657
22
-1086
-1334
-1968
-206
-531
432
-558
493
1341
-378
267
-754
-220
-489
897
189
510
1352
-1458
1787
988
-1068
1167
-859
-753
456
-1076
170
1320
93
-621
-73
239
-1917
-40
-673
-764
379
282
-77
-177
-1205
-655
1174
-250
662
450
-458
-540
-520
-334
-1258
-1638
407
-713
1308
-1002
-638
1474
494
1968
502
-624
-479
-697
-278
-969
-748
525
1783
1064
1538
-137
-641
235
-1337
-146
-1993
-1615
2323
1518
-1592
1368
-1821
266
-729
-925
1084
121
432
1388
-448
-739
1389
408
1279
537
1361
20
-2004
-1633
-113
886
636
-268
-591
197
-913
725
-338
950
1218
538
239
-144
-732
-103
-138
627
-834
-360
210
991
-18
542
-734
12
630
760
-566
-1134
557
-63
-925
-456
-273
-1789
9
969
995
-1304
-1222
-1055
-289
-97
943
1261
-1142
788
-372
-1476
-1226
1161
-501
-1332
-637
-667
-385
-7
-1371
766
1611
-609
940
1431
174
968
65
24
669
694
-1142
-1306
300
61
-709
-1248
-927
-580
-886
616
936
-1174
669
-1085
-483
-15
-588
-942
-1135
-465
1279
268
-741
-454
-342
-1120
-467
1099
1080
-287
165
-669
592
-21
630
1197
-1559
541
1680
-973
901
346
-480
-1846
993
1841
-330
1109
881
99
-305
372
-320
-777
618
535
-897
-476
-21
446
-108
-738
-678
30
572
-1721
1976
2296
-1276
866
-961
522
1141
389
1545
-793
-867
-114
367
1059
19
-1063
917
916
311
-1195
1462
56
1446
1645
-369
-636
405
20
931
1020
1944
1573
845
-88
-802
-1132
-1239
-1609
35
-2289
-89
2736
-48
-692
-624
743
-1103
468
-321
270
-1098
1212
785
1154
-1978
401
-489
446
560
1048
-243
-1099
-94
1860
-1206
-324
266
1087
-1480
613
-1043
-63
-310
-112
-1017
-637
1247
-53
402
200
-1610
-583
563
860
-619
-1024
-122
-248
-72
-261
-246
-474
42
1016
300
-17
-951
-280
-820
598
614
685
92
-774
2036
1400
-719
223
1046
321
1256
-87
-86
529
487
-701
-1512
-108
-859
836
367
658
784
434
55
-326
-1641
547
-794
1736
900
-259
-419
-1023
-211
598
778
587
814
-566
431
297
-304
-1496
-571
967
-422
894
-1155
-774
1063
312
102
1574
-717
-932
1696
500
-601
189
-547
-1054
25
-495
-928
-716
-152
-94
-423
795
-1757
-401
-34
46
-150
-1637
-374
-1076
-1151
-1333
1988
-437
-1195
125
168
214
1045
-847
505
1217
825
-389
505
1473
450
584
-629
-3
1846
-841
1226
-495
-80
-1502
-535
-361
659
272
-786
420
360
405
-1551
-525
1546
-1598
1509
-140
58
-1010
-623
545
-287
1819
1123
1057
413
2030
-1232
-534
1617
541
2325
574
-1125
1079
-630
-828
129
-1130
304
1280
1081
480
-459
659
-362
-44
-778
-1172
-386
864
-331
130
-526
608
-1499
206
1083
-117
-313
-692
-447
-1345
629
-119
331
-172
-1745
493
-144
-188
-381
626
-847
531
-329
-675
-636
557
-569
-310
918
-321
330
-122
867
792
1111
206
1354
-2664
429
422
535
-88
-356
-17
-466
-495
-728
451
-234
460
-1147
988
411
359
630
-257
756
