35 60 169
0 19
1 17
2 2
3 5
4 6
4 10
4 16
4 20
4 21
5 2
5 15
7 23
7 25
7 32
8 6
8 13
8 16
8 22
8 33
9 2
9 28
9 29
10 23
13 11
13 12
13 21
13 26
13 27
14 4
14 12
18 21
18 33
19 19
20 15
20 22
20 31
21 1
21 2
21 10
21 21
22 16
23 9
23 23
24 25
24 32
26 12
26 23
26 28
27 15
28 32
30 21
31 11
31 13
31 19
32 24
32 25
32 27
33 1
33 33
34 2
20
50
11
45
43
49
56
1
9
58
2
57
3
55
4
28
36
24
15
48
27
10
23
14
26
54
34
51
18
5
16
13
0
39
22
29
17
44
31
40
6
52
47
41
37
21
35
19
38
53
46
7
8
33
30
25
32
42
12
59
159
-81
201
53
-268
-322
-268
-106
-16
11
-58
134
-222
2
-90
77
303
70
157
346
-157
-174
-10
275
-40
291
40
-190
-38
-37
-48
-180
81
12
106
256
47
-62
-141
-86
126
-14
88
56
176
119
115
226
-143
154
-502
11
22
-220
57
230
290
-137
125
46
-136
159
30
24
61
255
89
-34
34
27
-60
88
14
272
305
41
65
65
-26
56
166
103
242
-153
-279
111
7
111
-262
-64
-303
-20
143
31
324
-140
33
-272
-81
198
-139
0
10
-132
-42
348
212
-128
-177
-70
228
87
-330
23
-265
-98
-151
0
-46
111
180
178
-81
-118
137
-132
-218
190
-149
104
40
47
344
-254
-72
169
0
6
-5
-9
-158
-100
124
122
-118
-133
92
97
228
-223
-379
153
47
-190
-52
-97
-124
274
175
-176
-94
-185
-185
125
-215
73
-120
65
122
106
-37
-192
-74
-250
-52
-33
116
-101
41
-220
-239
-98
105
-132
57
80
46
110
-112
-22
-218
-89
-87
56
31
-148
197
-386
-70
352
-16
16
89
-117
-91
66
175
-303
-26
113
289
-391
-176
35
23
128
-12
-2
-30
96
223
-119
-115
337
123
12
-98
215
-124
257
-40
-210
-106
368
160
15
103
51
-131
46
389
-255
82
123
-136
-171
-110
-147
22
115
-67
243
150
119
58
-36
232
450
141
48
-25
-82
-48
-82
112
-48
220
-316
-51
-69
166
-177
48
67
138
108
184
196
116
195
12
53
-186
211
68
62
85
-14
-109
-203
-170
213
-314
-203
-348
101
68
7
-10
-33
174
-298
79
-31
-109
-120
242
-178
-69
-296
-49
44
-89
68
-118
72
-135
-194
-130
-109
-149
-14
-7
117
-14
360
82
-34
73
-23
-105
463
199
-207
-284
-109
-36
-166
82
80
65
213
141
-103
-11
-38
111
-35
299
-60
12
61
20
-120
37
301
-99
-234
95
190
18
129
-83
-182
330
-3
-77
-102
-308
123
4
122
-10
68
95
163
-88
125
76
-216
-308
7
54
138
97
-359
53
-48
102
-297
62
-22
136
144
-47
1
68
-208
-100
-289
-182
75
-466
-43
-178
-172
218
-183
132
-54
-98
53
-298
12
-253
99
-140
-247
178
-104
22
-159
43
-104
37
-62
135
-153
-84
-163
79
-135
-359
17
362
149
-16
174
161
231
-250
172
-133
138
16
-153
-43
89
-81
173
-23
381
-79
-56
108
-124
-277
-172
197
-381
-2
-255
66
-64
156
-110
124
160
-78
-94
-149
-154
236
87
128
30
232
87
-17
292
-20
-10
29
-37
-335
-130
42
113
171
-145
-130
206
-167
-224
-65
-69
63
-129
-19
-95
-9
8
-133
-147
36
-21
336
-132
-276
-200
326
74
-67
-3
-215
61
123
153
87
30
170
163
-127
142
55
-2
12
84
131
-160
31
-261
-116
-246
359
-307
176
306
247
-442
7
-295
-19
-4
94
120
-208
-33
-100
18
81
-90
-68
-490
100
38
-137
-102
11
-116
218
80
39
184
-209
-33
-295
182
-232
37
208
21
-88
-112
-51
-297
-316
-135
-210
70
-23
-143
341
104
290
85
-2
-224
51
-88
-281
-173
-44
97
161
-333
95
65
72
65
63
129
73
154
-30
2
51
100
-183
-64
-169
-289
-123
30
-251
-187
80
205
201
15
55
6
-302
-173
101
-92
425
49
-180
-227
-23
15
-138
116
144
202
94
23
141
-99
-166
-16
-36
49
84
208
24
-238
68
-92
-51
128
312
16
25
51
166
-64
405
-169
-143
-158
-448
201
-151
133
-39
7
185
163
395
447
33
-100
-119
210
155
86
9
-74
14
122
258
-58
-290
113
-81
306
320
-147
2
-22
184
-25
200
-92
-48
-21
-313
-248
111
-60
50
-33
247
132
-271
291
400
100
322
-470
4
-152
-254
27
-124
-107
41
-231
10
-51
71
-89
70
-126
-25
87
231
-101
-66
17
81
-43
-5
96
111
-6
-301
59
327
184
-274
-48
14
-132
-15
-68
-158
30
-82
96
21
265
94
-24
-97
-126
194
183
-103
-117
31
-90
-245
103
-86
-15
-35
-233
15
65
-174
25
-51
74
-163
-94
12
96
0
231
-122
-199
-89
-112
-124
24
72
177
-164
21
194
195
210
217
-107
-131
158
37
52
60
-128
80
12
-498
212
-155
77
73
215
190
96
280
4
-112
292
67
-170
-88
55
-243
60
260
-29
-193
89
-33
-88
-505
28
-237
170
16
-153
359
166
108
-376
-79
-246
-291
-23
0
103
-83
-174
74
-135
19
-199
-126
194
-84
15
97
-201
30
367
-72
-113
-224
-133
-129
-79
-190
180
13
231
90
-37
-337
-5
150
308
-232
214
-37
-15
-42
87
-71
182
91
245
-48
-63
-2
-15
76
-133
-476
-82
-195
361
133
190
-26
112
-48
37
-92
36
-34
147
56
-11
-235
-372
-27
-158
-250
143
9
136
145
38
102
57
-139
-83
-234
-161
-6
39
-133
-40
-106
95
148
-14
-189
-88
-13
-511
-157
-86
60
94
-278
220
-162
-7
220
-153
78
-271
299
-103
342
-278
119
358
234
140
112
-118
-99
134
-41
-41
-164
69
97
-45
66
79
46
217
102
381
31
-329
-29
67
-101
-225
-258
-135
-36
-209
-158
-217
446
-45
-186
-16
-141
-68
167
97
5
185
-258
-51
163
-131
-50
-282
-25
-185
-99
-74
-136
121
248
-461
441
-100
90
-208
6
-5
-226
-87
247
242
323
-286
9
159
-166
-244
-34
-135
-50
-90
296
-126
91
-276
123
-238
115
-28
286
161
-41
176
89
-136
26
-80
-205
-18
-167
138
31
-211
223
82
147
-161
198
-297
309
10
228
280
173
16
42
-25
-119
231
32
-406
-261
-32
56
-201
194
-136
356
278
-25
19
-29
183
-177
82
-94
32
-18
58
38
7
295
-110
-172
-112
-102
-235
248
-64
111
7
-130
-272
-381
41
-122
-180
122
-36
-221
-248
-54
117
135
124
137
-202
38
-77
-207
79
-13
-146
-129
222
26
-79
91
-5
-54
59
-14
429
97
-87
-207
1
403
4
155
-177
-35
-106
-52
80
322
-65
74
-72
149
189
-202
109
-226
4
210
-345
-205
-235
21
-26
-204
111
45
103
-7
292
-193
-49
-88
-144
0
403
106
88
-119
-27
-159
266
144
-209
348
44
9
225
242
-164
79
153
119
352
58
60
-205
8
57
-109
-2
300
80
12
-240
151
13
461
-73
104
-45
72
99
-273
-195
62
215
-35
423
520
176
12
-25
0
-109
-190
85
-77
-148
37
95
-261
111
-187
-267
74
-175
-142
169
167
263
34
-24
-195
-168
8
-230
-59
-40
136
272
-44
41
239
-56
-297
331
125
-15
-120
-244
-4
-281
-145
-154
-248
159
-6
68
241
-192
233
-129
46
-54
-37
-154
-62
-80
-114
-114
-231
80
-23
168
-49
-252
-99
106
-76
144
48
83
113
-229
243
-514
-52
-127
-176
55
-117
93
-16
288
293
48
192
18
319
-34
104
154
55
229
-85
-281
131
-232
310
101
-33
-21
-179
470
224
12
-39
-76
392
151
110
-124
-62
206
351
-47
205
-27
173
-362
-220
143
-56
103
255
-109
-188
-210
290
-118
41
153
-108
-43
-24
-13
102
62
79
24
-48
-28
50
-264
143
18
-356
13
-107
159
-353
-66
16
-14
-222
217
5
-267
111
201
46
185
-230
74
-141
-90
-247
37
8
84
-223
147
-337
56
126
44
-85
136
-209
-158
-521
68
39
-94
138
-223
-210
-94
-24
-48
183
319
19
92
-92
172
-29
-28
191
107
-143
37
89
79
254
29
-89
-268
-303
-169
29
-128
33
216
54
76
-267
-102
48
427
-298
-172
75
262
-172
325
-113
-212
-12
66
-175
407
-155
-290
-137
12
16
99
336
67
-51
85
166
-4
200
-183
-45
78
-166
-149
163
-153
38
-38
109
-46
-90
311
-29
44
-150
22
130
-344
-2
-24
298
-122
-69
-272
205
-115
-73
-84
-50
159
-200
-155
90
-73
-2
-243
402
-75
160
363
188
31
162
-496
102
375
-69
109
372
-275
57
147
506
-104
-243
115
-28
167
-46
135
-215
205
23
32
-105
203
261
-171
87
89
365
-43
7
-54
-227
-348
170
-33
110
294
-410
147
210
-297
284
208
-8
-158
47
-244
109
-64
40
-119
232
-75
-54
-70
-56
112
-157
109
21
26
-251
-47
258
80
60
0
-65
297
-276
-47
-16
-314
410
337
-95
125
336
428
204
-124
88
-145
310
-21
32
67
13
239
-29
92
-203
-255
190
-54
79
76
36
-99
-173
86
109
-311
99
30
-202
-123
-114
257
166
-196
446
147
200
-168
-150
-117
-210
-139
-154
-124
-108
138
28
-43
172
-33
344
47
-90
74
-204
10
268
-21
-122
280
58
-16
83
226
31
-43
110
-95
-108
-89
-303
51
-59
190
181
37
-23
25
100
171
232
96
-119
77
115
284
-171
231
233
-48
-143
135
53
111
365
405
-44
-132
55
18
485
9
-55
-133
161
61
-20
-156
9
-211
-34
146
180
-273
-183
-31
152
190
-251
95
47
57
-90
-119
180
22
-70
-212
342
235
-351
57
-49
-79
-183
53
-36
306
12
-49
31
213
5
21
146
-37
-154
141
-185
-206
-37
44
-175
-27
-252
44
-60
113
111
158
45
-161
-50
-123
-43
27
-10
-133
102
20
81
250
-71
-119
362
-132
-68
243
-7
120
196
-169
-194
-47
-82
-74
-22
-80
-116
-136
113
-174
300
272
-190
124
-40
260
77
206
118
0
57
338
-107
48
23
63
-308
-73
-177
-295
-253
-59
-6
-38
-74
399
-111
-11
-128
-347
79
135
-100
-119
-88
-262
153
119
-200
23
137
19
-292
-379
-219
8
331
-198
47
12
65
-119
-15
-206
97
-269
66
-161
53
128
100
-238
-300
153
-117
44
-67
168
-8
39
98
-82
180
30
11
162
-156
-4
-43
28
-19
-209
-51
-28
243
-271
72
-192
-77
-1
126
134
13
-151
-93
-40
429
47
176
155
-280
-7
529
165
-29
-146
227
-10
338
45
395
-117
115
-452
-39
-263
-146
-7
204
382
-39
-65
114
-260
317
-379
30
-55
102
-39
-240
14
78
294
123
-76
17
-38
49
-23
10
157
162
-80
-126
431
-68
-136
-61
-114
69
-83
-161
161
202
127
-92
-158
-122
29
-40
123
22
22
14
5
-8
-11
77
88
-2
195
65
39
-259
-314
-136
-116
114
188
132
112
-17
214
213
-165
267
193
-104
411
-191
-316
-135
-2
-124
305
19
-315
45
202
73
-76
109
-115
110
-70
-215
375
-100
273
54
51
-104
-248
-95
-135
-265
234
29
6
-14
-30
-224
105
312
136
-126
206
117
214
-177
-51
-163
-36
32
127
21
51
-274
77
101
120
336
204
-52
309
-24
-66
-137
-80
-62
-286
40
-421
40
-29
-20
64
46
-238
45
196
-261
-135
87
-59
-20
223
-231
53
110
-54
-188
-206
-107
310
-73
-2
99
28
57
66
77
75
129
-95
150
-11
-469
292
71
226
-147
9
-141
174
391
32
327
21
-263
57
6
98
-133
79
13
48
-85
142
158
25
178
-56
61
111
37
197
-66
399
-251
17
60
66
3
65
-178
-231
110
-243
229
-2
274
226
178
-183
-250
-153
-260
69
94
85
-245
-72
-28
-50
-68
19
-41
100
-97
-195
-258
-210
0
153
-263
-121
324
23
-14
284
-222
165
372
-152
166
-146
169
50
202
115
-86
-229
372
218
11
-243
176
86
-106
-190
135
6
112
178
234
-59
157
-517
-249
-145
-226
-36
-130
16
3
195
-160
-274
-209
69
110
-23
-79
416
98
206
145
-77
178
-349
61
-55
261
-199
-60
-74
96
98
-136
383
-100
-217
107
-39
-205
27
-42
161
61
95
8
24
-23
20
-200
44
14
150
145
-120
-157
91
202
-48
222
-291
-27
337
-293
-113
75
33
-267
221
-304
116
472
155
214
10
-432
436
57
-36
-187
-283
69
-24
-8
244
-94
-19
1
90
125
1
-16
17
31
-2
131
95
-29
-52
-209
-55
207
239
45
-21
42
73
-87
98
-99
162
121
40
-68
197
159
-182
181
59
-202
37
-17
186
-20
236
112
-116
36
233
-57
35
-286
-288
-113
108
-144
-146
-343
141
276
-19
88
-108
164
-201
-144
78
-26
284
99
257
-93
35
-67
165
34
-1
-265
-214
90
3
-188
1
83
-102
-51
186
130
-34
-210
55
-35
16
231
-157
7
9
-92
-230
-253
-84
296
-69
167
-91
-480
-106
63
241
-47
44
-72
67
-109
62
-57
-257
-62
74
201
41
213
-339
-368
-232
-97
-155
-217
-151
189
-135
-133
54
120
119
-498
-97
-153
116
-125
-104
39
430
-160
150
-254
-174
192
113
-241
39
50
146
-495
-294
127
-38
6
154
-444
-30
-98
-110
178
-228
-11
214
-164
-325
-51
-174
-24
197
-67
47
138
-1
-133
-2
-57
19
190
-155
95
130
-1
-174
118
-266
33
104
-183
-112
35
38
17
-79
-171
-125
56
-272
175
-51
-130
122
-37
47
-47
85
-15
104
83
73
381
-13
-181
-205
70
237
-79
-331
124
-3
69
190
-38
-52
-300
44
39
-110
-376
-80
-50
-219
193
95
-21
67
-166
8
220
141
-213
282
45
-138
-328
241
-246
-106
-172
65
-99
-127
109
235
78
-43
-51
-18
148
-47
-43
-373
114
-180
-66
-66
185
187
0
-41
76
-27
112
-100
-337
-208
-238
337
-287
-118
41
-165
-118
166
337
137
-95
91
136
191
456
-25
-254
-245
124
-62
221
-27
-168
-76
46
-105
-37
228
430
48
15
5
-47
-174
-230
288
23
-279
-138
160
156
-234
-215
-103
97
89
105
-108
365
-198
-65
17
-76
319
52
-292
146
-25
-226
143
-194
6
96
-233
53
-76
31
-254
66
235
-151
-5
18
186
-27
17
106
-323
278
8
-174
121
100
-49
0
154
-62
-217
228
-6
246
-460
208
-161
-50
153
104
49
-179
-91
252
13
0
-115
-46
324
38
19
-385
-44
-303
200
90
100
28
-155
240
-18
227
159
45
-494
18
-136
124
163
187
-156
-130
-80
-35
45
-143
131
-6
-159
17
-193
-309
-161
-63
67
9
1
-8
-133
86
-106
-173
151
39
-73
100
48
-137
383
-63
-91
161
-198
64
-14
-12
-324
-20
-54
-24
65
-70
211
-401
44
-6
-73
208
288
255
-50
-334
-140
-96
-123
-185
-93
52
-196
143
173
339
396
30
-144
-15
142
-290
93
198
-173
-180
-6
161
318
-9
195
-416
112
-240
261
-385
-53
19
193
-221
34
116
6
-253
37
147
20
466
224
-225
-167
15
-1
-7
123
37
-206
-105
147
24
58
130
-22
-50
-41
-148
267
50
-53
-4
127
43
-95
6
268
-172
179
-176
-160
16
-15
-27
-16
-5
140
-95
-417
-94
77
-17
32
-59
-47
-49
139
71
-476
-197
115
-134
-22
16
100
-71
-43
-32
112
-103
-91
65
10
-40
112
-416
61
-315
128
-125
-125
134
43
-21
27
90
-131
55
90
99
-89
-156
32
25
182
-31
15
-21
-25
-21
66
-313
-16
-282
-71
130
-114
126
-9
221
-229
134
-71
-100
-332
-206
25
-185
78
-119
-165
37
132
103
-106
-372
-65
130
-31
10
371
-263
48
-230
-136
217
303
-168
-58
-72
11
-131
72
-265
-57
355
71
-174
3
-379
-355
27
83
-25
54
10
344
148
80
-209
-142
48
23
-24
-207
149
-162
-10
30
442
8
-71
-38
-106
-59
147
-110
-40
263
182
-38
-82
-119
243
-29
-224
-97
-34
-142
-88
-174
150
-26
-18
-66
-143
36
-94
80
-19
112
253
93
-81
-51
-139
68
-222
-26
-39
137
229
-51
-243
423
43
-130
222
-276
-211
-104
-5
-24
4
129
-28
52
149
-276
-142
80
-148
199
149
73
-132
-136
-141
-148
-13
39
0
142
116
-302
21
-105
139
-99
206
-43
172
-60
321
12
1
232
237
-304
-117
142
-242
57
-280
-124
-70
-217
52
-102
-8
98
204
39
-255
12
-89
191
-20
163
195
-121
-29
-179
-85
5
-206
-9
45
-241
149
-74
75
-122
82
66
-40
45
-189
357
-1
-78
-69
-125
-171
-41
-182
183
139
-106
109
-110
-262
93
106
120
-112
-72
96
73
-235
97
-222
-94
-342
212
-71
-254
6
-222
-6
-60
40
156
62
-20
-130
127
112
127
38
210
114
-72
-116
297
-9
71
103
35
134
-154
-135
-185
11
-93
-43
104
-209
44
-346
-92
-18
33
141
76
142
45
-251
-50
82
296
-246
15
-259
189
-178
53
163
-106
-127
116
330
97
-213
328
-7
28
-238
-179
-319
72
-96
96
265
66
-159
205
173
5
-14
-15
15
106
-282
119
5
-22
35
138
10
-291
-111
-79
93
211
176
-121
-113
210
81
-191
138
-97
23
-57
-165
84
131
184
109
-8
328
-168
155
349
340
-82
50
196
75
-252
349
182
206
244
-130
212
108
-250
-363
78
160
225
215
-49
217
-133
-31
0
76
-179
-42
224
-220
237
-79
-65
-95
358
-7
247
114
117
-38
-191
177
-240
6
-79
86
-304
-145
-43
281
89
-166
18
65
104
-117
-31
-24
-186
-210
49
18
263
227
174
127
-35
-36
35
-46
199
53
150
53
56
4
37
60
-51
197
87
104
-60
-45
156
-254
171
-205
110
-238
51
408
196
-240
54
-435
17
-38
102
-131
378
105
155
198
-11
-176
-23
-191
-305
131
277
52
-174
-18
-181
42
180
-343
-126
-95
39
-100
191
-13
30
-99
205
187
-36
-238
78
-44
100
87
-60
-303
-68
-41
20
-168
-330
64
-27
125
-10
131
141
135
80
47
226
170
322
108
-100
265
37
135
119
235
253
12
74
-68
122
-30
-29
49
-254
168
-48
-70
24
-96
-254
-243
-139
66
62
-125
164
214
-192
-269
-10
-116
96
79
8
-149
47
-94
-152
-208
-139
-4
201
-218
21
-118
99
-300
-8
-290
99
15
22
-91
-44
11
-110
60
235
124
-97
-52
-167
8
186
-79
-161
196
69
-69
90
-91
96
71
118
152
-143
91
123
-17
-191
194
-66
-146
181
-60
-284
346
348
33
-123
76
-81
-190
18
76
-212
-119
-187
67
-186
-7
-254
230
234
-43
122
93
3
-91
239
-71
-151
15
32
408
196
145
72
180
55
88
-78
-24
-128
173
-171
129
-156
-10
-259
155
-153
-114
-152
175
-170
38
-23
223
-78
62
-28
94
-354
217
13
72
-105
95
-452
-166
-75
-46
-105
144
150
92
-40
233
70
-130
283
-526
-140
205
188
-36
417
-103
-201
-79
-343
157
-268
29
234
204
-234
37
92
-76
-222
15
177
-3
35
33
220
302
-114
209
-136
-45
-206
84
-63
95
272
-146
-204
115
-302
-194
252
-249
-77
74
-144
-152
248
120
191
-41
-244
197
230
79
-94
166
-82
-162
-54
101
-187
12
112
-231
53
44
84
-339
144
75
-92
-92
-263
-68
176
-121
-285
-20
-92
330
486
-41
-78
3
60
19
-234
74
-43
-55
-151
-203
5
-37
331
-101
-117
11
-3
13
-214
33
173
86
233
-260
-158
121
-49
177
-136
193
-21
157
133
-121
150
76
-27
230
83
174
64
-203
-337
-35
27
-333
-280
-143
95
124
18
-68
72
-63
-19
71
124
49
-48
-267
335
-63
-218
14
156
-307
138
218
113
-32
147
-76
-320
-93
-89
-165
-386
18
-75
-58
5
45
-100
93
195
45
171
190
-98
-105
-215
-108
-170
23
-27
-74
36
254
42
243
-55
-9
222
-33
38
194
-122
-58
98
112
-4
-78
673
-162
-140
-112
-130
-137
-70
43
40
150
-46
0
-199
-315
-158
-195
-456
113
167
88
-263
-193
-118
-146
328
104
-77
-134
124
-122
-154
-265
-138
-24
33
136
2
17
76
141
-121
222
-54
131
-9
-27
90
-66
-149
115
6
10
164
-115
236
12
-107
108
-118
-103
186
65
24
7
52
131
163
62
109
-48
129
-65
4
294
-348
-58
-36
-258
-375
-49
-243
-133
78
-39
-220
215
-37
-137
34
37
21
13
1
-151
-99
181
-110
67
53
-120
53
-67
-146
-468
299
-140
-12
112
51
-74
55
330
-278
130
60
-153
-234
-91
-60
84
211
209
-75
29
185
-96
220
99
-54
-159
-80
-21
-102
63
128
67
-54
149
166
-206
11
-96
132
-56
318
-205
39
-21
-182
246
59
-18
-21
90
-113
-35
-4
54
13
-21
2
-32
122
160
-76
24
-282
-33
-454
-206
124
-53
-85
-32
-131
395
-106
-185
-22
50
314
-15
153
107
-127
-44
-26
144
185
5
-164
-34
-94
-3
180
26
-115
-132
-68
-30
-99
76
-45
-255
133
202
49
90
48
-245
251
-39
-60
147
44
-158
-197
-199
23
111
393
63
-231
179
33
189
-42
-217
-68
13
116
92
344
139
-184
-84
-164
-3
245
91
110
-167
12
-216
87
-144
-123
-143
147
7
35
80
-142
173
-131
-128
217
-18
126
-218
-62
-89
80
-302
-121
-178
-225
430
157
150
179
-111
346
-118
-221
112
313
-102
271
-14
-92
-102
88
-103
194
-23
-221
243
188
18
115
-81
56
-115
145
99
-127
-95
256
191
-206
160
144
283
115
-99
53
-275
9
156
-239
129
-5
-139
170
34
35
-97
-130
81
-106
157
95
207
14
-3
133
393
49
-34
155
254
142
-156
171
-160
135
221
-63
14
-137
182
-216
-139
96
-126
55
-177
94
-359
109
45
-178
19
14
-204
-274
-149
-32
-141
171
-94
-122
263
137
494
-56
-459
-147
26
68
-105
-183
-304
-73
-20
-24
-214
360
-26
-138
-306
-100
23
-133
123
-214
168
-340
161
63
152
-159
85
17
-95
-89
157
-249
-285
277
-77
22
-127
-9
-102
-56
-290
335
-140
115
-73
-319
197
167
210
97
136
-83
-108
12
273
128
-150
-17
-177
-83
-72
-302
159
137
171
-80
-226
-156
-27
89
50
125
-365
-279
23
-41
8
192
-332
18
-211
44
-215
5
-192
-96
34
45
-126
270
128
288
358
59
-65
227
-404
-286
79
149
240
83
172
230
-45
-27
-301
181
219
226
201
117
-411
-65
1
-250
134
120
86
114
-84
-226
-68
-142
191
56
-77
-247
-279
198
350
-211
115
-135
-140
125
-21
-33
344
-146
229
-155
-117
136
207
-119
137
-177
-67
-138
116
265
178
-327
181
121
-23
225
229
-68
78
178
-263
-358
174
26
202
162
92
56
15
68
1
-102
-139
-226
-90
199
-15
158
20
35
258
-261
111
-318
-140
-205
-149
-221
-226
141
74
-72
-143
-106
-168
184
60
-42
66
-143
68
122
359
79
-332
339
106
149
45
-254
-31
-178
169
-268
145
-225
257
172
-57
98
207
99
32
-33
-93
142
-99
-38
116
-74
-36
177
64
-266
-123
214
43
-231
28
213
265
-120
-57
314
-88
-217
15
-110
-60
-134
216
34
-239
246
104
71
-58
-206
56
10
-78
-65
-168
-108
-71
-208
19
-218
-64
140
-23
456
229
-176
-374
10
66
-119
-55
307
-27
-159
3
-129
178
38
122
-67
-230
61
190
-36
165
64
85
113
50
80
155
88
1
57
-106
75
-351
-167
-279
300
-77
56
84
182
-73
350
-23
-85
-91
296
-322
192
173
167
-114
-100
-74
237
118
-152
-13
161
-297
65
-280
-378
286
-28
-77
43
-84
-203
168
93
50
181
-184
180
272
240
55
19
-142
-205
137
-45
-162
-262
279
-9
-58
238
125
359
-89
144
-304
218
-188
7
-197
-34
-41
36
282
126
-268
130
42
-83
15
-149
147
-65
145
113
78
-31
-259
107
-23
10
56
82
222
-182
336
-77
-185
204
-51
260
256
-11
-95
-128
-38
-52
-113
219
-80
-32
12
144
279
-98
-19
90
111
-110
-216
199
140
307
158
-177
164
-138
74
160
214
-63
-275
-14
90
-167
366
90
201
18
177
-253
-62
47
56
38
-15
179
-335
-88
217
313
2
26
207
-156
44
-234
-94
40
-7
-86
260
47
184
-70
75
-115
-39
15
-38
-14
147
98
70
-35
-353
41
-2
13
90
-21
183
-186
-183
128
-105
173
-64
3
-215
-22
-324
222
-157
49
195
34
-90
-8
41
-62
7
-18
-207
-201
439
-49
-54
-148
147
337
29
262
-251
335
-33
52
-76
300
-231
18
-233
3
98
-50
-394
-53
108
121
-119
-18
161
173
-192
150
22
28
-386
-36
-121
186
-101
-205
75
15
368
55
-31
-104
47
286
75
-368
72
-248
-8
-37
186
-246
-114
49
-277
-210
-115
187
490
32
-252
58
5
-309
86
8
30
-113
131
38
116
-175
-29
-57
-14
139
-83
-171
185
129
86
20
-286
-172
64
96
61
58
-47
-22
-139
77
-40
14
157
-169
-65
145
-269
-30
-89
-74
-115
-123
-220
-21
242
-27
-276
-148
79
461
-103
-266
74
-162
50
124
-98
-99
130
-144
57
48
9
73
116
-123
-66
168
71
-298
-136
-35
-170
136
243
26
-197
67
-63
-219
172
119
241
241
-130
179
-205
-274
-123
23
11
-61
-39
-94
-135
273
-51
-50
-8
218
105
112
-111
33
58
227
-1
-33
-251
64
220
179
209
51
66
26
-49
194
-173
75
-12
178
150
-271
-27
-427
218
157
89
-292
276
101
-252
-108
-43
37
-95
-132
-179
49
75
196
233
-107
105
244
-400
-260
36
-103
-373
116
-123
195
100
123
267
-321
-64
346
-28
293
135
-14
-74
-142
169
-145
-140
412
178
-138
-76
-423
-175
52
-93
396
1
109
-19
-85
-251
221
-147
190
-113
396
210
-283
17
129
129
-107
-154
180
-43
132
72
-88
233
8
-151
-436
-55
329
100
-277
-128
58
225
-65
-79
118
-212
-17
-252
-16
0
-196
-27
-4
-169
5
120
197
-185
-76
-202
24
23
79
142
250
-117
-66
39
-88
103
30
-30
-160
-15
144
133
-288
64
212
-51
-173
110
110
-198
-165
-162
-1
-333
16
78
-116
-91
-197
-8
51
36
30
-63
-107
61
17
90
-90
-77
201
261
165
149
-46
361
60
122
168
-39
71
-87
-38
69
-45
123
-162
86
115
195
86
-282
44
67
-72
-156
323
-113
290
157
119
-336
57
40
-33
-101
256
-216
25
-20
49
-75
-108
-54
-167
-129
110
100
202
255
247
-173
203
-105
-45
-14
113
159
-27
-10
149
-111
-11
36
38
126
-154
276
119
-182
-202
-231
-166
76
-105
131
-195
62
-199
148
7
159
-69
-156
-89
118
72
-111
2
44
-99
255
-192
41
46
-143
60
-217
-215
-371
-43
-114
-78
-55
44
247
151
-209
-253
-220
-70
-166
6
142
63
-34
573
-30
254
203
-97
-63
-268
-414
243
174
161
75
-105
378
159
388
218
-1
-189
-147
-197
30
308
213
328
97
-203
-13
197
221
164
-70
-43
-142
38
169
-6
-177
-36
74
53
-131
88
-65
-40
29
23
-11
-33
-37
79
-302
86
15
-66
1
-86
38
33
128
107
-134
-278
-86
-44
-129
146
-77
-69
-205
-110
-202
-265
24
-81
-106
-204
436
-56
66
44
-50
-67
12
98
23
162
156
11
60
-185
191
46
-208
9
253
269
324
-301
-134
-120
-73
-207
-82
192
-138
151
44
16
276
-191
-30
295
-98
143
221
-62
-57
-46
161
-58
-97
-25
163
-211
19
28
106
46
-89
140
141
265
-17
220
-322
61
-82
209
161
-281
-29
-36
-124
-255
-223
-45
43
-320
128
-213
-37
-155
-10
167
208
-148
-36
-317
-83
316
100
139
-306
-102
2
-292
208
79
-12
-74
-108
-140
233
201
-2
263
-166
-157
-115
-128
180
35
-26
119
81
-301
24
-91
220
-77
-326
-282
-150
55
433
-143
-200
65
-448
205
-21
10
203
162
76
61
184
-290
-116
172
117
-152
15
-166
110
-47
-28
7
-20
223
-91
-370
-181
-86
43
-266
173
-250
-270
90
115
-135
-138
-156
-221
275
-99
46
-159
-488
-134
-245
347
18
200
-147
93
123
212
-25
27
-213
27
-418
-220
-129
165
169
-7
-139
211
218
-82
98
4
-28
186
218
-190
-9
144
-7
34
256
-21
596
-232
-158
-94
37
46
-59
-4
82
114
-18
-3
-10
237
164
18
95
93
-227
-164
260
166
172
139
-69
34
484
248
60
182
-91
434
-29
184
-125
-54
13
-20
-25
-36
39
-62
-194
-353
397
80
-196
34
84
75
-120
131
-18
-155
214
-253
217
179
264
63
-3
-75
-7
12
40
50
179
324
-258
120
156
57
109
556
-46
-159
-191
-188
-64
-149
-209
-45
83
240
-25
-189
116
141
-22
35
-49
176
236
82
-119
-338
-214
201
65
299
249
232
175
-173
-6
155
330
82
-96
-48
-93
-101
-120
-101
-128
-31
165
-155
342
-9
3
8
109
116
-87
-145
-55
-84
-30
-164
197
398
-57
-96
-143
57
159
89
-10
-56
154
-110
-268
-312
169
-59
56
-32
-309
306
73
475
259
32
-278
-53
-87
21
-25
179
-112
-406
122
46
34
-69
-117
396
237
96
-383
-85
80
-115
235
-127
98
62
238
-20
56
-21
-114
231
284
29
134
-57
55
-45
61
284
-123
0
42
43
-245
-25
103
-12
-3
-47
-167
127
7
256
-164
-23
146
216
-140
-195
-81
-258
153
-64
-65
87
-207
10
35
-2
-252
-141
132
143
-15
109
-138
-83
-223
-80
35
-213
-175
-39
166
-18
-124
-439
-78
-150
-259
187
277
331
-172
69
71
-92
100
-134
-138
386
89
298
286
114
350
259
143
27
197
-44
-50
8
-94
201
-135
175
-76
-77
-84
-107
-72
-117
-372
-68
124
-25
97
-106
-108
-50
-167
306
161
-280
142
110
146
-17
386
-99
58
-123
413
-66
-43
164
-36
-198
-281
-116
75
-111
16
37
-314
179
-5
222
-11
-156
195
320
149
60
43
62
-155
199
21
-15
78
-130
-17
192
-182
-231
-90
-48
-37
-114
390
-250
75
-118
129
50
-3
218
126
103
27
128
150
192
116
-178
-379
443
-47
189
89
165
-79
-77
301
-66
178
-20
-100
45
80
593
162
-194
22
143
135
213
-208
127
174
65
-297
-273
-3
87
-69
-265
-67
-289
49
151
245
-274
194
-97
-47
363
59
-165
158
-358
105
1
66
140
164
491
-145
-251
80
-15
140
77
-160
138
234
-43
-201
194
-84
189
316
153
-156
118
-15
-254
-99
-207
144
-257
-183
-93
70
-218
-73
130
-64
-94
1
-63
-24
77
-143
-67
204
-202
-82
-153
-157
231
310
-318
49
-90
-360
-50
-209
-189
178
21
167
-1
267
-182
57
-96
288
0
7
-110
106
-147
-114
-12
-45
78
167
-71
100
274
4
-8
-52
-295
-416
-83
-98
-198
8
-62
26
57
-100
-269
140
65
50
-55
143
10
-148
-413
-345
88
-183
-312
5
9
60
122
-200
44
76
145
-69
-173
-214
19
146
164
7
70
103
-269
-39
58
-4
427
-18
61
-16
148
-122
-63
44
-327
99
121
195
134
-228
187
194
-76
400
-239
-95
-20
23
-318
-273
-119
25
83
-92
-90
-43
-172
-51
133
64
-226
-277
19
-139
173
-288
-48
219
-178
-216
74
-165
-149
-80
290
132
150
225
193
-130
-26
-55
88
16
-150
119
-345
184
138
182
-159
-29
-42
63
-59
450
229
-15
-3
40
-64
-150
-82
-21
119
79
71
-72
178
196
30
90
24
-28
22
-105
87
-57
39
2
355
30
9
1
218
-95
-161
-215
104
140
89
-39
211
272
23
-161
48
339
74
157
207
-301
-232
-129
73
40
29
-58
-126
40
137
-150
9
-184
-89
69
-211
-347
-157
263
36
218
-49
28
-27
-199
161
216
-157
-55
61
199
132
-162
-300
10
58
291
-88
-3
-191
-12
-125
33
0
-292
-65
-161
108
-9
133
126
142
-272
101
-36
82
-168
-103
-55
-104
-292
176
-9
-145
197
57
-86
-147
-120
-39
163
-187
311
-212
-63
-213
-73
213
348
-182
107
33
74
-178
-173
100
-25
212
131
90
-107
97
-56
87
-188
41
-215
-136
41
-20
-11
-192
157
-98
-201
-43
-56
141
-36
-119
263
119
-18
38
32
-215
176
311
179
-109
-36
-63
30
150
197
46
131
-22
294
-376
-385
-145
137
-294
-223
98
183
1
-109
502
-135
244
-85
36
51
-18
-5
16
-225
78
-93
-300
-112
311
60
21
-162
47
-14
-257
69
36
261
-141
-27
64
85
-201
88
-184
265
75
-149
64
-309
71
-198
281
-212
-1
52
137
-207
-75
82
211
190
121
3
-110
-34
-156
-126
-19
239
-50
-80
-16
-17
-88
16
-42
85
163
-65
59
-192
-108
-14
-141
-138
-213
66
-355
217
20
267
36
53
-75
157
219
139
-95
-130
234
-70
-84
-70
316
-87
29
-268
78
-95
239
273
-102
-222
21
242
-199
258
-145
-67
61
-12
220
128
97
-421
-154
95
-6
-391
67
-259
-177
-239
-568
16
-223
-119
-263
79
-190
-180
-522
-5
138
-63
348
77
327
-111
-15
108
75
230
-6
163
-209
-43
-172
-304
-54
91
214
-104
-93
136
323
-132
-312
403
313
42
-35
-256
90
-65
-93
43
206
-130
3
55
-64
5
-225
-367
-8
-186
84
6
355
55
-271
-30
340
24
-116
2
-51
35
51
-225
54
43
14
181
-59
403
258
-7
-103
-394
-23
198
-113
-210
111
-87
84
-61
98
-33
-51
-282
-283
85
75
65
-92
-98
8
-167
-133
-299
146
-21
100
-108
-9
150
-26
164
60
-117
-233
-84
-101
-71
-42
64
-217
-226
95
-24
-49
-16
111
-43
-66
84
-85
220
132
-209
-16
-549
184
-78
-28
-129
-18
-382
200
134
-6
-86
237
288
-194
-69
-5
33
254
80
152
-100
161
193
261
3
124
-386
-54
142
135
-468
163
360
-99
138
54
162
151
73
-62
-404
-33
-346
12
129
-120
-17
16
180
48
-22
287
-8
-191
-88
164
185
-213
-331
-218
-101
-52
-39
60
192
-149
195
-29
111
-140
-238
-76
-266
-80
-133
309
110
-53
285
9
-179
-8
-115
191
146
-175
96
-13
115
80
-97
46
-319
-30
76
11
-61
44
190
34
-349
-118
6
96
145
147
-171
-124
-55
-174
-192
120
32
-72
247
-63
184
341
-149
-117
69
81
-23
-47
-83
-192
356
-37
-189
-122
-23
-175
231
75
204
109
-142
-17
-200
-366
-120
59
-219
-165
-45
235
4
40
123
-265
251
45
-144
-332
144
84
204
18
-209
103
181
263
105
-85
57
-192
36
197
104
170
-261
46
5
162
56
-7
193
-69
-396
-183
-197
-190
-63
178
-501
-49
-14
-19
-8
-119
-254
37
171
197
-118
-29
11
-85
102
253
360
102
-222
158
-223
-265
-224
-33
-150
-5
127
232
44
218
230
-110
270
-132
159
42
293
-141
-131
71
52
100
276
46
216
42
104
-90
-127
113
-42
25
0
-156
-62
57
30
4
309
205
-282
60
336
-107
-27
-223
-139
-39
313
85
-57
278
353
-221
-153
-83
-217
48
-283
-69
206
243
-219
282
-48
77
151
-3
-13
-80
-79
-167
-192
246
144
-236
95
-48
449
-6
-171
-193
-272
-307
-102
150
-5
-20
-299
159
-79
67
155
15
-1
-363
142
3
-155
144
-10
180
-196
-260
-91
143
-217
-220
-42
112
-200
-177
328
-26
148
-82
301
269
5
168
-89
-214
-201
296
216
-44
-162
-105
314
227
-253
-67
-95
-45
161
-155
-14
74
67
-157
10
-74
239
-292
-87
202
-46
-31
-171
41
-236
-129
-236
0
-26
174
98
-205
106
-135
-99
109
109
215
-345
109
-60
3
336
232
-312
-67
-195
153
156
-37
-208
-83
143
78
-68
277
173
159
91
239
46
-33
117
-67
115
286
-89
-85
-62
-193
115
16
-22
98
-3
-65
233
-150
204
-196
-37
40
-59
-43
34
-227
-100
121
246
-28
60
106
186
-24
59
-5
-326
19
53
-132
-94
52
127
-22
-122
17
21
271
164
-88
192
34
-198
-31
23
-268
88
-131
-72
28
308
-109
-144
-246
125
345
-62
-3
-227
125
-162
-195
-181
13
-5
95
-78
6
-220
131
319
226
-14
-137
-35
37
-222
348
-170
-102
146
-30
-175
-30
-96
110
-36
-137
290
-178
162
-103
199
-57
259
106
55
98
22
45
-13
-319
105
-272
-168
48
133
-226
-104
-157
-65
67
211
80
178
-103
226
-53
-108
150
-240
178
112
-325
-137
-204
64
11
-210
42
115
-28
306
-110
202
20
68
341
-117
148
346
122
502
173
23
188
78
282
115
-126
126
76
-64
-161
-115
-54
103
42
57
104
-33
100
-204
-188
-312
76
-106
55
-153
95
144
-135
-171
124
-185
86
80
197
66
112
103
108
-121
-319
-135
-240
-102
-183
212
2
-265
267
6
-518
90
-14
101
-90
30
13
30
-69
-159
-195
-113
211
268
-139
-127
9
34
-188
-67
440
-191
-189
167
245
253
-10
-59
25
252
102
57
-122
88
-157
-55
125
151
-312
99
325
208
-158
40
14
180
186
-140
-164
115
-91
257
49
56
365
92
-87
-70
-190
172
-317
90
-55
239
159
-244
-247
-317
-212
226
94
370
-252
287
-338
-79
271
-38
-115
-73
-69
296
-29
-198
-87
-191
-294
-275
217
18
-478
233
67
70
-135
94
20
175
-161
-18
177
27
40
-215
227
105
-176
-30
14
9
-76
-151
224
-215
-171
-102
-47
335
11
409
-15
-91
152
261
176
370
52
199
106
-42
-83
-38
-11
-192
-221
243
-158
138
-55
-68
264
157
195
236
-342
256
11
-486
-70
-260
-71
-52
8
118
-19
9
-125
-12
-159
-317
109
-86
347
-24
179
-390
112
165
34
-323
428
80
-105
-163
-95
-255
-311
-128
83
-46
42
-67
-26
-188
160
100
23
-124
-52
29
175
-166
-57
-57
157
42
141
-204
19
170
-16
18
245
-81
-43
146
93
-156
193
84
110
-130
-173
156
145
233
-211
-84
-86
73
162
47
49
323
-260
246
147
226
34
222
348
41
176
414
-369
-23
-72
88
134
4
175
137
134
-335
-148
-88
110
-7
-223
-192
-367
-33
-121
-101
23
90
64
-372
4
56
152
-151
92
-454
-112
-228
-288
39
-143
-195
-404
312
158
110
-222
-36
-4
-125
-207
63
-186
-83
235
-21
248
-202
114
-26
175
11
-9
246
-155
-150
-7
-8
148
-50
1
-64
-183
-19
341
-119
-143
39
35
-171
310
-187
89
99
131
-88
75
27
532
257
-175
140
-34
88
-269
42
-172
-282
-36
76
57
-62
-156
330
121
42
96
237
-282
-271
7
-67
-54
-259
-2
-358
-91
-338
37
-25
255
-118
14
-6
-103
-31
-10
231
-241
-55
-122
-111
-101
-96
-29
74
-93
-222
-174
239
63
-10
164
-59
-266
-96
-7
135
-150
87
-52
152
-126
-139
248
91
-222
-213
-11
77
9
168
185
132
-83
57
-191
-125
94
25
-339
212
-5
-255
-243
148
-50
-132
-147
-67
-132
225
-312
156
14
-52
-265
-254
-202
-98
93
-78
107
-25
-55
243
-73
148
-5
384
-43
207
134
345
-236
40
-314
151
-230
97
-92
-185
-13
530
-124
-62
212
340
-285
-162
201
-419
-400
101
-212
194
288
-143
102
-265
-42
155
-31
-2
-109
-58
3
-125
324
335
226
-68
-30
-37
270
63
-246
-86
-128
-197
41
27
-108
-129
26
-2
-303
-40
-66
35
-53
-123
37
49
2
-304
106
33
-101
197
-178
148
209
-189
326
-184
-150
-62
-173
84
-149
-110
282
-11
-9
9
-499
-26
-151
96
128
-79
-29
282
115
-170
101
-56
-81
-72
358
-137
260
158
93
-102
-98
145
83
41
98
-122
-81
70
10
71
-231
385
125
-252
-32
369
-190
-336
280
73
389
28
-69
126
91
178
-228
301
-282
41
-259
-252
155
11
-48
184
-52
-33
134
174
-51
75
-160
171
134
-195
210
13
-63
-57
-200
81
281
-243
-90
-127
169
-314
-46
-168
-98
60
494
-116
95
61
347
-77
-9
-42
-10
-37
66
179
134
164
24
-289
56
-118
-43
-25
-162
-65
-113
-62
91
41
130
-317
-13
-39
-49
-397
283
79
-192
44
-51
48
-244
-200
-119
96
43
208
238
56
48
327
92
10
-64
-125
-344
23
1
-242
-57
-235
173
-27
-211
88
192
0
72
-122
215
-155
149
156
303
-223
-48
-125
-271
-2
-356
64
350
69
-138
-59
-21
-62
43
240
-141
18
-25
33
25
-57
-249
-222
200
31
-62
-7
136
190
213
145
64
74
108
-37
182
104
-172
-37
151
-106
-77
68
-37
-43
-43
259
131
-221
-128
-154
124
401
-64
-203
-59
66
-20
-115
-99
99
214
-147
8
-73
206
-274
-3
152
-69
63
199
58
-57
-159
-174
50
-323
283
-22
34
97
253
-407
-248
-98
-58
25
-125
-212
45
-21
27
46
397
209
-105
-227
222
44
85
111
-250
114
40
-112
-148
125
-72
33
-111
-181
102
-393
100
122
264
160
-195
-111
3
-140
-32
-153
-40
197
52
-399
97
-168
-17
-4
225
-284
123
266
140
-85
201
-69
53
-8
-142
195
-387
50
-331
152
-87
-119
-89
54
261
-11
-66
63
151
-178
-82
-63
323
67
115
98
-161
156
28
186
-239
337
-170
-122
-332
303
309
60
6
69
42
-141
-369
80
373
-115
242
127
-196
156
-138
-287
192
-76
-170
264
-311
-60
245
-66
102
62
115
184
80
148
169
-92
-112
-259
171
81
-96
-78
37
68
227
-16
-308
159
156
-97
30
105
65
-107
-80
60
20
158
22
-46
15
-193
-87
32
74
354
-48
72
154
32
-161
157
-107
201
127
289
-245
-42
-49
-130
-205
-296
-31
27
-126
-473
207
-134
-144
91
21
-50
-284
-9
80
-245
50
154
-12
216
210
-128
220
-48
-6
-105
43
-438
62
-39
-225
49
435
-13
202
168
125
225
49
218
-186
-154
-140
126
113
-176
-132
-101
55
13
204
213
52
71
69
-338
338
160
114
-215
178
-159
-68
177
139
66
25
76
-142
79
-164
-175
24
19
-214
22
96
3
-6
-127
55
-228
243
32
-56
-159
327
159
242
-69
82
-85
-236
45
145
-304
-72
56
81
-178
109
28
-221
72
259
-5
-4
67
-74
140
-103
-179
-187
24
-213
-33
-51
110
-81
-58
-29
-23
281
-43
-78
43
16
79
228
-62
-14
-139
149
-67
104
53
30
-182
187
162
252
-125
-265
-168
30
-283
6
-57
-163
-340
144
168
101
0
-140
-365
-49
64
106
157
-55
35
-144
-234
57
-149
137
-53
-77
315
115
-221
161
33
-106
-32
-159
-66
-54
-89
69
-354
239
327
-28
432
59
172
-103
243
-33
67
93
-8
63
5
-31
-258
53
-140
43
-9
132
-68
-224
-103
-233
188
-149
-318
138
28
-132
-213
-45
-216
214
176
-106
302
-40
304
-131
-177
277
-60
-217
159
-322
-31
77
154
-82
98
-205
162
11
94
120
-111
277
-294
-66
-42
-63
-169
-75
205
62
-174
276
-273
41
259
15
-336
12
-34
-452
-9
331
-22
206
-44
-12
20
-17
96
-101
-139
16
-38
-148
193
-288
-233
74
-162
-11
-19
-120
6
-76
-72
-10
428
11
-171
59
-294
85
-189
-65
-96
-30
-206
46
177
25
-200
196
37
187
-305
82
196
-26
488
-149
-49
26
95
-13
143
5
-125
154
-279
-6
89
-191
-5
-28
-310
-215
252
62
-58
-52
53
92
154
130
-221
166
78
-78
-93
130
125
98
-342
190
157
-95
101
-110
-17
-115
17
-23
61
149
418
45
112
291
26
134
-323
-30
56
-152
379
0
197
171
-25
426
6
-75
-84
156
-39
96
31
115
-193
-265
-28
25
147
19
82
-229
168
-47
-21
-35
-106
-108
259
34
-76
14
-9
-500
112
224
25
-17
146
44
-227
-181
206
234
57
116
128
-73
-386
16
340
190
-162
93
324
-89
211
354
-161
-168
-2
262
96
11
-317
-277
-201
98
128
140
-295
-61
239
13
55
92
-19
-264
-34
-255
49
42
-281
-212
20
-295
83
17
24
32
-256
-128
162
29
10
107
108
-98
6
87
75
43
74
46
167
-293
-191
-157
36
343
142
-16
-95
31
-282
-59
130
-234
24
304
-92
51
17
63
137
-119
-96
-317
24
120
-16
119
-129
-38
-10
-33
12
-123
-27
-114
-101
34
10
231
-116
-76
-58
-106
233
33
295
126
-206
-64
-80
-177
227
189
147
2
-202
68
155
-334
68
170
197
57
66
-41
-155
105
-144
76
-7
271
-12
155
44
-272
-122
116
64
20
-142
-197
-12
-77
-308
100
-53
-157
41
111
-16
-72
-20
-109
134
-46
38
14
-107
-81
25
142
-83
235
343
208
-305
-203
243
-199
-151
-87
101
177
48
-277
-47
-107
95
45
-305
16
74
-97
325
29
-206
148
216
-109
229
99
-29
-184
69
101
45
-109
291
-45
65
27
210
-199
95
413
-93
-5
4
-227
-219
-28
-70
240
2
-119
-75
38
198
-352
0
65
-70
179
-231
211
110
-34
-266
35
-299
-154
-104
-206
375
-6
-271
170
103
160
190
-149
-12
-93
56
125
-343
126
240
168
520
-56
-313
-300
27
-99
-208
-208
-82
-110
139
-151
-189
324
269
33
167
143
-199
-244
-77
-116
329
-1
-99
68
141
-33
-254
126
32
54
92
156
119
-264
-380
198
227
-118
62
-109
-25
-89
-81
225
39
151
-252
67
-140
-348
-59
250
295
53
-94
192
-194
106
-137
-280
-196
-196
187
-57
-44
-90
-98
-299
52
55
303
28
284
99
-44
-232
172
273
-177
69
-46
95
219
-101
35
-31
-232
110
150
-93
-131
-163
131
-74
98
-15
293
4
-73
209
330
-96
-91
28
-71
-85
81
56
-89
272
-62
-150
25
-84
286
-80
-209
62
389
274
136
-264
-89
-45
-100
-537
-319
-193
-109
144
146
285
149
71
-99
269
171
165
-73
-56
-23
-140
411
80
85
-42
76
251
317
-159
308
-13
193
-257
-176
-66
28
-285
176
-199
257
328
-75
-71
-62
57
-81
194
-25
165
117
16
-52
-230
-51
-68
-263
201
171
-253
-85
287
29
316
-134
43
316
294
109
21
0
-186
-48
-144
-139
55
93
-419
-102
-166
-47
-239
56
-268
140
-336
19
-28
100
58
0
-104
102
-185
-24
-20
4
200
17
-160
91
-192
124
244
8
278
-194
-38
183
223
-130
-230
201
-132
-30
-268
-85
-288
-312
-92
14
39
232
104
-293
-72
-6
75
284
109
-126
54
-89
160
112
-89
141
98
-104
199
-123
84
-282
-208
270
-52
124
165
-330
-30
164
-367
-63
-193
50
30
-156
-241
113
111
-131
-400
73
183
46
-189
102
0
30
-278
400
-127
132
19
71
67
139
-88
119
-211
202
-321
-222
-101
1
230
260
11
278
-122
-289
10
28
205
50
110
292
-292
114
135
-27
197
-211
-143
-267
-279
222
-273
-128
11
42
111
-126
85
-196
-37
-18
342
76
168
97
-217
50
-289
142
-64
201
-16
108
225
77
-78
164
-344
-228
-155
15
145
236
192
-121
-66
2
46
100
88
-159
-24
12
-20
129
249
89
207
83
195
84
-34
-148
-1
157
-16
66
-14
400
-88
84
266
162
62
-119
62
-40
60
164
-112
-158
-23
148
-28
7
18
-166
204
153
-251
319
211
-280
-30
-376
-185
43
-7
-36
-170
-36
283
-126
487
143
157
-123
141
12
71
87
37
325
-37
212
-163
-43
-244
-288
-129
-20
-240
-52
-137
-37
-11
164
81
71
20
62
152
-123
176
-125
-295
139
-115
70
88
137
-56
-42
247
-105
8
129
269
309
-175
67
184
-38
-100
104
-106
-12
114
-81
145
205
215
-131
-43
175
-112
41
103
175
0
-205
-28
14
33
-121
-66
-91
54
58
-13
130
21
-85
18
-180
-160
-155
115
46
116
-199
309
-218
-274
-31
-191
86
-15
45
74
437
-110
135
5
119
36
146
116
225
-233
-93
68
-98
-321
141
-49
77
-73
221
239
-173
-216
-306
-109
21
-214
89
17
181
74
112
-35
114
91
-249
-367
-303
216
51
145
59
-41
-252
-15
356
-111
-103
-173
-91
145
176
-124
-68
268
264
46
-26
61
4
75
379
149
167
3
112
-60
32
60
369
-135
-181
-42
-120
49
123
72
-30
395
-118
266
151
-182
9
-262
-496
12
212
-242
-258
-16
-62
112
-133
80
47
238
-70
254
82
174
-70
-130
-90
31
-18
157
204
69
275
-335
10
114
266
-108
430
65
-187
40
-205
-18
175
-189
72
-24
142
297
79
22
-109
35
22
221
115
-121
-224
114
32
-71
-90
78
-29
281
-237
164
-68
-158
-255
-158
180
-165
-80
232
-178
-17
235
159
-119
-221
93
94
158
21
-36
-4
125
138
34
300
-363
226
8
56
291
11
-228
340
317
-201
-158
198
-136
-21
-84
87
-108
-139
-102
93
-216
105
-76
-37
76
11
-140
242
450
45
4
215
36
179
-451
1
169
150
-80
24
-219
-34
-66
-177
-329
-321
31
93
66
-239
-42
-17
281
-139
-49
-42
-19
-51
-70
-45
-411
-7
-27
195
-29
67
280
25
-96
140
-72
105
396
159
144
4
46
224
-180
-3
87
-45
-155
-43
-165
-76
-154
-50
105
143
-146
-91
55
213
18
-144
113
-170
-132
-206
-80
-63
-66
174
-75
-349
-400
164
59
173
426
-200
-26
-140
-6
-13
66
-89
-60
-225
-56
195
140
-221
-20
-211
172
-159
-13
-23
-39
284
29
60
-69
134
-118
17
216
93
-67
-169
-39
-422
-96
171
-262
261
-154
71
-78
340
306
158
-115
-155
151
-245
-75
-142
8
258
-157
261
137
-126
-196
30
210
48
-264
109
-99
154
-324
-210
-46
-2
47
-82
169
201
58
260
-128
-226
64
-16
-99
-164
-240
6
-143
-114
168
-217
-28
113
94
-258
76
15
-40
-175
-136
-215
215
-295
-363
186
-206
10
-141
356
57
8
185
146
134
-295
147
-337
-111
112
410
-4
256
168
-56
-231
-137
-45
375
102
-11
77
-72
13
176
-77
-235
-116
123
224
49
-65
161
194
40
-139
152
-195
-107
47
-285
-10
351
167
-179
140
106
-42
159
53
170
-217
-269
254
-363
144
196
254
91
-190
-90
30
26
359
126
-379
122
148
-52
306
236
145
75
10
-91
-253
-128
74
-152
46
-51
-247
-208
-72
-147
-53
-96
-40
106
2
-125
190
-108
-6
-195
-226
-192
-138
-138
87
-34
181
34
-282
-326
258
41
-38
120
-65
162
-8
-106
190
-3
112
124
-7
28
37
140
-120
173
-36
-100
-161
101
33
-48
6
-118
38
371
-350
405
-198
-39
-230
-72
202
108
124
36
-123
77
374
39
-46
-77
130
-488
68
-35
-127
28
-45
-144
-239
-118
-142
116
-95
61
30
-79
154
245
-28
-6
-51
63
-211
92
188
-33
-39
-112
84
-195
123
-138
245
63
-171
131
255
-191
-42
-230
28
37
24
145
-13
-25
-177
-45
-176
200
83
-85
156
312
-257
81
-155
-150
-12
-91
-199
125
222
-82
-89
-32
95
171
-203
21
221
41
198
-21
-140
-19
108
-172
-62
-34
-186
278
-230
36
-293
2
97
8
-76
17
-27
32
4
54
-74
-9
-5
223
-31
-100
-236
-112
197
50
-293
55
8
11
35
228
-335
321
-271
24
-312
-27
-68
-238
97
328
1
-96
59
2
-36
168
-241
-76
-4
-121
-149
1
-258
-218
296
-90
-53
-52
132
309
14
197
129
132
7
248
90
-238
-94
66
-36
-92
-29
50
-247
13
215
-160
47
170
-96
64
171
101
-222
3
201
-85
254
148
172
-77
152
19
-396
-67
40
128
192
76
-292
230
-22
278
162
-137
53
-132
125
-29
-58
-33
-74
394
-49
-55
-172
237
171
278
86
-83
341
-258
-258
152
207
138
191
71
39
-22
153
-297
-83
-115
-327
-69
194
148
-208
237
53
-113
53
189
-154
40
-60
-118
222
53
-137
160
-184
9
-248
175
-54
-155
-91
-355
-59
153
-150
135
-157
-163
-210
-7
39
46
-24
39
227
218
18
75
120
136
-170
10
-117
343
-303
-65
-204
44
2
-218
-188
86
10
-179
1
-379
-149
-41
120
-271
-122
41
27
197
-124
-18
23
195
-51
76
212
-162
-141
38
204
-306
-419
7
-137
126
242
137
120
-121
-150
340
565
86
-87
-69
258
-292
347
56
139
390
-427
210
-191
-100
-142
-273
208
-63
99
-47
-44
244
-136
192
-60
38
-123
69
155
297
410
55
-269
131
91
-131
-22
-326
30
-84
277
111
159
382
-87
-14
1
-61
21
62
52
31
-58
-49
355
31
-281
340
-177
-137
-467
63
29
-108
165
-126
-36
-98
-27
-208
-63
64
10
175
255
-309
-137
-185
-109
-40
-194
61
-7
-65
58
218
-284
-58
389
-209
-101
351
-3
-4
116
270
-1
27
-252
-58
-106
427
-524
-188
109
125
-263
-233
0
-144
-67
182
-117
248
350
-17
108
57
-198
-57
-245
4
59
81
-262
137
-146
25
224
169
-148
-194
65
135
212
-249
74
-229
-43
-120
-156
-85
308
50
150
-198
-4
-138
12
339
-107
49
-130
-270
-167
-80
-82
-533
-50
36
13
56
-56
-322
-86
172
-20
-60
66
159
-187
-144
145
