27 84 144
0 12
0 16
1 0
1 22
2 3
2 4
2 15
3 14
3 25
4 7
4 14
5 0
5 7
5 21
5 23
6 18
6 24
7 13
7 14
7 17
7 23
7 24
8 1
8 17
8 26
9 18
9 19
10 12
11 5
11 13
11 19
11 20
12 0
12 3
13 4
13 12
13 21
14 16
14 20
14 22
16 19
16 23
17 7
17 9
17 12
17 18
18 3
18 4
18 20
18 21
18 24
19 2
19 6
19 14
19 21
19 24
20 3
20 22
21 2
21 9
21 20
21 24
22 7
22 12
22 13
22 20
22 25
23 1
23 9
23 13
23 18
23 22
24 1
24 10
24 15
25 4
25 6
25 21
25 22
25 25
26 0
26 9
26 16
26 19
17
69
33
8
71
68
22
0
20
26
1
10
78
46
45
21
72
75
50
47
60
9
51
57
53
82
18
36
52
54
19
7
13
74
39
70
81
62
83
25
41
80
42
67
59
76
66
15
34
16
23
3
12
61
77
2
73
38
29
30
64
27
63
65
31
44
4
49
24
40
55
14
6
32
79
28
58
11
56
5
35
43
48
37
-22
-21
123
-247
50
-46
49
10
141
-144
24
-56
-155
93
-212
-101
220
-255
185
202
41
-80
-1
34
6
-75
-275
-174
66
26
-88
-145
-101
-12
-107
52
-178
32
-56
11
-150
69
-47
0
271
-31
-21
27
-133
-10
-213
105
166
-14
-28
-210
-420
180
-72
-62
209
37
73
-127
-214
114
188
191
-184
186
-121
107
34
81
67
-107
82
-53
111
-206
-77
275
-59
-96
39
152
-98
148
-4
-64
104
171
139
41
-222
199
-98
77
16
-37
71
-33
-13
-57
38
29
-44
22
326
-20
80
-124
-78
19
-211
-113
128
68
10
-10
35
201
-139
154
27
96
-24
-78
72
113
195
-20
62
-35
-38
-100
313
-23
-245
-2
-104
23
101
-2
120
-170
-256
-144
165
94
65
-93
-140
-30
-89
-230
141
84
-209
67
-76
230
53
222
222
4
-143
-71
45
-97
30
85
19
-194
-111
48
-80
-30
-127
-49
23
-81
168
61
27
-104
-144
76
101
14
130
-13
-111
67
-86
-99
-371
50
-26
136
-235
31
-243
-299
-32
-330
-119
73
178
-55
-213
1
-76
-243
74
106
-234
-141
5
-104
87
-350
-219
99
196
-47
-318
53
22
-286
-170
124
25
125
119
-40
445
88
26
-64
79
-303
17
11
58
-219
-56
-151
-216
-177
-21
47
77
37
-3
-85
4
-26
-80
-103
45
160
-159
-173
185
-66
91
-181
78
84
157
-296
101
97
292
113
-294
-9
154
34
-236
38
106
-117
-69
154
190
-237
99
193
-166
218
71
-199
73
90
46
8
-143
175
-5
-121
-22
-124
44
-96
24
107
113
-8
-22
220
-187
-120
176
-95
108
169
-150
104
-467
-6
-13
33
-69
-141
157
-130
-17
-93
186
-162
-284
-178
-84
-83
-59
-62
194
298
-170
-236
90
-219
64
-159
109
-20
-55
31
-104
22
-86
195
88
-13
41
-226
-111
303
-16
87
375
-121
69
-170
-105
-12
-50
-208
-13
250
-8
-80
78
-192
-59
125
28
120
-65
83
223
-114
-217
-49
152
-253
103
-59
42
-44
-121
-66
103
50
-34
4
36
78
113
72
-28
105
-173
-36
0
-116
184
231
-140
130
-90
96
-36
36
8
137
-245
-73
178
-101
-26
-15
268
27
-30
-185
-92
36
171
-198
-199
-111
18
-135
-166
62
-114
-185
17
126
177
-126
49
155
-76
23
150
30
40
81
-174
-306
-131
99
-386
-34
-130
-227
162
33
-56
9
-39
90
8
143
54
143
-159
-108
9
-135
-100
-42
164
-11
77
-8
237
177
-15
381
58
109
-117
53
146
-127
-68
84
203
55
119
59
27
147
144
77
-266
124
209
190
89
78
-136
50
-137
-26
-193
-126
-119
67
-319
-120
-97
46
-103
-110
206
-304
320
-201
-125
21
67
-342
57
-12
36
-155
-18
88
247
116
-121
-133
211
63
54
4
125
-141
-144
-109
30
-6
-300
-139
196
-165
-80
-25
-63
88
-17
-165
51
28
-6
-53
190
-47
28
160
-44
-154
120
-144
35
-28
-341
40
159
377
-21
-330
-61
-20
-123
-33
11
108
-7
129
17
4
-89
-121
-394
-132
114
-60
55
-51
-189
146
64
-223
54
67
-196
-1
-30
259
-160
60
59
29
-129
62
28
-89
-8
114
243
-62
-210
98
162
-94
-55
-62
-8
130
29
-120
27
283
-33
-270
185
1
-39
-140
29
-312
-2
39
-175
-140
106
124
81
-222
9
-208
-108
-32
-47
-98
-21
-43
-74
-327
-69
72
135
111
17
-24
-91
-70
8
53
-101
402
93
-51
180
269
18
-63
35
216
84
235
-40
-37
54
-318
-39
-19
162
4
-133
-131
-73
-310
80
0
-50
161
96
-296
-50
-9
-124
95
43
40
20
43
175
137
-78
5
173
-22
144
-97
-142
-12
95
-7
143
-115
-305
-12
114
-10
173
-151
40
51
-7
-296
-92
71
109
13
89
30
-116
-53
-144
-177
201
54
1
326
174
-338
-103
0
-167
225
-110
-126
86
14
73
-53
347
63
49
3
-31
-157
-3
270
-275
-219
-46
-47
59
2
324
-192
88
54
35
-43
66
157
120
32
23
-28
94
53
-22
25
9
12
-195
160
178
11
85
238
66
6
130
4
143
144
-24
27
292
-409
37
-150
24
-46
64
-86
181
110
-158
44
-244
-118
123
-4
-48
239
373
-175
82
-103
75
-93
41
-20
5
104
10
-176
-194
7
-83
-79
-21
9
149
126
-39
121
-10
31
153
40
-231
84
-135
-95
198
18
-70
-45
46
-56
135
202
-58
14
33
239
6
11
-4
-221
90
-67
109
205
-43
-330
6
23
-151
-103
13
289
261
256
29
-154
71
15
12
12
159
-100
113
-98
92
-61
-321
89
-426
-219
-103
-41
128
-16
-132
134
79
-51
17
252
-110
113
43
-6
122
-26
30
-14
3
65
64
311
58
209
69
-387
-115
350
-98
79
88
-155
186
-80
19
30
-147
122
-144
24
-253
-108
-60
-143
317
56
256
-206
-110
-75
-158
-148
4
91
-149
40
-361
-99
18
274
50
160
-73
-107
-200
-116
163
-129
-63
137
-81
199
399
108
192
168
80
129
115
8
22
-134
151
28
124
191
135
-106
84
-208
-20
166
-101
55
-24
-214
-163
-150
-93
8
151
-125
-90
39
14
-206
85
-8
-53
-13
-31
149
-145
118
-24
213
29
74
-47
-163
38
-199
131
-116
134
85
-34
72
269
-282
51
-139
-148
188
206
130
-66
146
11
135
179
-266
125
-257
126
198
103
74
62
283
-61
-182
-7
121
-146
75
39
115
148
-9
380
-100
187
43
189
-9
82
-35
22
-204
-5
-26
-192
49
54
-7
-109
93
-141
-503
147
70
53
86
-259
-211
-228
94
-73
-200
-119
-326
-183
-109
140
216
-81
137
12
-160
-38
-109
-122
-83
-174
31
-211
166
224
19
114
166
139
-90
-93
-20
-29
-230
-160
180
124
242
-143
-26
-83
105
190
131
80
236
-12
-222
-39
117
84
-75
37
76
-65
-246
98
-32
-131
159
53
181
-94
124
147
45
-13
20
-73
139
49
173
64
-194
-26
-125
55
-115
51
-33
139
-87
203
-164
110
205
-214
-45
-201
159
-61
-61
314
-43
119
115
-183
10
148
-210
110
47
-251
-107
-90
33
-318
123
-124
117
14
-69
-182
-206
185
12
6
56
3
400
58
26
-152
87
31
38
-91
170
69
-44
124
75
365
283
2
-33
12
220
274
245
274
-91
157
224
-71
124
-137
162
-120
105
-84
-329
253
349
103
186
59
-63
-183
-27
21
64
100
-36
36
230
-105
163
48
-18
-176
-31
141
317
34
51
-120
138
-4
59
85
192
-6
20
-54
-102
-55
7
169
-19
-252
88
-244
-115
72
54
-48
167
-82
-179
241
-77
80
-203
87
-85
65
-239
40
136
-205
-256
-107
-45
-164
48
173
-305
-248
249
226
-316
-95
-219
95
101
176
164
-35
330
-304
-57
-218
165
142
-261
-34
-34
-274
225
-210
196
325
2
-143
-13
-244
-54
23
-227
-116
164
90
-42
51
210
-249
-169
-22
64
24
-39
-91
226
119
120
146
-115
37
164
-211
156
-56
139
-186
-44
-159
-2
-164
-49
261
-73
-146
104
-86
282
242
37
-103
101
0
-295
-266
-48
-93
83
-299
-51
52
4
32
-266
26
-136
171
-227
-87
-96
-17
-45
168
-135
-232
-126
170
116
-143
37
230
40
-9
-73
101
-234
37
143
109
-8
-189
175
-219
-141
-37
-100
162
51
8
99
-216
-383
-82
20
-211
-232
-50
35
99
-115
47
-57
28
-3
170
30
-187
-41
155
-76
-103
-128
-30
8
-69
-52
-150
-70
-68
10
-137
-129
277
164
36
392
-29
64
10
52
-262
-60
161
50
73
74
71
-180
53
-97
-8
-73
35
61
-78
-108
271
-14
-153
138
-74
-20
158
79
-321
245
27
50
94
-107
-121
-76
132
-40
-123
-2
-8
7
-279
51
20
194
112
133
18
25
77
7
115
-126
280
-32
-89
133
-130
-171
-111
-15
208
-245
235
123
16
215
98
109
42
-306
-154
-47
33
44
-204
-62
-166
-111
9
-62
-83
-48
203
20
86
129
-19
37
-396
-87
134
-32
158
54
179
-108
57
244
-1
168
34
94
-76
-134
140
-55
164
-129
111
36
-133
273
78
-211
83
-53
67
-138
-106
-24
-146
-107
-45
-58
26
-166
37
-67
201
-134
-120
-76
57
61
37
-110
-191
13
74
302
-105
85
-27
311
225
51
-36
46
49
162
192
-113
-99
-64
276
111
117
97
125
59
72
-33
208
-57
62
-179
-92
-86
7
91
70
-135
183
-296
-27
227
-277
95
172
152
-59
64
89
-30
-87
267
34
-97
117
-124
-151
249
-70
-147
-252
-167
-49
-233
73
-71
106
110
-79
95
-202
-37
16
-134
-276
-148
-80
-58
57
85
286
-191
-104
-363
320
330
-79
48
-96
9
24
11
-323
4
70
-139
-156
50
-49
-246
112
-48
29
-140
-186
82
-33
-32
143
-105
-22
-142
-282
86
-51
-112
87
-186
70
-229
126
-60
-102
73
195
42
61
34
118
-140
267
199
128
-4
106
-101
-60
-145
-12
-79
302
-54
-50
-24
-79
-43
48
216
-211
-131
42
43
-282
-227
19
50
38
70
130
-165
3
-186
58
-150
72
-153
293
16
19
86
-123
-155
242
-145
-107
-90
-60
-64
58
191
-155
-109
-94
374
14
-135
130
158
-29
31
-186
211
-33
191
173
-249
47
143
171
48
-101
-1
-223
194
205
40
-179
-225
-75
-12
-68
100
-8
5
-194
-110
229
49
79
-6
59
-10
76
81
-37
-26
-31
-318
102
-211
-66
166
33
204
97
14
-71
165
33
-94
98
-100
-106
-79
-61
41
-3
34
77
-40
95
-246
-30
109
-227
61
-41
82
54
-16
203
66
-266
-238
64
287
139
-292
78
152
54
77
37
-55
220
-114
8
23
68
156
124
-98
-208
-244
-154
122
-18
-29
-49
-183
-33
215
-383
32
131
-177
70
109
192
195
137
35
145
-25
-311
-55
-200
-81
-35
24
77
69
68
-17
79
-223
-42
71
-155
-68
239
-155
159
122
70
-5
158
-50
6
140
-166
99
-251
-328
92
72
-61
-77
138
107
-148
-182
-296
93
-190
-225
8
126
40
-208
184
-8
305
87
62
-153
-25
83
227
306
-3
77
24
186
88
73
11
-259
35
-266
-35
-70
55
-28
162
35
8
169
346
47
32
47
-151
-143
-6
-160
283
26
80
-62
-35
115
-5
150
-18
-176
135
86
26
154
-133
55
198
1
35
-27
-51
-34
63
154
-22
-41
21
-228
127
12
12
76
94
115
-136
141
-231
-207
231
-148
133
110
185
-3
15
78
-290
-31
32
187
90
-8
87
-22
166
-26
-17
0
-93
-7
270
6
157
81
-122
-80
239
196
-85
88
-140
278
56
-206
-61
127
42
184
-83
179
-21
151
85
-40
97
-115
-166
-149
214
-80
-17
85
-9
-181
-16
-101
150
-7
-33
-105
-152
-56
-280
12
-167
-21
14
237
-61
183
-197
110
161
-93
52
-113
-257
-148
27
125
-165
-193
37
193
-123
159
-111
121
125
-130
183
85
-99
-67
-106
-39
-93
173
39
-28
2
113
64
-6
-128
56
204
39
108
-16
89
57
10
81
-214
-158
172
145
-187
76
159
24
-100
12
-61
57
14
20
158
14
-116
-118
-34
-32
-45
109
-117
70
-187
-42
25
76
-207
-42
-230
-22
133
-24
-13
-38
-58
117
-99
-52
180
90
18
-168
-131
22
436
55
-80
-1
-26
-103
-83
85
-35
90
-140
211
202
25
35
74
-120
41
-10
173
49
73
18
-21
305
122
114
-56
-27
-64
54
-82
124
157
-1
34
-85
139
116
-119
183
5
123
-120
32
163
-75
-211
-11
167
-74
-84
-51
94
-259
-39
23
-79
120
7
92
182
158
25
157
68
-130
-102
-67
-191
77
137
-277
-172
-119
96
32
-140
-55
-9
-170
-35
75
-12
187
222
132
-173
73
-277
-183
42
84
79
53
64
-179
45
-186
-22
-138
7
97
7
287
45
199
-6
173
-10
308
184
-34
73
-111
66
157
161
24
153
121
136
67
-309
81
147
-88
-170
131
-54
85
120
218
-34
-86
50
50
-96
-20
-60
-57
-74
5
-285
-174
-170
162
271
155
42
158
122
66
198
-46
68
36
57
46
253
56
-124
28
-110
-167
31
-136
198
41
-358
75
-296
-49
-58
-61
35
89
233
114
-250
-326
-173
-44
24
46
-63
-192
350
274
349
81
72
3
-31
21
-286
-181
-85
19
22
25
-50
72
-322
39
6
190
131
25
154
-345
-127
-12
135
-283
-130
178
-211
48
25
130
37
67
-28
-85
81
322
194
-84
-71
-57
94
-46
82
193
19
10
57
222
-159
66
-167
86
-230
-24
-408
-79
-62
-148
-121
138
79
-158
-171
-174
81
-91
107
-43
-61
43
21
-80
118
25
-49
46
50
18
-30
-77
-164
-237
85
79
-149
-21
87
-31
316
136
-98
-83
92
79
-66
-94
65
29
-116
13
-2
185
31
-301
13
-63
-79
78
-126
-31
149
-166
-8
143
163
-12
-100
-12
195
-196
-188
168
-62
80
-45
-135
-56
32
338
-4
-390
-45
249
72
-91
-175
-6
-206
-325
-120
-289
-211
-193
5
-120
-220
188
16
-18
191
-181
-110
74
-28
-93
-159
-141
31
-69
12
207
-63
-47
155
-69
-151
-119
-175
378
66
-71
107
-59
-131
44
-74
168
2
42
-21
-25
-27
-30
25
-9
209
-95
159
93
197
-139
42
236
-63
-216
48
119
-171
-23
286
181
-3
48
-43
-80
164
-310
-3
94
-14
38
-27
69
-85
56
18
26
34
93
-13
44
-9
-32
-42
-124
-344
43
-257
-215
-46
-114
-52
214
58
-234
99
-119
-81
-46
41
-26
-102
27
-106
213
-145
215
83
12
38
-88
45
240
-182
-85
18
-103
-18
-10
93
146
-19
-38
289
66
102
-257
117
167
127
23
106
-318
161
-47
-188
-104
261
125
12
66
34
-166
116
63
-61
-143
146
37
-43
26
174
190
146
-19
60
184
79
-11
241
-184
84
-380
-255
-47
80
160
42
-21
114
64
-51
-213
129
124
-203
47
146
8
-7
164
18
174
116
56
-67
438
-85
348
48
69
12
-85
55
33
61
-145
-61
-54
104
217
-19
-104
36
135
56
-29
-137
-78
-169
-106
-167
-154
-56
129
93
103
-54
-43
-1
-43
18
-22
52
-89
-221
-52
85
91
163
184
-4
-107
99
67
109
0
90
-7
-8
-93
18
306
33
32
5
-216
-31
230
-180
-11
565
9
191
168
-130
166
-149
-192
70
77
77
-61
343
-45
50
147
98
-23
-114
-64
146
-157
-145
-140
-309
167
-161
74
-43
115
4
11
-261
-117
-56
239
-40
-9
97
83
-49
-20
-226
-194
-54
107
114
219
104
88
-65
-23
-180
19
43
187
-80
274
-222
-142
77
155
189
32
90
110
145
-48
-161
-29
-66
-237
172
-2
13
-265
-250
-185
-25
-18
46
-273
-116
60
-74
-107
-280
382
-350
202
40
-185
-9
90
-467
-357
-13
-76
78
9
-1
-126
-17
-23
-35
-68
-286
-47
90
-95
76
62
265
71
69
37
-158
-27
-28
-111
285
-153
65
-72
111
126
-12
-13
-245
-31
75
113
-154
-85
221
-46
-159
-241
33
-279
-303
-90
270
-9
-16
57
-260
47
14
-158
-85
-171
111
74
-132
-27
-228
-90
154
-67
271
-46
-210
-62
53
-28
85
-141
146
373
-244
77
-122
184
121
-106
58
-227
31
-154
-138
112
-463
115
250
-107
183
204
370
-6
41
117
25
108
215
55
106
158
138
18
-180
149
76
94
-221
9
53
-64
97
88
-19
19
63
-91
10
-304
46
141
-36
-97
4
470
238
88
148
133
38
-163
132
-169
140
192
233
41
-150
-2
37
-103
-103
-274
-64
-216
161
-15
66
-212
-28
-290
159
-50
-74
19
97
-225
20
89
139
-69
-15
216
-76
-19
-154
-233
63
89
212
-126
55
73
23
-143
-48
175
41
2
105
-66
136
-104
-151
-199
12
98
150
139
-73
189
-265
30
76
-308
177
-136
-10
3
30
41
-72
15
224
53
35
224
181
-39
63
-154
181
88
60
29
-85
-8
-180
225
232
-67
-371
205
-40
-161
-3
-166
58
130
97
153
23
40
-1
-60
-20
316
-187
-189
-180
72
13
-42
100
389
-86
-83
-45
243
-46
-19
-11
-165
-131
-13
-201
21
-147
-42
76
-74
54
-14
114
89
63
-91
-2
247
275
46
119
-11
128
-254
188
132
9
-57
-283
241
-30
86
267
46
-137
61
-257
-76
118
-93
-111
73
190
-92
296
-145
91
126
322
-34
-60
20
-81
-74
-52
120
-49
90
224
86
139
-75
-251
-89
104
231
139
-34
-1
409
38
-57
58
26
211
-69
92
-81
-61
225
-98
104
139
-150
265
59
50
-79
-359
-22
-138
5
270
171
-109
-39
72
125
-5
-66
268
-88
85
61
158
48
271
-41
39
82
125
-72
146
156
-71
-204
153
-51
294
-97
-121
-89
-89
-64
38
-60
15
-371
-101
-288
103
-76
351
-149
85
-60
-89
-21
-80
-49
14
226
13
205
-173
90
30
77
-140
-12
41
43
31
0
34
-189
177
-25
-11
-108
-1
39
-293
-127
-75
76
272
80
-50
-134
8
-352
-1
102
266
70
385
-75
-206
-13
-99
101
-310
-121
-69
73
106
-125
64
87
36
218
72
-9
-85
-88
-236
-33
43
81
38
29
297
101
106
-5
-28
-47
24
127
-179
-59
-59
-169
51
-130
40
-38
-73
37
33
77
27
-153
74
53
243
37
6
-14
-103
125
55
227
-51
-45
76
118
-85
-180
-160
-101
-158
0
-122
9
211
112
-161
-115
193
152
-44
-208
-272
182
-159
312
-2
133
-98
-50
130
-134
110
-8
62
142
-140
129
-173
202
-38
-64
-34
-154
-2
-198
-114
-6
-114
220
62
93
109
-141
99
3
-147
-93
-93
-27
-60
105
2
145
8
204
-20
-55
-30
-111
-131
76
-91
-34
-341
242
-8
49
-134
-74
7
30
-98
-103
-102
12
-235
-69
69
350
-297
148
-110
244
206
-94
-100
92
75
-28
118
-110
125
224
96
-11
84
9
-58
196
-190
49
-352
188
-26
-245
-3
-77
142
179
95
97
70
-88
47
66
312
-37
-25
59
-180
-92
36
-49
-92
-23
274
-324
-59
119
144
261
6
-170
250
74
10
-3
-173
54
-68
-140
71
-48
-118
-287
99
-116
9
108
192
-119
-41
-97
-65
-1
101
-99
240
-62
-147
3
23
-18
107
-84
146
52
-38
145
98
28
38
-142
383
282
-76
-68
-275
-73
-311
202
-36
68
171
-16
-339
67
76
21
-338
113
14
176
465
116
-100
-280
-150
109
72
147
175
155
-98
-14
34
-136
171
58
-100
12
-27
210
-22
-164
130
142
21
-147
-227
-3
74
14
0
65
93
-173
-68
64
332
259
28
-1
-11
131
5
276
26
142
-190
297
7
220
59
-106
19
-201
77
-117
62
-145
141
-72
47
144
124
111
-21
-50
29
88
-82
65
-242
192
40
6
-68
132
23
-164
-83
42
77
123
-125
182
174
-274
208
-267
-33
280
108
-6
205
64
99
260
-40
-149
-94
15
-194
-185
-89
88
53
349
259
319
227
73
15
251
-59
-162
23
-117
-187
33
100
-186
1
213
42
87
126
-10
-25
170
-10
112
199
-194
-96
128
183
-82
88
-258
187
9
-25
-171
177
90
-107
107
336
57
-158
-128
-4
220
117
24
194
-51
60
11
-26
-31
-147
-212
-92
-95
433
-56
129
66
71
172
-115
-204
112
-266
-66
-50
-157
-184
228
206
63
-43
-125
81
107
-54
-163
29
166
3
-5
0
-223
-160
355
69
144
-97
159
-61
-57
-1
-2
-31
170
77
-14
-13
-3
-65
162
238
-44
2
77
272
-176
79
-50
136
42
270
30
-44
9
147
30
-315
182
-168
-299
6
40
119
-230
115
23
-29
8
463
-184
-81
-6
-64
-143
-77
78
143
-51
75
-47
14
70
228
136
-119
32
198
153
-115
76
143
265
156
-91
-101
-128
-6
-67
76
6
-200
-102
24
214
62
-224
192
-10
-146
128
23
-44
-158
260
-154
52
24
-37
-31
-234
-60
153
99
-12
253
65
-15
199
-124
21
-14
105
24
-100
-208
-208
-144
23
-170
25
-78
-30
-111
186
182
-137
-19
126
20
-228
-12
-234
-144
-22
156
-114
194
92
-98
-120
-42
-134
-193
99
-88
100
-171
-183
-61
5
-58
57
-85
174
17
82
-98
-106
116
-56
118
277
-26
117
-108
-284
191
134
-161
58
-185
-62
37
-33
-11
-52
-261
-155
-97
-73
62
-88
-114
24
-64
144
-43
270
-9
162
32
-166
-222
81
-38
404
-6
-95
-52
90
-128
14
307
35
-131
-221
327
-29
58
83
117
52
-127
167
213
-233
-166
109
6
-91
-85
-68
19
-101
-50
75
75
95
62
-256
83
97
199
41
90
-47
-157
-254
193
-215
127
19
335
-65
92
0
141
-11
-78
70
26
168
-244
167
-202
116
-154
-212
-57
-101
-245
-65
34
119
27
-99
-12
275
41
86
61
126
-87
107
188
-145
-51
115
145
-72
-105
-28
-180
-291
14
-110
74
-184
78
-99
207
304
182
-368
51
-21
-35
-110
-119
-113
-141
-12
-363
-93
52
-25
-44
-178
143
69
-46
-134
-26
-96
65
-212
-117
63
-27
-154
24
72
72
2
-119
302
126
243
-15
124
-176
-92
126
-155
33
-138
382
180
78
-31
195
-206
-42
44
173
35
-55
-75
-30
38
69
133
-126
71
-224
88
-226
-291
34
385
-175
-169
84
154
-114
-17
-204
-18
23
-76
-13
4
253
-260
-81
57
-16
216
-247
9
20
-33
76
-94
45
-23
-129
-4
-158
39
-107
273
72
-270
-72
-247
-1
-111
120
-175
118
-4
228
-87
24
-246
21
-45
-112
51
-207
12
4
59
39
-229
-38
-477
-158
241
-81
-141
-265
225
32
260
-56
-119
72
6
-54
69
-109
288
-10
50
37
53
54
104
48
7
-191
179
32
-208
154
128
-149
-125
122
189
-206
-88
-173
-270
61
-40
83
350
-143
207
-266
-148
95
-108
-74
-120
-71
33
-21
-132
-27
91
-81
-40
-18
16
128
-37
-148
-85
-150
120
120
42
325
-250
-9
-141
16
84
-24
163
-37
-16
58
45
-7
368
3
48
-67
38
-46
59
53
-55
-47
-126
-106
-131
-203
46
186
264
359
-68
208
14
-78
-8
33
29
68
167
5
-12
132
183
-7
-128
15
-52
28
-156
327
-112
-82
251
26
-84
-112
29
56
300
23
-148
15
168
-180
-294
-41
-104
-271
-78
111
-50
-120
-89
-203
-91
-217
349
40
-46
-127
-33
-42
-133
-19
-169
-157
-69
-190
59
-159
28
-163
225
269
202
-25
-169
188
164
-47
-204
-120
52
23
-374
-62
-146
-76
-53
351
-48
-46
172
-34
21
138
-33
-13
-67
-2
-168
17
213
-154
-44
117
-346
-148
256
185
-100
155
75
158
-161
-130
126
-207
7
-51
-186
112
18
-196
254
-89
137
41
-48
16
-168
-99
160
207
-163
94
-102
13
-216
-38
135
14
-123
-24
-258
-40
-106
-117
114
168
58
67
289
205
44
-13
87
-45
-452
62
66
176
-5
96
-5
185
109
-16
-162
-12
-235
162
49
-59
49
29
-200
-63
121
91
-59
138
-96
-27
37
81
-114
-193
47
-36
126
66
114
-119
57
85
-7
39
103
-294
-3
-2
124
-79
-209
88
-113
-71
114
57
-221
-230
137
146
55
83
159
30
-62
-116
281
135
128
55
-146
57
-46
115
24
-248
-119
-6
-233
-228
-79
128
111
177
-45
211
-25
-176
-378
-71
-10
69
-75
58
-319
-22
236
-163
222
126
86
-173
-121
-110
-62
231
-173
158
-37
35
-120
43
127
-87
182
177
-90
-12
-58
-133
-24
53
121
51
352
-114
-40
-20
277
131
139
-3
300
-149
-49
-134
-257
56
411
-248
199
58
-182
73
-164
61
-199
240
211
-90
123
-66
-18
-20
62
35
31
68
137
207
79
-354
85
-199
161
408
-42
231
103
48
-215
-181
34
-149
91
-149
-147
101
-225
112
47
-37
-42
44
52
-162
-7
35
-95
214
-110
112
107
-110
-117
-108
183
85
-220
-63
-55
135
-18
16
-249
-25
-72
-21
92
-153
-232
-104
-213
-118
-231
-163
-50
-231
-254
56
56
-97
-74
95
264
-108
187
-27
37
93
1
30
118
-223
144
-118
78
168
-68
-57
20
83
-190
73
104
65
11
-4
562
-332
102
-130
-51
109
64
259
60
107
167
25
-72
-41
-85
137
-41
4
-114
126
104
21
-171
-85
-18
-98
-331
56
13
117
67
80
159
31
-217
242
-143
-65
127
207
-141
114
165
53
-427
223
-89
-17
-91
-200
-182
67
-124
229
179
190
57
-5
109
-200
77
297
-146
-123
-295
76
211
-57
-64
-283
-157
109
-185
32
-210
-165
11
-32
-85
-220
239
-101
18
-160
181
56
-104
-28
43
74
-62
-102
-63
-238
-234
150
-257
89
-158
37
91
11
216
11
-68
-338
-103
58
-82
-31
-331
147
141
73
223
296
-11
-40
-34
-108
-67
129
-155
294
-208
78
-79
-35
123
-84
-172
61
-120
-39
80
168
-2
-11
73
-173
-149
371
-257
225
270
325
-228
30
-59
-363
-78
-189
75
-30
-62
30
22
-19
-134
2
-13
31
-127
-96
144
-3
-11
-44
-89
-64
173
-9
-48
82
-305
-48
-114
-28
-13
273
115
-19
274
24
-97
232
75
54
12
178
-114
-33
62
-125
40
-79
66
44
207
-19
126
188
142
-72
161
-4
-49
-29
81
-135
9
-95
-368
-171
-97
-80
-88
-145
-152
261
-14
131
-175
135
82
53
2
-214
-1
199
92
-129
-234
125
-171
-190
-37
457
-168
-164
54
232
15
50
25
-191
92
-95
-59
-98
-204
-126
67
131
52
138
41
-329
-114
-21
-30
-49
226
62
211
136
17
200
4
-10
-59
55
104
-264
-55
-7
-76
-324
2
-25
-186
-38
164
360
82
145
52
-86
-96
-230
-17
-177
-100
59
-93
153
-155
111
126
-251
-37
-60
61
94
166
61
-106
-30
-175
-44
49
-31
-70
59
-112
55
52
80
-285
28
-193
134
165
-29
-29
-132
-76
94
174
-164
-98
101
-9
-181
-221
-45
-1
82
320
-12
206
279
-33
74
122
-123
104
3
144
90
-39
142
-109
166
83
91
107
-44
-39
-80
-48
221
-20
10
-37
-144
264
73
36
-98
173
180
319
-32
55
-21
-59
163
79
-242
-109
68
-325
43
-92
18
-188
-214
238
137
-299
-33
267
4
-188
-50
-37
-279
-66
244
-186
-9
-12
99
47
-158
37
-128
-90
165
226
-172
-156
-156
338
155
-165
-116
135
133
3
59
35
5
-229
-87
-8
179
116
193
82
17
176
130
29
-37
186
-143
132
-200
-168
-59
289
126
145
-14
-170
-290
45
-36
-209
-111
-198
-61
120
-158
-43
126
-92
346
229
23
72
-342
30
-25
-108
-406
115
204
129
-26
140
144
-137
-13
-130
-48
-51
44
39
172
-133
74
-260
-19
-113
-105
-35
-128
-205
402
219
-142
78
103
127
-197
-104
287
272
-383
89
197
-184
-206
38
-24
-233
-158
-142
-166
114
123
103
-220
331
-52
-8
-140
-24
61
-81
62
38
22
58
-120
60
-158
145
147
3
-251
90
184
99
14
57
-84
24
-40
5
-18
-84
66
47
41
-102
150
173
176
-226
-204
-37
-3
48
32
232
24
8
106
76
-218
-133
-233
155
-47
-233
-27
-8
281
73
41
-26
110
-155
132
5
31
140
96
43
-30
107
-117
119
16
116
-95
27
44
-32
80
-79
-59
290
-13
-126
34
-277
81
-239
-178
152
-81
-245
102
100
-83
93
15
71
161
155
-99
153
200
325
-106
233
-101
-78
81
106
254
-211
-2
-40
-143
21
8
69
105
-18
-87
173
41
-108
-17
76
-160
-246
-84
-216
277
-157
91
-31
-21
25
214
-94
239
-37
-30
200
-164
-120
-156
-14
-50
-167
-56
20
-194
-208
70
-234
124
16
-140
-89
-51
66
-534
-67
-62
36
51
246
-15
89
149
420
-118
-12
118
87
19
93
94
165
92
115
-118
99
-20
-75
-22
129
-108
40
170
129
73
95
-261
-294
-32
30
-134
-135
-126
-64
-125
-131
-28
110
2
-281
-46
77
-191
232
108
30
-83
370
-14
-113
89
11
35
-146
-110
31
-116
-138
-88
-122
-190
88
38
6
-163
129
-106
-73
-51
-29
205
-157
19
-27
-145
-73
-75
-106
165
208
-58
26
-86
-11
-63
-173
70
-290
49
102
28
-87
-224
98
39
-86
-109
210
-29
-36
-62
-179
-2
-225
7
-119
-140
12
31
66
-77
150
-10
92
206
141
-117
54
-97
100
-9
201
-6
-86
106
361
224
276
-153
162
62
-154
-137
116
70
137
122
124
-95
-110
-5
-67
56
-290
-88
67
207
141
50
-112
-137
-292
96
-60
83
-125
17
30
-30
-127
180
-241
99
-264
223
32
189
-21
-69
-154
-191
-12
239
-227
24
-55
61
297
-35
99
-98
-156
128
252
-52
-98
-38
150
-165
111
58
145
-55
99
173
-66
170
137
-92
119
-93
139
295
-155
136
-6
-74
10
164
-58
-276
-171
20
295
153
203
425
-47
53
241
114
81
-113
-146
71
222
44
66
215
-176
-49
-215
21
-230
-83
-31
214
33
-203
-152
-81
-327
-283
-54
201
155
85
-57
-42
-148
97
457
-62
228
205
-102
-161
-104
169
-286
-108
11
109
-96
126
-29
-120
93
-83
144
-204
21
-59
-43
-60
66
-226
77
-7
-311
50
99
293
77
-148
-224
-33
-181
-43
110
59
70
-108
-3
103
126
31
-168
154
166
-216
205
41
-51
212
-87
115
89
-169
151
2
-363
57
-21
46
22
-152
-222
175
-107
245
144
-84
-150
-1
92
-48
147
138
-231
308
151
-211
15
-219
110
-88
-256
-87
110
165
147
-136
225
-80
27
54
-87
-36
98
-204
9
-305
64
-198
-6
138
200
201
-230
-20
-112
85
24
-128
-143
48
-7
-174
-172
-159
206
-89
39
-58
34
104
-108
-46
-13
297
207
16
48
-15
237
-85
-124
114
-53
53
-1
-313
-46
-133
95
-123
-105
102
98
13
100
-284
59
52
243
324
75
-245
-29
30
-21
-47
-98
-132
238
-20
-155
-18
50
-20
-14
-114
37
85
168
166
-19
290
-93
-81
72
-2
-56
50
-109
-231
240
35
-91
182
-200
-83
-71
199
-109
-301
58
-131
-53
-188
-52
-6
77
76
-1
150
-199
39
-125
119
-13
-138
159
-1
-51
60
25
-42
-84
1
-134
278
29
168
-186
184
-39
-62
43
206
-217
42
-59
-98
-273
116
-64
-116
45
-35
49
66
-98
-121
160
86
-6
368
60
146
25
-136
76
60
58
-113
-101
-133
-214
-74
90
64
-109
-67
-183
-105
22
-124
139
138
-99
103
21
-17
-102
-27
90
100
301
-406
-32
27
-121
-249
145
-21
135
218
313
75
-85
129
-133
367
123
180
-93
268
78
58
21
-90
-72
133
25
-58
108
-337
-89
-241
-35
198
62
-19
-1
-97
-171
-16
133
220
-154
-49
-13
50
-110
199
-267
-30
73
-3
-40
-142
30
-232
170
64
-282
-235
-93
-171
-79
86
70
56
-111
-5
67
53
218
0
6
-153
-57
90
33
-10
-74
152
16
28
6
-7
2
-215
-69
-149
-138
-221
216
17
158
162
178
-410
-11
-28
204
-168
-118
-233
50
103
162
109
91
-51
166
-39
-232
-139
-318
74
101
-112
-119
-94
-131
-163
-56
-157
-302
-170
64
317
159
28
-52
205
10
229
-110
-85
18
22
-68
139
52
3
22
227
50
144
17
447
33
2
110
-151
-140
150
139
-244
-78
163
34
-136
95
18
-37
-8
-245
15
-9
-85
97
333
-130
40
190
-62
-151
130
-123
-55
-202
-45
-34
127
-371
-5
77
-114
97
43
-109
-13
11
37
-39
102
97
-116
-39
-180
-137
160
171
51
-258
188
82
-78
-28
-7
24
-74
-94
71
26
-48
189
-43
68
-3
53
87
6
18
93
-136
-63
117
-262
-280
-255
-64
60
-7
156
283
35
-117
62
266
-5
110
-111
-25
186
-126
14
-144
50
-82
114
36
-153
-38
110
110
-27
-123
182
197
-232
61
-96
196
6
-41
4
55
209
-179
59
-76
-57
-179
-88
-66
-24
-99
-128
-94
-71
210
85
155
273
-225
42
-93
114
187
-72
-19
131
-43
80
144
-92
-371
-86
-13
-42
-167
26
73
21
0
-63
223
22
23
6
70
203
-103
-24
-105
-117
-211
-239
-50
73
170
96
58
-12
-73
9
217
224
-2
75
-247
-54
167
54
119
39
159
-10
-233
542
-152
-124
19
146
152
-50
-85
154
-247
-8
-189
183
51
56
13
209
-126
-89
67
213
-104
192
369
-29
-147
-20
192
-123
-48
-135
-175
384
-56
-85
85
-132
144
-76
21
220
-169
-138
249
-142
-94
7
-52
-38
128
125
-73
35
197
270
-145
-159
187
-130
-63
78
156
77
53
-28
-252
-124
-81
-215
29
-98
-12
-21
11
150
44
-240
-174
-45
31
-141
60
-53
-220
123
293
3
215
149
24
-245
-126
148
148
195
-48
29
-152
-153
-220
-151
72
83
96
69
34
128
-170
117
98
-166
-104
38
1
30
-109
15
-19
-73
-125
-14
-59
-150
89
-174
-214
217
-115
56
11
-39
109
217
-63
-107
25
-138
24
-6
-160
85
198
38
266
53
54
48
208
9
168
93
-83
24
177
309
7
210
-23
60
-163
126
341
275
135
109
-239
18
-293
-100
14
15
-39
53
32
-106
64
124
186
-89
-11
-56
-117
136
92
-35
99
17
84
-291
-81
-3
-27
64
24
-70
-218
-1
-129
-152
124
260
-64
205
-265
119
-144
-173
120
356
347
-32
-181
0
29
-94
-48
85
-16
-83
-171
122
141
-144
-76
-41
41
1
20
-30
-92
38
-95
-54
137
-208
-338
51
-331
102
-279
56
162
48
8
-71
-66
169
175
199
83
93
-70
-116
-34
22
-174
364
-111
-15
-93
213
172
-68
-134
95
-214
-134
104
-171
-122
0
213
-111
112
-248
-166
90
-128
-186
-110
219
342
176
115
-208
-26
147
17
-7
-109
0
-53
-59
141
50
186
44
-55
43
-72
-203
-179
-291
342
-108
-190
108
221
86
-415
-311
46
-182
122
125
-37
38
171
-98
164
299
179
-4
-73
-4
270
347
25
8
40
-238
-142
-21
-32
-168
119
213
-191
-99
-40
3
226
-97
-51
-68
117
-15
121
-66
199
199
1
214
175
29
-50
-164
-17
-71
71
-19
85
9
9
-164
156
-135
37
19
-57
-19
-92
-90
-116
33
180
91
-105
-119
-130
-165
143
0
-96
5
-9
-192
-211
-22
-205
172
145
-159
-64
65
239
-11
15
-199
22
6
-150
-14
73
170
-287
94
8
16
250
77
44
-50
-121
-99
285
212
278
58
57
-60
207
-57
-83
-59
287
-114
5
-89
121
74
-20
-84
68
24
217
63
233
-23
18
126
-30
152
-201
82
-114
6
-65
222
200
98
-142
3
-79
-198
152
167
11
229
177
-88
-124
78
1
-114
10
135
24
-98
51
30
-148
171
270
238
10
94
239
9
130
64
-162
28
-135
-89
-353
208
-134
70
-224
-54
-75
-45
-242
-45
36
51
322
135
-216
173
146
149
172
293
-39
108
10
216
206
-183
79
114
239
-245
232
29
232
-84
126
151
208
83
391
47
-65
145
-93
31
138
-137
40
132
-322
-95
-145
157
155
21
-39
-163
-141
38
-49
55
-188
315
77
-103
148
205
-130
-15
275
-90
-28
96
-281
199
-47
181
-128
174
46
-28
19
121
187
81
268
-131
39
-59
62
108
260
-121
123
207
157
-244
-93
171
38
-9
124
70
171
28
14
-42
32
216
131
178
349
148
21
133
72
-127
-337
54
-219
52
121
-144
32
1
-61
203
-145
173
-62
-43
-151
196
104
241
22
70
-128
-167
-121
-241
-63
190
32
47
-160
327
-127
2
150
92
134
-161
11
-119
89
-27
-44
213
107
123
-35
-127
163
-26
216
46
-189
-94
2
-70
-127
209
-82
33
-36
-81
108
205
-19
89
-90
97
-72
282
162
-249
201
228
-50
102
-49
-160
-206
297
129
167
-72
-87
-21
-110
-32
1
90
-131
-60
65
94
-11
-40
-161
-103
-147
-167
175
-66
-21
-183
96
118
-1
193
32
-36
-130
-3
25
127
57
290
-209
13
49
93
-113
-29
264
5
192
-93
90
-67
39
42
256
97
197
166
-119
59
135
-64
159
102
-231
221
-92
8
69
-218
-28
134
-89
-197
-54
160
48
103
-103
47
155
49
-86
140
67
-116
7
-24
-9
54
-67
-166
-112
-16
-160
-12
134
-153
-84
-91
140
55
-19
96
56
44
-211
29
89
59
-162
-78
137
27
-67
460
-47
215
24
8
-53
-100
174
77
229
17
-253
-150
286
-115
-269
167
-39
-93
-113
-26
75
-114
-94
153
46
73
-48
92
-1
241
-229
344
-14
193
-3
-113
-68
57
-148
369
-14
-295
36
64
168
40
47
12
45
-98
-258
6
-157
-241
-313
44
163
-250
-27
-221
-111
109
-12
85
-116
20
52
-120
-53
180
-119
57
-186
-40
124
29
-39
26
104
34
42
-44
-9
168
162
-96
295
-32
72
-10
-37
52
132
-7
51
272
-165
88
-60
-6
-86
-277
-5
-208
219
9
284
6
-35
264
-120
-122
83
-190
-72
145
197
90
-153
93
345
141
-39
264
-40
85
-56
-49
-3
56
133
85
-131
387
225
111
-286
-173
-50
-53
-224
-115
114
27
13
-44
-218
-317
-93
168
124
135
-163
23
-46
6
9
35
-39
157
-64
-46
318
-88
27
-97
-208
-191
-356
-32
-103
-126
94
94
5
56
14
-63
-290
-211
223
250
89
-333
6
194
-85
-212
77
-54
-107
-113
10
6
108
-122
-28
213
-313
31
-222
16
208
119
240
-9
-50
94
29
-122
-45
23
24
-116
87
-78
13
318
-464
-144
266
378
3
61
-22
24
172
-126
-201
12
91
163
93
142
-93
29
105
-94
-14
-143
-93
332
-98
158
-98
102
-103
-33
75
146
29
103
-110
174
80
-85
60
97
-44
-121
102
39
-74
178
-166
132
52
-66
-10
-110
-250
19
-108
74
-255
17
-153
-11
-137
-197
-159
29
214
-112
-25
87
239
-1
-170
-11
115
-308
245
44
-52
50
-165
-177
-365
-318
102
23
-265
166
167
-2
22
39
-231
-25
5
92
158
-108
-62
109
-26
-10
-126
8
-39
156
125
128
-110
-137
1
91
-263
161
141
163
-47
117
-34
-104
-143
240
-165
-93
-135
202
108
213
27
-254
116
-82
-185
49
-144
-174
-41
170
-38
33
28
132
68
-122
-138
13
148
-45
33
-80
209
70
-145
227
-11
214
81
-46
163
86
-16
44
-448
295
6
-105
-160
-297
-116
126
167
7
127
-6
84
-267
73
304
38
185
-59
68
342
15
117
29
-51
-110
181
74
85
-149
11
115
54
35
44
51
11
37
-237
-13
-311
63
-36
-22
-97
-3
211
36
-203
100
3
-9
-113
-47
121
-49
323
3
-147
329
44
169
6
-180
169
-77
183
-77
-189
40
102
153
239
106
360
116
235
191
202
190
41
11
-35
23
-43
27
-144
3
-190
-152
-42
-35
33
63
22
-41
54
-99
129
-138
170
26
44
153
181
-323
-1
-50
141
-209
119
-44
9
-62
-53
-165
37
191
-219
18
-203
-8
47
33
-20
-214
-1
191
-68
-128
170
-112
168
3
15
129
35
-46
-297
-122
-86
258
-197
141
-46
-187
-182
-172
76
-258
43
203
331
-338
-128
93
-127
-128
-150
73
153
145
-235
-303
-191
-255
92
-130
69
120
-91
-176
61
102
-140
181
-114
-62
-18
189
-330
-110
-277
-207
35
117
58
172
-61
-46
170
-225
45
-112
-203
165
89
-15
-93
-57
20
-5
246
-108
111
-33
216
-162
24
38
202
162
-384
179
-98
0
-172
33
-140
352
77
-200
39
-132
218
165
37
-174
132
217
-78
-139
82
-59
-31
-108
-182
-95
-11
125
59
9
62
8
51
-174
175
-233
-41
102
160
46
9
115
-46
29
-49
-127
-58
-92
25
47
-153
-174
131
-49
122
-173
-107
234
128
-67
142
-57
25
9
-115
113
-127
72
-108
10
-328
70
43
-58
13
62
15
180
-77
-177
163
-102
17
279
-116
-16
-116
31
-114
55
77
-109
-81
1
169
-155
-54
109
83
-172
27
-222
-176
13
64
-177
-195
-165
205
5
13
-108
-128
-125
38
41
149
-251
-50
-118
115
-55
-216
-30
-184
-64
-48
-94
42
-152
-1
178
-13
77
-35
39
-16
52
141
-122
152
136
-27
-232
326
-83
-193
-70
-123
55
-38
129
-78
-71
-4
-215
-39
132
-96
93
94
65
-154
86
152
-277
141
356
-99
-16
38
60
-41
-38
-220
-7
82
238
-230
-173
-96
8
77
-158
68
87
191
29
216
164
-187
90
1
41
-66
198
168
-97
-128
-67
-32
-166
43
187
288
23
-208
-19
58
-171
-54
245
274
-33
-240
-12
-25
307
-170
-67
-63
-50
-71
132
41
-202
-47
91
146
-5
53
-90
155
85
75
-129
-86
-174
-225
-19
211
-178
-112
88
-139
252
-136
-241
-88
60
-300
84
-229
158
-125
-70
-125
55
-33
-196
80
50
-26
-163
-54
-206
299
183
93
-49
-147
-201
-35
16
-42
128
247
80
137
-84
-19
144
51
-111
-60
16
39
-3
-169
131
82
107
-54
72
-137
-390
-2
161
-84
150
112
87
-63
199
-146
70
-198
175
-58
113
79
117
-70
11
-60
58
-3
93
-214
-45
58
-147
-54
17
78
-355
6
-72
-108
-35
-138
-44
-55
294
163
340
-49
-267
9
-100
115
18
-132
-141
367
-29
-129
207
-84
47
0
216
-45
153
-104
-161
85
-232
24
180
-261
41
-56
121
-102
-85
119
-36
93
152
7
173
-51
150
32
-84
-130
160
179
68
-66
-13
-61
379
-53
-153
41
-14
-10
-162
246
-313
-26
43
2
-133
213
-24
-50
-26
-15
134
61
-171
-49
-65
68
30
-195
32
81
60
79
121
5
104
-54
-244
-3
171
-150
-40
183
326
-39
66
76
87
128
43
76
63
84
17
-196
65
-331
-215
138
-137
-230
-58
-25
36
146
7
-41
-70
-33
-58
189
16
154
191
80
16
-198
79
15
-273
196
-118
-35
22
-15
-132
21
193
-181
195
102
192
29
-106
-73
-57
28
-96
-51
-24
-86
-101
-184
36
-147
138
-196
-51
-21
-50
-317
-42
52
-203
81
42
116
-25
-114
58
90
83
-281
109
-339
15
-16
-41
148
182
-206
107
-298
-25
26
265
265
32
-265
130
-26
171
-83
166
60
-83
87
80
-123
-55
-306
40
129
176
-2
-37
-173
-124
510
-147
82
122
-181
-204
135
-398
82
-15
351
58
-23
-15
221
-22
-37
-121
-119
155
-127
-86
84
270
-41
1
-116
-30
-285
-45
-106
133
81
267
33
-27
40
-286
156
48
-84
-50
129
-34
-161
-75
-62
184
-106
-140
-121
-73
-13
191
-12
84
98
-133
-155
230
-43
30
-68
205
-45
-45
-38
30
-26
-158
-173
94
-69
241
-37
-67
161
-13
85
4
163
166
22
230
8
-60
163
110
38
92
-78
68
-57
102
-36
109
-277
-82
-52
97
-52
154
53
-155
14
221
44
-190
-246
29
-256
71
139
10
-182
-71
-2
-214
44
3
180
-101
48
30
-2
83
103
-96
-92
-130
18
78
68
-163
24
93
-76
-91
-233
-227
-221
4
116
-142
-145
-95
-32
63
-1
-72
-47
144
-30
-115
-72
35
126
102
118
-140
64
71
-7
-192
44
-185
-12
-45
-44
-177
87
92
-24
-125
-73
31
-4
2
125
61
62
-40
-17
-88
-98
71
-121
169
170
-66
-174
-133
-267
-257
148
-48
68
22
-77
-11
229
159
-10
190
87
-125
-60
184
-126
-102
-86
116
5
-45
-235
-200
177
66
-116
-252
35
-96
9
253
-5
-59
-188
104
232
-18
-104
141
-90
62
-46
-72
373
-322
178
-32
-131
-259
21
-185
-523
55
-261
170
86
139
-60
-14
98
8
21
-13
-99
-118
49
116
-22
92
241
-187
-78
16
121
155
-179
4
-79
77
305
10
120
228
76
26
4
49
30
-130
-135
-82
76
323
-70
-96
35
-152
133
-181
190
77
-181
73
-393
-125
110
-314
100
-178
134
-218
134
-176
-10
-62
38
21
-51
-99
-157
152
193
221
80
121
-67
-140
-80
39
215
3
135
-250
127
-91
61
-97
-116
92
2
61
39
-37
-98
-19
242
102
-141
76
48
69
-14
-26
-12
73
-60
226
39
186
-124
-78
-209
-106
-47
154
229
10
360
-85
-43
-27
-148
-235
-107
14
-115
-95
-130
106
-74
-25
-23
-108
163
79
-67
-61
-14
136
60
38
-55
-12
-106
-115
109
157
-90
-179
132
12
83
-32
9
2
-25
61
-39
-50
11
-145
136
-84
137
-88
-87
-142
-178
-85
-71
-332
240
-226
156
45
-185
53
18
-241
129
-82
-144
149
10
83
-157
136
-11
-68
-251
30
-41
-56
-222
-70
-40
233
-91
25
-51
-46
93
37
-82
148
334
255
331
133
260
79
-265
-1
-279
-22
152
15
-100
214
-85
165
125
84
10
177
-42
62
-49
-19
-52
-57
35
4
-183
-206
96
-23
-49
-51
129
32
-62
-42
52
-107
-102
50
201
166
230
-6
-29
-106
187
-102
-131
-115
-79
-30
398
203
137
69
130
111
-64
-218
-131
-240
-24
-11
-166
260
-178
191
-107
224
-188
-269
272
-10
-43
-69
-176
111
-57
-87
99
-235
-303
-43
-106
14
79
21
106
-27
-82
49
319
-170
-9
-265
190
-133
-17
-49
40
-9
-30
183
221
45
118
180
-152
36
76
45
242
-57
-113
87
-16
-33
-1
-243
-24
-52
59
28
260
55
51
-187
245
19
156
-6
102
-91
87
-38
-7
-222
73
-35
-188
-37
-71
245
74
132
33
-262
97
-154
55
-146
-76
87
-66
-92
18
-390
0
3
481
8
-118
-231
80
44
164
-62
-2
-235
46
149
120
84
3
-33
-34
-121
201
-160
10
111
-152
-213
-102
213
142
-183
21
-72
14
63
78
-79
-87
-1
96
-47
59
22
-235
151
-13
-188
214
177
173
39
-8
-42
110
79
-78
6
-215
129
66
57
69
78
-150
-173
-213
-132
-5
-48
0
-340
32
158
180
-117
175
113
-239
-28
119
88
171
151
7
157
-51
-302
-14
-44
-94
-134
-29
10
-18
-55
280
1
-95
-96
-72
-239
67
-67
78
45
142
-192
227
180
-29
-298
-21
-34
72
39
-58
-84
-272
-106
-65
-9
-31
327
211
-151
149
53
-84
107
-72
-31
-112
-145
117
21
-81
69
197
18
130
-168
-127
-90
84
232
42
145
54
-366
-143
226
78
18
-46
-127
63
31
52
53
156
-85
208
-123
19
22
-29
-65
138
149
50
-182
17
34
71
-120
-51
214
47
112
86
114
-9
88
-52
-83
19
83
217
198
70
-134
423
13
74
-119
312
22
-150
-396
-150
14
-67
-156
37
11
164
38
-88
-299
-27
-39
73
-210
-172
-36
117
-64
175
-43
-494
-49
-72
201
64
-129
-86
-12
-253
-15
-121
74
34
247
47
-95
-178
44
-194
2
103
-21
-128
-99
66
136
35
242
87
-127
-74
195
-158
-70
-90
-181
6
-77
-7
93
-281
-50
-194
352
-7
-98
44
-131
-66
-260
-81
-93
208
235
-12
21
-311
21
-47
-152
-48
-91
-97
-206
-225
-17
102
-82
-131
49
-10
-170
49
5
-2
54
-13
-201
-33
43
-78
-80
65
416
194
-65
-242
-15
-174
-140
-115
56
-156
-82
-268
222
77
153
132
-88
-170
-64
51
-39
-67
98
239
-89
-253
-43
72
-20
-67
-139
128
-175
112
26
156
125
87
78
73
-210
-49
-46
-2
-41
31
1
3
287
-9
102
-166
-42
221
-58
1
80
51
92
-97
-99
383
-51
130
35
-90
153
-113
-229
48
94
8
123
-6
-141
145
123
-17
193
249
36
123
-253
-48
-124
-27
-85
-128
-180
-103
-43
144
-103
-237
-91
-313
146
105
-280
173
-216
54
-163
-128
-151
54
-24
88
97
-86
153
-57
-131
107
-171
-41
104
-137
130
220
-140
-177
-79
62
69
192
288
-229
-71
-19
36
-203
-173
14
-28
17
-183
16
131
-112
-189
-56
-15
8
-97
34
-160
-38
162
-131
306
-71
-34
-88
13
-157
-214
-174
-58
-70
-76
132
-65
-140
136
-53
-163
9
103
0
48
-129
-234
34
342
306
159
60
-6
163
-146
-178
-138
82
78
16
69
-62
43
46
-146
79
240
-167
282
-215
29
-346
118
-116
-56
-36
187
-325
137
-14
101
173
-106
-112
74
99
77
15
103
77
-151
24
153
-19
60
103
-375
120
-187
-134
-44
203
43
-86
-168
-98
146
102
-319
-63
-254
149
-177
-107
-192
-62
-106
-42
34
171
-131
137
-155
-59
-32
9
-68
58
225
-187
-13
75
-101
50
-46
236
-83
95
-309
105
-90
-131
104
-45
-85
4
109
149
-133
-183
46
-10
-10
87
-235
310
-135
-2
-100
13
29
-297
-72
155
108
251
-52
-58
-35
-53
-97
121
-93
-1
-176
195
-159
-45
282
97
112
99
-126
-150
-119
-14
16
-44
-150
-28
7
20
16
-27
123
-103
37
-17
-114
36
27
-96
23
125
-53
29
-211
59
-118
-136
-55
45
151
-194
152
119
118
42
-159
3
-72
-109
9
-23
-116
39
-52
-21
82
36
-31
-266
97
-342
-88
157
-37
-38
-111
35
-125
81
-2
-25
189
99
240
88
206
-70
36
-53
107
202
-198
16
-92
188
17
-45
-139
-15
-53
49
58
102
-111
121
11
-209
185
4
190
-56
37
-114
-95
-107
227
16
31
-7
-56
-242
370
-127
-30
143
-136
-181
213
63
-47
265
-41
-134
-73
-135
59
182
-160
-145
74
29
-112
261
-38
175
24
63
-128
131
-339
-138
-87
-283
-153
78
-58
-324
-39
-106
-180
-160
127
34
113
137
2
144
132
-107
-79
-35
277
4
73
-69
-53
-140
121
-153
-127
19
211
200
-214
-60
-137
74
95
87
-44
-48
-135
131
-115
242
66
-151
-54
59
34
-58
-180
-164
-135
-6
236
43
-58
-252
-32
-208
-11
-46
-301
-110
-50
-15
190
58
-92
-157
2
27
-40
168
-341
-188
-159
-64
110
-5
105
80
18
-40
60
332
-77
-44
243
-54
147
151
94
-18
18
-13
129
-15
-298
-399
-176
103
-214
-1
-168
140
234
112
72
172
-1
138
-96
-27
101
23
-1
-95
-72
140
-104
17
129
-2
-134
-7
-111
18
135
-166
-179
127
91
83
27
30
-183
300
-136
-263
-220
-81
265
-78
137
133
166
9
28
120
71
-128
150
87
-216
-90
-15
-160
-8
-119
-40
105
-247
5
95
80
198
-206
187
-37
93
-63
-28
-57
-194
-51
-160
-154
-35
147
357
-52
-109
-250
-114
-178
-173
-259
78
-76
-386
137
-54
7
50
-356
5
197
163
-80
74
-94
-127
153
-232
-2
80
-69
-31
-136
-156
-86
-189
123
-34
-4
-171
-276
70
75
-34
-156
166
29
-3
-30
38
237
255
305
-35
74
-175
154
88
129
148
173
142
-85
13
-86
-134
-267
-118
190
21
189
83
-122
41
102
-76
-167
-9
-103
-193
-85
-144
207
-178
-316
288
62
100
-478
88
124
110
-24
-161
192
89
-54
118
20
71
102
99
-291
-261
-27
-16
158
-102
-85
102
190
-129
-48
182
155
-48
45
111
140
54
-233
23
20
-116
0
183
-22
-108
134
104
40
182
-155
13
-115
-295
128
196
-145
92
47
187
-127
197
-182
31
-19
-72
46
80
88
-64
-77
-158
-216
-199
-88
-77
129
154
61
-93
169
-6
-19
198
17
-57
20
156
-125
50
20
79
-128
-175
220
88
106
-25
-254
121
132
193
228
-120
-107
127
-194
56
-16
-75
153
70
7
198
-71
-300
128
-268
-45
-80
-112
-296
-198
-128
-92
-182
-159
77
-105
184
-38
-187
124
-234
-14
203
-206
-14
-308
-342
230
82
-138
196
-88
20
190
161
-66
160
287
-278
-77
-213
24
-22
97
-50
76
-132
-90
-180
130
-156
-22
88
7
49
27
-12
136
28
-78
80
-166
16
271
49
-81
-11
-251
-159
280
42
-273
-45
179
-15
139
126
-4
-73
-133
-101
-164
0
173
127
243
-67
73
-88
172
-27
29
-35
231
114
-336
-200
123
-142
135
-121
-250
-109
-11
-10
-10
-69
11
25
3
-95
-48
323
123
2
184
127
-303
-353
23
-42
-194
-143
-305
-21
81
-169
-287
298
-142
44
-247
-175
-225
53
293
119
85
10
-61
62
83
-14
-16
-213
55
-56
-80
133
166
67
-18
89
-14
-203
-134
30
-175
-65
87
-84
156
127
97
256
-57
216
-93
-154
32
38
97
-253
166
-92
