37 85 676
0 23
0 27
0 29
0 33
1 7
2 17
2 34
4 27
4 33
4 34
5 34
6 4
6 18
7 1
7 20
9 5
9 16
9 29
9 36
10 30
10 34
11 27
11 32
12 4
12 9
12 21
13 2
13 34
14 6
14 12
14 32
15 13
15 18
15 20
16 12
17 0
17 32
18 2
18 3
19 7
19 28
20 5
20 13
20 14
20 35
21 7
21 25
23 6
23 13
23 14
23 19
23 25
24 0
24 10
24 36
25 7
25 29
26 8
27 0
27 12
27 18
28 5
28 18
28 19
29 2
29 24
30 25
30 33
30 34
31 13
32 7
32 15
32 19
32 24
33 5
33 15
33 18
33 24
33 31
34 26
34 31
35 22
35 30
35 33
36 13
32
25
81
50
11
35
43
55
54
14
19
63
34
17
74
28
33
2
9
3
83
13
66
21
24
64
30
41
45
5
77
31
7
39
59
67
79
0
44
10
18
58
12
70
56
26
61
72
71
22
27
65
82
80
29
40
49
75
84
76
52
51
15
68
23
69
37
73
4
20
47
1
46
53
38
8
36
42
16
6
62
60
78
48
57
332
1303
308
180
-107
-44
-473
-249
-1755
838
-402
-958
-124
-56
813
599
46
272
-35
431
-1597
-627
262
-954
831
-538
78
154
-953
-9
1197
250
-29
-945
1345
568
424
1193
-954
114
-362
949
465
121
-825
-190
-112
-387
622
414
994
-1049
495
222
67
680
208
-285
447
247
417
-122
23
125
-731
534
310
-1454
558
-1259
145
496
283
-692
143
565
1125
20
641
-196
148
-509
115
191
141
-318
-142
-640
-1056
-465
262
5
962
-1419
-111
674
639
578
-148
1501
-124
-549
406
286
575
643
-436
-75
-350
-393
-109
337
173
182
-1430
-859
9
468
181
962
853
1185
581
300
458
911
561
227
-1085
-930
-441
-353
410
552
-271
-255
-1038
-187
333
-1036
1130
41
200
761
46
-14
-291
215
672
-1
-1367
462
86
-49
1148
-178
-1892
298
385
-144
358
-1143
273
521
-1176
66
-317
211
-15
275
-548
152
-7
280
516
180
939
-274
-140
-367
-85
294
774
-251
-315
214
-914
-181
-434
-671
-779
862
-931
464
-598
-835
461
-855
472
-1213
-272
-1260
-1227
-630
-793
728
9
-2071
52
-70
-1273
-37
-941
260
783
-677
-581
14
758
366
666
532
388
-310
-1053
283
-265
920
-1727
551
-193
-979
-35
274
619
61
750
31
673
149
-1009
306
-95
-1412
322
-217
196
-46
-491
-365
-934
92
330
-145
395
251
-551
-71
-138
786
-98
-226
11
-1705
-257
369
1213
-42
897
-6
-685
393
1410
-162
-29
-534
-844
810
-846
532
66
-645
-682
-804
348
-279
81
1070
68
1673
-470
-45
-196
-508
-518
-1531
-712
-781
968
154
556
547
12
-1050
422
-49
274
-176
416
490
-31
961
864
-1668
-351
-1011
-549
798
-206
239
-854
-1019
-284
-311
675
549
-613
443
-881
240
-191
-460
-29
607
-305
85
-84
-82
314
-907
-1488
76
604
-266
260
588
-497
264
1312
-1143
-708
-360
-374
650
-239
551
-44
-318
-231
-323
198
-28
695
418
-11
103
-180
-790
-960
882
942
-49
-273
-879
-766
-1268
-478
821
-583
254
331
255
1649
-1113
273
1015
389
-735
-747
-786
21
-835
1129
-68
553
845
526
765
363
-678
-100
298
-184
1009
849
-1558
-221
280
1126
-23
-545
-1707
1148
341
1242
-671
1829
-325
252
565
-1019
61
-683
-1894
655
231
-1081
501
-755
-513
-262
515
-977
337
-1566
-295
-13
1219
-569
1813
-402
1446
881
-618
-1116
278
411
365
-10
816
-663
-239
464
71
219
105
171
-310
-123
-577
188
-103
-72
277
251
-62
-257
-273
-555
-579
-1273
-1096
-889
-645
-470
-468
258
331
1622
549
405
-58
403
-999
-825
371
588
494
373
-995
594
248
368
319
-896
253
-13
-11
246
-534
-128
696
-478
-1007
641
19
-843
789
365
-254
-543
-545
1129
-301
-76
-26
-601
425
-97
95
79
-406
203
114
187
201
-622
-1289
-1636
134
1182
-311
-24
-298
227
95
-481
-756
2259
402
824
173
-115
-831
-255
849
189
807
1097
46
830
698
-65
1460
-1471
-67
723
73
384
-60
-624
113
-362
1064
-17
667
-780
282
-23
5
-70
-861
523
-726
199
670
487
-26
479
-1657
-708
-1287
-979
663
-296
-1167
-821
-196
791
591
-829
96
75
488
-109
26
624
-1349
-872
-281
674
295
-136
-178
547
787
-340
-782
-302
74
327
-19
996
397
-642
307
125
-174
572
907
-443
-81
333
841
-413
-42
867
-60
-110
332
-154
-1019
-603
-92
-441
275
1896
68
277
-352
544
1366
1444
47
-93
16
141
504
-127
462
-698
-1057
660
255
-448
1211
-717
-232
317
232
849
265
757
403
-643
528
-108
41
-630
-372
-469
512
-589
597
598
35
-61
217
-836
-510
964
-451
117
-348
-461
547
-73
-441
-123
551
242
529
682
-273
-60
1056
-612
-318
-684
348
634
12
-198
-1325
-368
-120
76
-217
-409
-1423
-51
-1297
-1315
387
527
-708
241
965
-25
1283
-37
-49
-938
-516
1388
-206
-576
309
-1136
-134
84
-110
-1178
314
-1005
1008
-108
509
-134
-475
134
409
419
-44
161
-824
-313
-335
1258
878
563
23
-142
-824
1076
1107
-676
63
414
635
-1640
-766
504
827
1048
567
448
-26
-97
-1449
302
694
421
-495
-315
506
843
483
269
159
-60
892
1083
-15
360
-845
1380
-541
293
1337
73
83
-444
531
-1528
-453
-49
358
-227
179
583
-631
377
-712
-431
-816
764
110
154
688
-1073
106
513
130
168
-1780
-1176
456
163
296
305
738
-325
533
-115
-845
505
142
887
-38
-1084
-233
520
-375
-548
533
72
977
296
153
177
284
-631
519
-1049
-46
636
-408
-883
380
168
-587
1508
102
1118
904
691
-1585
616
677
1258
-1436
-748
-145
-1243
-916
-377
-45
1227
-852
303
389
25
-1218
618
-577
-129
-577
-1048
-1815
-1163
-840
935
-636
-434
21
824
-697
2208
1056
-10
-168
197
-621
-34
1412
63
-442
-18
-688
567
143
1185
861
-1424
690
-924
-519
80
412
-125
-235
-287
612
-398
-568
144
2636
1265
-1178
196
370
-584
258
-1303
524
1036
707
309
-476
-758
195
-666
852
-983
-1133
-524
-257
15
-626
-1093
596
454
-170
1441
481
344
-76
373
-849
-1128
-715
-1167
-610
98
57
-505
492
-220
384
160
10
-904
-136
716
435
1219
-421
4
-2
-217
-835
441
204
-167
136
533
-249
488
452
227
-431
-902
28
-912
-488
76
-1056
175
-1123
474
537
-360
736
-285
-444
1
-333
52
847
-564
5
-820
-255
-833
-48
-620
668
-396
-463
-570
-584
473
-830
-670
268
-1525
140
434
889
-768
40
-196
112
148
474
-322
-1394
1140
1397
859
-771
-828
241
697
-293
-65
1074
-570
-952
965
-454
371
-1189
1231
-74
325
125
910
-10
959
-401
98
411
-497
421
469
-28
-548
-348
-773
-426
-689
887
132
-1137
-404
-653
345
-521
40
-578
1117
1056
-645
-490
-843
677
-199
1341
-282
-155
-363
1822
259
389
921
621
-122
116
-487
352
-837
135
5
16
-1031
375
-267
-1467
885
218
1076
-189
-159
-433
-406
-71
-751
627
-81
50
248
590
330
-1393
425
-1438
641
505
206
611
462
-264
220
-120
744
136
-685
9
851
597
735
-652
1142
287
40
1508
501
-107
177
-848
-631
-554
180
-267
-705
581
-433
971
1246
1010
-561
-399
-309
213
503
561
243
321
-738
1144
-473
299
189
173
37
682
522
-301
836
-159
-458
1163
806
-545
-564
-831
488
935
-524
57
825
-633
-456
-203
1080
1674
-225
1093
-212
-901
-1125
-474
241
-663
626
-1220
785
-594
430
-441
-431
1116
1122
933
-422
457
95
-177
379
-462
-643
-126
569
580
-1823
-537
138
-199
-815
393
-174
-403
85
-82
433
5
-425
-876
-230
-406
-586
461
-294
-704
333
1088
-289
-363
346
777
760
-14
-114
1177
-554
413
-1066
823
-32
250
-361
-21
-139
-163
146
520
76
317
-646
27
495
205
868
-520
334
-597
794
647
-1830
-794
-114
-403
-359
-1110
-1533
448
1081
390
263
1022
-1126
-909
123
251
-1009
-313
-392
-156
-248
-770
351
607
-119
243
-259
718
-531
-78
350
1693
40
648
150
-239
193
320
-305
-1033
701
-184
1160
241
432
655
-1553
527
541
532
596
-868
-868
505
-555
-1064
372
230
-220
187
-69
788
329
-220
98
567
597
-784
145
515
589
1634
43
921
87
1349
443
-547
-1158
166
201
-1582
-575
-284
397
1117
634
83
611
-1163
-278
1157
240
-906
171
-115
1733
286
-49
258
1363
-663
1257
-399
666
-65
-577
840
28
-81
82
50
447
115
-170
1827
-1485
391
492
-429
140
-305
376
-599
150
91
422
-467
450
189
-481
-577
-386
91
-605
-11
-463
-1001
837
-982
507
237
90
-28
263
1199
-329
391
1006
96
-1069
-190
-56
7
52
-118
334
1052
350
-194
645
-64
-704
866
434
-674
329
741
-32
-356
-1358
-264
1221
-432
-524
359
-566
478
814
324
-259
835
-54
892
-414
75
-38
190
1778
329
531
448
-338
-162
169
-611
-1382
-381
-760
-447
-656
573
201
571
204
588
-306
-152
-433
602
-615
-1038
-584
-547
-672
404
-1110
280
131
841
493
632
-125
293
1074
1921
210
81
-1041
-489
-290
848
-264
-69
626
123
818
-800
-510
1087
12
-649
727
-187
763
825
975
-287
-1129
-648
-457
215
1138
-92
-554
-339
137
36
1211
258
-357
124
174
554
-697
-1274
-1242
-1326
-362
78
475
-201
-632
668
718
373
-91
527
-28
-394
403
1148
867
-1245
707
-877
272
18
412
-488
-268
-67
257
-39
-1058
440
1564
-140
162
-439
-874
-1157
139
1035
238
-638
579
-958
1289
-864
-239
561
-492
-452
100
-1496
-716
-53
-185
-321
-1376
1137
-192
-446
375
31
21
1356
-124
-270
23
478
216
201
-257
186
-268
880
303
-1070
-15
1370
441
346
-16
-338
-162
747
-281
-1005
-176
812
925
-1329
-593
660
-254
-219
-15
1187
-891
-478
758
-515
255
-577
-185
-452
280
806
-172
-946
1081
1369
817
130
225
-814
-318
193
387
-269
478
268
-592
-1317
-279
656
-858
-332
-165
126
950
-534
-1218
-60
-474
1563
991
134
-486
-57
-397
-1271
-52
-1089
-820
1329
414
-315
-870
-763
-841
-1282
-67
172
171
1277
230
-1324
-1103
506
-1114
-462
70
86
198
-696
46
377
481
-248
-608
-656
-829
-91
407
-108
160
664
175
-679
-352
-633
-632
308
342
-536
-358
704
501
329
490
-631
-372
344
-348
-6
-232
-1226
879
-455
625
-344
-408
341
23
17
-290
1041
380
225
-455
-105
685
621
-394
-952
1260
32
-255
256
1192
-839
-111
-81
3
512
430
204
509
-696
-417
-592
-848
-1041
-729
303
324
-1304
-911
-687
-200
738
-1354
-291
231
738
-518
239
68
679
1139
-401
936
646
1053
-195
343
-60
331
712
-715
-735
8
714
178
-1522
195
370
820
847
440
67
275
1028
-400
857
-146
229
-384
382
-254
699
-496
592
-42
388
321
-198
1049
1171
-718
-1587
615
-930
-506
853
14
1730
-782
333
-95
-1873
-481
-610
-928
851
-1062
-552
-1191
649
-59
390
759
-15
-77
307
-332
543
-737
491
-150
43
602
-225
40
-270
-103
47
-491
-1075
401
-1266
-982
322
-295
-1506
-361
285
-359
-869
421
-1037
624
-1168
-226
-22
500
-629
-1099
77
106
-23
-374
-982
406
-282
-95
265
865
302
625
-210
-338
1386
-184
146
947
1831
34
-714
-885
-1218
-1374
-369
-803
-156
113
-81
424
-645
-326
-415
-1083
143
-1301
-120
20
-304
142
-517
-691
903
-431
346
341
1069
-165
181
-410
391
1599
-374
-129
-175
-136
1216
-403
566
299
613
408
138
1138
-611
-361
792
-1326
-202
-233
578
924
299
27
-998
-331
-1060
-452
-119
-677
1156
298
790
-111
-286
733
-1667
-647
-941
-201
-529
-373
463
530
-1025
-576
420
511
-16
-1780
25
-858
516
-291
-559
655
672
142
86
-1059
-840
1033
-439
955
6
28
-284
-524
-835
-11
-259
1572
1011
73
1370
600
-901
77
-1379
-382
-893
-19
-751
-339
673
2746
226
951
-129
-374
435
-1811
-264
-162
-237
-337
-438
-976
24
1024
-171
-324
-1312
73
-1331
352
-726
263
-383
-664
-564
-377
-135
1517
1022
651
-878
-771
1004
1577
1
1450
190
336
229
-55
165
231
-543
580
1221
-789
-956
695
216
158
829
-21
-778
-598
-140
389
-989
-961
-31
79
-433
293
211
-395
-533
-422
-109
458
-564
-1185
288
934
-508
-46
218
-63
-382
409
152
708
-237
-667
857
90
-198
1128
-507
-137
146
426
486
140
-539
-696
-438
-300
597
-1007
-150
1562
-119
-49
515
-643
663
-505
240
418
-291
103
492
-560
-79
-687
1159
-334
376
-455
605
192
-1156
153
-1115
1235
513
855
745
-1661
-91
-166
-858
17
-484
-502
1620
-164
-408
-425
-430
5
1347
-395
904
63
963
335
136
-15
249
-238
497
688
1913
-427
-932
-390
391
-954
-419
130
-217
-125
-569
176
404
-399
780
-277
71
-212
869
235
478
163
-1355
-33
65
-134
596
-344
-907
441
-49
-214
-338
276
-386
1247
-318
316
-357
-477
1411
-512
-539
-208
808
725
-357
787
-487
523
-880
766
-213
645
-906
55
395
-103
1464
734
866
-950
670
549
-2
-415
-388
-202
1014
741
448
-55
285
-946
292
174
-225
453
363
397
776
-914
-156
75
152
325
-85
9
735
-285
-475
1436
544
-193
167
-270
828
711
-106
1872
236
-701
24
-536
268
-312
-536
-284
1944
-267
777
811
602
-892
-593
-257
21
1344
-5
-362
532
932
262
-745
-293
-108
472
1229
74
-1007
-473
727
220
1448
-390
353
930
250
426
-1300
758
1939
341
-1198
156
-198
557
-772
469
494
153
925
140
-273
467
227
269
-29
-151
-753
-436
-469
530
186
-1145
-155
-243
62
-118
366
2
-306
558
-156
886
-1275
189
486
-744
-699
396
-81
-145
-1104
630
426
-582
-441
372
401
961
-43
-318
532
285
-194
-250
67
-1832
550
51
-1467
114
951
1736
91
-1275
-431
402
-65
-33
-42
-939
-1211
-98
1945
1015
-123
580
14
221
152
196
802
275
-544
-617
-1821
96
-655
188
971
-199
317
-523
-307
-217
100
-491
-103
382
1312
-414
125
32
293
897
1185
-1417
-389
-481
801
42
554
-102
-648
478
84
1948
-84
621
-434
-293
446
436
-337
-743
383
155
608
11
-419
156
612
-43
1010
594
-400
1420
-169
-1260
92
-546
951
264
-182
248
-568
932
-262
-134
-205
727
876
375
-1039
338
-614
359
-215
-983
-2
-535
126
685
187
-1124
244
434
177
-544
1039
-418
191
837
1204
-1017
-381
-508
521
-207
487
1070
-427
-358
-527
287
-686
364
-2
20
-301
-263
324
920
56
79
936
-228
-1038
-241
804
-1553
-556
-1030
-1478
-452
-135
-1358
309
446
429
383
525
478
-120
646
-28
-2
-273
-461
-190
-1347
359
106
-428
-1166
-838
209
-39
-366
688
157
-97
-382
475
137
946
-558
8
-432
-105
-410
209
-311
-928
546
43
-135
693
871
-762
-801
-65
161
-433
-546
-1457
-24
-1116
755
-684
-786
16
229
279
219
509
-1057
-873
229
-41
391
712
390
-589
-479
334
-413
529
628
366
-1239
-1006
-1779
-549
-662
-673
-172
476
58
-1055
401
-1187
-550
422
661
70
-720
-474
-12
435
-87
480
812
91
1244
-735
245
-327
-6
341
625
699
503
676
-667
-87
210
-140
-445
1392
-581
-49
151
-184
-413
-10
-124
-506
-1453
-512
471
512
496
685
513
-155
-43
-328
-234
-1266
-87
1641
-404
-1096
791
209
496
498
352
879
-477
13
127
-455
-1115
438
-295
982
501
-439
335
-46
149
-185
-1363
-565
-824
381
568
763
-431
-918
282
-752
997
-519
804
-843
40
201
468
-205
719
70
551
-568
-35
43
-279
-70
-682
-1187
668
292
324
-876
-870
-440
-124
371
1095
-350
498
-1479
-467
1319
531
1255
-254
619
-1071
293
-60
-687
282
-1100
-65
-699
605
-340
-720
524
569
-1163
-1011
891
247
220
-79
1088
-1577
-308
535
979
-59
-860
195
-1211
185
897
301
474
62
61
-986
-932
-877
-674
940
-256
413
1952
252
-404
5
-819
1096
748
-108
414
123
436
1351
707
427
-17
-1196
-161
291
193
551
-32
-282
1357
279
-199
-507
151
-90
224
-215
946
-552
-221
518
234
263
422
-33
284
1401
-749
-182
402
-1469
193
-473
-775
672
-701
-369
-1180
523
451
101
465
1226
370
-9
-807
578
764
-490
341
-561
1513
-299
1068
-59
169
-1297
1211
22
869
1048
-992
-382
1884
1534
-67
-774
-1617
1026
-17
-888
229
-381
-1035
-219
-1283
-539
-754
1188
1210
-125
773
-1022
-503
-538
784
610
-1320
-105
-1409
-876
739
-655
-80
237
-515
-552
935
-210
101
31
277
-779
-784
-108
374
1157
-236
33
-677
-1580
-583
-1766
-36
-181
855
-1175
-260
-235
-326
-495
-60
478
-654
84
-712
327
1191
1473
-335
255
-787
-22
-739
1178
57
-1209
-670
856
648
231
111
-69
221
319
408
70
469
518
-18
-462
-144
79
-649
653
1402
189
-38
-169
-906
853
-963
709
-217
746
14
-2364
-411
-495
-549
659
508
215
26
-634
-177
-49
826
-92
76
-841
1455
-1510
407
598
479
-47
-296
434
406
-1006
296
635
1643
-178
-467
722
210
1034
-253
-132
-343
-211
-479
424
1084
-699
490
1186
568
-1061
-893
846
35
295
1520
-407
289
-445
-16
-497
-1065
-589
-789
-260
-281
823
-368
-26
-124
-395
-1005
-1658
-1031
-1044
-244
-409
114
29
-1075
-335
602
530
-117
184
881
-1101
-508
245
276
404
-568
-915
648
438
-391
114
-609
648
-835
-648
-1214
-833
-169
354
410
636
-685
-989
-547
286
644
-182
-13
78
122
499
-324
865
-295
-276
-1180
-35
-276
508
355
-103
-709
849
475
246
-428
-1020
-818
118
-686
1474
166
-796
274
489
-143
160
-334
-171
156
898
-249
-1845
-147
-1004
-893
19
-595
23
-41
679
-872
319
-459
285
373
534
488
-238
-1199
178
-91
-1321
164
464
686
321
974
-744
102
408
-816
-710
759
-300
-664
469
1304
-45
953
-134
-173
896
344
1097
1044
-851
52
-695
433
-65
500
-209
134
711
-375
703
680
-201
-465
1771
446
-69
1064
578
332
56
-238
-750
835
1036
-1420
-815
-489
39
-105
-79
-595
-2
-116
-801
448
-178
29
897
172
-1000
-130
181
1001
-10
-247
510
-257
-621
837
-934
271
-715
-1011
-516
-276
755
-1447
-446
325
-902
-317
-1091
961
275
-166
-218
-317
-425
965
-298
-49
540
813
-354
234
-892
-97
-45
-464
-1255
385
-1604
-166
529
1145
1219
-452
768
-857
587
173
-718
-868
509
676
248
-544
7
1034
1165
262
-40
-322
-619
803
761
-1063
-668
-109
-566
358
-438
-396
-495
424
-344
-1475
1725
1483
-220
-547
-477
-158
268
457
825
216
-519
1444
831
-413
1062
-138
-638
-219
511
161
-1351
461
865
-64
139
-1165
60
386
442
1654
-411
-533
-91
747
-118
-324
736
1753
311
-134
-922
259
-350
-244
-317
328
44
509
-434
818
-431
814
622
286
790
-439
1296
633
-464
-922
-276
-1019
586
190
1370
268
712
1737
1186
154
471
854
392
-488
-63
-89
-708
-886
55
949
-1390
-554
524
-150
-759
1213
371
111
517
785
752
-705
231
684
-42
219
-1358
277
900
255
105
393
-296
1594
98
346
431
755
295
12
400
-675
235
470
-113
-120
-100
398
-489
450
421
777
1459
178
-729
-604
-400
726
817
-209
727
266
-753
928
-436
360
-639
-132
1105
193
-1376
-664
-575
412
475
1386
691
318
-744
1445
1113
-161
605
-163
289
-908
-158
1076
663
467
-489
-32
-729
434
221
-150
104
208
-214
-618
385
397
-128
140
493
-854
-836
465
203
716
1462
1109
-413
-1000
-456
439
252
370
321
190
211
-1144
-1334
314
-203
-479
411
168
-481
-1001
947
-295
-1615
200
-1075
-1426
728
-552
880
442
405
497
836
-1466
781
154
-548
-389
-1556
445
-725
-258
158
629
-289
-444
101
-363
1897
141
586
-774
-464
370
82
59
-813
-312
-1274
1139
-243
-532
576
91
237
-613
-1324
396
-648
-417
1445
77
-570
-243
387
477
147
168
1580
517
-390
597
5
-69
980
-1
1723
808
-79
-558
-1006
267
-183
-1344
-1654
-37
267
120
925
808
-1743
-638
-486
-313
665
900
102
852
-501
-14
-194
1011
586
-435
-418
589
995
-509
-8
1183
1388
-279
1186
1368
-832
-1425
-734
-638
487
-1319
-81
54
160
204
310
-4
112
-78
146
-1216
-584
-694
74
176
-387
-761
104
1640
-373
232
62
383
-402
331
757
723
400
-289
12
640
-1000
-104
374
-577
426
797
-399
-345
1095
137
-390
-997
376
-482
762
-116
349
-137
-970
553
-649
102
203
-447
26
550
-382
-310
416
-381
315
348
-52
-1154
673
-206
192
-168
318
858
-1226
304
-82
-1494
503
-394
252
369
-275
-1390
-866
1701
788
351
778
386
-455
-251
-647
444
-413
59
-720
176
-918
-873
-26
367
566
482
739
-656
-1163
954
743
529
659
-252
-834
-365
31
919
-693
-1494
-997
884
103
401
421
-387
829
-439
-577
-191
-161
-414
804
-632
306
441
-201
415
402
272
-1229
-986
-27
164
-88
-564
1018
-77
-754
1392
-481
-136
1252
1239
-1177
277
1189
-204
1163
402
415
237
-152
64
902
-443
-582
885
1138
348
-251
-551
-211
-1021
506
407
-847
-562
-394
-1329
-120
-324
-869
729
550
-696
711
-283
-181
-307
574
246
2
541
-1082
1214
-92
30
451
317
105
-34
-628
-45
-304
-1033
451
-528
-644
-45
175
181
-537
-342
-308
1388
-298
78
397
30
-237
185
52
425
-432
-421
-528
324
96
720
-405
182
131
386
-221
395
-770
-11
28
-14
-356
872
-363
119
41
-624
-310
530
593
575
1677
-150
137
-58
-191
-1891
527
-87
1591
-626
-449
-965
-1003
172
662
-436
-76
-893
-1506
-307
-659
990
1306
-479
280
-126
133
868
294
408
1414
-599
-842
-329
845
-273
-205
306
-866
743
-428
-482
727
-1047
1322
-929
-145
384
-34
-687
663
242
194
-225
289
-149
-952
1163
1168
315
-158
452
-978
-113
-1338
-166
403
588
-513
-135
-402
784
-551
-459
467
457
307
574
778
829
-740
-1206
557
450
-186
-120
754
395
211
-140
422
486
1398
824
856
107
146
-136
897
-909
-156
-94
-306
284
460
-823
316
818
1253
1542
-427
160
727
-283
-718
106
-1017
-169
456
-1138
352
-310
-598
1252
828
-751
-1623
200
-326
559
103
-271
-495
-423
-1136
445
469
1028
259
-379
-1180
538
206
452
75
-1046
1520
-210
-510
-223
41
-323
-1114
415
-822
259
-33
-289
-521
-657
198
-1247
-582
-448
-31
-579
-234
1195
43
300
-665
692
10
1038
-424
-94
705
-365
-19
34
-1178
231
322
-344
-274
128
383
86
1046
383
166
54
198
1090
1140
-109
-436
-288
-711
1059
-203
67
851
-546
-869
133
348
243
-74
-204
802
424
-266
-601
425
-356
-607
-441
451
-371
1014
1464
-66
1038
-131
1217
-193
1069
-35
-883
70
140
954
330
540
698
-550
190
-1
-546
217
-115
-161
-463
-711
598
-137
109
-635
-757
16
-69
314
452
566
1376
-316
712
-137
-55
920
-1122
219
555
462
-433
-217
392
-64
1028
257
131
-46
1018
694
310
-995
-887
-1182
-295
56
1415
-1022
-349
557
817
811
1360
378
40
156
-241
364
657
506
-130
-592
121
-212
248
-58
601
-583
-655
-1045
-477
699
524
823
1231
472
-1008
99
-687
355
231
202
-1185
-724
-1315
-450
-1046
629
-1540
-4
-117
1263
-1114
465
59
-771
671
-638
-331
-153
-1033
-1433
439
101
-436
333
1147
-152
-95
-999
-362
-175
-354
-4
85
-335
-1501
-888
620
469
-1855
683
-186
-52
5
-167
623
24
1103
217
-623
-128
-96
-485
-540
1280
-995
46
-299
-1146
-516
-634
-948
306
-118
-12
196
-1287
-330
119
1597
-593
955
-477
149
-261
-239
1085
-659
632
-814
856
-1162
900
-827
760
315
794
-184
-665
-807
-765
-403
223
-612
-465
67
227
222
423
-969
1625
809
-492
184
-705
2099
922
-397
-1303
-230
412
686
-644
131
-618
-1500
-666
32
-167
-266
-1062
678
-250
586
278
164
-643
-97
-1139
-781
-188
376
128
-76
699
291
-240
690
-50
-121
40
-623
1313
85
222
-541
-880
-1137
101
202
228
-201
547
-32
-12
76
380
710
-706
-506
892
-445
43
-58
-83
-611
-487
-930
1012
1028
303
-879
-289
616
321
1388
845
-589
89
-236
-1645
303
147
-574
373
273
-199
279
-1201
-584
-189
386
1668
19
-563
-765
517
355
-913
-694
-722
-411
-513
725
205
-1672
243
-842
403
-862
218
2
431
-426
795
385
-355
632
328
-1095
209
-629
530
-540
108
244
600
-1
639
-418
276
-257
89
-497
104
1690
757
347
152
27
223
1222
829
-88
-287
-628
144
1513
357
660
-1134
-194
-20
-487
-324
-146
607
-54
828
-635
988
202
165
-860
754
-46
59
675
553
754
638
-472
-827
391
-1060
897
1456
749
248
985
1217
279
758
-238
-69
-647
-559
-141
639
415
372
-268
404
1405
-560
89
1180
-167
-543
-812
-420
210
-49
912
-694
-803
-254
3
271
341
767
1265
177
9
-426
-584
1480
-389
438
150
-531
-71
-611
-446
-548
-1035
-35
181
1213
36
-397
1429
-541
-598
627
932
-784
299
2
380
-211
860
-854
201
-1707
193
441
578
-125
-981
1239
155
-218
-651
-285
554
-112
224
7
-691
919
646
667
349
1451
-39
143
124
-850
-511
-272
-140
1057
-836
561
1258
253
-403
-338
144
-467
175
-384
-18
-683
749
504
1135
-260
-440
-296
-523
1704
-850
277
976
-455
330
73
-1225
-251
510
-443
2407
-590
-573
-613
721
-792
154
-85
404
415
-794
-192
-621
687
504
285
119
867
-785
542
-266
224
1174
-379
-441
132
-757
231
215
607
-278
2
405
668
-327
544
113
1877
-1055
-208
-415
60
-1176
94
277
546
700
489
-26
-274
59
699
904
-123
-173
-678
-573
110
-375
-307
-189
834
-983
816
-681
586
-242
-1600
55
782
-182
695
-197
373
1464
-281
1125
-351
-352
-1140
919
-1385
804
-367
-114
-378
413
380
402
-380
1082
58
-167
449
-181
-235
-1
825
575
910
340
-1391
-1116
-353
-433
572
904
554
-667
167
70
518
118
530
173
1489
-651
-1142
683
-289
1757
853
160
124
-480
-739
-357
131
543
-79
-878
323
-26
1950
-227
501
740
263
-40
-779
-352
625
452
-736
270
713
-26
1169
486
-485
-1351
-538
517
-69
-227
206
1416
208
-815
-178
-247
-487
129
-840
407
-559
-433
263
939
1082
960
-881
-613
-196
-338
-426
426
305
114
11
-1001
310
311
71
-170
798
188
-956
1289
918
-347
-594
96
-695
-593
-720
287
-581
466
452
-325
-1017
-461
-58
-146
332
-158
13
539
-1477
1513
-125
720
513
61
-185
169
1482
535
-763
606
-363
329
-825
140
334
66
1001
240
814
-1216
-216
-436
168
535
-906
-439
-963
-258
-385
-1104
829
-6
-1105
636
89
84
145
665
-333
-186
-570
-508
-542
-570
-1065
226
-387
-1320
-384
218
1420
322
-249
-834
-112
-690
-1083
427
239
880
-949
1944
141
-705
-89
-883
1221
-813
-537
-729
617
-136
383
199
-452
477
599
689
-325
-691
-108
366
155
-464
-1303
-783
557
-240
-640
-1321
-209
249
279
394
188
-783
-306
-254
343
243
568
722
483
-1020
1488
-173
-95
837
742
-591
-498
362
2
226
-401
336
-196
-957
642
-246
-17
-592
680
-156
-706
-571
70
-440
180
65
274
771
-374
-583
165
-878
385
-1382
234
-446
-312
178
492
-950
-358
94
-335
-204
1457
-1003
326
76
-1029
387
401
631
212
492
433
1295
673
-742
-486
751
-59
268
-903
-100
1330
264
189
47
531
-832
-300
-468
810
1070
-616
294
-386
677
183
159
709
-459
162
-59
-249
676
0
7
358
261
134
151
327
575
392
-330
1404
-583
-926
-721
724
-431
1046
460
219
117
1113
709
544
385
-1103
-764
539
377
-447
662
1042
284
-877
-935
-57
-314
176
41
-700
394
-530
-1084
-108
1318
531
793
-281
-926
-186
-193
-313
-29
379
82
-142
512
-304
1256
283
592
420
-296
-583
298
644
845
-564
-475
-841
933
-333
-670
-486
-411
181
49
491
-65
361
-822
142
132
505
-107
-1049
319
644
491
395
33
1128
575
362
-47
84
561
405
-678
129
247
869
-1349
156
-280
-499
-118
-819
658
-248
-401
-266
-1170
-1586
207
-41
-350
381
-635
711
-592
-379
581
-107
-69
-875
-561
178
165
249
273
-1448
-188
149
386
147
540
-531
265
81
-805
-976
442
795
-19
229
-729
170
41
88
705
-56
560
144
290
-512
-615
218
934
579
-65
318
1203
-150
101
1340
-485
-673
212
-14
-1055
-393
765
-727
-476
125
-473
-333
-255
-161
-297
679
-109
356
-261
-1153
-1722
-325
353
-80
1191
400
264
143
-1225
1191
691
-647
336
258
-561
37
-313
496
903
790
559
-212
1445
9
677
-363
194
1892
497
415
608
-327
-435
1000
-984
40
-185
-424
315
528
-896
16
-917
1270
-241
-36
546
42
-201
-843
777
-350
507
1496
854
-628
977
-403
1008
-139
-248
-723
249
1728
-529
904
-579
-967
-205
-212
568
-267
1235
93
375
-494
334
-557
-561
168
232
-672
-971
465
475
91
977
-243
-87
-192
458
387
-1618
-18
326
-88
-785
-721
-423
666
-1949
236
-356
-294
159
128
614
498
-559
1065
1731
60
-469
105
-1407
-568
197
578
324
279
-800
-337
-416
-178
-442
87
262
323
-327
-131
167
306
605
-1109
552
87
42
194
-86
479
640
280
735
577
-86
-6
868
1040
113
1024
93
-1344
-497
57
103
468
-852
553
-133
1052
-295
43
-155
81
-580
651
-796
-689
457
-552
-503
1004
-505
294
-78
826
-16
-443
-1061
-429
571
1025
300
-776
-437
-1637
-270
2309
119
-788
1791
-505
-570
200
-439
-685
406
94
269
-433
-1058
-342
-409
629
-620
643
258
256
1005
130
556
-970
773
-1616
210
-514
394
-635
544
389
-185
-476
383
-231
215
991
25
-306
303
-355
167
-60
-433
-87
521
135
-415
184
-1140
-21
340
-254
275
436
370
-130
-488
701
771
480
134
1152
-439
-391
-295
263
-657
67
214
892
1127
-2
649
-748
-22
837
108
-39
244
448
-730
291
-336
-100
620
709
-132
-959
-490
992
150
841
-186
299
537
364
35
-503
181
181
1127
1091
61
-1414
-220
159
105
1058
308
-1027
841
958
-696
-42
613
493
60
-222
-50
-78
-659
-68
472
-1537
-591
-39
666
169
537
232
545
519
-572
-416
-563
47
-1066
44
361
-252
713
988
-1354
922
795
397
-31
-7
717
129
-96
-213
-9
84
1302
557
-8
2016
130
1075
97
-214
1698
449
67
-843
683
426
199
-10
-875
-550
16
149
-876
-359
107
751
467
-1162
279
-638
-207
-343
1121
144
279
-552
-669
432
39
416
163
138
-783
886
478
-1281
534
-717
-165
-1519
202
353
422
-644
271
21
-578
2
-1333
-375
126
-344
-233
364
313
632
1016
669
-237
275
-924
1148
557
-489
475
-116
-84
600
51
-1398
-955
811
-827
246
-250
1011
-174
1151
810
269
1310
781
-1547
180
59
302
1601
-742
-178
36
-372
320
141
362
-159
141
521
-536
-856
84
-596
216
416
-204
-138
-414
-950
162
-696
-212
714
97
154
-810
1482
-646
-267
736
-1203
-251
711
540
1468
1217
-48
-650
-410
-735
-1169
431
-173
238
403
533
1042
-26
138
411
-502
371
-508
332
570
-511
1583
409
-575
-469
-619
-2042
-1346
-22
845
569
423
1016
477
-510
-378
-275
-578
-751
-535
565
101
-9
493
160
715
777
-233
-1362
106
-120
-1237
280
88
734
-885
-346
-882
-189
-121
1082
-257
-29
448
342
-157
-477
766
-315
-1211
765
110
143
-577
305
501
-1164
82
328
566
-49
-1396
221
930
30
-722
81
-30
270
723
1083
683
-779
-998
-1181
513
649
724
-563
68
-912
-1340
-471
434
1051
-771
-1406
-281
-84
843
399
990
281
39
639
480
353
7
-786
427
-129
-39
369
397
-377
-359
305
-1040
198
-722
-1170
-465
333
-977
538
486
-68
-323
1150
1417
186
1008
-867
-199
382
1133
-427
64
200
-18
-566
-406
-253
-322
884
81
721
-853
-390
277
-149
-437
76
-819
-299
784
921
-428
360
601
-554
583
-379
710
448
-309
773
1732
-15
-132
-448
-353
375
-911
593
-1370
271
782
747
-1484
-431
281
723
66
-592
240
539
-752
-254
-1299
-1143
972
-705
682
-430
302
-618
609
-351
298
-122
-780
1431
-98
1538
-366
982
422
-854
-578
-1047
353
-162
-414
-576
172
441
-453
-543
-170
215
-103
406
510
534
-410
-815
-423
-425
618
213
643
239
464
1390
-103
666
-128
911
-395
-606
145
497
-940
553
-230
-867
-5
-20
-413
-356
-561
454
309
45
-202
-703
102
739
329
652
-1380
775
1316
968
115
1056
180
588
660
469
-387
-488
-29
-129
-593
-519
192
129
808
-881
436
702
-215
81
1343
676
-1028
-470
511
-458
-512
277
580
1414
-627
258
184
-83
-418
3
156
-616
517
-1113
636
-993
-1199
250
-550
-327
462
159
-434
41
86
-729
536
-165
-520
120
650
-52
288
-749
-797
1144
-8
-971
510
373
-147
885
-701
670
676
547
-1481
247
-1623
-1148
641
-122
-587
-839
130
-263
690
-270
-141
707
595
103
-555
932
342
578
-400
-848
-513
-176
-1662
-528
-826
430
-1085
-774
-663
202
-251
-366
256
-604
485
-574
-1214
-296
-537
692
532
-787
394
-243
-428
-897
-44
-81
66
-794
336
-397
-367
309
-827
326
609
-122
1876
279
289
-1408
1270
103
-525
295
-1727
534
-295
443
276
334
-707
-930
-683
399
427
936
-807
186
358
508
397
99
-1275
-37
-192
-301
-1142
-1052
-438
1089
852
-67
-1390
1222
-716
-502
346
-946
-406
-1143
415
-253
1222
930
-323
1317
-43
30
-315
123
-437
-1335
-77
-297
-1005
-19
-609
-775
1
346
-194
-369
111
-699
-614
-1262
-49
-388
-100
886
-381
1175
698
-164
-841
126
-486
54
-901
-116
251
700
915
172
667
-236
1569
1113
-609
138
354
1020
-457
839
710
95
687
-1156
842
-40
-548
-106
-33
196
16
400
-557
680
233
218
155
-187
66
279
-825
-62
-678
-204
1287
-962
49
216
-108
-840
1093
-876
939
358
-185
-445
-463
-299
750
50
-751
-83
750
-1014
791
-943
561
1552
-545
465
44
187
-418
-250
-719
-598
386
417
-578
655
-255
-34
381
-79
746
830
188
235
137
1513
-1479
-1311
150
175
197
-799
-117
-642
669
-617
104
-696
-177
-59
972
-759
-55
647
-216
1725
-909
481
-2124
-953
1230
955
358
1420
662
-58
592
7
-117
-1337
95
-277
-248
370
-429
-492
-247
-783
204
-166
-159
-340
1248
-577
83
1191
-313
-326
128
976
-951
-1203
-1113
454
-27
73
768
834
-136
27
446
36
37
-482
568
-332
95
-950
464
-713
98
580
918
359
-1341
278
-479
136
-182
-238
-624
-343
1021
-1126
179
459
233
570
524
1291
493
217
-410
1858
-78
180
899
401
-1039
884
580
-145
-249
510
1189
684
-541
-593
90
-398
94
76
-228
740
-435
482
919
-69
164
995
-926
-899
459
82
3
116
640
-395
1152
380
74
342
-413
327
427
-1070
762
-8
784
-643
-118
567
-92
-559
542
540
-515
240
606
-176
-75
-877
57
294
-226
624
180
362
-533
481
218
-141
-1404
-518
607
-1324
-601
-182
605
737
-872
-966
1134
-366
817
297
166
379
-437
188
1168
-864
-645
-579
677
254
-689
-132
754
87
86
-183
-572
-505
945
-177
-352
1008
692
-139
-269
-642
-601
-303
-618
-361
807
377
649
-42
-399
-1
-173
709
-460
487
9
-515
155
514
-392
-546
-699
1003
-534
-1
628
-146
220
-325
930
204
-505
618
-84
-463
-59
223
-173
1100
795
137
981
809
57
1470
-668
-275
5
-516
602
99
533
427
-1300
-110
-23
-265
1645
-516
715
-760
-647
-189
503
-310
571
556
-111
-1459
-178
1183
-134
127
25
-457
-599
39
-239
-188
82
-147
0
-706
-1646
939
540
-186
-73
994
-1403
622
83
-482
298
960
232
-771
437
520
228
96
90
-510
-508
-123
81
561
-40
-85
499
934
-625
-912
-526
-189
629
604
230
-703
-138
87
-1
455
462
250
-55
702
-883
805
-427
184
-556
-12
-96
252
1157
-252
-1025
961
-896
-1032
-384
-177
189
-598
235
2122
370
219
354
-289
-525
-86
-974
-558
-1266
422
-336
-904
714
-245
-664
-14
487
-1097
-27
-279
89
-1952
1051
-386
-362
223
-430
-172
-279
-633
-699
655
248
317
154
254
230
-1418
1021
109
-498
-926
369
220
-334
975
359
-587
-526
-186
-332
881
-13
-844
420
1478
209
572
-539
323
264
-495
-355
-170
-1385
164
-11
-751
-728
-550
280
-1121
-188
-574
-932
-650
1377
-887
-51
-370
-803
45
6
-968
-93
15
-511
-556
-722
781
463
-75
806
-802
-532
-576
44
-419
484
-154
277
-176
861
481
-106
339
-3
1269
-175
-500
296
675
-127
-571
-349
-89
73
341
1078
-312
-18
-579
-520
-275
-397
129
629
-55
-36
103
389
-1012
62
76
-1114
727
328
-26
-854
-131
-1645
-520
261
1401
-122
-609
-1279
-770
-417
-151
-1231
218
463
831
-269
-705
97
377
-1101
943
224
-666
491
474
502
-685
-1306
451
80
-74
-27
-228
-6
1058
-216
-310
1292
816
-563
566
-309
239
715
-13
840
824
-519
594
67
287
-438
-372
1148
-1313
99
-25
896
15
15
235
1059
817
-191
-2094
-249
1230
-222
68
-216
810
-591
-299
182
607
-886
658
-638
-178
-342
988
-151
646
-437
1110
-150
-168
-313
1255
-591
-625
-1302
-1449
282
-336
-542
610
113
716
-45
-825
295
-314
-1265
627
-548
-494
100
394
-543
-965
341
851
-46
-1275
-571
-556
-654
-647
-706
-803
-641
97
367
252
-366
-170
-75
132
241
454
920
758
-529
-197
-1901
-457
-163
181
402
-729
1730
-1159
-220
-30
52
-1407
-733
454
725
-263
-138
-198
836
640
615
-617
1179
-252
607
-899
23
-434
-591
382
1032
-490
1243
384
-683
531
1701
21
421
-92
493
-168
318
-324
-98
794
-866
39
-1092
399
-976
447
-589
-73
-638
-225
-960
-644
-75
-195
91
520
409
-998
-825
-419
-205
1628
346
-169
802
373
613
-222
1030
-1186
-129
397
37
619
211
-526
-503
328
-858
625
909
-313
357
-277
-399
-44
499
-311
178
1111
58
-492
174
-581
-33
-567
-222
-1214
515
902
-1129
390
694
289
376
-514
-565
-517
-2223
1649
257
-40
1418
285
314
78
172
105
750
798
-215
318
-708
497
-455
-254
92
-2
-296
253
-75
234
362
616
480
589
68
26
-424
-383
544
-353
-522
-404
-197
-626
540
725
-589
507
-198
-836
-503
458
827
-861
1459
931
-1064
359
96
1616
314
-175
327
-723
-704
182
-685
194
1321
476
-177
-1040
542
585
-50
-914
105
425
913
-14
91
30
361
1474
1382
-900
5
-980
418
-488
-666
-71
1620
-578
680
297
136
277
-353
-500
-936
1317
-169
-1114
-25
450
199
-242
865
907
757
-324
857
540
-353
-543
1096
-708
581
96
-936
-154
-517
75
44
152
194
453
-803
-349
-165
353
-222
-192
807
-209
-137
510
472
121
268
-677
240
-210
890
-118
1009
-76
-327
-951
-133
-795
343
99
-803
412
289
626
440
-628
412
-477
-4
50
948
-133
83
-413
10
-429
824
-1062
557
1081
-320
-924
77
-448
-346
357
-332
-63
240
60
504
-141
218
1206
-430
609
-472
-517
323
867
1052
521
615
700
-262
812
875
203
-114
468
401
1427
1233
-451
257
-1156
-940
388
106
-1357
-478
-590
42
268
-622
254
42
-264
519
-1125
485
-263
245
818
-1268
163
-548
820
1058
-266
229
-233
226
-112
-521
-1481
437
-867
798
-739
-744
209
668
1042
-742
-143
-303
432
2
100
555
-1014
674
447
-13
587
67
-496
1
-675
-499
-430
777
307
360
55
764
813
994
126
-549
-639
383
-481
571
-477
555
-278
-760
724
-428
79
994
1147
718
-248
383
-38
338
-149
-1121
445
93
742
86
129
-512
12
450
-1001
494
-851
-855
-637
996
997
-606
395
1201
1025
1104
523
120
-720
876
-467
-32
-333
479
886
-1067
14
-756
529
-930
-662
-650
-1231
640
537
477
1068
-780
663
-287
-790
212
193
-191
611
-135
459
1175
875
1117
163
124
742
652
-586
745
285
783
534
289
-1098
567
1114
-1177
-548
737
110
173
-421
1000
-646
-36
173
-893
268
-672
-712
676
-862
234
334
1314
77
-1267
269
51
-1115
-645
-1184
449
-668
-695
-803
426
-766
-399
-230
-1210
-625
-393
-71
888
-66
2294
285
-108
1300
1051
19
522
-422
761
-604
-1148
257
905
-1119
685
-175
1121
1910
-252
261
-121
723
-954
434
107
515
-367
10
605
731
577
1065
1472
660
915
-1017
-6
287
-646
-2231
840
1799
-257
626
-942
732
1022
998
-307
388
-1434
1415
50
-300
97
72
-1244
-1423
-363
-186
1011
1307
-31
483
-1167
-145
524
346
-664
21
-100
-805
1107
239
-586
-215
489
-397
-336
-354
415
671
-217
312
-1221
-705
-39
443
-909
663
-601
-10
-982
175
504
222
84
-480
947
-141
589
-129
-787
684
277
635
-144
-920
224
829
128
46
613
-373
983
1224
-47
-328
-400
-357
353
-138
-740
-920
-850
12
522
1017
-670
-945
324
-686
420
584
-455
-124
293
-56
1160
838
682
644
38
-162
548
-508
379
-512
-63
-370
1810
-500
-810
1754
-273
-681
1200
783
437
162
-145
-987
-195
-216
196
-1149
-1561
960
-580
-322
-362
-11
1171
1475
1127
965
-1234
148
-593
-719
-618
-411
258
-301
212
116
-75
-207
-338
1129
-387
1487
-833
333
-248
-213
-33
106
646
734
-1470
-1090
-391
-770
552
-463
-762
-394
-894
244
-42
88
655
-219
1188
627
-33
1048
351
-770
1456
-819
115
957
422
472
664
-351
2012
196
-1172
-598
332
60
-142
-502
533
971
-574
773
-386
1375
610
631
439
-41
-657
218
195
641
1230
-39
-884
1220
83
-419
-567
568
1384
-55
-1513
-144
641
251
-66
-189
191
271
-73
-368
135
-187
1468
-988
5
-126
294
-89
-1112
-55
1061
-141
-1007
917
118
-190
209
219
-95
104
339
-632
-472
29
8
805
21
1030
-545
524
561
209
485
1118
-19
49
-1282
633
1527
419
623
-537
901
422
191
37
-229
7
142
-198
-172
1283
-177
513
499
628
-46
-115
168
523
-619
23
347
-85
689
616
141
638
-280
965
-128
-102
-406
1207
313
-323
-690
118
-8
690
-153
-888
365
428
227
928
1128
-360
98
-58
-1294
879
-155
-517
-1043
-1228
-266
-104
-798
-327
-93
495
-1404
346
-335
-953
-1204
-424
-962
-406
-1187
210
192
-327
-1620
-133
262
-160
-365
432
119
832
232
-137
206
-388
-504
-479
436
-917
1281
-298
410
196
372
-34
331
482
-694
-1487
1097
176
36
-382
376
843
-2047
854
-716
502
101
-854
-1544
1118
678
-111
-820
497
825
-348
-113
-121
-890
-1247
112
47
-815
549
287
-1316
586
-667
18
962
815
-501
79
800
135
-319
-466
447
390
331
-34
-476
-1101
-408
-1006
-205
-475
409
-827
648
-267
-65
97
392
-49
1081
-622
-452
-1185
-91
-830
88
-155
-572
-1617
-981
482
-866
691
-60
-1069
-72
532
-854
1059
-465
289
-483
-432
-320
422
520
797
435
295
1441
-378
-470
-589
-860
-1251
-82
-202
988
525
720
516
28
-189
515
656
409
1253
232
-135
-1014
-935
198
491
663
99
1661
1373
-95
-663
-69
590
-799
-336
100
-481
1088
761
-440
-120
157
-730
-516
432
-485
-269
-67
627
-908
875
1575
24
-83
719
973
108
304
1676
-1097
1181
577
60
293
1243
603
629
988
276
-806
989
177
-1514
-1419
-1443
42
-695
506
-328
-872
-438
-1129
347
447
107
596
640
1007
-228
-146
-721
388
-433
306
-299
322
-1169
-807
166
1509
-30
-313
-126
148
-688
-183
-345
-406
329
-46
-551
-213
655
711
633
281
-5
452
274
-91
933
714
288
-612
327
500
100
215
-1189
558
72
-303
-28
477
107
223
1763
23
-224
-775
-42
34
244
633
469
824
-183
127
352
-72
-1097
-846
426
82
-100
-202
-1207
-299
-639
-479
-315
1254
-471
3
708
342
213
-137
-50
-355
-1008
1758
-329
674
-444
-1016
362
534
-438
647
-535
799
-704
-219
1044
242
422
981
-374
796
-426
616
458
180
148
-266
-86
1177
-328
53
-83
1187
939
-161
-76
1013
-378
68
-481
405
127
-556
-363
-1177
45
-93
93
591
-820
184
-46
308
309
30
-673
-226
-1086
-837
-405
694
343
108
-1425
-910
163
-350
1183
-271
-439
-1482
-379
-81
-297
702
-371
1185
375
-429
21
-547
938
-333
828
315
-339
670
275
529
221
-774
434
569
-726
-164
629
102
196
519
380
-1026
94
922
589
243
679
-236
656
-125
181
246
330
226
41
729
1118
161
-355
1338
-273
-1236
-679
-84
297
-900
565
1459
571
-581
200
1077
-27
-390
281
97
-643
-145
-563
563
-1840
1344
946
310
-833
493
821
-255
-500
-358
649
574
-269
389
584
557
-849
641
-922
-288
-313
634
183
36
702
120
291
902
-457
1194
-735
-353
-260
565
-20
1153
-863
1001
558
-173
180
725
-673
389
1226
453
-431
1082
404
-245
268
61
-575
38
-234
-1134
206
-589
-377
474
-339
-436
-47
-123
-486
607
458
402
90
351
793
-51
-145
140
-72
-392
221
-264
224
661
77
-259
1469
-676
1062
-996
-577
512
41
-765
296
1171
-1085
1097
-770
22
-1377
-630
-383
753
289
-135
-242
61
-1258
768
2457
426
98
-24
266
334
-860
-754
-7
294
1046
-784
-1061
-825
-274
0
614
-866
-499
244
-1099
-361
132
-349
357
-1450
-376
-513
-1544
-258
-77
-104
-480
-57
-590
-599
1207
-112
934
-1169
468
378
1005
-493
185
971
-476
-61
-300
-171
-121
202
580
851
661
433
2011
-1206
-222
946
469
73
707
387
110
-199
365
275
157
65
818
268
885
-113
1399
-8
-224
288
-245
-1175
-402
574
874
1404
772
237
343
-1275
-317
-134
-2046
-70
-1387
-700
-1230
-666
-212
520
-840
188
100
929
-254
531
1229
1089
954
292
-136
-445
-376
-1633
282
145
-1170
558
17
121
-605
67
-395
643
512
745
-76
-377
-909
1067
-1418
234
224
-1002
-947
-345
-685
-250
721
-489
21
644
-609
499
-556
104
-846
-995
-1230
-29
-1803
-254
-83
-116
462
-169
-283
274
-1123
650
-907
-734
843
243
1171
625
1365
77
-535
-180
464
-1736
-624
-524
1501
-262
-196
463
60
-593
363
-1364
-221
-132
-609
-348
1737
-744
227
-380
-1453
49
1380
-188
390
85
-54
146
72
257
-392
979
-108
-125
638
-1237
93
87
460
-968
208
-643
-1263
752
678
-1434
-1440
-455
214
-228
15
-487
-351
-96
355
-664
710
451
-814
-946
-391
621
497
574
543
-1128
-170
-577
205
-61
201
-393
-253
-309
-26
-109
1091
75
-456
-407
348
-165
-555
-86
776
-470
28
-171
-1086
1142
-29
-300
524
-371
125
869
428
-471
356
-714
769
-250
248
510
1066
498
112
15
-1525
362
-1135
-126
383
-36
-30
-219
-443
-296
116
1812
653
886
289
-157
-864
522
-563
148
-1032
466
-1671
-255
-1296
-497
1153
31
1243
-754
-540
520
7
-2468
-349
-1541
-445
235
320
-133
55
853
-680
311
373
644
939
-309
-242
-812
-393
153
640
-280
130
-1344
-253
790
1656
148
-628
323
-413
1418
937
-320
106
986
-1115
89
887
1414
873
243
417
-807
-649
1322
3
619
672
668
-330
316
-819
946
520
-82
-562
937
-1040
-1032
1467
-249
546
80
440
739
628
116
-19
-700
422
-911
-677
-1309
-193
178
948
645
272
-131
1291
-152
-1240
-876
-12
-492
1853
602
-1248
18
-134
-537
-1257
-1436
-1203
684
-267
1424
849
-1023
-343
-397
161
-301
-245
58
-737
25
-354
-900
544
-769
-574
-526
-895
-1440
1444
-235
-575
185
-692
-564
-289
-34
249
1040
-860
419
-269
-471
-642
-604
2
346
-1131
318
1264
546
-163
166
354
56
997
-412
3
-234
-1157
322
146
37
229
-583
-22
-319
598
-141
-288
-204
-576
582
831
784
874
-520
-79
-174
-1555
-343
627
-354
1266
280
-551
166
513
802
-29
578
709
591
-478
994
-163
-541
1555
13
1587
143
889
-56
-695
583
-1183
49
817
852
-265
4
-248
-208
-249
-1511
777
965
-215
-317
-179
-395
-537
463
515
164
89
285
837
101
625
746
1215
75
-1
-64
466
811
-149
-377
245
1029
132
823
-293
711
900
286
78
-747
-149
655
-111
99
-938
-201
-282
482
283
-494
215
132
676
-305
-119
-711
-689
-83
104
-377
203
-592
-525
1468
-94
1304
-859
923
525
547
331
-322
40
-846
26
62
212
502
73
-658
366
8
678
-1416
-10
-231
-27
-570
115
-789
524
-359
-1
-554
740
-539
-1314
-538
537
-885
-219
568
-805
-1595
-60
311
501
295
779
-457
292
1165
479
961
463
324
409
-748
772
1256
-176
92
-116
-145
-854
-488
-45
-782
513
-365
-755
174
714
-163
-919
-123
113
905
-421
-76
121
-397
-686
-520
81
-578
-478
1500
25
-1314
755
-103
-777
10
288
489
-333
-754
-1235
580
17
-209
241
-239
-920
-59
116
-261
-541
-531
445
-1047
443
-55
-97
-335
-881
-500
-1119
-509
-633
-1405
-115
354
-573
-927
-75
-1025
138
-234
43
231
375
-58
-317
-121
299
103
-123
363
-2
-73
53
-959
754
-642
-991
-895
468
-293
-462
1340
-289
-359
1518
-190
476
-231
-653
-1270
217
-326
1033
-708
390
941
24
-72
291
-540
-181
532
-1130
-832
766
141
722
741
529
-156
1527
732
956
98
-387
-700
-576
288
1084
-380
108
-504
318
-129
-1332
-1807
-171
-272
-81
929
-187
-172
1267
912
-281
845
-342
-331
-746
-226
824
654
-1714
-619
-281
-151
-69
-416
-424
301
-46
357
858
163
738
-348
-165
-167
-51
-402
-1053
-926
377
-132
-78
19
-1119
-360
-247
-1362
246
-276
-184
343
-501
484
-279
-804
1329
-754
75
901
132
46
-930
116
1114
-134
564
349
-107
66
1035
813
367
-55
151
-924
-449
254
1366
903
108
-1189
1258
659
-1001
650
467
592
327
-776
-1122
1562
316
629
342
-500
157
276
745
1
-1260
78
630
-445
25
-911
-404
-945
866
-1347
-64
-629
-651
-96
-28
-562
-569
-997
22
-569
-590
-98
557
-43
14
37
32
584
2318
-1189
159
-872
-262
-465
281
-912
998
861
-71
-112
128
1387
1404
639
471
-201
-351
1025
-210
389
485
498
177
1008
-668
-553
-747
-627
141
-355
-22
498
195
-351
-107
-246
123
-1381
-425
832
-720
284
273
260
70
1992
-80
435
-585
-266
795
-939
-147
321
-66
-963
-1438
868
104
1036
-899
-1033
-746
-172
821
-1191
-71
1422
-94
-603
-270
-198
536
-338
-484
-1023
-61
20
852
271
704
-578
1007
324
1671
-209
302
-777
-985
399
-532
-123
-1173
-1387
-1277
-371
-940
1712
-139
333
-748
266
-187
218
539
22
564
970
-580
-806
-529
1029
-166
-74
-235
-832
-173
-1602
662
174
591
1862
-703
106
422
-94
-588
174
-76
781
-102
-1011
508
-655
-508
-65
-1076
89
865
-315
426
50
484
-35
-409
-1407
-106
-827
557
-211
-537
767
-118
-212
432
-487
-918
350
-801
-4
-450
-1104
-21
-674
-214
87
909
1005
516
981
-890
-621
361
-623
524
846
-1409
2167
-1340
-1069
-592
256
-145
-676
603
-756
-327
421
-388
-132
-720
240
80
2
371
-18
603
-533
1173
-225
840
418
294
211
1589
-323
91
-317
-491
5
271
-202
-912
-172
334
109
467
1609
521
-178
645
1234
-746
1115
-1189
437
-844
-784
-1074
177
39
-258
370
-363
176
-697
-181
58
582
253
-447
-856
760
-271
-289
-324
-1090
-685
161
226
-393
644
704
1312
-988
945
-719
-133
-883
685
-575
339
172
842
-271
174
-868
513
16
1533
175
-11
300
-753
213
445
840
-1042
-9
-310
-396
-15
-143
-313
-950
-192
-321
112
-824
-696
-617
-703
78
-398
634
525
-978
-258
528
-261
398
959
711
251
435
-826
909
-436
-845
-675
164
694
-1153
31
263
151
-388
878
-241
-347
-80
-646
812
291
1123
-593
661
845
933
54
374
615
391
208
-45
-307
-1700
-25
-1008
962
-83
537
-84
-80
347
-298
-68
-870
-327
-1128
-346
-61
1013
1373
476
-716
18
-520
594
-457
-647
190
259
-92
-356
-670
-176
-169
490
809
917
-887
209
-437
-1026
687
-354
-229
-847
569
-164
-94
465
213
847
-852
223
44
-580
41
-1
130
631
1507
-33
198
977
-285
-368
1393
1173
-516
-270
1224
171
-571
223
1237
186
850
480
-495
-425
586
361
624
1275
41
521
268
1243
559
-109
-1680
-614
-449
-1376
445
-1660
255
1585
-943
1095
1444
1064
170
220
-299
593
542
873
764
-874
19
164
-414
554
198
-269
314
-1144
116
83
426
544
-845
-1488
-607
317
412
162
304
1143
1127
-459
-393
-31
-1199
-4
780
41
-272
229
-996
-381
-599
205
26
-328
-426
-538
-37
-681
273
261
187
858
-694
606
493
-422
152
-171
739
175
1140
-814
649
-421
326
1181
-686
403
334
287
12
-1211
660
248
-654
127
737
343
-1555
145
-472
180
-1277
-191
903
-871
-419
-1093
159
-104
-1189
-824
-768
723
581
16
625
-241
-438
-1028
58
100
1298
-10
-228
1074
1756
357
333
-200
-320
104
-77
-584
436
-717
-436
1084
-379
-141
-883
-368
-1794
-305
-883
1688
284
557
435
-72
-664
146
13
77
-897
552
-291
318
-187
414
1294
792
-401
-754
472
192
-101
-1590
-100
1289
-932
249
-579
-481
115
431
102
-252
-914
-14
-947
-272
-374
1102
922
187
109
-975
268
-307
-344
1438
-1
-727
-939
-728
-372
-158
-807
272
-243
575
-436
-375
897
1329
-419
-501
-655
-275
226
866
-37
1174
726
1113
344
-1208
77
309
810
422
-1303
539
923
-492
-672
1156
-1109
108
335
327
54
478
-478
-189
-652
-301
676
-227
-205
-23
-326
289
-197
440
1185
682
1134
361
539
375
-82
1526
-903
-432
447
810
-504
-197
569
-240
-202
-314
111
-109
-446
310
-822
-239
-84
-649
-574
236
653
813
-1186
-965
1061
-543
24
-728
1044
-196
38
1008
-286
404
-929
819
383
158
151
-253
518
-746
487
-378
-43
697
-133
0
751
661
-1114
-1108
-1537
992
590
186
277
1148
-453
-79
105
847
-145
-951
-296
-112
194
1457
-874
401
-319
-386
-177
76
122
181
-5
-214
-8
-1038
12
-917
377
1009
-701
510
709
-348
-697
-1717
-604
7
390
-400
340
-291
371
-57
779
-115
46
164
-581
-884
456
-826
-971
322
-654
-814
1106
12
172
37
-124
530
49
-121
-428
1151
241
969
-542
-734
1721
-712
-569
238
-361
125
377
662
-746
-20
558
-916
207
-909
1107
-538
138
300
966
-94
207
140
460
693
475
313
-1255
-811
-2013
-420
366
-109
-69
421
544
905
117
-752
338
-946
-98
841
-688
-429
-502
-692
-420
-2
19
-189
106
1509
-251
-45
151
-562
-70
-455
-60
280
-954
-1308
-823
86
-389
-185
60
742
-676
541
-3
-729
209
-963
-199
221
-1105
904
-85
404
571
-359
-578
-1030
-303
924
-268
-415
-1441
-883
-141
324
-322
255
-230
-575
-865
162
-834
91
-623
177
899
345
549
-532
241
602
-1084
-469
97
-792
256
235
-698
-1193
-19
707
249
