24 70 49
0 0
0 2
0 13
0 17
1 8
2 12
2 13
3 0
3 11
3 16
4 3
4 15
5 6
5 10
5 11
5 21
6 0
6 6
6 16
7 2
7 4
7 11
7 20
8 3
8 6
8 8
8 15
9 5
9 21
10 1
10 8
10 9
10 11
10 18
11 1
11 5
11 10
11 14
11 15
12 4
12 12
12 14
12 19
12 23
13 5
14 0
14 11
14 23
15 14
16 20
17 1
18 4
18 12
18 15
19 0
19 5
19 22
20 14
20 22
21 2
21 12
21 13
22 0
22 4
22 9
22 20
22 22
23 4
23 8
23 12
28
61
62
64
10
24
20
17
42
11
16
59
13
15
26
48
69
60
22
44
38
53
5
2
4
51
63
57
58
65
1
37
6
45
47
50
49
33
0
35
25
67
29
12
54
34
41
68
19
21
27
30
23
8
40
7
31
55
36
3
39
18
56
66
32
46
9
14
52
43
-46
5
-58
-64
18
9
30
-25
-24
86
51
18
-33
-57
6
40
-32
36
93
19
-13
-24
99
57
-6
6
31
-13
20
0
-45
17
10
-2
24
38
56
47
3
47
25
5
34
33
11
56
48
73
-22
-67
16
3
28
-34
-42
19
21
69
20
-94
-38
-63
48
-17
-38
61
-40
21
-42
42
-110
39
-18
59
68
-16
55
63
4
70
11
-18
9
6
-37
27
-69
67
-29
-2
52
-36
54
17
7
105
79
-65
3
55
-27
-16
-86
-27
20
-6
76
-32
9
-57
-14
24
42
-98
59
11
-53
-56
22
20
0
46
-71
1
5
72
57
-42
56
-40
-65
29
14
46
-55
22
-13
14
18
68
39
34
-57
-1
-64
105
16
-54
37
-6
-27
-11
17
-87
58
-48
21
60
20
-4
-29
-37
-127
114
-6
-34
-58
-10
2
3
-33
-5
27
65
35
-93
-21
-40
-44
44
47
29
0
57
55
-33
18
39
-29
-5
-38
-35
-104
33
44
-34
56
22
42
48
7
-36
-2
8
-16
34
-35
-23
77
32
-22
-53
3
67
-12
53
38
-65
-82
-30
31
-24
-21
74
58
29
-3
-32
-4
5
128
-2
-72
0
28
18
-59
17
69
66
38
75
-21
52
-28
42
-29
-43
21
74
-13
-56
-13
-30
-28
-7
103
-29
-27
-38
4
8
55
-11
28
87
-27
-5
29
21
118
-7
84
64
54
-17
-28
-47
-30
24
-16
23
-36
0
-4
23
-21
-66
29
29
-51
-55
-39
72
-53
-46
45
0
-51
44
16
-72
29
31
2
-32
22
-1
-35
76
37
33
-63
68
-21
3
-19
-13
88
-15
-51
14
42
-7
-23
-15
29
33
-69
67
86
-17
-96
-40
16
7
-38
-69
-40
-25
36
41
8
-9
71
25
-19
-23
25
-73
17
-76
85
5
7
-13
53
16
6
27
11
61
-29
132
43
51
10
-22
-83
10
-30
-68
7
56
95
3
-16
97
50
12
44
23
18
63
8
27
-43
66
47
-29
101
-19
63
-9
-21
20
-45
-59
-33
61
-49
15
65
22
-6
4
69
-35
-62
17
9
-32
-30
25
23
-5
6
11
-65
-105
8
-79
-66
78
52
-111
-4
-27
-32
64
-13
20
-80
19
44
-27
47
52
-12
-81
-57
71
64
-41
1
8
-46
-100
10
-70
64
21
9
-14
-96
53
27
21
48
135
-81
-21
31
-10
81
-1
29
-9
17
116
-22
40
-1
27
-72
29
-27
-40
2
17
37
22
48
25
48
-61
5
-16
-43
-26
-77
-10
-32
10
-5
55
-11
-18
59
66
20
8
-44
29
66
-3
-78
-61
-56
-68
-41
-4
113
48
-21
13
27
18
-1
111
49
21
-12
-7
-6
32
-89
-8
27
16
54
44
49
-24
6
-69
16
4
13
-22
-6
76
17
-50
35
-73
-30
-97
116
-37
66
27
77
26
14
-45
-64
24
18
21
-107
-42
81
2
-25
-100
34
31
-2
88
-6
59
-27
6
-53
-64
68
28
-66
38
14
-74
142
-34
2
48
-28
-51
74
-6
-10
-56
32
77
8
1
-11
-64
-25
49
26
-45
0
-67
-12
22
-13
-73
-104
49
-4
-78
9
79
4
85
77
50
63
-5
-23
9
18
-55
-37
-74
21
27
-7
-67
-13
-35
-12
-50
-51
107
-69
-21
-118
-32
-102
-26
-28
-119
-84
37
22
11
2
-28
-53
51
-54
61
87
-29
-108
-37
20
4
-9
69
6
-36
-6
-31
14
35
5
85
-18
0
-9
11
-6
42
-16
24
70
36
23
-42
94
-19
-80
3
-62
0
-20
87
-56
-32
26
-45
-80
31
-37
14
-14
-44
21
-46
-141
-23
-24
27
7
41
8
44
70
-5
-23
-38
29
-27
-7
-3
38
-12
8
-27
2
-14
27
20
-4
-119
71
-5
-19
-3
14
-18
-55
-95
-27
-52
2
-50
10
-8
26
16
-14
-14
-130
-19
28
95
-61
57
32
-70
-19
-40
-89
18
-9
-31
64
107
51
-69
63
-17
-11
117
-63
54
-44
70
-30
34
-40
-28
-73
14
35
-79
-29
-94
-63
73
-3
54
28
2
-66
119
34
-69
-54
-3
-2
48
40
90
16
36
-86
-100
37
3
41
-19
-78
-54
27
-83
-104
42
40
0
44
-32
123
-49
-14
-8
-9
17
121
75
-51
17
13
9
-33
1
5
-2
49
13
-29
-1
32
22
-63
47
-36
-64
80
54
-14
38
-20
-41
-9
4
-69
-65
18
-35
-73
9
23
-29
0
-87
-43
69
4
-76
25
14
34
55
36
-50
-31
-9
66
-27
15
-1
-63
3
21
-44
83
-60
16
28
44
22
73
-55
-6
-93
-26
-50
63
62
-1
77
-24
-30
-24
24
31
22
-37
-12
-105
0
36
11
60
21
20
68
-12
-91
19
12
-1
-47
-41
-10
-49
44
-26
-46
-6
-32
64
45
17
33
22
11
-48
8
23
18
-6
24
-23
71
-95
21
21
-11
-11
48
87
33
53
9
61
12
22
-52
-61
-129
-44
-87
-59
-59
30
-39
-22
30
6
21
47
-6
35
3
41
81
-29
-16
40
-3
-45
-16
19
17
-21
105
85
-66
55
23
27
-59
86
25
-53
-9
31
-7
28
5
-59
55
-13
-65
14
90
47
72
11
24
-34
-7
47
-89
1
60
10
-20
15
8
6
-20
-17
-15
-14
-60
-36
57
-21
-14
10
-93
21
-45
-60
32
4
-36
-38
79
-3
-39
106
108
37
-32
-56
101
-17
81
129
-33
43
39
38
10
-17
2
62
-10
32
-61
-57
-133
-47
17
-81
-28
37
-8
26
18
5
-16
93
11
138
-51
73
-31
8
106
16
38
-39
-1
-107
46
-33
-19
41
10
-63
3
100
39
3
-17
-67
13
-54
61
-39
-19
-45
39
44
18
17
-26
44
35
52
39
-12
51
-61
36
67
65
-55
39
50
4
84
-23
0
46
8
-81
24
16
43
-37
43
-40
76
-1
-42
28
-28
-12
19
100
-127
-63
21
13
73
43
-9
-69
14
-47
130
-32
55
17
79
42
5
22
19
-9
34
-25
12
28
-75
20
10
18
4
2
-20
-77
30
-96
24
17
18
75
6
-76
102
15
-69
20
3
28
-38
37
2
-19
34
60
-54
-47
44
-12
-64
39
56
-36
93
-58
19
33
-21
38
5
-18
-68
-2
35
-32
27
32
54
-22
-28
-43
84
4
51
-39
-38
-19
2
-61
-66
-16
18
82
-17
50
-9
5
72
9
63
-165
-79
-7
48
-89
-14
29
-42
-78
-14
51
-25
-85
-16
117
61
5
-76
-8
-16
3
-26
14
-13
-51
44
34
11
5
12
-5
86
-13
-44
-30
3
35
-40
22
43
61
15
-69
62
56
-36
-13
-12
-14
-40
10
-39
35
73
57
-30
29
-54
81
-49
37
-25
16
-53
25
66
38
54
-54
-77
39
44
-91
-27
4
56
-41
31
-40
48
-5
36
-27
14
101
-8
45
-13
75
15
-57
-2
53
-59
39
126
-32
-35
-23
12
75
9
78
127
26
-49
-60
-9
-28
5
30
-103
9
63
71
-77
-11
7
44
66
57
-37
35
57
56
-17
53
-2
18
-16
76
23
-22
-7
21
38
96
-80
-31
5
27
-22
13
6
-40
-18
-35
9
-27
-30
36
-16
60
-4
31
-7
41
22
64
37
-109
76
-23
-6
-51
-37
-71
69
36
-50
-9
-6
11
12
55
40
-3
-81
-31
-43
29
25
41
106
-12
98
92
43
56
17
-20
53
47
-36
11
-58
-69
25
-62
-26
-47
-54
-1
14
-18
57
-32
26
77
-59
-1
4
74
-17
43
82
-6
70
69
62
54
33
22
32
-60
9
-12
76
7
-112
14
-1
-84
3
-25
54
-12
29
30
-35
128
-45
49
75
-45
8
-53
6
17
-74
-39
13
39
-67
30
-6
-24
-71
0
-55
-81
10
4
9
25
-6
16
46
28
28
-9
26
13
-66
38
18
27
26
141
-90
64
56
41
72
20
-33
38
55
13
30
59
-5
23
-8
6
-24
-8
58
-2
11
33
-43
8
63
32
4
24
39
-38
48
-90
12
-50
58
-12
22
-43
34
4
51
47
-99
-12
51
44
54
11
-24
2
-5
-10
-38
-35
-7
11
73
-59
3
-11
42
21
52
42
-2
54
-49
-77
-16
55
85
9
-28
-69
1
5
-82
43
-50
3
30
14
-20
25
32
58
0
-78
7
-2
-56
-54
5
18
68
31
-56
-92
0
61
10
-67
81
28
-89
45
6
6
38
6
9
24
-24
92
-81
45
-102
-58
91
-151
-59
-53
-22
-53
-25
6
0
40
29
-56
83
-18
1
31
-52
19
88
81
26
-52
32
95
-39
43
51
-122
-90
-104
93
55
-1
73
14
8
59
59
13
35
55
-21
-3
-22
101
-29
15
-44
34
12
-67
24
16
-22
-26
-9
-40
3
-37
13
6
-42
19
-47
-49
51
-12
22
26
-45
82
35
-73
1
30
10
-10
-44
70
-7
-69
18
13
85
-53
14
-15
-38
39
4
67
105
26
-34
-14
47
58
-14
58
24
-17
-57
56
67
-32
-34
-7
-7
37
28
-41
7
-6
-2
-16
29
44
-24
63
5
-92
-5
-16
-5
58
-32
-5
-15
-19
-16
-46
-1
-17
-15
15
50
-63
34
65
-37
-72
-71
-3
-15
54
95
-76
-38
-27
-42
-2
1
12
-38
99
-48
0
2
5
-74
188
93
9
23
16
69
3
-30
76
15
-21
7
-17
84
-38
-50
-14
18
31
-104
-65
-12
-99
48
11
24
-30
-2
136
14
-62
-12
-41
68
-15
-15
-7
-13
121
-4
-17
95
43
-36
-71
-38
28
-5
-32
31
1
12
39
-40
-49
-64
23
-28
19
26
48
56
-9
36
16
-6
-33
-15
25
-72
50
-5
-21
80
18
16
96
-103
-38
-20
3
-26
22
-3
-58
-85
-4
-6
-44
-5
-9
3
58
-25
31
-12
79
-51
-12
48
-43
-115
-17
102
-9
87
22
-49
-83
67
-13
56
-58
23
-18
-10
-46
59
74
-21
10
35
16
43
73
-28
82
1
59
-28
-6
-87
9
-76
43
37
54
68
34
73
54
5
3
39
-86
48
-7
-34
-10
23
61
-14
40
41
40
37
-43
-3
-74
-28
-3
37
37
4
-13
105
84
-15
54
-68
53
-42
110
-57
86
-45
60
-50
-20
-20
39
30
-30
34
-34
34
-10
-49
16
15
24
5
13
-54
65
-73
61
68
19
-72
88
-24
-6
-60
13
-74
-28
56
-48
4
-45
5
34
-33
-96
-5
16
2
-61
-65
37
25
49
16
44
-11
2
24
20
28
25
-47
72
-14
-44
11
38
-37
-13
-21
17
-49
52
23
-38
-5
-16
36
-19
23
-81
43
64
-77
73
-24
-106
-7
-37
73
3
17
50
-19
-123
22
-35
-2
39
29
-89
48
61
-30
-74
136
-67
-14
108
30
4
-52
18
-55
77
-67
75
-49
-1
47
40
-60
-35
-72
-31
94
26
42
16
-78
-8
-19
-33
-19
-17
50
4
-57
0
-100
-75
25
-13
-7
2
-20
12
141
2
76
-33
-103
-55
66
-39
2
20
-64
32
-97
19
1
9
-84
78
19
-4
-100
-10
4
36
-21
-17
45
-20
10
57
-22
45
-17
6
26
-144
-24
26
41
4
40
27
-60
93
-1
-45
26
-86
95
-44
24
23
77
-4
-59
21
-38
0
-4
13
-52
-17
-10
-18
-11
-11
61
26
34
-9
-25
40
-65
44
21
44
66
47
-99
7
70
37
13
87
0
-53
7
12
-10
5
-32
28
48
9
-105
93
33
22
-68
25
73
98
-39
5
-111
-61
18
3
22
62
37
-32
-6
-31
-111
-17
22
-1
-93
-61
7
23
85
-18
18
3
67
-32
2
33
93
-10
78
59
61
14
26
-8
2
139
8
-37
-25
36
59
32
-63
50
-6
-24
-25
40
52
-48
26
32
18
-78
10
-63
-50
5
-8
-36
71
-27
-27
39
-40
73
9
15
50
54
-38
-6
59
131
-9
-56
-36
-128
32
11
-16
-6
-31
106
48
57
-48
-53
-51
-22
-30
-11
6
34
3
-39
64
5
75
0
-3
-29
39
-12
-42
-76
81
43
-49
24
6
-43
-18
-70
11
-10
-28
0
-40
-34
-78
35
-42
-127
-13
-75
-31
7
-59
49
73
-86
-14
126
0
-33
-111
-24
-104
93
52
-65
122
-17
-9
-61
37
2
-38
14
-85
27
-1
19
-16
-13
99
60
11
50
11
70
7
-8
-28
-43
-50
28
-58
-35
-31
29
22
48
23
55
37
-55
-58
-30
32
-65
13
27
14
-17
-13
-40
2
-16
-11
2
-13
4
-23
-45
-15
66
-17
-18
-41
30
47
-50
16
49
-29
-69
-43
43
-20
21
-102
97
12
-15
-42
10
12
117
-1
-13
51
52
42
-10
3
58
8
75
46
10
83
35
63
-2
-15
41
80
34
-35
-79
41
82
-5
49
-17
12
-53
34
46
-56
82
-3
-12
-19
26
-27
10
4
16
-29
68
-56
54
-21
-19
-31
23
-18
2
-21
-29
-41
44
12
32
-75
-67
-1
27
46
29
11
88
-37
13
-6
11
-5
-49
16
-32
68
-3
38
-29
-63
-2
-51
23
-14
-24
53
-12
-33
-34
76
-1
61
-17
15
29
118
-1
-71
-72
57
13
23
-17
-5
-17
-82
45
-31
-11
-48
4
28
-32
52
29
-76
-12
86
26
-52
61
76
83
-44
18
-79
-80
-86
10
16
-26
4
97
52
14
52
73
-43
-132
34
-33
-12
-30
-42
24
-58
-34
95
-17
-38
32
44
9
-42
16
-75
6
-13
76
92
-11
50
-18
58
-43
74
12
-21
-22
62
-87
-10
-4
-23
48
-11
-30
18
9
33
-55
11
67
40
10
-73
71
-82
28
105
-93
-27
-6
-49
58
49
56
82
-29
41
21
-43
-5
-22
-52
30
11
13
-38
66
-23
62
1
16
-39
46
43
79
-14
57
21
-50
1
20
7
-10
-32
-34
-69
38
-27
-8
-10
5
-123
-27
50
-31
-24
56
10
28
-42
19
-48
-109
-35
-35
38
19
5
-55
3
16
-26
-7
-45
-16
73
-60
-25
-33
72
-32
23
38
-23
-29
8
-18
-22
68
49
57
33
16
-1
73
40
39
-6
51
-103
-5
-28
30
73
17
102
71
36
21
18
-64
60
-65
-87
115
47
82
-80
-54
67
-45
58
51
-12
-34
67
-29
-64
42
58
109
68
43
-58
-36
80
73
-33
-50
-18
-89
-66
32
16
-34
-9
18
-13
84
-19
35
48
-41
112
-34
-71
15
35
78
56
-19
35
-71
48
-32
20
-75
33
45
27
66
89
84
12
-8
22
-58
18
-72
41
32
-50
-4
-84
27
-58
-20
-20
34
29
-56
-90
12
59
31
-40
-66
121
27
-81
-50
-39
-68
-37
-77
-56
29
-39
78
105
19
14
-6
67
91
-14
-83
-29
-57
17
35
-10
4
0
30
-60
16
-32
70
-97
50
-27
-72
-64
51
-13
-38
-28
15
-4
71
-79
-21
-59
-18
44
32
-46
-49
3
17
81
-61
-43
-18
23
13
-2
22
-14
82
-3
-74
-77
-69
54
-24
6
22
30
5
47
-22
77
-4
50
23
35
-13
-6
34
9
-24
-26
-15
82
-52
-28
-23
51
-7
-25
-12
53
-16
-18
-6
-75
30
-29
-1
24
57
-98
-50
6
102
-2
27
4
13
-15
-5
-37
-84
-28
42
80
5
-32
34
-27
-1
-48
-34
-45
29
116
-11
-20
-102
-30
20
-39
9
-46
-66
72
-57
-74
0
-51
-32
-126
2
58
-13
8
-10
24
-25
-16
112
60
-84
17
-2
113
43
79
22
22
-14
73
13
-84
53
8
-54
30
68
-16
-22
10
-44
-60
136
6
58
57
-54
-39
64
15
-25
-75
57
-102
-18
6
-40
78
-19
3
-3
-44
-4
30
-13
-66
-43
-158
-77
-49
35
-45
-46
54
0
0
50
-34
-1
-25
116
5
-89
-6
-8
30
-57
77
109
-85
-21
57
-43
-11
56
5
-85
-9
46
15
59
-123
9
48
30
-19
-76
63
66
-7
-101
71
19
41
-41
-73
-12
-19
19
94
-10
-42
-47
5
-4
-79
-43
-32
-36
71
-40
-66
34
1
14
-34
103
53
-23
-9
19
-1
-20
35
-7
-51
-55
-11
-12
69
8
13
38
18
49
-38
11
-27
-24
-69
28
-83
30
-26
33
-47
41
73
15
-26
74
-7
34
-51
-58
-40
-108
39
76
-121
-3
0
-34
6
-12
-69
65
-129
-57
-45
-20
9
-51
-41
72
-41
33
-66
60
51
-31
-15
29
-53
26
-16
-52
-20
-20
-9
-70
49
41
-6
59
-108
-59
28
14
-70
-45
-52
56
-12
-54
-1
66
3
-29
-47
2
-71
-10
-49
12
126
32
49
-49
-13
-134
48
43
-11
31
32
75
17
-15
47
65
24
93
89
7
12
-57
-103
-88
-25
-12
-55
26
14
-30
-35
74
-27
32
-12
5
129
37
59
-81
-41
11
22
-15
-34
-43
37
44
-53
7
59
32
-15
34
7
30
58
59
44
30
103
8
-54
132
-32
1
36
26
29
19
56
49
75
-28
-41
53
22
-49
-36
1
-8
7
3
102
-15
6
39
46
-104
-13
30
-3
18
131
56
-53
-29
53
41
-79
55
30
-19
80
3
29
20
65
-34
9
72
98
44
-85
-10
-3
70
-37
50
6
-21
-18
-15
32
38
24
9
3
8
0
-73
3
38
-46
68
-103
-2
-93
42
-23
-11
-85
-81
-19
5
126
68
-85
69
1
-9
72
21
0
80
-16
11
-24
-41
33
-82
-54
-70
17
-52
-2
-81
-69
69
2
-13
37
58
-40
-12
7
-5
43
-55
-40
-60
24
-24
-16
-16
3
-52
17
61
-58
-18
8
52
19
-10
-51
54
46
5
-11
60
-30
-34
33
6
54
27
-101
-2
5
-15
-19
-36
48
-47
16
39
100
31
-123
-11
-18
33
4
-1
17
-12
14
50
-21
-19
-5
74
-22
21
6
-74
75
50
-34
-34
-29
48
23
-53
3
37
-19
20
63
59
-63
49
48
-20
-20
-1
99
-35
-2
56
19
27
-22
86
-1
43
-17
-66
15
34
-53
80
-41
-59
25
142
-45
27
7
61
1
42
-126
14
-41
74
61
-43
-6
-35
-34
-25
-81
-63
-80
-63
38
-29
15
-56
-24
-17
-1
-30
61
53
-1
52
-14
-8
34
46
-21
-7
14
-5
31
48
-113
-48
-1
134
-54
56
45
15
-42
97
-38
-2
62
-40
-72
-49
-34
-33
10
13
-19
-8
86
-12
-42
-82
4
-66
-35
26
23
42
22
-42
-1
-2
-110
36
0
-76
-91
-41
-59
60
29
40
-26
46
86
38
-16
-41
-107
66
-36
12
-60
93
18
82
-109
-46
-23
24
-41
-71
-117
53
-37
11
-16
92
43
108
-38
-4
-78
5
11
112
-13
-55
-18
43
39
-14
-52
28
56
21
11
-72
0
11
108
-56
-29
10
-12
-55
74
35
-33
90
29
-31
-103
81
1
-73
-41
18
-29
-55
-17
-11
28
105
-44
23
6
7
82
-9
-85
-17
-25
32
6
5
-33
26
9
-64
-1
26
38
62
26
26
34
-37
-7
-1
-52
27
24
73
45
-55
-8
27
29
15
48
71
-27
8
4
48
16
-51
17
40
-61
46
30
-8
52
42
-6
-27
-7
54
10
-90
35
83
45
-27
-42
16
34
-27
17
-3
55
49
-25
66
-8
63
-26
51
-21
-21
-28
17
-115
-83
-28
63
-26
-13
38
4
19
59
68
31
-13
-9
-73
-56
52
-15
-47
-3
10
122
-9
90
-44
4
-17
39
45
-59
7
23
-44
36
5
53
31
-91
47
29
-28
-16
52
-46
83
-44
-4
-17
30
78
74
-31
-28
44
-58
6
-13
-33
67
-27
50
15
-113
69
54
-23
4
96
-26
-30
40
14
106
5
23
-66
-5
53
45
41
-53
-27
-2
-72
56
-40
-19
2
85
41
48
-65
17
-56
-59
-58
-98
-109
-32
-36
74
-61
-11
-66
-41
-25
16
16
60
-21
16
20
-39
-5
27
-60
-25
54
-29
70
-60
106
-8
-93
-6
-4
-68
-47
-67
-27
65
-34
33
-24
51
66
21
74
37
-32
-21
3
-18
-124
-15
-41
-27
-16
39
39
-41
-83
-1
2
10
-10
-5
-61
-76
-37
-27
-76
122
46
57
-41
80
47
32
-61
28
19
70
37
50
-7
80
26
12
17
-67
-71
12
-11
-10
41
-57
-42
61
24
-7
8
13
-97
-39
58
-26
15
86
-2
39
14
6
-23
3
-26
69
40
11
5
-31
8
31
-10
-11
4
35
-7
37
-67
44
-56
72
31
18
7
21
-49
60
-21
-51
7
11
49
-23
3
9
44
-13
-18
-91
47
-4
-7
23
53
-12
21
-95
-41
96
-31
-48
64
28
46
-52
11
-108
-55
-73
33
64
16
-56
-26
44
95
103
24
11
18
-41
-31
37
-65
36
15
-33
113
-47
67
-38
74
-26
-81
-36
16
-15
49
52
49
43
31
3
-9
-13
27
4
30
-85
-15
70
-8
24
-70
85
50
-29
-29
-48
-16
7
-48
-16
-19
27
-3
41
36
44
-31
-39
-40
24
-44
29
-38
7
-6
32
51
-69
10
-24
23
-107
-29
-28
4
-14
-45
-63
34
-65
-19
-25
-38
-14
-29
40
-8
24
-32
-2
-25
70
34
47
-35
-15
-28
-16
-68
-72
-29
-68
19
15
33
8
-29
27
-57
-88
-11
7
-18
7
63
53
-140
37
12
-44
27
-37
-57
-54
50
24
-7
23
-75
4
-10
-76
0
118
-30
-58
108
-2
47
21
63
-25
25
-110
-47
81
114
-19
-1
16
-54
-22
-67
15
67
34
-11
-11
-25
31
42
7
70
-15
-86
-20
24
15
79
-26
9
-25
20
-59
-32
132
-62
36
29
11
-88
5
-17
-88
-85
41
11
-63
-21
60
6
-21
55
-24
4
-7
6
6
-5
138
-132
-26
64
-70
-70
-4
-85
13
23
28
-8
22
-48
-11
72
-56
55
-69
-36
18
3
2
20
-78
53
65
-81
-43
67
-101
22
-129
-40
37
3
15
51
37
36
14
-33
-38
-53
2
-18
39
30
-20
-68
49
-20
-9
8
-23
-44
71
-47
-40
-19
50
-4
65
-4
-12
62
6
-19
41
37
-8
-53
-50
43
33
-14
42
59
-79
17
-35
12
-24
-12
9
52
-47
-27
20
22
-41
-71
48
96
-27
9
37
-92
0
51
3
59
22
-3
-2
-13
-10
-10
-71
72
-7
28
-4
1
-40
-30
3
32
-24
4
30
-33
-40
-16
-46
30
-59
-66
-29
-59
52
73
4
5
-18
-48
71
-32
0
42
-27
-26
42
-10
26
-57
-26
23
31
-54
72
3
12
92
13
-52
12
11
-37
-75
-70
-130
17
-6
30
15
9
-17
-37
-5
-99
101
-74
26
-80
-30
105
0
-85
-49
-47
-111
-90
-27
46
147
70
0
-21
-48
-28
-19
28
-65
-60
31
62
-37
77
96
-60
-22
3
-36
-9
38
10
21
-32
2
56
6
-31
-25
19
-32
-71
-30
-14
-53
-58
69
13
35
-31
-57
25
-48
98
-2
-11
48
-35
-15
-56
74
-34
12
22
-55
-93
39
-7
138
1
-46
63
118
11
-111
-92
-23
19
-31
94
58
3
-8
36
86
38
-21
-21
-15
-18
133
-32
-1
0
-63
-28
-97
-38
32
13
51
-48
-40
-39
12
2
-10
25
-69
26
37
-15
-122
26
-69
-111
-46
7
55
-18
76
-27
-21
29
-21
-48
-144
-20
37
10
2
31
44
50
-44
102
-7
-21
-108
-77
-24
23
9
6
54
-30
-55
58
-66
30
-8
-10
-21
-6
-8
132
34
-73
53
-32
7
-80
83
-37
6
59
-74
-60
53
-134
-35
-131
87
76
-46
31
-12
-5
-37
-36
-46
-37
-66
-50
9
15
-59
-24
-26
-21
16
-57
27
81
-14
77
45
49
86
0
-53
-3
12
-42
-30
-14
30
80
20
13
8
28
-2
-39
-36
30
0
36
-21
14
39
74
21
-40
-24
7
-34
1
-3
-29
-79
57
-12
-20
1
55
-19
-90
-2
48
-9
-46
110
-6
26
48
-44
20
13
-69
-29
27
-69
1
37
67
38
-41
16
66
-87
-13
58
22
54
-22
12
-31
-2
17
-72
17
25
-53
19
-50
-63
-66
-3
-42
17
-56
-68
-17
-1
-5
-38
32
-49
28
29
-8
-37
-120
-33
13
-28
17
9
11
31
12
-46
-68
-31
13
-23
6
91
-25
-46
18
-19
73
105
13
75
128
60
-60
3
-39
115
55
11
7
14
-57
28
59
-48
2
16
69
87
29
-3
-55
-32
-63
7
-91
-48
-2
82
53
-11
-14
11
41
-5
14
23
-45
0
-39
-6
-81
-25
49
37
-53
5
-1
74
-40
-1
-15
-102
-74
-31
-82
-94
-64
8
-28
88
-8
-19
22
-41
25
69
0
39
-102
-1
-80
36
-35
-17
-64
20
45
60
16
8
0
18
-2
22
85
-35
15
-57
-91
34
-76
-22
19
-33
-45
-25
-35
59
11
98
-36
80
53
12
-11
-91
-19
-71
-1
6
-33
5
24
26
67
11
-11
-4
-52
-31
-75
16
4
-18
77
34
33
-19
-43
-1
28
-27
-26
-43
-13
-4
-28
-12
25
-117
36
-82
-68
-21
-7
16
-7
-41
46
-6
39
20
54
26
-29
-51
-3
29
-51
86
18
-52
-49
25
70
67
-2
-79
-68
-65
-23
-6
-35
-10
57
-15
-79
85
65
4
23
59
45
-10
-8
58
-29
-43
29
25
-19
-4
-41
31
67
1
1
-71
81
23
-103
25
85
39
9
68
-60
-19
23
-27
-16
-34
-49
40
39
62
-62
48
-12
-38
-58
8
-55
-125
-59
-44
3
63
87
-5
0
-24
4
15
87
48
-13
-70
-13
-67
77
-124
-37
16
-58
-92
61
-11
80
-111
-37
-55
11
14
7
39
86
-16
106
5
-62
5
44
-60
-5
28
30
-80
81
-4
21
25
75
23
-30
70
74
-103
-59
9
20
-22
0
-28
-36
-35
27
2
-1
-21
-11
10
14
-129
-71
62
29
36
6
-41
62
-8
14
-14
-64
17
-40
-32
-9
63
-147
34
29
-1
-64
7
-10
-68
2
-19
46
-89
-70
35
9
-38
-45
-63
31
27
-54
4
120
-26
59
52
67
122
41
31
27
11
-15
0
20
-9
9
130
-50
85
-55
14
60
39
-92
-117
-68
43
-16
8
33
-85
-24
-40
-30
59
-93
18
-21
30
44
-25
-86
-15
-54
67
45
107
-36
-18
10
-5
50
8
-32
-11
-16
-71
60
1
8
3
-11
-1
18
-48
-40
45
-48
158
48
57
-50
36
72
-108
-53
-23
50
75
52
-61
28
-30
5
-4
28
71
-72
-9
-11
-38
13
-1
-34
-1
-9
-23
-47
18
54
-31
-50
-3
-107
-58
-10
-32
-7
11
-27
47
-33
3
-7
28
-49
-42
-41
14
-87
79
-27
-5
-23
-36
1
-42
-13
14
14
34
30
-6
8
-57
-11
-93
47
66
-52
35
-11
0
-10
-13
-67
22
-65
44
1
-76
46
-10
9
-47
-75
66
-8
8
58
-55
-87
-127
-34
-47
-12
-11
21
34
-2
-92
53
53
-26
-27
56
-24
-31
-37
30
-10
19
-74
109
-71
-37
26
-119
51
6
58
-40
11
77
55
-52
-34
-56
-3
-91
1
-1
-70
-83
-7
-22
-84
-3
-13
65
-36
-61
6
10
30
-11
62
23
3
16
33
82
100
2
78
85
19
-85
-17
62
-47
-118
-60
6
32
21
41
16
19
48
-34
-9
-8
-14
32
-28
33
44
16
10
-11
13
35
57
61
-66
-12
3
33
77
-29
74
69
-14
-51
48
0
-103
-7
-31
-50
-3
8
-30
68
37
31
45
0
42
-12
17
-92
21
57
-72
-11
36
-48
77
41
-13
-73
28
11
-31
-79
4
-60
-35
80
-74
3
27
-40
-52
77
1
62
-79
32
-21
-1
3
29
41
2
-23
-54
-38
21
17
-44
77
48
2
-1
57
22
-8
-60
9
80
6
-19
81
55
-27
83
2
-21
-11
83
-28
-17
9
-15
-23
-5
13
21
40
26
-22
7
42
-29
61
-56
0
-35
66
55
10
17
22
-55
0
-37
-4
-9
45
35
-1
-14
-21
8
14
20
-11
1
6
-23
23
112
-88
108
-33
-17
-68
27
32
60
-18
22
38
-26
-20
14
-90
21
30
-10
11
24
46
1
-8
-55
25
-111
138
-72
-82
-38
60
21
47
-77
-27
-13
-39
48
-21
-36
-89
97
25
38
79
-42
23
-6
16
29
-27
81
-71
20
95
-59
-48
80
-10
54
45
74
-60
-13
5
-95
-41
-101
-3
-6
41
-12
-36
-36
-56
13
-52
10
41
66
-48
-42
39
-60
25
68
-8
-43
-20
-91
32
0
-5
26
62
-87
89
81
42
-17
52
-21
-22
27
48
-26
4
13
-57
-17
17
51
-127
-22
-48
-39
-22
-16
43
67
19
9
-21
-8
62
-72
30
48
66
-82
-6
16
22
-28
116
60
58
2
66
64
16
100
12
-12
163
36
-54
-38
-45
52
5
8
75
-43
-66
25
-45
53
-101
-17
-54
-13
0
-15
23
-7
31
10
-126
-27
18
25
-49
-22
-42
16
56
-9
81
78
-29
73
-61
-62
72
23
-38
20
17
-44
-11
107
1
95
2
58
-37
-32
42
13
79
4
-22
-54
-67
-113
41
-8
-75
22
53
-71
-53
87
48
8
11
-9
-26
-149
36
33
23
36
2
-17
-13
6
106
-79
37
-39
-27
84
34
53
-27
47
54
0
0
-13
38
13
-12
59
17
74
-44
5
16
-52
-65
6
-66
-71
38
-13
-39
-5
-14
-10
62
73
4
-44
-13
55
-4
-36
23
-8
41
130
-17
-5
3
-58
-5
44
82
-22
4
-41
-46
94
-3
-6
-25
19
-25
27
28
1
29
-31
-46
15
38
22
19
0
-45
18
-44
-4
-54
-86
-69
-48
-39
-124
-33
-56
57
72
-16
-8
0
54
-48
24
51
2
-24
19
76
-26
35
-19
17
-31
-2
31
39
43
86
20
-38
-36
54
-55
35
-17
7
52
78
-37
-10
-43
15
42
-13
26
-3
74
78
3
-5
66
58
4
-42
-68
42
45
-27
-24
-71
-23
-43
106
68
69
21
29
44
-101
55
15
25
19
8
-21
69
6
-18
54
25
59
-56
47
4
7
36
56
-70
-75
33
-15
61
-54
-55
-23
37
-92
22
-15
-32
9
36
51
5
90
-16
6
-40
-4
19
32
36
154
-56
-42
-22
61
-36
-27
77
-37
-15
37
-21
58
3
0
42
-73
121
-29
41
68
-29
132
36
-18
-25
85
-86
71
53
-35
85
20
67
13
-39
-46
36
36
24
17
75
-30
-76
-73
-65
-74
41
31
-17
-10
37
-74
-71
-14
1
34
99
-10
-3
51
-72
-58
25
26
122
-9
4
108
28
39
-61
93
-105
30
-13
-48
-4
-20
-31
-29
58
81
-16
-67
47
18
11
40
-2
-114
-4
21
-49
-54
11
-8
-62
40
4
65
59
80
-24
-15
123
-29
38
-45
50
-31
31
-31
54
-54
52
20
23
-72
70
-92
-53
19
-69
-2
81
-53
85
-76
-68
-56
28
-50
7
-5
-31
11
14
30
-145
55
12
-34
104
30
-26
-25
60
75
15
78
151
-8
26
15
42
18
-20
-48
-76
-52
-108
4
-23
43
40
-56
-79
-1
-20
-40
25
66
-24
31
15
63
12
45
-15
37
76
-29
-14
-89
41
17
-70
-8
-98
-27
65
128
-11
-106
30
4
-4
30
25
-29
-94
14
-20
-28
69
-34
6
-87
-64
-16
-26
27
-9
14
-45
-45
-42
-88
-39
16
-8
-91
20
-26
-17
0
-57
-5
11
12
6
37
29
-10
-60
-10
8
44
-18
101
-52
45
34
58
-32
-22
-65
-61
-80
-8
49
22
20
69
50
-176
42
50
72
-27
10
-14
19
-79
33
25
5
-7
2
-87
60
-82
61
-50
14
-59
50
-5
64
37
-54
42
18
-39
-43
32
-30
33
-39
-47
-57
-12
-59
86
-39
11
50
36
33
-127
-3
-88
7
-84
67
-79
-56
-97
64
-16
41
-13
16
-55
-44
-2
-27
-4
22
55
-35
90
35
-52
57
-74
8
-43
-65
2
-48
-17
17
-72
-16
28
-33
-35
3
-1
22
14
-21
58
-108
-54
19
-18
11
-2
-31
11
47
-12
39
94
-70
-70
-40
42
-20
-2
7
53
-6
-21
-42
-73
-11
-111
-9
64
54
-23
35
-10
-28
55
38
-45
-26
36
-10
45
-24
21
-11
-74
-127
13
13
-55
-30
41
-61
1
-64
10
21
-55
57
53
-26
11
46
-27
32
-44
-50
16
24
-9
-9
16
-17
-71
-29
79
-7
25
-30
66
-19
-81
80
-24
-22
37
-25
-37
-4
12
-21
-120
-33
-12
49
-27
-35
-28
-26
23
17
-5
-51
-11
-60
4
19
61
-55
21
72
0
-19
78
-82
-17
-11
33
49
-48
12
6
38
-36
-60
-24
49
-14
32
15
9
8
54
-5
58
28
59
3
23
-39
-65
55
43
-50
-104
9
18
-52
2
22
-71
-57
47
38
18
53
-48
41
81
13
25
-96
31
-15
2
92
-2
-130
-27
-38
-54
-10
-13
34
11
35
-8
-42
-89
77
-5
-4
-13
19
27
14
29
-75
-20
-25
-25
51
-20
-7
-79
88
41
-59
78
-101
22
-1
-1
53
38
51
-31
31
-125
-25
18
7
-36
21
-7
-37
87
66
86
43
-84
-53
83
8
101
-6
9
56
-81
-26
-61
-18
-56
-67
3
51
2
-3
4
-111
25
37
-49
-24
85
35
23
-22
-46
6
42
-5
48
-31
73
9
-46
-20
44
-1
-33
77
-29
58
34
15
-2
-118
6
-36
-32
-22
28
-80
11
-24
8
-132
-37
33
-29
87
-43
56
6
40
78
-12
-10
29
22
-15
-84
-45
44
-6
-7
33
-90
-51
-34
51
-10
20
96
2
10
43
78
33
57
-16
79
-14
17
149
-3
15
17
27
31
36
-24
-77
34
-16
25
-17
58
44
-7
2
41
-42
35
-26
51
24
22
-34
-63
-24
-80
-8
45
10
6
68
-65
87
18
23
-19
-70
2
36
14
-21
-18
-32
15
-6
59
31
-72
69
-14
-44
-28
-36
-10
-4
51
-27
-12
28
-64
27
7
-87
-89
80
-79
61
-51
-36
-41
17
-65
-4
-45
9
55
24
-113
26
30
71
43
-14
-41
6
21
-1
-21
9
52
43
31
-99
-6
25
83
9
57
-71
63
-17
-84
62
3
-120
21
9
18
26
-60
-6
-21
-26
75
117
-34
-1
16
-120
-8
-18
49
-45
37
14
99
19
60
-9
29
-52
-85
27
56
13
28
80
48
96
17
18
1
-30
69
5
-12
36
-31
-13
-25
76
33
-19
-33
-18
107
59
-70
42
76
-164
49
81
-16
24
49
-73
20
16
33
-78
-73
58
90
-35
-40
-73
-36
23
7
-43
-27
-36
-9
-34
11
18
30
-33
-11
14
7
18
30
-47
-85
3
31
-67
-94
13
-55
-19
-103
-39
86
-39
-4
12
22
-26
4
4
29
4
58
7
-30
58
-3
-71
-19
47
-69
93
10
24
45
-58
-12
58
-34
116
81
82
51
-50
-64
63
-60
65
-69
116
71
-120
-19
39
-29
5
-129
30
-65
-36
-43
12
6
-49
98
-16
-22
-10
-8
-29
-58
-106
-64
-94
25
101
-36
22
48
-36
45
-50
18
17
-54
-13
-6
-59
-2
-26
75
46
48
-21
107
4
-77
-21
33
5
-87
-29
-8
-69
48
38
44
61
-63
-88
-34
24
1
-10
-5
-24
-8
48
37
29
-51
55
-24
-42
25
76
-29
-2
27
35
-10
-99
13
22
-91
42
-21
-50
-12
9
-71
10
4
47
-54
18
-1
6
-16
28
-58
7
27
-46
-57
10
13
42
-89
68
-3
-11
-41
25
53
2
-13
69
-57
-56
-7
-33
-46
36
-117
-5
-58
-81
78
-85
-47
-33
-55
16
-110
53
13
-5
79
-81
-38
-38
0
-84
-5
-41
-29
42
101
-70
-93
-105
-42
-46
-12
-28
73
69
99
-40
32
-88
5
67
0
-54
-22
65
19
-47
42
10
-93
-13
-70
28
-53
26
19
5
-29
-85
-39
31
-61
18
-62
-9
56
-38
-57
-61
-8
-91
-44
-83
-38
-54
-30
19
25
9
90
-33
-26
31
54
66
10
46
-51
-25
-17
-16
-65
-82
15
65
-82
-34
-18
31
96
3
-4
19
-26
53
-97
26
-21
93
43
0
44
112
-49
65
-25
-61
-96
-210
8
8
-23
-35
-60
-99
38
-19
18
9
-65
-74
6
-40
57
-45
-18
-101
-55
47
-51
-43
35
1
-56
-86
-20
1
-48
-93
3
-32
-68
-8
51
18
30
-79
14
23
22
-8
-49
-12
-39
22
-44
-21
-66
6
37
20
45
1
70
-11
-17
5
62
-47
19
45
-33
17
-80
-55
-117
-11
11
-5
14
25
-10
37
73
107
5
2
47
-17
-62
53
32
82
-17
-59
-25
-2
93
-20
-26
52
-10
14
10
-25
29
-74
-29
80
3
34
63
48
-35
39
-20
-33
-31
-41
30
-76
28
27
11
-1
37
-15
-32
77
-1
-54
8
-65
-43
48
54
13
-4
-34
-20
20
39
27
98
-33
-46
36
67
64
-74
-36
31
4
-27
-18
27
-62
29
15
-45
57
-65
-67
39
-9
34
-32
36
32
10
-3
-60
-8
63
-114
-93
31
-82
5
-14
97
-83
55
-44
64
51
-30
-16
22
-95
-29
-54
12
-43
-5
10
-15
43
-10
-15
85
42
-25
64
-73
9
-28
12
-20
9
25
-85
107
-6
13
-34
-88
17
13
-32
59
-48
-16
79
46
64
29
2
-21
52
-46
-24
4
-19
-20
33
100
-30
42
0
-53
30
13
58
48
-34
-7
25
-10
-118
41
-28
51
-35
-35
-19
-30
-28
19
-35
20
-32
15
14
-17
-19
54
27
-60
-14
-93
-108
-3
-62
-3
-3
3
69
24
-45
55
14
-72
-24
-6
19
43
13
-103
-87
-4
-48
-23
33
5
30
22
10
117
23
100
-28
5
40
63
23
80
-6
42
47
-15
-24
72
43
1
-62
-6
9
-62
-47
-16
-53
31
-89
21
13
-31
-10
-61
73
-22
48
-42
11
-58
32
-69
-90
-3
-25
20
6
5
85
-73
-78
81
22
-6
-4
-5
-5
86
14
-55
52
120
-21
15
15
55
100
-57
2
-6
28
44
0
66
-90
34
23
-17
19
-45
-2
22
-26
-19
-25
-48
76
29
-40
-9
20
-93
17
-58
-8
106
69
20
-55
16
-9
-7
14
78
17
27
87
63
-4
-54
-107
12
-73
101
32
-16
-42
109
42
43
-9
-27
-50
-10
-68
23
2
-60
3
-58
26
-96
17
-17
-12
-62
11
-35
9
-15
-9
-95
-55
-36
49
10
29
-30
61
-54
31
-7
-5
85
15
-26
24
-39
104
-42
-14
7
34
-99
64
-20
-15
14
-74
27
1
36
-29
-11
-16
41
75
-10
-68
20
136
59
-52
-74
-54
14
-28
-4
-40
37
-4
16
45
132
-20
5
-53
-8
17
68
0
-2
-60
-33
-81
-4
-29
38
17
-10
-32
94
35
67
14
-11
34
-24
7
-19
-35
-106
67
-1
23
71
-27
-109
-9
-17
75
-24
14
10
46
-50
-89
-37
30
-3
11
13
-3
64
58
-22
-24
-118
-29
12
5
0
82
7
-26
63
9
-106
-40
68
67
51
-62
-18
-27
-49
-24
24
-23
63
-16
-23
21
53
-7
-58
61
-32
-13
47
-39
-5
56
17
-49
31
87
-35
-66
-161
58
-33
-32
85
-37
10
-38
-65
-60
6
50
118
-52
9
-47
33
73
-59
23
-7
16
14
-63
-43
-12
31
2
-93
19
22
36
98
-9
32
57
72
7
-8
-24
15
17
-40
30
28
34
-10
10
-87
-64
-35
18
-14
-8
-39
4
-48
-80
49
-26
113
-31
91
-44
-81
-11
-9
28
20
33
-64
-24
20
-38
-37
-21
11
-1
-11
-55
0
-73
-76
-73
56
-9
24
-45
-71
-102
-15
-26
46
-13
23
-8
-60
67
-31
36
80
-69
24
42
35
-5
-37
39
19
-36
120
-95
-25
-36
-49
-5
17
-15
63
17
-133
47
48
100
-39
-34
-72
-42
56
77
69
71
-30
-36
-4
148
11
28
-3
5
30
-59
-1
34
42
5
105
-48
-17
22
22
-1
-81
-51
43
41
7
45
82
0
-44
46
6
116
-14
-51
6
-22
-16
29
73
40
-63
70
40
29
62
-1
-44
-48
12
14
-66
14
139
-15
12
27
-62
-51
93
39
1
-107
42
22
-34
-15
26
-25
-80
-29
2
16
-22
71
8
26
-11
19
76
-7
49
-2
83
45
-71
24
-5
-12
-50
-7
-157
-17
0
-24
-24
-14
36
-5
43
10
-3
-38
-10
-122
95
23
-2
-36
61
81
38
54
9
-29
22
-3
8
8
-61
5
-42
-88
59
54
4
52
52
-68
38
-61
-6
5
37
52
-35
6
39
-190
13
39
36
66
54
84
-38
72
-17
-25
-12
-5
-30
49
74
14
53
41
-18
10
-16
14
35
-16
12
31
-23
-32
-85
35
71
46
-29
-3
-70
29
10
-28
35
60
41
23
-25
-32
-1
98
-58
24
-2
3
-35
-63
-41
-63
21
64
-35
-32
-43
40
21
-33
52
-30
63
21
80
-36
-60
27
58
0
33
0
7
-59
-22
-38
-43
0
-24
-51
7
38
-28
-26
-52
37
-41
36
-30
-66
78
-2
-2
107
15
-45
-57
-20
17
21
5
16
38
49
-50
33
-18
69
20
48
64
-42
-45
-43
-24
6
46
-50
-79
76
-67
-30
53
-63
-107
-6
-51
33
-13
4
21
95
45
99
7
132
-70
5
-56
1
-38
44
101
-31
-71
22
-63
-79
31
28
4
-49
28
88
-12
15
-8
21
-60
6
13
63
22
23
-31
-59
-99
51
30
13
50
5
-54
-4
-97
-63
19
38
24
-32
-24
-42
-32
18
-36
-19
2
75
9
38
75
-24
-56
10
40
4
10
19
-2
63
72
52
-43
-50
-37
43
60
-19
53
-59
41
15
-40
72
73
-19
-139
23
-32
-47
51
-33
-35
-57
-18
-43
40
18
47
-15
-15
-18
20
-10
4
48
17
-70
56
56
-6
-82
32
-60
31
21
88
13
-6
14
-81
-25
-16
-3
37
4
79
148
87
53
71
-23
-6
-19
-102
-12
-46
91
44
-82
54
48
28
-43
-21
-71
127
-9
-26
30
40
-74
-90
-59
69
48
54
-27
25
56
51
87
-14
-50
-19
18
-146
-46
-45
84
-31
-33
29
-47
83
-18
13
66
-76
-72
31
3
51
26
25
-77
59
9
-66
-40
33
32
-27
-40
-75
24
0
-6
53
33
26
-79
-59
13
27
9
67
57
9
89
-23
-89
-25
-21
56
33
-8
-16
-16
34
-40
57
18
-11
-37
-17
-46
-8
-37
-128
-37
42
-41
68
8
-34
-77
-39
7
-70
24
110
48
59
29
-12
-16
5
-20
9
4
75
41
-44
62
-38
37
58
5
49
-42
-77
81
26
-46
-45
127
-12
7
64
-24
95
30
64
37
53
-88
-31
30
-16
-98
6
6
12
-83
14
-101
-2
-52
-33
19
-7
5
-35
80
-23
-38
-18
56
41
-11
-46
39
-40
-10
-19
-1
-103
-24
-44
4
-38
-78
10
59
69
80
-4
80
-27
-40
-15
-114
45
-40
16
-14
-54
16
-23
-14
22
85
32
-103
-50
-54
103
-71
-46
-8
-20
-15
17
-105
16
13
67
-28
31
-50
7
-15
3
0
-26
-4
-9
74
61
-10
31
-83
54
-113
-10
30
-66
-3
-53
-29
6
-15
39
-7
10
60
137
39
-22
12
-42
36
40
40
0
20
-89
-64
16
41
93
-38
13
-40
-32
-19
33
-31
-45
2
51
-67
-50
25
-7
26
-98
-55
-75
86
-46
53
17
36
6
-75
2
33
26
67
-64
5
114
60
54
-76
62
-41
10
8
-2
-7
-31
24
-33
-22
-17
72
25
-31
28
-43
43
-23
60
-6
60
-5
-42
33
56
56
-58
-63
-54
-10
-83
4
2
8
16
-59
-18
-24
-24
-21
6
43
-15
-49
-11
22
50
35
-5
13
8
-44
-13
31
-31
-61
1
23
87
-35
41
27
-46
-33
-65
31
3
-99
-4
74
-86
33
-42
-3
-61
-48
10
-14
57
-8
18
-13
-22
-11
-52
-65
-40
17
19
7
-5
-2
12
8
23
-61
-40
-41
-64
-6
-8
-21
6
42
7
30
67
21
52
44
1
1
5
14
10
62
-21
-38
15
20
14
42
-31
-46
28
-12
-39
75
10
-15
-32
-35
63
61
-6
9
-46
-20
-74
-28
-52
36
35
-32
-10
-95
-4
-38
25
12
-12
55
84
79
44
-35
41
-43
-15
19
85
-71
-22
-18
-45
-36
7
-26
16
-34
-19
12
4
-100
31
36
-88
111
-25
-30
63
-33
33
14
51
70
22
-2
32
-85
25
-18
47
82
-55
-84
5
43
-7
53
44
-14
-45
-31
95
108
-88
20
-29
-15
86
-44
-55
-1
-6
-41
93
-87
1
-20
25
-24
61
11
76
-20
-9
-79
-20
-1
-43
-52
32
-1
12
-1
6
44
-41
80
-14
-1
-44
70
-15
-45
-5
95
-28
-17
-65
-71
16
-44
-38
-7
-51
14
14
38
-5
-13
-15
38
2
7
-73
48
48
-61
88
17
0
60
9
41
55
22
-53
7
42
14
-77
-70
38
99
48
6
-21
12
-21
-7
44
-11
-37
-38
62
-41
-20
12
-48
-22
31
32
-84
-7
-34
-50
-17
-28
-20
39
7
49
36
-33
61
-17
-70
23
-7
22
-42
-43
-66
46
-8
-23
8
-18
-48
0
51
8
86
108
60
33
-19
19
46
61
-102
-29
-48
19
20
-20
2
-13
-16
-6
-21
-15
9
41
105
-51
68
15
-23
35
46
-8
-12
53
76
-28
-52
34
49
-64
-58
32
1
6
45
-59
-20
-81
-32
118
-27
39
-8
-10
35
-72
63
-43
63
9
6
-52
-44
24
-80
-8
-22
5
7
32
-47
21
-77
-10
6
-39
33
57
116
-64
-4
10
-23
74
28
-15
-19
-18
4
-26
-84
-66
-48
-36
31
-25
-38
-33
60
56
14
17
54
-18
-8
-70
-15
25
-46
61
53
10
-58
10
81
-84
-37
86
-31
-31
11
7
49
22
-37
-49
65
-87
25
57
13
47
-54
-52
-32
-66
-38
53
21
-27
-21
26
-48
-60
-13
-152
-40
76
-55
40
-19
-35
79
32
73
-75
139
77
36
57
48
66
-2
98
-39
-68
18
-14
18
-34
66
48
-24
6
-11
-52
68
8
13
-4
-34
-105
-15
55
-15
-23
-23
-31
-56
22
101
20
7
-63
-19
-75
-50
-10
-27
18
32
4
-97
-27
13
100
-47
-12
-86
30
-37
-56
8
43
-35
-40
-28
42
8
-32
6
-39
-48
8
-46
9
56
37
0
15
-57
-150
17
57
-21
-16
26
2
-34
69
78
28
-17
33
-14
95
-51
82
-66
81
11
27
-9
-50
69
0
-3
1
-22
44
-91
-2
-42
-12
-46
27
2
71
21
27
38
-68
-30
24
-12
-82
19
39
35
-34
-2
-27
15
-11
-33
0
-62
-54
-62
18
7
-47
58
-7
43
-17
-15
107
-157
77
-47
0
18
36
1
-64
16
37
-36
-23
-1
-18
-15
33
67
-91
-71
57
59
-29
-10
-37
73
19
46
3
-95
-21
11
13
29
-16
-3
-13
5
-24
-18
33
6
57
-13
-80
-21
64
-17
0
-18
17
25
94
19
36
-45
19
60
-51
4
-35
-50
22
-3
-35
-67
49
8
37
-28
-13
136
73
-43
-51
-1
23
14
-6
61
25
14
21
40
36
39
-13
30
13
-49
-85
-48
29
126
-23
128
-37
-50
47
53
11
2
-16
-8
30
-66
11
9
-3
-59
-63
-17
4
-67
43
-13
-21
31
41
76
82
-74
14
-13
-40
17
-52
-17
20
-58
-25
101
88
94
-41
42
-77
3
-50
102
4
17
36
-136
-42
-28
25
-18
-34
-34
-18
-9
-1
-93
29
-71
-45
-26
6
-39
-1
-16
-59
-52
45
-14
5
61
40
76
-18
-59
8
105
37
11
11
-27
40
16
-37
39
-32
30
-17
-28
22
3
0
49
-101
-29
-55
-58
14
45
57
-28
-28
44
-3
-110
-13
30
17
21
56
-3
-44
17
55
55
16
-1
95
6
-89
-34
1
-25
-24
24
70
69
12
-127
-37
-7
-33
-61
-20
-31
7
135
54
-23
-67
35
78
-73
-44
-39
-72
35
22
-92
-30
-11
21
57
36
-17
39
-6
30
-15
-38
-4
16
92
-20
-26
-47
15
-66
-18
-95
25
55
57
-14
36
23
25
46
-24
25
-129
18
-37
18
-4
-86
-33
-86
113
-13
-18
33
-9
-59
40
16
-30
-120
-11
-25
-9
50
-5
-15
63
0
13
54
-3
46
52
-19
11
-8
-29
-83
10
-4
37
26
46
-57
6
12
62
37
22
-18
-3
-24
-105
6
0
37
10
-47
-15
-26
22
-2
-45
15
-24
-11
-3
-9
-18
-1
61
-18
-24
28
-41
0
36
-84
56
-7
33
41
16
16
46
-113
17
4
42
-4
15
15
51
-4
19
43
25
-5
44
-73
-26
75
29
26
3
23
102
-95
13
20
-42
-47
-24
13
-59
48
19
70
-110
13
-20
-109
-10
-32
6
31
37
19
33
13
-28
16
22
-62
50
-19
50
47
12
85
16
-28
41
-62
60
-51
17
-23
-66
-54
-48
4
-5
-37
-53
72
-27
53
-15
-53
-46
12
-9
-84
35
-99
78
4
-129
-24
13
-67
-31
-106
-24
54
-132
-21
22
42
-37
91
-101
16
-87
-97
-22
-10
-60
-91
72
59
-4
26
-5
45
-10
-58
103
37
-15
104
108
-35
-66
-10
-2
64
-42
-44
-34
48
-2
-47
-59
-6
0
74
50
-23
28
49
30
-19
46
-8
74
105
12
-43
31
-84
2
26
0
77
-90
-50
3
2
-6
0
-40
-81
-27
-111
-64
-36
26
-14
-21
-57
5
-9
-40
-29
95
64
-19
-31
-14
14
-32
-48
38
-95
-100
24
-13
-12
-26
-22
-70
-10
-13
-36
-56
47
-5
13
-71
0
-7
-67
56
-99
-31
-24
24
1
-35
-73
-7
-33
-101
-89
-39
43
79
119
30
-9
20
-17
5
-17
-17
15
15
-89
-53
-5
-44
-9
45
54
14
28
-21
59
13
-59
-51
-20
-48
25
19
-42
21
-34
-16
-99
11
-113
-22
19
-95
-51
23
17
-7
-22
32
-38
46
3
79
32
37
-152
-2
19
-97
-63
6
20
-21
51
3
-69
34
6
-13
9
16
64
88
8
11
26
40
-3
77
26
-16
21
-55
34
-15
75
11
-13
-25
65
0
-88
52
31
-7
-2
71
-64
73
54
-43
-40
-24
5
51
91
44
-21
58
-61
-10
22
-46
15
-20
29
22
-29
-4
5
28
89
-28
-10
-11
-43
-27
11
65
22
7
-33
-5
31
39
0
-18
-15
59
73
-24
-36
-86
61
66
121
48
-38
81
-17
5
14
33
-8
-78
49
89
-13
70
-61
-25
-18
130
45
13
-56
-95
36
-13
-112
-15
33
41
45
-40
19
-95
-145
44
76
66
51
-39
19
72
16
47
-100
16
4
38
-12
85
-34
10
117
-57
68
-17
-3
-81
-49
81
107
76
33
-8
-40
103
46
-2
-59
32
2
-25
86
51
70
89
-9
-73
27
24
-60
85
32
114
-24
48
-17
44
61
-28
-22
42
36
-21
54
-5
17
-21
8
-4
-31
5
-48
-50
-13
20
-30
1
-3
23
-29
7
10
43
30
-16
0
42
-57
46
3
-47
91
40
-25
62
-23
6
-45
36
-26
51
-68
51
9
-14
42
15
-33
34
7
-8
-27
-18
-72
-25
45
22
-31
-37
13
-17
-21
-17
34
129
23
55
89
125
-43
-2
56
-56
5
5
-15
12
34
-28
-79
-51
-45
78
65
-45
17
-59
43
24
-121
-28
-4
47
-30
-64
5
43
47
-45
27
45
26
53
-29
-25
15
-24
-31
-18
-49
3
-60
-3
-65
-14
25
-68
46
38
-99
53
10
33
-2
-21
-46
-23
-38
36
97
-29
-39
-17
-37
-35
-76
30
-22
-5
-24
-4
16
-15
18
15
-11
-16
19
24
-44
-135
-15
-88
-50
-98
2
79
-26
-7
-7
0
-15
40
1
14
26
20
30
63
7
-19
-22
-48
8
-30
-17
43
-53
85
41
-84
15
36
-39
-29
-112
21
52
-128
-53
29
-42
-114
-53
29
-45
43
-13
-50
29
-16
33
15
-32
-15
-10
-104
-5
-64
31
52
50
28
-101
2
22
99
22
15
-43
15
-24
81
18
