15 76 49
0 0
0 1
0 4
0 5
0 6
0 7
0 14
1 3
1 5
1 6
1 7
1 8
1 9
1 10
1 11
1 12
1 13
2 5
2 7
2 9
2 10
2 11
2 14
3 2
3 3
3 4
3 14
4 0
4 2
4 5
4 7
4 11
5 1
5 3
5 4
5 5
5 7
5 10
5 11
5 13
5 14
6 3
6 9
7 2
7 6
7 7
8 1
8 4
8 10
9 2
9 5
9 9
9 11
9 14
10 6
11 1
11 3
11 5
11 7
11 12
11 14
12 1
12 4
12 7
12 10
12 13
13 3
13 4
13 6
13 10
13 13
14 3
14 5
14 6
14 9
14 12
22
57
50
17
40
61
14
55
53
10
36
5
7
4
35
67
47
68
26
73
42
31
44
60
49
74
43
41
63
52
11
45
66
32
21
13
70
37
6
16
33
38
39
69
20
27
65
75
54
72
24
59
25
48
1
28
34
9
58
71
30
3
29
15
2
0
23
62
12
51
18
8
64
46
56
19
-13
-2
-78
-7
-85
-15
-63
44
-52
-88
-51
-51
-139
-12
2
37
21
33
-62
-52
1
-88
63
35
-30
-61
-28
-19
-71
-40
5
31
33
30
-59
15
31
7
-52
-32
30
-65
-29
-4
-53
59
43
-36
-1
-25
39
-65
-64
59
-23
85
65
67
9
-21
-53
-33
-22
39
-50
52
-42
7
-108
40
-7
65
27
-16
-77
58
-31
-5
71
28
27
28
3
2
-13
-1
23
17
-50
72
-1
24
-13
-49
-36
59
21
30
28
66
26
67
-28
29
-53
17
51
152
94
-85
23
-27
-55
4
23
-2
-20
74
-14
13
-6
85
41
-138
21
-71
-24
-30
66
-38
-24
9
3
-9
-29
-19
38
3
55
39
13
-1
55
-81
-60
-14
-4
45
-14
-11
11
-28
-8
-67
27
-25
79
-70
21
35
23
38
19
67
-41
19
-12
-43
5
-102
-61
-1
-11
-15
62
43
-57
-148
39
3
-18
36
-55
-9
-25
-59
-96
3
-30
-11
-64
30
38
63
4
50
-86
-58
-63
-96
-42
-7
10
-56
23
-53
-4
56
12
7
-78
151
-30
-71
-4
-67
-21
-93
4
-18
3
-73
-16
-13
-36
38
1
-9
-35
-78
-23
44
70
-49
20
-2
-83
9
-9
-64
21
-49
37
-114
7
53
7
95
-65
13
-97
45
83
122
-29
-16
-49
-12
17
-5
66
52
-34
69
12
-34
130
29
41
33
-37
33
-3
8
-36
-103
-28
39
-5
-10
-48
41
80
28
-6
51
49
-40
-59
-12
50
18
73
19
26
-26
56
-29
-2
82
-79
-22
-17
-44
-42
37
-13
-58
8
4
30
-34
-5
-2
2
13
24
124
43
-46
45
3
45
-98
-2
-59
18
36
61
-65
-44
-23
-8
-31
107
-24
7
13
77
-23
4
72
32
37
12
29
-37
1
-7
-34
35
-4
36
-81
-21
-57
6
30
79
-1
-4
-55
-95
30
44
25
24
7
34
0
-68
26
23
-26
-33
-10
-100
-82
16
-54
13
-32
-28
-8
84
-120
8
6
59
-26
23
1
74
4
-80
-30
-51
99
-37
69
11
-20
11
-70
-2
73
-15
2
-20
-51
-110
-42
12
-5
-57
25
-86
52
152
31
2
-75
100
-67
-35
17
75
-36
43
12
1
51
50
-11
88
-13
-22
-29
57
32
-1
7
26
-3
22
48
-20
-21
-98
99
34
-42
38
-3
112
9
-63
-57
-49
27
13
83
19
55
-26
77
34
75
-73
11
-29
-82
-6
-29
45
24
-58
-21
-46
-29
-100
8
13
-45
36
-84
85
-16
66
23
-121
81
-3
-35
28
-44
-48
-60
24
-26
93
3
-70
-22
-3
51
2
22
-19
-34
12
-34
32
-81
-58
-2
21
-89
-49
-24
96
-6
-4
-27
4
-12
17
-38
-82
-5
103
45
15
36
99
2
25
70
-15
73
-18
100
-37
9
-23
24
43
-32
19
-84
-20
75
48
27
4
1
18
60
-46
40
34
20
10
56
49
62
22
-40
-27
26
-18
-24
-4
27
-8
32
-42
2
62
49
30
121
-97
-95
-84
61
7
54
-36
-7
-9
-90
20
35
30
54
59
-14
-5
-58
20
113
-3
-7
16
37
-25
-55
-16
28
44
-1
-80
31
-5
-83
17
7
16
44
-51
41
-8
-34
45
-30
34
-40
13
-4
-69
54
-16
50
-25
114
-9
-18
25
26
-45
53
-54
-22
-8
37
-34
-53
-29
0
70
-63
-59
-71
49
21
33
10
24
50
27
26
22
-3
25
-34
43
-47
42
39
-20
15
-95
-113
-16
-66
104
-4
74
-57
-62
-41
-9
-23
-18
63
-12
29
-54
-1
-3
1
-22
-48
-60
81
-74
-26
-36
44
-50
-75
35
14
3
43
-14
-79
-2
54
-6
46
-51
-16
3
14
-24
3
-8
109
-51
-55
-42
28
49
0
-118
-46
64
-10
-36
-33
-108
60
-43
-40
29
38
3
-1
-6
45
9
-37
-45
8
6
-98
2
-1
14
-49
-26
64
107
-25
46
27
-39
-17
-32
36
-45
-58
-50
26
68
-48
-19
-26
89
8
45
49
118
16
58
103
-54
36
-28
-57
23
6
-11
92
-89
104
-108
-52
-72
-13
-23
-20
14
45
-58
-2
32
-16
50
0
-13
10
-59
46
107
31
-5
20
121
113
1
48
65
17
-43
46
83
104
20
18
105
11
42
30
95
30
22
-35
49
48
-24
68
27
-102
69
15
-17
-7
101
-20
37
71
-56
2
51
-101
-25
-137
-20
-68
21
-16
-22
-55
62
70
-39
132
-33
-49
76
114
14
17
68
57
-3
15
12
117
42
-190
-42
37
24
27
34
18
75
38
87
9
-48
-52
78
-18
19
51
8
1
80
-54
2
-9
48
-77
76
-61
-12
4
-58
-43
11
36
25
-18
-58
38
-36
-20
5
51
63
57
-72
29
25
10
-100
52
30
-53
33
-10
-13
-9
6
-36
-34
-53
-12
30
-50
-56
96
36
111
7
3
-55
-101
-62
-146
-3
-72
21
-67
21
68
-41
-104
-2
41
-92
-5
-52
-7
67
4
-36
70
-93
-16
20
48
44
-98
-10
-63
82
-76
-16
14
-83
28
93
42
-4
-40
-50
40
-44
-19
38
28
-6
26
47
-38
-82
32
-12
20
-40
-69
-2
10
-34
17
52
-20
29
3
-105
-39
-34
-62
-29
2
-3
63
-12
14
50
-17
87
3
81
-21
24
-21
-4
21
5
65
64
24
-36
16
81
-79
48
11
-11
14
-73
4
60
14
4
-75
-21
22
-4
36
-33
3
-6
23
-31
40
38
20
12
6
40
64
-22
-31
42
-97
79
-20
-29
-41
70
-43
48
-32
-14
-71
-71
127
59
-19
-99
1
-14
-5
102
-18
-31
-14
-59
18
6
-14
-13
-33
-1
-9
0
-52
-99
-25
56
-66
35
-72
-16
73
44
63
76
-16
41
-26
-21
-26
-24
6
-35
137
15
-13
-31
44
44
-15
-56
-18
13
24
-37
-22
-74
57
-84
5
13
-40
-27
47
-28
-31
18
-20
3
-60
57
5
-49
-74
39
16
35
-12
-14
94
65
36
21
-24
28
-60
82
36
33
29
-5
-25
46
40
60
45
62
-16
36
40
101
-47
-4
27
-20
-7
16
49
44
25
28
-3
20
10
-85
26
0
-18
2
80
-53
-45
-43
57
40
-49
-22
-64
34
-5
-29
18
35
-17
58
-1
-62
-23
68
9
42
22
22
-54
-36
-25
-8
-35
39
-61
-4
3
56
36
60
-33
-41
65
67
58
29
-60
1
-41
-18
-12
-51
-12
-11
-64
48
-7
-4
6
32
-10
-50
-38
25
62
-19
7
-76
-43
41
-55
-70
-45
54
-50
74
-86
19
-7
60
21
-2
63
18
-73
41
48
8
-67
-24
17
45
-13
-42
-39
22
-17
6
-30
-16
5
70
-12
4
65
63
-43
93
-7
-31
18
-24
-71
36
16
41
-31
48
-99
-41
-56
-101
-12
9
9
25
-12
22
150
25
-125
9
-90
34
-49
23
5
88
76
55
-25
-4
47
28
-59
-97
42
47
23
23
41
-11
66
32
-11
34
-22
-18
5
31
-29
7
12
4
-1
-32
72
-37
4
-63
1
57
40
24
71
-10
-41
28
10
-82
2
44
9
-38
12
-131
50
-56
48
-22
-96
-37
3
-76
25
-74
-54
-78
-5
-58
-30
-28
48
44
-33
-21
-38
-47
-31
6
20
33
-56
6
-7
17
-101
-42
63
-12
-104
-79
-118
39
59
-28
-48
-1
-24
-29
44
-36
36
-11
-36
45
-56
-66
-68
-46
-11
-22
5
-45
7
-14
-18
-59
-43
-27
-9
49
82
27
-84
-20
11
-48
13
-34
17
-52
-31
-81
3
45
-37
-3
23
-66
-38
2
-26
-16
-113
39
-33
-26
97
51
-30
-59
-48
-38
-22
2
50
97
45
-50
-68
-35
-53
-73
-21
45
6
-13
54
37
-17
-90
25
-61
21
-36
32
5
-20
34
-16
30
9
-69
-17
-14
-75
63
-27
-43
-50
84
32
-1
-34
-36
55
30
95
41
-7
19
70
-9
34
-30
75
7
-81
-22
69
-55
6
63
-36
44
-74
-10
10
1
-49
-47
-58
52
74
9
-71
69
-65
49
-42
-58
-31
36
-83
15
-38
16
106
-10
24
-42
-49
32
42
81
-8
-31
-23
69
28
10
-116
126
-14
66
122
19
-22
73
-13
-48
5
42
-5
49
-28
-43
40
-34
-73
-10
-34
-50
36
73
-27
-91
37
37
-62
-19
7
-24
61
-78
51
-5
-26
-36
-30
-28
-13
-98
-74
-50
15
53
-26
24
-28
-16
17
18
-13
24
-38
-5
-62
-82
81
29
4
4
31
-64
-44
7
-16
29
-21
23
-49
-34
81
-6
-11
66
48
-44
35
-9
-46
29
-14
-55
56
-60
78
-7
37
-4
66
-65
-38
19
-12
-4
40
-81
48
57
82
-4
38
-57
-12
5
-10
29
34
23
72
5
-11
-53
103
-70
35
34
66
16
59
-7
50
96
10
54
6
-43
-14
-9
42
41
50
-12
47
-4
-34
-39
-48
18
36
58
-19
-35
-1
-36
-9
-33
-16
4
4
-24
45
-47
85
70
-45
-42
-4
-10
13
2
-42
-79
-24
-22
-33
17
-63
62
-10
70
-75
112
-37
38
45
22
-36
-85
-38
24
-39
46
10
30
-30
-17
25
-63
-19
55
48
-80
62
42
-40
-69
-47
5
57
-10
66
45
-65
62
34
22
36
-31
56
-14
-16
-20
46
-31
-43
-8
-36
-46
-61
-21
-55
42
29
-8
5
-2
78
-17
-72
5
-17
-17
-32
-50
98
-17
-4
-86
-32
23
2
37
-73
-3
-120
-50
56
85
33
-57
-49
-66
-17
-39
74
-4
6
-7
85
-20
6
-10
-25
-100
-6
65
-24
-73
29
-17
-11
-35
33
73
36
-10
17
12
69
-52
-44
64
70
-3
-23
13
51
-18
30
-32
-57
-50
-55
-14
22
10
-4
-10
-35
5
-12
96
51
11
-113
56
-60
16
-47
-51
32
14
-9
25
-24
39
-28
26
90
21
36
-30
31
-71
24
68
-58
-9
79
24
12
36
17
13
-1
-58
1
-6
-50
-30
45
-16
-29
43
-77
44
-47
-3
45
48
-85
-87
-53
-81
-26
-11
67
-23
96
71
68
-3
5
19
25
43
4
-37
-67
4
-32
-12
-28
-54
-51
-17
-47
46
13
-54
-22
-62
17
12
-17
72
0
-34
-12
20
64
-57
38
-47
-26
14
-36
88
39
-2
51
7
-74
10
-8
-22
-39
10
15
48
-21
38
-23
42
-24
-21
-60
60
88
47
1
28
0
8
-13
6
-64
31
-28
-55
28
9
-54
-49
-24
-122
-49
34
63
27
6
-18
-18
55
-31
-8
-57
31
15
-36
64
-75
-1
-25
98
-21
1
39
40
10
2
-36
76
-12
16
-92
-74
51
50
-40
53
84
-20
42
-37
56
32
98
19
70
-24
4
55
32
-22
-34
38
46
-18
-55
2
14
3
-16
9
43
0
22
-39
-36
49
-3
-12
22
98
-10
-16
55
-31
-20
-26
-79
-34
-62
26
-88
-9
37
16
-35
-30
31
-73
-71
-87
-29
19
-2
19
-58
48
16
-17
55
-7
-86
26
-133
-90
17
-18
-69
60
11
80
-31
28
-31
-13
-46
-8
-5
2
-22
71
37
-54
16
-71
8
52
-31
45
34
-6
-47
-101
20
-51
-50
-28
8
12
35
61
-54
-54
0
-52
1
-5
31
24
87
-21
5
-55
-9
-22
-53
105
2
38
-110
21
-2
-26
-36
-7
-17
20
21
42
-10
-13
-40
70
16
-33
-1
-36
31
-5
-29
72
31
63
-3
-45
19
41
-60
36
57
-29
-52
28
-25
8
78
41
-71
21
66
-45
-6
-10
81
-34
75
-65
32
67
-5
-11
-84
-43
24
-36
47
-47
56
-35
29
37
51
-52
51
87
44
16
-21
-14
-3
35
-46
-16
-7
34
-50
-81
-36
63
-51
61
-42
61
-26
5
-34
34
12
63
-4
-29
-22
3
37
44
-85
-46
79
89
-10
-43
-17
-15
23
24
-25
-36
-19
-16
17
8
-10
-5
-22
6
-31
20
67
-48
-14
-25
-11
8
-15
17
-69
78
65
-112
61
46
24
-173
-27
34
-7
-22
-60
19
-29
14
-14
-67
-51
-76
19
-38
-38
-85
-8
11
-115
-79
29
53
58
-69
6
47
39
-47
12
2
-24
13
44
31
-66
120
6
30
64
-83
-54
28
-60
2
-37
91
-22
-47
-59
-16
-22
-51
91
-9
-45
-4
111
71
5
23
-46
-5
-38
12
-32
-4
-33
-6
17
84
-6
-6
23
118
48
18
56
-41
41
-77
-61
-5
5
27
-13
40
-64
-44
6
79
-14
-21
20
-21
20
57
-128
-75
44
-62
18
-94
23
62
3
-59
-13
36
20
-28
-29
-21
5
-21
-37
39
-25
-65
63
-18
114
-7
65
51
-114
-71
71
-30
-63
44
66
3
29
47
-24
84
7
25
60
-85
80
-9
16
-21
-21
62
46
63
-5
95
14
125
-56
-63
-14
-24
43
-1
-55
-45
-26
59
-7
23
-14
45
-32
-59
81
50
32
-50
-19
-42
-53
-10
-1
79
76
29
-4
-61
-41
-32
69
-133
44
-56
10
59
10
-33
31
40
73
18
28
-16
-71
55
-37
19
7
-56
0
-78
14
78
5
-7
4
-6
-25
103
-16
-56
-43
7
-83
4
102
57
40
122
95
61
-19
53
-68
-27
-1
9
-64
57
50
-13
-69
-36
0
21
-28
115
19
-88
77
-34
28
-29
114
16
39
-34
1
-38
-22
178
1
66
34
130
62
29
-2
-27
29
16
-33
47
-6
53
-13
66
15
-53
-63
14
-5
-20
-16
-2
19
-15
126
-37
63
55
45
-71
67
28
20
83
18
-55
-28
-35
-64
67
-27
35
33
42
15
-13
-70
-32
59
-19
-65
3
-1
48
64
1
-3
59
-1
86
66
-40
-37
-34
-1
35
-40
-1
-43
-40
-6
-33
54
26
102
33
-84
99
-106
-71
-38
-64
-6
22
61
61
94
-3
-55
46
-26
49
106
-35
-28
-13
-3
-59
8
-106
47
-30
41
-22
-3
-35
-27
-25
13
-74
-55
-108
9
6
-42
5
-109
-53
-38
45
39
-5
72
1
27
26
-44
70
43
22
-111
64
69
39
17
32
43
-9
-13
20
50
-6
10
-63
-73
-62
70
-14
39
-19
10
-27
-6
41
-44
-31
-51
-48
-5
-42
28
79
-21
25
-20
-16
91
59
70
12
-12
-19
39
-13
10
49
-129
-53
-62
-28
-23
-1
24
56
-94
30
88
71
31
-68
11
30
-58
14
32
51
23
78
-36
19
-29
13
144
12
1
-40
-12
49
42
47
-124
-33
-102
17
-10
53
49
-27
-69
-38
-11
-57
-20
52
-11
-50
-44
35
16
11
45
3
81
48
51
-91
-13
-16
-2
-4
-4
-53
-5
16
-22
24
-65
-52
36
61
-64
-17
-26
70
36
13
22
33
88
-36
21
-14
26
-29
-44
-47
-48
-13
23
7
-82
9
-34
106
14
-23
-49
9
-54
13
37
4
-52
-50
-36
29
-54
-39
-109
-46
-43
-46
-46
48
50
93
-49
-4
-62
-59
-79
-26
52
23
-56
32
4
-21
33
3
-19
32
1
-52
-14
-8
10
-6
1
37
96
-54
65
13
36
-62
-2
30
-34
-46
23
7
-3
95
-39
-69
-8
14
61
-54
-33
-13
26
28
28
-36
-27
-64
15
-46
0
41
-18
25
-1
80
63
-19
2
95
-62
-18
-56
44
26
0
-72
63
4
28
-65
11
38
-6
-43
5
-108
63
-61
-113
-9
64
71
-7
15
-27
74
-37
22
-25
-18
17
32
-11
3
71
27
-21
-98
-35
11
66
-9
18
11
2
113
-2
-1
-14
8
-73
-91
49
-82
-17
32
17
80
-32
29
-12
-63
-4
58
-79
-7
-22
-1
-43
-2
-50
11
-3
-51
81
4
-76
16
-12
-95
-49
-57
-45
29
-16
-96
-4
31
9
-9
-77
-65
-1
-1
-17
-48
25
21
125
69
-31
104
39
-31
20
-38
67
9
0
13
23
-26
27
-15
-19
-102
2
-94
-12
74
38
81
-3
52
37
-29
27
22
50
-10
-34
30
13
-43
22
-107
58
102
-99
-141
-15
-60
-71
57
-22
2
-50
-41
-13
34
-22
-35
-11
-14
-13
14
19
58
37
0
20
-26
39
-52
0
-9
-21
20
31
-39
24
-120
20
-13
-128
-44
36
31
51
47
31
40
40
-80
-8
-52
34
-70
24
74
-97
-14
-99
100
7
-52
-73
3
57
-31
10
82
-50
-12
65
-36
-18
-69
13
32
-34
11
20
45
21
-54
-49
31
20
-29
32
-6
-31
61
36
-36
37
-60
-72
118
-2
-7
-3
-35
-56
21
39
27
-47
16
-2
67
114
30
104
17
-88
-21
10
-69
1
46
-42
1
17
12
13
-74
-19
-51
-41
-16
24
-44
65
7
31
81
42
51
68
-74
48
-16
13
-57
-65
26
-36
-33
35
3
72
-52
41
2
-115
24
-69
28
23
11
15
-4
60
-46
21
-102
39
-52
-35
49
6
-1
18
44
6
10
65
17
-67
-35
-17
49
33
4
-111
13
-5
-9
48
74
79
9
35
-29
-35
-46
31
42
-82
-39
17
-40
-62
-62
-7
-1
-75
-66
25
-19
63
-62
2
-8
12
22
16
110
33
24
-47
-9
30
-43
5
48
-66
46
-13
11
48
-14
-61
-31
55
-62
90
69
-28
8
-11
67
-38
-21
31
-61
45
26
88
100
-4
-10
-28
-5
-7
8
97
-31
-35
3
-26
22
0
-21
47
35
23
41
52
-23
9
12
92
13
22
-40
32
47
-13
44
83
5
60
-33
19
-1
-10
-1
101
47
48
8
-37
56
-36
-34
38
31
-128
-37
71
4
-43
0
69
-6
-4
35
-28
-27
8
51
-12
29
12
1
-1
5
-47
-13
-10
15
-44
-29
36
-104
84
24
-10
-34
35
-2
-31
-7
-67
43
-67
31
-8
44
52
-15
-40
-61
37
83
65
35
4
17
62
66
24
-33
80
37
-28
16
-44
57
-5
-1
-46
-82
-52
-42
-27
1
-23
41
22
-20
37
137
-17
-60
-9
22
13
156
-42
5
62
35
1
-51
-79
39
-62
5
-21
-23
37
77
65
6
-57
62
14
-76
-17
81
-4
-22
-11
44
1
30
-38
64
-4
13
-10
-14
-12
-16
17
64
25
-21
37
24
110
-12
40
-52
60
70
-62
-42
25
-28
-44
1
-50
57
50
-70
-7
-49
-41
-10
-8
6
38
17
93
20
10
119
-30
-28
-26
70
37
139
6
9
45
-61
50
-7
1
22
53
-98
11
23
16
82
-32
34
72
-118
-34
-22
14
-104
-12
27
25
145
16
-42
19
-13
-59
-109
19
125
-27
76
-49
-12
15
27
-16
-138
32
-56
-33
64
42
13
47
0
0
5
-4
27
52
-18
2
-33
42
17
-31
-29
5
-70
94
124
14
-70
5
-13
62
-33
-15
-34
62
127
76
-25
16
16
53
-16
-20
-42
24
61
-10
93
-74
39
70
8
9
-4
-64
0
30
109
19
20
64
55
55
-55
26
43
-22
-28
-22
25
-24
-32
0
27
-38
-17
-7
-92
60
39
-17
-44
-27
-21
40
29
65
23
20
-29
-34
-25
76
-33
62
80
45
5
-38
-30
51
-55
-15
-55
-64
27
14
40
-67
-11
36
-13
-76
29
-39
-53
-22
5
-76
56
66
-74
25
0
-65
111
-105
31
3
-50
35
60
-8
32
3
43
38
48
9
55
36
44
-38
-47
-57
4
59
92
-5
34
61
-1
25
-96
-10
-77
-5
-32
110
-19
-58
27
41
26
-56
24
-66
-22
-38
20
-6
-16
113
37
10
63
-49
-21
64
-27
-22
23
-35
54
-37
-33
25
-22
-64
-53
21
11
-42
-119
17
-44
44
22
28
-108
-20
11
44
54
-7
52
1
16
27
7
-121
-6
-61
-17
-3
-15
-11
12
65
-16
-2
61
-37
73
-14
70
35
-23
40
48
15
7
-26
34
8
-3
-26
25
22
-41
-29
-13
58
29
-15
63
23
24
-23
-39
47
-35
31
60
53
-26
-4
106
-26
32
7
-32
49
-54
-36
-72
-45
7
44
-40
-51
-5
34
-34
28
-5
74
-103
1
53
-20
-16
13
-43
-23
10
76
36
9
-61
-14
29
36
31
-40
4
79
-45
-26
27
-2
-28
9
13
-12
-13
-53
50
34
-138
112
7
-1
-6
31
-12
-92
-8
11
29
3
15
88
36
6
27
-25
-76
8
52
26
-4
-56
15
-30
12
-87
88
-105
19
-30
30
-54
-25
45
-60
-16
34
-49
67
-28
19
-14
-17
50
37
66
-3
-120
23
-28
33
-67
58
40
27
-45
-29
27
-11
38
-13
-18
80
36
-80
29
60
3
-85
15
-19
-47
92
29
2
-85
-11
-17
-92
-11
-39
37
37
-21
70
-16
-2
-45
39
78
8
-4
73
19
-13
12
40
14
61
-20
-87
1
5
-47
-36
81
5
-22
-4
-25
-10
-25
-56
-25
42
-15
49
-2
43
24
-51
23
49
-9
-28
-52
-11
9
11
-58
27
25
-47
-9
-89
34
-11
24
-45
-37
-64
12
10
-80
-15
71
32
31
3
-68
-50
-72
-7
-25
0
34
-37
-57
10
-10
-25
-92
-59
-63
84
-53
7
-78
-32
-33
22
-41
-12
6
78
19
29
-32
72
69
-7
62
-3
34
0
-47
-44
7
-67
61
-24
76
-33
-13
35
89
33
-71
4
-47
86
-64
-2
46
23
22
19
-49
-103
-35
57
-35
-3
26
42
-61
-39
-25
14
-2
50
75
2
-33
-25
-45
30
110
5
-7
-76
-6
-104
-4
-28
-58
-20
22
-60
-19
3
-51
-42
18
45
-45
39
-53
68
-67
4
-12
22
-53
7
-78
-8
-1
11
-34
-37
-53
12
-24
-72
20
-16
11
-49
-32
-40
-79
-35
-32
-46
-56
-34
-38
-16
21
-21
-118
-34
-7
-50
-32
-5
34
-5
-50
-78
-64
39
-8
-54
-40
39
-43
51
85
84
75
-52
19
37
-43
78
64
13
-40
-65
-19
19
-27
-9
-28
-15
1
-6
39
63
-8
-2
-2
-1
-51
14
0
38
0
71
-10
26
16
78
29
8
-22
20
41
1
2
65
1
54
82
-58
-11
36
102
-94
6
-66
32
2
-56
19
-29
29
-17
-45
75
41
-27
-12
-71
-5
81
-52
-63
15
-75
40
122
17
79
-117
-16
-7
67
-71
-20
88
-74
-12
-34
-80
24
47
-36
64
-99
-5
90
77
-44
25
22
-28
-61
26
19
6
53
-47
-73
5
39
16
56
-5
-71
5
35
45
32
-47
65
-24
0
-57
47
-52
-74
31
13
-18
-14
-42
4
-8
70
53
26
27
36
-44
27
87
17
-36
-83
-66
-30
23
23
14
155
-38
-10
-10
-16
-39
-44
-28
64
61
-22
-32
47
10
94
88
10
-14
-85
-28
-3
55
49
-47
23
0
31
-67
18
48
-13
33
-6
-9
9
53
40
101
55
75
14
12
120
-72
-7
-1
-16
39
-38
54
29
25
42
-36
50
-1
24
-106
-16
-13
55
54
20
-23
120
-23
-6
33
-30
-44
-5
15
20
-84
55
-28
55
1
0
18
23
13
-52
6
-9
-60
-4
45
-69
78
-98
33
-97
91
-9
74
-19
-102
35
42
-51
-67
32
84
-89
-43
85
24
26
-52
114
29
-33
-49
84
58
38
-4
77
13
-90
13
-12
-2
15
106
-23
-91
135
-1
0
-42
-59
-37
4
-121
2
-53
14
18
6
14
33
49
18
-10
63
6
58
-60
-16
-10
23
-112
57
49
-51
8
-20
-18
9
-53
-48
-30
-40
-48
66
-54
51
12
-8
-73
45
32
51
-21
-61
-10
-79
-9
-18
-4
82
6
35
-87
-33
-39
27
75
-6
33
22
79
-35
90
29
-34
60
-36
-20
-64
-3
-25
59
20
-50
-1
19
-18
-54
42
-32
-10
47
-27
43
0
25
-114
17
-38
-49
-19
-50
4
10
13
45
-112
9
103
-10
9
55
-10
107
40
16
18
-85
10
22
-17
73
-17
63
24
12
-78
-47
-44
-15
73
-2
8
93
53
-9
18
-41
21
11
-29
-22
-7
102
5
-62
-16
-42
63
-42
-57
51
-43
-55
-50
-16
-30
-21
-34
34
32
-63
-54
-71
-67
-33
24
124
-21
-48
-66
74
48
-14
47
-85
-18
42
-42
-5
-2
-44
15
-11
12
-15
-14
-88
74
-7
19
37
12
25
32
37
54
49
-49
-76
-77
-41
-15
-18
56
-23
-2
13
34
-67
14
-43
-35
46
64
-38
-97
18
58
-13
60
2
11
28
2
-4
-30
-69
-4
-89
-80
4
27
6
-34
34
40
3
-73
73
76
13
-79
-32
18
-5
-55
-32
-83
-42
-159
33
-27
14
42
8
30
-12
-3
61
-17
4
19
-9
42
2
46
-64
47
-18
-28
13
-61
-17
-39
24
-12
41
33
55
-17
61
-18
-41
99
11
-27
8
-18
-27
27
77
-27
-109
24
90
28
27
39
83
6
17
13
99
-1
84
23
-69
30
22
8
24
70
-104
-19
50
-58
-40
-76
96
-28
18
-37
50
-4
15
-13
50
9
63
-12
-12
60
31
-69
0
57
100
-47
-88
27
-21
41
8
24
-4
-41
3
70
-55
97
40
-13
108
-4
-11
43
-68
104
-34
79
-5
3
61
-23
130
-36
11
26
91
63
-2
23
9
4
-14
14
52
27
28
-22
-126
29
70
-119
-23
50
-16
34
-15
14
32
10
-7
37
25
38
-59
1
4
41
17
12
13
-52
19
66
18
10
3
-45
71
101
-82
48
4
38
12
5
-35
0
3
-13
-87
16
-4
27
26
81
-85
0
83
11
-15
16
39
54
29
32
58
-13
-77
9
97
12
96
64
-23
24
-14
-38
-27
43
-68
93
-13
14
23
-12
71
-84
12
-30
53
-15
-42
12
-50
31
40
15
22
-62
-30
-25
-69
-13
-18
84
-16
15
47
-43
20
-38
-8
25
75
-76
0
61
-5
16
-68
10
6
-56
-15
-24
21
0
28
12
13
25
-57
36
-22
-13
18
-51
10
38
35
-19
19
92
-13
39
-73
-53
-33
-6
59
59
6
10
-2
-20
75
48
-23
-76
26
39
-18
13
10
-24
8
25
9
100
39
-32
100
62
37
61
-31
27
8
-85
-39
14
49
10
10
-52
4
-4
-49
73
14
-53
-6
-13
14
45
72
67
48
19
-12
109
-49
36
26
22
-82
14
-75
36
50
-3
4
-11
-67
11
-44
61
-86
-18
-4
80
-43
-23
51
-28
-23
56
-59
-41
11
-62
-3
75
15
-26
24
-13
-18
11
46
1
20
-106
-10
17
-41
26
57
26
-30
50
0
33
-33
8
48
-21
33
10
-151
-115
46
-66
-27
-26
67
50
28
-44
4
28
-7
21
99
-32
14
7
35
-59
-22
54
17
-28
32
10
-99
48
-80
13
13
45
-31
-7
49
-54
-25
36
21
0
93
35
-4
20
-37
9
0
31
50
-23
-11
-35
20
-37
110
144
-104
-18
14
68
46
56
-64
-11
-37
-5
-70
20
-59
6
-28
123
11
30
32
57
40
-1
116
22
-59
-11
60
-90
19
-49
-41
-48
16
-35
12
26
119
6
-45
-25
-25
13
-3
-23
4
-1
94
65
111
98
-14
109
-68
-38
73
-33
1
9
-29
87
-73
22
-25
14
-22
-76
81
-1
-32
-64
-29
-3
7
-20
67
-62
-66
-7
46
9
6
-39
-81
-3
26
33
75
4
33
62
152
5
16
26
85
-19
-50
27
-108
80
-19
-49
57
-11
18
-4
80
-21
-98
-70
-98
83
-42
-106
26
13
-46
21
-86
-47
-22
94
-11
-21
11
-43
137
40
42
30
7
-73
-25
35
84
-46
30
7
98
77
55
-23
21
30
-88
-42
-22
-15
25
-66
-68
2
37
85
4
74
-103
6
31
21
-34
-11
15
21
-17
14
-31
61
-43
54
-69
19
-1
-66
-42
22
56
59
17
38
-35
51
-17
-27
34
52
28
118
23
7
43
-87
53
28
-83
-40
73
45
-33
-18
2
1
-17
13
-7
122
30
-14
6
-29
54
-9
42
-9
-15
-23
2
5
39
-51
28
-26
-76
-59
-66
-40
-47
-24
10
6
-14
-69
5
21
-60
-49
-50
71
19
74
108
-13
-53
12
-11
66
-25
16
-34
-43
21
20
-80
-1
-60
36
53
63
84
-17
-40
-39
-7
46
-49
56
41
5
40
58
33
0
62
14
-19
-32
-55
-44
-42
-90
-5
30
-46
66
2
3
74
-80
27
-20
1
-9
20
-15
-23
66
-9
34
21
126
98
1
112
-127
57
-36
45
2
22
56
-60
8
44
-4
-5
21
-3
65
40
-52
23
-39
14
3
-17
-14
-32
11
-62
59
-3
-97
43
-15
-16
-20
14
17
-58
6
24
13
142
34
-46
82
1
47
-8
123
3
-49
41
5
16
-103
8
-15
-94
34
-17
10
14
23
-14
41
-44
13
86
-44
-2
60
-13
-35
4
42
31
10
14
-56
-33
69
35
-14
2
-13
-40
13
77
31
-86
-114
-57
58
-37
-24
15
-71
-103
-50
-17
1
-16
29
11
47
-73
-33
-25
-122
-50
-27
55
-7
41
-53
-15
64
-50
79
79
55
-47
-51
28
36
35
42
74
0
-24
33
27
78
13
-52
-47
76
68
-21
-9
-28
-5
33
-30
-34
-20
-67
-30
108
24
39
26
-38
96
-91
-116
-31
-9
7
31
-4
-20
-6
31
-13
-17
-53
39
26
31
4
-34
27
-68
104
-31
-59
54
-20
-7
-92
93
20
6
39
96
-12
43
-4
-4
-36
27
12
-70
44
63
-2
-24
-44
10
76
-6
-12
66
-31
-16
-6
-24
5
36
37
60
37
-52
-43
-68
-93
-16
-120
-3
-3
-8
-23
-15
87
-40
70
-26
-54
23
-44
78
45
50
-6
-1
-49
-35
32
34
-5
64
94
82
38
15
30
15
64
34
-29
14
-29
-16
88
6
39
-129
29
33
-32
56
-14
0
34
16
-11
60
-37
25
-15
49
-23
-61
2
-25
-36
-79
-37
-7
72
60
15
-61
46
7
-45
-60
-15
-7
2
0
-58
12
-39
27
-7
45
18
-23
-41
-26
-20
47
63
-70
-17
-17
-72
-1
-15
-115
-84
23
-49
-59
-5
-39
75
32
-2
-32
16
-53
14
31
66
-43
10
13
52
30
-78
-35
-48
58
79
-28
-1
-8
62
85
-32
27
-61
47
-84
-11
6
32
8
-36
-22
15
72
100
13
68
73
-120
55
-49
-36
-27
-28
0
0
-2
-7
40
2
-64
134
30
41
29
-84
-22
-58
-9
-26
19
29
38
-36
7
-25
-24
49
54
14
-41
36
43
-64
45
22
80
-6
77
-22
-49
7
-36
-41
-55
52
77
-20
36
-135
61
-45
84
101
-66
-49
-16
79
16
77
2
14
46
14
-51
-1
-93
19
-69
36
-38
5
-39
-18
0
-71
80
66
-52
42
2
-78
-29
-54
33
-112
31
1
9
-41
-6
42
59
-12
27
-52
29
-65
-60
60
42
70
-31
0
40
-22
12
-25
10
29
-6
-2
52
27
35
23
35
-87
-38
29
-1
36
15
17
3
-2
3
7
9
-9
-3
-55
10
6
31
-12
20
54
8
-5
-32
-22
69
-63
-3
-57
18
-103
-82
-13
-90
-60
-2
23
-2
-46
-5
47
-62
44
35
-55
-28
45
2
57
29
-51
-68
24
-37
-33
-24
-80
-16
31
-22
-40
-12
22
9
63
-86
8
-35
-48
-65
58
16
-28
-125
58
62
-60
-59
-9
91
15
-54
13
49
29
-19
-23
-153
-50
-46
-44
-44
-48
-80
14
33
-8
-26
-56
-24
-48
-32
-13
-5
-73
50
-7
15
83
-10
8
-36
-19
-31
-81
48
38
6
27
0
-58
-47
-8
34
-43
59
-8
47
-19
-30
-57
14
43
-17
49
43
78
-51
13
-94
-9
0
0
41
70
103
-8
86
-48
-24
-7
20
-44
-31
19
-12
63
94
-51
19
-6
-22
-33
30
-34
-12
-58
33
11
-84
77
-1
47
29
-62
-121
-6
-52
77
-36
-35
35
-18
-87
48
-49
29
-22
-78
-15
-40
-49
-3
46
0
-11
1
-2
-63
-24
-86
-53
5
24
67
-34
-24
-29
54
-59
39
-35
49
14
15
77
-19
-6
11
-10
48
29
15
-33
51
22
-20
32
-15
-24
16
26
-15
25
-35
-64
-54
-73
-33
-61
19
-49
-20
-34
-51
-55
-38
18
25
-5
-38
46
5
94
-65
81
22
18
6
60
-60
111
8
-103
69
59
-18
2
27
-7
-76
-47
39
-93
-13
15
25
67
3
-24
-34
-38
13
-31
-31
-2
-31
58
33
74
-3
18
107
-21
-50
45
44
-25
17
102
21
117
29
42
5
-52
45
-3
-16
30
-53
-11
21
-89
14
63
96
30
38
100
5
-21
73
36
27
75
8
11
42
-58
-7
-73
12
-19
11
16
7
90
-23
-23
-17
-85
-30
24
-44
10
3
90
-56
28
-72
-19
5
-20
44
62
-27
-5
39
-35
-26
85
-106
-37
44
20
25
-30
-55
18
-30
29
2
-137
10
-2
29
-87
-71
-10
-48
-52
-50
-43
-34
-34
69
78
4
-59
0
-58
15
-52
-19
-78
-11
46
4
14
49
1
73
-3
-46
-18
-27
7
-47
-86
-77
74
83
-26
35
-9
6
-9
-25
-43
33
-3
-20
59
-12
-22
-34
-13
52
96
63
-3
-27
-38
87
42
-10
-61
-14
-82
22
-48
98
30
24
-32
135
-37
2
62
7
-96
5
-46
67
30
-53
92
-44
38
-42
33
0
21
-18
21
-74
79
67
-31
22
112
-23
-2
-37
-80
16
-13
-36
156
-19
80
-14
64
-15
-33
-24
-75
-46
-63
29
-55
-1
-17
35
-30
-44
24
-17
6
48
-18
-12
42
35
2
28
17
96
66
-2
-73
-11
35
10
-65
85
36
0
-65
26
-93
-57
49
-100
-73
26
100
-43
60
-79
-78
-27
5
51
-56
35
-50
-19
9
28
29
68
19
-39
-48
31
-62
40
-61
45
70
-25
-14
-45
9
-31
30
-5
-7
-4
-20
8
36
11
-75
83
-14
-8
13
-45
-23
34
-12
-16
-15
-31
-46
-49
25
-12
58
8
15
9
11
-77
18
-33
-24
-57
-34
0
-75
74
93
-18
-14
-90
-38
-1
36
106
34
-28
53
-55
-21
9
-1
22
134
32
-15
4
-3
-16
86
-59
-12
2
5
-6
-55
12
-25
24
-70
-43
44
-47
2
34
-101
-18
24
-23
7
88
-33
-6
-78
-57
-2
65
-7
31
16
51
-88
7
-77
27
-30
85
44
46
28
-72
-2
-61
-64
51
10
61
50
-37
-24
36
38
-16
-18
78
-63
-37
23
12
58
-13
45
-87
10
-7
54
8
44
-32
-1
-21
33
-15
40
37
51
6
15
109
31
67
-13
-22
-103
-33
6
-20
24
-79
-90
33
12
1
13
-4
-57
-47
-4
-24
-29
-14
44
30
-5
43
23
20
78
73
32
-8
-175
21
30
50
0
20
-27
-19
-7
-62
0
26
-24
26
29
20
11
74
-79
-40
81
4
27
-8
-9
-35
-49
-22
5
32
13
-65
76
81
16
-73
36
31
-18
-23
-72
60
-23
27
-4
86
-76
91
-40
-33
45
49
-40
180
-51
56
17
-86
-14
60
-7
-34
68
-6
16
-14
12
6
-18
-28
6
-9
-33
-94
13
117
-53
12
-131
44
14
61
38
-85
47
4
-38
-22
-81
176
25
4
71
-54
3
77
-88
37
19
92
49
39
32
-7
28
73
-19
83
25
43
-60
-78
0
24
2
48
44
-5
45
-57
-26
16
-34
-8
15
-46
40
-29
39
-2
-90
45
3
-13
23
-43
-12
7
34
-40
6
-4
-11
-28
-47
-48
-82
46
-9
97
-36
-33
-38
-42
-38
-20
-15
49
-8
-20
45
-71
-53
-47
-10
-84
24
-46
79
33
26
9
49
33
45
42
24
-49
-49
-27
-46
54
-19
38
66
-16
-40
60
25
-10
-23
-21
26
-23
-59
54
59
-10
-86
-10
-51
-27
9
33
-10
-47
0
-34
15
-21
97
-70
35
94
33
-109
-2
8
-70
-121
2
-124
44
-24
59
2
-81
-18
24
33
-18
-12
-1
42
24
28
-100
-4
-13
46
4
-26
-5
-36
-21
-18
61
-95
-86
-35
10
10
53
24
-1
-53
34
-15
26
-82
64
-73
20
73
34
-79
-14
-22
52
-12
-36
44
-4
-95
37
42
-14
93
-102
42
-17
-94
-38
-14
-142
9
-56
41
51
-35
-26
26
-26
-5
51
156
-41
-6
-47
-6
-23
-6
-36
-2
82
20
-45
20
18
33
-63
-60
-20
41
35
31
-51
-2
19
-83
-33
-52
-13
29
-85
-15
12
116
-51
35
57
51
-24
-38
57
-8
-35
14
13
45
-2
-54
102
110
-15
-37
36
-19
33
69
-29
-47
88
13
-5
56
11
-65
47
-52
26
64
100
60
-23
12
-74
-14
69
-26
-13
-81
-6
-40
-6
42
-121
-34
64
-47
25
7
-13
-12
42
-53
41
-54
-2
-14
0
22
-71
1
-40
60
-42
64
-74
-79
19
3
64
-70
-55
75
54
-18
-67
39
27
10
16
176
4
-4
-3
14
-46
22
-44
-2
-25
27
15
-24
31
33
16
90
28
-47
-59
21
49
-16
-87
39
10
73
-86
-37
30
-92
46
43
-38
-13
7
-56
62
-10
-72
-1
-26
34
7
-7
-93
19
-7
85
50
-3
-15
-13
-48
-37
-25
92
-66
-50
-74
25
-20
-16
-53
10
-31
-42
-2
4
-9
120
78
13
-89
-19
10
39
9
-3
-4
22
27
92
-8
4
-95
22
44
14
39
62
58
13
47
31
64
38
-32
-3
53
-39
73
-21
-86
17
-65
11
14
47
-13
-81
29
-52
10
4
14
-6
62
-39
82
34
28
13
78
-18
47
32
23
-74
84
-52
-1
-18
39
28
-18
-24
-73
38
42
18
-105
52
39
28
44
-107
-13
-45
-34
-64
43
-21
-24
30
-32
26
-98
33
74
77
-24
-16
-68
61
37
66
-1
67
-16
53
-25
-98
42
-87
-15
4
-30
-51
1
-46
60
-136
21
-4
-17
82
-19
-67
-73
4
-7
111
-111
-35
104
86
-103
-22
-4
-41
-116
30
19
93
-30
89
-25
27
31
-9
-102
136
3
44
-46
-11
14
86
-58
27
-17
21
-40
60
98
10
-58
-13
-36
30
-104
54
32
-89
-70
75
124
4
32
-25
15
-68
83
53
-18
-104
-27
-8
49
14
38
-29
-39
77
43
75
21
4
33
44
-99
59
39
68
-17
21
-32
59
31
23
75
-67
93
-66
60
16
53
34
40
12
-17
5
-2
14
80
-9
39
-10
29
-37
27
-9
56
-48
21
-28
-104
3
-57
21
14
32
-2
-90
-10
-15
-90
-12
29
77
63
41
77
-12
17
-94
-71
10
20
-23
14
59
8
-8
24
-13
78
84
-106
-24
40
-28
30
-15
-45
-85
-2
-30
-20
16
-31
-30
-60
-55
-31
6
30
-36
29
23
-12
73
80
-120
16
40
6
1
-16
-16
-104
3
-5
-46
-10
-13
-84
-62
45
-11
44
12
0
-42
57
54
-46
18
-46
56
56
57
98
-15
5
59
-74
44
39
-33
-15
-75
-22
-76
61
-88
-38
20
-35
48
-18
-70
-58
61
4
116
-2
-61
-8
-74
45
-44
-46
40
106
6
-68
-39
28
53
-33
62
-22
57
-51
15
-67
46
-29
-39
42
44
-75
-101
35
50
-19
19
-24
-8
65
-59
43
-11
20
6
44
-31
29
70
11
63
50
-33
-32
16
-1
-105
57
-17
18
-69
-1
58
28
57
8
-36
36
-45
12
-24
-161
48
-14
34
58
-24
-105
14
-5
114
12
-34
-4
23
-87
-18
12
1
21
68
22
-24
36
42
-29
-23
-33
-15
-79
-24
88
-41
22
51
18
30
-12
125
62
-26
4
-20
6
37
-63
-53
13
54
58
-57
-24
-2
12
-24
11
11
74
12
14
17
-55
-7
-124
-54
7
26
-31
35
-87
47
-33
2
42
37
-18
-62
25
32
-77
30
13
7
-36
51
-2
-51
38
-14
13
4
-25
43
2
-55
-41
40
1
-12
54
-15
-74
7
15
16
70
-25
-1
11
69
-19
110
52
5
8
58
-108
44
-14
-46
-11
40
10
28
17
1
-10
50
61
-38
-12
-12
70
31
3
59
-50
33
151
0
-65
-3
-49
23
64
-71
-55
-40
-66
-91
-38
-22
-9
43
1
3
3
62
44
-96
41
-35
12
11
10
0
-65
7
-32
-11
-1
-11
11
-29
93
31
21
-26
106
6
-15
-28
72
-60
25
87
-10
58
46
69
14
-35
67
-12
-5
-49
-32
25
-89
2
26
-60
-78
0
72
-4
60
-2
48
6
-31
46
114
60
29
14
89
-50
-28
-28
47
-23
80
-12
31
-11
-84
-14
-30
4
48
53
-84
-63
56
76
-1
-5
-14
31
7
54
-56
36
-77
30
4
-92
-37
-31
4
68
11
67
-36
-25
44
-5
-65
25
8
99
44
-61
-34
-41
7
88
13
-58
-15
58
-21
94
-36
30
41
52
43
-17
19
78
-22
-33
54
27
-68
-14
27
30
-15
-39
-2
-131
90
18
79
-3
62
65
-71
28
-33
-5
40
59
-51
45
-37
-3
-13
0
-19
-43
17
28
29
-32
-1
10
7
18
-34
-61
127
63
-58
-58
55
-46
-12
66
12
-20
43
-68
-30
-99
-11
39
-3
85
26
-36
85
12
44
-23
8
-81
3
-12
-45
44
57
53
-80
-33
-58
99
-18
-53
24
60
1
30
4
3
26
65
-46
-19
-5
-17
-7
37
-41
-78
-54
24
-18
31
-53
42
-35
61
62
56
-56
80
-54
15
35
-43
-107
15
0
2
-12
36
-9
-47
-2
-125
3
2
14
41
-79
-64
47
38
-30
-33
-79
-86
18
-69
29
62
20
-43
-121
-25
-35
-12
-65
30
-38
52
-18
-17
30
64
-40
-6
-72
-34
47
53
-54
48
25
-76
-17
-24
-54
36
19
17
35
-21
-15
40
47
24
3
-59
29
129
57
-66
64
52
-90
-18
-11
-46
-36
-29
-1
-109
-7
-11
-1
31
-96
-87
67
30
33
104
10
-143
5
60
-28
-27
19
37
43
-37
-50
15
-13
-23
72
46
-31
1
-41
12
-8
-8
-114
94
-81
-42
-33
-45
-41
5
-31
41
100
-63
31
134
-38
20
-12
-50
62
-6
-17
-61
15
58
-59
68
60
7
15
-10
18
24
-22
11
0
41
9
102
-81
45
35
-20
-15
-98
-44
74
61
-6
11
42
-76
-25
2
57
-35
14
53
80
25
74
-12
-4
-62
-92
30
12
-27
-26
-51
95
44
-55
40
13
16
39
31
0
74
74
3
73
-10
-20
-78
19
57
63
16
-114
51
116
56
-16
-39
-5
-57
17
-13
68
36
66
9
-74
-22
-31
-24
-9
65
-3
35
-31
-49
-5
-70
5
-69
40
-14
-90
-21
56
-20
91
-22
-86
-74
83
-86
27
14
25
-81
-7
10
-62
63
-16
12
-46
11
9
19
73
43
45
-25
-21
13
-1
-21
62
-76
-60
-75
-66
4
7
60
17
-22
45
33
60
37
-33
37
52
25
5
52
64
-117
10
27
12
-20
-31
-50
92
-29
-5
-20
-9
-50
-77
-24
72
-53
37
-9
-82
-20
-33
-50
23
-1
17
-9
48
29
67
-16
8
-1
-57
-23
-55
4
27
-44
74
21
11
48
-41
-27
-21
48
7
104
0
60
-28
-17
38
-123
18
5
59
61
56
26
17
4
33
-12
-97
63
-61
-76
48
56
-83
59
71
-19
-7
-22
92
65
45
-46
-20
10
11
10
32
-38
6
41
8
-46
29
-37
57
-46
-61
108
-7
-25
65
136
-85
-52
-46
4
30
-28
-16
30
18
52
-169
13
-132
-5
-27
22
58
-50
-55
-26
2
19
24
0
-93
-33
-10
-54
10
21
-100
19
17
-30
-39
-23
62
-22
36
-114
-33
70
6
13
8
14
29
76
76
68
27
-88
12
-4
-71
31
-109
-46
-51
-11
-42
27
27
-39
-14
-6
111
-78
30
-135
-73
-35
-87
78
-14
-9
-29
-15
22
24
-6
-64
-63
-76
-60
49
37
-10
-54
0
17
87
5
-34
-20
2
56
26
-26
-98
61
-46
23
81
61
-20
-39
14
-44
-88
-148
-63
3
76
-111
16
-13
-18
-22
58
-39
61
96
37
-52
-41
29
-43
94
121
-1
-36
52
76
-17
108
89
-22
-2
-9
-114
-1
-16
-9
-40
-58
-34
58
-11
-6
5
37
-23
62
-57
-73
-66
40
-82
72
72
79
-18
22
-42
12
17
-29
-57
-13
-39
-75
12
-6
5
-54
-70
98
-25
66
63
-46
-46
-106
41
-6
-47
-11
-5
-74
-54
5
40
1
-16
-29
-51
71
-18
-22
11
6
20
-27
23
30
-84
75
62
-4
-102
143
-42
13
78
-2
28
12
128
-28
126
-26
-116
-54
-65
17
60
-1
18
27
-101
47
-31
19
-33
15
15
-12
-173
-80
-16
-26
69
-15
-55
-94
9
27
-42
-9
-4
-17
29
-19
-11
-44
-55
-4
41
-77
34
-2
8
-31
24
55
1
16
13
45
67
70
40
-2
12
-6
-36
47
49
44
-17
62
-21
-70
-70
-3
38
110
10
29
26
-39
-1
-108
6
-15
56
-21
-34
24
-19
-75
-29
3
127
155
-59
50
-37
-79
-51
-10
-73
-52
-15
34
-3
-40
-55
-10
-44
12
-21
-15
-128
-25
81
97
13
83
42
29
-76
22
-57
3
-104
-22
-61
-50
-27
-50
-92
-42
-70
37
-91
54
-30
26
-12
-2
29
-52
-14
-42
-18
-14
-26
-4
37
-44
19
31
-55
-15
-20
15
-15
-58
43
40
-9
4
12
29
-72
-2
-53
-8
-42
18
-54
28
-43
-53
-38
-56
-14
21
42
-101
82
-43
-30
7
-37
-74
37
47
-16
-26
-17
-71
17
-14
59
50
-48
-33
42
-63
-39
-49
-41
-6
-32
80
-10
-66
51
-75
-50
55
19
-70
35
-1
-109
-55
36
39
14
6
-12
22
-5
63
21
81
-16
-10
50
-22
61
17
8
7
-7
-29
65
-29
-54
-43
14
63
49
-11
46
6
-30
78
-4
-30
-9
-4
73
-44
12
-10
-5
51
28
50
-47
3
20
-41
-6
-17
-6
46
-62
12
-59
34
42
20
-55
-9
5
-14
-48
52
65
-37
46
-36
40
11
42
25
50
-9
-117
62
-40
-62
53
41
-2
-55
-8
35
34
-46
-38
22
-32
6
-49
-41
20
32
-77
39
23
32
11
18
31
-36
-82
-38
11
16
-59
-34
-29
-127
87
-60
4
-16
-101
-54
-79
5
21
-58
42
23
7
67
71
90
-51
-29
52
-16
-10
-2
51
-28
54
-82
78
9
-18
7
51
-43
-4
32
-34
29
0
-9
11
4
48
64
-88
-40
-33
-16
-32
-82
-20
93
-4
-51
-90
67
47
2
45
10
-49
30
36
-20
-19
45
-93
-31
-59
-28
-62
-53
-26
-165
25
39
-63
-31
73
-8
6
26
-1
3
-55
-15
-2
-58
44
-27
19
-3
-58
-42
62
65
-83
30
-40
-30
32
-33
-2
55
-88
-31
12
10
25
-45
-16
24
-50
63
-35
-46
5
-22
-22
41
31
-46
-24
-10
36
-13
-1
9
51
-12
55
50
46
15
-8
12
32
17
2
-32
68
23
30
-39
24
26
-12
3
-27
-22
-114
95
-37
57
86
-18
-18
55
19
16
18
13
-93
-52
-2
-44
-28
40
-31
-20
32
-2
30
-45
-37
-32
126
-57
1
-10
86
22
27
9
50
72
-34
-43
-13
107
21
-53
58
2
51
-43
-69
79
-31
48
13
-51
-7
-44
42
31
-6
69
51
-22
-61
-72
30
56
50
-64
44
-27
35
-11
-29
-44
-41
-34
17
-12
-9
50
-32
-48
-31
59
-31
15
-57
-53
-17
-68
-1
34
-52
-93
-21
68
16
30
-16
73
-28
24
-34
-54
63
100
101
27
17
-31
19
-34
-6
-1
-15
23
39
39
37
14
-83
-47
23
8
33
-7
-1
35
-59
1
-62
47
18
-27
29
-20
-13
20
-14
57
17
-52
-61
4
-132
-59
-24
18
-8
-5
-100
16
28
-70
30
41
58
46
-26
-102
2
12
56
39
26
-16
174
48
-2
-23
-32
-9
-17
11
-6
3
50
59
45
59
29
35
28
0
2
-27
-62
-77
-27
58
-29
-40
-19
12
-27
-33
-76
-65
20
-74
105
-58
-31
-11
38
22
-61
-26
0
-29
37
53
55
13
1
135
55
-42
-46
-19
51
30
31
66
-73
-12
4
-21
25
-44
-40
-42
-48
-14
-2
-39
-33
86
-49
24
-7
41
76
80
60
-11
-104
-17
63
58
1
-3
-12
24
-49
-32
-41
21
15
38
-31
1
-11
-16
-28
19
-30
-35
30
-100
67
-3
-28
-16
-60
-7
45
-27
121
-63
9
-7
-40
-30
21
-48
41
-11
41
0
-11
17
-41
-42
61
-16
-38
-64
-59
-1
18
-29
21
69
54
-19
-38
-45
-17
-30
-12
12
-4
23
21
-97
75
-3
-29
-80
8
-75
-17
77
-24
-10
41
-26
-19
-43
-33
16
10
-121
-6
55
11
13
38
-14
-7
2
-46
86
24
-57
-31
100
-14
20
41
64
-5
13
-2
-13
-32
-15
-51
-70
11
72
63
-2
-47
-46
-38
-15
-26
61
79
-81
39
39
21
24
26
60
-14
41
82
-41
-120
12
93
-34
-26
9
18
98
18
-29
-29
41
-19
129
41
-25
64
-94
-25
-52
80
-10
19
27
26
105
19
76
19
-4
131
-35
40
32
-5
76
-56
20
0
-78
19
-42
-3
10
46
-2
-5
-99
37
-23
6
0
5
-15
29
-47
-39
34
-25
-34
-69
115
-51
19
-25
25
14
6
43
43
-9
-46
-16
-51
-59
-14
70
24
38
-75
-37
-74
20
4
30
40
39
49
-80
-3
28
13
13
26
9
32
2
83
83
42
27
15
-16
8
-18
-51
-22
2
34
-17
-57
-28
82
-32
-31
70
-99
52
-18
-50
-45
-32
-38
-38
-54
27
-61
-12
-5
21
-17
15
97
-109
68
6
1
28
-3
43
24
-85
8
-12
-5
-54
-18
8
17
45
9
-15
-9
45
-8
-85
-88
37
61
30
-50
1
0
7
-37
-55
-35
-62
-17
48
63
43
48
146
-44
-46
1
43
-44
66
2
-35
4
-31
73
-99
45
36
-68
51
51
-34
-84
-37
21
-1
-72
-79
40
12
65
10
66
-2
26
-38
40
-22
-6
-2
99
-76
59
32
87
9
21
1
-3
4
89
-36
16
-23
-3
37
34
9
-19
21
39
-25
50
-110
99
76
29
61
55
-44
25
24
38
-5
-31
-52
7
33
-35
86
8
55
-4
10
53
-145
-42
7
48
78
-104
-24
-81
145
-35
-17
-7
128
-45
5
-74
-55
-38
4
96
9
-27
78
72
-168
-7
-26
16
43
-51
7
6
-101
-35
26
77
45
26
-47
49
47
-43
6
-56
50
54
1
19
49
0
-26
2
10
-57
-40
6
-9
35
23
-16
-10
-29
-34
62
-64
6
111
-22
46
14
-22
11
-24
42
-50
29
-4
27
66
17
88
-31
-17
-46
42
-123
48
49
-23
-50
-28
-49
16
-68
-17
19
49
55
-54
-18
2
-6
38
-19
-62
-36
-68
-82
-14
-94
-30
-59
-20
-20
36
37
-118
12
-62
-36
-60
-71
13
66
-1
27
22
29
29
-98
62
69
63
-21
-46
60
65
9
-8
30
4
-33
59
-41
-52
-72
10
60
14
-9
15
-11
1
22
-55
-96
5
59
-125
51
-25
58
-67
41
32
-4
44
2
-51
19
11
0
-37
24
-40
60
41
19
29
-21
38
22
13
-33
9
-39
27
-66
-33
-18
-23
-30
-14
-6
33
-103
-1
98
26
-29
-84
-100
23
-17
-35
92
-8
-35
-5
15
30
-17
5
-25
12
21
-47
-4
-20
3
-9
19
-57
12
-5
-10
-11
-24
14
13
23
31
12
7
-40
-37
-8
-6
-8
-67
-23
-35
-41
-12
-37
-12
29
4
-42
-57
-14
35
5
66
-45
-4
14
-86
7
-51
-95
-6
42
-11
-103
63
-6
-8
-8
92
-70
-136
-13
-10
23
-9
-72
4
12
-59
14
-50
-27
-76
-36
66
56
-89
33
-44
34
6
13
-49
64
-46
-28
-109
15
10
20
2
-19
-4
-68
-11
27
7
-78
73
35
-47
26
1
-48
24
2
-11
7
78
25
84
18
-28
55
15
-29
20
-30
-9
8
27
7
16
16
-3
77
65
-10
-49
-53
-31
-83
23
18
38
-35
53
29
-77
-86
0
44
-28
-23
49
-103
29
-1
-17
-9
-9
-9
84
-35
-15
-10
-2
-27
40
54
-45
-81
4
-37
-48
-23
-19
29
45
98
43
31
39
-46
-112
-18
-72
-13
29
111
18
12
