26 71 196
0 3
0 8
0 11
0 20
0 22
1 15
1 18
1 22
2 0
2 11
3 7
3 21
3 22
4 1
4 17
5 2
5 11
5 17
6 2
6 3
6 6
6 13
7 3
7 17
8 10
8 12
8 17
9 6
9 15
9 25
10 10
11 3
11 9
11 18
12 12
12 16
12 23
13 5
13 13
14 0
14 6
14 13
15 23
16 7
16 13
16 17
17 6
17 11
18 5
18 7
18 8
18 16
19 1
19 16
19 22
20 4
20 5
20 15
21 11
21 14
21 15
22 0
22 11
22 15
23 14
24 9
24 17
24 22
25 0
25 10
25 12
43
36
45
61
2
42
54
32
44
16
20
17
69
13
27
1
12
37
65
11
41
29
35
26
25
47
18
64
19
55
6
66
5
0
30
39
34
50
7
57
63
14
67
31
8
60
51
52
59
56
62
3
21
49
23
53
48
68
46
70
28
22
38
9
4
58
15
10
33
24
40
-62
365
184
-12
-254
-169
242
-249
141
-46
234
-90
235
-135
79
79
-240
-252
548
-46
83
-230
-97
44
-203
238
-2
-36
48
217
-21
-115
-23
40
-219
354
-336
-269
-43
208
22
307
-318
149
50
-21
-94
210
20
205
196
48
35
-549
187
27
-9
157
219
36
53
1
69
-162
-213
5
40
-172
359
-237
311
128
-31
-132
295
-158
6
42
-25
-211
-1
57
-78
-244
-287
181
-214
126
124
170
-38
-240
-67
-183
224
-225
-190
-151
-114
-115
-226
26
40
-316
-138
397
-25
168
-39
-18
-28
217
368
91
251
-154
390
-86
40
111
-32
-174
35
-56
-554
-57
-60
-211
177
-37
-237
194
-531
-17
152
-58
171
213
-31
-195
13
191
-142
68
186
15
-142
156
156
-111
288
32
89
-69
-190
335
-277
53
-159
390
108
-306
-345
278
-108
79
113
30
240
-97
-189
46
211
-36
124
98
289
-427
-93
-184
87
312
-343
344
76
-87
72
175
87
-57
-65
-69
-6
-113
116
108
-355
0
156
239
208
67
-119
-163
66
92
-223
-296
163
349
-85
174
304
95
32
-154
-87
-43
-60
-110
106
-130
-54
-143
429
216
-79
8
10
90
217
332
-12
-29
-13
167
-26
246
61
-67
-9
428
-160
194
-156
-65
174
-309
52
-332
234
-25
46
-37
197
-115
228
96
175
-57
-93
51
-10
71
26
-79
585
-63
-227
-228
125
-76
49
190
-31
359
15
-18
-78
-281
-17
4
47
98
-23
-29
50
-269
-558
-332
-228
-58
44
273
-244
-70
-96
-8
-7
-347
65
210
-11
-195
114
81
-183
-132
142
-161
-143
-355
388
257
-132
220
171
-428
-139
70
-65
87
188
-304
3
-157
-186
193
-203
315
-74
-182
-52
70
7
56
48
-330
53
139
-45
70
74
218
-328
-98
188
181
-21
-33
-73
105
-158
-159
-62
147
109
324
-336
92
-102
-62
117
123
-110
-76
-90
298
-207
-40
-89
-111
29
24
145
16
-37
271
115
135
-120
126
210
165
86
-227
54
189
-44
299
-151
-11
-110
-389
-71
-31
80
213
-100
-218
79
-124
-116
-145
-126
491
42
278
24
50
27
-253
154
-121
199
-110
117
350
-418
123
-129
-270
-121
-281
-19
66
-174
23
-207
-6
113
102
189
215
-159
575
-394
-377
-165
-141
104
161
183
4
-139
-129
-108
-62
259
25
-441
96
202
-211
356
130
275
-150
-50
-62
162
-151
-5
261
426
293
-402
-302
257
-109
70
-76
36
35
-579
-101
25
-187
161
75
-194
16
-285
-290
166
84
588
-263
413
35
-116
151
10
168
59
8
178
221
-470
333
-126
-35
2
-238
-110
147
-84
-239
-116
-133
-238
65
-61
530
-49
-82
173
114
67
170
129
261
253
-243
-263
-40
-77
-13
26
-100
-519
234
7
-17
18
137
-26
-356
41
21
-64
82
-69
30
-174
-92
-140
-12
-232
539
-70
-157
-4
-264
148
-95
71
113
-141
-43
227
112
309
-178
-116
181
-36
-15
10
298
-267
430
-365
629
-112
-431
72
181
-128
189
179
-141
-167
-238
-232
-79
48
215
6
-196
-32
-223
-279
123
-17
-188
-98
-76
44
445
265
188
102
150
-268
309
-215
152
233
13
-37
45
348
-63
-113
-24
-143
44
-56
-155
66
-120
-201
-148
224
-190
186
37
-27
-145
245
112
-369
-198
147
449
-194
-26
11
-12
-210
248
-275
179
27
-70
4
-39
-72
-7
76
235
-130
552
121
335
-21
-119
197
-43
-34
37
-209
-34
71
182
-301
-20
130
-274
-124
291
92
-194
-75
107
-71
-143
-53
162
91
389
81
168
152
-258
207
-112
-134
176
68
-76
-186
-69
-63
-311
-47
-255
-249
84
93
-307
-220
-135
118
104
279
188
193
226
300
112
-330
-1
-30
-102
171
107
-9
131
-37
288
-66
-418
-186
-11
408
84
-337
-34
228
-31
-347
240
-111
81
-154
243
-11
153
340
-49
378
-114
-206
167
-56
186
129
44
293
-91
162
66
-37
305
9
182
-87
-62
-227
-42
172
239
-413
-108
138
-82
275
46
14
341
-490
-287
-237
-104
215
-141
132
37
392
43
-35
95
-278
172
129
-341
-176
-133
-161
215
145
43
22
-84
365
-73
-246
129
-216
124
-132
90
-287
-372
-309
-64
21
142
-72
-2
-214
-186
97
60
36
-163
-195
-287
63
165
56
-22
162
154
-52
-57
-97
-10
-238
-81
-132
-214
-29
-184
-86
194
227
94
40
-116
-15
-228
-318
-122
18
329
-72
49
111
-74
-5
20
125
-173
-101
-476
-4
90
202
17
120
-75
75
467
334
169
-72
-441
-293
-135
-192
80
9
-77
-114
165
141
-171
-169
-302
-54
-198
-141
-169
-11
-167
-171
125
327
-79
-24
-79
-271
-55
202
116
303
147
-441
-402
404
33
-91
193
209
118
-68
-152
-233
12
53
208
-57
-64
-18
-6
257
300
49
224
-314
17
77
-162
-43
148
-166
288
62
-59
1
-118
-348
-80
-93
-179
-54
-45
-155
108
-284
-187
4
-70
147
114
-226
241
215
-294
-263
-291
53
-20
-233
-201
24
-36
-127
-331
131
-188
209
11
242
216
130
139
-18
-218
314
-122
-148
244
256
134
-25
-14
45
-253
14
-228
166
-15
61
254
12
-164
3
-63
2
-508
-8
-61
283
349
-173
124
270
-175
-102
41
99
176
-190
-95
360
-137
72
-170
-297
-149
-65
-135
189
-53
-61
73
2
-222
292
-119
50
-50
427
-87
-142
375
421
-495
-136
-106
42
110
-43
133
37
28
-85
158
163
117
-2
-243
142
-166
-20
116
-76
51
-109
-7
256
8
62
-165
83
-277
-62
103
266
163
229
29
-121
159
319
-190
300
65
65
-47
-278
-192
159
-95
469
61
197
39
-367
228
301
158
426
-333
120
16
-239
-117
-205
-105
-95
-119
-348
13
3
-97
59
-101
-326
145
285
-1
-214
-239
-154
66
-85
-297
87
-12
78
66
-308
121
-133
-18
-81
285
96
-86
-292
89
-301
243
-96
-10
57
-97
-336
134
363
70
106
126
43
-82
80
59
222
131
78
15
65
-28
-172
-256
-103
-264
131
-97
56
-32
124
-140
-193
-114
-526
-2
314
-21
68
52
397
337
173
-248
-2
297
-291
-208
62
165
227
-134
157
246
98
84
29
-317
-39
52
481
179
-285
12
-177
-35
176
-100
-324
139
-112
-78
-169
-100
-489
240
-16
-67
-44
75
33
-73
159
94
-107
-29
404
279
159
104
135
-384
370
-241
67
119
-249
351
-42
40
219
87
-125
-279
-51
-26
113
-212
-183
-144
-205
120
397
-9
109
-202
11
-92
-77
230
21
-76
-58
482
-143
-423
-445
77
-78
3
61
270
-197
-78
-206
-481
-288
-98
-174
-142
-303
144
31
2
17
211
-96
97
-32
54
-24
126
-151
180
-94
32
309
275
-466
306
249
-41
-160
166
-181
401
146
-218
-52
73
98
145
-497
-92
-55
149
30
-156
350
-291
142
344
-68
32
99
389
85
289
130
38
246
-103
91
219
-189
4
179
-5
192
42
-169
-63
-67
89
-162
30
-338
194
-16
51
541
211
79
249
-276
29
68
-16
249
-166
-386
114
60
-409
562
344
-116
-216
23
-54
109
-251
244
-38
-67
299
249
-128
216
442
305
-99
-288
-15
26
-453
-136
324
385
-66
-305
-270
-64
3
-52
95
220
62
-33
98
134
117
65
-51
-290
-157
-31
-26
185
377
-191
83
92
141
-40
69
269
55
-779
-179
-67
121
-74
-88
71
-178
-157
-5
-79
-190
-206
41
126
23
-184
240
217
240
-349
-70
19
-252
10
122
58
127
-281
-480
132
-130
-37
-51
-145
-65
321
112
203
93
62
27
267
114
-213
-206
178
234
-143
76
-156
167
147
344
-156
-65
141
-206
51
65
129
220
149
-181
-227
-220
289
221
-3
254
151
-91
-19
-248
44
-194
-71
-143
158
-420
-477
1
-72
254
108
84
-124
139
-54
309
-122
-13
-297
-320
-188
-38
-260
-121
52
-290
14
-17
-132
-29
99
-202
17
-247
-80
-334
-146
-275
-47
-75
106
136
172
-181
202
-278
-424
-27
-44
5
166
-4
53
180
-197
36
-153
-36
-86
-57
-46
6
141
-143
-81
-157
-48
-366
68
466
203
-261
248
85
38
131
183
140
83
-154
-365
75
107
76
-148
369
-6
1
-338
-202
-158
-112
88
103
-33
-20
119
-4
243
18
-226
116
-88
-165
-201
-134
-53
-8
-439
-133
-57
164
153
216
-98
53
170
-75
-184
158
-355
-11
-168
198
-79
-360
-76
-138
-129
-261
19
121
-89
10
12
259
198
273
-9
129
-263
90
-144
-163
215
-103
-25
85
-12
440
-263
9
-3
274
148
-35
-345
136
238
-156
130
-432
318
48
-279
-251
21
43
-17
53
-12
-3
-149
-20
350
-168
212
3
32
-85
-136
202
391
-9
-115
-70
83
4
608
287
106
107
20
-82
-42
211
207
126
-109
17
88
121
-179
219
26
-39
83
67
300
371
333
126
80
42
-234
388
-180
-102
73
94
-83
-205
-98
268
-9
-200
60
-124
258
9
150
306
-41
-105
-59
308
181
151
-225
7
-7
-35
-39
77
47
396
276
-350
142
-104
160
49
-159
-34
-213
-300
196
-341
-123
-145
-141
161
113
-222
51
-27
260
-194
-184
99
195
-252
-299
-278
64
-79
-83
-275
-223
-15
287
-31
-46
-127
-210
20
-35
-361
-181
202
314
-155
-1
-67
-454
223
78
61
-106
189
194
35
56
-114
-160
1
-137
-304
24
-120
-308
299
-29
101
253
34
-93
46
216
286
63
122
-324
173
-212
237
-36
-510
-162
-52
213
236
-227
-135
218
-44
-4
108
-66
-35
124
-57
34
21
-214
-266
-133
-206
93
-301
-68
-106
-169
106
-76
18
309
378
97
-318
-12
5
-63
-12
234
5
-127
233
-122
215
-266
-83
537
-12
-140
-65
-189
130
-120
174
-141
-96
-532
-133
181
-112
119
43
-111
72
-451
-123
24
309
-401
-114
68
67
112
188
-74
190
-386
-31
-356
-145
-230
-122
-71
274
159
-8
152
-41
128
-5
-109
118
3
-225
-50
108
415
-227
-313
231
-220
-66
82
-160
-252
279
194
-17
-202
190
-26
275
152
-271
379
-185
14
124
-19
-303
-156
192
11
154
-278
243
384
363
171
289
-44
86
428
-133
89
-76
10
125
156
-95
-59
-197
80
-246
-49
100
346
-513
-177
213
-142
90
227
-97
6
-158
82
-164
-167
7
4
295
-136
-42
-263
59
-209
39
-187
-253
-193
202
-291
-26
-18
215
-299
390
70
-25
22
-78
328
28
-175
298
-145
288
603
111
266
8
-170
-225
-111
-181
-669
-197
-288
-336
-182
-166
-174
-217
100
41
-367
77
68
191
328
25
-162
31
-204
111
-191
-325
-11
-259
59
-77
21
81
-11
27
193
191
-191
-10
121
150
38
176
-117
246
44
-449
217
-274
-221
197
20
9
137
233
31
264
-15
109
-259
-66
-31
303
-6
-193
352
415
-285
-231
-156
-121
-119
23
-120
-23
-80
-98
-179
34
9
24
-177
404
-154
129
78
-202
-519
168
38
27
-124
-247
189
-52
264
-208
-338
-363
122
139
-81
10
61
354
288
-69
-62
241
-172
25
244
329
-139
-45
-23
4
-13
-35
104
-427
115
-235
0
80
71
-36
-51
33
-109
-461
-67
-379
-169
-109
-172
-52
-188
-257
-17
-87
179
-43
-223
-130
63
179
149
50
-30
-58
-398
47
43
126
-6
1
-332
-72
71
-124
58
-270
-62
-249
147
-36
92
16
-118
-89
-129
204
-336
-98
-94
-174
-343
-47
50
-38
159
-46
-121
182
338
176
-226
-30
-57
234
121
-325
448
-215
-55
-143
87
178
252
-188
235
94
157
-73
-5
-265
154
-42
-42
-143
-64
54
200
188
76
-1
-202
174
91
78
255
377
-301
424
54
-384
-353
-112
-312
-11
334
-228
31
-21
156
-204
-148
106
-101
88
0
71
-436
141
530
-291
44
-78
257
-42
-291
122
-81
-113
21
46
303
-29
-34
1
-276
-25
-34
-197
33
148
157
43
-292
220
259
213
141
-38
-164
93
11
-3
132
-546
8
408
-183
66
163
-57
-8
1
345
-298
-2
-8
-136
-480
264
-361
322
-1
-367
-59
-156
-61
-30
180
144
-216
-144
-223
121
115
165
16
-127
-103
-86
-422
-267
17
91
-368
237
-352
-303
-84
-9
-59
16
177
253
-49
-176
-104
-4
-115
-86
-324
77
-48
-361
111
-167
-36
42
299
-265
712
-3
26
215
-176
-289
-334
-40
-275
165
-198
-55
-82
58
82
56
20
-41
269
-37
138
-141
-81
183
-128
315
54
-151
137
-89
-418
192
35
-63
0
-445
38
-205
495
50
141
-134
106
321
-127
144
-249
160
129
61
7
-112
100
183
-14
191
32
-126
-66
47
13
-85
-204
-168
129
-126
122
-86
14
58
119
-212
-267
-145
-473
349
180
237
223
-88
58
386
-300
-149
271
-199
-111
-164
12
-72
-191
-11
243
162
-30
80
61
-118
126
233
-86
-93
-194
-24
-273
180
146
32
226
219
-226
41
291
-295
-99
403
145
159
292
387
199
-374
50
178
91
-287
386
-109
-91
-1
-253
130
-169
102
137
-125
-10
-103
-28
151
60
-29
-98
-87
-124
-28
-127
12
170
-64
280
-1
-120
238
220
-185
155
15
-230
-104
146
-92
161
464
-283
209
489
-327
-237
-30
304
170
114
160
11
-153
186
208
-258
221
13
-156
-185
235
-43
-57
-49
51
-279
-74
50
-22
77
-71
-232
112
-98
123
15
-187
433
-90
44
32
31
-87
-162
62
214
-333
-119
59
-212
-107
-54
354
-173
-306
276
21
309
-145
-142
-241
276
-73
46
18
-80
169
6
-72
-115
-236
259
40
-90
-67
96
-264
-488
-275
-188
185
-123
-244
291
287
236
-175
-193
108
-74
-347
144
240
130
-148
-212
337
-179
-99
-69
-260
385
-156
-90
-32
328
153
-94
-100
321
201
-225
-90
163
-253
-108
251
56
-94
188
-272
103
-123
149
-21
-41
33
-161
-80
-428
67
-10
92
131
-302
450
-42
175
59
17
-107
151
363
-236
133
91
171
-41
241
-64
61
46
91
113
183
126
-104
-223
-89
167
-79
-173
-25
-153
73
41
97
105
-80
-199
-129
47
-55
-49
405
105
329
-34
333
-200
33
-224
175
-156
181
153
-354
72
-185
-278
323
27
-8
82
-166
-383
-445
-294
363
-189
113
-44
416
-267
192
75
56
233
122
221
147
-13
102
321
-30
385
168
316
169
-108
-318
-48
-166
160
-21
-217
-144
-122
99
285
-175
124
-252
91
-152
-148
-198
-22
-98
-205
265
-49
69
-143
395
18
9
-172
-64
-174
-356
10
-28
216
35
-69
-10
-122
-361
15
76
-142
-100
-43
-65
-114
-40
147
-263
-3
-53
57
144
-78
94
-349
-131
-256
-36
-36
-79
-39
181
-50
-125
-104
8
-89
-266
-139
-69
-390
-4
388
-162
240
-417
82
123
82
-166
170
46
-9
-134
-195
33
269
85
-100
-83
-196
38
-35
-4
-228
129
-115
51
183
75
202
-108
-308
-58
383
149
248
-58
-135
0
-125
-139
59
118
209
-49
-525
418
-164
-146
-100
-127
238
-174
-219
-221
-53
79
-143
-203
-85
-82
133
-60
-97
-171
-92
-31
51
62
-240
255
166
70
-418
-191
143
-42
-80
88
133
356
-82
-138
-331
136
-72
-251
122
57
-36
-49
216
37
-70
-90
-386
-39
180
-11
66
165
1
-86
256
-35
-38
179
-153
-39
373
182
-188
-271
-65
13
157
116
-355
-33
57
20
44
66
-41
97
14
112
-40
3
76
35
121
-46
109
127
-243
-192
176
-376
63
65
-67
-38
281
-195
-228
27
312
-437
101
157
-126
-70
32
380
-562
20
-93
-110
125
-54
-86
-165
-130
-27
28
52
224
320
-223
89
169
170
-210
-194
-227
-218
-139
61
103
-221
239
206
206
211
-140
98
542
-250
217
-3
170
53
-190
-308
37
-12
-369
113
396
388
-215
-227
21
-75
-395
47
242
319
35
-69
111
290
473
-48
-145
-112
-342
267
-217
217
35
-109
98
-5
-89
-135
-162
220
282
-398
169
273
-52
-536
-24
-210
-172
10
-32
-109
-45
-116
-143
125
-221
-159
210
20
43
318
-38
-151
284
261
102
98
-31
205
215
253
-247
124
-26
-347
-283
-26
-74
24
22
-105
44
242
209
46
5
129
-63
-216
457
153
21
362
-369
-234
152
-118
13
-119
84
84
-29
23
119
-357
-132
44
-341
234
361
55
-46
121
-323
-108
63
212
194
250
-49
-39
-129
-261
51
100
-275
-167
108
-52
-95
0
-182
96
-346
248
-334
159
28
-35
-404
186
-253
-177
-187
-106
177
-131
-38
-82
-410
-234
-41
-15
-46
-63
-54
42
99
-415
-104
243
-140
-251
-206
-49
-175
-8
266
-245
127
-277
-68
-280
-158
-188
-96
-176
-386
-52
-162
201
-85
-80
173
61
97
-103
-404
323
-268
-111
82
156
-38
-105
61
-216
-266
-4
-143
43
1
157
156
-323
25
-102
220
-271
-24
386
143
-44
-168
-191
-14
-405
80
191
-47
-108
56
7
-305
-178
317
-18
-141
144
296
-201
57
-250
303
-367
99
-96
-77
-378
132
114
-290
143
-39
-109
-133
142
-248
-264
-7
65
130
-295
-64
-22
87
20
-34
287
236
-175
35
550
151
-346
135
-294
-68
-62
66
-361
35
24
224
117
-273
91
-52
-88
250
-29
107
-227
86
183
234
-46
-177
79
-25
20
26
-12
-276
-53
-39
77
167
-112
-194
-115
147
-2
47
181
-22
-226
413
190
-221
-29
59
-96
224
101
124
331
232
78
124
-730
21
41
-20
96
124
-58
-344
-92
-87
-84
-253
9
98
181
175
-105
353
-235
-29
89
2
150
-92
-102
-59
109
-133
-103
-207
-5
-220
386
448
-40
218
-186
-171
-86
154
216
-73
129
89
40
359
-3
-178
33
219
161
53
127
-147
142
-356
-104
276
17
40
-144
90
-55
43
-52
21
-84
21
-178
-186
-286
200
99
131
-192
-71
-65
353
-290
-20
19
220
-212
48
-101
132
-180
-174
24
-16
-24
-7
300
-156
-38
234
-282
50
-24
-477
-703
-21
23
243
1
-331
-2
-181
-274
45
101
196
-108
116
-100
-61
67
-114
178
-40
-24
51
-193
-109
-305
-13
-285
154
29
277
261
-22
158
-300
193
-14
338
-10
324
-108
-514
-178
118
-105
177
73
-41
233
249
-226
-128
-24
-94
114
-6
106
-130
360
-55
-63
71
-499
-164
104
35
56
-29
-164
90
548
218
-97
-266
190
143
-152
16
-241
140
-44
-455
-160
-214
-376
-149
137
50
65
-131
-67
-343
130
-107
-422
331
58
135
230
173
265
27
13
51
123
-119
-137
-21
-204
-192
18
-42
101
-376
98
14
140
137
-30
98
-210
119
104
149
234
-106
-44
593
121
71
93
-303
256
-440
34
-3
300
-251
-119
205
-58
-280
403
-201
16
-64
141
17
-102
-454
92
-109
-125
-77
396
-158
259
177
-176
-17
294
49
182
220
-68
-302
-168
190
73
129
44
283
139
-231
222
-49
-13
-66
-234
59
-134
-94
35
216
-273
113
344
110
-57
-208
153
-380
-91
-110
154
405
42
73
110
261
-123
406
42
148
-102
-131
109
378
30
89
216
2
86
249
-138
-329
-261
-135
-89
207
157
-446
-243
-298
-5
96
1
179
70
-23
-136
-124
156
-55
-37
17
-262
-16
-22
22
49
45
66
-74
-172
-90
89
100
536
57
266
-76
-188
-22
46
123
30
-268
-210
34
27
241
90
-28
40
-344
-84
75
-140
234
-138
-89
298
155
-49
-17
69
-96
-292
167
169
57
-241
-75
118
69
289
48
278
-79
335
324
27
47
20
256
92
235
191
-52
-47
69
133
-119
22
240
304
-106
-490
-153
113
72
180
-250
2
250
9
42
196
-522
82
-150
33
-216
-90
-89
-362
-7
-306
-89
139
-18
-112
144
277
238
-627
326
-122
39
-45
291
259
-55
94
-355
100
-68
-119
-125
-190
128
328
260
159
-337
130
-32
-197
45
149
14
-229
-97
-112
-44
118
131
66
-61
-49
-21
-14
67
107
149
160
20
247
115
-8
-115
-225
187
-223
138
-31
34
226
-116
-141
260
-197
-417
208
121
-106
10
32
115
-10
-29
140
150
147
-27
-310
246
-233
40
-50
13
124
-204
48
-417
-87
49
122
-166
-111
153
84
262
-362
-66
-94
250
-88
122
312
-380
403
-199
167
363
-54
-164
115
134
-109
8
43
532
-85
-360
-47
128
56
97
-201
-355
67
143
-172
258
-193
-167
60
-226
-532
-428
140
63
84
-6
-9
-42
-328
-29
112
334
-75
-15
356
76
-151
-124
-18
-56
-287
-154
59
130
-27
-289
452
-166
-298
-74
564
94
179
212
-150
197
37
-51
-94
98
25
105
241
-31
42
-38
89
-120
155
2
-127
-102
368
87
145
31
59
246
166
61
-172
-132
91
131
642
56
92
137
288
174
-169
288
128
-412
-229
51
-133
31
341
-82
-121
-331
47
-32
-22
238
-35
-162
-92
57
-7
30
-259
-136
-117
96
-285
-310
295
-70
-3
-100
-164
-508
328
-336
-111
-62
370
-202
-220
-207
-12
274
41
-554
126
304
153
-290
-126
314
-192
-78
209
300
669
-207
-186
72
-56
-179
62
-151
-11
304
231
534
15
-188
160
-239
-179
211
206
80
134
9
-457
-219
-214
173
-133
-108
1
48
-138
-54
132
-248
51
-115
3
121
96
406
-418
359
74
130
-199
-327
80
221
-28
-399
38
88
201
49
-84
-252
150
176
-133
269
-73
395
38
-23
126
-313
126
143
122
-186
-169
-71
56
258
-65
-52
-85
166
83
197
-183
-163
144
84
111
117
-3
-91
138
-166
25
106
-67
205
323
231
98
297
225
137
14
31
127
-183
-47
25
-119
-154
-148
-158
-47
-353
-160
171
34
-21
-17
158
233
163
342
-180
328
-467
-319
39
-138
255
60
203
59
-348
75
-82
-196
97
202
-104
-283
-30
-120
58
-190
161
277
-52
-28
56
-134
-176
-320
-274
-277
-32
-155
-149
68
33
64
-72
91
-21
-51
-18
-48
80
448
-209
-179
42
576
-68
29
-251
-83
77
-83
148
-390
9
265
8
-115
108
-230
29
-57
112
257
237
-199
-26
299
173
104
65
-55
-350
-129
210
131
273
63
-135
106
-395
348
-93
-307
192
94
-7
226
-90
253
109
-145
-81
-65
-99
74
-382
-148
170
-308
-59
-258
-25
-191
-48
62
-123
-7
226
298
-282
170
153
198
-91
-155
232
-385
-82
-68
197
-421
150
-351
-139
-200
38
249
179
81
165
139
214
6
171
-186
-148
-115
-163
130
-222
80
25
89
-31
132
-57
-127
-278
-6
195
-80
183
-263
47
-426
111
92
37
-62
70
359
125
61
-60
47
-114
51
358
10
-104
10
-179
-32
396
-117
-313
341
-235
-105
10
-105
-204
23
-190
383
344
80
-161
284
74
-385
-12
-174
17
79
112
-89
-18
-229
190
98
4
-28
-194
-325
-240
130
-15
-189
149
68
-117
212
373
-196
181
157
-328
47
-133
58
0
125
-455
393
-207
133
-181
-347
-22
409
225
552
-85
-217
-191
75
220
-461
-12
369
93
-183
98
-96
-336
125
-10
73
38
44
81
244
-522
305
-106
68
126
246
137
-287
-376
171
-127
480
-11
-79
151
97
-103
-30
-110
85
-69
-42
-223
-151
-46
-353
254
69
42
82
-168
-20
342
-231
-24
78
-167
-235
-166
49
185
-15
244
-63
143
366
-122
160
-193
-765
261
-145
85
-60
-158
-457
-145
-171
38
59
-266
118
-12
-294
27
13
175
339
165
142
-48
-67
296
-192
161
-82
-237
-193
-285
-269
-237
20
-29
-38
-45
-142
2
-158
236
-15
-119
-316
-85
-92
-50
-174
-3
-75
264
166
58
-507
-287
108
-119
90
114
-42
58
90
-390
357
-77
-330
-55
-18
-171
128
-144
135
259
101
-257
93
-46
107
-71
154
-171
-101
-136
-78
258
120
-39
-202
-52
49
-152
255
-535
78
110
85
-113
-129
303
-270
-210
69
87
196
197
238
-99
237
122
-108
105
66
-251
-95
-97
21
231
-340
261
7
-87
333
59
120
-145
10
-169
-239
-97
241
-80
75
-146
-82
-75
-242
-228
35
173
169
-377
71
36
-646
176
20
-128
-49
313
-55
74
200
145
-293
103
17
325
239
228
30
47
-152
102
-4
2
-78
-432
-166
148
-308
-110
-5
198
-233
48
119
-294
-586
90
12
108
-74
69
-396
217
127
-70
76
36
7
-3
399
149
-253
-200
-200
-45
41
-367
-206
8
218
303
-140
-84
28
-12
3
200
185
5
-1
-142
75
-66
-218
-195
46
160
-33
164
-184
74
-450
-86
296
-86
-62
-67
135
229
-369
10
465
24
388
-8
-80
-69
254
-210
-425
-97
-326
-61
91
277
259
-64
162
-168
140
294
-397
-39
-87
43
-9
-369
344
-48
-192
266
4
101
-157
-48
182
387
-99
-140
-41
-84
281
28
405
-163
152
-158
224
-278
-13
75
-207
-19
16
-119
66
-43
227
-345
88
266
418
158
59
69
-127
-518
118
-237
107
-43
62
66
141
425
75
-295
-219
29
363
-146
201
-162
203
-93
-297
-8
-32
121
137
74
264
-551
-17
348
-19
39
322
30
-109
114
306
-120
115
439
46
-331
163
-18
-37
324
-47
58
-270
-275
114
130
-78
-209
174
-195
-138
143
8
-152
-22
201
-432
74
-25
70
121
-370
196
4
92
290
-396
-183
54
241
-102
-130
23
-96
265
-154
274
-23
-227
-233
111
33
-137
512
201
36
260
236
-141
110
22
141
279
-132
-236
-278
275
157
277
7
-10
-205
55
-103
69
-5
88
51
220
120
-144
51
-263
-62
-271
-150
-2
-7
-317
269
-30
-48
50
16
270
175
-77
-135
223
298
-160
-16
-57
93
-376
-45
-123
249
-45
28
-193
290
-19
-258
100
348
201
-110
41
-223
-120
470
123
-274
-16
-241
-67
-434
-97
-331
-246
-185
-289
-116
-11
147
30
-58
350
-216
39
-139
67
-104
123
-13
117
-82
48
-49
288
-71
92
-134
-75
-139
88
-75
-102
-144
-129
-180
29
-276
-176
304
16
118
303
-38
145
-192
-9
-130
40
254
-241
189
-80
-259
29
106
380
130
62
-49
-372
-171
233
-103
304
-164
-255
49
1
-99
-286
11
-84
-199
-211
-23
-121
96
-25
158
69
206
130
-11
262
-89
-174
239
-129
-51
-150
325
-65
236
-96
-188
-153
57
159
25
-253
-42
236
42
114
-157
113
469
242
115
57
-82
-68
-162
231
123
-50
300
-72
-2
-142
67
-329
-85
141
189
28
183
-108
196
46
46
-185
260
-258
182
245
58
-72
230
-122
34
-229
41
14
288
-205
145
-182
25
-135
-7
84
-283
191
-338
-181
9
-166
27
-167
362
217
-218
92
-40
-272
17
337
-17
327
37
-473
10
169
-165
23
167
-403
-248
-8
-87
-116
108
290
-71
269
-111
-62
-246
89
-304
-213
47
-124
325
-88
242
5
175
-7
338
-126
100
-212
-205
173
-266
-114
-66
143
250
29
141
-187
66
485
225
58
-320
-131
68
108
250
131
-2
-24
-73
-116
-100
-89
372
-45
-52
137
-275
176
-9
-3
18
-292
128
218
173
-20
-14
174
77
153
420
-253
-22
-334
317
-277
-287
-356
317
-280
16
145
109
-38
-50
386
-342
-1
-30
289
-54
-258
20
140
-162
-275
-259
248
-4
14
86
259
146
-48
48
93
-179
40
-185
170
-117
178
-118
-22
293
52
116
-85
77
146
513
-36
24
-124
-121
194
-420
37
-67
217
-206
-46
129
-59
160
112
-39
190
236
86
-75
-279
254
-129
-156
89
187
331
-337
367
-193
-198
-312
180
-291
-59
100
-149
-257
-64
44
252
128
-1
33
-109
-36
-223
107
264
-310
-248
-259
252
166
22
327
148
195
-104
-50
372
-326
377
22
128
-64
319
10
-33
237
46
81
47
-314
-317
103
264
-181
88
-350
16
-31
414
-96
69
-99
196
-17
-186
233
-180
125
278
-81
-247
80
83
-280
-265
436
98
304
-407
-223
-144
46
82
491
526
114
-165
-37
-248
-201
-344
-79
-181
97
271
-268
-150
-33
71
-83
211
325
-243
156
-371
134
302
24
199
-219
43
26
-42
340
112
-75
-173
-28
32
262
-401
7
-238
211
191
-260
179
267
111
-185
-255
-355
-301
-99
-65
-119
-209
-180
-338
-150
-232
-112
19
-136
371
-99
103
-317
0
72
-80
94
248
69
48
379
173
-7
44
82
-38
-348
-90
11
18
-71
-131
-278
55
312
151
-3
-40
47
526
-139
228
-150
-62
118
282
-433
90
-152
-166
-65
155
99
-73
121
266
84
-32
623
101
108
56
226
97
-174
-261
-209
137
37
-101
8
-43
-42
180
-329
151
114
-170
191
-459
92
17
58
296
-304
-311
-35
51
-156
-44
75
-323
144
74
-108
53
121
-87
-155
-296
-163
256
27
284
-8
-109
-243
275
-182
32
-357
93
34
-191
46
77
-213
-46
209
-120
-138
55
44
78
76
24
-169
-10
-101
4
-117
146
-101
242
49
-69
-115
-233
-79
225
-54
-84
77
-152
-65
-260
50
-54
-243
-228
195
-299
235
-264
93
-174
-447
-102
22
-27
71
-301
-419
-217
-154
-168
-153
-39
-355
307
234
130
-327
99
48
174
-260
79
-48
56
1
-267
-92
-72
-222
-356
66
83
-3
234
-193
-134
433
-85
-171
96
-121
-236
-294
-102
144
-401
344
410
71
72
-303
213
-75
81
-124
26
-158
-93
-320
-249
-204
26
-9
-7
17
159
-89
-149
146
-258
-175
-194
-387
-279
125
-79
-393
-5
172
-33
-247
-267
-75
158
65
-101
-94
-99
310
9
-365
19
495
-73
-136
247
-7
228
49
82
-234
26
86
-138
-104
-54
-273
-178
-11
101
21
77
-319
-371
-45
-90
-142
-198
54
35
-102
-68
-111
-214
107
-221
50
39
-68
-60
199
247
68
376
43
15
-196
151
41
65
165
-125
-340
-216
-91
388
-98
98
300
285
72
397
74
59
-187
339
47
-36
28
95
206
-125
-44
175
-14
-144
177
16
-56
-104
-245
28
-82
115
286
158
-274
-219
191
267
259
-142
232
348
-71
30
-195
-265
-56
-53
-104
-54
-294
52
-87
-459
-463
-322
83
-314
-373
-414
-42
61
-120
-184
144
-246
-435
-56
139
17
-68
272
-288
86
-138
356
-51
294
-18
-244
-64
84
70
179
-175
183
501
-152
-148
-98
299
-379
-55
134
-610
-138
-177
408
-18
158
56
-46
219
184
-84
317
-60
57
173
461
-47
55
-286
-9
494
-122
21
331
-131
386
-237
255
-35
-116
349
-43
113
-75
33
153
32
-126
-1
-302
217
106
-244
-44
277
61
-500
-275
-251
-558
18
32
195
10
128
-26
335
-1
-471
4
72
128
288
-275
-62
272
118
148
11
-53
129
-188
-144
-96
257
-349
-330
-20
298
60
125
356
403
230
167
326
-35
171
-264
513
58
14
-27
273
-235
116
-39
-237
432
22
58
-58
-27
50
-58
-96
-102
-55
63
57
447
57
63
-187
153
-61
-195
-77
-173
-89
120
-139
-202
-36
138
-9
-137
113
267
95
17
98
-119
-154
187
287
-153
-37
333
43
13
-339
441
412
-479
-487
-58
61
-64
-21
-293
-538
-136
-209
-272
-437
52
-246
-32
66
127
-187
271
75
-67
-348
-35
290
-150
61
-87
-333
69
-54
133
54
-4
-154
78
-122
-103
88
335
140
58
-79
214
-162
-76
-189
-308
-40
41
-67
226
246
-1
43
-54
22
30
105
-69
-239
56
-27
247
43
366
-51
-213
222
144
77
290
-193
-108
43
-420
-72
-26
22
-74
74
6
-147
-163
-363
438
70
108
-355
101
-3
-194
236
246
86
177
-105
196
-43
-174
62
-236
-73
-67
201
118
-148
-2
72
118
182
-488
152
146
-184
168
375
220
-227
-230
-22
-26
-109
-224
-238
-22
-182
126
143
-99
213
-174
-107
-228
111
-107
-96
-25
114
15
103
-149
36
139
-142
32
303
-116
-337
118
-57
126
-114
51
160
-76
71
-36
-119
-12
-159
94
-33
-119
-16
162
-236
121
105
-262
205
313
40
116
102
179
-30
275
-122
163
-272
-45
450
143
143
-125
-318
-111
251
-129
-322
-134
127
-72
380
337
57
82
19
-8
-237
187
27
-6
218
-217
-341
-86
-35
188
129
142
318
-94
-279
-228
-69
-353
-14
138
-54
-113
-26
-232
-305
-45
61
25
-26
-407
-178
73
73
-77
14
-29
-152
-241
337
12
-248
-349
273
-176
200
69
-49
28
26
-321
121
-36
-93
-107
-89
-260
57
88
-6
-367
351
71
224
-237
259
-191
296
-280
14
82
176
10
-281
-45
78
2
-207
-210
-106
-134
190
-196
228
29
-43
-143
42
-70
174
-302
-125
-171
-256
-112
216
-165
321
-103
-83
166
122
-7
-272
249
-100
277
-138
94
200
-59
-363
-276
43
-78
194
204
-25
-63
249
-172
108
-96
62
339
445
174
205
10
-150
-88
-284
146
159
-221
-319
31
-273
93
340
-110
251
-167
-76
-98
294
143
217
95
-139
-3
15
220
-46
239
-52
-108
142
-278
309
68
164
209
-34
257
-281
172
59
-230
-73
-229
-89
210
429
-190
-104
-180
52
-265
-286
22
59
134
159
-36
341
113
178
113
5
-137
-125
-151
-331
241
109
105
-361
49
182
138
246
-165
118
-154
71
-234
127
-278
-204
-4
114
38
-60
-473
96
293
-16
140
83
-21
75
134
16
50
103
240
-352
87
-6
160
-62
-166
184
308
227
-106
56
435
-392
54
-27
131
253
182
-130
198
-523
-190
-89
-12
-50
-14
-7
211
197
72
66
-119
-244
230
471
199
67
-259
-284
30
-54
-37
216
-142
-15
-205
-177
-258
-29
-4
-124
-47
83
-90
0
-229
-69
-126
-18
18
54
-382
283
-73
-26
88
33
19
262
139
85
-199
-118
168
-90
-141
-192
251
539
21
-72
544
-174
207
263
-18
4
376
52
130
-210
422
201
280
-237
-43
-192
-142
198
-218
-240
-38
193
-240
-169
-135
-67
8
187
-143
254
231
-37
-353
263
224
56
-215
216
-117
339
716
18
-344
128
-56
118
-142
-425
-70
71
102
-47
-93
83
-39
245
-128
-194
335
110
-22
-163
-127
97
230
26
-291
-73
5
-402
-137
232
-54
-233
341
-108
-116
338
227
43
147
-28
202
-157
11
151
-202
15
237
-3
109
-260
-62
119
-69
-129
149
-52
-243
55
-54
217
346
166
243
-172
-150
175
84
339
-178
-231
257
124
-8
170
487
77
-392
10
-100
52
223
-380
-86
46
188
-219
-55
-7
-627
349
-56
81
-76
-79
-119
-478
-57
-156
-403
142
-23
-27
130
-213
-408
-82
148
84
70
-180
-43
-12
145
-94
-90
307
111
41
102
-11
57
-276
55
-135
299
-319
116
-77
-177
232
147
42
294
291
485
-423
288
115
-232
166
-112
-278
-47
11
-67
48
-11
-44
77
36
274
-57
-153
258
-172
-83
4
246
117
-184
32
44
256
-148
76
172
-290
56
-479
-32
-181
-119
212
175
91
-133
-228
8
-49
56
199
70
-30
-28
-233
106
-61
41
-93
-425
107
98
66
211
151
19
34
9
-113
-190
55
-84
-27
98
224
94
80
-80
18
225
149
114
152
-16
58
-155
102
70
-59
92
-153
-96
48
127
-176
-30
-17
132
-3
32
-299
128
-277
-171
186
417
-142
119
232
-101
142
483
82
134
133
-281
-155
38
108
17
-206
-134
-141
-88
75
-10
97
-116
-297
-303
-320
-40
117
400
-45
-177
-284
87
-465
82
206
41
40
-155
180
242
86
-63
-70
-201
-163
58
45
61
74
119
-50
-50
12
171
83
-42
-383
-209
12
142
-10
-359
-79
306
401
-152
70
19
-222
-36
298
-242
-246
291
51
-185
-72
104
244
195
-89
-184
-120
-206
387
22
224
10
92
8
80
135
242
62
187
125
101
-98
209
-247
-66
-247
-80
-61
-135
-89
-111
180
138
-31
32
127
-271
48
-243
-351
211
248
219
-34
170
439
87
-149
71
-178
123
66
241
-112
-83
136
-169
-188
116
-143
21
109
62
32
127
-355
99
-78
87
-85
56
-66
442
51
-277
251
-126
-432
246
-79
-16
-40
28
-475
410
9
-229
-135
-6
91
-119
-163
135
-148
-37
-99
120
-228
-170
85
-212
-40
233
-34
-51
-37
-138
405
42
159
-241
-189
-150
369
-324
-2
-157
-106
-134
157
53
263
-70
-155
-230
34
-127
138
5
-68
-63
32
-41
-141
-31
-172
217
74
-1
-220
-139
68
259
-140
161
179
402
94
-125
244
-43
285
-252
127
-101
-367
235
162
-269
-190
122
228
393
-7
111
445
24
-343
183
240
-274
-185
278
-53
30
-283
120
221
272
148
-198
-405
-215
-200
335
497
189
489
197
169
68
-251
148
239
172
288
134
-310
182
130
-120
-17
-309
135
149
-109
125
-13
215
-231
-25
-12
-196
-42
175
-22
306
-602
-229
-223
-336
-23
-219
144
-36
-498
437
362
-117
-64
121
132
53
-108
57
161
116
56
121
412
102
215
25
34
15
-178
264
65
36
-131
-195
-67
11
107
107
11
413
208
241
-341
80
-109
204
-300
-348
-19
-269
85
-21
-145
167
158
-193
-156
246
106
44
-173
-147
-19
-128
-15
127
-120
-196
109
37
-25
-411
-161
-13
100
-108
183
141
159
-81
383
298
297
124
74
452
207
94
-54
44
-40
302
-132
-40
-22
45
48
-32
-99
-133
231
-145
57
-111
77
387
60
-205
-16
67
28
221
-28
-284
225
295
287
88
88
-13
66
81
325
249
262
-25
8
-233
185
234
-247
-155
-76
224
28
359
-48
214
-148
5
182
-103
288
62
-56
-73
-375
203
249
123
182
-27
203
71
10
68
75
-178
314
-141
-99
201
-103
49
229
-132
-188
89
-72
324
-475
-214
119
-423
-8
101
294
157
10
5
127
-241
42
-123
-223
66
92
-54
16
180
-79
19
-400
264
-149
-270
-333
173
-211
-60
131
-196
341
104
176
140
-213
-116
165
77
168
-13
-99
77
-151
-301
155
-162
313
124
78
266
84
-307
-173
133
130
64
258
-68
-233
-409
-299
-222
-188
-35
61
-304
-79
24
-133
169
-321
503
-76
-38
-152
185
-234
-120
52
-14
-291
-256
237
-200
-39
-138
41
-283
-133
-106
-75
94
278
164
-385
17
104
-262
115
316
138
198
-222
-57
-15
555
126
134
-38
126
-225
118
-97
-43
-16
4
-156
-23
-96
-98
164
238
175
-149
139
405
186
-144
-124
-76
201
63
74
13
-88
62
-168
-93
-262
-163
-65
-40
-92
-157
-518
31
-130
289
-327
55
277
-174
-37
-214
-51
-227
229
-38
333
20
-339
-250
-279
229
36
33
117
-151
245
-166
-188
-110
-102
-128
115
-302
20
-134
-424
-16
133
206
-83
97
-51
-150
-211
-251
91
-191
272
-39
227
318
-176
-237
63
186
151
261
455
197
99
-97
49
-285
-235
84
-71
46
-302
80
-193
29
-40
198
-240
243
-64
-79
382
2
-308
655
193
185
22
-33
66
-3
-56
132
-118
-550
-295
100
-37
-50
-114
-187
-75
-218
-301
209
-4
-471
-134
-49
17
36
170
-266
-243
-19
107
-48
-229
-247
-290
-106
152
215
58
-334
50
84
298
142
299
116
-236
-171
-37
174
-343
99
167
50
-89
-238
139
-121
297
-138
103
-85
85
-84
172
242
-435
30
65
100
251
-148
48
-37
8
51
-270
-77
6
117
298
-13
-48
185
-324
414
4
305
148
-286
-18
-102
-43
-192
-212
-182
294
-57
32
-180
154
174
-43
89
255
148
339
-241
-330
160
-22
-383
45
-58
-29
117
38
-153
53
162
58
55
-165
154
-149
-181
527
199
-76
-177
-413
215
327
-170
-9
70
2
-257
170
-223
166
-43
-197
-250
134
20
316
220
417
-64
216
-26
27
395
275
87
-69
148
392
-37
-4
-478
146
335
-378
-310
1
204
-247
204
-215
228
54
151
325
-56
-173
-30
-44
41
71
-31
110
120
137
-89
109
25
-56
82
172
264
195
18
196
-193
-219
186
-74
340
23
-400
82
29
192
340
108
184
209
-283
-81
26
-19
261
-177
-85
-283
106
177
-35
-537
-161
-227
484
-155
227
-92
-189
-179
-122
-104
214
-177
2
75
112
-4
185
-325
-81
-66
-32
64
192
-57
384
-333
244
-190
-94
-120
329
114
131
-138
-134
-252
-119
-160
-2
-10
-163
-55
305
-68
-372
247
-181
-325
-185
-48
101
-11
-116
-31
-128
262
294
87
-91
-348
-21
-115
-80
-331
-130
-116
341
68
152
-37
264
-220
-281
-179
104
-248
161
32
-188
-195
-28
74
280
296
64
-5
-176
-51
-503
-60
-353
11
-72
285
-148
160
-167
90
-234
-227
-180
-142
-5
83
184
231
265
-111
279
-116
251
-32
-348
-219
387
3
-271
93
-11
-100
-89
227
-295
42
-105
-375
164
149
-7
238
23
131
-61
249
-79
147
-31
-205
-219
181
-248
-151
-8
-243
171
-34
-386
51
261
-276
-84
242
119
96
387
-205
131
-188
120
-376
-240
-405
438
-34
109
452
178
14
94
-8
-148
-194
1
-67
-26
-126
-93
95
-262
132
239
-70
-301
-29
88
182
-51
32
-65
220
-47
-218
-399
-189
-61
15
-101
-96
206
113
-52
150
378
-238
-307
-102
-26
75
70
439
-16
112
-52
-207
302
44
59
18
147
257
118
-218
384
-96
72
150
-19
88
-185
-205
164
-33
225
212
104
-40
44
-275
154
31
-543
-115
62
-275
219
-95
247
-113
-55
137
-552
-100
-145
287
102
274
-37
44
100
-69
277
-470
151
-64
234
-188
48
-58
149
240
115
-416
76
-50
89
-223
29
-125
136
-153
-176
-229
81
161
-191
-348
305
-100
-283
-176
262
30
-125
-138
302
192
-239
187
84
-95
-68
-87
227
171
-37
21
275
32
-123
599
-107
-122
-90
-80
77
-30
168
148
52
-212
-306
294
-167
-330
280
-401
-114
-7
240
-351
153
-239
302
76
-80
-123
-140
83
19
-156
89
103
14
116
-189
221
-28
-447
-14
165
81
-363
-146
-43
194
-420
262
430
218
-12
120
-27
134
314
131
65
118
-52
8
204
-147
-245
-125
-103
157
34
-363
220
-109
92
6
85
-86
-262
-67
73
169
193
-281
156
-265
-218
477
216
-10
-114
-466
24
-87
98
269
-170
-126
59
33
-507
-246
136
-32
323
-189
-395
142
-185
-336
27
-109
345
215
25
-413
-347
4
-1
-31
45
284
59
99
-267
145
72
-121
-15
-275
68
-121
19
-294
189
127
116
-274
-148
445
-189
-225
0
-57
250
-95
50
213
30
188
124
176
-220
-131
153
133
12
17
229
242
37
333
363
38
166
-8
118
28
267
76
-10
380
-313
239
293
-40
537
-221
267
169
8
-335
47
93
-124
-160
78
-119
286
240
-124
173
132
-234
171
2
52
275
-44
-344
-86
-105
47
-343
-346
31
-235
-214
105
521
62
-38
-74
90
264
-480
298
-22
-267
-256
111
286
-25
-4
-80
-26
-456
-146
-139
21
316
111
233
110
-114
-71
129
-159
-108
103
-35
13
35
-491
-58
-261
282
154
223
-197
-88
-81
-238
38
-107
197
-96
-143
-165
79
326
46
126
-5
241
-211
62
154
-186
80
462
-277
-115
-81
82
-201
120
363
-145
-225
235
119
206
-46
174
247
-202
197
-115
157
50
-206
0
-11
427
20
-166
-260
-185
-123
-326
133
101
-78
-149
-186
-194
-42
8
-194
-124
-116
417
-57
360
-320
246
83
-6
-139
3
83
355
-78
-301
-248
127
-47
-142
164
105
-243
-385
84
46
-246
55
43
204
-156
-81
313
-119
-262
-43
-112
272
94
-57
114
69
18
-93
-64
-45
-223
76
-23
-3
128
-60
-61
-107
21
-3
111
185
-45
147
-36
-90
-137
-146
-116
192
101
-199
162
-163
-32
-176
7
113
150
77
-25
41
318
49
204
-182
-41
70
131
-193
89
-4
212
-122
-228
-211
-175
-196
-180
-100
166
248
-121
187
-16
83
-520
421
79
-158
-298
-128
223
-304
129
217
-276
-48
-40
73
-278
122
78
103
21
-265
-11
-67
-213
-429
116
-123
61
101
127
-132
62
-86
66
-146
-104
-265
232
27
74
216
227
431
-162
-135
18
124
-330
183
-17
283
-95
-195
88
99
-198
402
87
57
174
-191
100
-62
-78
178
205
239
-19
-191
-91
-166
-279
505
64
133
59
-132
90
-110
-21
-116
-398
187
312
87
-389
186
175
-198
-178
178
192
31
371
-69
-96
-206
-44
-1
220
397
7
99
-182
-228
-63
-22
38
164
-361
-360
-170
-259
-93
-44
-164
-164
-391
-191
-52
-75
-73
-67
222
-96
-279
-362
-110
13
325
-136
226
375
243
-91
-342
11
-163
-1
-330
41
134
-227
69
4
-241
619
-148
-123
15
121
38
624
228
-281
-73
-90
-50
-273
-306
-213
78
-1
16
-55
-339
91
-287
-18
46
102
-528
107
-288
157
-79
184
9
105
-167
-42
24
-139
84
-95
51
221
-64
140
-108
-42
-134
350
-159
-184
-300
376
249
-45
333
-96
385
-146
153
-300
-147
97
-44
-32
89
40
-91
325
-226
-88
-425
-7
325
139
68
1
-71
-21
186
-211
520
-123
-119
173
190
193
-67
231
46
-88
122
-173
292
232
173
-389
11
-305
-218
372
-55
-182
-49
4
-148
221
111
-446
-30
-9
230
-35
157
-231
47
59
141
223
-285
-86
-388
37
33
-103
167
-49
105
118
-75
127
38
-63
-214
89
-174
126
127
-65
124
-18
178
-209
-3
-146
237
-450
-55
-262
263
-74
-182
60
31
-264
212
-295
-207
-170
-61
-327
233
350
81
-331
-238
392
119
-214
121
-121
19
-121
-6
-108
23
-271
20
-439
69
447
-112
-3
240
-152
147
66
-226
-186
-19
-429
-328
-36
-155
-272
-236
-90
-20
452
233
266
-36
199
249
3
472
5
116
-7
-17
56
-219
255
-12
191
44
131
-315
56
-104
-40
-334
219
-280
86
-143
-141
-257
226
195
-140
248
20
83
-295
-105
124
-311
49
155
-206
-47
-156
105
-641
-28
16
-185
247
138
249
227
-209
11
101
-194
-287
221
178
-155
-100
131
-387
-35
-142
100
-239
60
106
-170
-246
-99
-94
68
6
165
236
7
90
166
-281
184
-6
252
-167
-178
-249
-147
-187
-337
-156
25
-121
174
-435
-43
-1
193
24
150
-60
97
-173
169
-255
77
-226
-259
-198
-148
-116
332
-49
56
163
358
-312
464
182
318
223
-151
199
70
154
-175
49
-70
-6
284
270
-48
76
-169
202
-1
221
-138
-312
9
38
-90
199
-68
-292
-48
195
37
132
31
-62
-238
-309
111
146
229
339
139
0
-79
-67
-279
-2
-330
-142
-45
-250
-276
158
-179
-260
150
171
-336
-157
-107
7
-176
180
-15
14
125
-78
198
0
-4
-44
108
319
-6
-69
69
39
-172
-85
-32
65
-56
-103
-564
268
132
235
-53
107
-394
113
-84
-89
-90
-188
103
-115
6
117
343
5
68
-153
448
143
204
-153
277
-521
140
-31
388
-203
-130
-260
-186
75
-259
465
-309
157
-29
-520
-11
-202
-183
-11
-113
178
-133
189
33
424
65
-150
67
163
116
50
98
-67
71
263
-204
-81
-23
284
308
238
248
130
-387
57
-386
-214
-63
128
-332
-147
154
-158
-61
151
99
-339
-34
-116
-5
-10
104
-16
300
197
-29
271
-149
-280
-50
-110
55
-72
-206
-105
-18
327
69
163
249
55
-208
-141
56
122
38
283
98
245
-95
-5
88
190
-119
44
-142
-8
-453
-76
-18
-157
-49
54
355
-64
92
-90
107
-10
-3
100
202
-39
-507
-78
170
175
351
-215
75
80
202
91
45
-234
56
-211
256
-446
-88
-203
254
48
-1
-25
-204
4
11
-203
169
-168
-83
296
-120
0
58
285
-126
-258
85
-60
-112
88
168
164
-102
-174
142
16
249
-269
431
121
-102
-86
349
264
447
223
-45
-81
-124
-290
-145
-159
-140
57
-11
-484
201
52
128
19
-280
-82
-119
131
-424
300
-57
-74
-56
168
-23
-252
-187
364
111
-193
267
121
-197
210
-270
241
-159
328
46
34
-23
-182
189
23
50
260
128
281
-278
35
30
292
116
195
-63
-243
-133
50
36
367
63
44
-112
-62
-97
-309
139
-22
276
405
52
-1
-140
-27
167
-485
-217
-24
-56
411
217
-167
143
-282
-282
95
-144
-68
-353
39
-150
-50
60
-10
195
77
-122
-184
73
82
-131
175
212
-11
31
313
-64
-159
95
-46
335
-269
-24
-369
170
165
-8
-233
32
-93
34
-256
152
-383
135
240
-389
43
264
-74
31
28
-243
75
55
39
-55
-382
-65
-2
153
-278
-50
-44
-199
-262
426
93
-274
88
-76
376
-335
111
-67
208
136
-141
-83
-19
-17
328
133
61
-81
-27
39
-173
-293
285
-204
180
-185
-48
-286
-4
364
372
15
15
230
100
19
-24
-130
-107
70
207
-229
37
-167
-25
81
177
-35
181
-114
129
239
124
102
-306
116
161
-82
-66
-55
-154
282
-58
-100
-25
-171
146
-354
262
58
-63
-6
-241
-12
-167
-216
94
-15
-59
27
35
308
281
-96
82
89
269
222
69
96
276
243
93
30
128
251
-39
175
-64
-181
-194
62
16
-316
-263
-348
291
3
377
-129
-130
43
143
224
-23
-245
-579
-110
-38
-76
-216
-41
1
-332
39
207
141
82
-59
91
77
16
-63
395
218
-30
-191
-142
-283
-60
-112
-207
-132
21
-419
168
103
224
82
-433
53
95
17
-128
207
181
-17
-272
220
58
-356
-159
190
-9
248
196
196
24
-505
-56
-250
-4
-165
146
-427
-161
334
-94
130
-269
115
-152
181
221
-13
-11
-183
134
124
-37
-175
73
-252
-418
-246
-99
71
-244
-1
-113
-91
198
-156
-539
-127
-488
-92
-62
-176
291
-41
-87
-85
113
216
25
-197
127
209
-154
-49
388
424
212
124
196
-54
28
-311
18
-178
103
-281
305
177
265
142
42
319
-40
180
26
-53
135
-260
-91
90
39
-241
-170
-101
-107
-419
-17
99
203
-125
95
44
188
-65
173
45
15
-19
-29
-2
59
-25
-2
-122
7
-209
19
300
-328
-431
-85
-501
90
82
253
-480
21
-132
144
274
17
-58
-177
199
2
-214
-126
-100
-290
106
-142
205
89
-175
-244
371
48
-8
68
96
-113
99
157
-108
317
259
-32
-138
-142
-54
-47
114
-277
248
-5
-70
-139
-291
585
-100
189
-154
36
34
126
177
-83
67
-181
190
-45
453
-182
37
-177
-73
204
122
-139
-126
-37
169
-179
-259
-241
41
-21
-168
11
-310
82
52
-731
-106
143
136
47
313
11
105
-170
250
141
-166
82
150
-165
83
105
87
-13
-228
-330
-215
-86
147
34
47
121
-125
121
176
166
59
244
31
50
-237
73
-235
46
342
-65
-29
374
-77
-331
177
99
-94
-27
-139
118
231
0
-285
87
-118
435
-214
66
246
-48
280
120
-153
-161
-38
-203
82
101
-203
310
-48
253
10
-339
283
93
-190
110
126
145
82
-196
267
90
22
-116
-86
114
-351
50
300
104
317
-129
93
-102
-96
-322
70
177
20
-585
-73
99
75
188
-2
361
158
95
95
-303
-205
-145
104
-80
-143
99
109
61
321
-167
321
-77
27
301
433
326
-46
165
296
24
18
254
-258
-63
-53
-414
15
-273
-265
-10
-137
-139
75
-107
316
37
374
-53
-254
120
58
63
-137
40
33
13
38
-374
46
73
296
-219
87
94
203
-322
-23
-363
77
680
-202
105
15
-245
-397
-114
52
-204
184
-166
147
59
22
102
302
-104
73
259
75
-228
-290
572
-306
353
-81
-6
-93
-216
-18
-18
60
-44
231
135
-246
355
463
302
-52
-295
-173
-352
202
-290
193
195
-130
37
-50
-40
304
-207
548
157
78
48
-126
-398
12
-109
-40
-283
407
220
54
-253
-224
352
58
159
190
-126
-228
-68
30
305
-67
-32
-361
-265
-200
-265
44
14
118
79
-16
-142
-285
-366
110
82
12
152
-102
34
-111
52
-33
-123
136
256
2
47
-240
250
97
207
206
177
-49
25
-148
85
-123
417
50
283
135
-10
-210
-207
-215
-286
156
-217
179
-219
27
106
172
-57
-38
-321
333
-95
375
-285
195
203
-194
67
192
39
-369
214
-182
78
-460
-24
144
445
96
-39
-92
224
181
204
-94
-237
-87
50
-131
121
209
-164
236
123
-13
176
-135
132
-26
-16
-89
-75
108
-25
-6
-88
-264
208
-248
-370
162
-111
2
279
129
-211
165
98
-314
30
394
-105
175
230
-283
182
76
-39
260
99
-72
53
155
37
196
62
-15
-169
503
104
252
-199
141
220
-108
120
178
180
-205
170
0
137
363
233
9
129
-148
-420
-7
-10
120
-163
6
-37
-276
-136
24
-27
-302
-220
200
3
335
-44
262
50
154
-264
-32
-169
-94
-7
124
-319
-23
169
118
99
97
-130
-228
192
21
-222
-177
203
-28
-70
-11
307
-277
-48
65
-66
-80
28
55
150
-12
-50
-323
140
55
288
83
-169
317
-183
-231
275
-237
-277
234
221
-35
347
-60
121
-96
