13 76 36
0 0
0 1
0 3
0 4
0 6
0 10
0 12
1 0
1 1
1 8
1 12
2 0
2 2
2 3
2 4
2 6
2 8
2 11
3 0
3 2
3 5
3 10
3 11
4 2
4 4
4 6
4 7
4 11
4 12
5 3
5 4
5 6
5 7
5 8
5 9
5 10
5 12
6 1
6 2
6 5
6 10
7 2
7 3
7 5
7 6
7 7
7 12
8 4
8 7
8 8
8 9
8 10
8 11
9 1
9 2
9 7
9 9
9 10
9 12
10 2
10 3
10 4
10 6
10 7
10 10
10 11
10 12
11 0
11 1
11 4
11 8
11 9
12 1
12 2
12 7
12 8
10
45
72
4
44
19
14
40
1
31
38
13
58
73
33
41
22
15
34
29
2
65
27
35
30
39
24
23
64
54
55
36
26
17
37
59
47
74
51
9
20
49
8
61
21
3
16
62
12
66
6
57
28
18
67
56
69
75
52
25
50
70
63
42
43
71
48
0
7
53
46
60
32
11
5
68
-10
-38
80
8
68
2
42
-8
-90
-98
-32
-37
-83
-8
5
8
-5
37
-52
19
-1
-42
21
47
46
57
-31
-9
14
-4
-12
-1
19
-1
-53
-34
11
-24
3
-33
24
22
-84
-84
-73
40
-10
-10
9
18
-6
13
43
9
-31
0
51
83
10
-31
-48
-10
47
3
42
37
19
79
46
51
-35
-26
11
-53
-27
-51
25
15
-47
-13
-58
-48
-86
49
-19
7
4
37
-3
4
-52
-51
31
39
31
26
-18
-44
-17
11
22
4
-53
-37
20
53
-21
12
-12
-7
-1
-16
46
-15
26
29
16
56
12
-16
-69
-40
33
-3
51
-7
5
22
-8
-63
39
-95
39
16
48
22
2
-59
-47
-9
-35
50
-3
4
-33
-14
2
55
-7
-24
-24
36
15
-71
12
-1
60
13
50
-4
-13
36
69
51
38
-21
-7
-34
-15
-34
31
-23
65
3
81
5
-57
-10
-69
-18
29
-13
-16
56
-13
10
5
61
-73
-6
-2
-13
6
17
20
-8
-7
-75
-62
-1
16
-21
-8
-12
-29
28
-20
-1
-84
-18
7
-50
18
39
-4
76
-23
-6
-64
32
-5
29
-18
-1
3
-37
-45
46
-5
-33
-10
-65
-12
-26
-13
16
-3
20
-67
32
-9
-75
-14
3
-29
-14
2
45
-58
9
11
24
4
12
-4
-7
-9
16
-33
-7
54
14
-28
-42
0
23
-16
-50
-28
-39
-11
8
24
10
4
-9
-20
28
40
-45
7
-70
87
-15
-8
-46
17
-73
-32
44
9
-52
77
9
33
12
29
3
-38
-58
-1
-13
20
26
19
-12
20
38
20
8
55
37
-2
-8
-13
10
-42
39
-8
-38
26
33
-45
-26
6
25
-9
15
49
0
32
74
22
-29
36
-32
57
31
-86
3
26
-50
28
53
-11
-19
7
20
-56
-100
-41
9
-47
19
22
-54
67
-20
4
7
61
-54
-32
6
36
-26
19
-1
-36
-24
17
-5
-29
-42
34
41
-83
7
-6
10
-56
-57
-36
7
50
8
-66
19
-23
-37
36
29
13
-36
-23
13
39
44
3
56
16
8
19
-11
-53
64
26
-105
16
-19
-13
24
-6
-9
-59
-37
-4
-55
-8
-28
-18
-40
2
29
-15
-40
45
26
10
7
10
-4
-21
11
-15
62
-24
-14
-6
55
18
17
-4
51
4
16
34
0
33
-49
36
32
-12
19
24
-44
-70
6
67
25
-67
59
-6
19
-42
22
-9
2
-20
39
-23
77
-37
-24
-19
53
14
-30
36
27
3
27
-4
44
61
-56
-26
-48
35
-60
11
-24
30
1
59
27
-6
-36
45
-30
-13
7
19
-30
1
-24
16
9
-64
-32
53
42
-21
-33
-16
15
-32
36
-4
-30
62
55
5
52
10
16
-32
-12
40
-55
-12
18
60
60
24
25
-37
78
12
21
15
-2
3
6
-11
41
-18
2
-14
-23
-41
9
-69
8
-27
43
28
34
-23
14
-7
-10
-35
14
35
53
55
51
59
-8
-36
-52
35
-35
4
52
-50
-2
2
-70
-58
53
29
-8
2
-33
82
4
-26
9
22
18
-53
-6
36
17
-29
4
-29
-31
4
-79
16
28
4
-34
9
20
34
25
-11
-61
-54
-37
-14
15
-34
-71
-42
-47
7
-49
33
110
-23
-21
-45
15
19
-46
28
-32
13
29
3
11
7
15
-4
27
-9
-1
-20
12
-11
-25
-27
28
-16
-16
5
-23
65
42
36
-56
32
-8
26
7
-28
45
27
2
-5
-7
-11
68
72
-31
7
-46
106
-22
-13
130
-35
34
35
51
40
-37
32
24
50
4
24
-7
-52
-47
14
38
-26
6
-34
19
1
-3
13
-29
-27
-33
27
-4
32
-18
11
9
61
-35
-31
-1
-31
36
-27
53
15
45
-50
24
9
-8
-36
-37
5
-13
-23
-9
-22
43
-23
-45
43
-47
50
-2
-12
-8
1
-6
41
0
15
41
-72
41
-32
-15
35
18
-63
45
-16
-59
22
4
-32
-7
76
-48
36
-15
2
15
-43
-53
-18
24
-14
-2
52
29
-68
-33
80
12
-19
14
15
9
37
21
7
-29
-2
18
-45
-46
39
32
46
29
-7
-10
-16
78
46
-12
-43
-25
-9
74
22
-24
63
-60
-8
83
-16
70
38
-2
18
29
-35
-16
-6
-69
-27
-52
7
42
-17
23
-60
-59
-32
-54
98
4
-64
28
10
18
-58
29
14
37
12
28
22
61
-2
-31
-21
44
-23
-44
5
-18
-7
53
-52
67
-1
-75
39
28
-88
-28
21
-30
44
45
-19
2
60
7
8
-30
2
-22
-15
40
-17
-15
13
-3
21
-8
-73
-35
43
16
36
-51
8
58
14
30
-16
-1
-11
-10
79
1
8
38
70
-46
74
26
-30
-8
11
25
12
-5
-9
-9
-3
40
44
-5
40
26
20
-4
61
-26
8
80
9
34
-21
-16
29
75
34
13
78
-5
25
-17
8
14
23
-44
-70
19
59
-11
-23
-32
56
-44
27
52
19
2
10
-53
-3
-9
-34
10
-35
-76
-31
-66
-25
17
-11
34
-18
-73
-11
-62
37
-19
26
15
-43
-4
-10
-3
46
-13
29
-72
21
-20
-17
-2
-14
-26
96
-6
-46
34
61
23
23
-16
34
-7
-14
-7
-8
-54
-67
-41
-51
-24
-4
-2
57
89
26
22
54
9
-3
-29
-37
36
37
6
95
-53
-30
-36
42
31
17
-40
19
17
29
33
-40
-61
-25
63
21
21
16
4
7
-8
-29
37
-28
-58
-63
57
-10
11
-73
-19
-31
29
-14
-16
-58
47
46
27
-32
-52
32
12
-27
70
1
-48
75
-8
6
-12
26
-11
-68
-21
0
18
7
-8
50
8
-9
29
-42
-25
-53
71
-21
5
-8
34
30
-64
3
-25
-39
48
45
17
-15
-30
29
-23
46
-17
-66
-22
31
-5
26
4
10
5
-4
-21
-4
20
-8
-11
21
27
9
-31
4
17
-13
12
21
2
12
7
-35
-55
6
37
-41
-44
9
-25
21
46
19
-22
-52
33
-3
8
16
-27
-63
23
0
-20
-22
67
-17
-14
-34
-3
4
-17
13
-67
-8
-8
32
38
55
3
5
9
-26
-40
21
14
29
10
76
17
0
44
32
-20
-18
41
16
5
69
-13
-19
-46
13
42
-2
-14
61
-20
35
41
10
55
-29
14
-14
4
7
-32
-35
-17
-7
-63
-55
-18
-5
-65
-1
-77
-66
5
63
-53
65
-27
-40
41
1
-26
-40
60
-23
16
3
-22
17
-34
-17
49
21
17
-31
44
-58
-18
41
-2
-17
-22
-61
12
-10
-14
-10
4
-31
-7
-47
-19
-24
-9
63
-42
-12
-15
3
27
6
-3
40
15
-12
-15
30
25
-4
-14
29
-59
-38
-21
62
-28
7
-37
2
26
-85
-30
-44
-38
6
-18
-37
-50
-50
-22
31
18
33
-5
-8
-62
-31
-34
28
-17
-68
5
16
-43
-53
35
13
-7
-13
-9
-47
16
18
-22
-5
13
7
31
-36
54
26
-44
-3
-52
-24
53
-67
-7
2
14
-29
-24
-10
-28
-7
-4
4
-15
17
15
13
-1
10
-3
-17
45
-14
-12
-49
-10
-7
-37
-45
-3
-13
-2
-54
-61
2
-8
-21
-20
-34
-19
30
29
-4
-49
-6
-24
28
7
-3
99
39
-23
47
-60
-26
4
11
17
-66
-20
-66
-67
88
-29
26
70
10
-56
6
8
30
-18
4
-36
27
0
-13
-19
22
2
25
11
-13
17
27
26
11
-14
-10
49
49
2
55
3
-45
-14
2
-49
14
-24
27
-4
-22
15
25
-2
-24
44
36
-31
-14
-1
-28
-36
11
-15
8
-38
10
-50
-3
38
32
-46
-42
-41
-23
27
-6
12
-17
37
-32
-2
-59
-4
-37
44
-9
21
17
23
15
-32
-29
78
-55
19
46
54
-22
-12
-56
-56
-24
37
-61
65
28
-63
-39
58
-18
20
14
-56
-21
7
23
11
-39
-23
23
19
-39
-7
78
16
-39
-36
-23
-6
30
3
15
-54
23
12
-19
-63
50
23
26
17
-35
-28
-11
-26
-3
-4
6
61
46
7
15
-65
51
-3
8
22
-97
-16
15
13
41
16
31
36
-14
20
30
9
-8
101
37
41
21
75
1
82
15
-10
55
39
31
-2
7
76
-24
17
11
-43
8
-45
-18
21
-64
-113
-17
47
-22
-19
-16
-39
-59
21
50
27
-30
35
6
13
40
26
0
-41
24
78
3
-21
-48
60
-18
-9
-67
2
-61
-25
20
11
-21
-57
-36
-2
-15
26
43
-31
-20
-41
44
-14
27
8
-66
-67
27
-6
36
9
36
-23
11
-20
115
-64
-15
-14
21
-5
18
9
-23
-65
-34
-28
64
26
51
-84
11
-6
-13
-4
7
9
-50
-14
-40
50
-81
-6
-43
53
-14
-33
35
-1
-13
-12
-5
1
-3
-19
-40
3
9
6
-62
-47
-16
43
-9
-2
-27
4
-39
26
58
-18
1
28
6
28
-69
-12
-15
5
7
-32
-54
91
40
87
11
-36
43
-8
45
29
53
7
-29
-12
25
7
-31
-46
-8
-35
-32
16
10
42
21
-54
47
24
-41
-6
-28
-9
-27
-5
-17
-18
29
-12
48
-4
63
19
15
19
-54
-20
-16
0
21
22
32
11
64
41
-18
34
2
3
-3
-7
73
44
-70
-8
64
21
20
39
-15
79
7
40
-11
33
25
34
-23
-6
-32
39
-39
-17
58
1
-43
30
-6
12
39
-4
-8
-1
42
-6
17
-95
51
-18
-78
1
-29
53
-58
-15
4
23
-44
-8
-7
-5
102
-4
-3
-47
9
-7
-86
-15
9
-8
12
-9
-17
38
20
32
-11
-31
38
10
-17
11
43
48
8
-14
64
5
27
-62
42
12
-14
-21
-3
67
-3
54
31
-33
-50
54
16
-25
-7
-52
-27
40
47
-75
-70
-42
-9
13
-22
14
-15
7
10
4
-71
-45
-9
-36
0
-21
-77
-17
-3
106
-40
-29
38
-2
7
-20
-23
-4
-10
20
23
41
-25
-36
11
23
-3
4
18
98
11
-40
-10
-5
-23
3
20
-20
-23
-56
41
-35
14
-42
34
4
-5
-14
19
1
-36
15
6
18
15
-25
-44
16
16
-34
-40
-89
22
26
30
38
-35
4
-10
-1
-29
-30
0
22
20
-2
-17
21
-39
19
-26
-18
9
36
-6
-4
48
13
66
49
-11
26
23
-10
13
30
-24
-71
-31
-48
11
-6
-11
-3
-11
31
40
-48
5
14
49
-23
13
9
15
39
5
44
-94
-11
-22
-63
14
11
-5
-9
42
47
31
-14
3
4
-4
4
32
67
-76
43
42
27
18
27
-14
3
29
-54
-62
-43
28
-31
11
-26
6
8
-67
58
49
9
32
-12
-18
-7
19
37
38
-34
-4
80
20
-60
42
28
5
-12
29
-51
-20
20
-45
33
-23
-12
24
35
7
55
-2
35
-54
-7
-39
7
-9
-5
25
-11
54
-5
-29
-46
-49
68
39
4
-27
43
64
28
32
1
-51
47
-10
24
44
55
7
27
43
37
4
43
123
19
-11
12
-2
58
-45
35
55
-31
8
-38
-58
56
-12
22
46
55
5
21
-34
-26
-25
14
3
-32
37
29
-27
11
98
-23
37
13
6
-14
-29
-50
-83
-18
10
3
8
18
-1
36
-24
3
46
3
12
-43
-48
-3
-39
37
-55
57
-22
17
47
-11
23
14
-21
-60
46
26
18
21
40
54
14
-5
57
0
15
-36
38
-91
16
-41
41
5
65
19
19
6
-22
-19
91
-10
-3
1
-3
-6
-18
34
26
16
-38
14
62
72
-70
-8
-6
-16
50
-20
-28
9
55
53
44
-6
-29
-87
2
34
57
27
36
-25
-59
-11
-57
19
-54
10
25
11
3
11
10
50
-6
-10
52
22
-47
14
19
-48
-34
3
-22
-48
-61
10
-1
-43
-14
-12
18
17
21
-16
-42
-24
18
-29
68
61
-9
57
-46
-40
43
31
44
20
23
50
41
-12
-5
-58
16
44
-4
23
-22
-16
-5
-21
18
13
33
-34
-16
-43
77
-30
18
86
49
80
-11
-38
-31
-48
5
22
41
-55
21
0
47
-61
37
6
17
-8
37
7
-21
-53
-45
-48
42
84
79
34
-9
-54
-38
-12
9
46
37
-49
47
-24
26
39
91
-19
0
38
14
24
23
-42
-34
-33
0
-50
11
54
-25
-13
-53
-50
46
39
-12
-12
41
-24
-33
-10
56
-12
21
-74
-49
-32
8
-67
26
-34
12
-7
-16
41
-5
28
-34
-13
35
58
-8
-34
44
-17
46
-5
2
83
-1
14
-5
2
32
7
36
-41
-31
29
13
29
-11
11
-7
-14
4
11
-59
-21
-30
3
-13
53
3
-29
-40
-21
-66
-26
50
98
28
-67
48
32
-2
-19
3
-52
7
-82
-19
21
-2
-28
29
13
76
-20
-19
34
-27
-48
-16
51
20
-21
-12
-9
-40
47
24
46
43
-9
-39
-21
39
64
-18
9
43
54
14
-32
-11
-17
-27
-56
-48
-1
-4
-2
56
-28
27
-28
-41
15
17
12
5
-23
7
-4
-11
66
22
-23
15
-39
-1
-65
8
9
-44
-18
-71
-17
21
3
18
35
43
-27
27
-35
26
-58
-13
-13
-12
81
-1
72
-75
33
25
84
-13
-1
-59
-45
43
8
48
12
31
-4
33
-7
37
6
16
-51
-68
-12
52
-16
31
36
27
32
22
-18
-15
-6
14
37
-17
-14
12
72
46
-63
74
6
13
41
9
23
17
-11
5
20
8
26
-37
19
-18
32
-20
28
-25
-2
55
13
-24
-12
14
7
46
15
-7
-50
32
-27
-13
2
11
48
-52
-1
11
2
-3
50
-52
36
-16
21
23
-3
39
17
-3
7
1
-28
78
-49
70
-54
-39
-69
62
-51
18
-54
-35
42
-68
-27
76
11
54
60
22
1
-35
-56
36
37
-45
40
21
52
15
12
-6
51
15
16
90
-55
21
-45
-4
18
-39
22
-44
18
-11
19
23
15
-72
42
10
8
-131
-17
9
-71
-7
-23
78
36
25
-18
-79
0
-1
-26
19
-47
-18
4
-49
19
17
35
19
-24
-16
0
29
18
27
-31
-21
-15
42
-7
-52
-2
-21
17
36
20
-12
31
3
56
6
18
17
-22
-3
-40
-1
-13
22
16
100
26
55
58
39
-35
-73
39
-30
1
21
32
-30
37
14
27
-24
8
-1
-45
4
-25
14
-37
53
0
12
-1
-21
32
-35
12
48
-9
27
-54
51
-11
-25
-31
-43
11
67
-51
33
29
31
-12
-37
61
-17
-26
-46
9
13
38
-25
-2
2
-50
-68
-4
31
35
36
23
-11
-30
-31
-3
3
33
-24
20
30
-40
-10
-33
-8
-17
76
-1
-2
20
-39
25
44
-7
8
61
38
-22
8
-32
38
-7
53
-45
-60
-2
57
13
21
100
-43
-8
-39
13
34
38
3
23
-21
-17
-90
-4
-26
15
41
81
-15
59
-2
-4
37
-59
-55
6
-8
7
16
26
30
-19
-61
-17
-61
-4
-26
-45
-6
20
-35
-10
-14
-29
47
-2
4
24
48
-3
9
11
-32
-8
-12
-10
0
-13
-17
6
-17
-20
-35
31
30
-12
17
15
3
1
10
19
-13
-51
-33
17
26
-20
0
-5
-29
-75
-13
3
-55
65
-16
32
-39
-15
23
-17
-6
-2
7
-29
17
4
18
-24
44
36
27
25
-34
9
-52
-3
15
24
42
0
-28
-19
16
-27
28
-28
24
26
-25
26
23
-61
-27
-42
-5
-4
1
-48
50
-43
7
2
8
14
23
5
-27
13
-17
54
-23
11
-41
37
-19
24
-49
-31
39
-22
-72
-48
1
-27
35
51
-38
-34
-89
19
-54
0
21
16
-16
21
-35
61
17
-50
-11
-6
72
-58
0
71
14
38
8
-23
33
22
48
22
32
58
69
-21
-9
-16
-5
9
29
-14
9
-41
41
21
46
6
-20
-26
-30
-27
23
-33
-47
-10
26
-18
-17
-31
27
-8
-40
-30
-21
-48
8
-28
-44
35
-8
-27
12
-65
58
-27
-46
-22
-26
21
-32
-4
-26
18
-26
-22
-26
-23
-5
-44
11
15
-1
48
33
45
-5
73
-41
-75
10
-13
104
62
-23
-39
42
13
-32
24
19
-12
63
-13
0
46
-30
41
96
-41
-25
27
-25
78
27
-37
9
65
41
20
6
-32
-43
27
-37
58
-21
53
-76
25
-42
12
-6
21
-38
-43
50
8
15
-40
-36
-1
-32
-1
-39
10
-21
28
37
29
-18
-2
-10
24
40
55
5
-13
-74
-16
-20
-17
-43
10
87
-28
-3
-69
3
26
-6
33
53
6
-8
24
-59
-19
78
6
-8
1
-19
-20
64
-26
17
-12
12
55
-11
-30
33
-45
12
43
-16
-15
32
-46
67
-15
-40
-30
28
-12
-8
49
-15
3
-22
2
-29
12
7
20
40
62
32
-10
74
12
12
50
20
28
-39
-23
-46
0
49
81
34
2
17
-35
5
8
-30
15
-5
-20
25
-3
-51
-13
7
5
-57
-70
-76
-51
-4
89
-25
24
43
28
-25
-16
14
11
-78
9
28
-53
-52
31
7
15
12
22
-12
-14
88
-56
10
-14
47
23
-21
-7
32
-7
2
27
-11
1
-21
-5
-8
24
-18
7
7
16
3
-2
53
42
23
3
36
-31
-22
15
-22
-29
38
20
34
-35
-24
27
10
-35
-10
18
-7
-85
33
-5
57
18
22
57
11
-6
22
-14
22
-45
-2
-40
-47
-2
8
-57
-55
1
-1
55
-4
-1
15
-49
-27
-16
-99
18
13
-2
45
-36
-71
29
-43
-32
11
19
19
-50
-15
10
-1
-13
-11
1
-30
1
-45
-26
54
-15
-54
-41
-17
4
-26
-3
-87
-45
-29
40
-90
-28
-1
36
0
3
12
55
73
36
39
-6
10
-24
40
-35
5
4
26
-74
-30
-46
4
9
88
-24
-11
6
-66
7
-19
11
65
-35
69
-73
-42
8
4
-76
-20
-47
-34
2
-70
46
-16
61
26
29
5
28
-13
-9
-30
102
-14
26
-10
16
4
-28
-37
67
-30
-24
52
-51
31
-50
39
-56
-27
-54
26
60
-45
65
23
-21
-74
51
10
34
-20
-10
51
-37
-27
-12
-67
0
24
-5
2
-29
-11
-21
8
23
-4
6
24
13
27
4
-12
-6
-15
-4
38
3
27
38
-33
35
-55
-8
-23
43
28
64
-59
-1
-1
-7
-83
-19
-35
31
-28
-16
-55
-46
12
-64
0
22
29
0
-32
-39
4
-37
-15
-7
12
-36
-20
32
35
48
54
23
8
-29
9
-45
-13
-75
-6
16
-14
-4
-4
-16
14
-49
-6
20
26
-33
61
74
-21
9
7
20
60
2
-2
-24
20
4
1
8
49
-9
52
39
22
13
65
52
-42
-83
11
42
34
-50
42
19
-57
-9
16
-26
-40
10
-2
-3
-14
62
2
-10
10
54
-46
-24
2
-49
-49
-18
-17
-62
16
-20
49
15
-10
4
10
-25
-7
-45
-40
51
0
44
-15
-17
13
-42
-85
-6
-37
-61
43
62
-13
11
34
43
94
-63
8
65
11
17
43
-34
-13
22
19
-8
8
-67
10
-22
9
1
19
-15
10
15
13
46
-66
-21
-10
15
22
-89
31
7
27
-14
-1
-12
13
-1
-55
-67
40
-18
-24
-26
-13
26
-59
-14
20
17
93
48
-50
16
0
-39
3
22
43
11
-20
-33
-40
60
70
64
-22
-97
71
24
15
6
-38
62
76
14
46
-59
0
-25
64
12
-9
24
4
-12
17
50
9
28
-51
60
43
-37
-49
-1
28
72
1
-36
42
-25
16
-38
-14
-9
15
-40
-14
27
-80
33
19
-4
28
34
25
-17
-58
-44
-7
-46
21
-19
-16
41
22
18
-19
-16
27
-28
-15
44
30
-8
-25
-2
22
12
-34
17
48
84
18
-34
6
-22
7
8
119
-26
10
54
-106
-38
-66
-11
37
5
28
-8
-4
24
-5
42
-27
20
-26
-22
-41
65
-33
-13
-41
20
-72
-12
42
11
-20
1
-31
-35
-67
-4
-7
30
31
6
43
7
-12
-69
30
42
-63
9
-35
-29
18
-9
23
-58
27
-8
-20
-5
12
12
-17
7
22
22
82
-66
40
-29
7
10
4
-14
-30
-2
-20
5
-1
38
16
-29
7
-30
49
60
-4
-3
-5
-61
-12
16
-10
5
30
4
-5
0
16
21
21
-6
-43
3
-52
-11
-20
37
46
53
-4
15
3
71
-35
54
54
-80
-32
21
5
0
-1
12
1
-65
-37
-62
-20
-37
6
-20
-26
-28
-21
-47
46
30
-58
26
-39
84
-42
12
-16
-6
12
22
-19
-25
38
10
5
5
-31
21
32
64
-7
2
9
0
23
-71
5
27
69
22
17
15
-32
24
16
-25
46
-12
0
-11
-27
25
-4
45
62
-6
0
-41
-32
-5
-9
46
11
13
3
33
-43
-28
-52
-59
28
-53
-63
-16
6
12
-19
24
56
19
51
6
32
26
17
-10
-18
11
43
53
-43
-39
-47
5
-2
23
32
54
-70
-40
-23
-35
3
22
54
8
25
13
-62
31
-50
24
-10
-27
56
51
22
54
43
-31
-19
20
-23
10
-15
-29
40
1
-6
9
12
-24
46
-22
-40
-9
-21
-39
20
36
62
-8
-18
-23
-15
-13
8
-33
-56
59
-34
28
21
42
-22
-32
22
-14
-21
42
53
6
34
-22
35
-45
33
0
65
47
-7
52
25
-22
-47
-38
-14
-11
-18
-18
17
23
26
10
-26
-21
27
-10
7
27
13
9
25
9
3
13
19
52
-26
22
-82
9
-38
51
-6
17
13
-1
0
30
-85
12
-6
4
0
-26
-36
44
-40
3
17
29
27
2
-47
11
-3
11
11
-91
57
21
43
1
10
27
14
25
15
44
-50
26
30
26
-12
-23
-46
34
39
-54
-6
34
6
46
19
22
-32
-65
10
0
2
13
24
88
-22
-4
81
0
-19
8
-22
-8
35
0
16
37
-12
-6
-58
12
-21
-12
-26
-31
-84
-27
10
-46
32
-60
0
-53
35
-28
-3
52
12
58
27
29
-56
26
-78
-5
-24
-21
-30
14
-29
24
-1
26
-1
18
29
39
44
-13
-66
-67
28
-44
-6
63
-1
25
38
3
48
69
-4
-2
47
-2
31
3
-29
-57
-17
54
-17
41
-51
-32
64
-9
57
-45
50
35
26
16
11
8
-61
-86
24
-37
-7
-16
12
3
-19
55
34
-13
-19
20
-3
-2
27
60
-78
50
15
-3
-22
3
-13
38
-47
-3
68
6
-2
-59
25
-70
-30
10
60
-17
45
14
19
80
52
83
23
46
-25
18
-19
34
-8
4
5
18
-17
30
-18
-35
5
-49
-19
77
-11
9
-41
10
-5
-23
34
38
19
109
-31
-20
54
2
30
-37
36
-22
33
48
25
41
3
28
-64
-48
29
6
0
38
-44
-37
4
-24
-15
-25
8
31
-15
13
-57
-3
6
17
-14
-8
31
10
-52
11
-19
0
52
-7
-12
-2
12
10
-70
72
-31
31
-33
25
4
-8
12
16
-43
25
10
-32
-63
35
7
-18
-29
54
6
-4
48
38
-13
22
12
-27
-25
-24
-9
28
4
-26
36
39
15
-12
-15
47
31
-43
-24
34
18
55
29
-45
18
7
-19
-46
-16
4
37
-21
-11
41
-59
21
2
23
-30
-49
-46
7
6
-35
-11
-8
-5
40
-42
-81
25
12
6
11
22
-25
-90
-42
27
-1
-49
-65
-16
-23
26
-88
-11
41
10
-13
-51
36
-20
29
-2
22
-13
26
45
75
65
-24
-18
78
-24
-33
25
-8
-29
46
-19
-23
-36
32
-43
43
45
6
-25
19
12
-62
16
-9
50
2
-15
14
28
49
18
55
115
-33
9
39
47
-6
92
-21
-28
21
39
52
-48
-7
6
-21
-19
-73
-17
-5
66
-20
-16
64
-3
-16
-35
8
-7
-17
23
32
9
-13
-7
-61
5
12
-3
27
100
-27
-4
48
-12
28
23
27
-30
-16
14
42
11
40
102
50
16
-56
22
-37
2
32
71
14
6
-77
-13
5
44
-71
-56
-60
51
-62
-59
40
-21
-78
1
45
24
-3
24
-54
25
-32
-36
42
3
-17
-33
-33
-10
-28
10
-17
-27
-42
-62
68
-27
-19
-14
64
6
47
-39
40
-54
-29
24
30
78
44
-57
-7
-5
-24
-20
-63
-13
29
-11
-43
-11
2
34
3
-34
-39
-65
-43
14
-88
65
1
29
61
40
-30
12
18
29
-31
65
35
37
-13
17
28
11
53
-18
50
31
47
14
13
-25
-59
88
-49
9
-40
-25
-26
-95
-6
34
-68
-8
18
-22
37
19
-32
17
-18
11
-54
-60
5
-3
30
11
-48
-41
37
-39
13
-31
13
16
-25
-11
4
18
-10
35
-17
77
-26
21
44
41
10
-35
-18
19
48
-18
-87
-5
16
-97
-42
10
17
-19
-39
4
9
-33
-32
33
26
23
1
-40
-24
-29
-34
45
83
-50
27
62
14
-36
10
37
53
-7
-49
-11
50
-48
-12
-52
-49
-13
-21
-34
36
-23
61
41
9
-6
-35
20
15
-5
29
-40
-7
-70
13
-48
22
23
-69
10
-7
-31
-14
22
-26
-3
-2
-30
85
-53
36
16
24
-27
-33
57
4
-9
-27
-6
43
23
-36
-1
-18
-11
86
44
11
1
15
30
-41
40
17
14
-23
-39
21
-7
-50
-22
41
46
-35
25
-43
24
27
10
36
-41
-17
28
7
34
17
-21
12
-9
57
-35
38
-42
14
-14
55
34
-37
-33
41
-92
43
-14
-2
0
0
28
35
-29
-17
50
-16
-12
-3
-14
-6
36
-1
7
-9
18
-11
13
13
41
31
-34
24
-23
-32
1
29
41
17
53
-53
19
-32
-8
-38
-31
-26
-89
4
23
43
34
-8
35
-16
-29
29
2
-4
-19
-29
-44
13
-26
52
7
-39
17
0
-7
22
48
-41
-25
-16
-13
-29
47
33
-43
-6
35
0
63
-15
-1
36
-17
1
-33
5
-22
14
-71
10
14
-69
33
12
49
-3
46
53
-38
-41
5
60
-13
-22
69
33
-3
-48
44
-50
50
-26
32
-88
-52
17
55
23
-72
40
3
40
8
0
-24
-16
-67
6
1
68
-11
14
-51
-80
64
8
10
1
2
78
2
33
-53
-31
-34
48
-81
21
-47
34
-41
-18
41
0
2
-1
-66
-19
51
77
-67
-14
-12
-29
-5
11
-9
-33
-34
-38
-36
32
44
48
-5
1
8
-8
-27
-24
-22
-50
16
21
-42
3
-50
-15
38
93
5
-23
40
-6
-46
46
7
-21
46
-24
3
17
23
-15
49
48
46
62
-7
65
3
-79
33
-52
-2
14
-70
4
12
-37
18
34
-36
-46
-60
45
-29
-36
15
34
-14
53
15
-4
-4
14
25
57
1
33
71
9
51
-12
19
-22
-23
-35
-31
-34
-54
-35
20
26
2
-63
31
-28
39
-15
17
44
55
-18
-34
23
32
-21
1
28
-6
-9
-79
-33
-23
-10
48
43
24
-49
52
-5
10
55
-68
20
-51
51
0
19
-9
-40
44
10
37
-37
-10
-39
-6
25
-10
7
28
-42
19
-26
-31
-25
-12
4
-5
-41
-12
-92
-50
-20
61
17
33
-20
-19
-9
51
-29
-72
-32
65
45
-4
-35
-6
62
42
29
34
16
14
6
20
-16
-48
67
-80
-5
-35
-97
-6
28
-11
-23
-59
30
-13
12
-37
41
-61
-5
28
9
-18
-8
-16
-40
-29
55
15
-15
-14
40
104
-74
24
-23
-27
28
15
-45
-2
10
-46
-20
65
50
-22
-29
-4
15
16
-41
31
-46
17
5
-17
44
-1
66
-36
-49
13
50
0
-4
-13
-9
17
-17
44
9
45
-15
-24
29
-8
-9
79
22
-10
12
20
28
-19
-1
-37
23
-52
46
-18
76
9
2
-56
26
-8
-6
65
11
52
20
81
28
37
51
-8
44
-33
-20
23
-23
36
42
-1
-4
-6
-49
21
40
-6
-35
-26
-29
8
17
-36
2
28
-32
-13
-67
10
83
20
29
-52
-47
-2
-9
21
17
-47
70
49
-45
-15
1
32
-25
-47
-12
-45
14
26
40
8
24
-53
38
-7
-36
34
-15
79
0
42
-77
20
-28
17
7
33
78
18
-20
38
-25
44
43
10
-12
-36
-26
-1
-38
-16
39
-6
-17
33
24
-74
0
41
-57
-78
-70
-29
51
-28
-21
39
-55
-68
-2
-38
7
-29
-43
6
5
-16
-29
-40
-40
21
23
-27
-36
23
6
-58
64
-4
-1
-85
62
-6
18
2
27
-47
63
52
-58
20
28
-11
-36
60
4
-39
5
-19
-12
69
-77
-11
-16
-53
-35
47
5
-9
-5
11
36
-21
-36
41
17
-17
52
14
-12
2
-59
-53
20
-25
-57
-30
69
9
5
-22
9
29
-45
21
17
4
2
20
-32
17
-9
12
5
-15
55
-32
-18
-38
-30
-32
-36
24
-27
33
-22
-23
-14
-4
-17
23
-24
-50
-38
68
45
-31
74
16
-28
-82
13
12
43
46
-24
59
-70
2
49
65
-23
48
53
67
33
-40
7
22
-25
11
2
-9
-101
1
20
88
-23
-43
-37
-26
52
0
62
22
-19
-46
-29
23
0
-24
-18
33
-7
-22
39
28
-39
-47
36
16
25
32
-63
-69
33
55
-8
-9
34
84
67
11
-40
15
25
-2
-40
55
-30
-9
15
23
29
-7
31
-53
15
20
35
-17
19
-30
6
-5
51
20
10
30
-45
8
-25
56
-19
-6
67
-19
8
19
23
-42
-24
-33
-28
-4
15
-2
-35
31
-1
50
38
-15
-27
37
8
-10
-34
2
-6
4
-32
9
-45
-26
6
-14
-3
-46
27
-11
-53
-12
38
28
-38
34
71
4
12
6
-5
11
-12
-52
14
18
-6
-13
-14
53
-52
-23
-9
-7
28
-25
-21
-23
48
1
9
30
-56
23
-1
-7
67
-13
20
45
-15
-27
-12
1
2
-7
35
16
9
4
-10
11
-11
51
33
-28
-44
-7
7
35
15
20
-105
-9
-29
48
12
-2
-35
-3
52
-76
-15
2
-33
23
39
-2
-54
-14
5
-52
12
-22
3
67
19
19
-44
-49
-2
-2
-4
-7
-53
-2
16
42
29
24
47
-29
-54
-15
-42
40
-24
0
-46
44
27
-41
48
-37
-12
30
29
-8
41
-18
-21
64
-4
-9
-54
-58
8
0
27
-33
8
13
109
9
-29
4
-26
16
36
-8
-21
-42
32
-8
-8
-2
-3
27
-28
21
-17
-21
28
35
4
-17
-69
-1
2
27
38
-7
-20
-54
-34
0
-29
-28
-61
-37
21
32
-26
16
53
17
-44
-84
3
-14
-7
56
0
29
46
-10
16
38
-32
-23
-6
30
2
-55
-27
-9
-20
-17
6
0
-24
71
27
-12
15
90
-51
28
13
37
53
15
-7
-5
-17
27
5
57
75
9
29
35
-10
65
-26
-62
23
34
-22
-2
-42
10
-95
28
-3
17
35
3
8
-17
61
14
-9
63
-29
28
-6
8
-25
-7
-48
-35
6
37
-67
53
48
0
25
17
-53
-1
-18
27
-56
23
2
29
-57
-27
1
-22
52
-29
-35
11
40
-79
22
6
21
34
36
16
2
16
12
2
4
-44
41
-8
50
-65
-22
48
-16
-1
34
39
-58
14
-24
21
-45
-17
55
-28
46
-21
22
-31
-7
-29
-24
14
23
-3
-10
42
-4
-5
-20
-90
4
64
21
0
5
-55
46
48
-17
34
44
-86
36
33
2
26
4
19
-3
17
-9
-4
13
51
-65
42
28
29
5
19
4
116
2
11
24
-24
-21
-27
30
16
62
25
11
-5
-29
38
54
15
-45
15
-65
17
10
-29
22
-1
-3
18
48
19
82
53
2
8
-22
-31
-47
-65
-8
-7
-60
41
-10
6
-40
-74
46
-3
-37
29
63
16
89
49
-60
27
14
-29
-36
-11
-26
46
10
71
33
14
77
-39
40
-15
24
-2
-46
-20
-47
-50
2
-42
-6
41
34
42
-18
1
36
65
11
17
72
67
-47
26
10
-6
5
10
-61
20
-52
-52
43
-2
-52
-30
-6
-15
34
-10
49
8
15
-12
20
4
6
-50
-45
-39
-6
34
-79
-37
-19
9
81
-13
8
-37
-48
13
62
-9
9
23
-27
-61
49
-60
-74
1
-22
7
-36
-32
47
-53
-16
-5
-20
22
71
-13
-3
-4
10
37
-21
-46
28
58
49
43
35
30
-59
-44
10
-9
-2
-25
-13
-39
-17
44
-5
5
21
-24
0
-3
-21
13
-26
-12
-39
48
18
15
38
25
-9
57
60
20
8
70
18
8
-23
39
33
-18
52
8
-30
24
20
23
-33
-3
-34
21
8
5
-15
61
-18
-1
9
-58
31
-42
56
51
18
21
-41
-4
-3
32
-25
-4
-23
-83
46
11
-20
-29
6
50
18
-1
-9
49
34
8
4
2
1
-31
10
43
0
-19
34
-25
-27
12
-34
-14
-12
23
37
-32
-13
-13
33
-29
11
-44
19
18
23
7
-42
-27
-41
-22
15
0
23
36
-20
-110
-19
9
20
-49
5
21
41
-17
25
-38
-12
37
68
34
5
15
-21
-1
-26
22
45
-13
-39
47
12
75
-11
14
21
-58
8
9
44
-10
-3
-15
3
-7
-50
9
60
-50
15
50
3
-60
-47
22
-31
-11
-17
76
-26
-48
-19
-35
8
53
39
-35
7
16
-29
20
69
-28
56
-19
43
-13
-19
42
-24
12
-7
-22
-6
5
-18
56
4
-23
-30
-61
-33
-32
32
-24
18
-20
-13
-26
14
10
-70
7
-59
48
-8
-35
30
78
-1
36
3
-58
-11
34
32
29
39
-26
69
-17
-7
8
44
2
-24
-80
-35
-9
46
86
-40
14
-27
0
4
15
-12
-22
-63
0
-7
-3
28
-65
10
53
3
48
19
-81
13
22
-17
-18
-36
-12
22
19
-47
16
19
-8
16
-10
30
16
-21
-23
-37
31
52
-17
-47
4
5
-11
39
51
10
-39
21
78
35
-19
-108
44
22
34
-15
28
10
40
-29
24
34
49
23
-2
-4
41
-15
-32
83
22
35
-53
-7
20
-14
-11
-12
-27
-31
-42
75
28
65
7
-40
-25
16
-6
-29
33
-32
-61
-63
10
88
16
40
27
23
50
37
10
81
35
-2
-3
-61
-36
-5
45
39
-1
22
-12
-45
10
-20
-45
63
-24
-106
41
-17
-35
-32
-52
13
-28
-39
45
15
33
16
11
-4
-33
-19
-13
-73
6
-24
50
-16
-87
36
14
-12
-61
2
-1
-57
13
23
76
-3
-5
-28
-4
-27
54
-11
87
26
-21
-30
6
-7
-42
-14
68
16
-29
-16
-48
-27
-77
-3
38
24
0
-1
4
8
-71
73
56
-16
14
-17
-4
6
67
54
29
31
21
14
7
-66
-12
-37
-4
39
-19
-5
-4
-58
20
-3
-43
33
-23
28
15
35
-23
-10
-75
9
12
11
-16
-34
-52
5
21
-13
-2
62
35
-10
44
6
-21
36
89
-29
25
-13
-38
21
-18
27
-17
-54
25
66
16
-19
-52
14
53
0
-51
-10
-5
76
32
56
20
-2
-14
31
-3
3
-38
86
8
-46
25
0
-19
-10
17
7
51
-48
-35
-33
9
-56
-81
45
16
-29
-1
-28
-46
7
-25
31
6
30
-60
23
-3
-12
-10
-11
39
-74
-35
25
-15
-45
-18
19
-38
-22
15
5
-24
82
20
22
-15
51
-16
-27
63
-33
-13
22
-40
-34
0
63
7
-74
53
40
-18
-51
-73
-22
-18
30
-54
64
4
34
-5
2
-79
20
48
44
-44
0
-15
4
22
24
-7
-72
12
21
-29
46
8
19
-43
-23
70
-19
29
-11
26
5
-6
-3
29
53
-21
-1
-33
-78
15
-4
2
39
-4
-32
-18
-18
-22
-14
51
55
12
-23
-19
-13
50
42
19
17
3
11
30
74
-19
43
-9
-17
33
29
7
11
34
5
-6
16
-25
-18
-6
-4
9
-35
20
12
5
-8
46
3
-46
-11
43
-30
23
9
8
29
-23
-7
-48
3
29
-31
13
4
-86
18
-3
-28
51
-31
15
42
-12
-39
-28
19
-12
16
2
4
31
-2
8
-15
-33
-54
18
-66
53
-18
5
7
23
-27
-25
11
27
27
6
33
-21
-35
-12
52
-69
-80
-24
-16
43
-1
13
-38
49
-47
-5
-15
-59
-58
22
20
1
86
-47
46
4
-23
-15
-16
-4
8
-19
41
-9
-24
25
-29
-33
27
-19
16
-43
-36
-69
-13
50
28
-76
-26
68
6
-19
-69
-47
11
-3
10
-38
37
-13
-37
44
-37
-5
-34
-11
8
59
0
-67
30
-16
20
79
47
-34
4
1
12
-53
34
3
40
57
-7
-23
-32
-12
73
45
40
20
-2
-35
-17
40
-2
29
10
-3
-44
-13
1
-66
-20
-10
17
-29
-55
-22
-27
30
31
18
-20
-15
-33
-34
30
-44
11
-65
26
-36
-11
-57
-47
-26
-33
-14
47
-113
23
17
-63
6
-16
13
75
-39
5
-6
-17
31
22
61
35
31
-14
2
5
7
39
-6
-7
-27
8
-10
-1
6
59
-42
46
2
-6
15
-17
-77
7
48
-45
4
20
-10
14
19
36
-28
42
3
-25
23
18
29
-16
-33
5
15
15
16
-19
-20
-4
74
12
-69
27
-21
-21
-27
-23
-26
54
-18
-33
26
65
5
2
-32
20
12
-42
-14
-27
-30
14
-22
-30
-52
-74
-1
0
8
45
-28
-46
-6
-44
54
-57
66
9
2
54
60
42
27
-23
36
-31
34
38
-41
-43
-15
-30
33
33
-27
-34
5
-16
-15
44
-17
26
-66
30
30
-4
-28
-91
10
16
-8
38
63
24
38
59
-75
-19
6
7
-23
-25
-13
-10
26
-6
-59
-13
-1
49
-17
-45
12
8
19
-8
52
4
2
17
-16
10
-11
2
60
46
37
-70
-22
55
-16
34
18
29
55
-15
-26
25
-13
3
-2
-51
-6
-10
10
-3
-39
26
45
-17
-78
4
14
-57
-2
32
34
-10
-9
-1
-9
31
19
-90
-13
23
35
6
-40
-7
13
-11
-42
6
-12
-17
15
-21
-57
14
20
-7
32
-68
6
-12
-66
-61
6
31
37
12
11
21
-33
4
3
-11
-95
-18
10
-39
34
-34
-82
-32
10
-23
-14
22
-2
-17
37
5
-17
4
24
21
23
42
30
-20
34
-22
16
-9
-20
21
-27
30
-66
-17
40
-3
35
-27
-37
-50
14
18
3
-39
-24
-27
25
68
11
13
-10
34
-4
-6
-9
12
-25
11
-18
30
21
-8
41
3
-2
1
-24
1
8
2
-152
6
17
57
-25
37
34
29
-1
53
-38
16
14
19
-33
-49
-40
-30
14
-12
6
-87
-31
76
-47
8
4
-55
-46
-4
-47
-9
-32
18
-19
29
-59
-89
-41
-25
-17
2
35
-35
-41
19
-45
8
-66
8
55
-25
29
-36
-36
-62
-19
-19
-46
-14
-11
22
-65
-2
41
37
34
33
60
-41
34
17
13
-31
19
-10
6
-17
69
30
-38
49
-18
12
-11
41
-13
-42
39
68
0
0
-19
-10
35
10
1
-43
47
-10
36
30
51
-34
12
-28
57
-22
-33
23
-26
-61
26
39
21
-51
53
4
5
-12
-18
9
0
-42
12
-45
-18
-9
3
-12
-59
-28
-17
6
64
3
-31
8
17
-10
17
11
22
14
-38
-20
-24
29
-15
-17
4
49
16
6
34
-7
65
29
-45
-34
-43
-17
-39
27
44
-36
32
-11
20
30
52
49
-24
31
15
2
35
-40
-9
-80
-34
37
-22
12
-30
4
-6
-58
34
40
-77
24
-10
-32
10
-24
-33
-50
-29
38
2
43
-15
49
28
-21
-35
3
-61
23
-25
-38
4
-69
4
-12
94
21
26
-21
-58
-40
-13
-13
-6
9
30
-41
-5
-21
49
13
20
21
-27
-17
9
-24
104
10
56
-51
3
4
69
-65
4
-59
16
6
10
7
7
-15
60
-38
-11
40
-40
18
-16
-23
-14
-2
-4
29
-36
-63
26
94
18
-7
-20
70
33
-49
-29
-71
24
16
12
70
-17
9
-51
-4
1
-3
-59
43
8
-81
18
-11
-45
-20
-6
-28
15
11
-18
28
-2
36
22
-25
48
36
32
-9
17
-4
41
-11
-12
55
8
-33
-21
-48
-33
-9
-39
-34
10
29
41
-7
-36
9
-48
-12
65
-42
29
35
2
-1
62
79
-7
8
-5
-55
-16
32
-42
35
41
-21
31
-37
-35
-9
37
17
50
47
-98
-19
-24
-4
55
-3
-52
26
52
-10
-21
-16
4
7
-2
11
-51
-9
-13
6
75
-58
-47
-19
-99
7
-25
-35
-3
-25
10
-29
1
27
8
-12
-72
47
-26
9
-24
-31
-45
24
-20
24
-29
-25
24
14
-38
-24
55
-62
3
65
6
-16
56
-29
49
24
-39
-33
-31
-11
8
-8
-19
26
-2
-28
39
4
5
0
-22
-67
-8
-16
23
-53
-21
74
-11
9
27
81
36
-9
23
19
-13
-17
32
79
-7
6
30
23
-3
-2
66
38
10
28
24
-15
10
35
-25
-4
-41
41
16
-21
-2
24
-44
9
-55
14
-40
67
-58
-27
11
-13
-52
-18
5
-21
-75
16
25
41
-24
-9
45
5
8
-10
55
-55
-10
32
20
-35
18
-22
62
-9
23
-5
-2
-49
10
46
66
44
54
-59
31
-16
-31
-26
31
11
-5
2
70
1
18
12
-2
38
-72
-48
-26
-4
62
-76
-10
-76
7
-35
-5
-22
-40
56
49
-19
-5
-51
4
49
14
33
-6
-3
-46
9
-71
7
34
-35
-3
4
-6
16
58
-25
31
-15
8
14
-16
-30
50
1
-26
30
-52
-49
4
53
-16
31
-12
19
9
40
2
-30
-91
45
35
40
-2
23
-42
129
35
-8
-24
-10
36
18
-25
-44
7
-19
41
-61
-11
-16
21
-78
-38
-23
32
-30
35
-24
-8
-63
-40
-24
28
-92
-15
1
65
-101
-21
-18
33
1
-21
-76
-48
-25
-24
-44
-44
8
-48
12
-18
33
5
-35
42
24
23
13
35
-25
-6
39
11
-37
-34
-6
-24
26
26
22
-6
92
-32
-10
3
-30
7
64
-15
3
-28
-34
-10
-23
6
9
10
-43
-14
23
15
67
-9
102
45
30
34
20
47
24
-8
-4
-2
15
-20
52
-2
22
27
-67
25
8
72
45
-10
4
38
51
45
73
-3
5
-35
-21
0
-8
4
-20
-15
51
-17
12
-78
-65
-1
30
28
12
6
-16
-20
43
11
-43
7
-20
-31
85
62
-55
17
64
57
60
24
6
-27
-31
-60
40
-70
8
-29
-7
-29
-2
12
-8
41
-30
-2
2
36
-54
-12
24
-38
21
8
-40
-29
8
15
54
42
54
-6
7
22
9
22
-32
-13
-22
-70
-31
-1
-40
50
-53
35
19
14
23
-7
-17
-20
5
71
2
-6
-58
7
-104
59
16
-3
38
9
-66
6
52
-71
39
17
-10
-9
5
-15
-40
103
6
26
-38
-20
53
51
12
-60
-10
-5
-13
-5
53
17
58
27
-9
-92
26
-73
-5
-6
77
42
53
56
-5
-71
-29
28
-2
11
-16
-6
31
-19
32
30
-1
-19
28
-16
-83
13
-12
38
-72
38
2
13
6
-9
-40
-1
-36
13
-7
-10
-9
-62
-32
-27
26
35
-41
27
35
-30
33
27
-16
-29
-37
-62
102
-29
25
-2
-11
-3
11
-15
-9
-2
-23
-23
-45
-14
25
-16
43
-1
-17
-70
-80
66
16
0
80
-35
-1
30
-46
-27
4
9
54
23
-36
24
19
-28
-31
16
-33
-31
-97
4
-11
-16
71
2
-3
9
15
7
-16
-2
27
-45
5
-12
16
-13
29
-52
-7
24
18
39
-33
-59
8
45
58
15
27
26
-23
-9
-28
5
57
-19
-10
1
8
-15
34
-52
-1
-12
35
20
36
-28
42
-14
9
41
25
-4
-9
57
16
-49
17
-33
42
-25
63
53
-24
40
25
1
65
-94
-41
-17
-10
-22
-86
35
25
28
25
-37
6
77
-26
-22
-2
23
-41
-18
48
52
-22
-104
91
-25
-22
56
-8
-43
28
13
14
-35
-45
22
12
-40
-16
-6
13
-15
64
5
18
50
46
3
-4
-22
-76
-7
19
5
49
20
-11
14
-48
-27
0
-53
5
-46
-33
23
4
-56
36
40
36
28
-8
-9
7
104
57
-48
17
23
-28
-7
-55
-80
4
-44
-33
-11
37
21
-39
21
-14
-15
14
82
17
12
16
-3
14
7
-20
14
1
32
33
-6
30
15
29
36
-48
-8
-51
21
-4
3
-69
-31
46
-21
8
74
49
-44
-26
-10
15
48
-12
-4
-54
71
-48
49
44
-80
-51
28
13
32
-38
-49
-4
12
-39
18
-34
-27
6
-95
14
-46
21
-8
14
-28
46
-22
-39
-11
35
23
-49
26
7
-9
10
21
10
-3
30
5
-1
66
-43
47
21
-21
20
15
-36
10
-13
-20
-31
-16
-66
-30
38
16
-2
22
-43
16
-46
31
4
18
-121
-42
-23
-80
46
-10
10
48
32
-4
-51
14
21
-23
-29
0
-11
43
40
15
68
14
27
-20
18
6
-62
43
-16
4
17
10
-12
5
-27
4
-4
-23
46
70
-15
-32
9
25
-1
6
0
-25
-32
11
25
51
-59
-16
32
18
13
30
-14
3
-6
38
10
-5
44
-27
14
1
20
-3
81
-33
-37
1
-50
24
-51
2
5
34
-23
-7
-1
53
-11
-90
-1
4
34
15
-17
10
93
9
-3
9
21
33
36
-67
-66
23
-19
-3
40
9
-2
-33
-38
-8
-32
-22
45
-60
-21
-38
-12
52
54
-4
-8
45
59
-63
16
51
10
2
-30
46
-38
-1
14
4
-3
-24
11
-80
-10
50
-13
66
-15
10
-20
1
44
70
17
22
-68
-11
22
3
11
-47
13
26
10
28
32
-31
-27
18
-31
38
99
-28
-22
-63
-32
-9
29
25
-52
-9
-69
86
-14
-7
4
-77
15
-39
-51
-8
-17
-58
-79
35
-9
-22
-6
-7
-25
-66
-1
-23
51
-45
-2
-75
65
12
3
-11
47
22
21
-27
6
-38
-49
47
30
37
0
42
-5
-15
-6
11
9
5
-63
63
-68
10
-8
-67
11
-41
-38
18
-12
37
-42
46
43
22
23
-8
18
6
27
-20
8
3
-11
10
-18
41
-12
-2
30
-3
3
-44
23
-27
35
-8
-3
-38
-6
-50
7
-55
30
-35
-42
33
9
40
8
37
-51
-75
6
54
35
74
-31
-76
-94
-28
-14
-43
20
-63
18
37
-38
-5
29
-20
-37
-19
19
24
2
-19
17
-9
55
16
13
-27
46
39
-56
-14
59
-38
22
-66
-25
17
-13
4
-38
37
-6
10
-12
8
0
-25
57
-84
-31
8
3
7
-32
90
13
13
-6
-36
-5
-13
7
59
6
28
24
-38
35
54
-32
-21
-10
-17
-42
45
-5
67
22
-52
0
-29
11
-61
-23
-13
2
56
-60
17
33
7
-2
-14
-9
-20
34
32
48
0
1
-2
30
-29
-18
16
42
17
38
-31
-5
-31
15
58
-40
-33
-3
-1
8
36
-55
-15
-13
30
83
4
113
2
24
-30
24
26
-26
89
23
17
19
50
-28
-21
88
-39
25
-16
-46
18
-20
-12
28
-58
15
40
-15
-13
-1
-27
22
-19
-20
3
-25
3
41
12
-6
50
-28
37
-55
-4
17
-52
64
-12
-11
7
-3
-119
32
-49
-26
-3
-31
-22
-34
24
2
-47
7
-39
1
1
-28
-43
60
-25
10
-72
42
5
5
2
35
30
-5
-33
71
3
16
10
11
-36
30
-90
4
-21
32
-14
40
20
-4
61
19
13
-2
31
20
-48
29
15
15
49
-7
18
-37
-2
-19
48
-4
-16
9
-44
-52
40
-23
-5
-15
-39
-5
6
37
-34
21
-12
10
-3
3
14
9
8
-26
47
54
11
62
26
-39
10
32
-21
13
19
-2
-26
-66
-49
30
-39
-17
-11
-99
17
-26
-63
46
14
-21
29
12
-41
27
-8
19
-40
-3
-46
-47
-7
-55
-80
-10
-24
-25
-38
24
52
10
13
44
-9
14
-29
23
5
-2
-16
-44
8
11
30
-37
7
25
-2
-16
62
17
91
93
-24
49
-4
44
29
-7
50
-8
38
62
22
-14
-15
17
0
13
24
-55
-37
48
50
-19
-9
-1
67
4
-30
11
-2
39
14
1
6
20
23
-42
-29
-36
22
-36
-1
-98
38
-12
11
56
-34
-52
-1
-20
52
69
-44
52
42
27
-32
-2
14
28
10
-10
-16
31
32
8
-3
-10
-19
41
-16
-39
-34
37
-24
-40
-43
-41
56
-11
19
11
30
-3
28
-5
29
-16
-24
-10
95
-12
-4
-20
39
7
-60
4
17
-30
17
-23
-46
-3
54
39
19
-72
53
-23
-38
12
-50
86
-84
25
1
3
-31
12
0
7
-24
3
53
-5
5
-16
4
-19
4
19
19
-62
-11
-7
-20
-26
-45
41
-32
-3
-17
-5
-20
-50
29
-73
73
22
1
-20
7
-35
33
-16
11
23
-66
-2
13
-13
25
55
19
114
34
19
-12
-41
58
-3
40
47
4
-17
-9
36
-31
9
-48
12
19
-3
27
-5
-63
4
6
-55
-41
23
1
-13
18
-17
-9
-7
-41
-80
-23
-35
15
50
27
-37
18
26
-21
6
-22
90
36
-58
15
1
10
-31
-3
-48
-1
41
-22
10
44
-24
-40
-24
53
52
14
3
-70
-58
39
8
18
4
-10
22
15
-11
-9
15
14
-25
-8
59
26
1
-4
-35
49
-41
63
-33
51
11
71
-61
13
9
26
-37
2
-23
13
10
-10
-42
-5
-4
-35
55
-30
1
-13
9
39
-23
-22
-2
16
0
14
65
-9
-4
6
-11
6
-9
-29
22
46
-9
-6
-7
-27
47
-57
-16
-14
50
33
30
-22
-33
20
-73
-63
-32
69
-49
53
0
-14
-25
19
29
-52
8
60
-19
-36
6
34
17
27
-11
38
36
66
25
35
32
0
57
11
-27
29
-5
3
49
9
8
-30
-13
20
17
-4
1
-15
-101
-28
-26
49
64
-45
27
-66
-1
-2
21
69
6
-22
-45
-1
-6
-5
-40
13
-6
-9
-18
-34
-87
7
-2
-17
3
26
10
28
63
-6
-22
80
-56
-4
-39
72
23
-28
-13
36
-52
-7
-13
-36
24
3
27
-21
-38
24
-19
-63
-69
-38
-25
50
-62
61
91
-46
-16
53
-75
5
59
71
45
-8
3
-24
-1
-89
59
71
-36
-82
-13
30
32
-55
46
-27
-43
40
-12
38
37
-2
-32
-22
-56
-4
76
62
0
-8
37
14
-49
-29
-43
11
11
5
-27
19
-69
7
-2
43
94
-11
-2
-38
-24
30
47
12
2
-2
36
5
-50
58
20
56
13
-15
-46
-28
-35
-61
24
12
7
-84
18
-1
-21
-19
-3
-47
24
-6
-5
14
-20
17
-16
-48
-29
-22
51
-52
-19
6
-47
44
37
-13
-15
26
36
-4
-63
-1
-21
-4
22
-14
1
57
-6
-15
33
-37
58
15
25
-20
-10
17
15
-16
30
1
24
-15
-19
16
-12
9
-46
-50
-50
-46
-16
-39
-15
11
7
-39
-11
-36
-18
-56
17
17
27
-8
-12
5
-16
38
-7
5
-5
-24
61
8
44
60
18
36
35
-48
18
-25
-18
21
11
27
34
-12
-12
-90
6
-13
-17
-16
-3
44
16
-42
-27
-15
18
-16
0
-34
92
-5
-27
3
29
-2
39
-108
0
75
31
47
37
6
-22
86
-31
18
-47
5
-4
4
51
41
29
-25
-8
30
-16
-40
7
-5
-15
31
43
22
19
-9
50
23
-46
14
-43
10
-25
-2
-55
18
-34
59
-10
-29
-47
22
-49
2
80
-83
39
-41
13
28
2
21
-5
34
16
24
-5
-24
-65
8
21
33
-55
-33
15
-35
23
3
51
-22
-26
0
-5
34
-12
70
-9
1
-10
-36
2
-3
-54
11
-20
-18
6
19
-38
-59
-22
15
25
-5
14
-29
-8
-56
13
77
54
-7
-2
-8
65
71
52
-42
31
-22
6
-17
-21
-28
-4
20
30
50
-68
14
-8
68
19
-45
-36
-22
45
28
-21
-8
45
-80
-18
-79
-36
-14
61
-44
-29
-29
62
-8
55
-23
-5
25
-18
-28
23
51
-35
29
-3
-31
-35
12
-6
20
-22
65
-6
0
-28
-36
6
49
-22
-62
-81
-3
-56
13
-56
-41
8
44
-30
0
-20
-53
-36
-46
-32
40
21
15
-13
-32
2
-13
1
20
-49
73
-17
-28
-11
-7
-5
5
45
15
4
-25
30
-57
49
36
12
37
-20
-3
32
26
48
13
-4
52
-8
-16
44
-100
20
19
30
-73
51
-22
-53
-1
53
10
7
30
64
42
-11
70
-52
-61
-15
0
15
-59
20
-33
-33
-47
-5
31
13
