34 93 196
0 8
0 22
0 31
1 12
1 13
2 23
2 33
3 18
3 27
4 28
6 1
6 18
6 24
6 28
6 31
7 7
7 11
7 19
7 24
8 14
8 21
9 2
9 5
9 8
9 16
9 32
11 14
11 16
11 17
11 18
11 19
12 7
12 17
13 6
13 9
13 25
14 4
14 14
14 18
14 20
15 6
15 8
15 10
15 17
15 18
15 28
15 32
16 1
16 8
17 8
17 13
17 15
18 0
18 4
18 7
18 24
19 20
19 30
20 23
21 20
21 21
21 33
22 15
22 18
23 9
23 12
23 13
23 30
24 3
24 4
24 6
24 26
24 27
24 32
25 1
25 7
25 13
25 18
26 0
26 29
27 2
27 4
27 33
28 23
28 29
29 29
29 30
29 31
30 3
30 15
31 7
32 2
32 5
10
47
64
91
11
29
88
37
41
77
71
30
46
28
1
59
87
53
7
15
44
2
26
66
33
0
84
45
56
32
79
70
72
21
31
36
12
17
16
8
55
75
49
4
34
5
24
90
81
48
6
19
52
78
13
57
40
61
38
22
27
23
73
83
80
68
42
35
9
14
67
60
25
20
62
82
43
85
18
86
51
3
58
63
69
39
50
54
74
76
92
89
65
-140
299
325
-155
140
-226
-271
-246
186
-139
78
118
184
77
57
-97
-491
156
25
-54
-280
-72
-54
29
34
-156
392
-336
-19
113
155
-509
-188
214
-65
-203
-431
161
30
-275
163
70
273
-32
124
285
-151
304
-255
-167
183
-188
120
26
-75
73
39
-239
-92
-204
125
425
-73
-353
-4
250
-17
157
-18
-273
209
-9
57
15
199
171
-83
-131
-229
46
-86
2
163
-75
-33
104
176
162
193
-90
-40
261
21
40
-123
-84
311
3
48
373
-97
-118
30
-261
-218
84
-87
-33
155
51
-411
49
105
-218
8
-139
69
-369
-5
125
-295
-223
-56
-26
-67
-71
174
204
-338
43
-167
-71
-47
-231
152
-79
220
371
13
-97
-239
238
109
97
-137
-108
-573
-136
174
11
-312
-300
309
90
-96
-404
131
79
22
2
-262
1
-37
-164
69
328
-257
146
270
212
270
-244
180
-250
237
-59
136
235
-298
348
-114
-339
-391
171
-92
113
-10
277
-135
14
44
75
-11
-24
4
-42
-195
-95
53
-78
-65
107
-92
-181
-237
120
250
-55
238
-90
257
-169
-189
-111
115
-207
-115
-197
164
-74
-225
147
-126
-420
184
-40
-71
196
100
-196
121
190
33
-136
182
-108
-107
-34
-180
-205
-51
-37
2
-7
-40
-124
334
-87
-190
74
-254
318
144
-101
297
59
-132
-115
-97
-131
-240
-59
165
-54
-307
-183
-37
406
-363
-200
134
405
-169
91
236
268
-33
186
367
190
137
23
270
119
54
67
40
-206
-149
-301
-102
165
-18
-193
-389
105
31
-18
61
-6
-344
-52
11
-185
-30
10
-22
52
157
-29
-247
-66
270
-54
-162
-224
-152
-105
-165
-11
-6
116
-21
-144
157
-66
258
-3
23
190
153
-421
-53
-63
-182
161
-153
-7
-11
-31
81
-323
62
-23
-324
53
242
-357
-117
49
-252
-60
17
-94
20
23
-133
19
117
-295
4
28
-122
-232
24
39
249
188
19
252
-192
321
-367
-123
30
-11
-60
-77
244
16
188
-140
-147
-541
69
-112
-50
179
-224
402
133
29
356
196
-76
4
414
129
-136
-125
279
195
58
-101
-169
-24
-74
381
-23
60
-300
-121
78
104
248
279
-128
-229
145
-3
3
64
15
-334
177
-95
-107
157
-114
-276
-88
0
-80
-92
-120
-8
237
145
-143
98
222
96
291
57
31
59
-91
-115
301
-90
309
-42
-219
133
250
271
-199
-283
-56
258
306
439
397
-123
136
72
-47
-194
173
-62
-10
-111
149
11
-229
116
-221
-282
50
103
-129
255
95
-186
98
-233
193
12
181
54
-5
12
-48
276
99
78
-77
-182
234
41
83
-44
-372
309
-68
113
-168
303
-395
-232
-102
-195
-191
4
135
-241
-69
388
-66
29
307
-102
95
485
266
38
-261
-121
-142
-335
-198
102
-32
441
-144
-326
283
262
-123
-527
-21
-232
28
215
422
151
-23
-295
-255
177
183
157
485
-191
91
-469
-4
32
-10
266
22
-15
-100
20
57
32
-296
39
-109
161
247
-10
11
123
-39
295
-195
527
-65
135
220
33
156
-91
-166
-206
-52
-42
-279
-128
47
-102
-584
-549
-13
-72
-313
366
-146
-346
-214
-19
-141
-36
120
-24
-125
-43
232
-224
-393
11
-303
-276
118
160
-81
-65
380
-387
-33
202
-98
-230
-165
-6
-224
-48
-357
52
-224
338
262
-60
57
110
-166
192
216
343
145
41
108
-196
-85
11
48
-214
-241
-366
-2
100
-338
230
211
149
3
-122
-40
167
-224
30
265
186
125
110
-31
-336
-61
-25
-3
59
-217
147
229
150
-298
206
-293
-138
280
-171
135
-40
-6
58
85
-141
-80
226
184
174
281
47
-139
191
-240
-32
-115
-212
8
158
-579
260
56
74
217
52
33
112
-102
-4
-17
199
-411
21
-30
-118
290
-42
241
99
-127
73
211
-17
-154
-47
-54
-36
319
287
67
110
122
132
-36
-186
312
384
-64
3
-363
-284
62
-108
-131
-14
-53
229
55
-132
-48
97
-211
-135
147
157
-207
468
65
464
215
-197
185
275
34
23
-68
168
353
-65
495
-12
-9
43
81
-92
211
202
63
295
-77
-181
384
243
-243
-180
57
-18
219
226
38
275
-87
-49
-27
164
83
26
556
13
390
270
167
-111
7
16
11
-357
-282
-20
215
390
211
-134
19
-214
-131
-197
-136
-194
151
-103
-26
-291
239
-534
201
200
-93
-46
-74
-112
-55
-19
-70
-8
300
-223
-121
-70
-64
-103
-8
-65
184
135
-60
66
-329
13
-220
268
-149
-233
42
-54
-87
-20
198
171
-212
-45
-105
211
254
-411
-39
-76
89
264
-177
-211
109
-80
-227
256
-58
-73
170
94
-192
-271
-126
237
-166
-56
-360
126
337
-57
-258
96
-231
-198
173
179
-116
67
-67
77
-219
113
155
373
-153
258
-343
-333
309
-18
4
-472
175
-202
-221
-124
187
-203
-107
-290
-91
-267
17
243
-614
184
-125
-92
34
113
92
258
-151
224
92
84
-35
34
242
149
225
50
150
44
17
19
-157
-251
-46
-45
-510
39
201
-100
219
-41
-13
-121
351
7
-82
-26
439
0
-205
-122
-72
-97
196
-67
28
60
105
-31
-13
-25
111
10
380
-2
-248
-299
-71
113
-15
168
-43
-21
65
-57
141
243
226
-301
181
413
-10
175
-222
-228
-25
128
-14
20
44
-58
321
454
-176
123
282
259
304
200
352
-257
-37
-127
190
166
12
-135
-263
-177
-107
142
-7
49
-301
322
-269
-656
448
105
421
-127
-231
108
303
-15
-16
319
115
-21
-371
-410
-283
-171
168
-202
-124
330
59
-120
-171
-129
-124
-226
-10
19
-58
192
-38
-426
144
351
-493
-157
34
-168
130
180
-21
171
-93
91
288
-132
-21
-241
138
194
-166
-217
22
138
-106
-467
247
-13
343
-59
100
83
226
-299
-77
-338
281
63
50
-34
155
-233
162
96
76
71
-225
-184
195
-106
161
-322
227
6
82
-83
46
191
330
137
45
-36
-165
163
66
-14
-44
-108
10
-273
-66
192
393
-305
-62
-334
-52
-60
496
35
-243
-287
-36
-107
180
-141
416
-69
-122
534
-198
209
-101
-234
291
205
-250
3
92
308
-74
-80
-117
-56
-117
54
-127
-67
-105
-296
337
125
-76
-128
-199
128
-148
-32
-126
207
-92
189
-29
-83
27
149
29
-298
-106
-393
280
106
-296
-14
-72
-169
-230
101
429
63
-295
-264
-60
-54
-212
188
514
-321
59
-17
-24
143
-182
369
-103
68
-66
64
153
-26
-62
-107
123
357
-242
85
-5
-251
32
-88
296
-225
-197
-139
488
182
-290
276
-220
459
-98
30
252
210
18
-214
191
56
4
-321
-197
-29
-240
10
-73
115
191
408
-1
-81
170
184
-18
-156
112
-76
-168
-313
96
11
161
-483
-46
98
176
265
10
-257
136
-187
78
105
-48
-100
-19
317
207
-139
-72
220
34
115
-1
-275
-53
258
311
212
106
101
170
-184
442
14
-68
24
-47
-97
301
-361
-277
207
57
234
281
39
283
100
-499
109
211
24
159
251
-36
1
40
146
-99
-259
261
-139
346
71
3
-25
-454
115
260
-81
101
94
94
300
347
264
-64
263
-243
19
-701
53
-453
342
265
13
-129
7
197
158
78
14
-8
-82
189
-24
-37
115
-92
316
5
-56
105
126
227
125
65
-357
-168
-70
226
49
53
-17
-412
20
-541
202
150
-167
112
-80
174
-132
48
-290
-304
-8
-150
255
-132
117
-123
171
55
-260
-381
193
-262
-53
293
121
204
-394
-191
-228
267
-203
326
-4
-133
115
-55
-233
47
105
-14
229
-102
-11
-585
146
-95
56
222
-123
-53
135
312
-106
-65
25
-86
112
269
-219
20
501
-113
61
42
293
259
-12
-191
62
-10
-108
-374
-127
-51
2
261
-173
-42
60
-122
-5
296
61
-48
1
-293
-16
-78
-131
37
-93
197
-44
30
399
190
-83
-78
226
-38
286
44
-11
-92
-31
312
-131
-143
183
234
294
143
-41
80
-553
-76
-118
-128
-27
-141
-49
-9
173
-142
-27
-160
-185
-146
-64
49
-73
-299
-239
-37
247
36
194
-448
196
183
-93
-186
-76
45
72
-266
-189
107
20
-178
332
51
-262
280
81
122
-110
-57
-444
139
55
-42
210
-45
-39
-62
207
-503
244
105
36
-82
272
-173
121
262
117
-200
-33
4
-453
97
-142
-427
-22
-138
55
106
110
10
-72
-376
-206
-288
146
-259
-562
187
-18
263
-19
-355
8
148
240
-45
-151
149
224
-33
-168
-108
109
181
185
-430
346
-124
95
124
-221
208
-41
-77
8
-37
167
-23
-46
82
179
352
261
-157
49
153
-173
58
-70
218
29
-408
-269
144
40
57
152
138
131
322
41
-196
-355
52
235
-1
-142
0
305
-367
118
-244
21
2
24
-15
-98
119
137
-15
315
228
63
313
130
224
230
13
-62
170
71
-323
305
-78
-163
-23
147
36
60
176
11
281
3
50
156
-97
176
-102
-14
83
75
-72
-171
12
-262
-101
74
-54
49
220
111
150
-148
171
123
84
-285
-202
555
-2
17
229
-30
-64
-106
103
-93
137
-217
68
-91
105
-227
517
427
44
43
64
180
-246
-561
87
18
-164
-358
34
99
-191
-465
-249
-280
-115
18
159
280
4
-134
-271
340
25
-317
-195
-350
-101
-133
-149
109
-331
25
-243
-269
-138
-112
-217
159
363
178
-129
60
-162
-208
-58
235
-229
-74
-114
-248
-17
313
34
121
102
-30
-185
-17
-86
94
150
-121
-29
-142
73
5
-410
-232
-68
-19
-102
64
314
-117
78
68
116
-269
-283
85
303
-204
49
-185
-129
-278
-103
-207
123
-120
-16
-111
-97
-370
-204
233
-292
-297
128
-72
227
-187
340
-42
-78
17
-446
-39
274
-166
-71
111
141
455
421
38
-384
384
-203
-59
-57
-273
-212
28
-56
-122
-13
-25
-192
-378
52
-180
-80
62
118
-37
-327
-195
230
49
104
-93
277
197
42
85
201
97
10
14
5
38
-284
-272
-339
-77
12
-227
72
-166
225
-105
-64
-268
-50
263
0
64
58
-202
-123
-367
-40
-37
-106
467
-42
-173
-1
87
9
151
-206
-42
149
316
-115
7
-213
132
458
-120
-223
-47
-187
9
131
68
-105
-62
125
241
-28
-69
-71
-219
-213
150
-33
226
14
-227
86
-6
-115
-145
77
12
-385
-382
-49
59
-133
323
-31
156
133
-49
-62
33
258
82
-92
66
116
-313
-246
90
17
-222
-163
-271
386
-267
-31
193
-78
78
-151
-8
34
13
324
195
-170
-184
-266
18
60
-92
134
-88
250
-223
-82
-123
-146
-236
-7
113
-231
-392
-6
-488
134
-150
-251
164
12
-182
80
-213
-187
162
81
-288
66
-36
30
108
-178
-113
-42
-79
-3
-95
-71
525
82
-539
-25
-277
210
188
-351
175
-344
-78
-255
-201
38
122
123
-293
-126
16
-204
-303
259
103
-228
41
16
-431
-95
120
-48
16
-64
192
186
366
-275
270
-216
119
164
-107
-294
-18
-253
108
267
-22
17
75
279
317
-103
32
151
274
-221
-82
104
-75
58
-151
-273
568
19
-138
51
-335
121
258
-286
-65
-102
-145
173
-4
-166
77
-231
-190
143
78
171
240
166
55
-95
226
80
-37
-136
-356
-306
-276
-79
20
61
254
-38
-134
-138
106
385
250
-19
-56
-69
-186
128
72
9
-402
-89
-118
67
104
115
-57
-224
14
-249
59
-103
-150
-35
494
-225
179
39
196
-179
-100
342
51
165
-442
244
43
-143
-281
201
-97
-214
-114
304
75
179
28
-98
424
-42
-104
-104
-81
213
90
92
302
-235
-320
-56
-13
-8
239
-101
-32
-76
400
232
146
-136
-25
130
-83
180
55
63
-104
-101
37
-9
-75
-93
367
-434
-40
36
387
66
-67
354
22
104
68
-5
-406
-262
138
-186
-37
13
-107
32
-169
-180
-195
-517
134
280
48
-316
65
4
-255
-40
-98
-91
-105
320
-131
-192
-196
-263
133
281
0
-33
-103
-28
178
208
297
-181
155
137
249
120
-38
-556
-45
-137
-275
-21
-160
-157
63
66
11
268
137
-331
81
-56
-244
247
-58
180
-86
-120
-213
27
-120
99
84
27
197
-216
-130
-187
125
-259
-187
57
168
-208
-39
-98
35
-86
-48
66
239
-5
235
-254
-141
-93
40
200
176
3
-320
-126
-32
80
362
8
-199
-134
-48
-16
-436
242
83
321
26
-254
-82
447
-223
-107
-336
-37
37
1
-17
193
373
27
-128
259
277
16
-51
33
118
-138
-37
184
-51
33
-210
484
1
218
-185
-69
46
-84
-113
51
-115
-108
-109
-166
-264
-180
62
82
-127
8
71
65
-40
19
-228
485
7
-165
-94
120
165
-285
-310
144
-179
-31
-277
15
144
-72
-331
-294
-258
319
-221
64
175
-319
211
18
259
228
41
284
-215
-25
-142
103
-128
4
-64
-109
-212
166
579
-20
32
-121
-123
-32
-264
42
-139
-15
51
249
-215
18
432
-132
117
-131
134
76
-309
-380
187
73
-5
-82
-132
-68
207
136
101
-143
69
-273
-142
326
-364
72
122
-182
22
200
30
-78
-6
-7
-49
-62
-38
64
162
-332
149
-158
-212
-366
-112
-322
-44
76
118
-2
45
89
-22
72
-207
124
-69
62
-26
-83
-131
-22
8
-117
119
-125
204
-467
150
73
55
88
-254
-10
97
-17
-244
41
136
-32
132
59
-71
194
123
-200
-89
172
-81
-267
315
-189
-346
-300
162
-254
54
282
-156
71
121
-101
-121
186
-50
119
-43
0
-628
-392
135
-308
-219
-562
-143
84
222
31
248
318
180
315
-67
-143
-161
-10
254
82
271
-102
174
31
-94
193
154
160
-305
96
194
-142
-12
-71
40
-107
-244
140
266
-4
290
-235
-41
131
103
-204
-67
110
-391
-208
-121
-30
-404
132
-151
7
256
-153
136
54
-128
-208
64
-152
-57
-177
-2
-141
-55
-241
-102
-119
-248
96
179
-144
420
188
292
66
210
-192
-183
-169
204
-508
48
-274
267
-157
52
-388
101
-58
-17
-96
16
83
150
97
110
332
-168
170
-92
27
-60
80
-118
-140
-91
-224
-170
355
-8
-194
75
333
130
439
86
166
-68
130
-328
250
-82
-62
-38
-229
-150
-52
106
282
-95
467
-87
-79
3
134
77
272
-69
328
-203
-134
-404
175
6
-489
97
72
-515
-213
146
-212
467
-25
-123
53
-227
-170
23
-35
277
-7
298
101
292
-113
20
-90
46
-46
8
16
-28
-298
4
-32
51
246
83
69
17
303
-1
145
-219
-57
22
-37
46
-161
172
-275
-197
247
-266
202
-7
-70
92
211
-139
211
-98
-41
-28
167
-205
295
415
-215
-129
7
179
37
251
-74
285
66
123
185
65
139
275
255
156
269
-142
-176
179
148
-334
-254
-194
271
251
38
-62
20
56
49
82
-134
226
1
225
-61
150
9
129
-161
-251
295
48
146
207
-309
120
49
166
-109
-93
-50
-125
-456
-209
391
-321
549
163
-202
-54
-283
-437
316
251
62
-15
-438
-57
110
-2
436
-128
36
-143
-80
-223
-37
110
156
226
-20
268
248
-30
-239
-425
-481
-56
161
-31
-410
-292
126
150
269
-44
-104
-196
-4
-179
235
41
213
97
-425
55
-484
-60
134
92
275
-19
-210
-37
-53
-138
207
92
139
94
-191
-331
-194
-137
-275
-263
13
137
188
-29
388
71
-16
17
-113
-184
332
248
152
304
-138
35
278
-284
-282
88
-174
334
275
55
42
474
121
-59
-4
-62
292
4
-257
33
-197
-18
-87
-159
247
216
221
315
26
126
-23
-110
-268
-342
39
84
346
-72
-15
-287
-14
-213
90
-200
276
152
114
152
-10
172
47
-393
26
59
19
-154
-79
-191
146
255
63
-70
202
-113
47
76
94
-249
85
-265
-255
-262
280
-207
147
-141
80
40
-304
337
168
-15
-152
93
-116
140
38
156
-94
13
-233
120
156
-121
-5
-275
67
289
-45
10
-289
-208
-68
100
259
-280
53
383
-140
-105
11
-167
90
255
102
198
479
348
-27
181
-26
-33
91
46
158
-39
-185
-60
33
-47
-110
-79
152
217
-83
-136
222
50
27
-371
337
245
-82
119
-173
-150
34
177
-77
306
55
-93
242
-339
-172
-151
-37
-242
-81
-155
-48
226
112
70
-24
128
141
40
-100
-88
89
-192
72
-55
-25
293
-237
-8
69
-224
80
92
266
157
117
104
-104
-170
-186
185
44
-295
-6
-59
231
59
31
-83
-25
175
59
57
-61
-21
293
163
-233
-481
-362
-43
-143
85
387
-44
55
-421
-297
-125
-162
-31
500
8
337
35
-113
115
-125
127
150
134
245
42
-70
-229
149
-104
82
-300
106
-283
-254
47
-100
229
23
282
115
-243
-46
-121
-155
-87
66
62
-125
-122
47
153
-151
64
-225
245
-227
599
290
21
316
94
-129
-12
-157
2
-352
222
232
-247
175
183
-228
237
158
132
29
155
-16
-30
130
-162
11
-129
86
172
-196
-263
-131
-289
-172
218
-198
11
-518
33
-55
-21
63
146
-32
449
-38
229
-215
21
335
-157
-403
241
-38
-32
-72
-443
-320
-483
258
-47
-59
90
-93
276
-228
130
157
25
140
-136
172
-203
-20
247
-30
89
-69
4
-369
36
34
153
-61
158
-64
-132
-262
451
-325
-18
-28
35
331
-137
-114
-81
-77
-106
12
-22
14
36
293
-171
90
-240
-120
-110
-14
-189
65
-234
63
201
289
127
174
92
-223
-5
-212
81
-4
-249
-27
-106
92
-72
-98
-100
-106
-272
158
76
325
-130
42
216
-45
-271
47
229
12
-11
-106
-102
213
206
-395
81
124
-214
171
-34
-181
133
-177
-16
274
480
-282
418
-143
193
14
-19
-2
-243
-78
185
217
33
-10
96
-96
43
176
116
65
-216
-243
206
209
25
-159
-151
149
-107
-260
-71
-33
1
12
17
22
-56
210
181
338
-184
-181
156
295
-137
188
-204
95
-430
140
20
-89
-80
409
-282
21
-202
-66
260
-37
-147
-298
4
221
103
-112
-85
267
-318
-112
328
-75
46
-65
148
225
-123
-62
66
209
178
-428
106
279
5
-200
-275
141
44
-43
28
74
126
52
145
-133
611
51
-90
66
-297
3
-194
-71
-109
-19
-342
204
-256
31
-12
-81
244
-340
119
286
-131
-153
186
124
-106
306
76
-25
258
148
-138
167
-37
-250
38
133
35
256
-72
199
130
140
411
-44
54
-220
188
351
-249
250
155
29
79
5
-157
-156
76
-64
-25
82
93
-306
198
-121
111
226
72
-138
-67
344
-201
-196
169
-17
-265
-148
-117
-8
226
-105
-180
-239
327
-125
-322
-242
45
175
89
40
42
-429
328
12
286
59
-174
170
-50
79
-228
-212
21
131
126
-487
54
170
-85
-367
-41
-18
93
15
33
-306
65
-140
-37
105
75
301
-133
-240
318
196
265
73
2
-197
-215
-63
-318
9
167
136
-178
-139
51
278
-547
42
309
229
-57
83
59
431
-410
-316
-265
0
-92
-168
245
241
199
226
11
400
629
24
109
-285
-1
41
475
549
-43
13
169
167
-30
58
92
13
-74
-22
266
-91
-143
73
-60
195
-135
-44
116
-66
400
-136
235
-162
-9
-250
371
139
-191
4
338
-81
-112
278
-28
90
-203
-170
-108
-18
-135
247
-67
-95
313
35
205
39
-312
-67
16
-291
-120
189
-373
-61
-26
421
138
334
1
42
-263
-46
-54
395
-4
246
126
-193
75
228
152
-50
-282
-48
14
17
32
-386
51
-214
-138
286
304
-334
-79
-121
-666
-102
458
192
51
0
-209
-66
72
191
-249
-32
-327
156
-306
315
-47
85
72
243
-257
-305
-232
-62
-290
206
117
-111
77
373
-289
-50
-49
-98
229
257
76
-176
85
-23
252
-262
-169
-71
45
-320
52
-35
231
-51
219
90
210
429
-25
201
-46
-36
-26
-220
-478
302
287
-493
81
60
-46
-49
13
103
42
141
-46
323
379
349
-265
-197
-59
-460
-98
31
235
472
202
-205
-322
148
414
-207
446
176
-132
22
136
-103
101
-424
-215
50
-124
123
-170
333
-207
-47
120
-155
75
287
136
64
13
65
240
-39
303
65
91
-180
-9
-252
-123
-74
375
438
28
-182
118
1
-250
-127
-15
33
51
-222
-255
-327
-63
-47
-147
50
-183
303
342
39
132
155
215
-176
5
-31
154
-15
146
214
-53
-279
-47
-129
10
39
170
-163
-348
16
138
144
312
-139
-70
237
21
-28
-179
-119
371
-329
218
-237
-211
-86
13
-38
-101
-371
-163
-45
-218
-28
197
-5
-5
235
-207
-59
-251
-245
-404
-36
77
213
-156
-27
0
321
143
-261
-100
-210
-220
61
-132
-111
-376
-165
6
-267
245
250
399
-125
261
-208
-29
219
-22
80
-60
135
-4
-255
411
-86
-178
-32
-67
-61
-203
91
178
-45
48
199
-281
-81
-80
-114
394
-158
191
57
272
-110
-65
41
97
108
-255
-73
-58
-46
29
-349
167
-44
-43
-153
-146
-507
54
107
-167
-97
-222
4
-44
-160
-414
-11
-150
142
55
86
-126
99
178
88
130
84
-293
222
207
-227
-120
-63
226
249
86
336
258
93
18
372
132
-213
-197
8
206
172
75
381
-36
37
-128
-15
94
70
-40
-160
89
83
-127
177
-143
34
183
47
164
234
-348
-115
158
-299
169
-106
364
-470
-259
141
-51
-117
-223
-48
155
-243
-11
-32
153
53
176
-36
-71
-84
-107
294
-251
55
-222
-116
456
-46
97
-184
172
205
23
508
211
-94
-109
-75
153
105
323
-195
-47
-26
-176
183
198
-144
3
-145
-141
-237
-203
197
12
287
-55
55
-98
257
-409
334
100
41
482
175
23
65
74
-105
-26
-283
-44
-139
-112
-102
-141
63
-292
-18
-132
-259
-79
309
-59
88
108
-174
-23
55
332
28
-27
175
-33
-95
280
-38
-412
29
-401
-234
119
82
198
0
84
-159
108
110
-393
-4
-121
106
207
150
299
75
-80
-198
-183
-306
262
-154
38
-9
206
226
-119
-28
-254
335
100
120
-157
145
-63
57
-8
-124
20
-92
-217
-120
-423
264
2
228
185
55
-180
242
-57
72
15
151
-290
-19
-346
90
69
77
-156
-137
10
95
130
-221
226
209
-73
-502
134
15
-26
-7
192
155
-49
-23
-188
81
-408
43
120
3
13
176
-235
-101
182
201
-322
-39
235
-75
-14
-92
217
378
-26
110
-4
-44
-44
106
-144
-114
-64
179
-144
-136
227
-12
-377
123
-206
-283
256
81
269
-36
-138
-12
327
210
27
246
-115
-121
-90
-88
211
163
162
-260
-193
174
79
-113
-77
193
-6
294
217
201
105
-111
-142
4
86
-94
150
-144
-279
259
-539
-46
-92
-62
-238
-154
101
-85
283
-97
281
59
-108
282
62
58
-280
66
-182
-189
230
392
422
150
154
-190
120
-7
242
-213
-310
-126
-70
-177
-218
-162
-21
104
-67
-165
-103
165
75
132
-139
-131
-465
-401
-338
-177
-151
-68
-195
-39
62
331
-223
74
-175
168
-58
73
-50
113
344
-266
262
-226
107
63
26
-284
13
399
-104
-47
-127
-450
161
-249
205
32
593
-78
-48
421
70
-12
4
-254
276
174
34
-230
-313
202
54
288
121
-206
-258
5
-15
257
15
-170
90
191
-58
-4
366
149
111
218
-82
-110
-397
123
-48
104
-19
-197
-84
314
161
215
344
100
216
-109
224
-20
-54
153
105
-75
223
-175
244
32
-69
106
5
-269
18
207
-347
148
-149
206
180
-117
45
127
-85
-1
187
313
-166
-61
3
-10
27
-81
-91
-132
91
-103
-112
-43
26
-218
-10
-162
-38
-75
35
336
311
-59
-11
-32
-295
149
-118
65
329
80
-78
-39
311
-12
61
177
296
379
230
-4
356
-171
-385
-48
242
3
130
-49
-42
141
2
236
17
64
-105
-196
-13
-215
9
-132
-121
20
-103
0
324
-125
-33
73
112
-55
-66
-211
203
-89
15
-77
130
340
253
-2
-346
40
196
-151
267
-219
64
-12
238
-70
257
81
-194
-286
70
394
-167
155
397
35
69
314
-116
-236
420
-210
-9
-205
-120
-209
139
-271
-124
-228
-223
204
303
388
104
-182
102
30
-120
-19
318
124
48
41
-76
-18
37
-253
-12
31
-299
508
-197
-70
-169
-3
264
-195
51
389
-58
-231
-143
-166
-36
73
-90
399
224
95
-93
273
127
372
38
25
-189
6
259
-148
-332
-68
258
-98
165
-210
-124
-324
27
280
269
-247
-30
541
-35
-80
239
-43
-51
151
-253
68
115
-226
-196
126
215
-164
-62
128
60
-273
48
94
-75
86
25
-106
39
-60
236
263
-39
-144
-375
329
142
75
-76
290
178
126
-33
-175
93
-144
-168
-62
161
60
301
-313
-24
-413
-30
-11
-213
41
116
-165
455
-73
194
-273
240
-223
-12
24
114
314
-114
208
-171
115
-278
136
-61
100
-56
-87
248
-419
288
-379
123
168
18
57
-15
-88
202
-243
325
-203
-82
-12
-232
-253
-97
36
-19
334
-121
-82
-33
-113
79
-137
55
-34
-421
-143
-47
-83
232
242
168
-119
-18
-182
-102
-231
265
57
-256
-70
55
47
126
113
226
491
241
-323
277
432
-1
-174
-213
160
-184
-313
6
-103
-87
-266
193
143
-261
58
187
-308
408
-108
-359
97
136
37
-6
-262
277
-323
484
554
-181
-154
273
-191
117
-113
-272
-88
-145
-255
229
-318
-82
180
258
-146
-34
35
162
-89
-148
241
-187
-59
29
-69
-174
143
12
384
-96
370
-425
152
242
3
-19
-17
59
-85
52
132
73
-287
-14
-241
0
-439
-307
396
225
-279
-197
345
-153
-216
40
-393
53
-85
42
280
188
436
213
71
4
-108
245
-390
-284
147
210
-177
295
51
-267
-158
429
38
-141
-29
-93
7
291
-460
-82
-308
-75
-119
102
5
-162
158
-197
478
252
19
256
103
149
-339
-24
44
-158
-191
129
-111
-101
143
-121
-147
-198
-16
264
131
-612
-52
113
13
-46
158
-66
-159
-197
159
55
146
-144
-53
-37
-81
58
-172
-199
241
-319
-245
93
-92
-17
118
279
-173
11
-40
-57
135
-66
154
-58
-98
-141
-240
-63
24
-106
242
-50
-469
-285
8
49
-76
504
-276
-33
86
96
34
419
-87
22
122
-235
-162
-158
-198
288
186
320
116
-16
-296
-108
-414
-220
-199
-235
299
-114
326
-160
27
57
-40
193
-186
-161
-95
-288
98
145
92
416
-191
44
-324
-233
339
-65
175
210
118
-2
-123
33
-73
-323
99
142
283
80
15
45
422
-352
-74
72
-37
-2
-172
249
137
219
246
-23
241
179
-85
135
55
137
-190
270
282
-117
251
105
295
-174
25
-50
73
-343
-147
-55
184
17
135
-151
338
36
62
-196
193
91
-231
245
33
47
112
-107
-9
164
-139
-163
-90
133
-78
-146
-131
-13
108
-103
227
277
382
19
62
-137
-372
93
-122
-119
111
-281
-184
206
-185
-275
110
-13
-123
339
-60
276
-319
-97
18
33
-37
45
-362
-180
19
93
-241
102
-200
-244
-190
244
340
210
71
77
175
91
253
-299
-123
-106
354
67
261
-156
-155
-294
-208
-232
-171
163
115
81
1
38
88
50
-243
-239
137
-273
188
57
202
270
310
138
23
284
-78
-185
77
-233
98
192
-9
-214
-153
-45
-78
-159
110
-46
-123
232
7
46
-273
-109
-10
189
-274
-394
-259
-50
-55
407
126
-256
175
263
-52
172
-214
-3
-50
154
-316
-69
175
-159
43
39
90
90
299
-340
-76
195
27
-123
230
276
-142
333
-58
12
147
-116
35
-182
-75
7
184
86
112
396
42
-150
-172
-107
61
507
-50
-23
268
118
-120
-27
51
-246
164
206
-108
279
-15
-22
-252
-164
308
-128
50
-235
57
124
123
232
244
-27
-448
-530
130
-23
-47
-171
296
-97
257
66
-105
294
330
-175
117
-106
80
130
-159
145
195
137
-116
-31
-73
-50
224
24
-276
-68
197
-244
183
-74
201
-321
-418
74
-91
132
189
402
19
-249
125
-56
-105
-210
-77
-114
57
-84
404
-120
-72
-283
-192
-291
247
41
77
-17
204
-118
104
-137
121
170
91
37
-61
49
43
-104
-30
-115
247
-46
207
66
49
-112
-437
-61
53
101
517
-33
6
247
-49
233
189
180
-308
-92
-120
-145
-288
-59
476
192
-154
134
170
113
148
-159
189
27
165
-86
45
9
-417
-240
-86
-44
157
-185
160
153
-91
-49
-55
-9
222
37
21
-359
562
195
151
-114
323
-127
-80
-113
336
176
-56
6
121
-385
354
-6
145
228
123
195
94
137
184
-20
-60
152
251
171
-297
143
-100
-364
161
-33
-119
-43
-238
299
8
294
-47
154
2
-148
-114
275
180
-395
-207
-13
79
18
-62
-5
-62
-182
-275
-190
32
-264
227
-196
310
273
152
-22
-86
131
-276
-28
165
155
304
205
-181
-281
-236
101
61
23
122
177
228
-72
-86
-455
44
-144
63
129
-79
154
135
-239
34
76
-161
-311
-27
-122
-189
133
71
245
161
184
225
-86
63
-233
84
-152
34
209
113
-142
67
-177
-75
-138
-227
389
76
-311
-211
201
149
-218
-61
-160
-273
202
-229
-347
36
191
1
44
91
-255
28
221
-9
190
312
-41
298
-205
-67
-65
-131
-117
-148
-176
-124
189
-128
48
-283
-24
-67
420
-216
23
31
205
8
-47
-135
158
424
-265
312
-13
-91
25
-178
132
-130
164
-226
-241
166
-192
105
-166
223
-31
-32
-1
37
5
-83
58
38
185
127
-129
-132
106
39
147
-128
-27
-127
62
48
-355
373
161
369
2
310
136
-302
157
195
130
110
-285
231
-157
43
-281
-167
397
-306
-87
37
-221
254
143
45
395
-375
59
-457
-160
-44
237
-8
198
165
-57
152
-31
169
318
202
87
146
355
-188
429
-162
90
-209
87
430
201
169
-253
-87
59
73
-232
-90
45
-161
-43
-290
212
-444
-118
274
-499
311
-52
-189
-204
-139
89
-337
-160
-348
311
253
377
-260
-256
122
-353
837
-30
179
483
344
13
-36
-10
-95
386
53
-354
-53
186
-67
-235
-151
-191
236
-337
-189
-203
-249
-116
-112
160
302
70
-318
-132
-50
237
-62
-8
41
-194
-363
186
230
175
-89
46
-64
-166
-66
-48
13
59
-71
30
-87
-65
136
368
229
429
58
-237
90
146
71
142
-64
272
90
-241
-126
96
-7
-169
378
-207
259
-43
-84
-166
386
-87
352
-42
0
-139
296
-182
-84
129
-140
318
22
-240
-293
-117
188
-23
-137
251
-135
89
-188
-97
395
-323
122
372
307
-44
142
192
-462
-186
-98
-189
567
-436
109
0
-96
131
412
15
-228
-45
-230
260
-204
115
-70
59
188
307
59
48
-72
-300
-271
79
-248
209
13
-140
205
138
-163
-142
413
-45
-12
66
205
178
-87
-251
197
194
-13
-45
39
12
-217
188
-26
-243
-437
-128
30
116
75
200
247
-64
-2
-173
-179
323
-17
184
80
151
-176
-208
60
-123
-445
318
-59
-21
-4
-10
-54
-229
2
-81
-42
-272
-291
74
227
125
120
-292
129
12
124
-67
95
96
-339
-215
111
-20
-261
16
287
-106
-20
-70
68
111
459
-473
-251
-165
-274
-87
-326
144
-230
132
21
-144
-288
-211
355
-84
-346
-101
116
-42
13
-71
122
141
235
126
-63
-127
-392
-29
90
-123
73
-264
-217
-146
29
-164
-112
28
-107
65
-33
63
-109
-73
16
40
-23
-142
312
372
163
44
282
-323
-272
195
294
-13
-252
-227
-268
-58
-142
-177
202
224
10
316
635
19
-114
-172
-34
15
24
142
33
-56
192
169
-2
-45
71
-168
117
-57
-6
359
343
355
20
-66
79
-90
45
229
46
29
-91
214
-480
-53
369
-149
109
112
301
203
-45
-379
172
-98
-109
36
13
-40
-246
-77
171
-304
97
131
-265
-180
1
112
-106
404
-23
108
-67
224
-117
237
33
9
-353
344
-174
-346
-191
-273
54
-198
143
95
198
145
139
165
-190
-5
-93
376
31
-47
177
93
-114
192
-169
251
288
344
-121
-8
36
-329
-142
119
-12
-173
-153
114
354
-64
193
207
85
50
-248
-673
-88
-192
-118
176
-263
110
-260
-364
-78
-27
-242
-206
60
58
83
100
-34
-61
120
31
-210
-90
81
102
48
-210
-147
-34
-120
288
-158
15
-211
-50
20
309
-325
94
-243
184
-213
-1
242
-473
-57
-24
97
68
-255
-288
50
-135
99
132
54
162
-259
20
-197
-28
-118
-67
-52
47
165
-11
69
-243
151
109
-47
53
-192
108
-131
18
-280
180
-211
-436
242
-36
-11
282
70
48
21
34
-157
-54
142
99
284
85
251
195
-234
-55
158
-265
190
52
-89
183
-161
65
-107
-150
-442
-336
-153
97
114
-470
-219
34
-165
70
271
456
-209
128
-173
-63
-209
-92
-144
40
267
158
228
170
400
-156
-237
297
-201
-1
24
173
-37
311
-196
-120
168
-148
-288
-40
251
-320
-265
-154
107
-25
-198
10
217
475
-42
-160
-354
238
386
22
-156
-93
60
-162
70
-17
180
-9
212
-53
270
174
19
-190
105
165
94
-113
71
-7
179
-91
-40
210
-208
-46
13
54
312
64
-261
386
339
-199
324
-248
105
184
-181
99
262
-136
289
-241
331
315
-251
-113
-284
-151
388
-239
346
41
-178
17
-607
68
-210
280
-119
24
351
440
-160
-45
130
17
72
-1
31
253
-5
-161
387
25
68
-111
333
-43
181
-71
106
-226
-163
-215
-119
34
50
-94
159
-43
-259
-99
-271
125
-138
13
306
105
-25
166
-215
195
178
191
37
76
131
4
174
118
-132
-47
-72
-231
-202
320
128
-144
-522
-156
-278
-324
16
320
141
48
-207
-132
87
-153
33
226
45
-23
184
73
104
-463
-95
71
-165
471
0
374
154
87
-182
-190
-81
55
211
253
-167
434
179
12
-306
-82
48
52
100
-448
66
8
-257
-169
-27
-176
-190
422
-20
340
-16
-77
41
19
-180
-398
403
206
418
93
80
98
190
72
265
118
98
44
-164
-115
-296
-62
-352
-39
-427
29
162
-299
6
67
-39
-211
-100
501
230
-4
29
-184
-403
173
-232
-5
51
-114
204
-62
-44
96
-48
281
393
-72
0
-265
-30
-198
-117
-135
-93
-74
-14
111
123
159
25
61
1
-150
-22
-103
462
111
344
-42
-168
84
-66
120
283
133
-58
540
89
-272
179
-17
137
-65
-62
123
-289
117
117
215
46
302
-135
-173
105
-141
-150
58
-2
-81
302
374
-159
284
-60
-122
10
315
297
492
-74
-325
-190
-148
-255
198
312
-97
306
143
-32
-26
23
119
-198
114
194
-94
-73
259
142
355
170
156
-381
73
75
-259
61
-196
287
-225
-146
53
80
-194
-122
178
0
-142
-41
-172
28
-14
80
110
107
-130
32
5
20
-98
-118
22
-24
-110
-60
-324
-241
-272
51
193
60
-196
-149
347
24
-341
240
193
94
179
55
105
64
208
63
-29
-82
56
7
-90
-304
58
145
-83
102
-344
-30
238
-299
96
130
264
-68
-403
204
-105
83
16
-100
-120
-51
-202
-350
-300
-74
95
-274
-90
3
-89
-290
320
-118
211
-317
-98
-19
129
-353
139
360
-155
100
29
151
205
119
249
-51
-126
30
-88
294
-55
-200
-45
-44
97
-129
243
86
-47
182
182
-215
150
-197
294
-262
-195
204
29
-117
112
-209
-169
42
-111
-40
63
369
-98
-104
-194
60
-51
-55
346
-229
347
-154
103
88
128
143
27
-84
35
140
-146
31
7
94
-234
-450
64
125
326
-363
-121
55
229
-120
139
-178
-420
129
12
99
-387
-302
-272
61
117
-326
-225
100
-64
141
217
385
-107
47
-153
-142
-55
-432
-40
-61
67
-265
-240
-306
-119
-198
230
190
-42
17
73
-26
294
-158
-320
-254
-267
6
122
128
-26
-7
4
-19
-164
192
101
127
-246
-39
-69
175
191
184
-172
164
142
128
-233
-51
-118
-69
23
186
-271
-14
202
125
354
-256
32
-132
-363
-81
173
274
-151
164
-279
-85
-283
254
135
-110
-25
162
-137
35
7
104
-425
-15
137
-41
-73
-229
-155
-31
-151
-108
126
-141
-20
92
38
-50
-131
24
-197
-127
44
113
76
-484
272
248
-109
99
388
302
224
56
-141
-201
50
-106
176
45
-72
-39
-139
-201
276
-212
-109
41
249
204
21
-106
82
-72
106
-4
-264
-127
-17
-333
142
531
353
318
48
78
127
54
-24
362
319
51
-312
436
-670
595
37
28
-303
108
-106
-115
-46
102
-174
-196
167
-545
142
335
-27
-120
22
54
59
251
-235
-66
133
-117
375
60
32
-76
132
213
-3
84
192
294
-131
-34
81
-112
256
-73
-17
176
32
-68
276
-254
-419
-116
-185
-84
-69
-263
68
12
221
-303
-413
77
122
-427
-22
-69
28
-136
205
272
186
-159
406
-53
112
-149
-90
158
484
-319
-247
165
238
-42
-138
184
42
229
200
189
55
-129
403
-220
176
-281
-279
-219
84
435
-348
-107
-218
107
-25
-235
-40
-207
-97
245
102
-209
138
166
14
-9
247
243
224
-435
-196
-286
-310
333
-151
-429
406
52
114
-231
229
210
26
-364
21
87
156
199
-74
-23
102
140
201
-133
236
-126
-35
89
25
-97
232
257
-21
37
13
164
163
-54
300
115
-136
-52
258
333
-399
111
-41
195
-344
406
-484
182
-118
-53
-5
-212
42
-85
485
57
-311
-560
88
-204
-38
303
87
178
100
-5
-112
-80
-41
451
105
167
108
8
-22
24
-61
64
-272
128
-381
-307
-53
-89
-34
75
71
-61
-38
321
-41
-183
413
-313
-292
-128
112
-105
56
-146
292
-221
128
-50
204
493
-32
91
117
120
277
85
52
-151
130
35
320
176
-41
10
-268
-90
167
-22
-119
154
-170
-356
54
-86
329
115
-150
104
202
35
312
275
250
-301
35
-270
28
-134
29
135
0
242
-5
116
0
196
-555
-14
52
-184
265
-37
-110
-2
76
106
284
273
280
81
-113
129
124
-155
150
127
-92
19
139
-144
-329
-340
-276
-118
-325
-76
-410
-161
-182
-7
-208
234
-170
-133
-161
-181
-237
183
-300
-101
147
-170
66
148
50
-98
-96
33
35
157
-46
171
-78
298
115
-41
269
-4
-87
-208
239
-295
-372
359
220
-15
8
320
372
132
73
-31
-144
121
-70
-159
112
156
-68
336
40
359
443
173
-190
-203
-83
-385
-126
-4
150
299
318
-225
-167
200
-87
-79
33
-303
-282
-162
-181
201
130
-17
-15
201
-72
-59
-141
338
-321
-4
-57
-487
60
42
130
-105
-174
-33
-438
-67
204
-151
-194
61
53
-316
65
-208
77
47
-162
204
70
-234
-234
107
-99
292
199
-157
-315
-16
-274
-27
52
309
-99
-80
-217
40
156
-369
64
64
-2
117
270
-34
286
-155
218
54
12
-5
85
98
78
-37
-277
-124
-190
-120
144
174
-78
43
22
-119
12
-473
-125
-206
-30
202
-250
-101
-170
75
190
-45
-75
-30
-77
-47
-224
62
-120
255
111
110
50
230
-184
-439
-192
17
96
-106
215
-452
-127
112
-468
267
241
160
384
-150
-225
140
12
-362
185
202
195
12
-102
351
227
-102
332
-55
-13
-602
-136
-169
-182
291
92
346
-36
-118
-151
105
-568
261
-81
-143
37
227
259
157
-69
350
147
-170
60
-6
137
-352
7
18
95
-245
20
252
-145
-236
90
3
-229
404
293
-337
-191
72
189
-10
-275
405
0
183
139
163
-303
-32
-177
88
4
-428
-217
280
391
237
23
-181
-65
207
336
223
-254
-469
-39
174
-113
-57
167
165
36
9
77
-147
94
243
-5
-132
-289
-270
-8
454
-79
-589
322
-108
-255
-73
118
-172
233
-166
-166
-43
-150
-153
-391
-467
85
-57
16
-335
-482
-1
165
72
-92
-300
-176
296
278
-48
51
-333
-128
-5
165
-9
-310
-137
-15
215
-111
-305
5
90
-151
-442
142
102
-44
-116
-35
171
95
224
182
274
173
246
35
-60
-322
-101
289
11
-296
119
58
91
-1
53
-71
50
-183
43
72
82
-195
292
58
184
-376
-289
265
-196
78
-214
-74
-302
-99
70
-74
254
-30
-185
110
-89
124
48
-510
-239
-321
-205
-67
-226
-155
-259
-4
-236
64
-169
-242
-90
260
171
-31
-181
-242
-194
277
116
162
272
-140
50
-51
-24
186
-327
159
-354
-133
136
479
-233
-97
74
-382
-257
-29
-200
64
251
128
-13
408
-78
-188
-457
403
-187
13
-276
75
127
-160
-88
-69
239
-619
-88
94
-112
-237
73
69
-42
214
391
106
145
449
-34
-43
-315
-37
226
-153
-363
-94
333
-185
-15
-162
168
-88
-123
-135
-279
-79
-142
-206
16
-234
-123
162
101
-458
120
-74
-255
-149
-232
-469
-100
29
85
239
-418
-43
-130
191
-146
-3
64
190
-118
36
163
-362
109
-114
-2
-188
231
-202
-14
218
-334
-186
-184
277
-86
-132
-66
-275
32
-275
6
-319
151
-17
144
83
204
-53
-106
-139
16
-185
365
331
373
55
-349
-18
-512
-171
-64
-371
-348
153
-174
-484
352
-171
155
124
-3
31
113
-122
-58
213
-189
24
-32
219
173
123
331
163
99
-110
28
322
45
-100
152
137
-180
109
10
-17
-110
157
-254
-306
-87
87
-82
-18
-65
-23
-227
-366
-179
152
203
289
10
253
181
1
-19
82
-24
191
80
314
-131
-125
59
176
-24
86
-274
23
233
57
51
171
100
-109
139
-247
62
124
486
130
103
-362
-32
-68
-359
148
27
139
-241
-425
347
49
42
175
112
135
8
114
-248
-31
104
23
-163
240
-63
-93
226
-432
-230
43
49
86
244
-323
111
-18
149
397
-205
130
-177
21
-31
-195
-89
22
-103
-403
-176
-149
-7
182
306
91
-23
211
178
-118
-72
205
-136
-44
136
70
51
-432
-62
-293
240
27
-120
66
-34
-44
-191
-134
5
324
339
-19
-23
-159
-85
473
272
-82
520
-140
-191
115
-212
-100
259
173
-312
52
139
61
91
240
25
-321
-449
-104
-185
189
-12
-101
71
206
-139
-209
-493
-85
-207
-455
-198
65
-50
8
-358
42
33
-145
293
346
-105
-96
-140
-47
66
-347
63
17
-92
-109
179
-92
-223
-235
81
-154
-155
85
160
-86
-467
-398
-95
22
76
-244
39
-192
132
-42
28
-56
15
139
-105
129
-73
22
-19
-107
-206
10
-81
156
17
-19
-118
-19
-15
121
218
-112
-93
-62
210
-258
-201
66
-295
16
-111
142
-171
25
189
-203
115
20
33
-166
-96
246
116
483
120
457
-543
426
-220
253
-103
86
201
-20
108
207
490
-134
62
-77
413
165
-90
-30
177
74
164
96
88
-121
38
-135
-110
21
4
-240
-42
194
159
-376
389
229
-111
-250
194
66
-89
-225
-38
-224
-113
-98
125
37
-183
-254
40
-79
-291
87
284
219
-117
-97
202
-219
212
494
244
-44
-57
-12
-174
-45
22
315
2
151
-133
-310
137
248
-129
-63
-316
106
-23
-175
-519
-238
-465
-24
149
-290
-197
13
130
-225
116
25
7
213
-211
-375
91
26
107
101
230
-483
151
-205
84
220
-46
-162
-153
34
1
436
-68
-18
63
-222
106
-52
194
83
-79
-128
188
-32
126
-401
42
448
-135
-45
-273
-160
185
-227
98
20
56
-84
77
98
227
338
-223
-159
-56
108
-59
110
-182
-166
-79
-294
42
40
-409
-50
141
106
3
-62
349
128
-17
-188
61
14
-226
181
201
-231
264
165
221
408
-291
8
255
-125
-216
-42
153
260
119
-41
96
-101
-262
-79
16
135
44
-36
110
-49
430
153
2
-82
-122
-373
86
286
41
328
-226
155
156
-192
298
-155
60
-187
-198
-75
166
142
-51
168
-359
-18
177
-103
-260
-24
36
398
-89
-462
247
134
-275
87
64
48
-107
-57
49
149
-153
-103
-73
101
397
11
168
-40
-12
-68
318
-53
-117
61
-71
-16
79
-106
-194
-381
29
-269
-83
33
47
4
-69
-82
191
125
226
407
-125
242
253
-96
18
180
105
-151
-158
103
-12
11
210
-361
-108
53
313
256
114
87
23
0
9
-344
7
-152
216
334
85
173
334
177
-15
351
386
274
144
279
-223
370
-317
-15
149
-50
-17
-185
120
102
103
140
176
328
128
-56
-161
-160
246
-100
270
-219
-113
602
157
116
-78
135
-189
-138
120
-82
-2
156
160
9
329
-33
434
11
-45
-163
-8
-22
94
-199
-100
-45
48
-126
-271
-65
492
18
195
94
-65
-53
-23
119
195
7
-59
-16
183
106
-289
30
-239
141
329
82
-3
245
114
413
209
53
-230
-257
58
-127
-104
-273
-10
-56
-214
-201
8
254
-33
66
168
139
161
-36
253
-180
-33
-7
-117
-169
45
-81
-140
195
-51
34
155
167
134
-124
44
58
-206
-96
202
-135
193
-35
-193
-312
-147
-339
57
-55
-302
-192
-408
-57
-310
-52
-369
99
-75
-69
-260
6
-426
-47
-138
-114
-98
192
28
-6
198
-129
107
-105
438
-39
194
-122
101
-257
160
503
103
-177
347
266
109
268
-79
-105
-98
-261
253
-85
-149
243
29
126
240
194
231
329
308
-38
-465
-24
140
-31
247
-61
157
-382
59
39
344
64
-229
290
-211
-82
-329
23
-20
-348
-88
-27
7
126
217
-116
339
-112
-27
3
-44
167
-135
136
-235
-113
-257
258
239
98
15
-212
-36
96
-352
-2
-69
145
-157
20
188
383
260
22
166
-3
180
210
292
-145
-12
-193
-155
-239
-300
-255
-189
-243
77
381
-405
-51
-301
361
117
244
-239
-162
220
113
223
-91
-366
-27
160
96
129
125
50
110
-19
48
-348
407
-151
317
236
-114
128
171
230
-44
271
360
-37
7
108
5
-45
246
-127
-154
307
70
309
125
-144
15
60
192
-231
357
42
112
-226
-21
73
193
-1
367
23
-173
166
-365
-46
-14
-226
-154
182
-226
-146
111
-237
-193
-65
198
-119
158
89
-101
-373
-61
-319
161
-152
-178
-329
-194
-3
479
33
-187
-354
-200
-24
30
-329
245
315
116
340
127
119
236
506
329
-314
-116
230
-195
-119
-47
-190
-77
163
58
-63
41
-377
176
-58
-9
-234
-83
-114
-173
71
-203
-289
-113
123
-97
-195
-362
-24
-232
-61
221
179
353
-47
-239
287
131
218
-103
115
416
115
-88
134
-88
-28
86
-128
-87
316
-314
356
26
189
29
-263
164
158
7
-181
-80
-81
-387
1
302
4
-137
297
-79
-63
-175
-139
80
157
582
414
225
46
-96
92
-296
56
-133
-336
-10
-206
-65
-260
44
-217
-29
-179
28
-144
24
-19
-99
330
342
-232
394
-101
50
-146
-60
33
240
-6
-305
237
-15
53
45
-304
254
255
113
19
-71
-348
-58
-4
-262
-124
247
84
-473
-170
85
-120
122
82
-28
-24
8
220
16
-33
21
-254
-371
-69
146
167
-145
-91
180
-142
104
-97
11
29
-75
409
-133
-115
-8
-26
-118
-176
231
-86
-425
-137
-11
25
-288
477
-311
141
234
93
272
304
313
374
-164
136
-91
-15
270
133
79
166
-317
-25
-220
-250
94
-72
-34
-77
-126
400
248
-265
-64
144
-251
-10
-91
45
-51
24
-419
-4
100
219
-371
-141
-15
-112
44
-80
66
-28
-55
-113
-159
-126
-208
135
173
-28
189
156
33
-399
26
-196
190
-303
353
88
294
-305
-47
161
390
-271
-165
-63
-336
-310
-121
123
-65
231
-71
-116
-10
151
237
191
150
155
16
-100
199
140
-31
-142
183
7
-186
-319
161
222
-21
316
102
80
-61
101
370
-256
-36
147
-115
-292
-132
54
-81
-20
118
-380
-76
78
147
37
148
168
-160
-180
270
-241
13
575
74
-183
430
130
-66
103
-196
369
-203
211
316
-246
-324
63
87
203
183
-178
-160
-96
-265
39
-128
-162
-77
365
-57
149
-155
-66
-563
-51
104
62
56
-14
5
97
-108
-339
-243
-114
302
-132
-82
40
75
332
-52
70
1
29
97
-206
-61
39
-102
79
75
-201
-87
-25
335
64
-456
-84
-416
-368
64
-157
-556
309
72
56
-177
-65
19
158
113
82
61
-459
60
10
-328
115
145
127
-118
-195
182
342
15
463
-22
86
-65
111
94
166
303
-14
-170
-6
248
-14
198
137
-274
53
-253
-103
87
-43
80
38
-48
25
-102
80
150
-146
-230
-112
183
-218
344
-515
-87
-79
253
-203
-158
278
-174
-40
-25
376
393
-60
19
-114
144
55
-180
-130
210
299
198
-120
-16
140
145
-192
57
76
44
-86
-10
-137
-92
291
-145
-24
137
-190
-284
103
348
-68
-382
37
193
16
81
172
30
103
84
-136
-23
-76
-11
24
-238
116
247
160
-69
-88
145
-67
84
37
-26
-148
-81
-32
-69
90
-148
-127
-66
-69
-5
153
172
-37
104
-27
-527
-294
252
79
-447
145
317
-173
-183
-139
-216
58
-277
-159
-54
-59
-302
-82
-116
-321
66
440
-236
242
20
-2
41
-4
-473
-273
-61
361
-355
-390
-40
140
40
0
-26
133
-114
-192
356
61
34
68
196
157
-54
6
-537
-145
292
352
-7
-121
-527
36
57
103
254
-268
263
151
-205
-16
-247
18
123
-65
39
176
267
-360
-68
132
72
309
-69
139
303
-102
-267
-297
126
136
261
453
-112
-116
16
59
-257
147
147
226
21
-180
158
122
9
-48
357
103
-120
189
102
301
63
119
9
186
230
113
-51
272
464
-78
-65
-12
-176
115
300
-80
-232
81
35
47
68
-149
18
-86
115
-39
-32
-73
146
105
121
238
108
-51
-107
27
141
-58
-208
-208
-452
-142
-144
58
94
-241
440
-85
131
-114
-478
-326
-293
47
-311
-146
-58
56
5
-215
-50
-204
-285
255
-104
479
-256
176
-335
104
222
-295
96
158
-375
36
-53
-118
179
290
-171
-243
137
-69
-353
50
144
306
163
150
7
-25
211
-128
602
-220
-49
-108
412
190
-137
-170
400
-86
676
234
75
-86
-115
-161
-232
226
23
50
-199
-301
39
-252
-15
96
-59
217
56
203
151
312
85
-306
344
117
-186
-226
-87
-233
-210
190
81
-54
78
-165
569
-103
-21
-171
316
-61
-117
196
-149
71
-136
-7
197
159
-198
93
-101
-439
64
22
-50
-255
-36
-50
127
96
96
221
-179
125
-88
377
282
-84
-193
24
-39
67
-64
331
148
-120
-168
-95
-241
407
4
122
79
23
-124
-96
197
71
-171
484
36
-380
-79
-104
208
-144
132
-39
-108
-103
-113
-170
212
-276
-32
-190
149
283
-39
-24
497
224
-139
377
129
-25
28
92
177
-338
-67
169
-113
245
135
-350
195
-411
-60
184
138
132
-83
243
229
-123
-417
-131
-193
-13
138
277
50
-689
129
8
44
-99
240
-6
72
-217
-268
36
-190
-40
-225
61
-306
38
3
-57
77
-299
-187
-95
-77
37
114
-48
13
-152
-142
-165
-83
165
-367
88
-130
382
249
-137
122
-23
19
-156
-389
19
-144
-46
183
353
113
135
-467
-202
236
36
-234
-163
-85
-14
-234
23
242
111
120
-229
295
-295
-156
152
-384
-132
-120
168
176
-58
141
100
-185
-104
26
41
-86
-194
-57
123
-149
318
1
94
-114
-159
-238
306
-49
-150
-189
-169
-284
-127
359
-191
-20
104
-21
93
-33
-67
295
90
202
-50
0
-157
-285
120
-107
-31
-5
11
-188
72
-244
-147
-28
-70
-50
46
81
-14
147
84
-51
-347
58
-389
-88
-56
170
69
-170
-210
-84
80
5
243
-158
-2
46
-247
-202
290
297
-156
44
-24
28
80
-153
400
-355
45
392
162
-99
-123
-102
-61
-132
-18
91
224
-581
-37
-77
151
-28
-155
295
-43
65
-17
10
-123
-100
-56
44
473
-131
-56
-34
179
-201
287
248
79
-366
-130
-377
34
-81
-297
-24
-148
302
-316
65
-130
-121
53
13
-54
-321
-354
804
-62
7
141
267
138
317
-5
-267
162
103
156
-79
148
437
227
11
98
137
-71
199
14
223
-91
143
-304
273
-236
-25
-14
-300
-73
-343
321
-167
-227
98
32
-228
146
-270
122
92
-1
32
20
-3
-33
-4
-312
-260
-150
135
-215
260
165
-136
179
-308
48
135
169
24
-161
376
50
-23
5
44
356
-52
-264
154
54
406
-15
104
-206
-63
161
-180
-14
167
348
-173
-235
-282
-302
-51
332
528
136
243
123
325
-127
161
-154
-319
-101
-427
152
-770
431
176
155
237
124
-16
-201
200
-526
-90
61
-184
154
-2
300
82
108
-80
-185
-542
-52
33
-18
154
21
209
8
153
-63
91
-76
49
-58
-295
382
-131
94
-102
220
122
-213
447
203
-264
-149
361
-383
29
-391
172
137
22
-86
-89
100
-139
46
49
-10
370
1
68
-267
-5
285
100
87
107
407
-97
200
-73
271
-4
-109
-97
-262
-125
188
85
-31
-151
-82
-4
397
-144
-37
-204
495
-514
-187
183
-290
403
289
100
395
75
-9
98
-65
186
172
-168
-72
-79
213
188
74
15
-119
31
355
147
70
-71
-106
-274
-48
-397
243
232
-302
261
-25
30
-181
-194
5
219
325
52
172
-114
-102
-177
-371
-164
-148
442
-66
69
186
293
184
123
-188
-245
-13
-9
345
151
-107
226
