24 87 841
0 16
0 19
1 11
1 14
2 6
2 12
2 16
2 23
3 0
3 3
3 6
3 21
5 6
5 8
5 9
5 18
5 19
6 1
6 7
6 18
6 19
7 6
7 17
7 18
7 20
8 3
8 9
8 13
8 23
9 4
9 9
9 23
10 1
10 4
10 22
10 23
11 6
11 10
11 21
12 2
12 11
12 13
12 14
12 15
12 16
12 19
13 2
13 6
13 10
13 14
13 15
13 17
14 3
14 8
15 9
15 14
15 18
15 22
16 1
16 7
16 9
16 11
16 14
16 19
17 2
17 13
17 14
17 16
17 22
18 0
18 5
18 16
19 0
19 2
19 11
19 19
19 22
20 13
20 15
20 18
21 11
22 0
22 6
23 2
23 16
23 20
23 23
76
55
11
9
59
60
48
57
37
81
36
44
43
77
35
29
83
8
79
20
31
19
73
32
30
52
61
49
5
68
65
41
74
13
15
50
12
17
42
21
23
38
58
84
62
45
0
46
25
34
2
47
63
24
22
69
27
82
51
10
54
75
7
64
26
14
67
86
3
18
78
1
80
40
28
39
72
16
66
33
4
71
70
85
56
53
6
348
666
-972
207
-395
-217
-1883
108
238
-337
73
-366
798
328
-1432
-1247
662
328
-948
-1662
447
65
353
-839
519
1011
-474
-159
-506
404
580
344
606
-3
-731
455
843
-617
-443
1509
-293
-1473
-535
-597
1243
-296
287
296
-1230
576
326
-811
-511
1388
-1313
126
-653
-849
232
-986
-170
-425
538
-264
667
-218
35
607
-1540
425
-418
-667
-24
86
670
398
-2017
1183
-826
198
-296
-268
198
650
821
-304
-195
425
-238
-601
-945
-673
-1158
-59
195
-498
-118
-864
-579
1091
1304
30
-905
-862
-544
644
119
-363
-105
-374
266
421
-11
692
-797
591
-53
-574
-1104
772
740
-383
-178
-719
-218
1691
-929
489
64
1060
450
1307
932
364
464
-338
-371
-1309
-1058
3
388
659
-526
1739
-87
288
-1541
-91
-1094
443
-822
551
-616
529
-428
1696
-788
1679
-313
-269
291
-585
-55
-2085
-387
-1446
632
372
886
-655
-901
-609
238
-481
-1422
-2577
904
-548
1125
-217
1102
-698
101
1028
-8
-2173
182
-320
466
503
578
127
-573
439
14
-790
-303
-1516
1078
390
-850
-1106
-139
-1294
387
230
-1574
-554
-1263
-444
-1558
-401
-229
-899
10
-389
823
-408
1314
354
-697
-19
48
-764
-784
684
-1288
-856
-587
-111
625
52
-1560
-388
-221
-183
-1464
-569
-878
-1223
577
-1259
177
1299
1749
-878
-211
-443
-369
980
-495
2819
-783
-983
4
-1587
811
-499
-250
10
-280
-283
-319
722
-242
858
-764
404
1524
-949
961
568
451
681
-124
-638
44
-885
21
871
226
-261
-1527
-188
-455
568
1489
771
-905
-240
-134
104
1056
-1673
547
-5
-557
-1071
-79
1234
-598
-276
59
674
443
640
-1174
190
1242
-889
364
474
-595
224
-931
-489
-1123
641
370
956
563
846
1104
-603
438
444
1901
-1043
-1180
1672
-668
-943
-370
-1374
-768
960
528
-418
-323
453
-1146
269
-1396
-1001
337
568
218
-98
1449
-604
-38
-1675
1348
-1300
229
-172
-719
854
545
-141
-99
915
14
-168
-1727
1428
-762
-535
182
291
-1115
-1195
650
-1136
-1133
-982
-1705
12
511
-170
294
442
652
-858
778
-522
923
474
168
56
-1010
-253
-436
-1446
73
973
546
258
-135
84
2313
-250
352
-14
1281
-853
-891
-731
-46
-179
-1166
-140
47
-1234
-55
-963
-1219
-859
418
-374
-1019
739
1135
-840
-2161
483
620
350
-625
-1293
623
-737
-463
168
-687
1190
-641
-386
-1081
394
-1800
2139
-558
361
-841
707
85
1206
-401
-1488
-229
-17
-1988
-1219
565
-501
331
-1569
-360
-670
413
650
764
858
1451
-601
-317
249
-897
-1441
-302
-481
-507
562
389
-782
1478
310
-216
1127
651
1092
635
-559
-33
1451
340
858
365
86
-1269
1681
205
-650
-122
1590
954
744
-242
1102
-1159
73
-547
-1658
-2241
832
-1245
-764
283
462
288
-432
871
566
-101
-1196
-1444
133
880
-212
-810
1711
477
1040
-765
-458
-426
961
-937
-1212
-764
1523
1386
-135
175
-1279
-1805
-653
-392
1858
-290
-701
381
-549
603
226
-204
618
-435
-533
888
946
170
-1363
1104
-564
546
463
164
-1212
-702
408
-1460
-1257
-910
589
923
-663
807
336
124
-595
-1236
660
-1275
-331
676
1103
-555
487
241
-1347
436
262
721
917
-1018
-715
670
-1470
1040
400
-1723
-1377
-721
902
-617
1214
-890
-309
-123
-524
-55
864
-614
-517
-903
-1341
624
-211
821
-591
-286
-196
1727
169
-75
426
-74
-1216
-605
-554
-576
-1279
593
-377
-516
-312
-591
1743
207
-629
226
-1494
404
703
-110
-251
333
-278
-1089
293
745
-122
894
361
500
-98
1129
-578
295
746
-22
-349
1467
807
547
-732
-877
-371
-217
-654
-84
-643
700
-3
582
511
-523
-1614
-1304
-695
-1453
-1397
-473
507
847
1302
532
607
-543
-1391
1003
-1762
2482
2303
-211
833
-223
564
59
655
-854
-594
568
45
131
-568
-98
1206
496
583
396
49
-333
-1258
-603
237
-392
-829
551
-603
362
-1636
-1908
-230
120
347
-1931
-101
918
-1249
45
-272
472
-128
-1242
-1139
-860
-1274
304
175
22
98
792
685
-252
-1094
918
168
665
735
-152
640
-1658
1009
-385
-1007
461
629
-465
1036
-198
-2358
560
481
-1622
-245
-473
-762
490
354
-1320
-203
954
664
190
-955
-330
1570
624
-424
975
870
1488
-529
1162
250
-796
-176
-62
-92
1520
-486
-943
-48
1365
1481
53
131
354
-1509
-273
-600
1577
759
-893
-886
-981
676
-617
1460
164
-1504
197
-1256
621
169
841
136
-894
1759
1232
-112
659
1950
-631
-449
-262
888
-835
943
-2161
106
-1091
-968
-53
-634
-1069
-1896
-495
-1497
-1610
5
-897
-2093
-401
104
-2057
700
236
327
-197
-635
-66
0
-237
102
-464
-1075
-882
-253
-820
1022
29
2030
765
-438
322
447
-152
-1247
-1025
1341
-653
-384
1329
-446
245
91
1376
-971
-396
-1549
-545
648
-1266
-374
116
-217
980
1266
-532
-952
1380
326
-1665
218
-842
2036
-2063
-607
-670
-543
1304
-843
-1219
-1217
453
-1607
-1295
125
-32
726
-108
-1174
-184
-792
953
-415
1147
862
-12
1794
-1048
-249
-425
-181
1089
-716
-295
-12
531
1030
60
1392
-803
1217
879
-927
274
-327
-399
355
868
491
-839
-160
1214
569
287
1766
-475
257
-459
-569
-197
387
-501
1008
1973
-816
94
418
20
870
-516
1373
-395
108
-470
372
181
-1855
599
672
477
477
-745
-734
1916
-198
1458
-274
-178
-17
44
-768
575
442
698
303
-1962
1396
787
538
-240
-517
720
-1384
976
88
-373
569
700
-182
202
888
110
724
542
-395
692
-306
937
-1811
529
-504
-205
671
298
165
-999
-81
-1064
-1463
2256
301
33
173
115
-661
402
-124
196
-203
503
-693
-751
-794
565
141
360
980
-960
-207
-706
-136
1094
139
-672
-139
456
-872
27
34
-1385
346
-906
-1411
344
-248
-1097
247
-80
-353
-566
-78
-685
-301
708
192
162
-543
632
211
-922
94
1682
-254
1364
648
1042
-1251
1637
764
-1275
867
466
-816
-196
-200
923
730
-50
221
383
769
-1091
119
31
-626
935
837
-2624
870
25
-329
31
1289
378
-1307
410
-608
-1457
271
-378
718
867
414
370
-329
-832
104
-128
671
717
-466
-424
135
47
-1202
-627
519
-349
-129
-494
1379
-798
-640
328
53
71
70
-1078
796
1505
-496
-427
-239
-109
-855
1111
1115
-401
597
-746
-331
1433
1138
-746
47
800
778
-47
-808
-1881
-606
-1915
199
324
-311
336
1667
-1757
901
-492
-978
634
496
-52
263
273
-968
917
-456
1791
-265
-14
1594
1789
823
1205
-478
-225
1430
386
171
250
303
1430
-151
95
652
-447
-53
-378
1165
452
1079
1058
-395
324
-518
-60
970
-1784
875
1254
-937
-1056
179
-918
1255
726
-1913
-234
1812
-1270
293
-353
-156
756
-1983
-1425
-401
-904
-1042
-704
929
837
-214
-1657
-823
1099
-815
1038
784
-319
-471
789
412
757
-511
-185
-727
-2099
803
600
393
-259
-1915
-1382
-774
-388
-376
298
1191
-316
-113
-48
44
1162
-916
-586
-136
-510
-820
300
-310
826
1368
-406
-410
889
342
-661
-355
134
1445
233
171
454
-482
1092
-580
108
-323
-434
267
-1268
-1059
886
-1829
59
638
790
-588
343
-1341
-1251
-746
-462
-98
-1617
-217
-932
1109
5
951
-516
123
654
677
124
609
-483
-776
47
-1030
-188
61
802
928
-1089
-112
-265
-388
-1187
-1396
95
-312
-236
-610
-512
-531
-581
1561
1421
530
-565
-448
-593
1194
551
754
-728
-173
599
78
-499
-824
1992
-129
-1005
-127
1637
464
-902
998
279
194
975
-912
-688
-1116
24
334
1782
-251
-524
-52
113
492
-153
871
-861
139
-67
-577
1329
-819
-697
-135
-521
310
-486
2568
-716
856
311
1381
425
89
129
187
808
-30
-1430
-339
123
410
454
-1021
-138
-93
552
-773
-2275
-810
126
88
-27
1013
-702
1805
-2320
352
-163
-229
649
682
1488
376
104
340
-30
-77
-4
158
112
227
108
-246
403
889
312
566
-1397
1088
1525
55
1178
631
1463
-730
-556
246
-1711
-21
1750
1607
-290
1034
-563
538
-733
988
-1626
-1570
-1617
46
423
1031
-464
168
420
-640
-119
-845
-432
578
427
453
1271
942
-637
282
-541
426
-580
602
-842
-64
830
375
-107
-331
-1336
-952
1050
301
-692
464
-410
341
154
1008
607
54
-785
556
-531
844
-512
62
-295
-1761
-429
-334
-1235
-1017
-967
-1640
821
1113
-385
-132
546
476
-958
73
-768
637
20
17
1226
629
147
2205
-194
-137
-451
1787
49
591
-162
499
1493
1000
904
-101
-344
202
265
-1777
1137
123
-601
467
278
-604
-25
-1180
654
-471
-880
-475
1619
1152
567
188
-821
486
1635
200
-1314
95
809
1166
-196
-1153
-2894
264
-244
651
537
304
457
-1029
1427
-287
1381
750
1747
35
221
119
-6
-952
856
-1407
637
459
-987
377
-157
-571
331
216
1204
450
772
739
-246
324
978
921
-162
780
-721
440
1801
-1766
-944
1713
234
-1731
689
-136
-410
1171
-181
-117
176
-1411
1622
-1521
-689
-758
-552
-244
940
-821
-509
-263
391
-795
336
-1095
-1282
389
-756
571
7
697
52
-84
-61
226
28
126
-484
654
-252
1147
-694
-313
-1074
299
-813
476
984
1363
-1331
-195
571
-1627
477
196
163
966
922
1213
-1142
175
552
-721
-23
371
-270
526
-411
365
-933
-587
559
-703
181
-1063
-266
631
-766
-51
-932
826
386
-221
1134
565
765
-744
600
-1526
-141
-1195
-113
747
380
297
-934
-124
-818
374
230
-148
-279
485
248
1150
-236
1468
-872
61
-164
830
356
-290
-819
-154
-1793
418
-906
357
-947
1247
354
547
-815
55
-927
-1705
578
62
-331
-554
-670
82
-499
225
1538
1338
-55
-541
1005
395
1081
-727
-186
221
454
25
-1361
-202
402
328
-255
-1597
943
621
-157
643
-439
-794
-775
119
857
643
-811
-1232
-886
-528
1714
87
285
-1616
-378
395
-951
-234
803
62
-97
152
-1260
1003
-484
43
-1467
-106
-1503
230
1114
-517
5
250
506
337
-469
-1383
-1363
-475
1263
-1524
59
-450
-227
820
-45
1117
181
832
-181
795
1652
891
-1411
-1560
-537
-1866
144
1278
53
480
106
901
326
-418
930
973
820
119
103
-299
-701
-72
-90
723
-636
406
-353
-192
-324
-1187
-1281
-607
619
833
-1273
-1712
299
-691
248
-307
-1236
281
1543
595
-971
195
-462
-207
-1029
-1519
1040
636
641
1404
558
814
-877
-561
1391
144
-367
585
-559
710
117
-1631
-780
-224
-837
476
662
1496
-731
216
514
-52
40
522
1200
959
-953
867
-786
124
301
977
-540
400
1976
-104
-555
-531
-1383
-518
49
-68
2119
-935
668
133
321
1045
-762
170
838
-382
-360
-309
1064
1347
-392
740
296
-1077
1244
456
-872
-680
1771
9
-445
-683
75
-1073
-575
-244
482
-750
978
115
-1052
-1209
-727
902
-42
-8
-749
1142
512
-299
642
1354
1746
6
-1212
-1558
-569
33
909
-105
-184
163
-2
-818
566
523
-838
921
390
474
-139
-932
-45
-1241
-901
457
1017
-182
-1032
451
71
-1414
494
-357
-206
522
-137
51
1933
650
-821
240
1270
704
149
274
-313
473
-2170
774
461
-972
613
461
-1192
35
717
418
1063
-582
42
36
-433
385
641
-1041
-174
-806
291
280
-397
-286
848
952
-898
1105
1410
-23
261
-893
635
1141
682
-1152
-1424
-205
-586
-1130
718
472
587
-40
516
-1464
408
-1233
-805
-1108
216
689
631
223
1027
-1123
-617
-574
-101
154
1700
268
-249
-39
-836
-453
679
-455
-195
-895
-314
-8
-1171
-24
-342
-402
-408
240
-883
-306
1145
-1210
1554
-2495
-639
-1019
-926
1574
-460
-415
285
-499
-217
-929
-1075
-831
-426
467
663
-695
-1745
131
-732
797
1
66
-1358
257
-1648
-418
-581
1271
-491
-554
-117
267
-85
-1073
1778
422
-1008
-478
-518
598
366
2109
523
848
842
-1428
1701
-420
1069
-188
64
-1599
500
602
164
294
3
-140
-554
-246
-905
-191
-342
9
-45
-1102
-470
-44
499
-205
798
-127
-230
-38
1100
-1789
-166
40
-80
-828
-1456
-1346
1867
187
-1486
1059
2165
-25
-256
0
-645
-1201
-208
-942
-717
-714
878
-183
-203
109
1512
-123
211
828
-442
260
519
-602
-682
-560
543
526
320
-606
293
-7
-172
-35
-62
-504
19
150
-1425
-1166
-541
-536
-933
-389
520
1084
-763
1592
-328
-230
-1025
818
-297
-70
-339
-329
-60
-949
-124
535
-860
1487
347
104
327
-181
721
-297
-698
1943
143
1205
1032
556
-407
1467
591
1127
-156
-1294
1061
196
403
-204
464
-331
-1041
-507
-755
634
453
562
-131
181
1555
-146
-883
-353
-579
587
-935
339
291
236
-183
461
271
-668
-692
-658
1135
-931
525
1001
69
-1090
-451
18
86
781
-1933
326
-745
85
1896
-9
700
1005
80
-1029
-211
-23
-669
144
1269
-1059
-461
125
877
946
994
937
464
-356
221
-619
-2163
-1882
-405
-637
993
1290
-1684
-1643
-360
2285
350
-519
402
-339
-171
368
-240
1150
-469
-314
-130
-313
382
802
-974
311
-675
472
-455
361
119
-1720
29
-673
-1688
339
-700
-688
939
685
-296
-1031
343
-1125
-964
822
661
176
-695
672
48
226
54
1550
229
362
-152
765
198
-1679
978
156
769
397
181
-153
-250
190
-822
-326
-493
-425
777
-1080
-644
295
1999
116
620
993
-831
668
223
1084
1789
-1138
1700
1072
182
-951
-301
-279
1937
209
-624
-777
-61
-251
1335
1880
1191
-603
-63
-536
-498
-383
987
-975
376
983
90
-538
1605
-1111
1230
-879
-1400
1160
-785
-265
1347
-81
776
-956
1432
-1450
189
62
606
325
-334
-146
338
655
112
68
-212
968
1364
-382
313
212
-1017
-393
-50
-523
-37
161
-1047
1397
-472
-1338
-194
717
64
2659
-109
534
2067
-1111
-810
1239
599
524
-1614
518
-896
26
-1861
792
-843
2135
893
-188
90
1246
-2092
-405
564
-576
929
-85
-540
-1734
315
1738
773
-447
-31
-2250
-1332
976
1337
740
356
-963
-1309
1011
-1481
-1115
-602
243
1210
88
-360
868
-1861
-327
953
1014
-856
-891
466
-1199
-1214
155
-150
-1266
-1004
2652
760
-82
18
420
-439
-2286
-983
-1087
-34
-282
-326
37
410
294
-843
-1856
-1506
613
-88
1220
152
1051
345
1765
225
556
-1203
-252
1967
156
1443
275
263
517
697
608
-881
-481
-410
-34
227
-75
1306
-423
-1705
149
-918
-1084
-44
670
-670
-569
908
455
463
-89
323
268
91
-616
978
-1288
-367
-282
895
-1182
-1885
350
636
-368
647
608
-1236
-2206
134
274
104
-544
-65
519
236
492
-669
799
-308
466
1569
334
-998
-2626
1311
40
-435
-95
114
350
-208
-320
-804
636
423
820
-98
-284
1395
13
-254
-1659
-1484
-1225
958
-839
-165
-899
-504
125
-543
-125
763
723
-848
242
625
705
-563
-979
-496
875
1327
-2200
40
970
-874
973
96
-911
616
303
4
-1229
1097
1177
-478
-424
-1558
-1112
488
533
-22
-227
-609
789
-202
1121
-345
-695
585
371
629
-241
413
-541
-165
-750
42
1381
-511
123
-1253
-2103
172
-1262
696
1246
1131
1079
-2050
491
118
165
1047
-661
517
-455
-37
-1973
-695
-63
212
570
221
-933
782
-361
-838
-1086
-617
-460
-302
-900
428
310
-414
-927
17
-501
1261
-320
186
-43
-1013
1054
-1086
1001
-98
700
-1020
434
-1941
-233
294
-5
-88
-576
812
-2179
-322
-775
-950
941
-710
308
-573
-162
-1206
855
-357
-480
-68
659
-1901
-428
663
781
-883
-100
-251
-1111
-359
1160
-164
-1387
-371
43
1242
242
-420
626
-26
-1093
1002
-1575
-588
-320
281
-204
15
-328
6
1314
590
-113
-1158
-410
106
-521
-876
-50
3
-823
-70
-84
1325
275
1423
752
-2366
-796
-261
302
-642
770
379
-411
743
-1082
-590
-1058
1301
440
241
653
-18
-19
380
-115
1004
-328
-620
323
-130
-290
-242
1037
-131
1130
1398
583
-1741
198
296
832
30
127
-53
796
45
452
-400
1492
150
-2081
-584
600
-623
-98
-517
529
-421
244
-306
-763
1917
-432
-1370
393
780
2395
-801
497
873
721
865
-348
1238
-1207
-800
1670
-257
651
459
-912
-176
-514
-734
266
-1301
-2100
761
-288
164
1387
191
524
-2404
748
481
-911
-238
-1493
-1090
-844
-440
-457
-1124
-267
1060
-381
-761
612
308
471
-1204
-941
-117
654
-1420
53
155
2502
965
340
769
40
998
154
71
563
1608
1346
-1807
283
-394
1165
-350
1658
1252
860
508
-279
-1762
-962
291
-1077
-64
-181
1592
53
-880
1186
1772
375
-298
757
-176
-1179
-568
-51
-1143
-1391
217
-849
1721
190
47
-740
1400
748
105
-187
-1135
430
-356
-505
589
1153
-956
-525
-944
-434
1205
-1051
1515
1744
-496
-63
-1508
929
-362
1468
399
-1042
-1290
-187
-471
659
492
96
-1435
997
1230
-100
-356
-645
198
567
-957
2210
137
701
1
110
-991
-332
-246
1615
-388
-201
41
35
707
270
153
-406
277
-228
-612
-932
-455
909
-332
-757
1009
-450
908
229
-153
148
267
-68
882
-1089
-1799
784
-389
-90
615
-2611
-965
-985
-639
1028
-314
280
-461
-1424
-487
-682
-1734
66
-676
95
958
389
-22
428
792
-774
62
1
-1372
-1079
961
351
157
-53
-51
-914
-10
320
-387
506
-909
-606
-551
-57
-777
255
-649
-1732
-121
825
-1895
1876
771
-556
-1403
894
-1328
-133
859
2166
-888
-400
-54
-928
-570
-35
-593
-436
254
847
-1148
14
-839
1419
607
-452
-135
-506
-412
357
-208
997
243
-1388
-487
-740
157
-222
872
1178
563
1045
545
11
344
426
140
-238
-951
-112
796
452
-681
-956
488
-783
-425
-76
509
-268
-809
-926
719
412
-1720
1894
508
778
987
1023
-224
239
-1466
-592
1660
96
248
598
-325
991
845
398
789
-799
-199
-43
-599
-630
-494
877
-1022
-128
-843
263
168
-720
-249
178
389
-1313
634
44
-135
-204
121
-1317
-948
1337
450
69
-318
410
295
-280
-12
916
597
-1107
1801
-948
-729
354
806
-495
1993
308
-565
-686
-430
-404
-784
756
-95
355
108
-1322
-516
252
-250
495
-192
661
666
-837
-45
597
-2208
-1114
178
675
415
651
-295
809
862
-574
-190
-736
-1433
-144
576
-1182
-765
-1145
-1
-338
792
-1387
-502
-1166
666
-149
-640
1403
-95
592
1979
-100
508
-742
511
-232
54
-399
454
-615
1226
291
1344
1482
455
-620
-752
-870
1174
1485
18
720
-264
416
-1883
911
984
-619
51
157
659
799
-1256
-683
-1354
-1151
-26
338
-1400
-883
-615
-91
-150
793
-1452
-724
140
-1285
61
-158
680
1775
1625
-2031
240
656
-472
191
-1053
111
1635
-173
-1249
-993
292
-456
872
-205
354
316
535
-928
182
-233
241
738
634
-81
-1162
-708
14
695
-968
1121
1060
625
-1044
160
-16
416
-50
1521
294
-571
1282
-1056
-310
-533
401
307
-127
197
570
191
1454
384
1083
-570
924
462
108
-1927
-1057
1529
-404
358
698
1240
-450
1435
629
-208
385
-445
-72
-204
188
837
-498
-566
-853
302
591
1563
-277
-542
302
737
1436
851
-257
-206
-713
346
1371
356
-575
1575
371
899
-167
-1460
1563
1544
139
-1154
369
-442
-635
-1247
-1164
-1459
1288
-119
-131
-859
789
-1125
1315
1167
979
-912
232
932
123
828
1373
0
-966
-1234
-360
781
-346
110
874
1215
-99
1192
44
558
946
1118
-287
1149
1319
74
909
1337
-473
-218
-594
-550
502
801
816
-692
-768
-251
-694
118
1439
-883
-179
-445
-345
-52
124
496
-1010
-405
61
1403
503
-395
-341
-590
267
658
-194
-137
-110
-944
365
1372
-473
-418
339
619
-1176
1080
-936
-1381
-1506
312
-745
1923
-233
-611
-316
403
-476
-109
150
738
229
1152
-699
392
1274
-1187
68
862
93
-877
-831
73
53
62
-262
-2548
-250
-915
-2032
-500
507
279
-7
-602
-443
432
142
211
1370
-681
2002
1006
-414
-100
-1127
-104
-108
-1194
-1355
979
-254
-424
462
105
1321
193
-780
-23
-328
-464
1872
793
-693
18
-438
-1
-573
-1218
-261
725
-470
-905
-647
-3
461
-1191
183
-491
-165
-1102
445
-73
-466
-2
1339
-1608
211
555
-1134
651
-284
1179
-501
-821
879
-879
477
140
491
-213
1219
1825
753
-2185
-1032
-1111
557
159
-878
-1312
307
90
-138
-950
-598
1131
445
49
-117
-679
1860
180
510
1310
-727
1036
107
356
170
335
-907
1325
-763
205
-27
-994
-1138
912
860
-489
-1638
672
802
642
461
639
1188
177
1445
-945
-148
1184
330
1284
-1066
-132
40
-1341
-7
-206
-86
335
980
-680
-1633
190
-1059
1112
1058
1440
-1160
-989
-1776
751
656
-164
-773
141
334
83
-1260
-1176
-4
936
1329
-1547
-1168
915
602
-164
482
152
361
-303
-320
-136
823
938
2414
164
-42
211
472
641
1797
45
134
895
-112
-337
635
277
-758
1987
1097
-663
-751
-74
-344
-1571
-1622
-291
240
-499
22
-126
353
42
-776
452
-118
-411
1730
579
470
-202
-721
-125
-336
577
374
-791
1577
917
896
714
-1020
335
119
-1350
1517
80
-107
691
-1132
1042
-585
645
1000
-833
37
-58
2277
262
-1051
-1521
-346
286
442
-556
-403
890
-569
-975
-1582
-681
60
1450
-34
-525
-242
595
259
-573
348
1472
82
1395
2785
-349
820
-708
277
-549
192
611
-913
1333
412
887
115
-542
-1045
279
741
868
706
52
314
-322
-647
-313
39
-614
-2603
-417
749
-700
671
-1027
435
59
-1961
1558
-876
53
1375
233
95
573
-204
457
86
-923
312
-978
418
-11
416
-55
1002
1273
578
770
-805
711
274
-1087
289
-208
-88
-1169
786
298
-405
-233
141
186
652
-135
304
-858
62
1063
479
-490
1828
-1480
1033
649
796
-1480
757
1648
-2581
-1321
-89
43
-846
-335
365
1928
1069
2268
580
-410
996
31
-1196
1680
447
-1056
193
-734
926
503
-297
275
323
918
-1302
-561
66
638
218
-923
-1577
-87
-886
288
1907
251
31
568
-1043
937
-233
-96
-546
-943
-286
580
-117
-654
-313
-998
602
-354
-311
-777
-190
1493
83
85
-797
-541
193
-146
-2243
524
-368
-416
-1560
-351
-710
-607
-958
-498
-890
484
1416
-1131
1113
-424
-136
-585
-150
-403
587
-351
575
-1447
-95
-1516
-613
-426
89
-260
852
-293
893
588
-1428
-357
81
-810
633
-281
1472
1886
-334
-959
263
740
222
-1207
-751
1346
613
-1118
-660
-1139
1183
-1325
-350
-478
-622
236
179
832
-135
323
-172
-207
-199
-594
-81
1403
-1349
-125
-426
-898
113
-355
1085
-1770
1494
-981
12
-143
644
-809
-909
1068
-220
-18
-984
-630
328
-1041
-1204
-705
126
-678
603
1081
539
-267
-80
1917
-154
-4
-167
801
1584
383
63
1056
1681
680
-681
-613
-247
-702
-1001
684
-206
-172
774
13
1407
628
936
1039
-1323
251
-170
-1470
911
-2625
682
-744
943
-26
304
-128
277
249
-283
621
398
-587
261
872
285
1769
76
-1340
1038
459
49
1529
-124
385
677
-109
-125
469
-1249
-671
204
-1220
-1433
219
-339
-785
95
361
-214
308
250
-1522
-626
1244
-550
-2158
-200
340
-1052
269
1798
695
-331
-954
-1144
-997
-1713
-206
-1145
1166
-849
-1035
-608
1173
-1591
-444
1324
-777
-452
-282
1352
1146
548
-36
-400
382
663
622
-791
191
371
215
528
-77
-453
922
-881
-1016
1140
303
126
723
-986
-635
-187
1063
-817
-884
-215
-712
149
-2253
951
786
64
1133
39
-704
474
147
-169
179
-173
11
901
178
307
-123
1082
-1425
-149
-834
1443
358
1031
6
-1033
1123
423
294
55
-340
-860
-81
-260
839
350
-685
1261
712
-413
-526
439
1074
1367
-897
32
-45
224
499
1173
1178
-420
-879
-2783
-783
33
1148
618
-328
-1681
-1736
-482
-903
-1957
369
-745
222
-760
-37
176
491
468
-476
-656
-961
-616
-37
-545
42
-800
-636
23
-1173
-1343
-869
95
1599
-614
-104
-480
1087
325
-694
-400
1201
482
-154
-268
-823
221
986
-13
-445
597
-423
-298
-478
93
426
-189
-953
-1022
-543
-1601
-1007
-158
-676
-556
887
362
450
541
663
1133
-939
-1195
728
1231
1089
254
-142
1780
-713
-146
-632
-162
646
796
-1278
971
545
-1441
-344
695
-1673
636
2303
80
873
-462
86
-960
-292
226
-176
1043
691
-188
-792
2494
-703
772
57
541
-1463
441
-1522
-552
179
7
166
-830
1503
-461
-445
581
-1532
475
-642
894
-653
363
-671
-1365
-99
-631
-564
-105
-416
-1050
-125
-161
100
162
-1038
888
239
22
-699
983
-778
860
520
-44
-981
-191
-974
387
632
1915
641
-597
-409
-1103
273
-637
557
-656
-134
35
226
749
-186
4
-481
522
11
53
99
-1589
-604
942
-92
888
739
404
-1157
-362
1221
143
-1231
685
-1039
286
242
-877
-679
1069
-526
276
954
1083
-811
769
-299
-631
-695
-574
-738
1326
441
-396
-1525
1092
-1823
-919
-70
786
1138
-1461
292
-111
-745
993
-430
1893
-180
-291
397
-114
-158
-458
378
299
1352
-316
500
972
703
776
-210
-1067
2985
595
194
1058
149
754
726
-1158
-863
-44
211
-416
1681
195
-1263
90
-625
-971
-1597
-41
807
-414
607
-427
604
594
456
371
746
-54
-1193
-1278
17
2305
-106
880
-93
455
-825
36
-351
111
-954
-1017
-558
-47
608
-386
2232
-65
528
331
1261
-695
965
-1777
1531
-6
410
-105
604
1327
-1751
-717
-191
1577
749
1092
1241
-1490
-771
-292
429
-270
286
646
872
241
113
-350
358
1599
-402
1120
-1039
411
-743
-802
490
-1241
-331
-697
889
-1097
-2165
-283
553
-556
654
-160
504
-1371
953
-1038
-330
1431
-304
-555
-752
-678
113
-131
1139
105
-581
-1024
-76
1068
1597
-1220
525
604
-1605
-438
-1071
909
-706
641
301
98
1183
-1096
-16
-306
310
1686
29
77
1040
583
-293
529
-871
-638
1079
853
1526
-395
-21
-1102
-227
251
-2456
9
-864
81
835
-1065
-1695
1479
-381
-371
-521
970
-574
-1467
1127
827
-150
-766
554
1676
-43
-1003
-320
273
-327
407
-1880
1128
520
-9
-946
891
349
-66
-792
15
-1912
613
-487
-463
-295
-626
1016
889
-649
465
966
-511
364
252
635
-435
589
217
-290
-685
-878
52
186
1171
237
243
1064
239
-216
369
314
-369
-116
591
314
91
354
-893
174
334
532
668
536
-1046
231
-1206
-1388
-484
244
-240
-431
-281
389
219
620
-1417
941
436
996
5
-1863
-1030
1505
-48
-1562
-992
123
-499
84
-932
425
-345
583
848
1730
446
-287
1588
256
-1233
237
-1476
937
317
223
-640
1482
-1234
63
-417
2012
-313
-782
1362
932
507
-481
-632
-1265
-1122
596
1309
-874
808
-215
557
-667
-1645
249
95
-2480
42
-107
793
-1247
588
-383
-705
-753
-701
-1647
187
336
942
948
1031
-1601
-599
-604
316
-28
794
-1475
1081
-252
1004
450
-1176
294
575
658
115
476
-502
-279
-30
-216
-1502
-507
74
1738
1681
482
-821
314
-145
1107
-300
-1008
1024
737
-17
412
-309
231
-737
231
-469
604
-1313
166
-452
38
-600
296
553
-411
900
-1723
590
1407
-525
1009
-835
-859
-372
449
-209
-160
1013
1143
-1126
-519
-190
313
16
-29
-515
-1037
-473
1995
239
420
-1636
-565
-515
736
-1035
608
-1297
832
286
583
540
733
-1566
805
19
-587
2083
-859
246
-171
-854
-825
1367
325
-191
-563
983
1472
-615
263
388
155
-1511
-10
-542
332
793
827
-236
-1663
-1500
1469
-446
813
1063
-640
359
132
677
-555
1239
757
-2066
315
101
1725
240
-11
-237
-594
-1503
-779
-1086
-363
-1613
-352
111
1081
-1003
190
-663
-1737
97
424
-432
841
35
-90
524
-127
686
1813
-7
-390
-205
-192
668
-1453
691
-384
-771
-129
762
-293
74
673
-245
-511
-212
1277
-637
1912
-8
-223
338
-2167
179
1151
-218
1386
1729
-728
1057
224
374
-656
42
-102
242
729
-684
700
219
149
791
-368
-1772
495
-31
-9
273
-40
-192
186
-321
394
-73
1054
39
-85
1060
220
382
474
359
-684
-1653
424
1691
-1471
-617
950
-388
334
334
-151
889
-681
-207
757
-48
-1027
-491
-2427
-94
-277
98
27
774
-584
160
-1153
51
-1636
-1333
-412
-819
200
-815
-28
617
-195
-1093
-370
6
1670
-479
-685
-1470
461
-749
-409
313
569
629
-600
-1100
1468
1100
496
560
-377
271
-344
-138
-668
-20
-30
-1246
787
1120
-1378
-409
-283
-121
-471
410
578
1063
-350
-264
198
-435
-46
-1993
-272
-1126
200
705
1487
485
1052
-1257
-1287
-370
-681
-788
-336
-167
-307
-118
1289
315
118
-161
1012
-568
63
514
-954
-285
-50
497
-897
-200
-1451
-1271
-1043
-677
-244
-194
-674
78
-211
1546
160
-200
-924
-458
-111
1161
-74
362
-523
633
-214
-439
704
149
907
-1244
-411
-1775
440
2084
-649
-601
514
-1188
489
597
-649
924
-131
-1174
-400
37
390
233
-111
-517
-892
-426
309
341
-1596
193
-608
553
1298
79
564
558
893
-1474
127
288
-1427
-779
-538
-1745
185
-1309
412
2497
-512
1323
1207
-1483
-1095
758
-188
-541
-467
-759
-434
-429
-953
672
-29
742
-175
796
539
420
125
-994
75
2333
787
1838
334
1533
-1538
-457
257
-145
-173
-171
421
-393
-558
-396
-266
-1306
-65
-649
-593
735
-741
-1422
-31
-354
378
895
1059
593
-749
-742
224
781
-150
1062
140
-220
1493
1061
-234
-1781
244
-1627
-290
87
-1075
793
-406
-452
-600
887
303
-257
-610
-434
-27
-546
620
-318
-932
-1056
-32
-352
-2405
2355
-12
-71
48
-40
883
330
-1365
281
-192
743
-1886
-1858
434
-1580
-1003
-215
-460
922
232
782
-452
-1968
-1177
77
-81
-840
1827
621
-120
-832
378
-347
667
99
-406
-796
223
505
-836
1061
-811
-43
-366
-137
-465
1584
-218
-447
71
1201
-773
868
803
-583
-314
1479
-210
-522
1231
-1757
-823
-675
499
1017
-255
-344
-1991
-146
884
117
-311
1158
-1115
-48
-443
1165
41
-419
537
-357
795
-1075
-64
181
-418
30
410
210
-86
-1371
-94
-238
-220
1069
-1186
476
-21
-757
443
-435
-144
-887
1043
-598
546
1675
-118
-607
1219
473
75
441
-1486
-417
-1983
132
-1840
-862
-877
29
766
522
-363
-1390
1012
-849
-203
-1448
130
238
-720
22
165
715
1218
1512
694
1887
-480
-905
-1605
557
433
-774
-634
430
-541
1927
-1081
-261
158
-383
-616
-1081
1
-765
530
-2210
-207
-382
510
859
-37
-380
440
1345
602
423
232
-973
1365
1162
1638
-642
-1786
-252
-1531
-723
-285
621
819
-65
-94
150
-18
85
874
48
-98
486
-964
205
463
-885
-17
-1079
-600
672
-1098
-9
1626
133
-200
-1293
1369
-982
-1383
567
-322
1159
-1613
1219
684
91
-1538
-482
-22
1049
495
407
-299
-736
-480
-713
-133
371
779
821
2411
696
705
1236
-1355
-303
556
1020
-736
-56
622
1133
-573
-529
-370
1099
677
-285
39
-1129
759
-536
-1171
2383
-63
-855
489
1510
570
1692
2196
138
962
-1351
-1248
-890
-1044
-639
-262
1084
-1096
-1125
253
-1063
-1304
401
706
-1343
53
1014
-1622
-484
120
-337
115
816
-536
290
-646
997
-509
372
-1867
178
-1194
247
-545
667
-164
382
1328
-631
-315
-831
145
-118
-510
1742
-791
-1348
712
-82
94
-653
-162
-128
1236
-464
-1292
-431
-597
-441
654
302
426
5
272
-199
-1633
562
-863
1152
1018
-469
-889
-789
13
-664
-313
12
-123
490
62
90
-497
-109
-1815
-1321
82
772
1347
1278
-533
296
1727
1364
-159
16
-1091
77
-44
-810
-1883
-78
248
-91
-414
-245
-377
135
1571
1000
982
-771
-24
-681
-79
-18
1181
-1181
-1087
-2039
-591
713
-698
-1226
-1021
1194
892
1012
513
237
-948
64
621
2096
-1236
250
-61
1041
190
489
-724
-1210
-249
-1066
-862
-1412
1530
-313
-216
515
-538
-1822
-299
-554
-754
21
1363
-652
1085
-239
981
-715
499
-1553
25
66
708
1388
1488
52
-1024
549
-472
-125
1908
917
-295
279
-1567
65
955
395
255
1303
-467
-660
-924
-711
867
194
203
-1890
-365
-211
1704
270
-908
-1628
72
492
-244
93
-100
1930
41
959
-413
108
1306
-761
185
-292
-1309
-563
1090
319
690
553
533
-129
-963
-1309
-189
-384
-451
-1573
-1319
-659
-1172
-512
-1409
-103
-106
1477
1944
326
-632
-970
1515
-851
-681
-449
724
1068
38
-293
-386
738
-885
264
338
-902
345
423
-687
-914
278
-994
-960
74
-73
-1673
357
455
-2184
616
-754
1206
870
-343
-374
-763
136
554
495
-457
-180
744
461
-372
-122
357
-344
1426
-382
807
1053
-417
-490
-1519
-440
1123
-491
224
148
-574
-595
869
-1164
223
-675
1011
1092
307
595
-692
-508
118
2424
-139
409
-148
774
-105
-335
515
823
-775
402
-48
-208
-986
-920
52
90
-396
780
540
-644
-232
1651
-264
-1068
-156
475
-1611
516
-1488
-1085
-2357
-1212
-106
-1215
567
999
-1142
-222
728
-233
-1
113
-711
220
-615
-1404
-52
-1126
49
761
-583
-578
1017
-1454
211
816
-1802
-346
876
1106
587
-352
675
-824
881
-419
998
-317
1088
519
-742
16
621
292
-1859
691
329
471
558
541
-943
-1196
-481
-547
820
254
-443
-560
294
-363
-657
-823
-1363
-166
745
466
-1290
-828
939
-856
1164
-572
168
667
36
-438
1197
901
-974
-292
-625
-149
76
-401
-749
-290
-856
1744
1596
-513
-1117
-41
227
-1725
-868
1160
-364
94
-209
197
59
1475
355
-134
1060
142
-436
186
406
-184
-36
-268
1101
194
-1603
-116
1095
-1978
817
-36
-249
479
1342
-1001
-240
-710
26
898
118
851
1667
-672
-16
-166
253
-660
1674
2591
1072
236
1039
371
210
-1172
-877
-676
-718
198
-729
-775
544
-265
-1113
-348
373
-953
-1174
879
-959
-600
701
-228
-2
1232
-1139
-135
-471
-248
-29
1415
-485
-986
1276
312
-243
-924
483
-1179
708
-611
-362
534
456
859
1699
380
340
-583
205
73
157
-398
697
-553
1413
350
963
-593
586
1713
-405
-997
269
-328
149
331
-182
-806
69
-870
-1
368
-679
181
-499
-357
-218
-401
-341
646
-237
363
463
-164
585
-382
237
126
-400
-409
767
1160
546
-438
-19
248
-1711
848
57
-280
-1195
-927
-699
-1525
-1465
-982
984
800
-866
88
-1502
-1086
549
-427
1002
443
-495
1034
-375
-175
-112
351
-484
-493
580
-95
-977
612
-1025
895
-191
-1301
665
195
-2766
-246
-125
635
-421
-472
-279
1099
-82
-1667
210
1077
485
1001
102
-196
733
32
831
1437
-527
-784
-318
907
-2015
1027
859
4
545
-1568
-203
-622
-704
-982
42
-807
-1382
-799
263
984
-1155
478
-1624
453
-150
-1116
1047
155
831
373
-777
-79
848
971
1218
-877
178
1316
-55
-424
-2037
1241
1756
-1145
-1462
822
-1103
-372
86
1575
370
-495
-748
325
654
-267
947
88
-172
-1001
-244
26
-367
-134
-897
-1413
318
159
-1401
149
-823
547
243
850
-1054
523
503
-471
-55
424
-1321
-37
217
171
-1900
374
-521
-1265
994
-1664
-609
-768
-1575
-1172
-878
-257
-412
-1528
-932
317
-676
949
388
563
950
697
-703
1209
-1592
-360
-735
-1044
957
-776
1288
27
642
-2295
1301
158
525
-613
-1063
517
-2009
-963
-1255
-1145
-275
-833
-1079
-151
1458
-1194
54
-207
1151
1620
-1181
230
-1350
1802
1501
1219
430
74
533
1049
1332
-375
-9
1146
315
-328
-702
-1491
171
-921
-56
1881
385
-1116
-1820
-860
624
-1651
-111
452
-845
1145
831
1059
245
-349
-724
-336
477
301
-220
1812
-261
-1772
-1597
-832
-1225
-613
-775
-1230
-380
1028
-1155
162
215
1753
-329
30
611
-1081
1248
592
249
1308
-1153
858
-709
-1030
1309
-811
1837
863
1247
663
199
-988
1290
125
632
-56
-531
-937
113
-335
-325
-274
-792
-276
-51
0
-507
836
-493
-2440
-1345
1414
577
-334
-653
438
-425
424
426
-253
-598
509
-471
165
1661
-1053
-1352
-276
-885
-2
153
-2190
-626
-988
706
804
1079
-2159
-1065
-218
882
-1592
-1648
-1766
917
810
-576
1022
436
13
32
-775
-749
-574
-423
-645
-1398
-451
62
201
1383
692
-533
1038
-247
42
659
-357
374
654
25
-1372
-139
-530
337
627
-817
-442
521
242
405
1293
-1386
1643
859
449
2557
-663
1830
821
417
1217
1345
-1055
1526
-270
-656
-543
114
-171
-1488
1168
1472
-1411
189
-389
-448
-751
720
-506
207
1548
-313
1012
-567
-289
-182
-681
432
-1828
1020
-739
120
-301
-982
-1352
1539
1260
-18
-397
-152
555
1747
2
53
837
654
-315
523
-1302
-1570
793
-1283
-463
-1043
-1326
18
1106
141
-748
-133
111
-524
-689
351
630
240
-162
1533
-455
-1351
-840
848
-845
985
-665
-110
-272
-1759
-105
365
1454
1587
445
350
-83
703
-646
-476
-414
574
450
558
235
378
-1254
-217
-79
902
2286
262
146
-339
1002
-486
840
43
-765
830
-39
530
-7
86
-67
257
-594
-31
39
-607
819
533
-2530
-1371
-868
634
-1102
89
-28
705
-377
467
-1436
1354
-128
-154
609
230
-120
399
-567
-389
-1305
-987
-158
1836
-487
-515
119
424
917
-485
446
-86
1273
-963
68
-385
-432
38
-117
-476
107
1836
-417
1224
343
249
-846
250
460
-71
-116
837
46
-306
435
-523
277
297
584
-599
404
902
-1008
-1288
-176
275
-634
-776
-1718
-199
-1029
983
-1205
100
623
-256
-417
243
1240
401
-4
-865
-1565
416
-1151
462
95
-809
1510
-418
140
-186
737
52
974
-2020
653
21
-912
-1437
362
-196
132
-1657
1071
553
-945
249
142
-1415
-525
-1539
-1336
-1083
761
668
582
815
371
-148
-344
-373
368
15
438
2359
-82
586
273
922
-288
-462
-73
640
-121
-609
-402
381
-859
-794
-129
950
-1388
614
-664
-2639
-450
-224
-1608
1745
-754
109
939
620
-1448
-80
-304
-460
20
369
658
783
-505
475
1138
733
-886
-319
-875
-991
-1140
-89
-1268
-298
-605
-132
534
810
-1044
-621
1502
622
-756
500
196
-1785
-476
-426
47
207
-597
-76
-382
499
-837
8
-2261
756
-1648
1953
-880
632
347
-667
-1882
971
-1075
-272
-598
-373
-1655
1155
338
-654
159
-52
-356
1661
525
-593
-361
817
-699
-411
280
109
-754
210
-833
1774
853
-712
431
1143
100
418
-265
469
575
494
98
1033
-847
-177
1108
81
360
-387
640
402
-627
1285
-828
287
515
-642
311
-446
-13
-125
1444
1115
-267
1377
-32
-723
-1639
-1522
743
259
24
-900
306
594
-289
88
-1479
1646
-383
-35
-901
-1938
-933
-1711
-135
-61
-830
472
-367
505
-99
-24
674
-612
1054
1028
376
-520
-1859
1231
-1882
187
-142
1133
-404
-196
-826
706
-237
144
745
-1281
1550
-608
1566
-306
1659
-479
701
-407
392
-1000
-713
56
-53
917
-90
-1104
-71
-528
591
-1598
-322
-98
794
459
-1081
1146
148
11
352
-343
228
773
1431
-375
493
-613
538
1452
-140
-526
-557
250
214
-677
-257
390
-609
-1238
500
-394
339
401
-301
102
616
203
-131
-453
-612
-561
989
911
-331
1842
1513
736
1269
-275
356
-1499
1311
-818
89
543
-710
-42
-804
1202
-1615
-106
344
258
-1737
-18
-727
-885
1072
162
947
-731
899
955
-128
529
-265
-526
-816
-96
-2240
-166
1045
426
-993
636
-674
-1118
-355
433
-1059
-135
356
-43
162
-945
-59
-438
-415
810
202
806
1033
1221
317
-73
-428
1044
-1260
-506
324
604
91
1022
-334
-428
311
1619
152
-37
-676
-2302
387
33
1310
-143
1203
634
444
-343
-1012
-374
182
446
-1549
248
176
1186
134
428
0
-680
157
154
700
675
-7
377
-385
-70
-765
488
-1193
-349
-575
768
-1635
-525
-1193
460
128
-491
1089
835
445
-1008
407
501
1412
-5
1305
-475
106
825
811
-507
-1929
1035
-1562
236
-438
-991
396
1489
-751
-236
16
1757
-125
1463
690
-444
112
-1453
-489
-562
1730
693
519
497
-822
565
2403
-939
179
-509
-417
289
-87
40
-364
-223
531
-376
-482
1119
369
198
-318
746
856
963
284
250
509
691
961
169
114
357
-758
-102
-335
373
-773
96
-141
-941
415
-130
618
1864
1906
-534
438
85
1330
393
75
134
-1440
-452
-702
746
219
-478
314
611
1329
122
389
-182
-892
26
409
54
-996
512
-968
1001
681
-271
-1907
157
-843
-499
196
1030
-1331
461
-370
270
-916
-496
1127
-453
-488
-87
-619
938
192
-267
120
837
-161
-138
881
440
702
702
-228
-300
2112
215
-2425
467
-699
2694
1420
518
-663
344
1120
-756
1121
-722
437
-1844
-1177
343
-676
690
-624
721
-62
-949
-372
-1494
-344
230
493
-56
817
-1437
-119
1023
458
316
902
-494
-693
355
16
-633
-832
538
-749
1457
-362
-1016
-548
-276
-1143
1059
-1647
985
517
-698
233
-8
1183
-556
588
-1730
651
-449
315
1976
-194
-1038
-792
595
1346
-1636
-1311
-129
670
495
464
99
13
323
615
-586
-867
65
1102
-253
-1178
-783
73
1852
38
-1438
-762
-171
-1048
40
1173
-383
-415
-1297
1252
1702
-798
716
302
-921
-744
1102
-403
-16
1177
-753
-615
-665
-458
-50
-68
150
-641
422
390
-325
-291
129
67
189
1389
-1467
-232
559
-995
-1501
-43
-208
-671
-331
548
464
-651
-494
-651
219
1264
472
-208
807
-1684
-625
-331
9
1143
-218
-627
-708
-794
533
-113
-475
55
313
781
-797
124
558
730
-984
138
-805
-1346
1947
-43
170
1375
1482
227
-650
-600
-683
750
438
591
-1126
875
-1594
775
-707
1495
83
-318
1825
436
-628
695
-79
551
1139
282
-834
525
543
574
-53
1108
-203
1340
715
666
1379
578
77
30
-226
-1551
735
653
648
-436
-849
-581
-407
-1816
316
508
614
-1774
1165
-477
-282
-677
1729
1523
-592
811
-1414
504
-560
-1150
316
2372
-1812
592
-470
1554
380
991
331
-95
2049
1099
515
84
235
419
-922
-882
365
1540
-1525
-304
102
855
344
1010
689
-196
-67
431
561
627
132
-1455
-276
421
388
685
-218
-497
-1148
-20
1845
-1873
618
892
396
797
953
1128
-47
-1534
70
389
-1010
-23
1070
497
224
338
-2078
980
-2181
80
-789
9
-980
51
-1460
-165
-95
-556
-513
354
-507
527
-1584
597
-1423
382
-105
1622
-658
-1337
661
-2472
-1567
70
305
195
-663
-547
741
439
740
-1281
-424
751
764
706
-730
-144
-1838
-437
-1370
-349
-1279
781
-218
1200
-366
232
642
-494
850
-24
219
-197
-1707
2034
292
-832
-437
-920
604
1050
500
373
1162
-1459
-1071
367
1319
-658
-1567
166
416
195
454
769
323
58
-1061
-1488
-101
454
408
466
422
-412
2436
1182
1444
-275
-15
-523
158
651
868
-1098
1079
-761
1160
44
579
-12
-1517
398
514
-1674
-358
-453
570
-731
1259
1780
657
-693
-378
-373
-1422
-80
-1109
779
1920
361
-451
5
840
-695
-1014
-705
107
-867
235
-103
-368
8
-344
-1415
-920
438
605
96
123
-335
55
1461
-919
-288
341
135
-293
358
119
309
1142
366
-408
-351
-833
249
-890
916
-33
-648
-834
473
-565
-1183
563
810
2442
1349
851
-2
860
-1439
-1106
-779
-519
-299
535
810
-7
252
-1566
956
300
1030
706
-318
369
-792
194
-440
934
830
245
-52
560
1273
885
-1070
-859
556
1201
-258
319
783
1189
924
653
395
-546
2
942
-870
71
-520
1003
-117
920
-555
2245
-1428
225
-160
-260
-847
-127
-1165
851
737
703
-384
-307
385
-479
-282
-1101
-1862
-292
-294
-37
-852
-1141
555
-482
-1141
1128
-311
813
765
-1325
324
-440
587
-205
-481
23
-1126
-565
1739
502
-213
-203
917
-36
-915
16
463
265
519
1124
1402
295
794
-363
-620
-27
1088
-2154
-1557
-103
-974
-91
-58
49
124
452
-900
-918
-46
217
752
-498
-562
-382
-1069
859
-195
24
913
-973
812
-1060
-1106
30
1007
-741
-769
467
187
-28
2107
1107
-626
-797
1694
-430
1455
-556
-168
124
-20
1351
-502
282
-840
-340
305
168
-92
-160
-246
-1147
464
-427
550
-1338
914
1407
-937
-346
775
1363
-1361
2106
109
-544
-2123
-1174
-1072
1348
14
588
311
115
105
-1598
689
562
498
286
878
236
-2011
-1142
-125
-1818
-1942
-272
-2681
-171
923
-320
-3
-823
1229
-658
-577
92
417
716
1118
1363
36
221
416
124
-250
420
191
-777
501
109
457
58
1044
-436
72
-420
1125
-807
444
1096
256
-347
760
-947
-705
1244
624
637
-595
-1905
261
-914
-769
472
652
122
826
-458
221
-411
-801
1315
671
-434
-140
241
-735
-298
629
-3032
-1749
-810
484
-397
-205
-447
-726
-660
652
-148
-849
244
155
839
1082
-229
57
1581
-1136
-431
702
-786
655
250
243
401
-651
713
723
1361
-695
-132
891
265
-619
1174
-375
-522
839
-25
397
87
591
270
-280
735
-931
643
929
115
-444
206
-380
320
1670
-1408
-385
-920
514
-269
-1440
190
14
-1075
1539
296
-238
533
-927
-95
972
1213
-1084
-1030
-1912
-2143
-419
-820
301
611
497
-1698
1144
-636
985
1267
2
-559
-309
649
-743
-498
1044
-55
541
830
-450
-881
57
1075
-218
-50
-55
-489
552
135
-77
138
368
-995
-1353
129
-766
265
972
-337
-651
546
1138
-32
-101
-242
-150
227
-63
1151
-87
475
-2254
-812
-503
394
213
30
-1742
-644
-516
-209
-912
506
-1413
-1280
918
-312
191
837
-766
-1307
-142
734
-669
407
1271
497
8
-1689
-797
-721
-874
-252
-604
-14
238
-353
-1385
9
-916
-1463
1504
-884
183
-37
854
47
-1643
688
-726
415
-13
-394
241
1286
-2064
1804
1135
824
-1891
-55
26
-41
893
2120
1235
305
-530
265
-1893
-93
-569
1078
807
785
-693
537
-565
-732
914
432
431
468
819
-1826
509
-408
-1594
430
-1078
-37
-1489
-223
-663
758
1442
-1465
867
-947
842
-770
-519
-48
62
-1052
-1860
568
-604
-598
714
-91
-738
-567
-160
623
547
-20
321
-331
-344
139
-761
1112
1086
-550
-597
-753
-460
1091
-2386
-453
-1395
218
-453
641
570
2533
1194
-367
-1194
5
806
-613
912
1177
-470
43
626
184
-405
-826
-193
-621
-169
482
1860
1563
-348
-1048
-403
-130
65
-1040
328
-712
-252
-410
292
297
215
-1045
-1185
176
548
-1074
-954
-341
517
-287
-443
428
-757
-121
590
-1076
-231
-855
133
-908
-97
-226
-551
68
-1052
273
-559
-46
-1242
-538
-731
776
632
1357
918
404
-859
1744
-1006
-1145
-670
1523
-80
-814
797
-1667
851
-939
798
-78
-183
-1398
229
-5
-268
-1345
898
769
-98
885
365
-1350
282
902
-127
372
1408
-335
1954
-640
834
-388
-1141
958
134
-157
-963
386
810
597
-315
903
-299
54
334
1147
624
-883
-567
120
-1778
-312
552
1651
-1543
-674
-949
-25
-151
-8
158
-533
-176
266
456
-763
222
-1573
-849
481
601
1088
691
769
-224
-394
-45
873
-1267
1480
-1167
1656
-2310
-543
912
-48
1706
-945
-148
-549
-1165
589
-484
-1414
641
-485
319
-450
459
28
-408
-656
935
837
556
982
1382
220
-1204
-787
-1565
1756
2343
238
-425
-1169
-1125
-1539
680
-138
-1682
636
-641
380
184
697
-547
616
-738
1093
164
150
-1056
1151
651
935
676
1217
1045
-456
729
-533
-198
-558
-999
-532
326
307
676
1023
1434
-554
502
-266
-1426
-316
1028
-830
575
-330
-1674
-640
-502
-1320
-217
826
-1956
991
1668
-673
-602
371
23
-1556
1278
-460
921
-351
-296
450
-380
524
-1023
813
-1491
573
71
197
-1002
-746
-642
332
741
-1955
913
-916
1584
-524
1433
-74
1002
-27
-476
-966
55
219
158
-820
-375
702
-1762
-530
215
-313
-485
-558
1815
1159
-821
737
-1013
1849
-726
-336
280
-1299
176
280
-1017
203
-447
363
-535
-730
-811
1220
-41
37
-803
-2511
-574
227
-240
-1245
-858
767
84
245
396
-501
1182
-1130
1867
506
-1049
-178
521
293
197
636
207
1436
563
-1120
112
-522
-711
54
-688
-653
343
770
1105
822
-1282
-261
-131
162
-880
492
156
238
-327
884
1286
469
401
-33
854
368
-689
1759
962
-847
-417
-421
19
-21
60
-792
679
-485
-870
97
-248
342
-1553
-186
-555
-1793
656
-943
373
1388
294
-325
461
339
484
443
-693
143
124
-719
-1311
-451
-314
392
4
390
-1083
992
1712
-218
124
-300
-334
-275
-135
264
-242
-789
638
-914
2022
1951
1307
353
-1584
1107
-1159
-1383
630
479
577
774
-158
-85
508
744
-455
-926
-815
1595
-870
-689
-950
554
-870
-526
-973
809
-705
-1231
316
255
100
-2034
-1382
452
-1303
1099
51
-140
-1203
1084
146
-1612
1003
-1147
382
911
1526
-1022
-1039
-1791
-24
788
-1000
-158
317
956
-1973
706
-1322
-213
-673
-679
171
339
132
-462
409
-41
401
735
-530
-640
-337
-273
-102
415
-1883
441
577
133
29
-266
534
-986
1274
858
1111
132
718
1176
163
-1139
-288
-982
181
-624
1
-278
36
379
1922
-803
-315
1176
-138
407
146
99
-621
382
307
-113
550
-312
-330
-1079
-1098
158
915
1558
602
-670
131
77
-1442
-86
434
-314
156
1028
-236
-733
2174
-1414
-983
-1125
-105
1288
581
1091
1435
924
629
-947
67
353
936
-1257
-891
-858
-1018
-372
-774
1678
289
-60
1987
-1883
977
-511
-10
633
519
-243
-877
-696
1551
-535
1085
-1543
-556
1298
1047
1034
112
253
165
21
87
701
515
2007
90
185
-957
-755
-366
1942
-192
-1016
132
469
-389
212
-358
928
-611
-904
-260
-1013
17
766
-301
841
-812
1220
819
-830
893
1211
542
490
240
1088
543
488
1478
117
-131
1694
791
-1111
812
1362
-867
839
1124
24
226
-95
-90
-357
-1850
158
772
-520
996
1421
648
-471
225
-1048
-923
528
1223
1227
-457
-1134
-581
638
400
-499
-41
278
-14
374
100
-71
-734
857
1317
-1455
742
1608
1879
-1104
188
-443
-207
-310
-13
-644
1129
110
748
42
890
-1171
786
-84
717
329
-1880
1176
1127
-576
-1150
26
-147
-1575
537
-969
-532
-876
-3873
-439
869
-71
-180
240
-509
1180
998
416
-1980
80
28
-337
234
849
279
307
-1335
463
-108
-414
-919
-954
-1965
241
150
726
487
742
-160
-177
1478
-369
581
-1628
-771
630
1491
1
140
-716
-387
416
1095
-512
-497
-334
884
454
261
346
235
78
1110
928
435
-442
1349
-1568
1100
199
495
-109
1172
-43
698
-1232
-1835
727
49
-719
1356
-433
757
972
596
-712
148
178
1174
-1013
164
125
-703
1675
31
-194
-1095
1255
-1336
227
-653
-60
362
1418
-1261
672
-1400
2724
874
-40
-862
-373
1058
-1348
747
167
1252
627
-969
-441
-400
975
-336
-699
-205
-1727
1051
-467
-227
-164
-1408
-224
1876
239
-941
593
801
159
399
-1527
-1369
-763
-1025
-1432
115
504
-519
-480
1886
355
-961
281
358
-45
258
-480
222
413
1766
65
1236
524
-1138
1357
-598
56
-193
34
913
-926
592
830
-818
41
-566
147
-1414
6
-1323
391
1167
-735
102
220
1647
-1926
949
1292
-48
1106
834
-1434
931
1386
-545
-1868
263
-446
363
-1281
-134
-282
-125
592
-660
-817
402
-1131
-402
31
-10
113
674
367
218
627
-538
-621
430
15
2088
-208
-1223
138
-693
-1018
-1250
-339
700
-359
-196
-639
-78
611
1430
-130
-563
-545
708
-1205
-630
189
-933
-418
200
701
-1604
-1534
362
868
885
-65
1004
774
815
-1032
1034
-2154
365
1088
594
308
-1337
1464
-204
-775
313
-126
247
379
-1207
-383
-364
-42
-1033
1049
241
233
1
-1737
-82
1850
699
299
230
954
748
646
864
292
359
346
-7
112
127
234
82
-900
-655
27
1595
1631
340
1070
-407
389
-912
-333
-192
726
33
404
-13
536
-379
-598
-2073
1009
-191
-688
1810
348
-34
256
-1455
383
-892
665
400
1535
122
-212
89
12
597
65
8
1081
-356
358
173
1907
-1400
185
-1222
-1125
-158
-1124
484
-1079
49
1389
-949
974
-1081
386
697
-1040
-156
1590
-1215
145
-1230
-221
401
92
-85
-655
-802
1840
1559
-1199
-603
-784
-1963
2170
-726
468
140
218
-1389
439
907
806
-599
-127
-859
1074
-1482
1403
-493
662
1272
1015
-1323
1390
-1148
-259
-1302
346
1796
-9
-443
312
-954
592
-419
560
-1340
254
-451
311
-932
741
1330
-1123
-19
-1707
544
-888
-526
-291
-370
306
-97
-55
-199
2040
-627
603
667
-241
409
887
-219
904
-829
509
502
440
617
29
1092
389
69
95
223
143
1155
977
1069
-276
-1455
489
-60
-379
-740
957
706
155
-199
-672
731
402
453
190
677
1250
-817
653
-649
261
1232
11
-115
215
-315
192
880
920
838
1157
57
-193
928
616
1053
738
805
-539
235
698
-672
581
778
1392
-517
-86
-515
-343
845
764
200
402
-933
887
412
1156
422
1787
365
-65
246
-49
266
-161
-52
-49
-596
-60
-961
-589
610
-329
-1206
-637
308
153
22
-593
-1215
-578
2042
-82
-115
507
-901
86
54
1090
99
549
578
131
-1370
-862
775
927
-1112
1826
473
-427
-250
1533
-323
-1113
-2130
-1400
2138
1366
-412
63
207
64
-817
-352
769
-187
943
-1174
-930
729
144
288
-545
-440
-2142
1076
763
-1216
364
551
1264
56
-388
-393
227
111
-1283
-918
639
239
252
-160
785
494
-96
1106
1706
225
78
714
-204
49
991
-91
124
1488
5
323
329
595
141
35
293
305
378
718
-1357
1619
-1175
-217
-1831
871
201
-391
411
-1400
1309
681
-877
-1278
1334
-1082
-346
-281
1257
275
-481
254
480
52
-104
-1087
145
-144
-53
-341
116
464
-711
724
-704
497
2092
-1137
-14
-164
382
105
833
1069
127
-97
-230
-646
1281
43
-8
-926
-1074
-878
716
334
-349
-370
-2
619
339
102
-782
-1572
180
453
292
1190
-229
-415
-156
-724
80
106
-378
32
259
72
-178
915
278
561
-700
557
1732
-1394
712
-951
714
384
-307
-1712
373
-509
-1085
1388
-39
-682
4
1214
-112
-1869
-31
992
888
325
-204
610
-1674
421
-814
-713
1115
-358
-545
-1669
910
-670
-442
556
7
170
-1456
-203
2056
497
201
-1085
-36
-37
-591
230
243
391
133
-757
-365
-956
1118
-537
-1306
-440
-1510
1100
350
216
324
-923
-282
576
-475
497
2147
441
562
116
-472
-77
-475
1016
970
866
379
860
-183
-268
-604
-558
-370
-2010
-388
-1015
-508
-565
-57
983
-1399
-686
-802
-703
605
-311
1018
-145
-429
1050
-906
85
-226
922
85
-144
-401
610
-1328
-885
-764
239
-416
959
1083
-309
-457
671
519
707
175
-334
782
978
-1660
800
1935
-884
-1069
44
494
1486
400
-297
-157
964
-1750
-1241
34
698
845
-98
1151
-724
644
1006
198
824
-168
319
225
1463
-1532
-763
-895
-92
262
351
731
-409
398
318
147
59
632
-983
497
-233
-441
532
308
-734
-174
-482
-161
-402
555
-70
624
-692
387
417
-86
891
-949
510
-329
379
836
-642
167
-19
-136
531
-502
-620
-989
284
590
-478
1021
-321
196
-1808
-1103
-1831
-140
279
1703
790
883
-407
131
-143
1409
-676
-597
719
-1165
643
-115
2029
-27
678
380
-467
-344
-181
301
-1092
-37
-1699
-15
-332
-687
1611
-590
-307
-74
1300
506
284
-1353
742
741
1974
-956
380
-406
-168
-1534
-1628
-186
753
-605
1847
-104
3
-147
-110
910
-820
-1417
806
-232
-548
604
617
459
-684
-86
-3
567
350
-606
-361
903
-1262
160
119
1965
1177
-2299
-313
167
413
869
442
167
-525
-71
1082
-1065
521
223
67
-1337
-1020
-114
-1117
-153
296
520
-257
428
139
-478
-1318
1167
-830
703
93
-548
269
-516
-90
815
950
48
-433
-509
142
1386
2614
-488
-178
-1296
-417
-1813
-389
-923
