28 91 25
0 6
0 8
0 14
0 19
0 26
1 8
1 12
1 15
2 10
2 12
2 26
3 17
3 26
4 6
5 3
5 22
6 0
6 9
6 17
7 3
7 12
7 16
7 21
7 23
8 8
9 3
9 11
10 1
10 20
11 9
12 20
12 27
13 1
13 11
13 23
14 3
14 8
14 14
14 23
15 2
15 7
16 1
16 12
16 17
16 23
17 1
17 3
17 11
17 15
18 2
18 4
18 8
18 27
19 0
19 10
19 12
19 14
19 18
19 23
19 25
19 26
20 0
20 21
21 6
21 17
21 18
22 11
22 14
22 18
23 13
23 21
23 22
23 24
24 21
24 24
24 26
24 27
25 14
25 15
25 21
25 22
26 0
26 6
26 11
26 12
26 20
26 21
26 27
27 5
27 12
27 18
35
19
60
70
42
77
89
82
65
47
90
24
10
69
67
63
52
85
30
39
73
75
55
48
74
72
44
78
3
84
54
4
68
13
2
76
0
83
43
15
18
26
62
25
12
16
58
86
71
31
51
80
32
46
59
87
29
64
36
61
66
6
5
88
79
14
28
41
38
57
56
1
22
8
37
7
40
45
23
27
21
50
11
17
20
49
81
33
53
9
34
-33
-11
55
42
6
0
6
6
6
-15
-27
-22
8
2
12
26
-24
-28
-29
-7
-5
-27
-12
4
22
11
7
18
7
-14
15
-41
-27
-20
-19
19
17
8
-4
-36
-29
-25
35
-8
5
-9
-21
14
-17
-22
-17
-19
5
14
37
-10
-20
-13
-11
7
-5
-1
-34
-29
-4
3
15
11
24
31
-65
-16
29
-29
-19
36
-12
-15
21
-4
29
-9
28
16
1
9
10
14
-11
25
-10
-12
-26
-41
23
16
2
-3
2
-35
2
-23
-24
-24
-19
4
16
-35
-21
-12
-8
12
-11
10
-5
-55
11
-2
-9
-19
-16
-9
-19
0
39
-2
-40
0
-6
-15
-32
8
20
-1
-26
6
-29
4
3
26
10
-35
39
-24
6
14
43
22
23
22
42
14
19
47
49
-39
26
-35
-27
-38
-59
-18
-13
11
7
-25
2
-11
-17
12
26
9
15
-6
-4
-14
57
-44
-14
39
-13
-3
10
26
19
47
-17
11
33
-28
11
32
30
-16
-3
-20
-8
36
-9
-12
25
8
-11
-33
32
-1
-12
-13
1
-32
-38
3
31
-51
-33
14
-4
-19
40
-25
39
44
31
-2
7
-47
15
-19
-2
-26
-49
15
-29
-6
2
-1
2
-15
-18
43
10
10
-3
-30
21
-6
2
-52
5
13
-21
-6
12
-17
-50
-17
-52
-9
-38
29
-15
45
1
-15
-23
4
51
-2
-14
15
38
-19
6
7
17
20
-9
-16
13
28
-15
-1
34
-6
21
20
5
15
-54
45
-21
-16
-3
-11
41
18
68
27
-58
-30
-6
-22
33
11
6
6
16
8
-14
17
-40
-10
28
64
-6
16
-9
37
2
-61
-20
4
-20
-11
22
-10
27
-4
12
-11
-49
-5
20
16
18
4
39
37
19
34
-14
2
2
11
-29
-26
8
-22
6
-11
-13
25
11
60
-7
-16
1
13
0
15
0
-16
-3
42
-21
8
-22
13
2
-6
-7
-24
15
-7
5
14
-22
-45
-54
22
25
-7
-24
-4
-7
8
-25
-48
22
42
39
-3
-30
-25
-7
3
18
5
1
1
-10
18
3
-2
-14
-22
2
-35
-6
15
-35
-38
-13
-7
13
2
20
-6
28
0
22
-7
19
-17
-19
-21
-27
21
19
-2
26
15
3
-65
3
25
-6
66
7
-18
-21
3
7
22
-52
-3
24
-4
-20
70
-4
16
2
-43
9
6
22
-12
-8
17
8
-14
-6
-1
37
6
-11
-35
-36
-8
-14
29
19
23
22
-14
-38
5
23
26
-11
-32
-33
-19
23
-26
-92
24
-7
10
-3
-12
13
20
8
-2
-12
11
1
65
-34
-10
16
20
-8
-37
6
-7
-8
-14
-13
10
-5
-25
19
-18
-46
-23
7
0
-27
-4
22
-10
20
-28
8
30
19
11
-34
-11
-47
-18
-12
-12
0
-27
-36
-40
-12
9
44
-49
-64
-27
-22
-14
-14
13
-12
-3
-23
-7
9
12
-19
3
-5
9
24
-73
-35
-15
-8
14
-29
31
74
56
24
7
45
3
17
-8
8
-50
-12
10
-8
9
10
32
32
-14
-12
-22
49
-3
6
-14
9
4
-30
-46
14
-31
-8
-22
-12
5
13
25
6
1
22
46
33
-2
8
-10
39
3
-15
-7
18
6
8
-36
-21
9
-30
-39
-21
1
33
-5
-6
24
6
2
-7
-3
17
-1
-20
22
9
16
12
2
16
-29
43
1
41
9
36
-1
10
20
0
-3
-1
30
5
-41
20
-26
-9
31
-10
-23
-4
-4
-11
27
-8
10
16
39
14
-18
18
6
38
14
-18
-60
-18
-19
-1
-31
6
7
24
-7
-6
-29
31
-35
55
32
-30
41
26
30
31
-15
-17
-47
26
-47
-37
11
-22
28
-21
-18
6
-26
-17
-7
32
-13
19
8
16
-2
-16
13
-16
-5
1
9
25
6
-3
48
7
25
-14
-15
1
-13
-1
-51
-21
15
2
-3
-11
38
9
30
-20
-32
58
-12
27
9
-7
29
30
36
-21
-6
-31
23
18
-22
-42
6
8
-4
-31
1
-29
-16
-39
10
-16
-31
22
-11
47
-15
-20
-41
24
66
6
18
17
-14
-11
16
-15
2
11
-10
29
5
19
9
-41
-23
-14
-10
18
51
27
-9
26
59
-33
-11
-11
9
31
37
16
9
-14
26
-42
-13
-18
-1
-2
-8
9
-21
14
-11
-6
-34
20
-15
-48
11
-23
-39
41
-25
-50
6
-49
34
-23
-5
-8
-19
6
40
-21
-26
-45
-12
-21
21
4
25
-5
26
26
-9
33
-19
30
-13
32
7
24
3
-14
2
22
-4
23
20
-18
-59
53
-19
0
-33
-43
35
-45
9
-9
-11
21
37
-35
-23
-15
25
-18
-5
7
-1
23
-1
-12
-30
14
13
-35
-28
-6
27
-3
12
0
39
13
-11
8
27
15
-20
23
26
-28
-16
1
21
9
1
36
-44
66
-2
-23
22
-3
-25
-13
0
11
2
-30
32
-3
-20
32
43
-13
-10
16
-27
-4
28
-44
-58
-22
-5
50
-1
-15
-13
7
8
-41
-13
34
-25
-11
11
-23
24
5
-12
-32
1
-42
-11
-10
6
-15
14
-36
-21
14
39
-18
-2
29
-50
1
-15
43
9
-25
5
6
-58
-37
-4
50
-8
12
-12
-3
-27
13
30
-8
-7
7
-14
12
9
43
-18
-29
38
-5
-63
9
35
-13
20
-17
-4
-8
20
7
11
4
-1
14
-8
6
2
-12
-43
38
53
-11
22
34
17
-20
-8
33
47
-11
22
-28
-13
-46
-3
4
-3
-18
43
13
-17
-1
-35
10
29
38
-22
33
-34
2
8
5
3
-1
30
0
21
-2
-12
32
-38
-38
2
-7
-23
45
23
-30
19
-2
9
-24
8
-1
8
22
39
47
5
39
0
-18
14
-16
30
-6
-26
-27
-3
-29
3
26
-15
-43
3
-27
-19
-32
-27
-7
8
4
-22
12
-30
0
16
-6
-1
-15
-1
-29
34
-3
24
-25
68
11
-29
13
-4
-24
-2
15
12
-10
-17
26
-18
0
6
-3
38
39
-31
-7
42
4
-47
5
5
23
-1
-48
-31
38
1
27
-7
-18
-11
-3
-8
-24
-53
8
-33
-20
17
-28
-13
1
25
-40
-15
51
16
70
-16
-9
17
-5
-5
-28
-35
14
14
17
-2
-23
22
14
-16
-15
23
-15
-14
37
-32
33
-25
-52
28
-37
3
-1
10
6
-14
13
-23
26
-16
6
17
4
-18
-7
1
-20
-38
10
39
-6
-16
-16
-18
9
-8
-6
14
-20
-4
10
-18
-14
20
-31
-11
-30
5
42
1
-11
-10
-10
31
-21
35
-7
15
34
-20
-21
12
-21
-6
-20
-23
-27
-21
4
-6
-27
14
-49
12
-51
25
-16
-1
-65
22
-23
1
7
14
2
23
1
21
37
-5
24
-38
10
31
4
-17
-41
-45
-33
3
-11
5
27
15
-37
-26
18
52
20
9
17
-10
26
11
-8
-11
20
24
1
13
-24
16
42
-30
-12
34
13
-63
23
-12
-20
9
11
-44
19
-1
6
6
-30
9
6
-29
14
3
-12
23
22
36
-23
91
18
-21
36
9
11
-16
16
11
-44
44
58
-30
-23
-49
16
32
-6
-16
15
18
-8
-44
20
-11
-11
-5
34
13
-44
30
-28
41
0
8
-43
-9
5
54
-37
-9
16
30
65
-27
25
-9
-37
28
13
38
2
-30
-49
-12
-29
-8
24
3
9
10
24
-33
-46
-44
-19
24
29
16
13
-15
13
-44
12
41
5
6
-20
14
8
21
81
11
62
9
44
-21
-18
-4
26
1
18
-49
-38
3
16
-34
61
12
20
36
24
6
4
-29
-41
21
-19
16
-4
-25
4
58
6
-18
-20
-37
13
42
51
-24
25
-21
50
-22
8
-17
21
-25
-61
30
-5
9
29
-12
0
5
-19
-72
10
-30
12
14
-8
22
38
-18
-20
4
12
-11
3
12
-20
8
-38
11
-22
39
2
-3
37
-29
11
-5
7
-11
-17
14
35
22
-36
0
-18
-5
-5
65
24
-29
32
-14
-46
1
51
16
28
24
-17
-14
-6
16
1
1
-19
15
8
-8
4
-21
-38
13
-7
-43
-6
-21
-23
-8
0
-19
-25
6
-15
37
12
14
11
-20
9
-25
-20
-15
-33
-2
37
-19
3
-21
-18
-13
-2
-15
31
27
-21
-28
-15
-34
-16
-3
-10
-20
-32
-38
-27
19
11
-14
-36
-18
-39
-11
12
-18
21
-9
-8
-9
40
-6
-11
-20
-16
-1
7
23
-47
9
7
24
18
-8
10
-23
-10
-22
-45
38
-11
18
-25
32
-4
-5
-26
36
-22
-50
0
-29
-3
19
0
-7
3
8
5
-20
-54
-16
1
26
59
7
-23
3
17
3
-3
-7
-24
-7
12
-9
-12
28
-16
-6
60
20
66
78
12
25
11
32
-20
-27
36
25
-24
9
-21
-40
4
-10
7
-17
37
28
30
16
-39
-13
37
1
33
9
-24
-12
-26
27
4
-28
-14
-11
-24
26
-22
3
15
-23
49
28
-14
33
1
11
-7
13
14
28
6
0
-28
4
1
-41
27
10
-34
-11
3
17
10
1
1
40
-33
21
-27
19
-7
52
0
-8
28
-11
-16
8
33
-5
0
7
-27
12
9
-3
20
25
22
35
-21
25
23
45
-8
7
-25
-3
-2
31
5
-4
-27
28
9
-16
53
-12
-16
10
-13
-30
14
20
-28
-25
60
51
11
-9
-27
12
-46
-25
-9
-16
-20
-8
33
-8
-29
40
16
-58
52
31
30
-3
28
20
29
-13
38
17
-13
27
-17
-2
41
-19
-35
-24
-14
45
-42
3
-49
-15
-10
16
-62
-29
20
-2
-13
-19
8
66
-33
-5
-1
13
0
-13
7
-28
-11
3
-15
6
7
-4
25
3
-6
6
-25
-32
-17
16
16
5
0
52
13
-23
26
-5
-46
19
13
-51
-29
-22
-34
-15
22
-2
10
2
-29
4
12
17
31
-7
28
12
-68
-20
24
-24
-33
7
24
-23
-14
14
42
13
10
-36
52
16
4
-14
30
-44
2
30
13
6
-19
45
-19
0
21
-55
1
3
-22
24
-12
-9
25
-38
27
3
5
-12
-15
23
19
-2
-10
17
-10
3
29
29
29
-6
30
35
-19
-1
-14
18
-42
13
-3
-41
12
28
40
-30
20
25
40
6
0
40
12
-6
28
8
23
3
-47
14
14
37
-13
-8
16
-25
-14
41
-61
-12
7
-13
-32
25
-21
41
11
-4
-5
3
-10
2
-36
-7
-25
0
-23
16
-11
-21
26
2
-12
15
9
-17
-5
-17
11
-21
-47
-43
-2
-32
9
8
-1
-33
26
-20
-34
1
22
11
-22
10
9
8
16
23
49
-8
-33
-32
15
0
-27
24
50
-38
23
28
-29
-13
27
-48
4
-52
-35
8
1
12
-24
3
-7
-7
14
-9
1
-62
70
35
-55
5
14
23
20
35
9
-23
-9
-48
5
34
-44
18
33
28
1
-19
5
16
37
38
20
36
-7
-27
0
-28
37
-25
-38
14
-14
-16
-27
11
-9
-33
-10
8
-19
-22
11
28
-10
16
-11
7
-20
-13
71
12
-25
-15
24
18
15
19
12
-13
-35
5
7
15
-12
24
14
15
-50
-27
-6
5
-19
-52
13
10
-20
39
-45
-10
15
32
22
-10
-11
4
-12
-24
-12
-3
-32
35
4
-51
-19
-31
5
-9
-14
66
-35
-16
7
-22
-13
0
5
3
-14
6
-12
1
63
0
-8
-56
21
-43
-6
33
9
1
-28
-19
0
-8
16
24
-16
-4
2
25
14
29
-4
18
-24
-10
16
19
35
-21
-6
46
-8
7
-51
-42
45
-6
23
28
26
-5
-4
-5
-3
6
-7
-25
1
-1
1
-4
-54
18
11
-29
-33
26
-25
-6
-8
-43
31
45
5
-22
-6
-17
-11
-27
23
29
56
-30
-15
33
-13
-35
24
-11
-1
-20
2
-15
21
-48
57
12
2
15
-28
-31
11
-30
-3
-28
-4
20
-10
10
17
-1
20
-16
0
1
-3
-20
23
-4
10
-5
-31
2
21
-8
-13
6
65
16
-12
14
-1
3
-1
-13
-15
-15
-44
15
39
-8
-61
31
23
-24
26
-53
9
-22
-7
-19
-6
-23
6
-3
19
-3
31
33
-5
-12
20
19
-28
-33
3
-6
-43
-42
0
15
-27
18
-43
19
5
21
-26
-17
-4
-15
-37
18
-13
27
-12
14
14
-5
14
50
-16
-11
-25
3
19
24
-2
28
7
-16
22
13
-43
24
17
-2
-29
-7
-7
16
2
1
-15
3
-10
24
-55
1
0
6
-29
9
9
-19
46
-22
38
-6
5
-26
12
28
8
-39
15
10
0
17
-25
25
-55
24
23
-74
10
12
9
12
10
-15
-32
-1
-11
6
-13
-18
34
-22
-59
-24
-7
11
-44
-16
-54
42
-14
-37
-25
-3
-11
17
25
8
-4
0
-68
-13
-13
-41
-27
23
47
-16
-22
-49
-38
-26
-40
40
15
31
-26
5
45
-1
-36
14
3
-21
-20
6
-15
28
54
-2
-17
-27
-13
35
-2
-11
-33
30
-33
-12
-19
12
-36
16
-17
3
-9
10
15
-37
28
3
-10
-55
-2
12
11
-9
30
30
5
43
-1
-48
-7
-45
6
-14
-24
-29
11
12
-29
1
-23
-13
36
-8
17
-22
4
37
38
-10
-5
-32
9
7
6
-11
-53
21
-24
-16
-6
-53
15
-15
3
37
36
-48
12
-38
29
35
7
-39
29
16
-3
-13
-11
-27
17
-16
23
-29
29
-5
27
32
-14
10
8
-7
-10
-13
14
4
-10
17
6
34
-32
-46
5
39
7
30
-21
24
-1
39
-14
-48
50
7
33
52
-14
11
-43
18
3
-23
10
-34
-9
87
-40
42
34
45
14
-4
-26
-4
-13
-28
23
-15
-9
-2
-46
0
8
32
-25
-43
-18
-58
13
-9
-17
16
42
27
-5
4
29
-40
-42
24
16
-28
-26
-41
46
-19
-1
20
14
17
15
-15
9
-2
14
26
-13
-1
-36
-2
-1
24
-32
16
5
26
28
7
40
-16
-38
12
11
34
11
-20
5
-40
0
-35
-18
30
-12
-28
-20
14
-18
-3
-83
22
22
0
10
31
-5
-18
8
-66
-7
-3
-9
4
-25
-28
-17
-50
28
33
-10
11
23
-7
-38
8
-52
23
-19
1
-22
81
-22
-14
-36
9
-19
15
-5
-30
-7
-43
17
50
6
10
25
12
44
72
36
-30
-15
-5
37
-1
-30
30
-7
51
-5
4
-8
-11
-8
-58
1
-31
10
-25
-13
22
-14
-4
51
24
25
-53
1
30
-34
11
-29
-17
17
19
46
34
20
24
8
-45
-23
-10
13
-4
21
-41
-9
11
-22
-12
-1
-14
6
16
-16
-42
17
-11
26
-35
-11
-7
-5
-2
1
-12
14
24
-14
-14
-1
17
-48
-8
5
35
-1
24
-19
37
52
-6
33
-5
-23
-15
-6
13
28
-42
-59
12
0
-34
49
8
-11
-9
-4
2
-32
36
4
23
-2
-23
-9
-32
4
-19
6
6
-1
-28
10
-5
4
20
-1
-6
-3
-15
34
49
-10
-11
37
22
-15
-5
13
-5
29
4
0
-8
-15
-26
-23
14
23
-16
21
2
-27
-21
8
9
-25
-19
43
-6
77
-11
-31
-6
-2
11
-15
-10
17
-5
-12
-30
46
-1
25
33
7
-17
-33
64
51
-3
42
15
-17
-31
-50
38
52
-6
-36
2
1
15
-56
17
10
-29
-10
-5
-32
-37
17
-13
5
15
2
29
25
23
-14
-24
7
23
29
38
50
-21
12
-3
20
4
2
22
-42
9
-12
30
13
-61
-4
19
-30
-1
-21
33
30
-5
5
10
16
27
21
-15
28
19
-10
16
-11
80
-7
15
-1
0
-29
-5
24
-6
-34
46
45
34
-21
-8
-19
9
41
4
-3
22
19
-13
19
38
45
29
32
-4
14
-10
-14
-16
7
-14
-4
29
34
-25
-10
16
24
22
-33
-23
20
14
-16
-22
-49
-16
64
12
-14
-30
-15
-23
11
-33
-6
11
12
13
-11
-21
-11
23
-4
27
16
17
-25
-35
20
-8
-10
3
42
12
-41
-15
13
-8
-1
17
13
-17
7
-55
1
-16
-23
14
29
9
-24
6
16
31
18
-1
-51
-27
31
22
15
-5
47
34
1
32
10
8
27
-32
-28
47
3
24
-46
-30
4
-24
12
-25
28
4
-5
-21
7
-24
-36
36
20
1
7
-1
-16
25
-61
-8
12
26
33
8
-26
-15
21
11
-39
12
-20
-16
-5
8
14
19
2
46
-24
-15
-2
-8
-2
-1
17
-35
-25
46
42
-11
30
-6
-5
6
-26
-2
21
8
-17
-39
-23
-55
-8
-10
-13
-29
6
0
-15
12
22
6
38
24
-25
24
24
-15
-20
0
18
-7
25
-16
22
-21
1
-14
3
12
-42
42
36
-12
0
24
-19
45
-20
-31
-37
12
11
-8
-26
-60
29
-14
-27
-9
-20
-20
-22
38
-10
-23
16
-5
-8
26
-44
-3
27
-7
18
4
30
-14
31
4
-16
-10
15
10
2
27
-13
8
7
31
-15
-29
41
0
-21
13
-30
-37
19
-42
-33
-5
-11
-32
26
15
-8
-51
5
17
15
-37
87
-8
30
23
-22
-18
12
16
-15
-25
25
-13
20
-19
36
29
11
-16
-2
21
24
4
-1
-28
5
-22
38
10
-5
19
9
27
-1
-14
-12
4
-9
-3
-9
25
23
29
-19
-4
14
16
3
-8
-5
40
-13
38
4
20
28
-25
17
-17
71
-15
19
-17
34
-25
6
-8
-18
15
-39
6
16
21
5
28
-14
8
-26
1
-6
6
25
-9
-25
-6
-31
50
14
20
22
-46
-14
-36
5
-28
-26
-64
-29
2
-42
2
22
-17
-35
19
-14
7
33
-14
-23
-6
-6
-5
51
7
-51
27
20
-21
13
19
-42
-6
13
36
-17
11
-61
12
-19
-17
-22
13
38
-4
30
-12
9
-31
30
3
16
17
-4
-29
-28
18
-3
10
13
-37
66
-14
-4
12
23
6
-32
0
-2
-14
-9
15
22
-22
-10
-10
2
-35
-8
-70
2
17
14
-21
32
-8
-7
-34
-18
-23
26
-4
-9
-3
24
32
-18
-27
57
31
7
29
-20
-4
-3
13
19
13
6
-22
31
-44
-46
-6
30
-14
22
47
34
-5
-4
-24
-16
7
-49
-21
-25
52
-17
15
-73
41
-30
-18
-11
19
16
-2
6
13
3
-7
-38
-1
12
10
-20
22
9
9
29
-14
33
28
-11
-3
63
-47
-18
27
-16
22
-1
-15
12
-1
27
25
28
-1
25
-24
11
31
-27
-23
-13
-39
2
-19
-13
12
-24
-12
24
-23
-30
-19
-13
-17
8
19
-9
-11
48
-34
8
61
9
8
-4
45
-2
-28
-31
-29
29
-10
-17
-16
33
37
-35
-37
-34
3
-12
-4
3
-15
-3
-11
-26
27
31
-6
17
-1
2
3
7
16
-9
-44
-14
5
11
0
-3
-36
0
-38
-44
10
11
-14
5
-18
3
-1
42
-9
-65
27
7
-18
-19
-5
1
28
-15
-12
0
-1
9
-16
33
18
-38
1
-12
26
26
26
29
9
-15
7
-31
-27
36
-7
-18
13
-27
-6
19
-15
23
1
-20
-9
-2
-5
-32
13
-2
81
4
40
13
55
9
-3
9
30
-39
2
35
-34
-49
20
-18
9
3
-1
45
6
19
-55
-32
-44
14
-44
47
23
-3
-30
13
23
-30
-41
-21
7
-21
-14
18
-23
-18
-20
-8
17
4
59
38
57
0
1
4
-13
-20
10
-45
-27
2
-6
21
22
6
-9
47
8
29
50
-10
-3
-7
-11
30
-5
29
-34
-18
11
43
9
-18
25
9
-45
-16
7
-19
13
48
-13
7
-5
-12
35
5
23
39
15
39
-25
-18
-3
-14
-21
1
19
-15
25
-19
-11
-40
53
-26
-10
13
-14
29
-26
-3
-13
14
30
41
12
-32
-8
-44
-14
19
-7
4
21
-39
0
11
38
-23
7
4
47
3
29
25
2
23
17
15
4
31
4
-4
9
-9
-14
-2
28
-16
35
7
38
30
-14
12
-1
6
40
3
1
20
-3
-14
8
18
23
-35
34
-29
5
53
-30
-36
20
-21
-28
-49
-23
-4
-63
-11
6
-56
-38
34
-22
7
-47
13
2
-35
-6
-41
-12
4
11
33
38
30
26
-33
-25
-40
32
12
14
8
-39
20
-12
-1
-62
-23
-6
-30
64
21
12
29
-11
51
-30
4
23
21
-13
-40
-1
13
-51
12
-25
-34
23
11
-9
-2
-2
8
-22
3
20
-4
-1
7
-25
-16
5
-19
-31
17
22
-14
28
21
-32
-5
26
10
5
-3
-17
-21
-8
38
-15
22
-8
24
2
-5
8
32
3
-7
0
11
-11
-2
45
-20
-3
-13
-40
-32
26
5
-8
-27
20
-18
-9
27
-10
-30
3
32
-5
-30
-1
26
11
3
38
42
-32
-25
-23
-36
-12
4
-27
12
26
-52
-37
-17
-55
-2
-13
51
5
34
35
22
-82
8
-37
25
13
-2
1
-1
42
13
27
-22
-37
22
27
59
-3
14
20
0
-20
-35
-10
1
-1
-4
-2
-2
46
-23
4
4
23
6
9
-14
36
-13
-16
12
-10
-6
-52
-9
23
0
8
-13
12
-5
-7
-4
-28
14
24
32
-45
9
-8
18
-8
-1
-15
16
-55
17
8
32
-52
-10
-4
-4
15
7
-26
16
-47
-21
-1
18
29
-26
-9
-47
12
-32
41
16
3
11
-32
-29
71
-22
23
-9
30
12
23
5
-18
23
18
16
-21
-4
-5
-29
12
-64
16
5
-33
-65
57
-87
-43
-29
1
3
16
35
-30
-23
0
38
9
-14
1
12
-6
12
-6
2
-32
-40
12
1
-34
-20
-3
12
8
-25
-6
-11
28
58
3
36
-24
-16
-16
-50
5
0
-16
0
30
10
-19
-47
9
37
-43
21
-26
-10
-10
24
-2
32
21
-23
-32
29
-20
11
22
-26
48
9
-19
7
5
45
-2
-14
-15
32
-29
-26
-9
-29
9
12
21
28
-5
-18
24
18
59
8
9
6
16
-9
-10
3
-11
2
7
-43
4
-11
-17
-20
25
27
1
22
14
-26
25
-9
12
2
44
-18
-4
-32
-45
2
5
-20
7
-2
37
-40
-21
2
-5
-22
-22
-31
4
-36
20
29
-5
2
17
-39
35
3
-1
13
-30
-6
5
22
-2
32
-3
-7
9
-4
-33
4
8
9
-1
9
-45
-39
-13
-39
-5
-4
-23
-25
-6
-29
-7
23
29
-21
-10
29
15
-14
-10
-7
-42
9
-28
-7
-6
5
-12
-20
30
17
-33
-16
4
4
10
-3
2
12
-19
-25
64
41
-9
5
18
-18
3
54
-8
62
10
19
-25
2
19
24
-16
33
48
0
23
48
-25
-13
-1
14
9
1
9
-29
16
5
20
15
-9
7
-59
7
20
36
-11
49
-9
-8
-20
1
13
-11
1
-62
7
27
-22
4
-53
-7
-5
-1
8
26
20
-17
11
-8
48
29
11
-17
-5
9
14
-2
-15
1
-25
63
-13
28
-31
-12
0
8
12
-17
2
-35
-21
-27
41
-24
-36
5
-8
-1
34
-36
7
-3
-10
11
14
-8
34
-45
-60
5
-31
-26
26
13
13
20
-6
24
8
-20
12
-3
-14
-41
-14
12
4
0
7
28
-25
-2
18
-18
-19
3
33
-21
-19
-30
-58
19
-12
14
5
31
23
-1
-4
-21
1
2
26
22
7
9
-19
-6
58
6
-12
-6
14
-47
-20
-14
-22
-4
-25
-13
-41
-8
-39
3
-11
-10
-24
22
-6
9
-13
-21
-2
-39
7
23
11
25
16
13
12
19
-31
-30
-10
-45
53
-17
-9
-15
1
27
-20
0
3
-25
-58
16
-32
4
-37
18
-13
17
-16
48
1
35
15
-15
-9
-11
-43
12
-32
-18
-16
-31
27
-17
-3
30
-34
20
-23
8
30
45
3
13
23
-16
-13
5
20
8
7
-35
28
3
9
8
-27
-11
13
-44
-11
-11
-21
27
-29
-12
16
8
1
37
9
-46
-3
10
-12
40
31
-10
21
44
18
-31
24
-40
14
5
-21
-20
19
18
21
5
-2
17
-9
47
-54
-32
-39
-7
-11
-17
-16
35
-18
25
-11
-21
-6
13
12
3
3
15
68
9
-9
10
-6
-18
-22
15
13
8
31
-15
-14
4
16
17
-34
4
3
-30
37
-5
-3
-24
-20
19
-1
16
24
19
8
11
-76
-22
24
3
-20
-29
-6
-19
-5
-5
-78
19
-74
-28
39
-3
-17
-45
-11
16
-27
-5
17
-26
-4
19
-22
4
17
6
29
1
-9
-10
25
33
-44
-17
24
19
16
15
67
-1
20
36
-15
29
-2
5
51
15
37
29
-2
-27
8
25
53
34
6
22
-15
-14
-32
6
-56
-11
19
29
-6
-18
14
1
-6
-19
-9
-20
-37
0
16
14
19
10
-6
17
17
50
29
-5
-37
-34
12
-24
27
25
-45
-30
-5
13
-23
-1
-57
-12
-4
-5
-3
-51
-8
-16
-5
-13
16
-8
-16
-7
-19
-30
21
-6
47
-16
-53
2
-18
32
-1
-7
6
-41
0
-30
-28
-9
12
2
-14
2
12
13
20
-18
5
28
26
-34
-18
44
-8
-47
-15
10
8
-11
65
-50
5
-5
9
-23
8
-1
-4
21
7
11
38
-3
16
-19
22
-23
25
0
-7
-17
-27
-4
-20
-20
-46
21
19
-3
-13
30
5
-11
-45
-14
20
-39
-2
16
-37
-6
-12
33
-7
32
-10
-43
24
-26
-2
1
45
-1
15
15
3
4
2
-11
13
-27
2
-37
17
15
6
-6
-20
-4
-25
8
-31
1
56
-52
31
21
53
-39
-34
39
-31
-45
5
-21
-12
-9
-8
0
-16
-32
19
-20
-17
-38
-1
-7
-23
-54
20
46
40
-3
10
-23
-7
-20
9
-33
-21
29
-34
-45
-31
-10
-20
2
11
10
-2
-4
-3
7
9
-37
28
22
26
19
26
3
20
11
24
6
-8
-14
13
24
46
0
-39
-18
-52
-35
-49
47
-51
6
-42
62
-20
5
-8
7
-31
-29
-3
-28
9
28
16
-32
19
23
-50
-34
1
8
-37
13
-11
-42
-25
13
-48
-4
-7
29
-3
-24
-5
-2
-11
-10
-12
-8
2
55
3
-37
-12
-33
46
2
10
16
-24
-15
-53
-4
27
15
-1
-33
-30
-10
7
-21
20
45
-35
23
-5
65
21
-9
6
-7
11
-4
32
46
35
28
-17
27
47
-3
63
-7
-30
17
40
-12
5
51
-15
-21
1
-5
-6
28
23
0
-13
-4
-2
-2
-28
7
-53
64
45
9
13
21
1
38
30
11
-4
-7
-10
-46
-18
2
-25
-18
-31
-13
-2
15
-9
16
28
-3
10
-24
-6
9
-16
-24
15
28
25
32
20
-74
-18
-10
11
-1
-23
-14
26
3
25
34
-6
-11
-17
-43
-45
34
13
47
-35
31
49
6
-36
-20
-20
6
-36
11
12
36
-19
32
48
-17
-25
30
0
29
-62
-12
-20
-38
-19
-12
-34
26
40
33
-1
29
-32
24
2
-34
-22
16
-2
-43
-6
37
5
15
-27
6
3
-21
-12
-32
30
-25
-18
-7
39
-6
-16
-37
4
-5
8
22
-22
-21
3
-38
38
-14
-11
7
-16
-3
-31
-35
-15
-55
17
-51
5
-19
-5
-2
8
23
20
-6
23
-27
21
10
-12
23
-13
1
-10
-34
-17
-12
-7
0
11
-4
-3
4
2
-35
2
-42
21
33
7
1
4
21
1
-12
-22
-28
-2
26
2
26
15
-18
71
21
-14
19
3
-23
-2
40
30
10
-8
25
-7
10
43
21
9
-1
-18
-22
10
26
-37
-14
36
35
-26
-26
-10
-14
-39
27
-23
-25
-9
-3
-16
27
4
26
-15
-41
-10
51
-12
46
-37
-19
30
-35
2
22
2
32
65
37
23
16
52
1
19
-42
1
30
-23
-18
24
-8
9
-32
-11
10
-32
-33
2
31
-13
-1
-3
18
-5
32
18
32
21
-13
-16
16
34
-67
11
-10
48
-3
-4
-3
41
6
2
-5
7
14
18
46
-13
-9
-51
-10
-19
43
11
-5
-18
4
4
-32
-20
-4
8
30
-72
24
-35
12
10
7
0
-4
-1
9
-36
28
-5
3
7
-3
7
29
-14
-41
4
-12
22
-17
-18
-14
47
13
-21
20
-35
18
-9
-8
3
-3
31
26
-16
23
-4
-6
-12
-12
17
19
41
-9
-26
18
25
-15
-20
-9
-6
-10
-2
-20
-39
27
30
38
-13
12
-8
37
52
-26
-39
-7
-25
13
-4
13
-1
21
48
-6
-4
-46
-41
1
-27
4
9
7
43
0
18
-50
-6
-5
10
18
-17
1
17
14
-12
16
-23
-3
-19
6
37
23
44
-21
20
-26
-63
3
-9
44
-6
-33
68
20
40
-24
-32
-45
-3
26
59
-25
4
7
24
4
7
-17
-43
67
-19
51
-45
14
-6
-26
-4
-19
42
22
17
14
7
-13
-17
26
-20
34
39
55
-55
-8
12
-11
-3
-14
-4
-9
-6
1
45
6
62
42
0
-51
-1
-41
14
26
13
40
8
-17
0
-14
33
-23
2
5
14
25
13
-16
27
56
41
19
-14
-7
-13
5
8
10
15
50
13
10
10
-4
-23
-34
-22
30
-13
7
44
54
1
39
-74
-31
-17
45
-13
14
-14
36
0
9
-18
17
-46
5
-29
-8
-6
7
-70
45
-21
-8
-6
-38
41
0
12
-2
-30
32
30
-9
2
23
-25
-10
-1
36
1
27
-18
-31
4
-11
-11
11
31
-12
12
33
18
12
-35
-11
46
-39
24
8
-6
13
28
2
-2
8
25
12
-16
-2
-19
9
-25
-7
20
5
-16
-15
-20
8
-1
-36
16
-28
27
-12
-36
18
15
11
13
10
16
0
-39
-10
-23
-21
2
-9
43
-28
3
27
26
17
-40
-11
-15
-7
21
24
-5
-28
24
-15
-30
-45
-35
-10
-2
-27
-3
-1
55
-47
-6
16
-24
-18
-6
27
13
-31
-14
3
19
26
-3
3
26
55
-22
22
4
-2
11
-12
-2
1
-3
-12
20
16
28
-16
-9
5
42
-6
17
-37
2
8
8
-18
-26
47
-38
-28
-25
-22
13
-31
-20
-8
-34
20
-1
-27
-10
15
-26
-1
16
0
80
15
-38
3
-16
0
18
-37
21
-11
20
-1
11
-30
-1
9
-11
1
2
-30
-22
11
4
-24
67
-15
-28
-4
-11
0
8
35
12
7
29
59
-18
47
-27
-27
-10
29
-17
-9
-11
-29
-44
-20
3
-51
69
-15
24
4
13
-45
-12
5
5
12
22
-24
10
5
-15
-7
-15
5
10
-37
30
16
54
-2
-12
1
9
-17
13
-20
7
18
-14
-12
-14
-9
-14
0
-21
-3
-10
0
61
-16
9
-44
23
-34
33
-22
33
23
61
8
10
55
-28
-18
6
1
12
6
14
-22
25
7
-3
6
20
-3
10
-25
-7
-7
-46
2
-27
18
4
-2
-30
4
10
-14
28
-26
-23
2
26
-10
-25
0
-21
-5
12
24
2
-1
15
17
3
7
25
26
-5
-36
39
-9
32
32
7
-3
19
-4
-15
17
-26
2
1
-17
-65
-18
-54
29
-22
-28
-9
49
12
-16
-2
42
-10
5
-10
-21
9
-9
-15
9
-46
34
10
-4
-30
7
24
-41
19
13
-16
21
19
23
0
-20
0
48
-21
33
15
20
2
12
5
-18
-24
41
-9
6
0
-8
-9
17
-5
15
10
-60
-24
14
33
34
-9
-7
-17
27
24
-19
-64
-5
9
20
13
-15
3
1
56
35
-6
5
-45
5
-5
-11
28
49
14
-12
28
25
-8
-67
13
44
-12
-1
4
-20
42
-5
22
3
-1
-26
1
30
2
10
-18
-15
-18
35
-33
9
-31
24
-31
-24
-15
16
12
-25
-27
-10
-15
10
0
14
-46
4
-7
10
-31
-10
9
3
-14
-14
20
-25
19
-8
31
-6
47
26
-42
-61
-21
10
-13
32
-6
39
-24
29
-5
15
-6
-25
-21
-43
-11
14
51
-25
15
-16
-23
16
60
7
-5
-5
29
31
-10
-40
15
-13
-17
41
28
3
-13
24
-22
7
-8
7
-38
3
14
11
13
14
-12
-43
44
-28
12
23
32
4
-21
-43
-12
-5
-33
-34
-2
36
0
24
9
37
16
-29
1
-31
-41
-5
8
21
7
-26
-18
5
22
-10
1
-38
-6
13
2
3
-18
26
-16
-28
4
8
19
22
66
38
-14
-27
1
-16
-28
25
-17
26
-20
12
-33
-19
-18
-34
2
30
7
-20
31
2
3
-61
1
7
-23
-11
32
20
-6
2
-8
39
-7
-15
25
-16
2
-21
-38
5
-6
32
11
-4
0
10
12
35
37
-2
-5
-23
20
22
41
-29
-40
0
-8
-39
-25
29
16
-3
-17
7
29
12
-23
-1
20
-6
22
-42
10
35
2
11
11
-21
-12
19
-45
-5
59
25
2
10
13
24
-27
-3
1
39
28
-18
50
3
-13
31
17
6
-46
20
-26
32
11
-1
-44
6
-16
-13
3
41
-18
19
4
27
-29
11
-26
-3
-18
-53
11
-9
16
32
-26
6
-34
13
-4
-7
4
5
18
36
-2
-48
19
25
12
27
18
-2
30
19
15
-22
-12
0
10
-20
6
-24
-5
-14
-20
-55
6
3
6
26
-26
-12
-30
-24
74
-47
28
4
1
11
21
14
8
-50
-13
-44
21
9
16
-16
19
19
37
-10
-26
40
21
-3
38
5
-4
-21
9
-47
10
-25
21
-40
-33
-23
-17
11
1
15
-13
73
-17
6
17
-6
10
15
4
-30
1
-12
5
-2
28
40
22
20
9
-29
45
-22
-14
51
-9
11
39
11
20
-17
4
-34
-9
14
-18
27
1
19
11
-39
27
-18
-6
15
20
-14
-28
-36
32
-20
-6
-13
-22
24
-35
-5
33
34
12
-15
-11
-22
11
-9
7
69
52
24
10
7
31
25
-40
2
17
4
-73
6
4
-16
-8
2
51
7
-32
-30
10
-26
19
30
36
15
7
-1
24
14
3
-1
-11
-39
12
27
46
29
40
32
-6
-2
-38
33
-6
-1
-9
17
22
-8
26
-8
-90
-22
-36
1
-38
-7
-11
-23
-7
17
18
12
11
18
-7
-1
1
32
38
47
61
46
11
18
0
-5
-17
14
-11
-18
-25
21
-6
-2
5
8
-3
17
18
-14
26
63
-8
28
-15
5
-6
39
25
18
-24
-11
-20
24
-28
55
24
3
-20
-17
-32
-20
-2
63
-23
51
-1
-6
15
18
-34
18
-7
28
5
-47
7
-24
37
-4
-2
-19
1
23
-24
14
13
19
22
-10
32
-15
6
3
-19
14
12
-13
6
27
28
7
3
46
6
-12
25
-12
-33
-51
-18
1
4
26
24
8
-31
3
-10
54
31
-16
26
-28
-7
1
-47
9
-12
-43
-27
25
-2
19
36
-26
7
-1
5
13
-4
-29
0
-4
-7
-6
-21
-43
36
-29
-52
7
15
49
-14
48
-38
26
-5
-38
0
5
15
-7
18
4
46
2
-12
5
-15
11
-1
6
20
24
-4
-6
26
39
-28
-16
-25
-5
-8
-40
-25
-2
-47
-21
8
-27
-18
-35
-6
-27
21
-29
6
-16
-31
-35
32
17
-4
18
1
-8
-33
-26
-14
33
-11
-60
-19
3
24
21
-30
-1
-32
8
34
-26
8
-4
-39
5
22
24
15
0
18
7
22
7
-49
-38
-9
-42
25
-24
25
-13
9
24
8
21
-27
-10
9
-26
-8
10
27
-5
0
37
-7
22
14
10
2
-46
11
47
21
-18
-64
-9
-19
-14
38
-55
-23
24
-13
13
34
27
-31
14
29
-26
19
-32
21
31
51
-46
-43
32
-3
28
19
17
35
-11
-25
27
-12
-49
3
-25
-19
6
-9
11
-11
16
-10
-28
-10
-27
-21
15
55
33
-19
-13
1
-7
9
9
40
-20
11
-1
-16
12
-57
30
-20
58
63
27
26
-24
-21
-12
32
0
-15
-44
6
5
10
-10
-6
1
5
22
-33
25
23
-6
-11
12
-27
39
-56
-2
21
-34
-16
6
10
51
-21
-30
53
-3
-9
15
-10
-1
-9
21
5
-38
-2
-21
-6
-18
-31
10
-35
-37
-9
21
29
10
-1
0
-19
7
-41
0
45
10
-9
0
13
12
4
43
-2
7
-65
5
-37
-9
17
18
17
15
-13
-51
-8
-4
-22
24
1
30
1
-32
-2
6
43
29
30
-41
9
16
-25
-27
25
15
-51
-7
34
14
-13
31
-45
39
10
-35
32
-33
60
29
-15
-30
24
23
6
-5
-19
-7
11
-17
22
-47
20
39
-3
46
21
8
43
3
-27
-4
-22
-40
-28
8
-38
-61
-24
43
48
-25
-37
17
-32
-14
3
-50
-3
-12
0
8
37
3
32
20
-23
22
22
0
30
57
24
-44
-12
-6
14
16
-7
-12
22
-40
5
4
-11
-9
11
63
30
-32
18
2
45
27
-17
-44
11
-14
2
35
-8
15
21
-62
-11
2
-40
20
23
-21
19
13
33
-3
9
29
-49
3
21
-8
-10
11
21
-6
-27
37
-5
28
32
-52
-43
-1
36
6
-1
12
26
-26
-14
14
4
-5
1
42
32
-14
-10
-5
9
40
19
-17
1
-26
13
-49
-27
18
-11
7
23
-17
25
-20
22
14
-49
13
-67
0
-5
24
28
-4
8
21
0
-11
-8
-18
-17
8
29
-10
15
10
18
29
-17
-43
10
9
26
37
12
2
1
-32
-44
1
6
-4
2
-11
-21
-65
3
-24
12
4
24
33
4
-29
-10
-27
11
-19
-35
4
20
24
6
7
33
7
-15
10
10
21
-28
24
9
-15
-8
-38
-28
-15
-41
56
-20
19
-10
13
70
-26
62
-29
17
-17
-2
4
41
34
24
-42
63
49
17
-7
12
9
5
-29
-29
-12
-47
-8
20
-1
-1
4
-14
16
-28
8
2
-9
8
-24
8
-14
1
2
-49
5
10
-12
48
31
-13
0
-7
7
20
-19
-16
36
-25
-9
-10
10
70
20
-39
30
18
9
31
-20
-11
-41
6
24
11
18
-38
-17
-9
12
-12
-6
7
26
28
22
-23
-21
-14
56
27
-9
-10
7
-53
11
30
15
2
25
-8
50
15
-8
28
1
-18
14
-12
-2
9
11
-10
-29
-57
-7
-38
10
27
-55
-45
-20
54
-26
-32
31
-1
-28
0
3
-21
19
-49
-43
-32
1
1
-10
-22
-8
-16
-41
-11
-4
30
-26
-7
-2
-31
36
-21
-27
19
17
10
-29
16
-2
9
-6
-6
39
25
14
49
-17
-29
-9
-8
-34
19
11
9
-44
10
17
-16
49
16
-1
2
-12
-1
-29
20
32
-3
-39
18
-18
37
-17
13
55
-5
0
9
24
28
56
-82
54
6
29
-18
-21
-12
-12
21
6
5
27
11
-23
-32
0
7
32
31
25
6
-27
43
-21
8
23
-38
9
19
15
12
28
-16
-39
18
7
5
16
1
11
-3
-17
-17
-60
-1
-29
48
-23
-5
20
32
-5
-5
61
31
-13
5
-9
3
-17
33
-4
7
-46
19
15
-8
8
-37
-21
7
32
24
-19
-48
21
6
-15
-10
0
28
-44
-6
-15
-7
8
37
-1
16
-12
20
9
2
-14
19
-19
-19
12
-25
27
-14
-1
-13
-4
-36
57
-24
-9
0
3
-36
-9
7
-17
-36
50
-15
1
-43
-32
25
7
-3
-7
8
-60
-25
50
-43
53
7
1
14
2
22
16
14
-5
6
-40
11
-21
-27
-27
36
-2
-11
-55
-2
-6
-20
3
41
-41
15
38
35
11
32
50
-13
21
37
-3
-17
-15
61
3
-30
-42
17
22
-5
23
9
-20
-7
-29
52
0
-14
39
25
7
11
5
14
-41
2
-17
-30
-29
12
-7
26
-24
4
39
1
-57
48
4
-6
24
-14
3
-3
-47
6
-15
-4
63
-18
30
8
6
-31
-12
28
5
-20
22
8
11
27
-3
-26
6
-7
-2
27
48
13
47
18
-8
-12
-11
-18
26
-29
-11
-18
-9
8
41
32
24
33
-22
43
18
56
0
-45
-5
1
-31
38
8
37
-9
-20
-2
26
6
3
15
24
-22
-19
-21
16
-30
58
-7
1
22
-12
-2
4
38
52
-50
-31
20
-2
33
-10
-10
-13
13
0
-25
-66
33
-4
-18
23
15
-1
14
-2
-12
-8
17
1
36
16
25
-6
28
17
9
-20
-16
11
51
25
17
1
8
-23
-26
23
-5
12
-13
19
-34
-6
54
42
7
-17
37
22
28
34
-71
25
21
48
12
-45
-23
1
9
-7
3
12
18
-42
44
-34
-11
-36
26
-7
18
-45
45
4
-14
17
-35
18
8
44
39
-3
1
-7
-30
-22
-29
-22
2
-21
-1
50
18
13
46
-66
8
-18
23
-9
2
62
-27
24
-45
7
-23
14
-40
-2
-1
14
-38
49
19
-56
-14
-2
-43
-8
8
-51
22
-35
-8
28
27
-17
13
-43
-28
7
8
45
35
-36
1
-61
21
12
-21
3
-21
-7
20
28
-17
13
34
20
-25
40
3
21
-34
-30
-42
-32
-27
23
23
-26
-5
21
-51
3
-3
-10
15
4
-30
-2
-25
0
29
-21
17
5
18
8
-4
-1
-6
-9
-2
44
0
-14
24
-15
-5
-16
57
2
20
-25
-53
-16
21
-36
-25
-3
-35
24
-2
-3
5
6
-1
21
-36
8
-14
17
4
-4
22
-22
-52
-40
-15
-12
4
13
1
-28
30
-14
-26
43
3
-20
74
32
22
-9
28
-5
11
-16
5
-6
-19
-5
3
5
-19
15
7
20
35
19
2
-27
41
0
-4
-20
-39
-8
13
27
-4
-6
28
-13
15
29
8
26
-5
-20
5
17
15
46
20
-7
20
20
28
-21
6
14
-16
15
9
-6
-19
-13
16
-52
-15
-22
8
-35
31
-9
11
-22
-33
0
-18
-15
-5
-8
12
-22
52
40
-10
-38
10
-37
19
18
1
33
-22
13
-57
-5
-8
19
-12
21
-51
-28
-7
-7
-21
-4
-27
6
-4
16
-33
67
36
-18
22
24
-13
-12
2
4
16
27
-20
-27
9
29
-55
25
-4
-33
4
-5
0
55
32
53
47
42
7
27
5
24
-2
-6
-7
5
-43
-14
6
0
12
-41
2
-19
18
51
-40
6
-17
-8
30
8
8
-23
-4
-24
-8
-32
-9
-6
15
2
-20
27
38
1
19
13
21
10
49
-7
-28
-11
41
-34
5
18
-5
-55
22
54
22
-18
-16
35
-20
5
-19
32
3
-9
-11
53
7
-4
10
-23
2
-4
-8
-18
14
16
-20
25
-39
-21
9
18
-3
-9
-21
0
3
-18
-35
9
-32
-16
-14
-13
-49
-33
-3
-2
-62
-2
-11
-14
-13
-8
2
-14
-13
-9
26
-45
16
-10
-17
37
2
23
-54
28
-5
-13
-14
5
-19
-20
-5
-14
-6
6
33
17
15
-10
9
23
-46
7
-10
28
-6
38
16
-4
11
-18
28
-33
13
-6
-44
25
-26
-1
-17
21
-5
0
-8
0
6
-16
16
-21
-16
7
32
-36
28
6
-11
-22
12
0
4
-5
-3
23
11
19
-8
-28
-13
26
-23
47
-6
-17
-34
-30
-33
-11
32
-21
5
-25
-22
-11
-8
12
0
5
-65
2
27
-27
-23
-19
-8
-21
9
-32
-24
45
6
13
-33
-31
-27
9
-3
18
47
-4
-19
-29
29
43
29
-9
19
-13
19
1
-49
4
-19
29
1
10
-24
-6
-7
10
1
10
-22
35
25
3
-8
25
23
42
24
-12
8
27
11
25
-49
-9
-11
6
29
-28
35
24
-44
-1
-52
57
12
-9
34
-23
-29
14
-14
15
-11
-35
-3
3
-33
35
-12
15
-21
39
-7
9
-32
-5
-4
33
22
-25
-14
-36
7
36
-2
18
-29
12
-6
39
-40
12
-21
-9
17
44
4
3
19
27
17
0
-24
-38
3
-14
51
-7
50
23
-32
6
8
9
6
8
21
-24
-1
-25
-46
-71
14
-20
-87
-13
-53
-16
0
29
12
-38
-8
13
1
-23
9
-1
-8
42
2
-14
37
-5
23
42
42
24
4
-25
-1
30
-43
92
-10
20
-35
39
-13
1
1
-12
14
-10
15
-17
-61
-9
10
6
10
-75
-13
2
-16
24
14
8
-47
-19
-30
28
-8
25
-9
-34
-26
-3
-24
3
2
-18
41
-8
10
6
0
-30
-17
88
-24
27
-8
-34
12
13
1
33
-32
-12
-6
34
18
-45
-28
17
27
16
27
-8
-14
5
-8
-7
13
-38
-2
23
40
-7
-33
2
-38
-36
0
5
20
-13
28
-23
15
34
29
11
-13
0
2
13
0
49
-25
24
-5
5
-9
-13
-20
-50
-30
31
17
-36
38
44
-3
37
30
5
8
0
-7
29
32
-45
34
23
-10
17
-58
10
-37
23
-1
29
3
-16
32
-13
31
18
18
13
-20
-23
-41
5
-47
-40
-22
31
34
-4
-25
-55
-14
-27
-13
13
36
-33
-10
19
21
26
11
-18
-31
-5
13
-11
24
-36
15
-25
34
1
-17
-49
-31
-16
23
34
9
16
2
22
-21
16
18
-35
48
42
8
-19
44
10
-20
8
-2
-23
-39
43
31
6
-6
16
-6
23
47
35
28
-4
24
40
4
-10
33
30
22
-26
41
12
-8
-13
1
-41
-33
-7
-52
-43
5
-17
27
8
7
26
42
45
23
13
3
0
9
29
2
-16
-6
-16
9
-10
38
-6
16
-48
2
4
-11
-22
5
39
-17
15
-5
13
47
1
-2
-31
24
-8
-2
4
-10
-8
-11
25
15
0
-41
3
-31
11
-33
11
-36
-7
5
23
-16
-4
-8
15
-30
31
11
-16
-13
9
2
-72
24
2
-5
-14
19
17
8
5
-13
-20
5
-39
-14
-15
29
14
11
37
47
29
6
25
42
0
4
9
-40
14
-24
-32
-28
-15
17
-2
13
-32
18
25
28
-13
23
-21
11
28
12
-37
-10
-53
-20
-2
82
-17
23
-27
-17
-45
10
26
9
35
12
41
-53
8
-12
-33
27
-15
21
32
48
26
-34
14
29
11
23
-7
11
-13
27
-22
17
-11
-9
-23
5
-5
40
15
-16
40
15
-45
-28
-54
41
-13
5
21
-14
-40
-14
7
22
-26
-28
-21
-37
12
15
15
-17
-14
38
14
11
-8
-36
19
21
14
-9
-1
20
16
25
27
-6
45
5
-11
18
-6
-11
37
-2
36
23
16
-4
-35
-2
31
20
-5
26
42
-10
10
-20
-27
-17
-17
-11
14
29
24
42
-21
19
-16
-18
51
-23
-10
27
31
-28
22
29
-8
-19
-12
-19
-18
-14
7
7
-34
3
-8
-3
-23
22
-75
0
8
-16
47
-16
-44
6
24
17
1
72
-24
19
55
15
22
-26
1
-31
-15
30
19
24
12
-16
-12
-16
0
14
-5
58
10
32
12
4
-30
4
-9
-15
-20
4
-12
-5
18
-2
27
-73
7
2
43
29
-35
13
39
-16
-8
-21
-11
-42
11
-7
24
9
14
-11
-2
22
-20
31
47
-18
2
0
-38
40
-30
-38
-13
-17
-56
34
-22
-42
11
1
23
23
-48
-16
-44
-48
-30
19
-22
23
8
-32
16
-29
9
10
-40
14
-37
42
-28
6
-27
51
-27
-24
25
19
-46
16
8
3
24
22
26
12
12
-57
-67
-22
-29
37
2
-13
4
10
-50
-13
30
13
2
14
-14
11
-3
-41
-25
-9
-13
19
-37
-7
-5
-35
23
-47
66
-3
21
33
-2
28
32
-26
-1
54
21
3
28
-7
51
-20
-15
6
11
-6
-3
-18
-3
3
-27
-61
34
14
-4
-18
-20
9
7
11
-18
5
44
22
-17
27
6
-9
-4
1
-14
-48
-4
27
-15
-27
41
13
-13
57
-14
4
2
62
39
-5
35
15
-33
-23
0
-22
-18
-8
-9
-3
-19
30
-19
-17
9
-29
-21
-20
17
-33
-7
-38
-19
-15
-13
13
-32
9
4
6
-12
-14
-1
-30
-15
-4
8
36
3
17
-5
13
1
17
0
21
-21
1
31
3
-16
-25
-1
-27
50
10
3
4
-27
-9
-21
-56
-8
-33
16
-4
-43
-30
13
-26
9
-22
-23
-20
-31
-8
23
-4
2
19
-8
0
-37
-8
31
-20
-16
26
18
5
-31
0
11
14
2
-39
-40
32
-13
-3
24
19
16
10
-30
17
-30
12
-51
14
-6
-10
-4
-16
4
-4
-2
-30
31
0
41
17
23
27
-62
-11
0
-31
13
0
-12
-30
4
49
-5
-40
31
2
-24
-19
20
-24
28
26
26
10
25
34
-46
-10
9
5
30
-1
-43
-7
13
48
1
-29
21
26
-4
-11
17
19
22
18
-6
-14
-49
-19
-9
-28
-3
35
-10
44
5
29
23
0
-10
25
47
11
4
-50
0
-17
30
5
-26
-25
1
12
32
-30
16
-51
35
1
12
21
39
22
33
-2
1
28
-1
-23
12
44
23
47
19
20
-9
5
43
37
-4
49
-11
4
25
30
6
-3
-5
34
-8
15
-3
22
-7
-8
-17
11
19
34
-5
-44
13
51
11
-12
15
-12
47
-19
-15
25
2
-2
-3
13
14
-21
0
0
2
-23
3
26
14
29
29
30
15
-17
0
-19
-2
-9
45
-8
12
-18
-61
-55
-18
0
28
13
10
16
-22
-12
57
30
-2
-7
2
-12
-28
-19
38
-27
15
-29
-40
-10
33
3
-30
7
6
-13
0
11
-15
28
7
-5
6
-4
-13
-27
-36
-13
-38
-15
29
-7
-6
21
-51
-13
-4
24
-28
-2
8
16
10
2
34
-14
33
-7
6
-43
-41
56
-5
-15
-27
10
-5
-38
4
34
18
-40
20
25
18
39
34
8
-33
-4
8
-44
-4
-17
-22
58
12
13
2
13
-8
-28
21
31
-30
-30
-2
34
-9
25
-24
3
0
-5
4
-1
-4
16
-22
-27
28
-7
-16
-1
27
30
-10
21
18
4
-37
-11
17
23
-8
-7
11
-4
-3
-30
-17
39
-4
23
3
-21
35
-18
11
6
6
-4
-30
10
-13
-8
6
46
-8
-3
-12
-31
11
-29
29
28
-31
-23
30
-33
0
41
5
6
32
22
29
-4
6
-53
35
20
38
-8
25
5
-33
3
17
19
34
19
-17
-17
40
-69
13
-36
-37
-1
-8
8
-27
9
49
3
-4
-56
48
11
23
-23
-16
32
-1
-22
25
-10
25
-2
0
20
-16
26
38
-54
12
-3
63
12
-27
-40
29
-24
11
-19
3
-15
-39
49
-15
56
41
-9
-10
18
15
15
-24
3
-30
-6
22
-16
6
12
24
-8
-54
-5
38
31
-44
43
-5
-11
-33
-21
13
17
-10
11
16
-23
20
28
21
18
36
26
17
10
-34
-10
-52
1
-29
2
10
-33
8
-13
57
2
29
3
-7
-20
-2
49
6
10
9
-17
-21
-5
5
37
37
-7
-3
12
-14
-46
12
-5
38
31
-21
23
1
-33
-8
-43
-11
25
0
14
-10
3
-36
-9
8
-4
10
0
29
-36
10
-2
2
-29
-14
-10
-19
6
8
-17
-12
48
-7
48
-11
41
39
10
45
12
-27
38
37
-39
-44
-28
11
6
-11
-11
1
-26
-38
33
18
-72
29
-16
31
50
-3
22
25
23
-19
-11
-1
13
12
-3
18
-18
37
38
3
58
10
-79
-24
32
-4
-14
-40
10
12
38
-13
-5
0
-1
-25
0
9
-21
-7
27
-20
34
63
-44
-39
45
-26
4
44
-18
-12
3
36
-9
16
-28
48
-9
12
-15
-20
11
-60
33
42
2
-10
27
-24
-27
34
-12
-17
6
-6
-28
56
-69
0
14
23
-2
51
-10
4
11
-2
11
19
-4
-2
16
-13
-5
0
-4
-14
-11
3
-26
35
36
-4
2
13
-30
-19
-29
-6
-8
-3
-7
-17
5
26
13
44
15
67
-4
-26
8
19
-7
-6
-56
-3
45
-5
16
27
45
9
-33
15
-16
-33
9
-33
-30
6
-43
-28
11
-27
18
-9
10
25
-24
-29
0
11
27
-34
-38
-45
-8
9
-16
7
-29
-18
-24
-25
-7
27
9
12
27
42
9
57
4
-7
-38
17
27
25
2
-13
-14
13
43
-33
-19
-29
-30
-15
-35
-15
-55
-26
16
-5
-16
-10
-11
-11
-3
-5
15
-17
-32
17
-31
-10
7
33
-15
-17
-12
22
-16
5
-22
67
-2
20
19
-20
-58
-25
-10
6
17
-16
1
18
13
-27
46
-39
-6
24
7
-14
-33
10
4
-8
20
-60
-6
-26
-5
-16
18
4
-11
-22
43
-7
9
63
9
55
-16
-31
26
-23
29
1
-3
29
-39
-15
13
19
8
-6
-5
-35
-17
-25
-16
-10
-10
-41
14
27
-15
-31
26
-25
-3
30
-49
-24
-16
-17
-11
-9
