34 97 4
0 1
0 4
0 12
0 16
0 31
1 4
1 12
1 14
2 6
2 13
2 14
2 33
3 10
3 29
4 7
4 29
4 30
5 3
5 17
5 27
6 11
7 27
7 33
8 5
8 15
9 2
9 9
9 14
9 18
9 20
10 0
10 9
10 21
11 4
11 12
11 26
11 31
12 18
12 19
13 10
13 12
13 16
13 27
14 1
14 10
14 14
14 17
14 20
14 31
14 33
15 10
15 28
16 6
16 27
17 2
17 5
17 7
17 22
18 31
19 2
19 24
20 18
20 21
20 26
21 21
21 22
21 23
22 13
23 8
24 12
25 3
25 8
25 16
26 22
26 24
26 28
27 0
27 2
27 3
27 7
28 5
28 16
28 17
28 19
28 22
28 33
29 7
29 14
30 6
30 12
30 26
30 33
31 1
31 8
32 24
33 9
33 28
14
56
74
33
80
17
19
76
30
78
96
43
39
51
9
29
67
18
53
94
88
12
41
28
1
89
24
15
38
60
83
13
84
85
31
77
47
68
7
95
90
62
2
0
59
46
92
71
3
40
42
45
34
25
70
87
57
36
16
8
72
82
4
86
48
54
81
21
26
35
61
6
63
91
55
27
32
66
37
5
50
52
58
75
73
10
23
44
20
49
79
22
69
93
65
11
64
-1
4
1
7
-5
-5
-3
3
3
-5
3
3
3
-5
4
-4
6
2
-8
1
5
-2
4
6
6
7
-6
5
10
-4
0
1
1
0
10
0
-3
-3
0
4
5
1
-2
1
-3
5
-5
0
0
10
4
2
-1
-2
3
5
1
-4
2
1
-1
1
2
-3
1
3
0
-11
-6
-3
-2
-4
-1
-5
-3
-2
-4
4
-2
-4
-2
-2
-1
3
5
-1
0
0
4
9
-4
9
-2
7
0
-4
-2
9
-3
0
-5
-5
-6
8
-3
2
6
-1
-3
2
-1
7
4
-2
3
-1
0
-3
-1
-4
4
-6
-4
-5
3
-4
7
-4
5
1
-5
-8
-5
1
-6
6
1
-4
-8
-5
-3
5
3
6
-3
-7
1
2
-7
3
-3
-7
-2
-3
1
-6
0
1
2
0
2
-5
-3
8
-3
2
-4
1
1
5
10
3
0
5
7
1
-2
6
-2
2
7
-6
1
0
4
8
3
-3
-3
0
8
4
6
1
-1
-4
5
-3
-3
3
-2
2
-2
-7
-6
-2
-8
11
-2
-1
-6
5
2
-5
-1
-1
4
4
-1
2
2
5
2
5
-3
3
2
-5
-3
1
-1
-7
1
1
-5
2
3
1
0
3
3
-6
-1
-1
2
-3
-1
1
-1
4
-6
8
0
-2
2
1
1
6
6
-1
2
0
3
0
-1
-6
-2
3
6
0
-3
-4
1
3
-1
8
-3
7
5
-1
4
2
1
2
6
-3
1
-3
-3
-2
3
-5
1
-6
-6
5
-1
1
-7
-5
2
6
1
-1
0
-2
3
-2
4
3
-4
5
-3
-4
1
2
1
-6
3
-1
2
-10
3
5
2
-3
5
-1
6
-3
1
1
-3
3
-10
1
-3
-3
0
-3
7
-4
0
1
-1
-3
2
1
3
5
-5
-4
-1
2
-1
0
4
2
-5
-3
2
9
6
6
5
7
4
-4
1
-6
-2
-1
-3
10
-2
3
-1
0
-7
0
3
9
0
0
9
-4
4
1
-1
-5
3
3
-2
-3
-2
1
6
-3
1
0
3
2
-4
1
4
6
-3
0
5
-4
2
1
-3
-2
3
-4
6
-1
-3
0
2
-3
-1
-1
3
2
1
1
-2
2
-1
1
0
2
-3
-4
-11
-2
-1
-4
-5
5
-2
-3
0
-2
2
-2
2
3
0
-1
-3
5
0
5
5
1
-5
2
2
8
4
-2
-1
2
2
3
-6
0
0
-2
0
1
-10
-1
-4
6
-5
-2
6
-4
-1
2
1
-2
1
-6
-8
-3
-3
-3
-2
2
-2
3
5
0
-3
2
1
8
2
0
-5
1
4
-4
4
-2
4
-4
9
5
6
3
-2
-3
0
4
-3
-2
3
-4
-5
-3
-2
3
5
-5
4
3
2
-5
6
-1
-3
3
0
-6
0
-5
0
-3
-5
-1
-1
-1
3
-2
-1
-1
2
6
1
-3
-5
0
4
2
0
2
1
0
3
2
0
2
-2
-4
-3
-1
2
-6
0
1
2
0
5
1
-8
-9
1
2
-9
7
0
5
-1
-1
-1
-3
8
-6
-3
0
-2
-3
2
2
-1
0
3
-1
7
0
-2
5
2
2
-1
2
5
-1
4
-2
5
3
5
5
3
4
7
-4
5
2
7
-2
3
0
0
12
0
3
1
4
3
-8
-7
1
-1
1
1
0
0
0
5
-6
6
0
2
1
3
0
2
0
12
-4
-5
0
-1
7
-1
0
-4
-4
-3
2
4
4
-3
-3
-1
6
-2
3
5
2
-3
3
1
3
0
1
-4
-2
-2
-4
-1
-2
2
-3
-4
0
1
-2
-5
-1
-2
3
-4
2
2
5
3
-5
2
1
-3
10
-3
0
1
-7
2
-5
-2
2
-2
-2
1
-1
0
-2
-7
0
0
7
-1
-2
1
-2
1
2
1
0
4
1
-2
0
0
-1
5
7
5
1
0
-3
-4
-4
4
-3
1
1
-2
-2
3
-1
-1
1
4
-2
1
-5
-1
6
2
-3
-5
2
-1
2
0
-13
3
4
2
-9
6
3
-3
-6
6
-3
-2
2
4
-1
-2
-4
-1
-1
2
2
-3
-7
1
3
5
5
1
4
-4
3
4
-6
14
-6
8
-2
9
-3
5
1
9
-1
-2
-2
0
7
10
1
1
8
-2
-9
-4
1
-5
4
4
-1
-4
1
5
1
-1
2
0
0
-7
1
6
-3
2
-10
-4
7
1
5
-10
1
0
13
7
1
0
-5
3
2
-8
-3
-1
5
2
-4
0
-2
-6
2
-2
-2
-1
-8
-3
0
4
1
-2
-4
2
-6
-5
-1
-2
3
7
5
-4
1
7
-6
5
-5
-1
9
2
-7
-5
-12
0
-2
5
1
5
-2
-3
-2
-2
-1
-4
1
-2
-1
-1
-4
0
-8
-5
-3
1
-3
-2
-1
0
0
3
1
-4
1
-1
-3
1
-6
2
1
0
6
0
-4
5
2
2
-3
6
-5
-5
-1
-2
6
-1
2
-8
-6
5
0
8
6
-1
2
-5
5
3
2
-3
-2
1
7
5
-5
-1
9
1
7
-5
-1
-3
1
-3
0
4
-2
5
6
0
-7
3
-11
3
-5
5
-1
2
0
0
-6
-1
0
-2
4
-5
-1
-2
4
0
3
7
-2
4
0
-5
1
0
6
-8
0
3
2
5
-7
-2
4
-1
-6
4
-8
2
-6
3
-2
4
9
4
6
-2
-7
-7
1
3
0
3
-6
-4
0
8
8
-1
0
4
2
2
-3
-3
1
-2
0
-6
8
-3
0
5
-3
-5
-4
4
6
1
8
4
-4
0
-1
2
-1
-2
4
1
-1
-1
-1
1
1
-3
-8
-2
-2
-4
-3
-6
-2
-5
9
1
0
-3
2
0
5
-2
5
0
-2
-5
-2
-2
2
1
1
-1
-5
2
0
4
2
6
-1
-2
-4
-7
-2
0
-1
0
-6
3
3
-2
-1
-4
-8
2
2
2
6
-4
-3
2
-3
-1
-6
1
-1
-8
-2
-6
2
1
2
5
1
1
4
-6
-10
0
-5
-4
4
-2
5
-3
0
9
-1
-4
-1
3
5
-3
-3
1
1
1
-8
3
-6
-7
-2
0
-5
0
2
0
-4
-1
-5
1
5
2
-8
0
2
1
1
5
2
7
0
1
-3
0
-1
-3
0
-2
4
0
0
13
1
2
3
-3
-3
-3
-7
2
5
4
1
8
-3
0
7
-2
-4
7
0
0
2
1
-3
5
3
6
3
5
-5
0
2
-2
-9
0
-10
-3
1
-1
0
-2
4
2
-3
-14
1
-6
-1
3
2
4
-4
5
0
-3
0
2
1
8
-3
-6
-1
1
4
-1
-2
-3
2
-5
-1
-3
-1
-9
7
-3
-7
5
-4
0
-1
-2
1
-6
-5
-2
2
-9
-5
0
-5
-3
5
1
-3
-2
-6
-4
-5
6
1
2
2
-5
1
2
-2
-1
2
-6
-7
-1
2
1
1
-7
-6
1
-3
-3
-6
-2
6
-2
-9
-12
-1
1
1
6
-4
-2
-1
0
-6
2
3
4
-8
5
1
2
-3
7
-4
4
0
6
5
5
3
9
-3
1
2
0
4
3
-5
-8
1
11
5
1
-3
2
-1
-11
4
5
-10
2
-1
-3
0
-2
5
1
0
-4
-5
6
1
4
3
4
-3
0
-5
-5
4
-5
1
-4
-1
2
-1
-1
0
4
-4
-3
0
3
3
-7
8
5
-1
1
-5
6
1
3
1
0
-4
1
6
-1
-2
2
6
7
-4
4
9
2
1
1
2
-1
-3
-3
-3
1
-5
5
1
-3
8
1
-10
2
5
-1
2
0
-2
2
1
8
1
12
-3
0
-3
0
5
10
7
3
2
-1
2
3
3
8
-5
6
-4
5
3
4
7
2
-8
-3
3
-2
8
6
-3
2
0
8
-2
0
-1
-2
0
1
-3
6
-6
2
9
2
4
-6
0
4
-1
-3
-6
6
7
-7
2
1
-4
9
5
-1
-3
-2
-2
1
-1
2
2
4
3
-2
0
3
-5
-6
-8
1
-3
-3
0
2
-7
-3
0
-6
-9
1
-5
-2
-5
-4
5
8
-7
5
3
-4
-2
4
-2
-5
2
1
-4
4
-2
2
3
0
1
-2
2
1
1
3
1
-7
1
2
4
-2
-3
-3
-10
-2
3
2
-7
5
-6
-1
-5
2
1
1
1
1
2
-1
-8
-1
4
5
2
0
-6
1
-1
-4
-5
0
3
0
-4
0
5
-4
6
-4
3
2
-1
-5
2
-1
4
-5
-8
-8
2
-1
6
3
-2
1
-2
6
0
0
2
-1
-1
0
-10
-2
4
-4
2
-2
3
-3
-9
1
0
0
-2
-4
7
-5
-2
2
5
6
0
0
6
-2
-7
-2
-3
3
-2
-1
-4
6
-1
-4
-12
5
3
4
-9
-5
-4
-4
2
2
-9
-7
5
1
-5
0
0
-2
-5
-2
4
-1
-2
4
2
-6
6
10
-2
-4
-1
2
1
0
6
1
4
-2
-1
4
4
-2
-3
3
1
0
-6
2
-3
8
1
3
-1
-1
-4
-5
-2
-3
-2
-7
3
-7
-2
2
-5
4
4
3
1
3
6
-5
2
1
3
-1
6
-3
-1
0
-5
-4
-6
0
-2
6
2
-2
-3
-6
4
7
-6
1
1
7
-1
-1
0
-4
3
4
-1
2
3
0
6
5
4
0
2
1
0
-4
6
0
-5
7
-1
6
0
-5
3
3
0
-2
0
1
3
2
7
-1
-4
2
0
-2
0
-6
-3
-14
0
4
0
4
1
0
3
3
-2
-1
4
-6
4
-4
2
-2
-3
-4
1
-2
-1
-4
1
-2
-3
-7
-3
2
-2
-1
3
-1
-2
-5
-5
-1
4
1
0
5
-3
-6
-1
0
3
8
3
4
1
-2
-2
3
1
-4
-5
-8
-1
-2
-7
-5
0
-4
6
5
-4
-2
4
2
-1
3
0
-1
2
2
3
2
-1
1
-2
1
-2
3
4
-7
-1
-5
-5
7
-2
0
-8
4
-2
1
0
-1
8
-3
4
3
-1
7
0
3
-2
2
-2
2
-2
-3
-2
5
-8
8
-2
0
4
-1
-3
6
-2
-4
-11
-6
5
3
3
-2
0
6
-2
-3
1
5
0
-9
-4
-4
0
1
3
1
-3
-1
-2
0
-1
0
6
4
-2
-2
-1
2
5
3
-5
-8
-6
-4
-10
4
3
0
-8
3
6
2
-8
-1
0
3
3
-4
-9
-1
-3
7
1
5
3
2
2
2
3
-1
-5
3
-1
1
3
2
2
4
-10
2
-4
5
-2
3
-8
1
3
-7
-3
-1
-5
-2
1
1
-5
-2
8
4
3
1
1
-5
-1
4
5
2
0
3
-3
-2
-4
4
4
1
-4
2
-1
8
2
-6
0
-2
1
-5
-6
1
-6
-2
5
-3
5
4
0
-2
-5
0
3
-4
3
2
-4
6
4
3
-2
6
-2
5
11
0
-3
5
-2
-2
-2
3
3
4
5
1
-2
1
7
-5
1
3
-7
0
3
-2
4
4
-2
-10
-1
3
3
1
-8
-7
-3
9
-4
4
5
-3
-2
0
3
2
-2
-2
-7
2
1
11
-2
4
-2
0
0
-6
-4
3
1
7
1
-7
-1
-1
4
3
-1
-4
4
2
-6
4
5
-1
-1
7
4
6
-1
5
-1
-2
1
4
-7
-3
0
2
0
0
5
-4
-2
-1
9
1
-8
0
-6
-2
-3
0
-1
0
-5
4
-5
-4
2
-6
-4
-8
-6
-3
2
4
3
-2
-1
-3
-7
3
2
0
-2
3
2
-3
-3
5
6
5
2
-7
5
-1
3
0
5
-11
-2
-7
-8
-3
-1
2
-4
-9
2
6
1
-6
-2
-9
2
2
1
-9
1
6
0
3
-7
-8
2
-6
-7
8
7
6
-3
-7
-1
3
1
-2
-4
1
0
8
1
-3
-4
-4
-1
3
0
2
-2
4
1
-6
-3
3
-6
2
-2
-1
7
1
-6
-6
1
-1
1
-2
4
2
1
-3
1
-4
-9
-3
-2
1
1
1
2
6
-2
7
5
-4
1
-7
2
1
-7
1
-4
-2
1
-6
-5
9
-6
3
4
1
4
3
-2
-2
-10
1
-2
0
2
2
3
-3
6
-1
-2
12
-2
7
5
-5
-5
-1
3
1
5
1
-3
3
5
-5
3
7
-4
-4
0
-7
4
0
1
1
5
-1
-4
-1
-2
4
-3
7
5
-6
-3
5
5
5
4
1
2
-3
-4
0
-1
-5
-4
4
0
-3
-8
8
-1
-1
-1
2
1
-1
0
1
-2
4
-2
2
-1
0
6
-4
7
8
5
-5
10
-1
-4
-8
3
-15
-1
4
-7
1
-3
-6
5
-6
-3
-2
1
1
-4
1
2
0
1
0
3
0
0
1
-3
-2
3
-4
-6
-6
4
5
-3
7
-4
0
-2
2
-3
3
-3
-5
1
-7
-2
-2
-3
6
7
1
0
-3
-6
-5
-5
3
-6
5
3
7
5
-1
8
0
1
4
-8
2
1
3
-3
-4
-1
-6
1
2
5
-6
-1
-4
1
-3
6
-6
2
6
-2
1
-1
5
-1
5
-3
1
-6
3
0
-10
5
-3
0
-2
-1
2
2
4
0
-1
1
3
-2
2
-4
-3
3
-2
4
-2
1
2
-2
2
-3
-1
8
1
5
2
-3
0
7
-4
3
1
7
6
0
2
2
-3
-5
5
0
-2
-1
-6
3
-1
1
-1
-1
-1
3
-2
3
-8
0
1
3
1
-2
1
3
4
6
4
1
-2
4
4
5
1
-8
2
3
-1
-1
-1
1
-3
-3
-1
4
-6
-7
-5
1
3
-5
-9
1
3
5
-8
5
2
3
-2
1
-4
-2
0
-7
1
4
-6
4
-1
-1
-4
2
1
-2
2
1
-3
2
-6
-1
3
1
2
5
3
-3
-3
6
5
2
-5
-1
4
-1
0
-1
1
-8
-8
-3
6
-8
-2
-1
-1
-1
-3
0
2
-6
1
7
-4
-4
6
-1
-8
2
-1
9
0
6
-3
-4
5
-1
3
1
-2
1
-4
-1
1
2
-1
3
-2
1
8
-5
8
1
-5
-2
-1
1
0
1
1
2
5
0
-6
-2
5
6
2
1
-8
-1
-2
1
2
0
-3
-1
-5
2
1
-3
2
-4
8
2
2
-4
-3
-1
-1
-7
1
-2
-9
1
4
-5
-1
4
-1
-6
-3
4
0
-1
-5
4
2
-3
-1
9
1
8
5
5
-2
6
-3
-1
3
-3
-5
-5
-1
1
-1
-5
0
1
3
0
4
3
-2
-2
3
0
-4
-3
-2
-3
-8
1
2
-4
3
-4
-5
0
-1
-6
-2
6
3
-6
4
10
-1
4
5
7
0
1
0
-3
1
4
0
2
0
2
2
1
3
2
1
0
-6
-6
-2
-3
-3
4
-3
1
1
-1
-3
2
2
-10
-3
-6
-3
-1
-2
4
-3
-3
2
-2
-4
-1
2
-3
0
-7
0
-5
-6
3
-1
-3
-6
-6
4
-1
1
10
1
3
-9
1
-9
2
8
0
-1
-7
3
-2
9
-3
0
-4
0
-1
-5
-1
0
1
-1
2
1
2
1
0
-9
2
-1
-6
-10
-6
3
-3
-2
-3
2
1
-5
1
9
0
4
0
10
-1
2
0
2
-1
-2
-5
0
-6
-6
-1
-1
-10
0
3
7
-5
1
5
7
1
-5
9
0
-12
5
2
-5
0
2
-3
5
-3
-10
-4
1
1
3
-2
0
7
7
5
-1
-1
2
1
1
0
-2
-7
4
5
4
-2
3
-1
0
3
-1
-12
-7
-3
4
-1
3
-5
2
-1
2
-1
0
-4
2
-3
4
-5
-9
0
1
-5
0
-2
4
2
2
4
-8
-5
1
0
-6
-3
1
3
5
0
1
-3
-3
-1
1
1
2
1
6
3
8
-6
0
-7
2
5
-1
-2
6
-5
-1
0
2
-3
2
2
2
-3
-5
1
-1
5
1
-3
3
-8
-2
-6
0
0
-3
4
2
2
9
-11
-4
2
7
1
1
1
2
-3
1
-2
3
2
0
-7
-6
-2
-2
1
-3
-7
1
5
6
-3
-3
4
-6
-7
4
1
5
0
-1
0
-8
1
4
-4
-1
0
6
-2
6
-4
11
-7
7
5
1
6
5
-7
1
-1
2
1
-3
5
-1
3
4
-1
5
0
4
1
-2
-2
-1
-5
-11
0
1
-2
0
-5
-4
1
5
-2
-1
-2
3
-1
-1
-1
-2
0
-1
-1
-2
-2
1
-1
-1
8
6
-6
0
-6
-4
-6
7
6
3
-3
-2
8
-3
5
7
7
-2
0
-1
-2
2
1
-1
1
-9
-2
-5
-5
6
5
1
4
-2
2
-1
-1
6
4
8
2
1
3
-4
0
0
5
2
5
-1
-1
-5
-2
4
-2
0
-3
-2
3
1
-3
3
-1
-3
-6
0
8
-1
-1
2
-8
-8
-7
4
0
4
2
-3
2
2
4
3
1
-4
4
-1
7
4
0
3
4
-6
-1
0
-1
3
-2
-3
1
-2
5
-7
-1
-1
-4
0
2
-1
-2
2
4
4
1
-4
-2
1
7
5
-3
-5
-5
-3
0
10
1
8
0
-2
3
0
-3
-5
-5
-1
-2
2
2
-8
8
-1
2
-3
5
-5
-5
5
0
8
0
4
5
7
-3
-1
5
1
4
-1
-1
4
-1
2
8
4
3
4
-3
2
-3
-1
0
-11
-1
4
6
1
5
10
-6
-3
-1
0
-4
1
-1
-6
3
2
1
4
6
8
-1
4
0
5
-3
5
-7
-3
-4
6
0
8
3
-2
-6
1
-6
5
-4
2
3
4
5
-3
7
0
-7
7
2
5
5
1
0
-4
2
1
2
4
-1
1
13
-5
7
1
1
1
6
3
6
-3
1
6
0
-6
-5
-5
-5
1
-5
5
1
3
-3
0
0
2
-3
4
2
-1
-10
-1
-6
-1
-3
-8
-2
0
5
1
0
-1
0
0
0
1
4
-3
5
0
-1
-5
2
-2
4
-6
1
-3
-2
-5
-3
9
2
3
0
11
1
2
2
-2
-3
0
-3
-4
2
2
-1
-4
-2
11
1
2
4
-2
-6
0
0
-6
3
1
-1
-4
2
-8
2
-1
-4
-3
4
0
-3
-3
-7
-4
6
-3
3
3
-2
-1
-4
8
3
-3
0
4
4
-5
1
3
2
1
-2
1
2
-5
0
0
2
0
-6
5
-3
2
0
6
2
6
-5
-2
2
-7
-1
0
-1
2
3
-1
6
-7
-12
-2
0
2
1
-2
-2
5
1
1
-3
-2
3
2
-2
3
5
8
2
1
-2
-2
5
-1
1
3
7
-6
-1
-2
-4
3
4
5
-4
-5
-3
7
5
5
0
2
-5
2
0
8
6
-3
-3
0
-4
0
0
-1
-3
-2
1
-3
3
-4
-4
-6
-1
-3
-4
0
2
2
-2
-4
0
0
-1
0
2
-6
-6
-2
1
-2
-9
6
1
1
2
-6
-4
-6
-4
-6
-3
1
0
2
1
-4
-4
-3
-7
-1
-4
-2
-1
1
3
0
2
1
4
0
3
-1
-3
2
-5
-4
2
0
6
0
3
3
1
0
2
4
0
-7
-6
6
4
-3
2
-3
-7
-4
-6
-3
-2
-2
3
-1
-5
-2
-9
-3
2
4
7
0
-2
0
2
-1
2
2
0
1
-5
-1
-8
2
-5
-2
-4
2
-3
-4
3
-5
-2
2
-2
-3
0
0
3
5
0
8
6
-1
-5
-6
3
-1
2
-3
-6
-5
1
3
5
-2
0
-1
-1
3
1
4
10
2
-6
2
3
0
-1
2
-3
-1
-2
-1
1
0
-2
5
4
-1
0
-3
2
-7
2
0
-4
0
4
-2
-2
1
0
9
-5
0
-6
6
0
3
-5
-1
3
-3
0
4
0
-1
2
-1
-1
2
-4
-3
3
7
2
-1
-3
5
-1
-1
-4
1
-2
-3
-1
-7
3
2
-1
-2
-8
3
1
0
0
4
-3
6
0
-2
-4
1
2
-1
0
-3
1
-8
0
0
3
0
-5
-4
0
5
3
1
-4
-3
-4
0
1
1
3
-1
1
2
-10
6
-1
5
2
1
2
1
-6
-3
4
-2
-1
3
9
4
5
-4
-5
-1
3
4
-2
-2
0
-2
7
3
-1
-1
4
-4
6
3
2
4
-3
-8
3
4
-1
0
4
-1
-2
1
5
0
-1
4
1
1
6
-2
4
6
-4
3
7
2
5
4
-1
-5
2
3
1
-7
2
-2
1
-3
0
-1
-1
3
1
3
5
-1
7
0
6
-1
-4
2
-4
-1
0
-1
-3
3
-7
3
2
-4
3
5
4
-3
-5
-1
-4
-3
0
-1
-4
0
8
-2
6
2
-3
-6
-3
4
-3
3
7
-3
5
2
5
2
0
-4
2
4
-3
4
-3
-6
-4
-3
1
4
-2
5
-1
0
2
-2
-1
-2
1
-6
2
1
-1
-7
2
-7
-10
1
-2
0
7
0
6
-1
9
-5
-4
5
4
12
-2
1
1
0
-1
-2
0
1
-2
4
2
2
-2
3
3
9
-1
5
-3
0
8
7
0
-1
3
5
3
6
-5
-2
5
4
3
-8
-4
-3
-2
4
-5
0
5
4
4
-1
7
-8
-2
2
-8
1
-3
-5
1
-4
-1
-1
6
1
2
6
-1
1
1
1
2
12
1
-8
1
1
0
2
2
0
-6
-6
-1
-4
3
1
-4
-4
-1
0
3
3
1
1
5
2
-5
-3
2
-3
7
-3
-4
2
-8
0
0
2
-9
1
8
1
-2
-1
3
0
0
-2
4
-4
6
-7
-6
-5
-4
-6
-4
2
8
-3
-4
-5
9
0
3
-5
3
7
-1
1
-5
-5
-4
0
-6
-3
-2
-6
-6
3
4
-3
2
5
9
4
2
-1
0
-7
3
5
-2
-2
7
-4
4
3
7
2
-1
-4
4
10
-1
6
-7
1
-3
2
5
-5
0
-1
2
8
6
-2
-2
-1
-2
-4
-4
-6
-7
-2
0
-1
1
4
0
4
-1
0
3
7
0
2
5
10
1
2
-5
0
-6
-8
2
2
-7
-8
-5
7
0
4
0
0
6
-6
3
-1
-3
4
5
-1
1
-1
6
-5
-9
3
-1
-2
2
-1
0
-5
-4
0
-4
4
5
4
2
-5
2
-2
3
4
3
0
-5
4
3
-5
0
-5
4
8
-6
-10
-7
1
-5
5
7
8
6
-4
2
7
-2
-3
-2
-7
-6
-7
0
2
1
-3
-4
0
0
-5
-1
-1
-3
6
4
-6
2
6
3
1
1
2
-1
5
-1
0
1
-2
-4
4
1
-8
-4
-1
-3
1
-7
1
-3
4
-11
-1
8
10
0
0
1
2
-2
5
6
-7
7
1
2
3
-3
-6
-4
-3
2
-5
-2
7
2
2
5
-5
-4
2
-3
5
-3
7
-9
1
10
-3
-2
0
-4
4
-13
4
5
-3
1
-1
2
0
1
3
-7
1
-1
3
-2
-2
-4
0
-4
6
1
-6
2
-5
-5
4
4
-5
1
-9
3
-1
2
-1
-2
-3
-1
-4
-1
-4
-5
-4
-1
2
11
0
-3
1
4
-4
-1
7
7
0
-1
-5
1
-3
-5
-3
-2
1
-1
5
4
-1
4
-2
1
-1
-3
-4
8
4
2
-6
1
4
-3
2
-8
3
3
4
0
3
-2
0
6
4
5
-9
-2
3
1
-2
-2
-3
-1
2
-2
2
3
-1
-4
0
6
-2
0
-9
4
-4
5
3
-1
3
3
4
-2
5
3
2
8
-3
-1
-1
0
-6
-6
2
-8
4
4
-5
0
-5
-7
-5
-3
0
0
-4
-5
4
2
-1
-2
4
0
-5
-3
0
5
1
2
-3
9
-7
-5
6
6
-1
-4
-3
4
0
-2
4
-2
-1
1
-1
5
1
1
11
2
-1
1
-10
-3
5
-6
10
-4
4
-1
-5
4
9
-2
3
1
-2
-8
-5
-3
0
3
-1
0
-2
7
-1
1
0
-4
4
2
-2
-1
-1
1
-8
1
-7
1
7
-3
1
-4
-1
-5
1
-4
-2
3
3
1
1
-3
-3
-5
1
3
1
-1
-2
-2
0
8
-2
-4
1
-6
8
-9
-4
7
5
2
-7
0
-1
-6
0
0
-3
-2
9
2
-6
0
0
1
-6
3
5
2
3
5
-9
-2
-2
2
5
5
-2
-11
-4
0
-6
-1
1
-3
3
-3
1
4
2
-4
-1
-1
-6
2
-6
-1
-10
4
-1
0
1
7
0
-7
-4
2
-3
0
-8
-2
-1
1
-2
1
-1
1
-2
0
4
-1
-1
-2
-5
-4
4
5
-5
2
1
-1
-4
-2
1
-3
2
2
-3
0
2
0
9
4
2
0
2
-1
-2
-2
1
3
1
3
9
4
-3
-3
-1
5
-5
-1
0
2
0
0
4
0
0
-4
1
4
-3
3
2
-9
-1
-6
2
3
4
-1
-3
2
-10
-3
-3
4
3
-1
-2
-4
-1
-5
1
6
-2
5
2
-4
2
2
-2
-8
7
-2
-1
-3
6
-6
0
-1
-5
-3
-4
5
-4
0
1
-3
-8
-2
4
2
0
-4
2
3
0
8
1
1
-3
-6
0
-2
7
0
-1
3
2
-1
2
2
6
4
-8
-2
1
0
-6
-4
4
2
-2
4
-1
-6
0
-1
3
5
1
2
-10
-4
-12
-3
-5
1
0
2
11
1
1
-2
-6
-2
4
4
9
-1
4
-1
-11
5
-3
-4
-1
-3
2
2
0
1
8
-4
-1
2
-1
-5
0
-5
3
4
2
2
-8
-2
-2
4
-5
-3
0
-1
4
-2
-2
-3
-3
-4
-6
2
0
-10
-1
4
2
2
0
-7
1
1
2
-4
0
-3
2
11
4
2
0
-2
9
0
7
8
-2
-6
3
1
0
2
-6
-5
-6
-2
0
-4
-4
-2
2
-6
1
0
3
-4
-1
-3
5
8
-2
0
-3
4
-1
4
0
0
-3
-2
-1
5
7
-6
1
1
-3
11
-1
-2
3
-1
3
-2
8
-5
-1
-4
4
3
1
-6
-6
6
-1
-12
5
-1
-3
-3
2
-1
-4
9
1
7
-2
3
-5
-1
8
5
-2
2
-3
-4
7
6
-5
3
-5
3
-5
0
7
2
9
-1
-2
5
1
6
-1
2
0
0
-1
-4
-4
2
4
2
-3
5
5
4
2
2
2
0
2
-3
-5
0
1
-5
-7
0
1
-1
-10
-6
3
10
10
-1
-2
-5
2
-1
-3
3
4
-2
1
-5
-5
0
4
0
1
-2
2
-7
4
-3
0
-4
-3
-2
0
0
-4
0
-4
-4
2
0
-3
8
5
2
-1
4
6
5
-1
1
0
6
-2
-12
-4
0
-6
-4
-5
-2
0
3
6
4
-1
-6
1
1
1
-3
-3
-5
-3
0
-8
1
4
4
0
2
7
-1
-5
4
-1
-1
2
-4
1
1
-3
-2
-8
-2
3
-2
2
2
-7
2
3
-3
5
8
3
4
1
-3
8
5
4
-3
-3
-6
5
-1
3
1
2
-4
-7
0
0
-9
3
-1
-3
-7
1
2
3
-4
-2
5
4
7
2
-2
-2
-4
-4
0
-3
-4
2
8
0
0
2
-2
-1
5
-1
5
-6
1
-3
0
-3
-3
2
-1
-4
5
-1
2
1
-7
-4
3
0
0
4
2
2
3
0
4
4
-6
2
-7
3
3
2
-4
3
-4
-1
3
4
1
-3
-11
-3
-9
5
10
3
1
-5
0
2
-2
0
-9
0
-1
-3
4
6
-2
-1
5
0
1
2
6
-2
-3
-2
4
0
-6
0
-3
2
1
-8
-4
4
-5
-2
4
2
8
9
3
-8
1
-6
-1
-3
2
2
2
5
-2
7
4
-3
-2
1
10
6
-1
-2
4
-2
0
2
9
-3
-5
-4
3
0
-4
3
5
-3
-7
-9
0
-2
0
0
-2
0
-4
-1
3
5
-1
-1
2
-4
-7
-6
1
2
0
1
2
-1
0
1
8
-2
1
7
0
-3
3
-3
0
1
1
0
-3
10
-5
-3
4
6
-2
3
1
-11
-3
-3
9
-4
-2
7
-3
0
6
1
-11
8
5
-1
2
-3
0
3
3
-8
1
5
-1
-4
6
7
7
-6
-3
-3
1
0
-11
-2
-5
2
6
-1
2
0
0
1
6
3
-7
1
-2
-4
-4
3
3
5
-3
0
2
1
4
-5
7
1
-5
-5
-4
-7
13
-7
0
4
1
3
3
7
0
3
3
2
-1
1
0
2
0
0
-6
1
8
1
-2
5
1
2
-3
2
-2
0
-3
-6
4
1
2
-1
1
-1
-2
-4
0
-5
2
-2
5
-5
3
0
-3
9
-3
3
7
2
1
-1
1
3
-8
-1
-2
0
-3
3
3
2
6
-4
2
-3
4
4
0
2
5
-7
1
-1
1
-2
1
1
-2
-1
4
10
-1
10
5
-3
-3
5
4
1
-8
0
7
-1
-8
-4
-5
-6
-1
-4
-1
2
7
7
-8
-6
-5
3
3
-3
-7
-2
0
5
2
3
4
1
5
2
-1
3
-5
-8
1
-3
3
-5
4
-4
1
2
3
4
-2
-5
3
-5
1
2
0
4
0
0
3
5
6
6
2
-2
-6
0
3
11
4
0
-1
-5
6
6
6
-1
4
4
-1
-2
2
-4
0
9
5
-1
-9
3
-4
-2
1
-1
-6
-2
-1
3
-4
2
-3
-6
-12
-7
0
-6
1
-2
3
-6
3
-4
3
-7
-1
-1
5
0
-5
5
2
0
1
1
-5
1
0
-5
-2
2
3
1
7
1
1
3
0
-4
3
1
3
-1
2
7
5
3
-2
2
8
-1
5
3
4
5
2
-7
0
1
-9
2
2
-3
-2
-2
-5
-1
1
-5
2
-3
1
-1
0
0
-4
-2
1
-6
0
2
5
0
8
0
-1
1
-4
-3
3
-2
2
-6
4
-4
-2
-3
0
2
1
1
-6
-1
-3
0
1
8
2
3
-2
0
-1
-2
8
2
0
0
1
-2
-3
1
1
0
3
-2
4
4
-2
1
2
-2
-6
-2
-3
-1
-7
1
1
5
-1
2
-4
-2
0
-1
1
5
-1
5
-6
-4
0
-3
4
7
-2
3
-8
-1
2
-8
2
0
0
-1
5
6
-4
3
-3
3
1
0
-1
-5
-1
-1
-1
5
-3
3
3
-5
-1
-1
10
-2
-4
2
4
-5
1
7
4
-2
4
-3
4
2
4
3
-3
0
5
-6
8
-4
0
-2
2
-3
9
8
-5
-3
4
0
1
6
5
-3
-2
-3
-3
0
6
-3
3
3
-2
-1
0
-6
-2
2
3
1
-10
0
0
-5
2
-1
-3
0
-10
0
0
3
1
-1
-7
-6
4
8
-3
-1
-1
-9
2
2
4
0
-4
1
0
-2
2
-2
7
3
3
-4
-2
-10
1
2
0
-4
10
0
2
3
-1
1
1
-3
2
-3
3
-2
4
-4
0
4
2
-2
-2
2
3
3
8
3
-2
0
4
-3
2
-3
1
-6
1
-3
1
3
-2
-6
-1
5
-2
-1
2
1
0
-5
-4
0
-2
-5
0
1
1
-1
2
4
6
-1
-1
1
-2
6
1
-4
0
-4
-2
3
2
1
4
4
9
1
3
-3
0
0
-3
-5
4
-1
-4
-3
3
0
-4
6
-1
-7
-1
-3
-5
1
-3
-2
1
2
-3
1
2
5
0
4
-2
3
-4
5
-5
-2
-6
8
-1
-3
1
4
3
3
-8
1
-5
2
2
3
-1
2
0
-3
-3
4
-4
-3
-3
-4
1
6
0
-4
-1
-5
3
-2
1
1
-2
1
6
-2
5
1
0
9
-1
-1
-5
-3
1
2
2
-8
8
2
0
5
1
1
6
0
-5
-1
-3
0
0
-3
5
1
-1
-2
-4
5
0
3
2
3
3
8
0
1
-4
1
0
-1
-5
6
2
-1
1
-8
-2
-2
-1
5
4
-2
0
0
6
-4
-5
-3
-3
3
-3
2
-5
-4
1
1
0
10
2
-3
3
-5
-3
4
5
-2
-1
2
-5
8
2
1
-3
4
5
4
0
8
-2
-4
4
0
-7
3
-8
-1
0
5
-4
-2
-4
5
4
2
-2
-4
1
3
10
-1
0
-2
-3
-2
-9
2
-5
-4
4
0
3
-9
2
-4
-4
4
2
3
10
0
8
3
-6
2
-3
5
10
-3
-5
-2
-5
-6
2
0
-2
-3
-5
-3
5
-6
-5
0
-4
0
0
6
2
-5
-2
0
3
1
7
2
0
1
-3
4
-4
-2
1
14
-3
0
3
-5
4
5
1
3
0
-2
-1
1
-2
-1
2
0
-3
2
3
4
-3
1
-7
-2
-2
0
1
4
3
1
-9
-7
-2
0
7
-2
4
1
-9
5
0
1
-2
0
-1
-3
-3
-3
-4
-4
-6
1
-4
6
3
1
-1
-4
2
-3
-7
-3
2
3
2
-1
3
3
1
2
1
1
-4
4
-8
0
2
-2
5
6
6
-2
0
-2
-1
-2
7
1
3
-3
1
5
0
-1
0
-2
-2
1
-4
-6
4
-5
-2
-3
1
5
-1
2
-3
-4
3
-4
2
0
-2
2
2
0
1
-1
-1
2
0
9
-4
3
0
6
0
-2
2
0
4
2
4
-4
-4
-2
-3
1
-3
-6
4
1
3
-1
-4
3
-6
-1
2
3
-1
-1
4
-6
-5
9
3
-5
-1
2
-1
-6
6
2
-4
8
5
1
-5
1
-2
2
-5
2
1
-2
1
-7
-3
-4
3
1
0
3
-4
-5
-6
-6
-4
-1
2
4
1
4
-2
6
8
3
-2
1
-2
-3
-6
6
0
4
4
2
1
-3
-7
-2
-3
1
7
-7
-5
-7
0
1
1
1
-2
-3
0
-3
-1
5
1
0
2
-5
-4
7
6
-3
-6
7
4
-1
-3
0
-5
-2
8
-1
1
-7
-2
-5
-1
-4
2
7
1
-1
1
-5
-6
-4
-1
4
0
0
3
-2
-6
3
0
-2
1
-7
2
-1
-2
1
5
0
3
-5
6
2
2
-6
-8
4
-6
-3
-1
4
3
-4
0
-1
0
-11
-3
3
-3
1
2
4
-1
1
-9
5
-4
-4
9
0
-3
-2
2
-4
2
-4
4
1
3
3
3
1
0
4
2
-1
1
4
-5
4
2
4
-6
-2
3
-4
-1
-2
0
4
-8
1
1
1
-2
0
4
-3
-3
2
-2
-4
-3
-4
-3
2
0
2
4
2
-2
1
0
0
-3
3
5
2
-4
4
1
-1
2
2
-1
2
3
-1
1
-2
-8
-2
2
-1
-5
3
5
4
7
1
2
9
-4
7
3
1
-10
3
-3
2
0
-4
2
-4
4
2
1
1
9
4
-2
2
2
4
-1
2
-1
-8
3
0
-2
1
-5
2
1
2
-2
9
1
-1
-5
4
1
3
2
-1
-2
-4
-7
-4
-5
1
-2
-6
-2
-1
5
1
-2
2
3
1
4
4
0
0
-2
4
-5
1
1
-1
-5
-1
5
-2
-1
5
2
9
3
2
1
0
-7
2
-4
2
2
-8
0
1
2
-2
-4
1
-1
0
2
2
-6
-3
1
-1
9
1
1
-2
-4
-4
-1
-9
-3
-6
3
-5
1
-2
-1
-3
1
2
1
-3
-5
-6
6
0
8
1
-3
5
1
-1
2
-9
2
-7
6
2
6
3
-1
-2
-1
7
2
4
3
4
4
4
4
-1
-2
-3
3
-3
-2
-5
-1
5
-3
-2
0
-7
-9
4
3
-8
3
6
0
1
3
10
3
0
-1
-3
-9
-3
7
1
6
-5
-9
3
-1
-2
0
6
-5
3
2
4
0
-2
4
-3
3
-2
-6
-5
1
-1
-2
-1
2
-2
-1
-3
-4
7
-2
6
-3
1
-6
1
4
-8
-6
-5
-1
0
0
4
-4
-3
-2
-2
1
3
-5
5
3
-1
1
-4
4
-2
-1
1
2
0
1
-5
-6
-4
4
5
-1
3
5
-4
1
2
3
0
2
1
-1
-1
-3
4
0
5
-1
0
0
-4
1
0
5
0
1
-5
-3
-12
-6
2
-8
-1
-3
-2
-1
1
6
-4
-2
1
0
2
4
3
2
2
1
-3
2
-7
2
-2
-9
1
-8
6
-5
-6
0
-2
-5
0
1
1
-1
1
-3
-1
1
2
-2
2
2
-5
-6
3
3
6
3
-3
0
1
3
-4
-1
-2
-3
-3
3
-5
1
-5
-7
7
-2
-2
1
-1
1
-1
4
-6
-2
-2
3
5
0
5
-6
9
3
3
0
9
4
-8
-8
-7
-1
1
3
5
2
-2
2
4
6
3
-1
-1
5
-4
7
-5
-3
1
-6
4
3
-4
3
9
1
-2
-2
-2
-5
-3
-4
0
1
-6
6
-3
1
2
-5
3
6
-2
-9
7
2
2
12
2
9
-4
0
5
2
2
-6
-2
7
0
5
-7
0
-3
-2
0
-5
2
-6
3
-4
3
-2
6
1
-3
-2
3
-2
-3
0
-4
-1
1
-5
2
4
3
-5
0
3
5
-1
-2
2
1
1
-1
2
8
1
-6
3
5
3
1
4
-1
-8
-7
-3
6
-2
-4
5
3
6
2
-10
4
-8
-9
-1
7
-3
-2
-7
1
-4
2
3
-4
0
0
2
-5
5
4
2
-5
-4
-4
1
-2
4
-1
-1
-1
-4
-9
-5
-1
-3
-4
-4
1
6
-6
-1
-8
-4
7
11
-1
0
0
-2
-7
3
1
-3
0
-9
-1
0
-7
3
-3
7
3
-8
1
6
1
0
3
7
0
1
-1
5
1
4
-3
-5
-1
0
-2
0
1
4
-2
-3
2
3
0
4
1
-4
-1
0
3
9
-1
-3
3
-4
-8
-4
-1
2
0
-5
4
-1
5
4
-4
3
-2
0
1
-3
0
-5
0
3
1
5
-5
-3
4
0
-6
5
4
-2
0
-6
6
7
-6
1
-1
-4
2
6
3
-4
-6
-3
3
-2
0
-1
1
4
7
-4
1
-1
-1
1
-8
-5
1
0
1
4
5
0
-1
1
-5
-9
-1
1
8
-2
-1
-7
4
1
-4
-1
0
1
5
3
2
6
-3
-5
11
1
10
1
-2
5
-2
-7
1
3
-7
-1
2
-5
-4
6
1
-5
1
0
3
2
0
1
-9
4
0
6
-2
-4
1
0
2
2
-1
-3
1
-3
4
0
3
2
-2
-1
-4
3
0
3
-4
-3
0
-3
-2
-6
-3
4
-9
-1
3
-6
1
5
-9
8
-1
-4
-2
5
-5
3
1
0
4
4
5
2
0
-1
-2
1
-2
-3
3
-2
-8
-1
-6
-1
1
-1
-6
4
1
-1
-3
5
1
4
-9
0
1
0
-3
0
6
5
-3
0
7
3
-6
-4
2
-2
-7
-3
5
6
0
-7
3
-4
0
3
-5
-3
-5
-2
5
-6
2
-2
-4
-6
1
2
-6
-2
-2
-1
-2
-4
1
1
4
-2
-1
-1
0
-2
-8
4
-2
-2
-2
-4
-2
4
1
0
5
-3
-8
0
6
-5
-1
8
-3
0
7
2
1
5
-1
-2
5
-1
5
3
6
7
-6
0
3
-3
-5
-1
-4
-1
-1
-6
9
-2
0
5
1
-6
3
1
3
5
-1
3
3
-2
-4
-9
0
-3
1
-3
-8
4
7
-4
4
5
11
4
1
3
5
6
0
2
1
2
6
-1
4
2
6
-1
1
-5
3
-2
-2
3
-8
-1
2
2
-1
-2
-3
-4
1
-2
6
-2
7
1
7
2
3
-2
8
-6
4
-2
7
-1
3
2
5
-4
-2
-3
1
0
6
-2
-1
-2
3
6
0
5
2
0
0
3
6
-3
1
-5
0
1
3
-1
-6
7
-4
-2
5
-2
5
0
1
0
3
-2
3
0
-3
-7
-1
6
2
-1
5
2
10
-7
1
-4
5
5
-2
9
5
8
8
-3
-1
-2
0
3
2
-5
3
2
0
-2
-3
-6
1
-4
1
5
4
-3
-9
-3
-3
0
-1
13
-2
-6
-2
1
-1
0
1
-2
1
-2
7
3
3
-5
-8
3
3
-3
-4
2
3
-1
1
-2
-2
-8
4
-1
3
-2
-8
2
0
3
-3
0
6
0
3
-1
-7
-15
1
0
-5
-1
-3
-2
2
6
-2
0
1
-2
-2
0
4
-3
-2
-3
0
2
-6
3
-7
-1
-1
7
2
4
1
-2
-4
1
2
-4
-6
3
-2
-4
5
0
-2
2
1
3
2
-4
-3
2
5
1
8
2
0
3
-5
2
1
1
2
-5
2
2
1
-7
3
-6
4
-3
8
2
3
-3
0
-2
2
2
6
1
-5
-5
1
-2
4
-1
-5
-3
-3
0
5
-4
-3
0
0
4
-10
-5
-1
-2
-2
2
-1
6
-2
-3
2
-4
-1
1
0
-6
-4
1
1
4
0
1
0
8
-10
0
2
4
2
5
-2
2
0
3
1
2
-7
-6
-1
-5
0
6
6
-2
-5
-1
1
3
-1
-5
9
-4
3
-3
-2
-1
-2
0
-1
3
3
6
3
-1
-4
-1
0
-4
-1
-4
-7
-3
-8
0
2
1
5
-7
6
0
1
-4
4
-2
3
0
4
-1
3
8
-1
-1
2
-4
-1
6
-5
1
-4
4
5
-6
4
-8
2
-6
3
6
2
-4
1
-1
-2
3
-1
-3
0
-1
6
4
-9
-4
0
-5
2
1
-5
4
-9
2
4
0
-6
-1
0
1
5
-1
-5
-2
-5
8
-1
2
-8
0
-9
1
-5
-7
1
2
0
-3
-1
-7
7
1
-6
3
5
0
2
2
5
5
-4
1
1
3
2
1
-5
4
-4
-3
-1
2
2
-7
-3
1
-7
6
-3
-6
1
-5
7
3
1
3
-4
2
0
0
-1
-1
-2
-1
1
0
2
-2
-2
5
6
3
-5
5
0
2
-1
-3
-4
-3
2
-1
-1
1
1
3
-3
4
7
0
-2
0
-6
8
2
0
-4
6
6
-9
3
2
2
8
0
-1
-1
3
0
-7
7
3
-1
5
-2
1
-1
3
0
3
-2
2
-2
0
2
-9
2
4
4
-1
3
-1
-5
-7
3
-4
-2
-4
-1
-1
-10
5
-2
-7
2
0
0
5
-5
2
-4
-1
0
3
3
-1
0
-1
-2
-2
4
-4
6
1
-1
6
-4
3
1
-1
0
-1
2
3
-3
-1
0
-7
-2
-2
1
2
0
-2
5
3
-2
4
-3
-5
5
-1
-2
2
6
6
-3
3
1
-1
-2
2
-5
-5
-8
0
-4
-3
3
-6
-1
3
-4
3
2
-1
0
-1
-4
5
7
5
-1
-3
6
4
2
-5
5
-3
-5
-3
-5
-6
2
5
-1
3
-8
-1
2
0
3
-4
6
0
0
3
5
0
7
2
9
-3
2
-1
5
5
1
7
0
5
0
0
-3
2
2
-5
3
-8
-3
5
-3
5
3
1
-3
-4
1
-2
1
-7
-2
-6
2
0
-3
-6
3
3
8
-1
4
6
-1
-3
2
0
0
2
3
4
7
-2
-1
3
2
-2
-5
-2
3
-2
-4
-3
3
0
-9
-3
-1
2
-1
0
-1
-7
-2
-1
4
1
1
0
-1
6
5
4
-5
1
5
2
2
-4
0
-1
-3
2
2
-5
3
0
0
-3
-5
1
5
-2
4
-3
-1
-5
7
0
1
1
7
3
2
4
5
-5
-2
0
3
1
3
0
-1
2
-5
-5
4
-5
-4
-6
2
1
1
1
-2
-2
0
5
-4
-2
7
1
8
-2
4
1
-9
0
1
-12
3
0
-6
2
3
-4
-2
-4
5
0
0
9
2
-1
2
-5
4
0
1
6
-1
-10
0
0
-5
1
-6
-4
3
5
-3
-1
1
4
-6
0
-3
-4
-6
-5
3
1
-2
-4
5
7
-1
1
0
1
0
7
-1
-1
-3
6
3
4
6
6
0
6
4
-6
-1
4
1
2
0
2
2
-2
1
-5
1
-7
-2
-6
2
-4
5
0
6
2
2
2
-4
3
4
3
-4
-4
1
1
-2
0
3
1
-1
0
-1
4
3
-5
0
1
7
0
-3
-2
5
-3
1
3
-1
5
0
-2
-7
5
2
6
0
3
-2
-1
-3
0
-2
-5
-3
-4
1
2
3
-4
6
8
1
0
-3
2
1
1
-5
0
0
-4
0
3
5
-2
-1
1
-4
2
0
-5
2
0
7
2
-1
-3
3
0
-3
5
0
-7
2
0
4
1
6
0
-6
-4
-4
-1
-4
-2
1
-6
-8
-1
-2
6
-5
2
1
5
-2
-5
-2
2
-8
-1
-8
-1
9
6
4
4
-6
-1
0
0
2
3
-2
2
-5
-2
2
-2
-1
4
1
-4
-1
-3
3
-3
1
-3
-4
1
-1
4
1
0
-3
2
3
5
3
4
-2
5
10
-9
-11
-3
4
-6
4
-8
-2
-3
3
-5
-6
3
4
-4
0
4
0
-7
-4
0
-2
1
-5
-2
-5
6
-8
4
-1
-1
0
-1
-6
5
-3
2
-1
-1
-5
6
2
-1
6
1
-3
2
0
3
-2
3
0
2
-7
-1
-7
-2
-1
5
0
-10
4
-3
-7
9
1
7
1
-5
3
1
-1
-6
1
-6
2
-5
3
3
-6
5
4
3
3
1
4
7
2
0
2
-3
-2
-2
-3
6
-2
1
8
-2
-1
-4
-7
2
3
5
2
-1
-5
-3
2
2
0
6
-7
-1
6
5
1
0
1
-3
-1
-3
5
-5
-5
2
2
3
-9
-1
3
-4
-1
-5
-6
0
0
-2
-11
2
-12
3
7
2
-2
5
0
4
6
-3
-2
7
1
3
0
-5
-3
4
0
-2
7
4
3
-1
1
3
-2
3
6
-2
3
1
-1
2
4
3
-4
0
4
2
5
4
-1
-2
2
0
-4
1
-1
-1
-4
0
0
5
4
-1
7
-7
1
2
0
0
-10
-4
4
4
-3
4
-1
-3
5
0
-3
0
2
5
-1
1
-5
2
-2
2
3
-4
0
5
0
0
-7
-2
-2
2
0
3
-5
1
2
-1
-3
-4
-1
5
0
-3
-5
-8
0
-5
-2
2
-5
-1
10
-1
-5
0
-6
3
-1
-2
1
0
3
2
-3
-1
-3
-7
-4
-7
2
-5
5
5
4
-2
2
-2
-6
-1
-1
2
-4
-4
0
-5
-2
-7
5
-3
3
1
-3
-4
5
2
5
-9
-2
4
-4
3
6
-2
-5
-8
2
4
-1
4
5
-1
5
9
4
-5
-5
-1
2
-5
-4
1
-2
8
-2
-5
-6
6
-4
4
0
-7
5
-4
-1
-15
-3
-2
-1
1
-1
-1
2
0
1
-2
0
2
6
3
-3
8
-3
5
2
-6
-4
-4
1
2
-3
-6
4
0
0
8
-6
0
6
-4
-4
2
-4
4
1
-1
-2
6
-5
1
1
4
3
2
7
-12
4
1
1
-3
-2
0
-1
-2
-4
2
5
-2
-2
-2
0
8
7
1
6
3
0
-3
4
-4
6
-7
-7
-3
-6
2
3
-2
1
0
-7
-4
-2
-2
3
6
3
-5
-10
1
2
-3
-4
7
-2
-1
4
-5
5
2
-1
4
-4
3
0
0
0
-1
0
1
-1
2
-5
0
6
3
0
-2
2
-1
7
2
-2
-7
2
3
-1
1
4
3
-1
3
-6
-7
5
-3
-3
-3
-5
5
5
5
1
-1
3
2
8
-4
-6
0
1
3
-2
-7
5
8
-1
0
1
1
3
-2
-5
4
2
-3
-1
4
-2
-5
8
-6
-6
-4
3
8
5
7
1
1
1
3
-2
-4
-5
0
0
4
-1
7
-6
-3
-2
-3
0
1
3
-1
-4
-1
1
3
4
2
3
-6
-3
2
-8
-1
-1
4
7
3
2
4
0
-6
6
-3
1
1
-2
-2
2
2
-3
-3
0
-7
7
0
-2
-1
-1
-3
-10
1
4
-1
-3
-5
-4
1
5
-7
-3
6
-2
-7
0
-3
1
-5
6
-5
-2
-1
1
-3
-1
6
3
-6
5
-2
1
1
-2
1
1
2
-3
-1
2
4
-9
0
0
7
-3
2
-3
0
3
1
-6
6
5
-6
-1
0
0
-4
-6
4
-2
-8
0
2
0
-8
-3
-1
4
-3
5
-1
-5
-5
4
1
4
0
-5
-1
0
-5
-7
-1
0
-1
1
-1
-4
4
1
-3
4
3
0
0
6
-3
-1
1
1
2
-1
0
0
1
-8
2
-13
0
-1
4
1
5
7
4
-1
-2
0
-3
4
1
-1
-4
2
5
-4
-3
-3
7
-2
-1
4
-1
-9
-4
-7
2
0
-2
1
0
-5
-5
2
-3
-1
0
2
-8
8
8
8
-3
-3
-3
0
1
1
4
0
4
6
0
-6
-3
3
-1
2
4
1
3
0
-2
5
-2
1
1
3
-1
-2
0
-2
-1
-6
2
-5
-5
1
5
-6
2
3
-3
-6
0
-5
-5
-4
0
8
4
3
-1
5
-1
9
-4
4
0
1
-4
-1
-5
-1
0
2
0
2
3
-3
-6
2
-10
7
-3
1
0
-5
2
-4
-5
1
-1
1
-9
-1
3
-7
-2
0
6
2
-5
3
7
-10
-3
0
1
-2
-3
-5
-2
1
-3
3
0
1
3
5
9
8
-3
-5
-3
0
-6
2
2
-1
2
-1
0
1
-2
-2
-10
0
6
1
3
1
-1
8
-5
-1
3
2
4
1
-1
-1
11
2
1
3
3
-1
-5
6
2
-3
6
5
-6
0
5
5
3
-4
-5
3
6
1
0
-2
-2
-1
-1
-5
3
1
1
-9
5
-2
5
-4
4
-1
2
2
3
4
0
-2
-1
3
1
1
-2
-6
2
1
-6
5
-7
-6
4
-10
0
-6
-6
5
-2
3
1
-1
-2
5
1
3
-1
-1
3
5
-1
-5
-5
3
2
3
5
-1
4
9
-6
4
-5
-6
-2
-2
1
-3
2
5
-1
-1
-2
14
-1
-3
2
4
-3
3
-9
7
1
1
1
10
-1
2
4
-3
-2
-1
1
7
3
2
-3
-1
-5
-2
8
0
3
-5
2
-6
-6
1
-3
-2
-6
-3
4
-6
-5
2
3
6
-1
-3
-1
-9
2
-4
1
-2
1
-3
-5
2
-3
7
-6
-5
-4
-3
-2
0
1
7
-4
-2
-3
3
-3
-1
4
-1
2
-4
-3
2
5
2
-1
5
-1
-2
-3
1
-1
3
-1
-4
-6
9
-13
-1
1
-5
-7
0
-3
3
-4
-5
-5
0
-1
4
4
2
6
-4
0
-1
-4
-1
4
-6
-5
-3
4
3
3
0
-1
6
-9
2
5
2
-6
-4
-7
-7
6
-8
8
0
3
3
-4
0
-5
-4
-1
8
1
-1
-3
2
-4
2
-4
2
-3
-6
-4
5
-1
5
-2
-1
2
-9
-1
1
-2
4
1
3
0
1
-5
-4
-1
-3
1
1
4
0
-3
1
1
-7
0
3
3
0
-6
-2
4
-3
-8
8
-6
-1
3
1
1
5
-2
-4
0
1
0
0
1
5
4
5
3
-3
-1
-4
-5
8
4
0
6
-3
-5
-1
-4
0
-1
-3
-3
-3
-4
-2
4
5
-4
-1
-6
2
8
-2
4
-3
-3
-3
-2
5
4
1
-2
-5
5
0
6
-3
4
-2
-2
7
-1
1
6
0
-1
2
1
-4
0
1
0
-3
2
-1
7
2
1
3
2
6
3
1
-1
3
5
-2
3
4
2
-1
2
1
-7
3
1
0
-6
9
2
3
2
5
6
-3
-1
0
1
-2
-4
2
3
-4
-2
-4
5
6
4
-5
-3
6
1
-3
4
2
14
-2
-2
5
4
-8
0
-5
1
-9
1
5
3
-3
-3
0
0
1
-2
6
-9
0
5
-6
-2
10
6
-4
10
3
2
-2
-6
-2
3
7
8
-4
-3
2
2
-3
-4
0
2
0
3
1
5
2
-6
0
-6
-1
-4
0
1
-1
2
0
0
-3
5
4
-1
-2
3
-3
-1
2
0
3
-8
2
7
1
4
-2
-1
-3
-1
5
-7
-4
-4
-6
7
2
5
1
0
-1
-3
0
4
-1
1
0
-7
-9
-3
-6
-8
5
1
1
2
2
-1
3
0
-4
-5
-4
0
3
1
1
3
-1
4
-3
-6
1
0
-2
-6
0
0
5
-2
-2
1
-2
7
3
-1
8
-7
-5
-7
4
-2
9
-4
-2
1
0
-3
8
-4
-1
-4
2
-5
7
-6
-7
1
10
-3
1
2
-7
1
-6
1
4
-7
8
3
7
-4
4
-3
-4
4
2
1
1
3
7
3
5
-2
0
1
