23 95 441
0 4
0 9
0 11
0 13
1 5
1 11
1 16
1 20
2 3
2 15
2 16
3 10
3 17
3 19
4 1
4 12
4 14
4 16
4 17
4 20
4 21
5 4
5 5
5 10
5 18
5 22
6 8
6 12
7 6
7 10
7 13
7 21
8 6
8 13
8 15
9 4
9 9
9 10
9 12
9 16
9 20
10 2
10 4
10 6
11 4
11 6
11 15
11 16
11 21
11 22
12 0
12 6
12 22
13 7
13 10
13 19
14 3
14 11
14 13
14 20
15 1
15 4
15 9
15 16
15 22
16 0
16 4
16 15
16 18
16 20
17 8
17 10
17 15
18 4
18 8
18 10
18 18
18 21
18 22
19 2
19 7
19 10
19 12
19 21
20 10
21 2
21 6
21 11
22 1
22 3
22 7
22 11
22 14
22 20
22 21
15
3
30
74
49
10
55
60
9
93
83
31
14
56
87
89
77
13
68
85
5
78
26
19
35
17
63
59
92
94
51
12
57
46
11
0
36
39
48
50
71
69
25
70
62
16
91
75
33
73
79
20
40
90
80
64
29
37
66
7
58
54
24
84
52
22
42
72
65
4
27
76
67
38
32
41
43
81
82
8
6
21
88
44
1
61
28
45
86
34
53
23
18
2
47
-156
-566
-422
-499
-302
126
228
-359
691
-1
-719
817
-1141
-375
930
221
794
685
78
208
37
313
-347
-73
156
-407
630
-170
1332
399
-485
-106
84
65
-93
-194
461
-519
12
419
-479
-266
-564
-79
-792
224
-417
130
-366
310
73
73
-637
514
-441
-93
129
8
-755
560
304
102
140
-569
289
701
-207
-840
548
-462
220
-970
688
-937
218
57
-1332
-458
1031
-187
12
-463
-326
1178
-155
361
495
-273
286
-437
584
-206
377
677
117
175
-411
69
14
-229
-651
25
-528
594
935
-111
165
453
156
89
31
822
-296
666
-566
250
115
80
-568
-18
-145
531
768
-163
286
-71
-882
202
-412
-443
89
882
146
-80
-547
84
646
317
719
276
289
-615
53
213
-167
733
807
-529
357
445
267
-216
174
483
-449
516
-1098
616
-587
-124
666
140
605
-120
54
-433
7
45
-89
-71
-27
775
-474
831
-181
-932
-354
265
593
341
444
-81
1203
245
544
-1402
772
-71
-397
-743
-43
-153
-820
-182
759
186
516
-142
-1056
404
-853
248
235
-494
241
382
818
-752
461
-418
719
-591
-322
502
189
-869
115
-120
119
252
323
-535
-304
627
-633
606
270
-537
-647
-79
123
-219
-141
273
-682
441
-100
146
79
377
54
-122
-371
21
791
317
54
-435
-445
-91
89
43
-766
82
214
197
-910
-393
47
-135
371
-212
266
-255
360
226
355
-107
225
394
-233
194
46
401
-357
-576
-697
1059
-711
-302
-333
276
-845
-485
150
130
273
206
-416
46
-680
-61
-193
10
-151
-13
-348
-285
35
1170
-218
592
577
-948
-296
-505
559
438
-284
-238
-875
286
-267
-696
-577
451
-727
-376
-363
-561
-458
498
-10
502
590
40
434
-141
-83
-331
535
-204
148
-782
974
386
49
-112
128
-337
515
782
-534
149
-223
-193
268
-406
155
328
-452
-533
377
366
-560
745
-528
305
-461
436
148
185
389
-95
97
-14
593
-240
-41
-452
409
-874
-249
432
-1107
398
332
551
364
868
-482
481
-150
302
602
602
-104
-722
223
202
-490
-454
-167
83
-108
422
-227
239
-258
578
773
-319
525
-437
-173
-134
5
-453
-168
-545
-763
682
1051
249
376
-829
675
64
69
-96
849
190
502
-468
-237
839
-116
-140
36
-317
424
311
-312
71
79
-783
196
163
62
-73
194
-251
-399
428
148
327
167
-121
-195
-248
-73
-646
165
-393
-91
-34
-84
826
187
-658
-101
285
-100
593
489
-376
398
353
-218
-399
-158
-339
252
-323
-212
-48
-930
1089
823
-93
551
6
-116
35
530
-416
-274
489
133
527
442
-305
389
866
-114
361
74
-93
-296
-244
-241
416
732
211
32
380
-407
-89
-30
-1018
-52
-225
-85
-479
257
277
-399
-215
1050
-191
-1053
-121
11
-841
-153
-821
705
-257
99
-750
71
92
-287
529
443
351
-421
969
-726
-577
-179
-403
-562
-265
217
-8
-45
-294
470
393
-261
-51
319
256
608
741
-240
-246
-237
-96
244
947
237
476
262
1141
651
274
374
-15
-20
379
85
109
-14
375
-122
-653
344
-361
22
543
162
1167
365
189
-5
367
136
-321
-103
-46
-668
-613
-111
-315
-695
-266
109
-516
3
-406
-522
5
-365
-259
-673
-1019
-187
-649
331
651
-482
-5
364
-400
790
508
376
350
-37
261
792
-413
503
217
-318
594
-149
-491
412
453
-485
212
-30
277
1240
303
821
424
182
557
-334
463
806
122
688
260
148
601
306
350
-512
121
117
192
87
-612
-379
-857
666
-88
-429
69
-60
-545
494
-767
-223
-156
-267
597
94
-176
-225
286
-308
307
-36
-131
-23
41
14
799
206
-47
242
315
-511
173
157
-256
69
-142
-381
593
-674
-752
799
157
-21
-808
-485
-379
494
-504
-228
174
59
527
141
659
-300
-160
-429
879
-414
-237
-35
667
461
-13
-37
159
-595
-282
210
-392
532
-288
-609
606
421
48
-419
-578
-80
7
-385
-204
-486
-583
122
6
-72
514
-65
168
-631
669
51
771
-543
351
-703
-558
592
236
292
-468
304
124
54
-77
69
-210
-359
245
16
-1
8
435
-259
-164
-119
282
-78
-273
399
-178
355
-306
-1022
-286
608
380
402
-231
362
426
592
-215
-338
-33
309
-1033
624
-19
141
757
394
216
733
50
184
428
550
-142
-410
-333
519
248
-319
681
752
142
614
-678
592
-567
110
168
-168
-199
402
198
41
46
-199
477
-144
74
-257
599
-373
-294
-575
54
468
561
-74
215
-26
184
-486
-296
547
-259
-471
854
141
321
400
-736
-161
801
-229
39
96
638
-41
-133
-274
129
-272
-394
236
-1006
163
-344
676
-610
-230
-964
304
47
74
-539
-2
444
366
368
183
-31
-205
-495
-439
-293
353
-21
221
-48
-823
-866
292
-568
152
-44
-454
-6
-317
-648
-8
99
567
-464
819
-1085
-1077
307
-437
109
639
-119
-459
488
832
-164
958
-1105
-412
371
64
216
-486
-73
348
357
-59
-450
-628
-189
417
942
450
-149
262
342
-792
68
-517
-141
617
405
-182
112
535
182
254
242
115
-457
76
-181
-234
-419
379
134
-142
559
-14
25
658
647
716
294
-592
5
-86
536
-260
15
299
426
350
183
-402
151
-136
-32
-352
-373
214
-290
441
107
-927
644
906
454
164
346
97
23
-688
-75
-133
742
347
-40
224
888
-382
506
341
254
36
-93
-132
133
-565
167
511
326
-715
357
409
234
367
161
133
278
309
-664
567
-383
-38
307
593
-440
150
-456
-285
319
-403
-540
-595
21
-576
1035
-377
470
109
128
323
-80
-50
185
-168
410
84
-288
550
426
-264
-254
585
-66
-526
-676
-595
491
-219
-162
-45
-112
-133
-112
-185
-84
-333
249
-139
165
-185
390
54
-54
-80
-383
-86
10
-442
-286
481
483
-582
148
-4
-112
5
328
-37
-554
186
274
410
420
310
-298
-285
739
613
435
-253
272
-369
-467
-42
-64
-820
1150
390
163
-490
-458
146
589
252
362
-53
-55
12
-237
-278
204
-708
102
-193
-632
-15
493
-428
64
415
273
185
362
405
1038
-182
203
-722
-902
422
-354
-86
-51
247
93
-48
647
-250
-48
-538
378
-127
73
125
595
229
-353
668
-283
35
-48
-164
-824
-869
414
-602
3
-463
-36
-305
359
-578
-79
327
865
50
424
262
-148
-307
-48
-6
-212
372
-84
551
30
885
74
-282
-28
-215
-459
-435
133
391
-505
-146
62
743
1345
165
359
-127
167
193
206
-428
318
-182
-288
643
-157
-479
-104
-276
167
326
161
1562
662
-763
340
-530
-626
195
727
-319
-136
1604
459
10
83
-176
-394
662
-259
406
440
-544
-970
-463
657
-810
347
-194
-935
-514
895
-316
429
291
363
-475
316
-319
1216
352
-36
-2
153
-23
-90
-42
355
-116
-633
-240
263
1254
-375
-408
-305
-318
-54
-20
239
581
-546
-144
589
-785
-365
109
-1001
186
-854
33
36
136
-243
79
-143
297
112
-526
-265
9
-139
-37
-707
-28
-609
430
-785
221
143
291
10
-1378
689
-322
-58
65
753
-517
286
-357
94
371
102
651
-95
-238
-119
97
-230
543
-98
412
443
676
63
-367
668
442
-883
-50
-244
-327
445
68
-264
300
592
-21
-80
268
5
-14
242
283
368
-427
-60
151
31
-275
295
-395
323
1174
148
-239
4
364
-553
689
-327
-555
-790
-14
97
-15
161
-47
-975
-295
439
-1219
286
-872
339
869
457
-143
61
-75
-671
-16
582
-250
43
149
-155
-150
-302
-111
-924
-80
265
521
-113
290
655
-405
-462
337
459
-88
-400
-144
-970
332
-397
120
-129
-197
791
392
325
-660
-300
156
443
624
-542
261
250
94
-235
71
-71
-256
-417
-750
-629
-412
155
405
-189
-65
271
586
752
-164
292
24
-362
119
-242
-262
1200
-814
12
-289
-228
-64
-594
301
-112
-670
411
657
-56
-256
638
-460
-504
315
-398
-384
-393
-858
98
325
380
673
-460
-62
894
327
455
-121
-412
-634
102
-452
983
643
664
201
-1371
-727
947
265
437
-524
-742
-60
-750
-23
-850
-225
-526
-178
475
403
-62
1212
1242
342
-117
-23
297
-263
330
3
-272
66
192
-500
19
-674
-360
135
841
21
-36
-547
-539
-275
-129
191
-205
923
-305
-1114
-403
-750
-465
-1205
28
98
-46
574
-571
1021
7
264
-100
38
22
-178
99
545
111
-396
-768
474
-251
-11
165
600
285
-780
-1156
-439
-269
-219
-616
-233
-146
-773
700
-516
65
214
1233
135
933
121
283
-194
-605
331
733
-598
574
-79
165
-561
-82
615
60
-1005
4
475
-133
-1134
276
-263
65
-46
-378
-52
261
-185
226
-146
-270
344
-288
-169
600
117
451
60
444
-289
-549
-268
115
-302
176
-650
-647
-67
-1053
-512
-540
427
-296
-281
-359
30
-571
-324
274
-739
501
-383
330
-343
-110
-384
-205
-743
-49
424
581
-600
-321
479
-547
-150
-49
44
222
325
-259
363
205
1248
-184
-186
537
-719
90
401
41
259
605
-593
241
917
148
-409
-517
-103
460
-708
672
-48
284
556
2
171
585
152
-618
-607
-60
-223
432
-488
441
534
-39
462
-738
686
-772
-213
-3
113
166
-638
608
317
131
287
-141
988
27
-253
-865
310
-340
-297
-193
114
287
203
-11
37
479
-52
-235
-424
-422
87
-541
-360
-761
207
771
-867
-92
177
-41
-981
200
343
414
364
-479
-61
-632
-146
-732
269
25
444
50
-160
-211
-207
66
46
-134
438
98
659
-736
-719
-643
-168
65
-481
-396
-66
465
-232
644
-155
833
-52
390
-857
-240
432
632
388
190
-209
-514
176
-8
39
-492
237
-888
-187
-1160
-410
-101
-17
104
-394
-465
-201
478
191
154
-202
-202
665
-441
414
-122
395
1011
1037
-927
334
-752
269
-207
-389
310
185
39
217
-332
600
331
-801
-335
-499
224
281
313
351
239
-726
-150
-173
431
-330
-891
-57
-279
269
431
594
394
-407
-76
743
-491
630
177
-148
-200
-333
333
-365
-212
815
-341
207
322
463
-757
341
-5
187
-362
-39
302
42
261
-1006
590
800
-425
-78
-135
128
189
-305
-272
636
-134
-200
-314
-305
813
-536
-348
-272
-289
141
350
379
239
1070
-170
545
-17
10
22
-41
759
673
-675
-104
-454
-297
335
-453
-286
92
314
79
-170
-103
384
224
-512
11
-569
-728
-698
209
458
93
277
587
458
-758
-30
-77
-264
-325
-319
-218
86
-520
-516
-1022
-31
-265
247
106
-151
55
-746
175
442
536
1
-755
850
-13
488
-667
210
223
774
548
654
-988
82
-60
-485
-4
-183
-418
-395
423
-820
530
133
99
-392
184
-308
-1071
127
331
-171
-179
-78
209
-331
-208
454
-134
-279
-563
-334
-41
352
112
272
859
-534
587
-180
1041
-276
119
12
127
-579
-344
24
-295
-236
-240
871
176
321
668
126
144
-546
101
401
-383
437
-383
4
-545
-610
205
-647
-603
-604
68
-372
594
-143
130
-103
-109
-32
-286
-79
227
446
-957
307
-125
4
9
-201
-57
-62
-117
635
265
-550
911
-224
163
-382
74
-295
4
236
629
30
-141
-580
438
-608
357
321
98
-1138
623
-122
351
36
259
727
125
-491
57
-503
133
281
-853
-581
-287
-182
-12
-119
-84
-290
-375
285
520
-605
18
573
-19
-385
-289
1066
-160
-67
-106
102
-15
253
-66
33
-36
-611
-46
37
-836
470
-118
961
269
-210
235
-50
294
305
-149
-442
103
-241
90
906
-267
-305
-128
-605
-612
-455
-8
-704
-54
-542
141
-1020
38
-1009
-432
427
694
-398
821
-386
353
277
-259
-219
-190
632
-361
-489
-97
-222
159
-258
-531
-139
-737
626
510
-113
256
-275
-102
365
109
399
-450
-379
41
-9
-297
531
649
93
365
158
245
693
-176
610
308
-391
-48
-407
-249
-573
-375
-528
-390
250
-667
218
-420
-148
-437
-327
-285
-280
430
608
-452
190
637
-28
-324
383
173
-251
-424
-113
126
452
323
-81
274
-717
536
-632
-300
124
562
-279
393
-606
394
-370
630
344
-1045
-142
-304
-319
-628
639
141
88
-8
-958
-72
570
-367
-11
-296
118
-482
-273
-192
-416
553
-381
781
-64
43
163
-577
1
206
-227
175
515
110
-22
-492
-325
595
577
-25
-479
-194
-426
-424
123
-335
106
477
86
-137
40
-56
-377
331
5
543
-176
-139
-132
112
-621
123
592
-261
-567
-163
-311
-871
122
-1240
-1069
-90
-40
-511
530
-164
-356
52
-57
-287
-80
97
421
45
422
-604
-293
337
329
-653
695
687
56
693
519
309
726
-436
-291
-315
502
-403
1213
23
108
-382
286
247
391
-230
683
935
85
-1143
-124
425
-584
154
-222
-589
195
170
-539
316
429
-173
-243
-467
24
78
348
367
-546
-295
278
-360
304
-813
-426
163
162
-54
23
931
-407
-478
464
522
113
272
377
569
-760
-219
297
-445
42
-62
205
336
796
-153
386
106
-31
-198
-289
-110
1088
-461
-39
556
-623
659
-504
141
-389
-419
736
-491
-386
-328
-85
-843
-843
101
364
-183
69
-786
-298
162
-887
-365
-762
480
-501
-460
-18
-325
-331
-430
-81
514
64
-805
-176
-371
-50
116
420
-1092
453
170
-1008
312
429
34
-313
-81
97
226
310
29
-94
59
207
-786
65
16
-49
-8
-767
-1170
-80
101
852
-251
200
-549
275
-357
527
18
30
-146
-393
165
162
-80
-310
-413
234
-377
-83
-105
78
-142
592
124
239
271
727
-299
689
132
-427
380
247
-38
-320
81
-694
-514
-13
-671
-474
188
351
-532
972
111
585
-128
-105
448
379
-241
-112
178
-213
-241
191
364
250
72
-58
585
-275
-235
47
237
203
2
-216
822
-976
-452
570
-60
177
124
101
-404
760
-63
556
-378
-540
99
-403
-4
-23
147
-1490
-389
115
1153
-491
92
491
164
689
171
582
285
-226
433
607
304
-501
-262
315
566
-114
176
-695
398
-439
98
700
-128
178
-69
-437
291
243
361
980
-15
-65
-231
-63
-498
-1055
-183
-17
-452
-435
-549
-197
-625
80
-327
837
-355
571
292
63
-187
-429
-132
337
775
1440
-348
359
719
-489
-314
503
-375
337
417
319
-134
-706
346
86
-368
423
-497
126
-252
286
524
-222
100
587
142
-111
333
897
-63
-390
116
-438
-790
177
64
60
168
306
801
-262
-26
-648
-619
266
-271
90
-76
-19
493
-105
54
142
620
-121
289
43
265
390
-43
498
-775
326
-15
717
173
-462
225
-216
648
-88
-605
547
316
-254
-125
-290
275
-129
82
349
-448
-336
-96
362
-509
-119
-331
334
872
-757
867
-63
606
463
-476
253
78
193
-248
98
-132
102
-380
-113
498
22
128
-556
-566
-166
-258
200
-334
-223
-274
429
-84
20
-113
-79
167
1101
376
-224
-243
-72
-457
-280
230
-345
-76
-805
908
-160
786
60
473
875
-423
-273
329
1055
-455
-1021
611
-231
-88
-702
1107
-370
235
-112
106
1
370
607
137
-544
500
-172
-264
-591
169
-442
-114
319
145
-437
-1016
741
4
454
-570
216
202
-136
-413
-323
18
161
-214
-238
263
-146
-298
-479
-500
-588
78
-291
399
-369
590
41
-146
89
373
-563
585
553
202
450
-264
-184
-856
-157
-352
317
213
-276
-318
152
50
-377
155
167
621
-795
237
-547
-584
-681
87
-232
-634
-274
34
486
286
-34
-426
-633
533
12
-578
285
219
264
125
278
-182
-312
600
360
-1000
-262
481
-35
-431
187
-280
-101
-1010
-698
-63
-486
-349
248
-260
-738
52
83
845
-123
135
507
457
-451
209
290
-82
460
206
-433
370
-16
780
158
-814
108
-133
119
551
83
-826
-379
-50
370
100
194
-708
1228
397
485
-587
-259
390
-631
-6
304
-29
-156
151
480
-529
-650
-97
878
-180
-116
125
125
-181
440
-203
38
-55
304
420
-126
462
-124
-14
-268
344
569
-228
-238
472
-300
-260
-25
-700
-340
-458
-973
213
-136
411
598
-615
121
-820
-414
184
365
-927
189
330
-273
-242
-457
123
811
-480
-722
-68
586
267
337
-507
58
-409
-1059
-35
106
-540
-814
-152
14
403
343
-326
870
-582
-808
-104
-242
700
-388
195
-91
-170
-25
50
141
51
-266
-67
-579
152
-364
-183
1064
215
32
96
147
375
513
19
-575
448
-575
-535
834
173
-262
-300
-175
-902
-244
477
533
23
714
-3
147
43
450
204
-11
112
333
-1202
-170
-535
265
484
237
253
93
226
-206
-572
39
-634
242
809
-851
301
262
-372
-441
293
14
336
-762
-320
-562
-687
-238
-501
18
-205
206
-989
225
304
780
-272
-277
459
-822
535
198
-171
386
167
160
-441
-345
-655
440
-803
7
106
927
-295
-449
99
-162
310
-665
309
193
-326
520
-249
232
690
-68
-448
458
-248
35
27
-706
322
612
551
511
-236
612
211
-35
-83
269
-30
-312
243
433
-106
154
-33
18
503
190
-680
-151
140
-495
-151
-156
446
4
-36
135
121
156
172
389
549
-783
-442
-375
-343
-127
-216
442
82
-209
-245
446
-355
115
-117
-877
165
-115
104
-86
-73
306
-53
-271
-450
-46
-445
178
-82
-219
454
131
-998
-111
421
125
-84
-1236
675
-361
-567
-105
45
-830
627
-106
-12
-396
-225
789
25
452
-386
133
-472
480
-298
168
-61
-935
-327
346
-344
-391
-424
436
238
-510
-209
-155
893
150
986
377
235
506
-695
24
-190
-1322
-208
-94
321
-521
-250
286
-704
-299
-704
594
249
445
626
-191
-407
-36
316
425
-409
175
-79
-202
-500
-165
-622
-470
-99
-504
-100
-701
-151
738
-1031
-75
285
-282
271
8
-545
-209
-459
-393
655
-9
-85
-183
-676
602
304
341
666
-124
-71
-1006
-260
291
-55
-624
-772
-118
1528
-802
-48
43
-741
116
39
378
311
429
-866
-214
-314
-571
470
-159
-779
-128
353
-794
378
-385
99
752
162
696
417
-671
-23
72
572
850
433
-116
-214
-100
616
132
-383
208
-318
556
-460
-546
-52
-162
155
-312
-81
-1
-418
469
720
-385
-269
344
-229
29
-70
192
-242
-328
-789
338
169
-432
107
305
105
-8
771
-219
-695
-1193
145
-3
180
5
-55
-477
-183
289
-342
1286
560
-776
-24
265
-33
-206
121
-114
-58
-198
-255
-395
-417
-186
-1030
299
-574
-517
415
175
-395
-52
149
-300
-992
343
-270
-177
407
-141
177
-738
-72
477
-302
100
-79
179
126
-795
-7
123
-114
229
97
-191
266
188
197
9
-417
191
483
6
-659
-492
395
764
-491
-432
-99
34
337
-369
737
447
15
226
-54
102
11
-273
423
249
460
-243
-18
-257
-338
-393
-104
439
1004
-148
297
-10
-368
-404
129
-122
666
344
-137
-5
-16
31
1
663
1127
-451
-446
-333
295
45
64
842
-349
-195
7
-589
442
-663
-314
21
566
-611
683
-10
-157
-1044
-382
249
277
-66
-536
158
-284
-337
382
-259
401
273
387
-510
-598
121
-242
4
527
-619
-286
-137
965
158
-548
605
786
185
270
222
648
100
961
-853
-489
315
-777
-93
652
-189
608
-60
682
-364
-512
-242
230
-228
813
141
80
-608
-26
740
-361
681
206
-738
-797
365
-255
-93
550
-35
78
-108
-246
238
-933
35
-75
-49
-150
359
-369
-725
-370
-655
46
-36
-1003
-9
908
-128
777
222
-242
4
317
-120
-152
103
1102
-128
444
164
507
994
-266
-142
-345
555
-509
244
528
132
1100
-758
-105
-420
149
160
359
312
21
-750
162
-626
135
-401
-500
317
-145
122
-158
350
-1050
307
123
-887
1258
432
66
503
-363
155
230
869
-323
-516
-14
146
-62
538
-543
-163
196
39
93
324
231
-290
393
263
-570
-271
425
-382
129
-425
418
573
-389
572
621
-425
-309
136
-21
464
207
-222
-48
186
128
-76
530
-290
-189
250
-411
169
-408
239
428
864
-192
-1082
-267
53
427
-292
-71
-404
305
-127
-395
322
-234
-1119
417
-415
-463
188
-35
235
393
-328
42
452
-634
202
-427
-223
37
673
98
-633
-924
-237
-257
-172
-379
-116
458
718
418
66
-57
-638
-1135
-221
-289
-590
242
590
258
-370
608
1128
-173
-296
533
184
306
178
495
-116
250
441
638
703
271
133
86
-498
-249
90
-339
151
144
400
-349
439
399
486
778
-63
494
-692
200
-149
12
-585
-1038
-417
-730
-111
-421
-147
431
360
348
-968
106
-396
67
35
-382
-38
-539
-570
447
329
166
-149
406
41
240
-207
19
459
-108
-678
-333
175
321
415
-499
-1114
4
348
173
103
12
-324
-939
72
140
-292
442
185
-49
538
37
-261
316
3
-457
120
-137
-239
-105
601
-17
-296
-65
542
-398
-104
-1034
134
-736
437
857
175
-88
375
486
-91
543
-271
-20
14
-610
-408
-56
-716
53
923
-42
-490
-947
65
-26
205
-48
-189
87
2
32
-387
735
-439
119
0
-343
116
-258
656
-566
-477
462
-99
-270
46
-331
218
159
132
-667
-240
186
54
415
-452
-315
-750
417
-575
288
857
151
-88
-304
-244
148
632
248
418
226
-274
-146
-75
-386
-283
73
266
-603
-303
-36
389
294
1052
71
-564
12
-281
-443
-292
233
-82
-43
-460
318
7
-439
393
97
-145
19
708
-585
351
-67
-689
-290
15
-122
-140
778
467
-427
-421
147
-152
386
80
479
-473
634
-695
-720
221
-159
121
-428
413
321
-980
-190
-501
-310
369
-444
132
320
73
203
296
-121
525
223
12
383
557
-150
-21
300
554
235
274
518
-519
509
89
686
-131
-107
240
-696
112
35
643
-65
805
-523
240
-775
193
-538
44
406
827
-49
753
124
-599
-175
451
463
-900
-24
-197
308
467
-342
-91
-628
-794
-432
1029
-517
227
-89
-681
-563
-596
291
-36
-195
-740
-487
143
-159
-66
460
158
553
633
195
37
-333
-243
260
-400
-342
-368
433
-447
640
-255
-304
82
76
-174
429
118
-46
-680
690
225
-285
379
-1467
-47
377
-624
-444
-992
-307
587
-79
415
89
-139
402
264
-318
-362
-167
-202
-300
411
547
335
-96
-56
281
19
-97
-537
-50
242
221
-76
47
297
-351
925
395
832
632
284
-542
-704
-583
-90
-394
384
527
-650
328
-165
431
-560
-205
172
-99
220
618
231
-119
168
201
269
135
100
882
-289
-87
-31
-201
-1172
179
-430
-668
530
547
220
-228
254
-907
204
47
458
-59
-395
-3
-12
-457
801
16
1083
-297
-131
103
418
75
-230
27
538
-110
-321
719
687
-353
-1059
-120
6
-614
273
-492
127
-241
-691
17
-675
-461
82
-598
-765
-204
120
-100
597
71
-217
-220
-436
-522
9
-225
-208
37
-48
-15
-53
-611
574
246
571
128
-229
542
-25
-343
75
7
30
-152
-415
196
-359
-756
-723
477
325
-38
-156
226
-113
310
121
550
-397
-259
511
243
667
32
68
563
181
20
217
71
669
264
-654
-438
122
119
223
-185
282
121
-115
-811
162
-1217
603
-254
302
-219
-160
134
359
-118
94
210
-502
361
-36
392
-1
540
-422
-549
408
285
715
-337
308
-882
-221
16
422
-1210
-152
-230
-120
-405
-432
-168
-393
80
100
647
465
-313
-761
-651
-42
363
162
-462
162
-421
201
-363
-110
-307
-333
-318
-287
33
467
-637
-212
122
397
-309
-1057
-811
369
39
385
283
-853
-303
20
-362
721
206
70
668
-195
-193
-36
-177
307
93
-41
787
-147
425
-998
-610
96
161
63
1413
728
-36
321
-256
146
257
-318
56
311
523
-114
-368
-221
-1066
326
-535
-597
-35
269
-545
744
-263
568
425
-298
608
-698
-110
462
8
-89
641
-515
454
-1027
-70
304
101
703
13
306
-120
-121
1204
-40
86
-422
290
106
-144
-292
-226
-517
-474
-648
-444
221
-223
-88
-40
-193
4
53
200
227
213
-766
364
186
-426
-358
37
338
113
45
-116
210
264
-394
-48
-333
96
-10
-70
196
-558
-151
222
358
30
436
281
-610
-185
154
484
29
-176
-1209
200
402
-573
584
37
-324
10
833
-88
103
-143
249
-535
681
-205
-718
273
-659
474
607
396
-45
140
-329
155
-270
325
470
-1014
-701
572
176
-86
209
254
157
-29
-1385
-660
749
-440
-433
-64
126
-248
-520
371
241
-326
-370
592
-840
484
56
-1061
241
-74
-28
129
274
-59
-831
354
337
1005
-268
-383
-8
46
-251
-442
-291
359
186
-896
-391
222
383
828
-665
902
268
-308
-525
-90
122
-382
166
-686
-426
-513
-38
-211
210
-271
-526
33
-106
-349
-578
482
-607
-248
-129
548
145
-198
-248
-191
474
-96
28
231
-138
-617
-333
213
309
118
-244
177
763
192
-26
528
-672
-511
126
-293
79
289
157
-387
-35
-340
358
102
1091
-120
-306
910
-415
-754
90
-127
70
201
676
42
-267
489
859
566
403
219
146
813
-244
-687
-399
-1105
82
96
-200
223
-665
-72
-363
-312
-842
-965
-160
-287
-790
-338
-557
-157
-332
258
-213
641
-483
552
226
77
305
299
-208
493
-212
115
290
-295
188
156
9
-218
-447
-85
180
291
-310
-820
138
80
182
180
-336
-474
210
-525
-336
1144
-446
-794
-196
-623
275
-260
470
-118
14
985
169
-710
-272
326
-448
234
540
-42
136
1096
497
-212
490
-435
536
-1
129
-317
40
114
-915
397
-16
454
510
295
-652
-640
-133
724
245
60
557
125
-285
67
395
-469
-35
314
-771
342
745
-407
404
-813
-158
-101
800
-280
314
-190
570
-510
-53
246
828
947
-886
213
-149
-68
-957
-58
522
197
272
-196
-40
210
683
135
522
776
124
1094
224
-148
521
-156
-268
-1009
687
-81
480
-286
397
-127
-290
89
-206
117
-451
253
362
157
-296
957
-88
-5
-490
368
187
-273
-122
524
501
-493
436
-454
575
-162
693
-100
784
-460
464
381
185
303
309
-152
-370
-429
-1074
241
99
294
216
-124
-463
-208
-566
-325
-389
426
-877
-497
305
-347
-46
-254
-294
686
491
-458
439
24
594
-556
-465
-901
-43
-498
477
-196
-554
-231
-178
253
-33
-1324
-118
131
54
347
954
354
-118
246
-620
-605
201
778
-195
141
348
-789
292
-166
430
86
-282
-364
-753
980
357
1112
-516
-827
76
-136
87
46
-351
595
91
511
-285
48
-747
392
727
56
531
-9
148
15
851
-91
-296
-85
-435
-575
397
-51
421
143
-328
-371
-138
824
-336
600
-474
-200
-282
572
-104
-116
391
196
88
-268
329
138
-158
-86
-689
-93
-358
225
612
-215
-31
-109
223
736
-388
348
-299
264
-51
109
-399
103
-176
393
86
616
236
-231
180
304
438
542
-119
286
25
-659
-66
412
400
-587
356
-81
-318
-67
92
146
204
-272
410
-217
-180
-462
-58
577
159
427
-449
-35
566
19
740
202
-198
-411
80
-274
227
264
65
574
81
-145
244
162
664
33
559
133
705
-396
-278
-547
-800
232
-55
-461
-180
529
504
343
-130
-279
848
548
77
-123
591
-264
-108
408
592
-249
-242
-187
900
-152
408
-90
-435
424
-334
27
375
-670
-15
-1030
-243
560
-725
-474
675
-357
299
-119
-74
-476
309
103
672
-388
-45
83
83
452
-347
-264
-330
289
-455
-231
448
37
-43
59
-145
322
-199
-661
-677
-430
-33
170
179
685
-1183
288
561
-36
-302
67
-119
-779
-113
-166
393
637
-452
527
-344
-51
-870
-307
-136
189
-654
253
-213
-190
401
-252
385
201
106
188
-63
1454
-315
-32
78
83
576
672
-407
-82
91
528
223
152
941
-294
-656
-26
-354
125
-461
-469
-590
-287
-261
-284
409
-567
185
-493
-56
473
-381
779
-134
64
-294
-478
35
-610
53
-1110
-334
-279
114
569
-231
303
-44
-644
-94
548
10
863
460
321
-534
440
103
-89
-270
-121
580
-49
-103
-109
-513
17
-691
125
-851
21
531
590
-220
859
49
217
-217
-212
25
501
147
96
90
-690
25
902
-112
-429
-366
-427
301
-133
704
475
-410
503
-225
297
647
-350
1197
99
-143
-162
-385
288
-8
341
-117
819
-50
-271
-10
294
137
-293
305
-478
472
-29
-93
-85
328
-703
-339
222
89
628
154
410
-233
-353
14
209
122
-667
834
381
1380
-63
408
72
-517
336
689
-488
-724
-912
-1010
-118
163
340
-471
-326
95
-472
11
362
338
40
293
694
58
289
-963
4
-816
573
-555
358
-415
-212
-1481
530
-301
386
-366
-293
242
-162
-777
-263
390
225
99
206
-320
-181
390
403
55
519
-712
-378
149
-288
546
-758
-70
-421
97
-212
305
18
-76
411
204
318
-285
711
-434
523
-83
314
174
-498
62
-123
-576
199
53
633
172
-360
-423
411
-296
-353
-422
74
-287
-930
57
218
676
-284
23
-299
188
913
-115
-831
-222
131
-32
242
-212
-358
-543
37
582
-494
30
505
-156
-801
-196
-648
144
42
-74
-96
-151
-163
-212
-156
263
332
1114
603
-291
-589
219
-804
-254
102
697
-563
-14
118
94
114
13
-279
-220
118
330
-162
582
-578
-375
-143
677
259
100
587
-448
-476
243
261
-64
11
502
-490
426
-114
-334
-602
-1317
-547
224
456
17
-90
61
218
376
183
-634
-463
-210
-767
894
-795
19
-428
-436
160
178
-569
674
-249
666
354
-260
210
-504
62
-479
-240
282
-168
-285
90
33
-3
-36
-941
-602
-627
-499
-490
1
-528
862
361
881
108
183
1044
181
-56
102
1003
-359
-379
203
-583
-313
258
-465
560
-528
388
-392
-302
674
-96
122
747
-172
17
178
353
-39
575
165
239
-254
-194
103
-79
-493
344
-36
869
-51
423
155
37
354
329
8
541
414
150
-743
221
556
-7
-462
53
-102
76
833
365
-745
-218
688
-418
0
-910
-298
-1073
-148
1129
91
196
-438
-296
94
-12
-341
212
755
-608
-488
441
-261
-89
103
-344
-146
621
-22
-714
203
-32
-539
-277
385
-380
390
-9
-150
105
285
614
395
-179
-453
555
-395
-294
502
-737
-212
-122
87
199
-259
209
-8
311
25
168
-656
83
136
-470
457
309
-521
791
-5
-731
-342
-28
-192
-291
-193
-40
961
-596
39
-485
712
-267
443
-280
-221
335
-478
-672
-260
-296
967
24
-435
-62
340
329
-273
-646
75
488
295
-370
-497
776
-116
269
-382
153
-86
1357
-489
-56
-284
-1246
-178
-218
-460
-606
-1085
-250
-277
373
-49
-264
466
-181
-175
346
280
378
177
421
-754
248
275
776
-276
-6
-136
-74
181
-318
-384
-98
472
-447
-89
-466
440
473
-204
-875
285
-997
-353
-291
313
-243
-353
-99
3
-282
-207
193
247
704
110
304
28
766
138
713
-445
-41
571
59
406
154
-990
229
-279
-12
297
611
-42
655
-284
-344
-272
-1091
1042
-1001
393
-404
-91
112
-152
-24
120
111
-253
305
-80
-460
184
327
323
239
334
74
-330
-181
218
-175
-715
212
-591
-232
678
-584
315
-78
145
-212
-455
-301
75
168
480
-290
431
271
-433
-603
105
-491
-474
1337
291
250
335
-276
300
187
-832
-323
260
-167
-176
347
768
-332
1110
92
-825
-433
160
714
903
1226
626
-173
-170
-320
684
-206
264
76
179
-538
50
127
-19
-758
1263
98
43
250
-1022
259
-516
551
-799
149
1341
80
328
-15
-563
1100
150
-308
-457
185
636
-86
78
-155
-550
-138
-225
-831
16
688
145
350
-277
280
-86
456
191
574
-543
58
49
-303
692
247
-304
-795
544
490
-205
374
179
220
-572
-90
-1289
-878
41
253
-22
281
-95
909
211
-376
163
300
-57
-147
-24
505
-404
-598
-266
-134
-1016
86
183
665
-448
156
-14
339
-333
-241
-187
-308
35
-17
-426
313
-181
760
356
256
-423
524
-424
-270
251
-651
503
-73
675
-319
-700
-711
-535
-229
-646
-91
447
-81
783
-433
382
451
162
77
552
-425
-257
220
-285
-81
-415
-140
-456
333
73
346
238
-365
238
-371
-508
-63
-180
-778
-36
-88
220
237
-505
569
-66
-78
-342
-206
199
424
-613
-465
-225
75
106
677
10
-788
95
-370
-465
-75
-453
415
-223
361
-558
32
-33
-391
-392
-744
366
49
10
-156
-197
-87
-388
91
630
292
-456
-598
-727
-595
801
-409
-444
-1121
996
-259
-243
-393
213
501
-840
-104
-194
-157
-122
-568
29
-19
296
128
139
126
-457
-239
1056
-610
555
109
483
-158
-291
783
-467
-893
-610
-249
433
181
-554
-107
-153
-114
1018
28
-389
399
90
318
331
-299
379
872
146
-1137
458
-267
75
235
358
661
-347
265
804
362
233
-42
59
-256
360
-335
-476
-191
398
-90
873
779
680
622
80
-268
-202
356
-282
-280
-68
-156
-127
-597
558
-763
-352
242
663
-153
-578
366
-78
-548
-163
-605
-202
949
399
1030
186
65
-109
42
-108
-666
-226
25
-232
-904
-249
-676
-252
112
538
-325
33
-170
787
125
496
-110
-502
-610
126
-211
965
-330
70
79
-208
118
-446
161
-173
152
-318
279
236
-424
176
-731
-309
129
-764
327
-422
-179
-191
-73
283
75
6
189
-235
-286
-132
337
-352
34
359
-413
-108
-462
-322
514
283
-321
-67
299
73
576
-292
82
391
-728
225
-213
-327
417
224
324
-327
270
-54
35
-85
-488
-149
-346
-79
415
300
-95
464
1203
-311
-417
110
405
239
-388
-173
197
-401
-350
-143
226
16
-371
155
-147
-1407
-333
737
261
-521
358
122
527
59
260
-144
-138
90
-310
283
213
-284
263
-11
644
910
287
348
-210
-476
504
127
341
-150
-828
194
133
92
-1
218
-130
-158
352
-194
-391
185
-664
104
28
-169
-857
-357
199
-501
663
-355
206
-904
142
-125
1016
513
323
-232
301
92
-234
498
-307
-9
120
-78
1174
-582
535
-244
-724
424
81
-427
-251
-147
-172
-109
-846
357
1315
-114
198
-160
-272
271
1223
53
52
301
-374
220
424
378
467
277
774
-404
333
-326
-923
-73
-252
-609
-245
262
311
89
-280
-604
165
101
263
536
272
-1126
699
-210
-488
10
-430
-273
343
-253
845
-50
100
-678
-343
2
-284
-952
19
236
-43
599
113
1317
386
-277
191
-311
421
-593
62
-153
-40
-672
265
-521
-571
-545
-548
573
532
262
427
343
390
-13
-593
571
-366
-451
275
252
-1453
304
354
210
-180
240
19
-187
409
49
27
422
-434
-599
600
-176
259
-656
-165
186
424
388
335
0
-419
-920
144
644
-583
-135
259
538
49
471
68
-596
28
397
-156
-185
-385
-358
-337
91
-186
17
-636
-747
-341
535
-72
452
-1250
-397
655
60
0
-697
-288
109
-232
-148
-170
-729
285
-127
-549
164
-163
-130
-380
140
324
444
-122
234
-1093
400
-152
570
12
-268
-463
-49
360
438
-563
36
332
-326
297
135
-359
2
119
105
-125
-98
-295
221
-367
-357
173
-800
-153
337
-358
-320
-595
916
-282
146
394
738
-12
-325
744
301
-763
-192
88
-175
-609
-310
-45
272
-168
-46
-367
-770
675
133
55
212
-459
-573
-19
-959
-171
-940
-254
95
-241
55
-227
338
-489
586
-71
-435
-663
306
167
441
-119
82
198
-161
-693
-200
324
-160
193
-560
964
-1054
-251
-34
216
-462
647
-83
-252
160
256
71
-739
-978
145
287
993
605
-125
-182
-323
-257
-271
-443
34
310
-97
740
-397
-68
-99
-476
476
382
629
-449
295
-281
634
219
92
890
-543
394
160
-419
550
-184
229
542
-427
-588
700
144
324
465
-279
-215
-67
-647
-326
-281
-75
-372
-125
427
-361
597
419
-217
585
126
452
324
-91
282
118
261
291
-820
124
422
747
-546
330
-422
-581
-20
147
-146
251
398
-356
426
112
-645
483
553
-72
-754
148
-545
464
-315
-754
-355
-260
101
-249
162
75
689
-201
-528
427
548
-980
585
-41
-854
-457
202
921
266
-241
-412
-143
127
-412
253
147
-36
63
220
-449
196
-469
591
204
323
314
-292
-270
-123
-121
-998
232
10
-786
333
14
-297
-190
-566
468
267
741
186
136
457
-14
-465
-154
-337
203
-328
-165
-72
-380
-200
141
-243
850
138
288
-195
151
271
349
700
446
56
-43
157
11
-313
531
228
126
-1031
875
609
41
-322
-179
-540
-373
-637
342
205
80
-584
123
-3
137
446
457
-279
253
362
679
198
759
334
-709
24
124
348
-334
-76
-661
122
144
138
-108
-460
-94
10
-698
531
288
262
314
746
-561
-308
-317
381
-376
-408
274
192
-644
-368
53
357
-120
-421
209
27
445
-46
51
-80
-371
-669
22
-107
1153
-175
407
-86
-459
93
-448
-345
406
-212
-453
71
-182
-68
-684
973
507
-95
231
-421
-134
83
-69
-329
1028
-496
-303
203
-230
114
479
-169
-188
148
348
136
530
-889
20
10
866
-370
-216
509
33
-489
1126
12
-57
162
430
-166
-897
-178
-338
-95
157
97
-331
422
-634
-35
538
89
-310
-572
-13
-221
-720
-1244
-57
-483
322
-53
-362
274
-310
168
200
-328
51
204
-581
-538
-621
-311
-304
77
-356
904
708
-1122
-330
-80
65
-214
380
374
-219
176
-174
-186
-103
5
-639
-233
803
682
-422
220
-65
128
350
221
-51
164
144
-865
360
535
74
0
-1242
-246
-770
-135
837
-567
-9
-160
625
-527
131
1115
-4
32
914
274
-327
-377
41
249
121
-65
285
-618
-87
-616
191
-416
-72
394
-428
1169
187
419
179
-21
181
-112
-1202
214
-454
-47
-120
-136
-486
717
210
-559
472
453
128
-631
-466
-176
-1034
441
-143
-458
-428
99
290
-460
-647
181
-377
-249
-182
622
-72
18
172
355
334
76
114
-565
420
-457
-430
400
-437
393
-741
-235
475
-400
409
-657
-657
495
1038
469
-98
656
-340
-107
-643
213
45
335
1242
-591
534
-382
-487
-717
-79
-438
-21
-92
397
-404
311
308
-265
34
-252
219
119
113
-180
-196
-299
-201
72
550
190
413
200
426
411
-165
124
25
469
83
-383
-261
260
-849
798
-923
-175
-329
-635
-81
-108
23
40
-62
329
-994
59
-307
-212
231
295
431
-372
-645
359
435
-234
-238
252
-226
-539
123
122
127
293
-196
-176
-381
-5
78
31
235
193
756
-773
591
19
182
505
-758
-394
238
-74
-355
59
-407
470
27
-711
-17
374
-327
238
386
-140
522
-29
351
45
-740
-274
248
-173
-289
-158
135
79
-389
-654
-404
-405
-371
524
126
45
142
-491
-331
114
225
385
-571
652
238
197
38
-273
-142
-273
-24
241
260
-147
656
-151
-362
-657
393
-310
569
-419
-247
125
-474
-446
-121
-387
200
-99
-226
250
-963
423
-154
214
-363
-314
-244
-438
-355
-445
-198
485
150
-242
-760
478
-827
187
516
-51
-132
-313
416
262
261
218
-474
109
115
-161
139
-315
-501
179
-27
-358
-365
-175
289
449
-615
545
584
-110
-147
-38
-373
916
-1140
672
16
420
8
1
642
-449
768
-80
81
-211
694
203
-347
-66
-71
-707
-209
534
-358
-458
-101
-189
365
32
388
661
596
-487
-98
244
-64
-402
372
113
-31
404
-911
-241
97
638
291
226
56
588
-107
-538
-726
421
-1166
265
776
-326
-188
549
318
-920
-380
-177
-385
629
-475
281
-384
160
245
195
-672
426
443
411
-184
584
-354
1051
-72
-133
-205
1153
-179
186
346
66
-73
86
133
-502
-5
-492
-356
561
254
518
734
-907
234
-80
-409
-101
316
-327
458
-203
228
-132
73
-1003
-475
43
-418
-475
95
-349
154
-155
-274
-470
-254
-52
65
705
-169
-147
-587
-195
-300
641
651
-322
342
89
-76
1034
-146
-310
173
-79
183
563
458
-883
482
738
-252
-402
210
-142
131
372
279
196
279
-192
-246
-136
-257
116
162
-664
84
-226
-852
-357
126
755
-319
27
281
210
369
-50
-542
-64
119
34
94
-588
-86
-551
699
864
478
-267
-424
-763
213
-342
-21
-69
434
-24
542
-1
358
-110
751
-1252
399
-352
641
-342
-545
-401
69
-833
-2
-681
276
193
49
-41
273
712
-232
-286
253
683
264
-280
-60
-419
-758
-106
67
-267
-665
-310
224
282
-271
-363
201
-67
-196
1275
-7
355
-634
207
573
695
152
-74
-522
480
878
99
-500
-909
517
610
-1031
19
658
472
348
513
-594
-476
609
-258
449
1014
126
-207
-493
-166
316
465
3
-802
-250
131
238
-192
-188
-509
-127
-298
354
316
471
439
173
159
-227
-615
-592
-233
-279
155
29
257
450
51
43
-442
89
156
92
-117
-1005
-103
-130
414
171
555
-266
21
-414
-568
-463
-1046
673
-452
349
114
301
-224
277
-495
-447
-356
389
525
-38
-473
-339
183
-177
-341
-20
246
420
322
-330
165
-140
-342
-3
-592
856
-200
638
443
-50
587
-31
-452
-153
-201
242
265
252
-432
-18
415
-639
473
101
-296
-334
92
-178
-666
-393
-270
650
8
-27
-1066
128
353
348
47
-48
256
-520
-743
13
-582
-693
177
-21
-143
-575
714
-577
-171
22
-111
222
673
-53
-169
-287
-344
343
211
-997
198
-263
-177
331
395
-40
-145
1039
-275
227
-158
-47
553
-983
-257
-177
-269
155
-896
945
177
-354
-393
287
12
-476
-379
-317
-893
-646
227
218
-373
254
53
-275
-1021
927
473
69
80
-14
303
-305
-293
1056
64
504
148
-201
-339
-29
-629
-68
1065
121
142
-268
410
290
-230
807
-62
-624
387
-96
-10
253
-238
-116
-331
258
-48
138
243
939
84
-523
514
453
612
587
423
527
240
116
-324
-16
-93
538
-448
-543
-100
251
-1319
-417
630
-776
-160
-571
-56
-593
-549
-475
192
115
602
163
-104
78
662
-340
351
533
553
203
677
-200
93
-213
-399
787
460
-643
176
-683
995
-27
211
-65
-30
-690
599
-277
83
-178
308
-458
220
-218
370
191
-193
-270
-423
-203
1114
-149
542
-74
-53
522
-320
-411
5
-635
-480
789
778
-380
155
-369
-394
-119
-6
-133
50
-352
605
-838
81
-412
-814
788
-604
25
-112
-279
798
-1
58
-59
-775
860
-1128
-849
1338
731
-708
32
546
-10
-1065
54
319
139
1290
-220
-345
57
297
-57
446
595
-399
-37
-467
18
-696
7
283
-170
218
118
156
-80
150
-284
49
-784
-711
316
-83
-400
250
-628
-667
-177
-236
29
223
316
-585
-710
-461
-525
-597
118
-761
283
-275
-923
649
8
-364
-491
-187
-235
-343
-451
134
-390
343
-168
-370
-309
561
26
-423
491
-346
561
-408
419
-918
167
140
228
-408
-149
555
3
657
75
-417
-145
-998
64
-102
32
147
632
429
448
-118
-617
-115
199
352
247
-476
1
621
493
469
338
195
468
-320
-590
35
-196
-877
-311
385
1045
-357
30
-438
-326
-53
133
-105
-813
-356
1127
111
-225
211
405
6
-200
-558
186
-48
-253
-242
-80
259
-151
-731
308
-443
-452
-94
-534
508
-545
304
-496
-324
-130
667
209
-141
-623
262
-298
-171
-50
310
78
334
-526
-283
59
275
-54
-637
-409
972
-84
177
395
-288
290
152
-275
-743
-390
259
-679
-75
-54
491
602
15
-576
-166
222
-744
898
306
199
-76
463
-50
-910
246
616
-106
472
717
-212
-519
276
-737
-553
418
-693
257
-94
157
431
-104
-729
-194
631
385
490
202
593
97
-254
-74
-302
85
609
-55
-298
-50
-134
-46
-80
205
603
-212
396
-419
421
-116
-130
-52
-171
-275
657
412
54
817
-522
527
655
1157
336
-305
84
-321
-85
510
-601
-121
-692
29
380
734
-456
8
118
-467
-82
498
-122
465
-582
465
-204
-345
-697
-354
74
101
-395
244
-164
-552
329
-213
-412
-6
296
-35
-55
677
328
41
-445
733
1183
153
296
-75
799
-647
311
-470
-221
-29
-368
-555
195
874
-338
-451
-554
222
-141
153
-342
-617
-405
280
676
-470
446
198
444
142
-457
342
369
-604
91
459
26
185
205
-608
-96
-13
-210
255
567
141
-204
352
-141
626
160
132
108
301
595
-390
200
-423
-213
-341
-220
333
103
482
-504
209
212
397
74
175
566
261
-136
13
448
-132
215
630
699
-488
396
-244
-65
48
-215
-105
-441
151
-564
646
320
-196
-63
-3
-422
482
669
-452
315
406
-124
-291
-611
-3
-347
-955
199
-256
-297
404
1294
127
90
-146
136
498
58
-159
648
179
591
-36
-500
59
-643
-188
-139
-113
-327
-259
-687
-162
599
-1097
-428
-36
379
775
286
-135
489
265
-129
-577
434
-209
-280
462
-310
401
120
402
156
-147
-769
515
-287
-390
187
-726
-304
-445
-106
-558
-328
436
534
-275
-67
-275
299
-871
-26
0
-18
-463
557
-636
289
303
257
-754
-80
-489
152
-153
152
184
413
105
147
-309
-657
638
560
93
473
45
-182
-253
84
589
1111
-754
-120
347
-300
266
-6
-179
-484
14
-300
-363
179
-326
-156
-281
209
284
-261
167
111
-68
-283
386
128
103
445
-248
61
26
226
742
22
-355
-16
-248
107
-504
91
-218
-13
507
578
-414
351
249
477
150
-328
-6
-266
-308
-43
444
618
-810
418
-559
-132
-473
439
337
616
589
101
-671
-35
361
555
-459
-18
-327
136
716
-697
7
49
361
231
-1124
-419
-362
643
239
446
418
-163
145
282
14
-762
-735
361
-368
-211
265
263
217
-389
-137
305
129
-24
313
307
389
760
-338
649
280
-563
-125
-148
80
616
-177
109
417
-77
-456
-174
210
194
718
-36
-488
-88
-6
-109
38
-777
412
-518
-92
-378
426
254
-484
201
476
254
82
86
56
188
74
-351
-785
-762
25
-753
129
-336
361
-124
457
218
-142
-48
207
-400
-272
131
364
23
343
-345
231
179
-1006
737
-370
-267
478
-555
89
370
-188
123
-451
120
-415
184
158
-173
3
-432
-269
212
319
617
547
-922
-162
357
-268
-143
734
-460
37
53
-229
-361
170
491
60
-715
-8
-794
-255
51
-36
126
448
-385
-429
6
-366
-3
-965
-56
-597
-344
-358
432
109
772
631
39
1448
142
-990
392
-569
180
446
-192
-302
-75
-559
88
-201
600
345
150
1234
-73
574
1105
-439
465
629
359
-26
274
-494
255
-440
47
-605
674
-428
197
-332
-477
-653
450
-236
-214
-784
228
328
398
710
684
-206
308
-369
375
230
407
-352
-3
-438
90
-135
-552
348
521
193
-340
36
-72
29
-358
-527
-856
62
-766
-72
-404
-438
-652
857
370
539
458
-60
-455
-287
11
533
742
15
-129
-655
-560
-231
102
-176
-288
-325
225
-466
980
-981
0
-561
138
-71
-474
381
-26
375
220
-176
89
114
701
-148
-98
-958
-556
-118
-744
138
423
-542
-129
-245
-347
32
-75
206
-651
-489
798
-23
159
-107
359
50
42
329
987
-83
-276
-37
-202
103
360
22
1075
251
308
-126
-402
-52
418
-569
-194
-243
-545
-614
-84
439
747
-445
-197
138
419
-152
665
-258
342
71
-377
288
-330
-245
249
245
-143
306
280
-792
-501
-276
-56
-13
-1125
54
524
295
-419
501
44
-458
-419
-422
836
-809
-667
154
133
-451
102
248
154
-108
-564
-176
219
-138
-514
429
240
-302
289
182
428
120
-60
-551
154
-440
349
-351
303
-62
-543
215
112
-414
340
134
255
101
-158
464
-293
-435
-264
-416
57
295
148
-342
-106
-645
649
-130
136
-459
-613
181
-217
428
489
271
-224
-477
516
31
457
77
547
419
-801
735
-289
988
273
-753
216
95
528
-27
561
-662
324
-520
292
-348
-135
-294
879
479
281
-92
526
-543
-42
538
-665
-219
297
-235
392
334
-470
-533
-299
364
-333
-214
141
-662
-193
251
168
634
560
-662
554
-364
-593
700
-671
-992
-449
618
45
399
414
669
-263
-109
213
-802
-214
-852
137
-271
-248
688
-165
-457
-536
-1330
-323
-33
-23
41
-638
-395
-215
-755
138
354
696
5
267
554
-375
482
-919
739
-247
-272
-254
-147
-330
262
410
-229
-171
6
152
186
-111
-491
-673
-704
571
-519
-150
-77
-68
-535
-7
202
595
35
-384
-447
-255
-77
-611
-84
-559
-94
-80
-705
-1195
-192
45
-258
-18
354
1272
-197
-306
12
1004
-184
19
-277
647
-213
613
-200
-242
-43
825
-297
303
258
-235
-309
14
665
-5
-20
473
576
111
-565
761
-808
-236
635
1115
-50
-729
519
-72
44
-51
147
-206
-744
463
1080
-269
-468
919
774
634
-40
-1099
271
252
605
-20
-198
-175
383
-494
495
241
1203
-277
684
-83
327
306
-53
-563
-704
-59
-172
-28
-200
412
205
-452
441
-368
-223
-574
191
-1152
270
348
-798
335
656
112
-263
83
-968
574
-702
-451
199
506
1078
-389
-529
-433
680
-560
392
18
-1007
-170
-411
939
115
202
-400
298
724
-1241
-71
-410
504
-140
-89
-553
-456
552
571
260
-442
866
-350
431
-944
158
218
852
-655
134
-275
76
-361
139
-445
674
224
153
24
87
-464
826
723
135
-291
-547
489
-165
225
-255
203
63
-289
295
120
-48
-400
192
-349
448
741
-210
590
172
340
-1066
-40
-44
-381
-405
60
-194
67
-157
-61
-157
499
339
118
512
201
612
-322
-120
-575
374
185
-1069
-120
288
-807
148
-229
-257
323
-193
549
-415
16
-163
641
1379
260
438
-703
-301
-7
-446
-37
82
367
-44
116
-295
-172
310
-704
310
-13
-513
-394
-552
164
368
424
279
726
-171
-377
98
198
86
-151
411
227
-931
50
134
-356
-598
-300
-164
-454
-497
-427
-867
238
290
448
-226
66
-365
294
-420
-169
278
-371
692
-26
-300
139
-58
519
234
-738
-60
544
310
274
-92
75
346
238
213
-102
9
111
452
504
523
-406
-22
-308
-157
34
945
-357
51
228
-535
56
18
1115
53
-391
-459
458
35
-217
47
-809
207
-772
246
296
-271
-260
-646
-404
-250
351
304
731
-93
-94
-98
-285
-100
356
-430
90
-272
-95
-149
-312
-670
-664
-228
618
177
311
489
378
-966
605
666
694
384
-52
662
142
637
187
-268
-616
944
361
469
600
-472
-288
513
212
-69
760
-711
-143
465
521
-340
19
-623
-194
348
772
179
-624
128
68
459
393
28
-882
-260
615
149
-336
-84
-367
-775
-1290
465
103
-159
369
-463
1162
-431
-474
-100
17
-105
-502
-383
130
290
-329
349
-532
-89
-104
526
-524
-1330
-262
225
-53
260
709
-278
141
1035
-762
374
755
-336
-266
-833
419
-215
-14
886
102
-316
281
-3
265
-152
212
257
565
153
146
306
155
-256
-346
220
203
-117
-168
-589
161
-201
685
53
-288
215
-152
238
-210
98
-166
301
269
-670
-45
30
349
-199
124
472
-563
387
154
-502
191
-727
703
130
533
-279
215
-784
-759
430
510
68
-245
-253
635
478
-72
-827
53
-539
-229
577
180
85
-185
448
457
-517
-512
-143
396
-685
-392
-372
-126
-185
-737
-473
-246
-123
15
-68
-615
-449
-517
-765
628
-311
476
352
59
-1052
218
114
77
-56
-31
402
-619
-402
361
-414
-141
-476
-15
497
-486
-414
280
-221
241
-220
-17
-288
1095
-346
795
-95
36
-212
-278
-284
184
-227
-278
-725
-314
-76
-284
169
1002
-685
277
-620
-791
-225
-649
-410
178
-296
641
-121
640
710
-171
672
667
205
-267
758
232
48
-350
30
380
70
62
148
467
-155
-294
3
-59
-230
-550
582
497
-488
279
165
-268
-139
-103
516
-484
533
-776
66
-411
297
-179
-259
-896
-571
505
88
696
-493
218
-154
703
-406
21
172
882
-487
50
56
491
-511
-208
457
-95
117
1071
-388
355
143
-281
82
563
-501
82
19
-94
42
-247
-121
-469
-108
-537
-8
289
-1199
146
-309
-47
-87
544
-516
-313
201
-309
463
976
459
-156
-245
785
784
-1084
734
-182
102
-297
658
-257
529
-277
-155
96
591
-326
-616
428
326
704
309
894
193
304
409
-176
9
-369
346
80
752
-876
309
318
388
163
-684
691
-337
-175
-60
-280
436
453
-276
259
705
239
607
460
254
383
603
19
343
551
243
-191
390
145
-261
-150
278
448
64
-829
306
163
-499
195
-812
-77
-566
-150
72
590
112
348
138
-577
-214
549
-385
-203
-6
664
-658
-690
144
144
501
-1017
52
-19
18
-25
338
-56
525
-454
-241
358
221
172
1398
690
437
495
270
-412
363
-594
-147
399
133
-659
198
128
123
376
-505
-151
-366
338
267
511
-366
-236
-541
-172
301
741
530
56
453
110
465
-162
308
-125
-274
224
605
532
-74
1162
-614
-1041
-311
91
-653
355
-215
-643
-106
-486
-200
-379
1286
30
-722
-359
114
604
-17
173
552
113
35
-27
871
-392
145
-363
-643
309
-116
311
338
-611
287
523
-150
411
770
-57
310
-15
306
-605
243
161
-13
-85
485
125
-403
871
928
-832
-625
-1003
428
290
292
-1303
53
-702
-350
-645
-565
148
343
-454
96
637
22
319
161
-308
-423
169
-516
-702
74
449
-439
147
285
9
727
546
153
-74
8
259
-846
696
-342
-440
36
-126
-272
-152
698
108
-13
52
-97
-37
-505
-426
323
784
580
240
162
183
162
572
-173
414
-407
502
373
-556
382
-203
-398
1079
233
99
-701
186
78
1172
618
60
-295
-290
-107
-681
-585
-635
322
-122
-178
-551
-173
350
584
-30
-580
-541
-90
-64
61
-126
-422
-588
429
842
450
390
-371
-103
535
329
542
89
-152
561
418
-26
-290
206
-1014
468
-1003
198
-427
32
-308
379
-196
135
935
-444
537
-163
-411
12
175
-744
117
-115
302
-350
446
183
484
606
-496
-210
67
-275
334
351
-63
389
749
-500
-54
-2
-184
357
566
163
477
558
-163
-464
-365
-400
-81
-267
-353
155
-51
852
-44
577
-200
-125
-452
195
-581
-3
210
-115
479
350
-62
-641
543
-386
-203
276
488
-222
-212
-274
-688
331
157
-612
-399
-24
-270
-526
228
-128
162
23
175
-306
-499
-457
482
-6
653
-277
-136
-106
-339
-363
159
