26 85 576
0 11
0 17
0 23
2 7
2 10
2 21
3 6
3 8
3 9
3 25
4 1
4 8
4 9
4 13
4 25
5 6
6 3
6 13
7 2
7 4
7 7
7 8
7 14
7 15
8 16
8 23
9 1
9 23
9 24
10 18
11 5
11 7
11 11
11 13
11 18
12 0
12 22
12 23
13 7
13 12
13 13
13 19
13 22
14 12
14 13
14 14
14 19
15 0
15 2
15 15
15 24
16 7
16 24
17 2
17 3
17 12
17 18
17 25
18 8
18 18
18 22
19 1
19 11
19 18
19 19
19 20
19 23
20 7
20 15
20 23
21 5
21 17
22 11
22 12
22 14
23 2
23 4
23 7
23 12
24 0
24 7
24 16
25 6
25 10
25 11
29
76
61
77
55
50
25
9
51
57
41
34
67
62
2
5
73
75
59
36
64
39
23
78
8
12
68
82
20
56
80
28
17
38
33
49
7
83
70
1
53
15
27
45
31
21
18
40
35
72
11
16
24
4
65
3
14
37
26
46
58
42
74
0
81
54
69
47
22
52
10
30
84
48
63
19
32
79
66
60
13
6
71
44
43
422
350
-192
-1752
-711
135
-860
34
-438
467
457
62
-399
708
532
245
-615
422
386
-17
-218
-367
836
705
346
805
132
746
-621
-721
13
-18
-344
-1264
172
-174
-1366
-94
-905
-1836
-462
559
4
-524
227
-278
-436
99
-189
-464
400
-163
-444
322
-705
744
443
105
739
462
742
-678
768
460
-563
51
656
-408
1294
-230
-657
-404
45
-166
1091
-489
866
-1243
-361
445
439
523
821
-447
576
-215
151
70
-651
-224
121
-82
-1084
445
-467
-158
545
29
-478
38
-80
868
905
-504
-587
-1142
1125
403
-234
-454
230
444
-87
-167
530
906
7
167
-1786
898
25
-217
-426
403
233
-143
348
330
-1106
31
-216
348
-290
-248
-792
505
43
-171
-810
-1087
391
148
18
-163
474
-205
-126
50
-163
-82
342
473
-1665
942
-254
-420
353
247
182
1935
3
-559
-62
-2
825
172
-88
422
215
579
-430
-61
-340
77
-291
-333
-221
209
-568
-1291
-35
278
633
304
162
746
-140
-637
40
547
1299
-1104
-296
-267
917
-159
-232
1007
216
-416
-838
156
377
198
798
-160
410
1350
-567
5
-10
-223
-1223
-1209
-250
-196
-1297
-613
-918
-1215
-471
-377
-158
798
388
1013
462
-535
977
649
-297
70
450
241
524
111
488
91
-592
290
182
195
284
20
158
379
235
864
406
-1569
-397
-121
-801
208
487
-923
-18
-529
997
642
1227
980
309
192
-703
-277
-408
552
-246
371
-1145
389
-191
-1480
-86
-419
-53
-503
-158
399
-657
-43
-1046
671
692
-553
-87
-196
-121
868
112
-856
-240
-1086
-20
-362
315
649
169
19
-691
-263
-1025
-832
1218
1135
1068
-16
1407
1238
605
-1221
-238
80
-348
-71
-978
-360
37
-217
1002
-455
-168
-36
711
-187
817
1075
-221
-507
697
145
853
67
-106
-172
-207
733
-111
135
-1856
919
224
155
933
899
-1197
112
442
-1035
5
-711
-245
68
-1074
-1153
246
803
-323
92
-502
425
-481
277
258
-448
-372
-171
886
-255
-286
707
-730
542
-172
-103
-415
657
-460
-828
296
410
-1161
-845
738
218
792
-560
437
270
181
-825
293
-66
336
464
609
-517
269
-560
1735
-133
-520
644
-291
-609
242
-69
-18
-509
-777
316
14
-271
-172
414
449
22
507
-396
-235
221
-110
1058
46
-448
-44
723
230
1110
901
-118
-185
1119
-784
-768
-1052
810
-786
752
494
368
-665
-153
616
-660
-296
-256
862
283
-242
377
934
-99
447
-17
1249
873
-30
-191
-302
-344
-274
754
454
831
314
21
-255
-150
-1077
412
1108
55
277
948
177
-4
-204
104
-784
1070
10
-577
-403
-803
88
-697
-76
-255
-751
-21
-97
-677
328
-531
-228
-204
1259
-302
600
-802
-443
-83
610
-478
259
613
-224
-1064
-165
163
-257
-395
-248
951
-251
660
-700
-552
238
-571
621
-582
-556
584
126
490
176
452
-526
68
-544
-330
-131
730
-267
-303
209
98
-73
-94
-439
371
1082
1263
-1320
-282
514
568
1128
182
-33
38
1281
767
-1217
-250
183
-952
-408
165
214
300
599
659
-782
1256
153
687
-233
376
-424
934
-411
-400
533
184
-201
-415
84
1
916
265
1182
448
-1021
-67
-916
-1126
-285
-320
29
-464
-1045
-570
-274
179
36
895
-48
-607
175
472
-287
3
324
362
-340
-152
948
51
1004
640
-558
301
-464
-751
-650
832
-390
1039
-324
278
-1827
541
-7
454
-388
-332
-109
70
47
2
760
508
-225
-88
761
626
44
125
-396
9
-244
216
511
-66
86
716
-1
-1313
631
419
751
435
-120
-17
-250
43
1327
1166
376
-1097
751
-150
-286
-580
-358
-150
-1625
742
-65
440
45
-577
154
-85
563
249
1586
-547
145
-327
154
-98
796
-1003
423
-495
-777
-78
-188
-1116
-1098
-362
-421
396
-337
-509
-1078
-748
266
-578
-3
1310
-965
-71
933
-94
421
-188
77
-590
-224
-620
-666
98
-1008
-375
86
-380
-576
566
761
-328
324
-100
-101
-760
-52
-628
-82
781
-302
-548
-410
886
-266
53
47
419
-486
15
88
-980
-973
-645
-165
-268
-835
430
-218
-278
-878
651
622
291
568
871
714
220
287
920
-249
734
-664
-576
-513
280
-97
-404
447
-18
-473
-162
-683
-401
983
-863
-231
301
733
47
57
61
-884
1330
1392
895
-216
-1013
402
561
-1015
1272
-629
-433
387
444
323
-1058
784
-1057
681
1713
-716
-903
534
-152
-239
177
-453
325
190
553
-366
131
407
204
22
-756
1615
31
-420
241
-166
-1424
-1120
362
210
-1102
-460
-594
-276
-310
1276
962
477
-223
-76
-573
-71
384
383
573
-401
-325
111
1350
118
-1217
-638
-697
-332
625
-329
429
701
-391
437
596
-410
804
604
40
1298
457
-81
149
1163
-230
660
491
-601
20
-13
-73
-1103
-894
-845
167
68
753
178
494
-612
979
729
290
875
-465
-1328
49
-195
-1062
-193
-1163
698
122
236
-1644
-566
-575
589
-237
515
-915
308
-341
-919
732
-121
268
67
211
-4
715
-257
625
-172
-203
-102
194
-634
1001
692
282
1250
-1366
408
-290
-214
-190
-452
334
76
-256
-380
1645
564
225
211
737
-3
468
-316
1263
-512
344
17
-986
726
-938
479
-102
587
617
-536
-727
-1549
777
45
421
-731
244
814
-1082
651
19
180
-220
-634
-70
-34
-61
342
-82
257
767
-71
45
-368
-635
693
68
616
-560
-413
142
-843
1231
-190
387
806
-461
530
199
-147
-809
-10
935
-965
186
-493
-939
-527
89
144
299
-440
-346
650
485
-293
263
-808
969
444
10
817
728
799
-157
-135
75
-457
-572
1038
-453
211
-341
-657
668
434
-90
1001
-275
271
-90
-31
987
775
681
-111
-263
-11
-193
-156
218
-22
-559
1148
381
175
-184
-218
-516
-322
1442
116
961
-1046
0
476
746
1406
1626
-363
98
-838
342
850
667
-234
705
-186
71
656
-157
-961
-832
332
721
-461
-607
-280
950
1007
-31
-1145
-1007
139
246
64
189
-97
1276
-257
-463
-526
-249
977
-103
309
-237
547
280
737
426
-1014
900
-396
-152
607
-792
41
-67
-861
-145
-905
-163
27
199
747
282
-693
974
328
-487
-499
728
-267
441
472
-637
-606
347
-288
283
1054
-582
-623
-94
198
633
417
-263
934
206
-400
65
40
-1697
-387
-145
156
146
99
-567
-94
219
-693
-191
52
188
650
326
-320
-736
255
379
-17
-529
-237
-248
-67
106
1204
756
575
354
223
-109
-451
203
800
-650
-275
448
655
-50
-969
171
-402
10
-82
-163
615
-793
-52
452
-278
-590
-671
-882
425
-81
-582
-19
-259
-414
-273
-935
-543
-613
-486
17
-1151
273
-688
629
204
-74
-489
714
-527
-353
-752
-435
-438
316
-538
-166
1246
-753
-325
-1067
-465
-126
-144
509
117
352
-434
288
-218
612
-101
385
87
-525
-237
-298
-1126
-601
529
441
172
166
249
-553
-597
1033
210
-331
-365
526
-1189
-236
565
-246
670
347
643
-851
-600
588
463
95
94
534
-288
1119
-630
-689
-528
274
-233
256
-19
308
-402
153
-161
-488
144
-274
-680
-399
-1671
441
-184
513
192
-196
-694
-506
51
-1921
-173
-503
-357
-92
-904
-242
-617
-646
152
49
-307
-289
-533
-244
-451
718
-135
-127
2062
16
-354
-99
-273
-227
-397
72
622
-572
3
541
564
768
-866
-329
-221
615
-109
411
871
-147
10
-393
-1876
579
-465
7
-1437
-960
451
-776
-901
-529
184
788
439
-355
-1028
388
30
-411
-442
744
-72
666
-814
-1500
513
-613
-841
-545
500
-693
-640
210
-699
782
-392
-664
-528
8
-346
-45
602
715
-274
-376
7
-721
625
-364
-115
-664
-997
-1207
193
703
563
-171
-1157
865
-353
4
95
412
679
109
866
-726
-174
322
429
-385
-827
974
186
1045
-56
20
819
922
660
-811
-461
-98
1025
22
1055
651
-557
-363
-489
450
1205
541
-198
-328
-1498
177
-1418
226
597
395
12
682
74
-524
339
-319
893
-496
-701
451
601
73
-37
58
-288
-1494
519
579
142
574
-301
-294
769
-64
-486
-542
177
291
894
562
-1003
-247
721
-525
-603
-388
-416
-545
491
-439
158
115
-130
-830
685
419
84
300
118
552
-571
-468
-583
426
30
-216
-202
-202
72
548
1245
-155
-436
-35
-735
686
145
461
1194
-141
-768
-472
854
-535
400
-397
192
-209
-247
-287
-381
-12
595
-431
483
635
983
439
1183
-86
926
-197
-451
-822
-98
70
6
-174
231
-267
-373
819
-1107
1172
561
-247
132
336
-236
-191
-745
37
71
651
-687
220
-754
102
457
-1
184
-39
-956
41
901
-409
-972
-382
596
-329
-358
432
314
-431
-352
-593
185
-393
170
1426
897
170
-52
628
-274
-524
488
351
728
-1345
-285
-578
256
583
78
506
345
526
546
1228
-357
-441
-256
175
-543
-1058
-706
-1091
-166
49
-797
41
9
-518
535
576
-22
218
-50
-796
-289
-327
-1010
37
-559
-378
2
797
505
-268
-192
70
-573
-939
113
7
229
396
141
-343
-205
-910
729
-310
387
-784
501
32
-693
646
-839
-436
-525
707
140
-461
-439
-445
911
-531
483
676
-76
846
-12
907
-31
830
-992
549
606
774
-543
-318
-159
-837
-751
-106
102
101
211
-218
241
81
507
414
1487
587
191
-1144
122
238
-15
271
23
-463
449
190
-281
-886
-176
-930
164
479
-14
-330
483
-342
-354
-269
324
198
-518
-370
-257
1361
1223
-1055
-455
849
-231
-432
375
-663
-546
-1235
-70
-540
-398
638
-359
-244
-311
-410
-387
286
529
-718
-16
-659
-135
708
-184
-521
424
579
41
-3
-391
-2
110
-593
742
812
-1039
349
362
-252
-524
95
442
333
107
246
-157
405
-260
-416
-10
-264
848
307
15
-300
-515
-57
1140
493
-266
49
526
-435
-416
92
1265
-61
-1024
233
74
-245
-258
588
452
-951
323
649
-131
948
848
459
80
285
876
208
-607
8
-52
-433
-736
-738
21
146
-272
1832
1099
1355
387
-180
745
62
386
506
596
-309
-559
-848
-261
-152
-160
-817
63
547
-643
1244
356
214
-754
459
397
116
-176
569
1198
465
87
89
582
565
327
-22
596
-377
-76
88
-835
498
290
-241
-674
709
22
1225
369
200
-97
-312
-209
-220
-1046
116
-304
447
-1109
162
732
-545
-319
619
-77
-610
-316
962
-71
-962
-586
508
-443
-28
124
-520
69
-812
-294
835
16
-134
-692
2
261
-352
299
67
951
342
570
-7
343
-580
178
-267
-181
205
-152
-24
401
-698
-597
-471
-16
842
301
535
8
-1435
-978
913
111
40
-1263
-1230
29
519
152
724
422
13
-59
359
-508
-244
-540
16
-84
-677
-469
215
133
159
350
-194
-441
162
839
-116
-55
-367
530
-151
-731
-352
15
-260
368
350
-211
-99
110
263
1052
1036
648
-90
157
343
219
-708
-225
-525
449
-166
-50
-480
58
-58
1278
-533
581
770
-478
-135
182
-255
-266
-387
603
1438
1226
-318
389
218
-577
746
891
216
22
141
458
303
431
279
325
689
-237
133
170
384
-193
-333
-509
132
227
-745
305
-824
-575
-919
-597
516
-112
-198
412
706
-290
-418
1042
-130
-279
466
-541
-762
-284
-212
-1313
129
-705
583
61
-535
-15
-260
1017
-123
-214
152
1186
952
-179
-161
-370
240
180
229
-161
-629
269
112
-56
310
638
40
35
-1182
195
495
-643
-368
-251
-256
-739
535
-198
99
26
17
196
-72
1124
-496
357
-742
738
486
64
111
-493
301
227
313
-674
165
563
-553
1630
184
-650
439
229
-11
1072
461
327
586
290
-132
-346
502
-86
221
190
-420
283
-499
80
678
142
723
-657
234
380
286
-390
415
43
200
81
393
1367
956
384
7
20
-389
663
431
49
-795
-724
136
-264
1076
545
-269
285
610
458
-511
-428
-335
498
66
-582
-435
-442
303
1317
-132
1114
-519
-140
139
328
-397
251
-575
-844
1373
-45
-8
273
131
-985
-705
-130
587
1167
59
-94
714
-306
-15
-425
-710
227
-417
-69
150
-440
-258
1116
-351
247
-730
55
-46
-261
63
-10
848
299
421
-35
257
-425
31
1480
134
-752
188
276
-518
-164
-422
-369
29
-203
806
-270
478
-437
-43
-530
874
-1369
-540
-478
789
1005
1051
-32
309
-247
403
-823
-304
-3
-580
651
250
78
-576
284
-168
-483
-443
-338
449
-71
121
99
157
-710
-168
-134
-82
22
204
-187
608
490
389
-856
-558
810
706
687
673
368
133
-63
752
-634
130
268
-162
-218
-265
59
-216
743
-275
-236
-513
-924
-119
401
-443
-113
33
-373
-178
-585
723
-67
-33
540
554
-295
177
577
325
238
-792
-413
1001
1529
296
900
-150
-73
-737
-773
330
389
957
-411
-21
-98
541
-406
402
432
636
268
437
-713
380
1178
712
-1
-318
-504
359
-169
-476
-404
-584
451
-59
-1251
81
180
-662
378
-813
-727
648
752
137
-1077
529
64
52
264
41
-293
588
-319
221
-279
-78
268
-1001
-95
-254
694
-433
754
200
-3
325
-300
-1003
212
1083
495
-210
229
439
758
-95
337
-1002
937
43
-608
163
229
572
-651
-458
1138
-226
1004
-593
-1355
286
142
65
219
1389
623
244
112
-198
-223
-1419
561
150
-629
-771
982
-332
190
-452
2
203
401
664
642
-1179
-586
-1087
436
-347
-218
-1200
138
-257
-237
101
-313
279
57
1091
330
-921
-226
-51
589
1700
-436
-91
460
-724
-596
-959
-13
-569
-1008
-421
-756
-897
593
-91
421
-175
471
148
254
131
-726
461
5
122
-825
372
-383
519
384
487
-481
-1532
-490
609
-221
141
-37
-129
-536
-485
110
626
-996
-738
-350
-269
126
-117
-579
991
-922
-305
-224
-835
-273
-339
-536
282
896
909
635
-358
575
470
353
602
-648
309
-226
706
-101
712
1089
-842
640
374
-584
-233
157
-1109
-949
1378
-1544
225
524
115
367
-93
624
408
-678
1783
44
414
-1066
-1215
89
310
199
-713
250
-591
575
81
1195
186
713
-344
-185
708
-28
-119
223
-304
695
-765
345
292
-183
374
-503
-82
-444
1245
-159
293
1054
342
-515
261
-260
347
-437
-369
-15
-717
249
723
-488
193
308
504
-1235
939
-81
219
811
-761
-396
278
474
808
245
1488
-153
-232
739
88
-526
210
-350
-294
-343
3
337
334
680
-1328
-1472
571
749
196
371
-507
-428
199
-166
-252
-360
379
-382
-451
1046
-1010
1263
-340
140
-965
-482
-750
-538
-53
74
-110
904
-436
615
-724
-83
-275
-257
267
454
-638
783
332
-642
-904
774
635
-840
592
-413
939
997
339
275
379
-78
-518
-111
182
1048
786
-538
492
-965
-572
-251
-126
-17
-858
-897
-207
412
-81
-731
-11
-180
165
387
-493
-140
-390
-616
-57
-1043
-232
4
174
189
-386
-51
-339
-660
182
1513
353
358
-390
-1641
200
-452
539
429
-59
101
231
297
-263
298
716
-74
-516
877
-1105
-235
335
36
771
48
-218
309
258
-427
-882
932
375
-374
-143
-1287
-471
-435
1668
-1255
-455
-506
-1620
287
228
-138
-717
193
8
161
-751
305
-395
-206
-128
446
-236
95
-236
426
-540
-290
-189
231
110
-542
-470
100
-24
465
148
-179
128
-448
-279
-426
-703
-1070
552
402
351
192
-157
-828
-234
94
-691
-789
-231
858
-101
-228
-298
-69
-726
399
-5
18
91
-393
-18
-598
-422
101
-241
-477
-899
285
349
-743
-559
123
222
598
955
-78
-412
-225
-94
-203
694
427
692
721
-135
-610
512
2
-414
306
67
467
966
886
162
-622
445
584
-529
-12
541
-969
-174
1006
1236
-416
-723
353
-65
-1312
-896
-72
66
532
60
321
-791
126
-1487
-206
-243
-3
-391
102
445
613
406
686
185
691
-1273
-646
421
-98
-666
672
495
-334
-449
-474
-140
-476
122
128
-419
200
956
1332
213
247
-1543
-154
130
975
372
-597
868
1354
-21
524
1358
-45
-359
-2
-755
104
-400
190
894
-493
382
228
627
-1
306
81
352
-884
-504
620
-540
-61
-823
-293
-911
-236
-132
322
310
565
88
-169
-266
875
-695
-15
480
-1018
-269
535
98
-251
-103
-255
-474
1043
-839
-507
31
-361
915
506
156
1036
-1280
-529
112
-346
-228
663
622
511
236
-97
1807
-14
341
-754
252
228
-385
767
563
74
689
-71
-466
891
3
-546
1297
-871
-276
-140
1095
-358
849
59
7
353
591
652
448
-611
-185
-96
132
-110
-1007
613
14
323
-337
-361
-570
-478
211
132
-68
341
-317
-558
816
-293
290
298
-1140
-751
117
248
-595
-446
-965
-363
-412
399
361
-561
32
-23
-1216
14
300
-1185
533
-481
738
-240
-69
-328
946
1126
-64
95
-288
-687
-162
-936
840
789
116
295
-428
-489
387
-838
1070
-19
555
210
-761
-98
-687
89
988
-204
385
-1563
181
46
-163
658
-926
-362
91
345
-142
-901
676
-904
-445
-472
-742
194
-281
-114
-303
195
66
-827
1076
1149
-563
-513
-1256
-445
-730
-314
920
-244
-174
782
-384
-743
38
-114
430
-441
-769
-113
-82
-504
-296
321
-602
-286
417
-194
111
328
-262
1091
1284
-977
616
-385
-176
170
-159
209
4
-797
-232
191
153
150
-416
-897
367
64
905
-907
-475
1528
-224
233
289
-384
-347
367
314
-538
210
-417
120
-121
-128
-1305
780
-1064
401
69
1203
-639
200
-400
-370
1672
156
140
111
277
568
-787
-946
-214
-402
181
-502
-536
-354
-31
-493
-373
98
-288
-246
60
497
-293
-42
136
-425
600
-37
521
805
23
1318
882
-1321
-294
-57
-179
-989
-645
376
-844
397
-396
-231
-588
79
388
-595
-354
-115
84
-193
-950
444
-487
950
61
549
-1184
-1204
508
-950
80
1117
125
423
116
309
513
19
-621
-347
73
-606
-304
167
-463
-1207
-1135
-638
-930
-104
1019
-275
-635
596
-620
515
-5
284
-1116
-616
664
-518
-262
-93
738
222
-1932
151
94
-491
103
-15
698
-3
-717
437
1187
477
-130
-53
411
753
664
460
813
357
758
329
-224
-31
119
-107
-375
-573
-250
137
545
270
462
-282
39
-633
-998
-868
711
-108
241
674
-618
-1434
-466
59
139
276
331
-541
996
306
-1015
-171
-43
880
525
-266
379
-509
-291
1310
-521
-360
-1662
-156
9
227
184
1159
398
528
774
213
301
-142
-46
-74
-242
387
-923
823
-221
526
-141
-694
-259
957
-260
-109
-4
-1156
-122
-1552
535
-653
382
-83
-1432
634
395
250
710
-135
-540
999
-623
171
-284
540
338
-155
-482
85
387
-393
-240
548
-638
562
33
312
165
-67
62
-540
105
1142
72
145
107
798
-189
-221
313
-1132
1090
-695
-326
-332
-255
134
941
3
156
-507
146
230
-507
-130
108
-47
-490
260
-160
573
361
-500
-585
-300
-216
499
-578
1252
-474
-687
272
-161
794
-522
53
-578
-608
186
-515
641
-683
800
-767
185
643
-397
-348
289
-390
39
1224
-348
-516
527
-246
270
65
905
-815
-316
626
245
-471
-43
-136
-173
79
-580
240
-517
-987
-46
-702
182
932
636
49
238
1112
189
95
294
469
730
-464
-389
-764
43
109
-35
-1140
616
19
231
138
-589
41
-973
329
130
-1284
-228
-386
-410
1409
457
-91
232
832
-531
713
-495
513
721
-851
-431
113
-232
793
243
-174
139
144
847
375
111
-667
49
-4
-102
-343
-1048
1118
1293
-471
680
-471
722
169
428
-29
-639
550
-603
472
-353
-193
651
167
-404
-79
-564
-907
83
398
-719
98
382
-489
-65
-299
187
465
43
744
472
1303
-572
-497
649
30
-981
-172
288
-466
486
-1277
534
-10
24
-635
-643
-1206
767
474
-650
718
-357
121
8
978
138
390
-301
-435
51
-857
-253
1350
202
621
331
461
-958
1065
78
477
485
180
10
-235
577
-98
234
499
949
86
1027
348
-813
-529
-772
-414
122
-1204
-609
284
324
98
-114
34
444
683
-1322
24
139
-320
-226
383
535
718
-165
-277
-68
484
-229
-614
-268
259
313
352
-581
-694
-921
111
251
-411
-325
456
262
-137
749
-219
-285
237
-468
-372
-488
-593
-102
-936
144
-669
-1106
-409
-142
-638
1699
367
373
723
93
1008
-408
946
962
-1489
-8
-569
266
1041
-702
-725
-661
587
233
-38
-332
240
-325
-489
-382
1194
303
448
509
377
-849
-89
-39
-841
-28
123
-481
-548
732
379
-323
1255
936
-165
239
789
-45
-850
229
-428
-50
386
-218
439
856
243
-247
-274
261
-146
1364
-484
195
-197
-710
17
-1035
-203
1094
-258
-875
-366
704
-30
333
-146
-166
-316
94
13
48
-82
-68
-594
1096
-143
602
-277
176
-310
-179
105
-337
-432
584
193
174
-585
644
-234
93
-143
-250
-372
-596
-149
-905
-813
260
-37
-249
990
27
-145
282
660
606
738
-168
188
-150
321
11
354
-347
931
274
-489
1474
457
-413
-371
263
104
218
309
329
44
-56
413
-267
-209
99
-265
-232
358
693
193
-240
173
624
-808
-124
-196
-686
132
362
609
247
-74
-145
-289
-132
-389
33
-1022
1074
-919
-1030
-613
-52
-453
955
671
540
-282
-705
-510
-118
-174
609
24
2842
291
543
34
236
42
-682
172
242
-358
-248
-266
-634
-190
495
861
-262
-672
296
-648
1485
664
-650
1126
-859
-184
-191
-8
136
-475
33
956
1449
497
587
561
-801
-26
319
939
590
-132
-860
-1420
-269
-923
87
-441
1497
-287
135
375
-684
945
-229
-593
-660
-360
95
97
-159
-72
277
-606
-784
-297
-449
-596
-729
-166
-153
87
780
-63
32
-840
-443
-578
-518
128
389
583
851
282
-573
-187
-461
-385
-389
-205
184
-391
-32
-53
-627
-448
110
263
342
345
507
56
271
-170
-352
-348
-398
-167
868
216
713
-491
-267
396
-214
-721
23
-621
-572
-1
170
306
-273
-432
-125
-813
795
404
135
-28
137
1459
-356
-196
224
-135
-453
-653
-424
-343
-1163
41
316
-249
-179
277
-426
596
-480
-68
-757
628
295
-150
-684
-296
515
-1095
-80
-956
-775
1277
-289
-80
987
93
-96
319
-404
-290
-723
-570
-829
17
-140
-512
-629
135
203
419
-804
-298
-406
544
869
-15
380
342
18
-750
118
-202
-777
365
-368
-462
307
238
66
-437
-299
-161
-421
-141
-29
592
-91
-267
-432
706
120
160
297
-203
249
-345
687
-56
-222
986
322
33
139
1
95
83
258
-1317
317
863
491
-1077
-734
-1391
323
-486
-759
622
86
60
-205
-177
404
-202
-308
-497
344
13
-300
161
-783
-1662
-143
527
50
-457
-793
-23
86
-2
212
134
-390
-4
-393
1384
-337
-68
-642
445
308
-160
-638
82
-196
-246
-968
99
-47
-693
-16
-257
1231
-96
-954
227
-453
-349
725
74
696
84
-1739
-506
333
130
247
233
39
-187
194
-35
-342
-201
-140
-489
728
123
492
-1000
-211
1228
491
127
-842
570
-421
333
4
-315
628
-152
-516
161
469
-561
529
1113
-996
682
751
-423
-1453
606
554
-604
-232
-412
-701
-1030
-24
677
-74
363
-151
-837
-407
12
903
255
-125
-78
348
389
-742
-25
-889
-862
275
327
112
-1279
1075
1196
494
65
-637
-390
222
-12
496
-946
336
-867
-971
-698
6
-320
-873
1066
-136
-3
698
-108
-548
110
-293
171
54
251
-235
-528
-732
336
-999
433
653
-242
80
311
-686
-133
342
383
169
-560
457
-553
140
-66
251
59
128
-197
117
-903
-603
346
307
310
-262
545
-100
430
-453
-220
-300
-215
45
-154
-970
-137
649
75
-395
-591
-110
977
400
469
1077
-521
-87
904
84
843
1118
-557
116
-126
-114
561
-428
-405
393
222
847
312
-189
348
231
-488
798
409
745
182
-853
-237
-23
-333
577
-535
136
-219
136
-480
-341
-491
-154
-643
-216
-328
-541
600
488
-556
52
-1269
-621
650
-307
315
660
-424
980
-219
193
1238
0
-445
-452
-816
-319
-537
783
169
381
-701
197
827
488
-910
591
901
-1070
-64
679
-339
-300
127
598
-249
-1207
659
-289
932
-341
-62
-847
-514
772
-413
195
473
-855
305
382
730
-261
-214
-203
-391
-503
795
-544
-128
-20
1435
542
-612
-266
-475
-124
928
-1198
-351
-411
380
-596
-155
249
-809
-1111
-711
193
-518
351
578
-21
-418
-24
-12
174
-573
30
-771
-360
144
660
-31
-762
144
-636
-175
886
699
798
57
-1440
160
-279
347
-769
846
450
658
347
437
-861
-1474
498
785
491
282
-661
-432
-905
-404
294
-1437
-109
-260
-218
-1015
-475
105
49
-767
70
-70
615
-585
425
217
-396
-658
142
-1122
-828
-265
-373
317
422
-776
3
-152
230
-1110
-575
-30
-304
378
751
1052
-576
94
-359
622
439
-1102
167
-612
697
163
-1178
-113
-871
730
599
-327
-396
-551
-597
-1004
-408
1082
100
-589
87
198
-375
956
331
480
-255
-90
148
675
751
-539
1179
700
586
445
-337
-52
101
1155
236
692
-571
-738
518
355
72
-195
-142
659
-239
-1331
-616
492
-301
-1040
-295
-33
-436
434
343
142
1149
-105
408
-859
81
247
-458
-452
160
438
211
241
-978
724
137
578
-317
1170
-363
-83
-920
712
-297
-1065
-764
-715
-23
185
-1205
218
145
7
-362
-201
116
487
-125
33
389
495
325
-851
26
700
471
164
663
-242
383
-325
304
147
-155
-319
119
242
315
119
401
-533
995
-252
53
452
728
338
-296
-498
-37
65
709
-258
502
578
190
-574
1075
-297
41
-284
-925
278
228
214
119
-1183
-776
-130
-346
112
474
-890
-263
-159
400
-95
22
-547
695
-166
272
-413
-760
704
67
623
-148
392
436
-490
-499
-95
-649
597
185
-551
207
130
890
-573
825
-1114
232
295
84
259
75
-313
385
-26
17
-112
189
-459
63
-292
-94
424
1525
-327
764
696
-109
-656
282
-572
-503
615
-1507
-387
319
129
-66
-1195
-634
-273
-651
-114
878
338
-1281
792
701
-418
-52
-660
-201
-75
14
-430
342
297
-770
17
-152
-5
-579
-1051
195
-685
619
396
136
-862
-239
-533
-292
-110
696
-482
-1645
205
-103
-832
-371
285
-539
-43
1072
440
-203
150
-285
-67
-272
524
-77
-732
211
-570
517
-376
-1267
-280
136
1117
-139
-905
338
66
427
148
-614
-453
-467
937
-24
715
556
9
-148
-1186
298
-900
-372
-371
57
481
-320
-163
319
-72
-371
298
494
-1348
-104
548
-221
-442
-431
619
-25
17
-126
-87
-77
-744
-931
-808
372
-52
-238
741
1222
103
1302
109
160
595
-696
-447
-35
-388
1076
-17
16
150
1170
-7
50
230
54
-907
511
-613
622
-513
-1017
187
-382
380
-442
114
1306
337
329
-238
-430
-94
407
-541
802
-229
-114
-380
8
603
-18
1283
279
-484
-371
132
696
456
-129
653
258
-62
108
-139
-387
580
85
-566
-88
-336
617
389
716
-877
-1233
309
47
514
139
73
-334
-169
-51
1172
-1069
5
322
-144
-455
-487
234
341
1026
434
145
-254
-191
531
-342
-848
265
-32
-1230
-146
-53
-314
-306
532
1508
-510
465
-305
96
75
172
754
442
-287
662
-158
469
403
-388
281
22
939
164
-391
542
130
-342
667
-194
322
-362
-539
146
-423
-400
-135
-500
560
-583
374
230
-265
-538
-250
146
242
-22
-296
-2
-504
-850
-497
-643
-691
399
-387
-797
-415
-1399
-102
-480
192
111
37
-340
-145
-507
-87
-758
-996
350
1291
-433
212
405
190
529
547
-200
514
53
1016
-304
-2
-115
220
-291
-332
-133
396
236
251
-19
1065
794
56
-41
-248
31
-1398
-122
-1121
-357
-1167
-737
886
-141
29
-294
144
-231
1059
-436
-158
109
465
353
-61
30
-759
714
620
70
1187
-256
-691
-319
-1169
655
629
547
682
331
-262
-447
-1141
-722
27
-671
-115
-268
-553
-158
435
-302
-111
-309
231
-1237
-321
-694
-167
747
912
17
1453
-125
964
460
241
-1374
210
385
1082
-812
167
303
507
1487
177
634
-428
296
900
1017
-1096
232
672
-350
224
435
-146
197
1321
-369
-20
-754
195
-765
581
-242
802
-723
1230
494
499
1063
166
-723
609
735
-1226
325
23
740
59
-180
-496
-779
1098
-157
386
-93
310
-46
-497
68
312
1127
228
-219
168
-139
-1049
-131
323
-295
679
230
724
-684
526
199
-408
-582
-213
214
502
-130
115
-125
900
9
330
255
501
-1407
-206
-1001
-758
380
-233
-53
175
-549
631
-246
-565
-419
-969
-321
-45
620
1316
676
148
-823
345
-622
145
358
726
27
-24
-186
-617
-60
-243
322
-329
38
-759
650
9
400
628
-639
-346
-616
405
74
-718
-229
-147
-135
-74
-33
1098
-29
522
-608
303
-883
-842
342
964
-380
-122
339
552
-30
-1010
431
147
-210
147
368
121
-550
988
297
288
-422
-562
278
-1481
-387
-1039
-1142
698
-89
-284
827
86
33
75
-460
170
103
38
307
-823
-526
-799
152
-435
871
843
-398
-223
-1195
701
-166
-131
-29
695
412
-283
486
-365
-1055
127
-318
350
-210
731
-625
456
112
656
-482
22
-444
-83
-358
-978
-309
-377
373
-906
290
-55
346
490
-80
-514
-81
195
773
568
-140
287
-397
-116
-92
339
700
-789
1270
1173
305
-1252
678
1089
211
-208
-50
113
-594
-597
6
-541
653
155
-954
468
461
-380
417
993
-376
-562
-123
695
571
-734
396
-100
-162
-618
-414
-467
-201
835
365
-614
341
-790
1051
-193
609
838
83
343
-152
268
1837
432
432
962
117
80
463
297
124
57
870
-229
-106
798
72
601
525
-877
774
-353
621
-262
-355
662
493
952
690
487
-385
684
-90
1137
-36
-452
-49
94
-384
354
-603
-530
356
-217
-544
-600
-63
958
343
267
797
-1080
-452
194
222
374
152
306
702
505
239
145
707
555
189
-83
-417
749
633
683
937
-714
27
282
517
690
-808
182
-451
38
-140
-275
-1092
-411
695
343
-662
25
192
-460
827
1271
-133
-311
-287
224
283
566
-1104
-30
530
175
302
-167
-444
-420
817
300
794
174
-1098
741
-527
100
48
-793
186
229
183
-363
-758
-177
-391
-1028
1183
605
361
1158
475
-54
-159
-218
-375
-265
390
596
-167
128
1
-848
1135
-1023
-951
-115
-171
19
-923
635
-140
83
497
76
147
-552
-11
-328
-163
804
-444
-735
236
642
-666
1853
872
670
524
-145
-403
170
-902
213
244
-300
244
-1728
-374
-996
-458
898
550
-1171
-686
5
420
-414
966
873
-258
-436
1086
205
-902
330
58
-659
1135
12
-371
1375
-513
1514
-842
-23
-360
112
-9
-126
299
-409
-22
-73
-565
688
502
-1072
-406
67
285
708
316
-167
1377
-25
167
11
501
627
283
-214
661
-140
-599
-238
6
452
-533
472
228
-63
383
-973
496
219
449
-450
-412
254
448
356
-213
-215
42
-30
386
-815
-567
-1425
686
101
334
487
1068
709
316
-138
-117
-104
-115
-258
89
-790
450
-299
270
269
-99
194
-834
927
-394
-786
-547
-331
-442
1008
506
34
-1216
70
-262
31
-159
516
435
-664
169
319
-26
-139
202
430
1135
-1078
-95
63
-61
-481
-375
-1017
-459
273
-196
-487
327
-805
-526
-575
-811
-474
231
644
48
428
-191
-104
620
-462
135
701
182
262
-1337
-850
1187
-1081
-205
-5
280
-734
-821
-958
-433
-195
473
-69
-709
-629
716
933
619
734
1159
143
-165
-430
-206
67
11
-151
706
266
334
711
343
-771
-472
-42
-499
414
376
979
-801
-209
-186
214
-369
525
-114
-271
-305
-510
-881
290
507
702
1273
-216
-483
30
639
769
-1184
9
1134
702
68
-343
85
503
389
-753
-39
172
716
-584
-137
47
-109
-405
501
-104
120
-245
305
-683
-1524
-946
-149
133
-96
670
-134
356
49
863
1112
950
-433
-53
653
214
169
597
-115
-168
246
379
-138
18
-166
695
812
-123
-177
-446
466
-326
220
961
330
269
260
637
16
-865
-71
839
-1210
-272
644
941
-986
164
651
807
-297
973
134
-1016
35
104
-76
27
338
-598
-419
-397
745
629
1614
-660
-245
165
-423
344
-375
210
779
-539
-902
-276
291
-386
-306
666
-6
-914
-159
32
238
-126
0
335
517
675
836
-444
22
542
1063
245
-132
-655
72
-843
-604
-168
732
756
932
-918
-672
-293
43
109
-602
565
366
362
-481
-546
-1003
22
847
143
-232
372
-153
284
130
-210
-297
-114
-188
471
152
508
225
185
471
-85
-36
441
-1099
25
-411
-181
-950
83
-1014
-498
759
-325
594
-809
-400
611
-84
-532
118
-953
-776
-550
565
-79
975
434
-305
-2
767
24
-106
437
756
358
-905
-541
-972
-396
245
145
531
395
-750
96
296
-52
171
-225
226
422
-176
-351
-238
-581
726
419
523
652
414
-1038
4
-302
-112
-345
-822
-689
-294
53
242
1084
165
-398
487
-811
-212
345
383
1133
8
169
17
207
-203
-353
321
-91
-149
-921
151
-733
334
-186
-980
-90
-265
298
-80
540
-749
-295
-480
289
691
19
124
-201
-825
222
-84
191
268
-1602
295
-1543
22
2
41
456
886
180
-248
-136
-274
-666
349
1040
-1075
-260
-196
-623
-403
-491
603
-423
-606
831
-536
244
100
-144
-1113
-127
-601
-1077
38
-599
569
-93
-283
1834
-422
107
381
-24
512
218
261
-129
531
131
-627
67
-395
78
-782
-965
87
599
-407
393
-437
641
-184
-281
-133
305
-560
-328
786
173
626
-42
774
-392
-183
-740
309
18
-258
31
264
-391
1308
728
18
-424
-204
-393
88
-422
1605
-707
-1124
674
-221
-88
-75
-746
78
377
-534
146
-126
498
-936
-946
1539
827
833
-931
149
283
1
1113
-1012
-1216
447
372
441
534
510
-357
-553
-290
1157
43
-593
151
189
-484
822
-145
-422
176
760
182
-478
356
152
-468
306
554
257
-523
-127
703
-11
249
-181
1196
219
-402
-574
-366
554
362
-19
-459
381
623
-437
533
498
-54
18
-238
-393
124
364
-565
174
-921
-767
-408
-214
1128
565
-280
-152
-983
-139
943
287
-231
611
284
162
-17
1068
557
-899
53
447
-301
-270
451
-743
-292
-12
448
538
-66
499
958
-74
-498
233
-750
24
93
-29
-564
269
313
-246
100
-403
1717
1333
-621
49
364
1169
269
-1062
-1328
37
554
39
711
98
-381
144
-739
595
-145
574
-720
532
366
-324
-555
-166
499
-210
-199
275
-517
109
748
390
1023
1375
474
-71
-633
82
-358
-683
539
50
-708
167
-926
543
-634
-136
-731
-413
-351
-113
-187
493
196
180
189
-181
-1257
1147
-539
-70
140
1128
-95
-125
-192
64
344
-452
453
-380
-271
-132
129
-471
-790
-397
718
715
695
91
572
-262
-70
563
-5
84
-702
-512
-835
668
-1282
315
-76
-540
565
-218
-600
448
-798
-164
87
120
299
-352
-927
-63
-106
-1107
-393
-442
146
-171
510
635
590
1007
187
-265
1041
86
33
-541
234
-374
400
751
-599
964
447
-420
-3
-606
-392
-238
-114
-766
-244
394
123
-153
-1222
268
-533
851
197
372
-949
-375
81
83
485
62
-1115
-7
256
-607
-543
-1117
37
-502
818
1209
-136
122
424
109
-1484
653
549
306
-538
1204
-1118
6
157
-246
-94
-134
-661
858
-195
-139
773
101
176
-682
-121
636
43
-1329
-135
-667
-1478
633
-458
255
543
45
561
891
288
-1377
-285
795
65
357
-333
452
558
-525
-517
461
360
-268
-593
144
-374
-750
176
163
-391
812
-110
81
-255
-133
-94
44
871
-244
841
420
-891
-345
181
562
262
349
-411
866
7
-828
1788
-41
-272
-208
592
221
912
-228
-628
-1373
88
-258
19
948
-503
-23
1128
-72
-149
-212
-567
245
579
144
-92
-360
-329
476
283
-155
358
-63
287
-384
25
-214
130
-324
-423
183
-1435
847
-849
101
538
422
248
-943
85
-348
553
463
-403
-11
61
-787
68
581
-235
-1048
743
-243
937
221
69
1102
889
-579
-883
192
85
-920
-625
268
-581
307
-457
-516
-54
359
232
-187
-335
524
-768
-1948
737
-203
291
-90
47
-702
-29
254
451
-1067
-1149
-167
630
-404
731
918
457
-220
-1072
-591
-784
405
-912
-601
406
-496
-71
-284
-499
-729
20
-641
-88
641
-776
-446
41
-437
317
278
-220
152
170
1415
422
307
-23
-875
-59
182
-103
514
850
-50
241
1093
-276
412
-319
530
-512
-351
-70
613
1608
-256
-209
-843
317
-102
347
-172
-647
-451
94
351
-321
205
778
595
-138
-130
56
-528
876
-365
-493
643
-249
47
5
-695
-291
26
-360
-1172
-461
72
-307
439
-217
377
518
334
-813
-817
-287
370
-477
184
179
202
-167
-174
-366
59
423
723
585
-335
-168
-31
-288
-802
-387
-586
1047
2
234
170
801
-180
200
505
1085
626
273
362
524
84
-826
740
511
494
964
-121
-126
476
793
136
745
-433
-518
-228
893
-770
-898
-662
-163
633
-1059
-490
37
-182
-411
-415
284
-405
-182
-1016
262
-495
-324
-733
750
-825
439
-114
-442
-400
650
-518
-175
-1214
-545
-719
319
-870
-114
243
929
-176
831
578
955
723
-797
-166
-477
-939
391
678
-247
-150
-348
-79
873
997
745
-309
-1815
-977
118
1000
-467
-614
-594
-497
44
-380
-816
-204
230
-219
34
-419
378
583
-32
391
-123
672
522
-540
113
-163
-234
-712
-162
75
-374
-565
451
485
-633
196
-57
302
1147
-522
178
-6
-1640
-277
1144
-205
-264
877
-605
73
1
-175
1345
43
-563
198
72
22
-345
-438
757
-410
-1102
891
-9
890
-324
277
-552
-370
-267
-243
80
-139
-551
-131
-308
-641
81
-302
826
817
9
7
-319
895
-258
262
1033
-372
-545
-461
454
189
-98
-404
-37
-1413
300
359
-633
200
185
-669
-294
355
-528
205
-897
371
84
-202
-104
-380
-238
48
461
192
905
318
164
-767
-1468
-107
62
886
-188
-1041
-1010
285
570
474
222
-41
243
-702
-1321
-484
-43
-225
429
96
628
-309
1085
-324
631
171
390
1346
-556
397
8
9
39
-464
-166
437
-180
-700
582
281
82
-254
1665
-808
-172
241
-56
242
-310
554
467
-470
-579
1747
-62
203
654
-135
532
-408
1066
714
-528
-315
566
-482
-311
-545
-81
-224
-96
-570
764
-941
316
-147
104
-542
476
1291
1429
-354
1013
-1219
154
-359
-159
-213
27
-253
230
198
-1807
-250
523
679
919
-103
-301
253
799
-610
-273
-514
530
-359
-285
-113
146
-168
-451
585
-410
1442
-1444
135
-1123
-596
-368
984
41
-246
-45
-621
188
67
894
-969
-144
-327
37
254
-442
256
-515
-521
549
796
145
204
256
-121
934
-626
563
-687
-805
407
378
538
423
-156
164
-617
496
-449
-889
138
239
32
-191
-357
-296
467
341
-373
-309
-207
-6
-649
-523
440
-936
-452
166
-703
-699
-948
478
-480
-309
-715
-100
-463
162
-1112
-868
120
491
114
-665
561
-306
-463
-234
-232
317
858
-825
-494
-22
60
428
96
-212
84
386
-482
103
441
-271
-281
-1260
-692
-325
-416
-247
-300
425
271
443
76
-294
724
511
457
-355
-224
264
-121
-286
-206
496
26
-722
749
-868
-130
-239
-1466
103
-320
913
-254
-963
266
152
431
818
-150
1405
804
96
751
353
1071
914
-1983
492
856
168
-848
-24
870
373
794
492
334
752
652
876
-129
-126
251
-1242
322
-378
738
622
213
-592
347
-1139
274
62
-636
109
222
-199
114
518
-710
-255
-181
-475
-30
176
77
394
645
288
843
-425
-163
188
91
198
580
362
-658
-127
-905
-1
271
88
50
-1397
863
374
-72
326
-386
248
-310
443
-806
13
196
-706
-479
-6
604
178
-257
-1054
37
-213
-526
171
-16
-269
519
777
-167
-770
901
35
224
233
142
423
175
385
457
-104
252
199
-66
-82
157
41
594
46
129
-1218
181
620
-282
-118
-1208
-410
-209
-454
-495
98
746
276
942
501
3
-176
-354
1099
337
-694
1101
426
721
370
-311
-248
77
255
-53
800
-537
1041
127
813
-117
163
-13
-353
1294
637
-880
-1190
660
543
271
-891
-625
-225
95
1107
184
-840
1036
588
1268
-274
86
-717
723
-466
-178
226
-5
-26
-333
-686
-391
1417
-708
-125
-696
1319
-83
142
926
-701
520
73
-488
284
-258
-656
54
454
711
-62
-469
-213
-235
-537
390
757
-676
-992
122
858
-109
214
806
-328
-193
-532
48
331
-544
-398
-1089
-336
203
238
-128
-9
-221
-189
63
148
-1366
-644
-213
-348
136
128
258
154
211
498
226
-628
675
-661
112
187
-1132
528
429
-585
-519
-597
-379
-1522
-147
800
165
153
-419
27
-706
-407
1070
-248
589
127
-680
5
-1250
306
-111
-8
679
-1230
-1126
4
-269
-828
-465
757
554
-25
-174
-765
-523
110
332
435
-827
-256
452
-326
-171
-114
-477
-229
-807
306
1080
-1148
388
60
-221
-54
-1028
-1278
-508
-793
-386
221
749
-382
27
-161
-169
85
-445
-260
-115
808
516
387
-1139
15
172
108
-111
-1009
769
-398
-2
-638
96
-229
-429
28
-603
-89
-210
-1306
-367
-266
-427
61
-122
414
-444
117
1195
50
-88
39
120
-534
204
-597
203
-846
-80
-513
689
480
-17
506
-615
350
628
-338
408
296
809
66
-1173
557
234
-543
314
-346
123
-303
372
469
776
-412
412
-499
341
548
440
-360
-103
32
-238
81
-315
-251
129
91
-57
592
-145
-31
206
238
562
1060
-257
-312
-147
-721
436
1076
198
162
972
-197
177
321
-143
-737
204
44
52
47
-1473
-579
-574
-132
181
305
-490
370
-1030
-1108
-404
117
-62
247
1107
-526
-787
930
-1173
924
456
-222
-943
47
-742
939
319
-110
302
11
-1145
-679
539
769
-357
60
-854
-705
-203
305
-831
-282
-33
-970
-82
-282
-1123
-168
-485
224
-13
-466
-508
11
-67
-108
-71
-228
-315
818
239
-219
221
238
-569
506
-556
594
-899
-132
369
-593
-1116
897
-1894
-505
173
406
169
630
336
935
95
-1407
411
269
-463
120
-423
191
276
964
227
169
-668
-229
100
263
38
345
-495
450
225
791
-29
-966
500
-427
749
-193
-275
247
-934
-786
537
255
1300
-328
-115
414
181
-186
-667
-1612
136
121
959
-1070
-1102
-182
-722
559
-641
22
1017
-40
-1080
-23
-81
-669
-669
-79
482
-208
191
246
15
24
137
635
-109
-515
574
213
245
-47
-214
-705
392
-310
491
-1071
460
297
124
263
-173
274
-170
-518
-403
684
-297
-320
-376
-567
155
-920
-283
-1054
355
-439
19
287
-977
74
-61
-236
494
-398
-1656
-1150
1129
-116
926
590
-1155
-182
-410
330
-306
-955
884
-283
-222
699
-346
-352
-247
-599
308
624
491
-385
258
235
-80
305
302
-687
-1106
812
48
836
632
-634
724
200
171
-179
733
350
90
-1378
-155
-639
-418
780
-571
280
587
-8
-32
717
418
214
566
488
301
31
113
315
247
-930
1121
458
308
397
-772
-193
288
-39
1205
175
-1412
-635
-260
-568
59
-607
33
554
-449
-116
272
-570
331
56
-103
928
796
-1054
814
287
-222
379
125
-307
-870
-94
169
150
-621
349
-780
-89
-680
59
239
-796
-194
252
504
-76
-211
-256
-382
-293
113
-195
867
533
-73
777
-461
770
-316
375
86
-649
-250
585
-976
942
200
-154
-353
79
-369
-287
987
-554
222
-405
533
-1815
-737
363
-71
-227
1227
697
162
99
260
-663
-948
-734
555
477
177
640
688
254
-450
-342
169
-255
511
-261
41
187
-37
223
102
-304
-510
60
-1384
1289
-72
36
-362
-290
359
-1626
176
359
-59
-278
-251
-385
607
-8
60
622
601
461
685
183
-52
-219
-349
-39
-37
-142
-500
958
213
-70
-229
163
600
-933
51
-456
-764
411
-244
-530
629
798
1361
150
-520
383
-137
939
619
140
-650
140
-56
-197
-640
-12
98
68
-765
-60
-313
43
778
-607
-1013
106
-881
-438
-518
508
49
-503
-536
236
-804
624
555
-890
283
145
-734
-283
-1259
-663
-236
163
-731
-606
-795
-420
-280
-243
136
335
-595
1162
254
-46
351
1273
-144
220
-588
-288
754
-125
437
60
-425
983
1137
-645
544
192
-234
-394
-462
-405
-1539
-299
-1184
170
105
-268
-1054
258
320
566
-198
423
-307
-1515
307
-262
69
43
116
-441
207
-117
-354
65
70
13
199
-397
-425
106
85
108
-468
439
340
-446
415
293
186
-177
-23
-370
619
58
-539
219
-348
-124
1435
-479
172
576
113
143
51
780
125
689
-488
748
637
-304
281
-353
637
-332
-273
-1166
-231
-457
575
393
-173
-716
-70
-755
-265
-162
-121
574
-289
135
116
337
123
679
633
-320
-816
-269
699
396
131
925
-389
-593
757
-1100
325
-188
-752
367
-873
526
745
92
-321
612
-46
-470
-24
-881
263
202
636
-1140
740
-396
-517
-798
-281
72
-621
-15
1093
-1401
225
649
191
589
382
452
-647
755
977
-349
-670
240
69
260
78
778
-470
-201
534
177
-1185
-454
283
421
14
-435
-813
-263
1277
-427
-1316
-279
462
-429
545
199
47
-807
-738
322
619
565
881
-636
-995
-1385
-227
-530
490
-448
113
-126
-133
-28
-647
748
-999
-426
-639
464
-472
334
-360
238
1174
1206
-1189
37
335
-365
-282
309
-314
713
877
723
-643
-1300
-32
-198
-33
-166
-167
-210
-306
-376
56
1051
116
847
155
-446
771
58
812
-1418
-371
-1310
970
157
287
-386
-665
59
-142
-298
1309
733
103
72
-657
777
18
176
472
-94
-972
3
-152
86
-63
-111
339
241
-455
-155
537
-235
-33
-206
-105
-388
-646
-246
-256
905
293
360
-387
-703
-1173
744
162
-355
-440
-1051
680
182
555
539
-670
240
-764
425
240
-603
-659
1008
226
-199
246
659
-32
731
291
-171
254
-706
-148
777
-215
21
-322
925
521
-614
1146
-993
-457
278
-48
-551
812
233
-777
-133
139
-572
631
33
94
-241
-117
-406
-132
-285
-324
-1028
-55
-142
688
697
1618
335
503
-2
524
61
936
-584
-774
87
-52
786
-213
-775
110
257
324
-650
-1255
661
-598
-780
536
-692
-622
115
-540
-1304
85
-413
-790
-664
63
448
255
373
436
-205
-204
-115
276
-29
644
-549
-82
-332
-112
679
688
-93
510
-1
767
380
146
1035
-446
-11
126
-120
-234
-320
936
710
473
-261
-336
-45
128
471
1210
501
869
216
78
348
-817
-755
-1372
-601
347
-109
990
685
562
-123
701
-865
-432
960
500
227
377
-587
53
-591
-485
955
-109
-516
633
-622
353
166
-732
1226
54
486
114
538
109
-68
-196
353
754
1156
-613
-328
842
-71
244
-1013
-716
-175
-236
-51
-877
123
601
282
449
-423
-489
82
0
809
704
-218
606
379
-109
-88
1147
397
-520
766
490
-133
-260
1084
-669
49
-484
-787
-167
383
1579
-167
-964
-518
650
-561
-113
-748
952
-161
-706
-511
1113
-48
-482
-534
-1213
-108
766
579
-742
123
1569
-298
151
158
-721
875
1067
-63
139
373
62
218
285
219
-291
-554
424
315
-408
421
107
-440
53
752
-134
-1402
149
120
822
-358
-79
240
-368
832
-745
-283
337
104
-252
-428
289
-617
-1058
755
-1306
413
44
-86
-351
-409
652
-184
232
-191
139
177
364
-223
897
-883
-169
-252
-271
487
331
-527
473
145
706
-331
-434
40
92
-481
-346
-540
431
-134
285
-995
-657
-389
-561
-226
-386
-106
883
167
-66
216
451
-181
496
-259
310
-403
979
276
347
219
56
-263
-290
153
46
-302
-98
397
-1223
-66
-729
266
-184
891
-1453
-579
-109
-923
-399
344
778
1006
-272
-863
286
-887
-475
-178
217
-1663
47
-163
151
175
-1419
-457
41
50
-118
576
-14
-94
376
-613
783
697
768
-983
146
226
461
235
-579
5
994
689
-425
541
-814
-352
-114
634
-778
-318
355
678
452
735
1233
-285
-490
123
-104
-1077
130
-96
913
-453
1515
-721
25
281
-751
-849
-329
382
619
985
413
-615
-653
-7
-595
-2
139
396
628
256
-836
-559
83
769
-127
-502
1072
-226
-385
184
680
74
470
204
-562
486
238
-522
-191
-536
-693
-217
-292
-442
-127
-436
-37
452
1393
406
245
360
-814
330
320
-836
-373
-1072
755
-291
103
691
-47
638
-293
304
-170
-419
1762
-785
333
-525
1177
-368
17
512
737
770
1423
-1293
-871
-170
292
405
-95
-38
639
-597
22
79
490
116
-82
-186
1090
-350
-544
360
74
9
-362
571
-242
403
1262
685
1034
662
-434
-283
198
-297
-385
-428
144
407
561
-551
-527
625
-179
-140
-186
430
1231
-1115
-26
522
-126
-54
-605
-895
-38
333
756
980
-224
479
357
-590
-243
-392
389
355
382
182
-304
1378
779
-215
372
327
125
234
528
-708
156
274
592
-295
375
-933
1150
-899
838
221
303
27
230
564
-25
857
-896
1652
702
37
158
-1158
721
-172
-412
581
1262
-1050
-747
-470
834
241
1131
-64
918
92
-690
-150
-455
222
-529
-405
39
408
-4
-696
-245
511
-508
-51
-136
238
-1166
923
-1026
-446
-362
-275
974
-182
1295
34
-883
-580
-450
454
392
163
624
-737
-475
-455
-464
536
413
-677
-183
-693
294
621
200
832
-938
-812
390
459
376
-473
324
-646
303
-264
880
-831
113
-439
946
719
558
224
-113
-226
-447
854
96
310
290
-519
-146
706
-38
287
-682
-458
-1040
-41
-881
-121
505
-263
-8
372
202
-726
484
209
211
869
-145
-242
-23
-621
9
-504
-332
-402
-1196
-323
-188
386
-529
-529
28
728
392
410
-40
388
114
1607
1236
-21
1723
515
-322
3
-868
-387
-95
-322
-1078
-533
-606
-793
-501
741
585
-224
791
-348
555
-456
821
6
297
578
-532
360
395
-924
776
-1532
-347
-94
-50
369
422
1352
693
453
-604
-293
-85
-598
78
3
-664
153
-447
-522
436
851
-578
-95
956
137
733
217
-803
1322
-967
-344
-936
508
919
-993
97
-375
363
-302
-285
725
692
159
294
-21
118
956
926
100
-171
20
83
629
419
517
355
-827
-223
-274
-294
-174
-427
-112
-111
-990
-158
-612
281
384
-101
3
86
1200
738
457
-331
-724
513
687
77
-65
786
-261
-465
1188
601
-1301
-172
306
-385
304
139
7
-919
703
-438
-373
454
-1006
845
-1326
79
-258
271
214
-618
999
167
-899
-212
151
-1274
-223
560
546
626
-20
-1187
-1072
557
1099
-584
-1037
-279
307
-471
471
-104
646
719
654
220
656
-163
1439
600
-716
-699
548
-299
244
119
641
188
-855
329
-476
-819
984
753
388
-404
-695
407
-1194
-12
376
351
-989
-417
-385
336
-602
-425
531
158
140
-238
-217
823
-708
-630
-495
-914
-204
-374
-676
108
-380
779
262
989
692
532
-628
108
-866
-1252
-99
318
366
-435
696
-896
476
277
1025
-958
217
219
580
1130
533
-1415
-133
404
-173
-1354
-18
277
529
-227
366
754
643
483
-343
420
-87
956
675
1087
169
-232
110
57
170
511
-746
-51
667
-287
1972
124
-361
-361
29
259
33
-837
18
-26
-30
133
536
609
179
1126
291
61
-808
834
454
-255
951
525
436
-543
-320
-368
-377
166
-345
-106
-1570
614
723
-299
914
-573
435
505
929
392
666
-84
-411
466
-550
29
-76
36
-239
1666
397
479
610
-394
525
15
120
-339
174
576
-354
-173
-522
87
-855
758
502
-215
-598
-549
79
790
1568
-740
-1656
27
194
491
310
388
223
529
-109
287
-212
8
910
-256
1014
496
27
-478
-932
528
707
-428
521
262
-127
1051
73
422
-480
942
701
-227
720
407
-953
146
268
187
1031
-122
-613
-1
287
-952
493
-151
-647
-877
-493
381
-1375
-7
-722
-35
729
-25
315
-51
827
-336
199
386
-428
541
-494
315
727
-1022
-360
529
-566
-41
-395
22
-369
-293
-1171
765
-1056
-721
55
67
-1105
-483
-772
-110
-383
-518
-867
-209
319
-299
-72
783
314
-102
881
-718
282
905
592
-953
489
-88
-541
184
484
-962
258
805
-1115
121
51
227
-191
890
225
-154
-380
-102
173
342
146
778
-156
578
15
-892
-97
-716
-372
-104
-931
-372
764
780
-316
-627
631
-77
-551
643
-325
-521
-341
-301
219
226
-213
-216
-414
712
-126
-216
-320
-13
-553
-747
-905
-700
734
877
-101
-308
1145
-202
-359
-753
1439
391
-1096
-549
-44
114
-576
-580
-82
209
-34
520
783
879
-32
-589
-1194
-917
468
-64
460
-379
-197
-1302
809
859
-523
-30
1143
182
-113
-222
-1014
414
445
-72
377
-21
-519
375
1062
-560
-793
816
457
-72
274
-70
213
-270
-159
738
36
-227
-484
449
-675
28
-358
296
-22
-181
1234
933
-10
-315
-423
-914
-146
254
-50
-456
118
685
1079
-294
52
658
99
196
472
-449
-904
-21
1489
-927
-1203
-601
1683
639
1478
-364
-757
-313
447
46
568
-565
-944
-971
-269
-162
215
-353
223
521
-116
-780
-362
-370
-1187
1466
631
991
-66
-697
-624
814
-247
-841
126
-76
-226
-246
476
237
-804
-203
190
-776
-356
664
-434
221
208
872
165
-4
314
704
270
212
-983
227
72
519
-194
1285
-930
-47
-106
-724
-964
-371
141
-1827
-815
421
-561
1186
-323
494
712
652
-202
51
-321
-624
589
-286
-144
332
-241
482
-1138
-423
92
-231
250
1459
16
157
-416
381
282
6
194
21
868
206
408
-601
-497
126
-308
-404
-1132
762
-162
20
-169
-652
-107
-114
648
338
12
389
-664
-323
-749
-72
491
-700
-48
-348
-911
-338
748
134
-515
1196
275
-648
102
1395
-185
1001
279
-618
584
574
100
-122
839
321
393
1013
-582
398
767
-367
442
-40
-679
-914
671
-230
-768
90
-705
-173
-160
92
816
-811
161
280
396
-886
-304
-831
26
7
-434
-21
203
-172
166
-1451
-425
365
847
303
-881
59
-363
-410
-401
500
96
430
-555
-477
170
-110
76
301
453
-486
-799
-351
-568
-347
454
-7
-1321
849
446
545
529
-262
-1
27
509
-216
623
-47
-252
388
794
-106
-547
1132
-125
-589
658
-1230
830
553
1138
323
788
-94
-227
-880
-11
-245
-689
-107
254
246
855
-578
-280
801
-547
694
-579
-240
247
175
-697
-501
-894
-1196
-215
475
113
-469
-544
532
-110
-34
-135
153
-596
-27
1250
-993
-936
298
578
-871
1034
222
42
251
-661
748
-1082
335
306
862
-850
114
1478
-36
-260
-567
312
1141
-57
-1129
-861
-1069
-8
387
-37
-334
327
334
-104
424
-105
1147
246
-410
-1200
-608
-387
787
655
-450
