40 88 225
0 11
0 16
0 23
1 12
1 20
1 24
2 13
2 14
2 22
4 4
4 11
5 3
5 25
5 33
6 28
6 39
7 14
7 20
8 32
8 35
9 0
9 4
9 38
10 30
11 34
11 39
12 13
12 16
12 20
12 38
13 17
14 8
14 12
14 30
15 30
16 2
16 26
16 29
17 11
17 31
18 20
18 24
18 29
18 36
19 0
19 11
19 12
19 17
19 19
20 9
20 20
20 30
21 26
21 31
22 3
22 32
22 35
24 6
24 10
25 15
26 0
26 39
27 31
27 37
28 27
28 29
29 7
29 20
29 22
29 28
29 34
30 38
32 32
33 15
34 7
34 17
34 25
34 33
34 38
36 14
36 17
36 32
37 11
37 29
38 28
38 37
39 10
39 11
3
59
83
26
6
64
66
65
58
75
27
13
39
43
82
57
84
80
50
4
20
72
12
61
22
73
77
40
46
45
18
28
19
56
7
11
68
78
55
62
47
14
71
9
23
41
48
8
52
70
16
32
53
69
38
44
85
29
76
25
87
34
86
63
10
1
81
17
37
79
36
15
60
24
67
33
74
5
0
49
35
21
51
54
30
2
31
42
-369
-179
242
-20
338
-96
277
359
-35
-332
95
-317
16
22
370
278
-62
-2
62
-192
-301
-103
-121
82
69
162
145
-116
24
77
-255
127
-65
80
238
185
138
-23
-47
-276
176
-81
345
49
233
62
-283
-74
45
-140
-367
174
-443
255
0
291
106
216
8
108
-216
113
199
160
-97
-117
197
5
-220
-66
302
255
198
-145
-134
-288
-85
-116
452
-241
-74
-73
-166
469
-508
-426
-185
-283
-76
-240
-118
279
-80
-53
72
124
0
38
-186
11
228
223
53
-167
-29
-372
-10
-121
-204
35
-268
510
-278
356
-109
10
679
498
-180
-10
194
-159
-161
9
102
-174
199
-81
94
268
-420
236
-237
-186
-5
-37
-159
-353
-383
333
172
463
331
-286
403
104
-146
-38
-117
-182
143
-271
-32
594
52
-154
54
-44
-278
-16
-433
-47
252
78
-121
-199
-387
51
208
-215
-161
-147
328
-465
-173
-172
187
-352
127
-398
-3
-127
-79
205
-334
284
192
-36
33
-118
-180
-590
-138
-420
-58
-394
-141
144
-67
-5
63
34
-126
-315
174
-63
33
444
551
-479
-55
-11
-132
-456
-38
183
-400
160
253
-48
-448
-353
-307
-465
-363
-122
-86
-197
-191
149
389
393
-41
-22
-400
-523
-37
78
-278
-92
-221
-148
109
-178
47
75
-108
-87
188
-285
-145
207
-54
-57
144
54
-89
380
22
-18
284
-298
134
0
313
213
-83
-36
-50
-158
-331
10
-87
-85
177
204
45
6
45
270
-204
-209
632
-335
96
-219
-250
-20
26
-20
155
-17
-176
494
57
139
185
-314
55
-519
-181
-238
250
-34
20
423
193
362
101
53
57
75
130
10
219
-112
48
42
-53
-114
287
106
-7
-269
227
309
29
-18
-1
79
-180
-258
-248
210
-625
286
-264
-24
35
44
-294
15
293
-155
201
-165
17
61
105
269
3
-123
-24
-85
-37
-242
410
-250
-51
-298
-264
-8
-134
8
-379
51
233
501
-66
17
-134
247
76
241
62
98
-193
-229
-396
-87
-30
-120
178
742
153
-365
39
-283
313
304
122
49
-227
53
-113
151
-212
-120
437
-443
11
-481
123
183
210
12
-237
119
305
96
106
-116
-32
53
310
-165
238
-110
-115
217
141
-414
69
-330
-233
23
-501
-673
-150
-69
196
-298
-116
317
252
38
240
289
0
-212
292
27
259
-22
193
51
-183
-349
304
86
-164
96
54
123
163
71
395
-68
61
134
-5
173
-136
224
108
-140
-95
203
91
30
395
126
-374
448
-262
-418
-328
-162
-282
-196
-146
269
-249
23
182
98
-204
-105
348
471
45
148
18
134
-393
228
99
101
-186
266
68
23
-179
-138
295
1
-201
277
100
-367
92
270
-325
-70
-2
18
-200
75
-151
123
59
-74
-212
21
128
386
45
-115
416
-413
-33
-155
83
-266
-98
-71
36
287
-103
251
46
-445
62
367
-275
86
-250
-300
220
269
-298
263
-110
363
-274
238
-183
166
264
-7
480
-20
-103
-21
-3
82
-100
341
-172
31
-299
-66
-170
106
-70
-28
97
117
-81
262
188
74
170
136
113
483
-53
15
23
105
103
217
402
-309
9
-126
229
-98
237
-19
6
-214
55
203
-192
22
195
-125
1
-54
241
-249
210
470
-19
-380
118
-3
150
55
167
-73
175
299
-309
79
45
-5
229
-406
-140
-334
-377
-363
81
242
-106
132
-131
-9
-295
100
-19
175
-197
176
-308
74
56
120
-156
46
163
-70
-74
237
-174
135
533
217
-25
415
-272
16
-23
-260
-17
-230
75
119
-356
484
-61
244
257
-160
-109
-326
-114
158
158
-210
57
-216
56
131
-166
47
-131
104
-347
169
-420
61
324
-83
-331
50
-77
-136
-184
184
-25
241
61
139
-51
336
154
98
-85
22
-196
318
112
-328
258
171
40
-131
179
-51
264
3
477
18
-14
153
76
366
-367
240
-168
269
306
-330
-197
-69
183
397
118
-18
-33
199
90
196
-81
-743
158
178
17
-23
369
-243
-19
249
8
150
-264
-112
123
12
197
-65
-184
130
-220
168
2
336
-243
8
122
16
195
-376
-155
-23
136
-186
-174
147
92
-11
177
30
-138
279
67
-223
178
201
153
256
352
33
-277
107
93
153
-104
-163
92
-362
3
-116
69
47
-278
-34
-92
-141
-349
-99
-33
-94
-145
309
270
40
124
193
-140
372
-247
63
-364
-259
48
-144
531
61
71
36
24
-149
-162
-247
-360
-386
211
-50
502
93
-64
133
356
332
-78
244
-369
-46
291
41
-217
-152
452
-394
203
115
23
-33
-34
273
-192
-359
-40
-47
338
-26
-544
-192
359
-73
263
95
-191
191
188
108
-550
-92
170
179
63
-40
-197
68
198
-101
-82
79
207
-26
354
-246
25
246
-49
111
129
-17
251
34
-74
321
-226
99
-287
-197
20
197
-297
39
183
-166
-18
244
258
152
-260
474
-130
-167
-377
21
401
166
18
216
134
281
-96
144
-253
288
-74
233
186
-326
-41
258
309
122
-24
-170
-74
273
163
200
-24
-270
-177
-358
204
-49
366
-168
-686
-265
-329
167
-603
352
-33
333
165
488
13
-261
183
541
109
128
267
89
-94
-299
-274
25
12
-341
-423
171
236
260
17
245
365
-12
-28
353
305
11
178
225
-169
-112
-11
-336
-44
-96
-141
-155
300
72
291
-96
-101
383
88
137
359
-141
-475
75
107
149
-61
-91
-442
-196
-171
-208
-483
-213
22
78
-440
-464
-182
-501
-144
-151
23
262
87
99
-248
-126
-274
-96
58
344
-213
-101
203
-281
-36
-145
-34
-163
-154
7
-312
152
318
165
91
-252
-359
-442
-30
255
-72
-87
84
127
-165
19
352
-310
255
284
138
-158
133
191
35
-201
-8
20
-83
-32
324
-33
-49
14
-245
98
-480
29
-135
180
-186
69
-138
192
67
239
-48
-129
282
228
-98
117
13
-2
52
84
-62
115
-411
-171
-31
277
-128
-70
636
-52
-414
-4
52
166
-49
129
-212
-73
611
-131
22
81
305
-9
-140
-259
-131
34
279
-76
41
-151
-595
148
67
300
-139
-160
199
253
-347
-130
187
-169
243
10
-247
-343
-226
235
313
325
127
249
-141
-162
-59
-297
-125
-277
-122
-44
-248
259
172
7
281
-239
2
-386
58
-149
48
-298
-118
-39
-80
88
37
-373
176
285
513
183
-12
-106
140
305
140
-295
-7
58
312
-98
301
169
232
213
54
-130
-335
-229
37
702
151
-366
298
57
159
95
73
-160
143
171
-244
-165
-288
530
-128
-183
-48
80
-149
-46
242
53
-5
-436
-146
-323
-71
-48
-121
-78
119
-63
-223
76
-81
171
109
224
548
52
280
-117
-234
-378
-271
-102
65
-98
60
55
-37
-291
87
-146
92
23
180
-295
-192
-85
130
-45
243
173
91
-400
305
202
-78
130
165
413
-153
-429
-145
262
200
-257
-371
-15
-38
-20
125
-86
-42
15
-4
-248
-86
331
153
78
404
202
68
42
143
84
-123
-279
-129
333
61
93
-52
321
183
20
46
93
183
-42
71
301
-373
216
338
-314
147
-257
0
-162
-280
-151
-83
-395
-406
213
-332
116
-56
-31
-54
-191
87
-153
-271
7
37
-117
227
81
196
213
-187
95
-22
187
61
151
-250
-21
83
196
-24
173
-71
30
-132
212
136
85
-176
61
145
-273
-116
-197
143
135
272
-526
-267
-13
-273
-207
348
-121
-152
-210
227
51
318
-19
2
-27
-257
8
129
-101
417
-23
-333
220
-50
-235
-122
245
34
-88
65
-215
131
90
220
43
179
238
188
46
271
-327
269
-314
243
41
-40
-76
5
-373
-182
148
-257
-18
-149
-171
38
43
262
82
-299
82
15
14
301
14
72
-220
95
-222
-275
247
-72
105
-105
-60
216
-45
-183
-175
33
69
159
64
-174
-136
158
-233
159
245
100
-110
-116
-42
-322
77
-149
-266
136
282
-4
-123
-128
219
73
-162
-90
-13
60
-382
110
39
418
253
-208
-85
-216
-63
-74
-6
-59
-37
-103
43
1
-116
-458
116
46
-707
54
-56
215
18
-131
-39
-160
-129
360
282
-219
-156
280
-2
-96
-413
19
500
174
184
-172
310
-36
121
-89
34
15
-354
75
8
56
119
-51
-1
-264
218
-225
51
91
174
-80
13
-240
-283
347
-179
366
74
-168
-195
-175
-468
-61
-515
288
-204
-53
197
-14
170
-200
232
-11
292
224
164
-67
400
30
25
301
60
-4
355
-78
16
21
214
-358
-154
-322
0
59
185
-391
17
46
-95
-186
-298
507
158
247
22
-140
-173
-171
-59
229
127
-185
35
408
379
26
-95
-274
175
-227
-59
717
-26
-229
-37
-363
247
-372
139
476
-152
-5
-182
-80
43
-142
-403
-16
46
-106
44
-68
105
-66
256
-30
-26
236
155
-390
479
479
-346
288
221
117
10
-333
106
-217
-8
-247
95
159
-458
-409
-73
141
-216
256
-314
-80
319
-82
87
280
36
-181
-88
-109
152
62
377
25
50
26
223
-589
-25
-381
-121
-92
-22
-338
-115
-85
-15
-154
-359
-107
-213
-33
-362
289
331
-204
205
189
40
-410
215
176
583
-285
-635
-74
-372
-113
97
25
235
-43
-397
114
-129
-443
-264
-22
326
-6
-215
-117
61
53
104
-144
-627
-424
191
-90
110
-40
77
356
-64
71
-274
90
-340
113
-186
53
-87
-117
27
241
37
17
244
45
-520
182
-253
-202
-217
78
-31
115
-275
204
-25
-27
-62
-446
-28
538
186
105
-151
-25
110
-145
-208
-56
23
181
-33
-92
147
-227
73
163
-54
-226
365
-262
-315
-273
-70
-119
92
-118
-289
-121
-429
34
104
108
-42
-39
-498
-126
50
90
-321
62
107
-279
-215
116
15
54
-146
166
82
-108
353
249
-29
-80
-232
-399
-181
59
-92
209
49
105
-257
-49
-110
-118
-165
-119
-218
-120
-652
-24
200
-244
20
112
-464
-1
-156
-136
-39
620
-240
149
-148
-183
-74
-236
109
-162
-46
417
-118
-140
-309
125
-190
-27
315
-455
-378
-108
49
-48
-283
-7
314
325
-127
95
419
173
66
-112
310
-38
-149
-214
-386
457
37
245
-135
560
80
-26
254
63
716
56
166
65
-105
132
-158
461
306
317
-145
324
-140
539
311
-337
16
271
360
-55
586
8
295
-72
-199
-239
249
79
234
4
100
-80
-225
305
412
118
-21
105
-485
-171
127
-56
387
-119
-18
-248
-49
-16
-72
113
-150
136
-301
175
-151
93
35
-49
-38
-4
233
-84
47
-21
-59
-36
106
126
-2
0
45
-227
-218
182
-64
-171
-225
156
-176
376
-353
311
239
142
-285
233
137
-288
338
-76
207
-336
34
-71
-113
-91
66
-26
-15
-319
40
68
-28
242
-193
173
-124
-40
253
271
143
89
-177
172
81
253
316
167
390
-224
-113
-231
-193
73
-252
-251
317
-125
139
-246
73
210
47
-8
63
-196
2
257
516
245
180
210
-83
123
129
35
-94
-24
124
118
19
286
-5
-49
-601
-293
145
44
285
-254
99
-562
-359
406
72
-411
442
180
119
181
-136
296
408
294
-105
-316
151
-219
72
305
103
563
-4
17
-92
136
-232
186
136
358
-204
48
147
-404
-58
227
117
-181
-10
144
-239
338
-247
-111
197
5
44
-319
775
210
79
-110
-98
-64
-245
370
147
103
80
107
-349
-130
544
34
-396
187
-3
491
-258
90
327
-32
-76
-70
-255
109
251
530
8
-108
238
-425
-493
-41
300
715
17
195
510
263
44
26
207
271
-45
-168
-381
-306
43
-46
295
233
-223
217
86
29
49
299
372
-382
187
90
137
-311
-329
-216
117
184
240
-560
417
185
-172
-36
-142
-7
-155
116
-13
-190
-102
187
80
-217
376
-221
277
-192
-16
293
83
-124
-251
-67
20
219
-53
-298
-238
454
-405
359
-46
-293
-682
-207
-51
81
-303
-25
-423
7
-124
-403
-159
299
-167
211
127
36
-195
355
395
-144
33
131
-14
37
-114
-180
-58
-51
-366
637
-207
20
-48
28
43
-162
-46
-199
-129
-172
127
-220
-156
305
-10
357
-74
-380
-216
-132
283
530
-195
-211
102
-81
0
341
209
-370
-125
-158
-256
-360
19
-270
122
-426
287
-134
-177
470
-283
165
-215
25
-24
-223
-44
305
505
198
211
52
663
-12
56
-118
98
-69
74
158
12
-409
393
140
-232
178
168
-495
261
90
251
-374
103
-84
-75
70
568
-162
-91
105
15
367
358
161
206
-74
-251
367
21
421
257
-253
-59
97
-303
54
213
141
-180
0
137
-219
86
99
119
-284
-57
-33
-71
-23
57
62
63
-30
110
-42
-67
192
274
75
512
-549
218
-64
291
-207
81
217
-243
5
-93
38
-31
-236
53
-82
160
-313
-177
9
-389
316
-329
-68
-58
-150
39
-175
-183
71
-335
-269
-12
-51
-403
541
-352
-32
-183
-147
-86
-119
-15
67
-58
187
219
-195
-431
7
19
322
231
-301
149
317
193
-264
38
-31
-251
-99
210
167
186
85
0
-57
25
205
-84
-268
-360
-253
135
121
-174
203
-309
61
27
-308
300
69
210
218
7
-297
-18
-231
309
-243
231
101
207
-141
48
-108
120
-356
-83
-184
16
441
88
51
-97
-362
-262
94
-75
-259
411
-398
223
392
-122
-327
213
150
96
331
-126
-269
-309
128
-60
117
474
222
64
30
-247
6
14
163
117
-240
149
-34
-441
196
3
323
159
-37
175
433
-8
167
147
-292
-196
-21
-38
136
-115
111
328
30
42
98
-85
124
175
350
359
191
-207
86
247
-515
470
24
0
-194
2
-146
-1
-270
266
129
-12
-196
-61
450
28
285
110
137
-281
-32
-113
29
-84
-115
88
245
94
168
-253
-106
127
-241
305
77
-81
157
-234
-4
-496
-107
442
29
42
187
-68
332
-288
-45
-117
-180
-11
717
-261
158
-190
36
-164
234
341
217
107
165
168
-275
-8
497
107
10
92
-401
18
625
-209
-345
-318
-278
-57
-3
90
-259
72
180
252
-211
-203
-399
392
340
509
75
-4
169
-258
-101
-322
-167
-168
416
268
255
-180
431
-278
-42
-54
145
-272
380
-106
-96
-107
-225
-69
49
-14
-338
-522
-311
246
102
-352
70
214
-130
-77
382
-145
-141
-93
-257
-134
-59
163
53
18
-63
-173
80
-332
201
-180
-259
90
108
170
61
-345
152
94
-8
-180
42
-52
-184
-433
121
37
546
49
-322
26
-221
29
-126
31
-70
-144
22
190
90
195
358
-398
-169
449
0
-443
-358
-37
257
-294
-52
-211
41
203
-172
230
-40
-93
148
345
-90
-73
284
129
-170
-164
-249
91
20
91
-159
363
-5
7
418
381
-34
331
232
22
-102
488
104
-388
15
-163
-348
-383
-105
-40
89
104
-110
-213
-295
-108
9
-34
202
343
-156
87
-106
-93
-170
91
166
-178
-203
302
148
95
229
67
-39
-88
-293
-419
253
-205
32
-457
111
173
-191
105
96
-270
-145
260
319
-170
-60
144
78
129
-117
144
217
118
30
-308
174
-79
-10
-38
311
-87
-296
118
22
131
252
54
-205
-273
-132
-51
-208
-112
275
-119
-26
-28
-196
366
51
-164
146
572
-28
-124
-253
50
-9
-123
-57
-3
59
-404
-50
-574
144
398
-140
-56
-25
89
108
-177
-176
-58
132
-258
-421
7
323
10
73
391
-174
320
65
-206
243
-105
133
84
224
297
249
-471
-58
-219
633
-574
-188
16
110
-168
-39
16
237
-13
204
416
-18
-77
119
-128
-11
-151
-204
-212
101
127
13
311
-298
138
103
-90
-159
-260
272
-246
-37
62
-137
24
-51
-92
-226
-8
-257
-315
-7
-355
29
140
121
300
290
-206
-34
-566
63
-301
-120
-234
-84
434
313
107
285
-100
-218
68
69
-706
27
652
33
-34
288
41
101
334
-213
332
92
52
-182
281
15
-172
65
315
-156
98
-264
-211
-283
219
96
417
252
547
-94
25
-13
36
414
450
387
-228
-121
226
109
10
-204
72
-89
397
-348
115
344
-136
435
-174
278
-66
-42
-38
-136
119
-186
160
-156
-204
52
25
684
-85
34
526
128
-314
-376
307
-299
-149
-84
156
597
133
100
212
-5
-290
77
270
-231
-301
255
-399
19
490
125
-77
154
34
108
-233
-221
74
-39
-4
-68
154
68
86
-149
291
-198
70
-108
175
-55
63
-158
-39
42
-102
-80
16
-211
316
-298
171
84
-402
-481
-51
7
-77
531
-16
521
77
430
276
-199
87
355
-206
151
76
461
-154
-283
296
-319
150
-235
309
-80
233
-36
-37
-9
154
301
167
-108
-86
516
52
196
-39
-93
375
37
-38
91
551
32
189
-23
-101
-65
-198
-74
82
280
-52
-49
69
76
10
95
57
-106
-172
-172
8
275
74
-377
-73
-60
87
316
103
-41
40
-39
-132
-120
291
329
-103
-49
50
119
-142
-269
-248
-104
58
153
-127
-141
300
13
89
-347
153
122
116
259
302
41
-184
-227
-402
-96
-421
374
-294
227
333
-95
-282
-222
-143
211
-18
-185
-12
316
119
215
-137
265
57
166
-62
-291
441
-211
321
349
-204
-75
162
313
-323
124
172
181
-283
497
-113
-165
255
168
-200
322
-65
140
74
61
18
-283
119
99
56
241
33
-211
58
315
-83
238
155
-183
89
-102
22
595
-27
82
-90
39
357
16
86
268
-235
-430
367
-144
338
-150
-241
71
-279
-473
205
-122
-136
447
-64
488
439
-420
-104
215
15
-134
362
196
-225
-26
-151
-237
124
97
-62
-99
-289
-278
25
-325
-127
-202
-75
103
329
459
236
-249
71
56
-127
-344
380
250
300
56
-160
-19
-163
233
185
91
35
81
435
107
144
56
-217
11
32
15
275
253
-258
81
191
395
-10
-353
-72
83
3
-241
443
-199
83
-199
93
-263
11
-240
-295
-165
292
59
-579
103
-481
-186
-118
-192
73
109
-133
-628
-209
142
44
-191
515
5
44
49
-100
-181
0
-134
70
-282
296
192
-53
-160
-37
-139
232
-21
496
-2
-283
298
25
265
-300
688
-378
320
421
34
-214
-555
-102
237
109
-108
72
20
138
-114
154
-277
213
44
12
154
101
368
-401
165
270
103
-149
-221
25
-123
-117
-149
-67
-426
301
36
-538
-141
130
483
10
18
384
-308
292
299
250
172
-51
-70
103
106
124
-258
-184
-142
-112
161
215
204
-479
-355
-490
-146
-222
-160
-51
-444
-229
56
22
-526
21
247
-251
-227
58
-87
22
101
176
303
28
114
-190
-104
-276
233
-29
-69
129
-377
62
403
-64
-424
-78
412
-203
299
60
351
85
-344
116
-109
151
74
73
300
-340
363
31
-102
-278
-156
-113
-72
64
173
83
163
-187
-124
191
-68
-164
159
89
149
20
-42
140
-293
131
-109
318
-121
-136
-148
392
242
435
-18
8
115
-304
-98
-205
67
-248
-29
-84
-82
-15
-267
44
301
416
377
22
-291
38
-196
-85
-365
-338
-149
-342
160
262
-17
120
69
168
-115
70
233
-163
-157
-31
559
-616
414
113
-382
-136
239
-40
190
107
-246
28
22
160
-359
-185
167
-75
114
-99
233
-235
72
90
-131
588
-324
59
-23
144
213
-160
-597
221
-243
202
181
94
210
-16
160
-151
-167
59
221
-94
-130
64
-384
384
22
-107
231
13
-7
-32
517
-314
-100
-50
31
-44
-225
142
-13
-199
116
48
-46
321
-141
-64
-30
-101
-75
341
-25
-309
377
209
254
147
87
90
-330
85
-179
279
-66
99
30
-126
-260
-116
140
-585
-266
-347
-167
-222
-328
-13
-326
90
13
117
309
235
-318
-369
-330
22
19
380
157
-96
-154
-270
-145
-51
76
-354
165
-197
-165
287
-212
338
-328
134
-59
195
338
80
-335
-13
234
105
-34
57
-257
-58
113
-96
-772
156
91
108
54
236
407
-292
-440
92
-105
-33
214
27
86
-249
-2
124
246
338
-120
267
172
211
172
29
114
37
202
-29
107
21
239
127
-451
-427
-37
-206
-184
-105
-86
-70
24
-557
-180
110
41
-142
253
328
20
-52
-379
-129
166
-184
-94
-406
53
-109
200
-480
-39
-102
54
292
-144
-105
119
-53
295
-195
364
252
-48
-105
225
20
-170
374
112
-198
-182
88
27
-128
-389
-96
-321
357
145
286
-138
-269
-166
160
146
251
-82
177
245
-196
184
38
-32
-315
-263
167
-32
-285
286
19
5
89
155
-67
-274
-74
163
141
-211
593
220
111
170
85
126
-256
49
105
-26
-168
464
61
203
90
93
-175
80
109
251
84
-121
-64
59
160
3
54
-185
332
107
68
-88
-311
-80
82
58
-238
-110
-189
217
-174
8
-133
76
-302
-138
-403
-329
-87
-289
11
-182
240
-59
-62
-91
-25
327
363
-155
-226
-83
-353
-98
-21
457
1
-183
859
-34
22
-63
31
14
31
480
51
95
-295
-6
-38
306
-261
-7
131
-442
264
416
177
-87
-131
-13
42
-580
191
84
-387
77
-216
-102
-119
54
286
82
170
108
-55
-116
233
102
-263
263
344
-40
-173
250
296
-286
-128
343
173
167
251
-355
177
-200
121
-163
77
129
245
-30
-84
-55
-216
382
32
-13
333
301
-57
147
-176
195
-310
-89
345
499
-205
506
-28
-285
-61
-218
-232
24
-16
-71
72
213
-340
-1
162
23
-45
-342
95
-193
204
-16
-165
359
-306
-74
-243
78
100
0
402
-254
46
-75
-122
-56
137
-114
179
59
-67
19
281
-332
158
301
-386
-157
-88
375
315
205
-420
-326
132
-94
-55
-117
40
-282
-116
-311
-82
235
124
-237
321
-128
-363
-336
-46
340
23
-442
71
-55
432
-11
57
393
231
199
262
-242
-5
-73
66
203
-231
-552
361
-221
-273
37
220
-100
165
282
-27
-89
92
78
-134
277
-68
-284
-82
7
313
-300
305
-39
-503
-46
-263
-352
-114
152
224
-159
-97
-273
-210
457
177
-18
-291
-228
248
-410
653
-50
123
185
-102
382
367
-244
68
-194
-69
-135
289
256
-187
-122
148
-309
302
158
-93
-27
-102
-33
-3
-300
-279
-354
23
52
34
255
-550
150
-244
-401
-276
408
273
125
-10
-403
48
33
-47
-40
229
-349
-228
538
87
-215
-37
210
6
-30
154
-155
301
-308
-31
334
291
-167
-673
385
73
-176
155
-76
40
-235
148
-295
99
-499
-154
-217
482
-226
-309
85
-31
-92
-173
-258
280
-77
77
-290
75
228
49
-330
288
-246
-120
-91
169
131
-85
223
-353
-198
79
325
181
38
143
71
-66
-149
-151
-30
-33
-588
89
-54
0
-172
-338
-67
-92
-62
47
-32
-249
-159
-90
235
-224
3
-386
128
-110
-280
-30
-537
-273
21
75
-12
19
-30
-214
-19
-19
-202
-548
-96
-46
219
77
-164
-148
-56
-554
104
-532
-117
-187
207
75
-49
-162
62
-8
-182
-125
58
144
311
-19
-170
393
470
163
-358
-115
-301
-201
-22
-197
-285
289
214
275
-278
32
140
66
-74
214
-408
-57
-321
-310
259
12
-152
-259
-202
-102
-156
-122
209
-341
-396
-370
-41
-89
63
-28
-135
-152
321
-223
-243
139
-148
-382
-15
320
-107
168
109
342
63
357
398
78
132
134
233
-55
202
-153
125
-101
111
-99
-444
89
-337
186
-105
-157
31
143
-561
-178
-19
524
219
-179
349
81
-28
-34
-136
-79
-209
41
-182
-96
179
352
201
55
341
667
-247
110
-68
-533
-92
-146
-130
-247
-262
-4
-225
-199
316
-278
309
111
212
-91
11
126
459
-74
-363
71
40
163
304
-120
-164
81
305
-49
-498
19
-264
212
172
89
392
103
183
72
-24
196
66
-203
-40
301
-112
315
-83
57
38
-175
-199
290
172
-31
112
-291
8
18
-216
131
-128
257
26
280
-7
-182
110
165
287
-70
466
-86
13
-224
-199
12
134
40
33
-11
690
44
115
-289
137
162
86
-141
89
458
264
9
-202
293
50
-148
58
29
0
-340
-14
253
192
268
-17
95
-48
232
318
-115
145
390
-50
-88
19
44
46
336
-15
-109
538
21
-129
-76
-54
-385
64
-87
136
127
-68
-179
13
-90
-120
-219
-255
-149
-56
206
402
-349
-297
219
88
128
62
-4
-111
89
295
379
183
108
1
-155
-418
136
85
-131
127
13
73
-31
232
166
-53
424
183
-265
-130
12
68
-187
-39
220
59
-324
-47
157
462
189
-573
-132
-263
-153
223
197
413
-100
-20
74
86
95
-103
-2
-158
417
627
50
274
174
172
-131
39
-41
339
176
-283
-369
-51
323
140
-99
-128
402
300
-123
169
130
-155
233
287
-379
-38
-30
181
-321
7
393
137
223
-60
30
50
-49
-158
325
-321
-153
246
154
-79
41
42
239
69
36
110
-395
79
104
-85
-71
344
-177
-83
-447
34
-319
-73
53
-25
100
131
-290
271
-187
-315
-105
-34
35
-120
-491
218
196
157
162
-341
-227
288
149
7
330
-136
-43
346
260
-158
-187
-295
324
-287
184
-270
69
-129
-236
129
-287
81
-92
-221
289
-97
98
242
-94
-482
117
-352
129
201
-118
-516
-2
-173
-181
-9
38
-162
117
160
-64
21
-151
-61
21
317
157
-149
142
197
647
-59
-80
390
-471
27
273
344
-225
-250
97
-456
-337
97
-89
38
-306
-278
368
-277
-32
186
-81
254
-73
-99
416
209
10
233
157
-84
429
-186
-146
291
351
-495
156
-100
-18
240
179
98
-201
183
389
-219
-431
13
-83
22
-258
51
78
-9
199
-255
-310
-128
250
142
472
-20
-441
-596
119
399
14
-154
195
304
-88
269
-114
102
224
77
217
-7
-259
6
55
-36
322
146
-369
9
-544
37
-260
713
-177
414
141
-11
26
-84
222
52
18
127
-38
218
308
-154
-142
29
-352
82
99
-58
353
24
-40
-52
66
-17
-181
255
-35
19
-491
-416
-42
-53
43
-140
25
-382
-287
24
21
-437
-328
296
147
181
44
-116
-39
-179
-222
-56
-19
292
298
-151
-67
-239
-197
431
-219
122
132
-635
115
249
-302
-133
-127
0
-266
53
153
340
171
76
257
-310
418
46
-115
-88
301
-589
94
-65
-248
-227
-39
-129
-22
-423
-218
203
-280
-191
-126
26
-45
71
161
-234
135
-34
-31
498
239
110
312
165
26
535
-144
-127
-190
319
-181
-124
48
295
-568
29
419
216
-98
370
-292
-330
108
76
-3
-73
16
80
197
-342
203
-35
419
-102
42
194
172
-225
-119
-246
-162
0
92
-411
34
-377
-262
70
-184
-40
-63
-26
92
434
177
449
116
179
17
18
-14
359
211
297
-227
85
179
98
-379
-84
-17
-257
550
37
-102
-101
276
201
-19
-47
-72
16
387
435
21
-78
-366
347
-349
86
225
138
115
251
265
51
-41
273
235
-229
63
89
-157
-285
-110
235
-168
325
-31
325
-7
47
57
363
-303
196
255
-28
160
98
4
170
-212
118
-42
-157
44
586
-124
142
-176
-156
-235
196
89
419
-450
-80
-43
101
307
101
-90
-95
33
-164
-175
121
246
1
292
234
201
-373
-1
162
-159
-5
-278
56
311
7
-96
-368
288
57
-276
-224
12
271
-220
132
100
48
-62
-434
-261
-140
-236
305
285
188
-187
40
-77
188
-53
111
-133
-140
-131
-312
258
-54
-158
201
23
-479
69
24
-54
-7
-244
172
-141
400
3
346
-206
161
-289
-431
-32
280
140
84
345
-47
-75
0
-65
179
-54
257
283
-104
-82
127
-39
82
163
23
-35
146
71
95
69
-418
217
-106
228
-244
-174
273
73
-241
78
-95
-53
-432
-358
23
235
-293
-129
-288
29
-533
219
-152
61
8
188
12
-43
540
227
-48
-357
-47
171
150
269
-79
-190
-445
22
-141
-163
-237
143
-84
-438
155
-135
160
134
199
-25
256
-234
49
89
-213
682
-13
231
62
435
36
-173
119
285
-40
50
0
99
-359
-205
-519
129
85
-200
-161
-126
-151
129
348
159
175
170
375
-118
-236
-60
-254
-205
-166
157
-224
-110
-533
325
89
66
225
153
102
-422
-70
150
-166
196
-343
-279
-490
-121
50
-262
555
304
205
121
186
230
356
139
-267
-293
-254
370
77
211
-79
51
25
32
-104
95
-147
-251
348
-536
-43
177
55
103
-318
-37
296
-4
1
-172
168
-281
-51
-59
10
148
-290
373
99
-85
-183
-72
210
128
-158
-446
-203
-1
-233
123
-89
-307
-151
-59
214
421
-96
-9
339
-61
-32
89
189
-542
-381
-75
-3
205
-523
315
147
-377
-449
-312
-58
38
-320
171
-36
14
-494
-65
-212
182
44
-248
-99
72
-646
-142
-304
358
-22
-300
-415
-20
104
302
-351
-120
221
170
-51
-510
-362
148
-39
218
-277
113
-64
86
-178
-39
-298
207
-1
-268
168
99
44
135
183
50
-183
44
172
373
307
257
-25
187
87
-48
-120
30
-108
-46
102
34
-112
299
-446
-205
-8
194
537
-198
61
-257
57
243
91
201
86
223
-172
-205
-22
192
-564
201
-180
-512
-486
170
-41
-187
-102
-249
-253
-121
-65
398
305
252
-6
-63
236
-62
-158
125
-57
-199
398
31
-206
108
-326
-431
39
90
-95
261
-67
2
-219
-82
-83
374
-61
-260
-109
-144
-241
205
-88
246
363
-198
235
-96
-120
-197
-314
55
-70
-133
-51
-359
191
-57
539
124
-196
-280
144
50
57
-163
-133
-253
-309
253
25
-171
33
-160
-47
-277
-164
-25
-171
-643
-97
-126
28
-29
106
-47
195
105
-160
-29
-117
-593
209
-41
-39
243
250
57
-123
290
60
-102
78
151
-235
232
-165
102
8
-302
159
28
158
395
377
280
145
496
-110
-76
199
321
196
5
-47
120
94
-404
-180
-171
-244
-32
30
-79
33
-138
18
-1
-336
185
212
335
11
-126
174
56
95
316
7
84
-82
43
-224
-76
579
-182
-351
48
138
202
-96
366
-48
-192
413
273
278
377
1
59
-139
-20
-172
-136
99
27
142
112
38
444
-110
-58
-58
-495
-86
74
-347
-101
-147
179
-53
-139
-217
264
-133
-72
-323
38
347
402
340
201
133
17
131
55
-177
179
-95
175
-28
102
-234
-277
-38
102
38
-128
265
-134
-353
-82
-356
-34
41
116
158
12
-735
-277
-257
-344
263
359
108
331
237
230
-124
-451
-83
260
75
-289
25
112
365
-167
152
-282
-289
-201
62
-112
-411
451
-65
555
-403
-305
267
283
171
184
-58
-186
-156
298
186
-141
58
105
405
64
541
-11
25
88
331
-352
45
-78
6
-84
67
288
311
75
221
379
399
-8
-455
-33
-227
-441
-222
-49
-461
-109
202
2
-30
101
244
-135
93
-71
-63
-3
287
-233
-76
46
277
-74
212
-347
234
-96
34
-417
-194
-142
108
-115
-82
378
185
-311
-182
264
-410
154
429
-136
28
-579
22
279
29
-339
-38
-168
-215
53
-169
-258
-51
-164
-92
-437
13
-254
-340
344
202
-184
380
-535
49
-72
41
149
406
-102
-108
194
855
83
-311
26
-333
230
-180
-165
256
110
107
66
-8
-67
396
-333
-267
179
319
143
-269
31
158
143
-225
-40
224
-303
144
-330
-169
77
233
159
40
36
20
319
12
61
143
170
-29
-130
-384
-294
434
-149
-125
333
-110
32
-93
-377
435
-343
5
-246
216
-207
112
64
177
203
210
274
-141
1
149
23
-90
81
-101
-298
69
318
118
6
-209
-119
-29
151
-433
125
-152
68
-22
-96
-74
116
-216
-131
95
147
-3
1
-109
-328
-236
-185
77
-135
-41
114
-460
184
493
297
-231
170
144
-359
380
225
16
-45
20
-34
-230
-116
-191
83
307
123
155
435
-662
134
23
310
101
-137
161
19
-194
62
-377
-108
-14
418
-194
-109
417
-127
-28
-142
176
-379
-203
-136
1
242
78
136
66
17
-410
96
-7
61
-198
308
-13
-139
-111
275
-32
-101
-413
-254
55
54
3
158
276
-50
224
-261
-155
220
-92
72
112
70
-401
74
-177
287
-197
240
55
119
71
13
-28
41
197
-123
188
-8
278
304
-67
-187
-374
155
62
145
259
-8
113
-350
277
-165
-138
247
19
-34
-492
153
260
-387
152
-174
36
179
40
106
97
-218
132
-11
-155
165
-260
-384
-22
224
-216
58
-319
-267
-326
-35
-178
252
-300
-155
-421
266
255
466
-84
-227
-103
292
-112
138
-104
16
139
325
57
51
-49
-57
311
529
50
53
-326
-222
-15
-73
-15
-1
5
263
-260
10
109
45
-148
-398
-17
174
-70
188
139
24
-90
-32
-244
68
253
99
257
-83
-549
342
-86
41
249
-239
-155
191
223
603
70
-485
-114
17
112
-415
253
-275
333
310
298
225
156
-109
-19
-136
-145
295
-50
-85
35
345
4
-515
8
-136
8
-111
-23
-170
-193
45
194
-143
118
309
227
333
-268
-100
-10
177
-183
-152
20
27
-302
-10
5
-342
-166
111
33
-18
-158
90
-172
157
-77
-69
-136
513
104
-126
99
-336
527
269
259
-9
-122
-165
-156
55
-84
-206
318
-91
-318
-290
-163
-38
446
223
55
366
287
-106
69
143
-3
-91
25
611
-194
231
98
68
16
-308
-109
-66
118
75
104
-277
6
54
168
23
90
-91
-93
-282
-24
1
185
-42
513
178
236
75
-219
-168
-4
-13
306
288
-127
-202
209
-190
93
119
-30
95
-3
122
-129
-196
66
-373
438
62
-13
-189
506
-116
-366
-238
13
212
196
-357
-35
-563
-13
236
31
-201
-122
-147
-97
-107
41
27
-59
139
81
77
-149
-109
-36
-459
76
12
-159
-34
-89
-106
371
83
-424
48
-19
65
-54
-56
-146
514
-444
-102
-335
-140
-445
-143
-48
-152
216
14
-102
-172
104
91
-273
166
-513
95
-109
250
27
-144
-53
31
-176
155
-14
-150
-154
257
306
-91
90
68
262
-115
102
88
-13
234
52
49
274
-215
-61
37
-46
-2
58
-16
88
50
-286
82
243
-110
530
-123
17
-150
-108
-289
-358
177
26
32
-123
-51
192
-67
30
143
-94
-59
-300
476
-261
-19
37
-9
138
-226
827
-86
-238
-110
52
514
-64
-22
-150
220
-103
-220
36
22
185
-69
-33
-106
121
395
-245
305
61
154
-47
-219
111
323
-237
-224
-305
65
129
-460
-282
-178
92
-197
94
125
-198
-210
1
-168
-17
-186
-304
-157
174
140
11
-275
53
41
77
-30
-146
-224
29
-111
-110
-391
-188
-3
-247
17
246
186
-82
97
94
81
-4
-581
218
165
-30
18
418
507
-33
84
-212
-118
-418
12
-275
-252
-558
-66
-392
8
-80
-120
12
-360
145
235
76
275
507
-156
94
-160
-487
-237
-246
325
25
394
362
-395
-43
430
-20
-213
-384
-134
299
207
-119
-98
-87
478
-18
-49
-387
386
-212
51
-25
-363
-547
-149
-78
-38
247
217
40
-335
30
-154
-463
-179
269
304
330
-187
-205
-93
9
-83
-44
-216
163
42
168
-58
-58
-471
306
-212
1
198
155
324
-176
365
-77
211
-284
-78
-198
-251
328
302
199
-465
291
-269
-353
-76
541
-130
-121
-550
-327
23
64
-136
-116
-266
-289
-447
-361
40
73
-69
168
-180
310
56
-313
-187
230
96
80
-50
-202
-416
-17
-387
-167
-13
-68
49
166
210
114
68
31
258
-102
-161
-112
-149
350
160
75
142
-34
-224
77
-137
17
11
535
21
78
-42
229
215
62
70
58
-320
-144
152
270
-172
221
146
-46
-152
226
52
-217
-696
-11
-80
-124
-310
-68
-42
246
79
353
15
138
-15
418
38
48
369
-136
261
402
38
72
305
296
-203
-18
-173
28
59
-295
12
291
-148
657
252
-186
-63
-111
-222
-59
-134
-274
374
242
448
13
119
-210
82
298
-43
8
79
-141
80
-118
88
-37
77
-90
80
115
-252
-82
-140
-363
-566
-267
193
-89
590
219
-11
-64
-51
165
-56
-105
-376
108
159
-183
-72
127
-255
133
-370
-73
-132
209
-295
-62
109
-424
-341
-200
-229
-191
105
-164
-90
70
178
268
275
166
76
6
231
-434
116
-223
-208
1
-51
-317
95
-296
190
71
241
333
-82
-305
301
-192
-70
101
-102
397
195
-333
148
358
-173
-328
-105
-254
89
105
-8
56
-428
46
272
297
-175
29
59
-78
-387
-203
-237
-90
-93
-69
-327
-60
-258
-547
100
191
169
-420
198
-362
31
42
67
65
-82
231
-197
77
89
-275
-88
-134
285
-74
197
29
400
-154
-134
-231
353
-339
260
-382
-22
44
200
45
378
-284
113
158
-46
-421
214
-368
-3
205
65
103
-204
89
-157
400
264
-373
119
-446
-203
-30
-214
-312
-12
90
154
101
-181
381
47
-105
-39
154
-224
-72
-56
64
220
55
185
-99
-366
131
159
-159
243
-138
-19
138
-347
-303
50
162
-42
275
-7
228
-196
-222
-44
182
-184
-110
-115
448
467
56
-240
-407
150
622
157
189
165
-419
194
-3
-245
94
200
117
-55
131
397
104
187
261
-278
-278
-11
38
-141
-265
-172
-182
-357
-251
-106
10
205
-410
-210
-154
-85
50
489
241
137
-139
-2
84
46
125
-87
81
-369
140
-215
-127
260
48
94
27
-332
139
-98
293
142
-48
42
398
84
64
-42
112
201
130
-98
228
37
253
-168
-143
193
-219
197
174
-53
14
39
119
-78
327
-224
-400
259
67
-50
4
95
99
0
-36
-42
109
278
-159
0
54
123
-450
-347
-168
-202
87
-16
-97
436
-11
-274
-456
-291
-10
-191
-128
98
-82
-34
30
149
-665
-151
-132
-292
123
129
390
-78
329
-169
106
423
-237
-164
-525
-12
17
-61
-202
192
117
21
253
-262
-205
-72
95
621
-762
-163
132
140
-383
338
-304
-243
-330
49
331
132
-140
87
-442
79
-5
-289
-96
-3
-41
-143
-13
238
-10
-42
-390
436
120
-314
51
-70
235
-27
-48
16
-54
-211
-379
-172
232
23
-179
-56
7
-40
340
50
172
18
173
-347
-170
-232
-338
49
305
80
667
-60
-11
117
350
183
-106
196
-78
48
21
-139
-244
-12
164
368
12
76
-224
20
321
538
-49
-103
88
-6
60
367
263
445
-203
-66
13
50
-120
273
-95
-40
-242
137
-45
53
164
-364
-95
166
-275
90
-252
101
-190
86
64
-114
162
46
169
-114
400
47
-10
12
191
-404
147
-96
52
201
-359
-11
-41
33
309
-269
245
739
-236
83
286
-348
94
-101
484
173
-209
398
459
-354
137
-368
-221
-51
9
-37
637
-83
-304
391
25
-288
39
-401
115
225
-8
42
-618
470
173
46
151
349
-385
10
-101
-357
-49
-109
-415
130
-227
60
-338
122
-8
-336
-126
27
68
-77
76
451
373
648
49
-338
-145
-307
-382
-400
121
-40
138
-107
17
311
-214
314
-193
239
296
-102
8
-47
63
-143
-115
-25
241
-368
-155
-36
116
609
124
34
-188
163
-193
523
-157
315
178
148
-365
-396
-121
199
282
-66
-88
-350
-241
150
42
247
-269
213
142
199
-136
178
99
-593
-232
40
147
-343
318
-55
83
87
-190
379
-156
-95
373
229
-207
108
50
-42
231
230
198
-50
-114
-204
-18
294
-338
-22
98
-35
-244
-2
-63
-30
98
-35
-249
-196
329
-47
-35
-78
-240
-273
232
-24
169
-242
59
402
93
70
-115
94
33
-357
150
503
159
-30
39
-270
195
268
-190
-75
307
205
430
29
-110
-436
345
142
301
33
-76
-48
80
-128
-216
301
-139
312
55
-343
216
-70
236
184
-70
-301
-232
109
-145
22
-390
-377
92
-230
-462
427
304
-455
-14
132
-125
113
242
-276
344
-183
-271
185
177
331
-298
-149
-112
173
90
25
-30
-397
33
112
202
-128
-415
60
-181
-107
195
-222
-28
93
-76
116
170
179
-265
-115
-168
259
-16
147
-336
548
-138
172
67
-420
-111
273
-250
42
-68
-302
154
228
267
-8
152
11
434
398
224
-562
-15
-9
-294
90
140
-42
101
2
-136
169
110
104
397
-29
-220
-62
164
-74
-144
214
-77
-246
376
-289
-38
-36
-167
-243
0
-371
-51
162
327
-54
-122
124
-302
308
-122
-267
-99
155
6
-173
-231
-69
-222
437
-384
270
-247
172
459
27
13
-497
49
-270
250
235
363
-184
-192
59
-114
-229
223
120
210
-539
-50
4
160
-25
-121
-4
-139
71
-375
-255
375
320
44
-98
669
-154
-41
-185
-347
164
12
208
-468
-46
157
220
38
60
116
-237
-376
41
23
-144
313
-144
49
295
382
-90
133
-91
79
168
38
47
-167
-260
87
-320
273
95
-124
264
409
-169
-137
342
456
-5
-625
-12
289
-223
225
-204
7
333
-272
-198
-164
213
201
-452
-248
-45
-205
11
-96
-5
73
83
653
-62
339
60
-231
114
-38
-155
-45
46
-141
-329
-58
197
5
196
24
-65
642
12
-182
340
-161
-144
-60
190
1
-19
191
183
-126
-123
90
-125
-291
96
174
-189
42
-282
-332
-188
-113
-75
-114
15
38
455
-20
-105
152
196
-68
0
-65
-103
1
432
-110
8
-142
-106
315
327
344
160
-237
-261
-473
-314
-319
20
367
204
195
343
132
267
273
-174
-188
83
229
268
-181
30
92
-18
-301
39
-65
172
-267
251
-64
-201
-72
-131
210
538
103
-54
-311
38
45
199
-342
-34
-171
-115
139
72
273
614
71
-309
-4
255
39
-61
-167
-61
-123
112
-287
-298
-272
-15
-43
253
119
180
-113
93
258
-460
67
70
3
315
-237
-88
300
61
192
-86
220
100
-24
355
47
-100
14
-34
-176
-48
115
212
-288
139
-139
26
-201
279
-119
-291
-132
-100
-272
-299
455
-251
93
-358
121
-134
-68
189
271
711
366
67
390
190
339
-140
-287
238
-169
73
240
33
-13
50
350
115
-59
-106
319
166
160
-37
-278
66
-87
225
-222
-131
97
4
-101
-80
-28
-108
156
-58
-359
279
-36
-136
339
-16
-271
134
-69
197
-383
110
-148
157
424
118
-564
-317
90
-29
140
-208
-8
-185
-193
102
-184
228
-42
84
251
41
-196
-82
94
-90
-358
-209
271
142
173
-153
69
134
-126
317
247
-103
89
-168
-184
-96
-358
-134
60
-52
221
297
132
-118
325
68
293
-55
219
-344
-686
-30
37
-32
-335
-23
29
-3
455
121
66
66
252
454
6
39
-160
-112
235
179
-326
92
-136
203
-468
-48
-201
304
-269
44
-210
-115
376
-41
153
-379
33
78
367
-205
-154
-42
267
-4
101
-258
-305
-251
590
-306
150
-7
137
-425
102
-189
108
93
310
5
-424
117
168
37
447
-6
-25
-1
103
82
-654
439
223
-102
-30
661
-220
-1
32
-110
97
373
-203
299
-514
-128
-656
39
18
204
-147
5
84
-47
78
239
-162
68
-523
-41
-16
-165
-99
-13
260
177
357
-125
249
-242
-81
396
175
77
122
385
80
378
-21
-58
187
-177
3
119
-126
-219
-208
-194
-344
152
-284
-417
195
-459
151
416
248
-338
111
-46
-248
-199
-351
301
6
180
-140
-69
-143
205
116
-149
64
-55
136
-399
-382
-422
-120
-138
290
-7
-3
175
-28
-159
96
-17
236
-63
-74
88
-302
54
203
86
-38
-75
-33
-4
-165
-263
110
-21
298
-55
-13
202
-165
-68
195
-142
-66
-254
-311
-355
-399
98
186
190
-210
244
-80
239
47
-150
-4
46
358
-322
119
-54
-185
12
188
-193
-358
32
-55
-181
147
-183
69
-3
-189
139
-56
23
172
21
-139
-13
-268
-720
246
-351
-204
-126
177
-355
152
340
181
-76
875
106
42
-280
-75
-139
-28
44
-9
-269
-497
147
119
-1
-324
-84
9
383
-44
-108
-93
53
-42
15
111
-238
9
-166
190
274
-37
266
583
-267
339
-165
-376
-225
52
129
362
-178
-193
170
208
58
365
-84
63
424
-126
10
25
-77
271
170
80
483
-18
-283
256
302
-20
-150
-64
153
-243
228
93
-103
-66
276
-6
-2
-143
-146
-411
19
77
-7
351
-97
56
-323
-246
-22
-168
-43
470
63
-137
-263
136
84
-38
344
408
-161
390
-81
78
322
213
-289
-90
247
51
-327
-219
-213
-207
166
240
-113
-148
425
-365
398
494
-170
56
180
-311
-191
-47
65
47
-99
-341
223
385
60
-117
-119
-397
-188
-62
13
181
-72
-4
-193
404
-70
162
-80
-221
111
-417
332
-332
-276
162
165
-175
-616
-748
-410
-479
-565
-243
-231
-169
380
-272
-108
16
225
97
380
55
144
287
-220
-38
91
-54
-196
106
-21
204
-27
-169
360
-220
-147
-283
-199
-124
-132
272
-193
383
-92
59
487
-144
137
87
-249
-169
559
-44
251
-158
-10
600
19
-153
144
1
-307
287
-330
-70
356
-77
-343
223
-136
302
-550
138
101
75
-3
127
74
-43
13
327
-8
-115
14
-174
-341
73
21
415
-125
94
338
-225
-188
-84
54
-302
89
-99
-26
-19
-17
-26
326
-8
-309
-89
55
-125
-328
-11
-94
-69
-138
-26
-216
335
216
-219
178
-256
354
110
-191
-339
37
-165
159
-186
-184
123
-124
125
117
93
62
-637
-181
59
-21
89
-591
253
90
48
138
-295
-23
150
99
-307
23
-179
-50
170
201
95
-242
-261
-266
-75
-95
91
-353
0
354
360
-220
-25
268
-416
35
59
-10
99
-128
271
177
147
52
298
-142
-117
-216
-81
-12
397
516
-14
170
-350
-89
-144
43
-173
-247
-170
459
-164
-10
175
-286
137
10
-103
50
181
-396
-266
205
-313
40
-198
-1
-172
99
-35
-248
-74
366
435
255
-153
156
-129
-103
-138
263
80
167
-303
-90
294
3
557
74
364
53
-310
88
-79
-24
-313
-140
-5
-193
-113
198
252
-338
-38
124
262
-202
232
179
-17
163
-66
-152
65
-274
133
-45
-170
-96
-215
-518
-88
-516
-418
253
-78
-114
60
-62
350
169
-127
152
-94
-165
423
288
-44
-249
-214
174
132
357
-181
34
38
-6
87
-314
161
154
-298
-293
-282
-150
71
-475
73
-242
-124
243
353
2
-105
2
-95
-220
10
-274
-75
409
-265
-93
-48
-112
-45
22
-40
51
-453
131
-62
-462
-207
29
89
-29
18
101
107
28
-253
311
133
-225
197
-356
79
-79
-200
-163
43
-272
458
34
-91
399
364
225
271
-11
47
-371
471
147
-157
-48
432
-182
151
164
-58
-54
464
-12
89
-143
-304
85
191
187
67
256
133
163
211
214
92
-300
265
-32
-190
-102
182
405
63
170
150
-218
218
214
-19
278
-231
71
234
85
-158
276
-672
-167
322
-248
-209
227
214
-110
-131
231
203
161
-245
-92
113
207
-89
-112
164
261
-61
-374
-27
129
-183
-225
9
113
216
-42
374
50
-298
-209
-135
-41
104
-144
-111
37
306
-252
208
-31
-89
115
-58
-136
151
39
-65
277
-103
-304
-79
-138
110
217
-147
-441
-358
-278
212
-342
-23
231
-158
56
-231
266
222
15
261
-168
30
-234
342
16
-251
663
-16
152
-221
192
292
-107
-53
-19
64
-361
76
-188
-85
-46
-134
-74
18
-321
98
43
-256
-121
50
-217
236
76
414
136
-298
-521
-14
111
109
211
120
128
26
103
9
66
-12
27
99
-253
-51
-208
-130
335
208
-518
118
-227
167
-359
-101
298
82
1
-116
-67
-195
461
-153
12
-303
108
-268
-258
-127
-174
83
-642
160
-116
-163
144
478
343
-19
173
124
-63
-117
100
213
2
-5
95
40
-257
182
-276
218
181
186
-77
66
30
-214
68
199
266
-669
259
-30
-13
328
-247
289
-99
-116
411
278
-155
-183
297
-9
-299
120
266
73
-62
76
-1
105
-359
146
256
-73
412
67
-163
171
-122
263
476
39
181
-419
22
-42
-94
404
117
-140
126
-88
-72
-106
-210
-180
-63
95
0
142
-349
-293
67
30
-115
-98
281
-55
187
291
52
-240
60
-88
114
84
448
183
27
139
-210
118
-192
289
-195
371
-70
-151
111
-34
-50
-98
171
-157
362
-13
-247
257
222
-167
-381
-96
121
-42
81
-13
-90
-347
282
4
146
7
145
-194
90
117
84
-24
103
35
-579
313
169
-237
30
-64
337
-264
-385
204
-71
142
536
-379
-352
14
415
-276
-50
489
-310
141
-171
281
69
-36
-198
19
108
-213
-480
-237
51
322
210
-346
-87
-76
-46
-8
-254
-168
-157
68
-152
-218
-132
-267
-87
-113
39
-205
-51
288
70
216
-268
-8
-143
81
82
219
-379
189
-233
-40
-349
93
-17
211
218
255
-196
39
155
66
27
-275
-265
95
413
-93
-187
-140
58
238
272
470
-88
87
-55
-33
147
267
364
363
-351
445
-247
274
-279
29
-110
111
417
-603
44
283
-278
120
574
177
508
22
156
-87
186
-84
165
-475
40
-37
23
-382
218
529
235
-60
379
269
-437
18
254
-138
146
101
264
166
109
117
34
-76
-33
-23
60
-172
-194
-58
-229
-31
-122
323
27
35
-57
93
-372
96
420
-108
-256
17
36
-201
-202
6
49
312
-441
-60
189
102
271
350
-93
16
222
-122
307
308
54
-292
-244
-616
-198
43
-22
3
-118
-88
8
102
210
454
329
16
-256
-7
345
159
-107
41
65
341
338
-42
-101
232
22
298
-108
-108
-267
-85
-290
38
210
172
15
333
-104
-158
-306
-78
-202
267
264
-210
98
154
296
-34
94
91
-333
-198
220
122
-70
-459
-276
18
78
-86
-417
116
139
-100
257
153
4
545
-112
-226
79
213
-128
-142
179
-74
254
-123
381
-347
-199
206
233
-147
-166
505
15
-23
288
37
80
-243
190
-60
188
-194
540
470
117
-16
222
-316
17
-326
147
-110
-38
-338
-56
-168
-580
-280
346
222
-172
-171
-66
-83
216
203
-46
-33
-453
98
-195
-6
130
-57
96
25
142
-146
-13
88
-244
62
35
108
42
-67
96
-186
161
83
227
284
-279
-122
-27
-186
232
290
250
-179
69
101
33
-362
-3
-200
-68
-184
-323
253
-77
13
231
-71
-92
435
65
84
-137
-143
272
-335
-218
14
-215
-77
154
-174
101
43
-59
16
-8
85
-89
-371
-416
-1
-132
354
34
-172
70
276
456
-291
338
-378
496
491
373
-48
-38
-20
-138
25
4
70
43
13
-68
-323
261
16
-103
68
-31
148
-138
180
379
31
186
423
280
81
416
-196
-78
95
87
-538
219
-27
-135
141
173
-455
238
170
45
-110
-30
-205
164
105
-306
332
-132
-156
188
54
315
273
8
-180
-123
-114
77
-286
-354
-96
-83
-364
-2
133
-163
-165
301
131
-247
103
-116
-82
-145
32
-112
-246
-149
-19
134
21
-177
-255
71
12
358
2
74
-224
-113
-418
249
139
94
-108
13
-137
-217
27
157
-75
-120
-224
19
212
-420
18
183
75
-58
-83
295
253
78
402
-60
-129
-651
149
202
-46
-109
108
-213
-120
-96
77
194
-252
224
293
105
-366
-13
26
311
137
250
-165
205
-146
-157
436
67
-671
42
-52
84
127
104
-564
-172
122
-416
230
35
328
13
-365
-50
-23
123
-313
-310
61
-6
-31
-282
-71
-201
-202
-50
15
-26
-291
1
-181
46
444
578
-133
300
-150
463
-115
-188
-116
147
12
25
-90
93
9
-7
-177
239
148
-141
-177
38
-22
-312
-146
30
242
-281
-137
128
504
216
123
-87
-17
-26
-258
-126
-88
-123
-42
-73
-113
-220
-20
93
-13
121
385
-61
-14
-430
-296
309
-46
-315
244
-105
101
183
-80
518
-177
-278
351
-232
16
-14
350
51
51
462
-96
186
12
261
171
446
-164
-48
-26
-119
208
-588
191
-300
338
-64
253
213
149
-202
-262
-284
-314
0
326
-239
-97
180
-7
-29
-185
-71
63
-130
-20
203
-130
149
61
12
-78
-161
265
-90
-187
80
296
257
-264
-103
-12
47
-152
-183
-108
116
168
54
-257
433
107
-134
-51
-525
-351
-128
65
98
-140
464
12
-65
369
-240
-15
-64
-58
88
-72
175
-196
-306
-46
126
7
-55
67
-509
-224
-85
157
-423
74
-212
104
-10
-174
-476
-85
119
243
229
-33
189
135
148
130
-203
168
179
-172
258
-336
-241
27
161
-60
-530
146
364
410
-370
71
15
-292
175
51
-106
370
48
316
16
-139
206
100
271
-122
200
64
59
223
172
-120
-186
-260
48
-281
26
65
-129
59
-52
390
499
32
62
345
130
-40
-252
19
129
-485
-308
26
95
-33
204
-366
132
-386
-91
261
34
215
-160
257
-227
-169
-107
321
93
-17
76
-270
535
-228
-216
87
-291
154
-84
-40
205
-128
338
114
372
331
-443
114
-253
82
260
-242
75
-90
94
-393
112
126
-436
185
290
52
134
255
-633
296
-35
-266
531
-60
440
-194
-59
64
77
301
117
79
-275
249
-97
426
-161
318
29
109
138
61
107
-178
103
189
175
-24
-131
28
-92
245
242
-112
-18
101
557
-273
-56
-270
189
56
-48
-80
114
-287
186
127
-91
-413
145
207
149
-176
613
159
145
-420
-586
-116
26
472
-277
-304
412
-9
-95
-87
189
-119
-182
190
270
-21
-103
77
100
300
-359
183
-104
-143
-261
-132
436
293
-180
320
89
176
94
393
-473
-166
345
11
-233
-166
-416
-369
182
72
211
269
120
-276
273
-147
274
-20
189
-327
-63
-44
-126
216
189
-293
-543
23
203
-68
134
99
-80
328
249
-153
-132
254
-320
53
239
152
117
-65
-433
-210
-241
-77
-70
