32 70 100
0 7
0 29
1 23
2 4
3 1
3 9
3 10
4 6
4 10
4 25
5 6
6 11
6 18
7 9
7 12
7 13
7 31
8 8
8 18
9 2
11 1
11 9
11 11
11 13
11 15
12 1
12 10
12 17
13 6
13 10
13 23
14 10
14 23
15 3
15 6
15 24
16 3
16 25
16 28
17 2
18 0
18 12
18 17
19 2
19 12
19 29
20 0
20 3
20 7
20 21
20 25
22 1
22 30
23 19
23 30
24 23
25 16
25 22
25 29
26 6
27 2
27 13
27 21
28 2
28 27
29 6
29 19
29 29
30 24
31 12
65
50
39
0
14
48
51
32
67
17
24
12
43
10
29
22
33
5
18
58
9
31
42
64
27
34
44
66
60
38
62
61
54
21
37
19
11
35
13
52
59
53
15
25
45
56
6
2
3
68
69
8
7
57
28
49
41
47
30
36
55
23
26
40
1
20
46
4
16
63
-109
53
38
0
130
-56
-69
77
48
66
-63
-59
76
131
54
-70
-17
-30
165
-92
-3
-87
207
-24
-22
-88
-11
122
132
74
-24
-126
-92
-72
1
107
88
126
-84
71
-46
-27
-33
-112
-14
140
101
-104
26
26
99
-75
90
-94
-123
50
158
-48
-119
-142
-28
42
-67
21
53
-139
-40
32
69
33
21
-89
-29
30
-104
61
65
-88
-52
-16
35
100
118
1
-47
36
-88
143
-14
-63
68
108
-97
-12
81
270
22
11
2
115
69
156
169
-119
95
-79
89
161
37
92
-69
24
214
6
269
29
-7
202
131
-83
-76
-66
-92
88
7
-116
-37
83
-98
-106
273
-11
27
190
-20
76
-96
-68
40
212
-178
-84
41
83
-19
-64
-37
111
-53
37
-16
5
81
-132
-41
163
-74
-91
-59
-61
-78
47
-10
42
45
-27
-165
121
-185
-20
-16
167
-56
72
-39
-43
-45
171
124
-42
-88
-265
176
-13
-11
-109
-72
-38
61
171
-64
-95
241
-22
-34
-100
128
-124
-49
-105
-40
-20
31
112
-134
48
88
34
26
-5
41
64
-218
278
232
-85
4
-53
-104
-32
-58
-162
41
128
10
1
91
-16
-46
103
142
85
-173
378
104
186
131
-70
-140
47
-132
37
20
37
98
82
-45
12
30
-75
-81
61
-46
-11
-16
19
13
-88
-92
44
76
92
161
-10
140
-114
78
38
-173
-215
68
24
-47
136
81
78
141
-137
180
-51
103
-27
-88
66
97
8
-264
73
-8
78
28
-163
29
78
99
-15
65
-7
88
34
131
86
-84
176
-139
94
-130
81
-93
66
4
6
-71
-90
101
118
67
-28
-99
-50
23
0
31
-120
-84
-250
-56
66
-4
-56
1
-131
10
-118
-61
177
-260
155
181
79
129
46
-41
74
0
129
51
-79
11
-39
-166
-66
19
122
93
6
21
-90
-113
48
267
134
96
-61
25
153
-140
-21
127
-40
-74
-109
153
-183
6
111
50
-19
5
-74
28
-111
-20
163
-119
149
122
-72
-175
132
-28
53
-24
-127
-143
-58
-45
22
-41
49
-75
99
-105
29
18
45
9
-65
-11
-137
138
91
-32
-98
-172
-3
-45
-38
-180
-6
-8
-13
-94
133
32
31
-121
14
-137
29
118
-111
-2
-151
16
-94
-2
19
144
-105
95
-17
13
105
131
-17
104
-41
-55
-178
-27
-5
6
86
-39
-33
51
57
170
-110
-114
198
-128
229
-38
-29
50
84
-24
21
-54
-167
-89
46
180
-55
-97
98
31
-41
12
64
-147
-51
150
-50
204
-20
42
44
-94
63
-68
-25
151
229
186
-192
26
90
-114
49
-17
55
23
-133
-41
91
-56
18
25
-39
-58
166
123
124
35
17
105
37
-4
-53
135
-9
122
-138
-58
74
-98
-88
-149
-56
77
-32
80
175
45
-146
-79
107
-72
-30
-58
128
44
4
-48
-51
-44
-125
109
118
-235
-66
-57
-41
-49
112
106
99
-80
98
-115
53
-55
116
18
91
28
107
-82
-43
72
-59
257
-14
-33
59
95
130
-85
51
-96
39
-130
64
-38
144
2
-110
-133
-106
-82
111
125
-64
-97
-184
179
-223
3
3
126
-138
232
-85
-103
-73
-66
60
-58
67
11
12
-111
-45
-81
3
175
157
12
128
-56
33
22
44
48
-100
-65
-1
-65
272
-2
41
-28
41
-117
104
-104
19
-43
-76
-56
-16
4
19
-4
288
23
88
-200
35
-174
-79
27
-18
23
-67
-44
-70
-40
187
139
-56
151
-118
-320
-131
109
70
36
80
-25
188
50
-41
-214
82
69
-106
21
-73
-150
-95
-86
34
-107
157
70
-149
35
-71
-129
-69
219
-5
125
-68
-174
-2
9
15
-6
-44
28
76
39
50
125
50
40
-57
-63
-37
-57
-175
-6
-50
90
-3
-77
-142
15
71
-15
-28
-40
-39
112
38
25
-88
-137
-58
51
105
-173
-8
-20
42
-18
-152
-153
-179
-49
25
157
-128
104
-192
3
-145
-75
-43
28
38
-232
25
105
-112
-166
184
43
87
8
123
-180
-48
-153
74
16
-82
4
120
4
26
-39
-81
-272
-116
-80
13
114
55
157
216
-199
-37
113
-41
-66
14
63
125
-170
38
-11
-100
-28
80
-39
17
-16
59
-68
30
-175
-127
211
-119
70
-7
-71
-39
-79
-86
-65
-76
-96
-53
80
96
-125
-6
30
-97
23
-44
-137
-43
137
100
21
118
-225
-109
62
36
-25
42
73
8
63
-61
26
-54
-22
-119
122
-78
29
87
-102
69
71
-201
-59
3
-198
-39
170
262
20
-24
39
91
-102
127
-31
-61
77
-116
109
-74
210
-170
62
-65
33
-40
-144
29
7
-116
-18
-84
137
-1
43
22
31
-45
-4
55
-8
-52
-73
-158
-82
-129
141
89
-115
22
-79
-77
-49
-31
114
110
131
52
-81
120
21
112
50
1
97
-89
130
25
163
-37
61
28
-207
-48
-41
143
96
6
44
-27
-66
-25
-48
-96
72
106
-53
-184
27
-146
109
-34
98
-43
-17
174
44
74
139
-110
-190
-74
0
356
174
-64
158
-13
-140
-43
-64
193
-22
141
64
-74
-20
87
-160
49
-2
-14
103
-44
-22
-141
-86
-35
44
-78
11
-72
106
36
-244
66
-208
28
-162
-79
-199
-127
69
-122
86
-130
-71
-9
-64
89
-3
-61
76
49
-87
81
84
-44
-89
-63
25
104
35
11
47
21
19
85
9
192
37
131
78
46
9
179
-20
29
62
-27
1
-48
-141
-19
182
21
11
91
-191
0
102
102
169
180
30
-267
-53
66
-134
-38
-143
-58
-226
-129
-94
78
24
-6
3
-40
5
13
96
75
62
111
-281
-59
-149
34
64
8
-123
269
96
-24
109
38
214
71
131
-28
-13
53
-72
16
1
31
-110
44
-108
-78
-197
-30
-18
-46
98
-30
39
-12
11
-10
-71
-3
-199
51
127
71
-25
64
12
-47
-81
56
113
12
6
-130
-121
26
120
-123
2
45
-65
-42
218
172
79
1
-162
-40
146
-44
20
37
44
-6
38
-86
71
85
59
84
-113
-170
-23
206
108
166
209
80
74
-34
-63
235
65
-38
-91
1
-41
-113
-167
28
116
217
-20
37
-161
-79
-108
2
-41
115
-100
161
8
-3
-115
-13
36
60
272
28
-149
-80
-66
79
109
73
-51
152
136
-28
8
-12
-24
-160
8
-43
-40
-117
80
-89
-8
185
98
61
-156
-9
49
-22
61
-96
205
-16
-74
-205
35
-105
26
-17
-67
97
-99
-17
-48
-10
-1
-47
-40
-60
-53
13
99
82
-201
14
-14
107
84
3
110
-45
123
61
163
-146
31
125
59
-168
160
-78
3
134
16
-69
48
-21
11
-21
-52
75
189
30
-41
90
-57
200
149
25
21
-38
115
50
195
-36
-79
143
-45
-68
155
-55
-125
165
-93
33
188
-93
35
53
54
-95
-35
105
109
58
14
78
-15
-143
37
-136
-61
-51
-76
120
-198
-126
-6
24
-24
-51
124
103
95
-13
-2
12
31
144
-93
253
-37
-98
-82
72
-81
-59
11
158
35
49
27
-1
136
-28
-32
-68
-101
-106
-51
24
-139
-7
131
-43
-151
-197
229
-131
-17
151
-35
209
-39
-29
-52
-155
29
72
24
-54
31
-47
-120
55
-127
139
-147
-44
7
-25
-48
-27
82
8
-48
224
-18
-63
92
-47
-41
32
105
114
32
-116
108
48
-70
-194
-17
42
-49
-150
-49
-212
-3
123
69
73
186
12
11
-8
3
101
-46
-166
-36
-135
42
-4
-84
181
-38
-43
61
-39
-27
-149
-10
-136
0
-27
12
73
-116
-61
-20
-93
26
44
109
34
83
7
54
20
-154
80
-57
27
-100
41
-78
-26
-60
134
25
-36
-55
61
-120
35
119
37
-22
-27
-59
20
-11
53
28
125
31
-128
196
19
-156
14
63
103
-43
26
67
98
-10
-46
201
-45
-34
-104
-1
-5
53
-19
67
170
-64
13
94
-22
100
6
-4
90
-183
93
126
51
135
-133
168
82
-2
91
164
154
-76
82
-27
-13
64
55
-124
45
84
51
-30
75
38
7
21
51
-108
-31
35
-7
66
-24
35
129
91
13
-14
-30
178
282
-108
-142
-3
-117
-75
-105
-42
69
7
25
86
30
38
-107
-65
33
-185
-41
-2
126
-99
116
-142
-26
-43
152
147
14
-58
-30
-15
119
79
-130
-58
-222
-139
120
-48
245
-58
-128
-7
-109
-10
-165
110
136
175
-100
-40
-87
-33
-158
-90
-94
-24
147
-86
-15
182
249
16
-113
-37
-34
-133
-179
38
-54
-11
-102
35
-4
136
-29
-137
-166
-13
-27
-10
212
-18
93
36
-48
59
-190
-7
9
-161
43
-122
75
16
-13
106
14
42
11
43
-13
-27
34
136
-79
1
112
19
-51
-133
68
-109
-89
67
-40
146
53
32
64
-42
-182
-149
55
10
-17
-90
-123
-46
-108
79
-60
53
146
-209
107
213
2
-55
-121
71
-29
-97
0
-89
105
135
77
16
164
-55
-7
-172
30
49
21
-77
66
140
24
35
29
-52
-10
66
3
119
-61
-169
-63
-24
78
22
36
133
9
23
14
83
65
-43
-128
-67
128
-261
172
-55
-123
10
-153
232
-130
-223
52
88
-33
27
-218
-136
-76
-64
-164
58
-126
96
-34
-50
-174
-30
80
-30
-29
52
6
59
27
-9
-51
49
-99
66
-183
-123
-239
237
-97
69
65
-7
-45
-11
-112
-245
-167
10
-12
125
101
145
124
44
-26
78
16
-32
199
-80
20
2
164
-59
-68
48
-29
162
18
-22
3
-219
72
-65
-154
-84
109
2
114
-142
45
-61
73
24
-58
64
140
-276
-76
-155
270
-31
-70
102
0
-32
118
-25
43
-8
-144
41
-111
104
-85
58
77
-100
29
-14
-49
99
-125
-169
-83
-82
49
220
43
-56
-190
-43
81
-109
-115
48
81
1
-75
-1
-73
-72
25
-2
-50
185
16
-28
27
-27
90
-267
70
-20
-6
-179
-8
-33
20
-97
-58
139
-210
-98
-178
-3
-112
-15
143
-12
185
77
4
-103
118
-53
110
-81
70
-92
5
137
65
145
-67
-58
134
137
-28
-67
74
22
-23
18
-205
-121
-107
131
-42
0
-1
34
157
27
-130
127
-127
27
-72
171
125
-291
25
58
131
-86
-34
46
-1
15
93
38
66
32
32
32
42
-152
39
43
15
-69
-202
-96
19
47
-5
75
-5
79
-76
166
-141
37
146
-25
38
109
120
-67
113
-200
-66
15
-53
-12
60
43
-8
98
-147
72
24
84
175
-99
-107
11
-68
-26
-103
-21
124
-41
-45
135
2
42
-127
-91
81
-38
179
15
11
-70
10
-112
52
-178
-29
84
63
-48
-168
199
-67
-144
-143
-185
36
-59
-184
192
-120
344
-95
62
-156
-76
123
30
-231
87
54
-67
72
-54
-119
-60
131
-41
-96
-60
-122
-152
-158
-181
181
-41
-57
52
-109
67
39
-74
156
129
7
46
-81
76
-98
39
113
77
-37
-214
7
52
117
-180
-128
-78
89
161
-94
-86
6
-190
-118
-85
56
-91
118
26
23
56
4
23
105
177
-33
154
30
-131
-169
-145
0
210
-92
-79
-27
-195
93
31
-31
-98
178
99
-103
-13
54
7
-37
-73
88
82
-15
-11
-52
134
65
-162
-84
-92
-226
108
60
164
-114
78
-81
-16
54
40
44
97
-31
35
51
-135
-49
-221
-59
16
304
71
21
8
-114
-65
62
212
50
84
-133
-10
-18
-60
65
93
-228
-26
-3
69
-86
-196
-28
6
16
49
20
-1
90
34
79
-66
137
-78
63
107
-84
-101
-34
65
2
303
-13
-71
-14
-122
56
-4
-96
-54
22
-71
88
-30
58
17
-64
113
-16
35
-78
43
-147
-89
-23
-22
-115
68
-126
-155
-174
171
-19
-28
194
-78
-189
-89
-241
-112
68
-16
-53
-53
-38
-95
12
11
-37
-34
172
97
-151
-123
104
-26
52
-129
-140
67
194
-57
15
74
-96
7
114
-96
-79
4
-38
-77
193
-121
-42
36
23
190
-110
72
-16
147
-71
-80
-145
32
-99
69
-237
53
-48
-50
-117
193
115
-89
-320
-154
-53
7
-124
12
-81
3
-192
-89
146
-252
-135
-18
-146
-31
-79
-46
-14
-15
-58
-106
-88
169
-92
127
-80
-32
14
-230
-14
-101
6
185
97
3
7
137
-1
32
-4
22
7
22
72
22
-8
-31
-18
-156
-141
2
-8
-45
-136
12
-46
89
209
17
189
70
-72
-57
99
42
181
-178
-16
50
50
58
-51
-92
135
-47
-49
83
-99
-57
-187
98
10
153
132
-144
-80
37
52
-47
80
26
-193
-151
-26
146
-128
-57
131
78
22
32
-130
-153
15
5
-173
-154
104
-32
-28
211
-43
38
11
-41
-244
41
120
-59
22
-39
91
75
-7
17
-17
179
-71
57
275
-62
-157
19
-42
83
121
-53
149
155
-82
-80
121
-106
86
-176
-25
-119
-91
9
-125
-64
83
-160
46
-3
-44
-2
97
4
50
164
-140
-6
8
39
-7
17
37
-33
-110
23
121
-9
-29
16
-88
-148
83
75
79
126
-107
46
-30
73
34
218
-1
-110
16
-68
-97
-196
-62
-23
102
-99
-108
-35
145
90
-30
-7
-138
-34
69
31
28
0
68
78
-87
12
40
140
-213
157
-88
55
-95
-34
-15
-30
-81
-34
-47
-71
-51
-164
-38
-16
91
-102
-39
-81
-1
-162
-80
67
-75
-12
91
24
-133
36
148
62
-43
-18
-20
-1
7
295
-4
-30
65
-71
130
130
-12
85
-23
69
-25
-108
61
-58
-19
-12
-10
-43
-269
131
160
48
-115
51
146
135
54
-87
145
102
97
-81
31
-88
65
30
-22
-2
-69
213
-26
140
172
-35
62
-153
-152
27
-176
-14
140
51
7
144
102
-50
232
-50
-57
-173
119
15
0
22
-53
9
7
79
-65
-98
-84
36
-104
124
-191
233
-11
-113
132
-89
-141
24
-133
-151
130
80
60
37
-101
-69
-15
94
187
5
-83
70
67
-19
-32
-109
35
-99
-3
-4
9
-56
-208
-105
47
66
-97
72
-157
-210
-16
-30
129
-64
18
-45
-32
60
-184
-46
116
18
40
94
-2
47
34
24
-90
145
32
-8
-86
-239
-42
-185
-16
58
127
146
-148
-178
-86
74
-230
-38
-47
-126
46
128
24
-16
-34
-54
-52
-28
79
-3
152
41
132
-98
-12
112
-115
69
-17
-172
-68
-47
119
323
173
135
167
53
44
-22
-267
43
41
-20
41
40
59
107
74
45
-42
-28
-106
-26
294
-79
42
-22
67
14
-1
12
-169
92
-39
-194
-59
-138
-101
16
-61
-102
105
-46
121
-161
-167
113
40
53
-60
60
54
-39
98
-21
-107
79
83
-17
-182
51
5
-158
-1
-197
-22
-18
-68
81
-80
-88
-3
149
45
96
101
-95
18
-7
-95
54
81
-12
-38
-16
71
207
-14
3
-56
-10
-54
19
-22
-228
-35
135
64
-3
23
60
104
-123
-89
-43
105
-97
-179
-135
72
-77
-161
-155
72
-209
1
-33
-68
35
30
-51
23
-109
8
67
165
-80
167
-36
-47
-93
25
80
-18
-130
-156
-75
16
-11
28
-72
-75
76
47
-86
82
40
45
-95
21
54
-43
44
-219
68
-114
-18
47
113
137
-82
-132
-38
19
-33
69
60
106
214
-252
52
-53
-127
41
-77
-56
-141
86
67
8
16
111
67
-123
-65
10
101
57
-20
-197
90
84
-42
127
29
145
-41
-129
39
94
-1
-19
34
-168
-14
-48
-51
44
-110
15
-124
98
-155
-108
74
-166
-31
59
-41
71
306
-52
-87
-91
137
82
-56
-38
-133
-75
13
-176
38
151
-30
-95
34
-38
-189
-35
46
61
241
-18
-242
70
-36
-67
-53
-108
-59
33
17
194
139
-206
119
-76
-105
-85
254
82
88
-114
5
43
67
-51
3
186
157
-153
49
-50
-49
-5
-19
-31
-2
-37
78
-35
120
119
-3
19
10
-106
105
36
160
-158
-227
-154
-10
269
-148
5
13
62
-80
-31
23
-7
28
21
-47
29
74
103
-24
-134
-257
119
-60
103
-215
-127
-57
133
-94
88
67
-85
31
77
82
15
-42
61
138
139
100
45
90
17
176
-148
-29
-26
-86
-6
-133
-108
-24
-91
152
33
0
-28
76
-39
-54
-33
-12
3
76
1
-157
94
126
190
-77
-64
-68
-21
-94
58
-57
-31
120
-2
306
-8
-191
-133
-123
-81
-83
85
101
-63
17
45
-114
-74
-25
42
68
82
-43
-29
132
-96
70
170
73
18
-10
-51
59
-104
38
9
-63
-28
217
121
141
-37
-82
89
14
-78
-27
-60
-39
88
21
54
-51
25
55
-84
67
-109
-65
92
110
-100
92
86
-23
-219
-126
-12
1
-165
78
30
-354
118
-130
-68
-34
-80
-112
-70
-98
14
219
-31
-201
51
23
185
-128
186
-86
43
82
-66
-4
119
44
-216
112
132
-38
20
-91
-1
75
-85
211
-5
-103
-3
148
57
240
64
83
-81
132
-46
88
-169
-121
292
-120
117
-2
207
-131
-218
228
133
-46
-135
172
70
280
-32
-212
-67
-37
-193
-35
-70
60
-5
-79
-57
-33
126
-177
89
-128
-52
46
112
-137
23
-65
-31
-1
232
175
85
214
217
102
90
-15
-49
-68
27
-98
-37
-74
-83
137
22
-92
23
114
-1
-58
92
-51
10
35
89
75
49
-57
23
39
-18
-84
48
26
-67
121
-126
306
8
28
153
199
106
-8
12
-199
37
130
319
0
-28
100
-174
-49
65
160
-61
83
288
-128
-40
-14
80
240
4
19
88
-104
-45
16
-67
45
118
132
53
172
132
-113
10
53
143
40
83
12
-125
145
111
-25
-36
167
-139
-138
-141
86
34
-65
111
92
46
-100
-150
-97
5
-153
-181
66
-31
102
16
-162
-123
-81
21
-21
22
-4
-105
128
96
73
44
-69
19
-135
100
-22
-35
148
-28
-5
34
-20
9
-118
57
-47
45
-11
-122
-73
96
53
64
5
93
-92
-209
-103
-30
-55
55
-101
-70
141
16
-217
23
-82
-15
86
-99
96
-92
96
84
3
-134
-57
39
1
-3
15
9
39
-91
-30
-80
-64
-17
2
168
58
47
25
-77
95
10
-141
64
-78
32
14
51
115
-29
157
-26
71
157
186
-20
8
30
45
43
9
-118
39
146
-130
55
109
68
-39
-176
97
14
-189
-63
215
77
-97
-196
-81
67
68
159
8
125
-98
-256
-31
1
34
62
-60
-48
28
133
38
171
99
81
-26
-36
45
-85
9
243
-7
43
-161
3
-297
112
125
-28
-13
-22
-91
-31
11
-111
-6
89
-138
98
-137
-25
-21
-28
-169
-25
-86
47
64
-54
22
-110
-37
-90
-101
96
-72
-72
48
143
10
5
84
-47
118
-115
1
64
5
93
112
53
-203
-120
-201
86
82
-68
-3
14
-19
-5
-56
146
113
-65
-219
75
171
153
-33
55
43
64
-49
-88
-90
-47
-15
-95
70
-56
-224
11
-28
-84
107
41
73
70
68
-239
168
22
-49
18
22
-53
-12
8
-131
4
92
-26
-28
-47
97
53
175
74
16
143
-138
-70
-127
41
28
-57
-96
196
16
84
80
-11
-79
-65
81
-131
-72
-91
-133
59
-154
51
20
103
-12
154
153
93
-82
20
163
45
-39
-99
-25
-55
-50
-42
39
10
65
83
-14
-32
-65
-56
21
-21
39
-226
139
-49
-43
-35
109
52
-32
11
111
109
27
-66
114
-33
48
-142
-85
-96
124
-91
8
161
77
-22
-131
63
53
83
23
134
79
-57
-191
-87
210
50
40
-146
193
264
63
115
195
72
-31
15
-30
13
-4
-20
44
-100
-262
-165
-94
181
24
113
63
34
-238
2
101
127
-51
109
-76
-138
141
64
-114
31
104
74
-1
112
40
221
-80
146
-83
-57
47
9
-181
-106
1
-8
-127
-54
71
57
-5
-34
108
48
39
-154
-190
-10
-27
101
60
-190
-181
-64
-34
75
-204
-63
-130
-74
-29
179
178
71
-20
102
183
35
83
-41
-167
120
-32
67
20
-138
-91
108
-81
13
11
58
-49
-76
93
57
47
111
-93
-6
-25
74
-20
21
134
-171
25
15
-19
118
80
-43
141
123
-29
89
89
-106
-41
-225
-54
91
-76
43
127
-67
-131
99
95
274
24
29
-200
-6
13
-18
-77
-74
6
13
92
86
22
39
29
-84
162
5
92
-30
33
-63
-66
5
-119
-81
-147
-68
41
-36
-2
-14
-14
119
58
39
38
40
283
42
21
68
-160
-85
-82
123
174
20
4
94
123
-28
-7
-4
74
-143
100
45
-28
-70
77
-46
-5
-123
-111
158
-181
-32
131
44
164
-106
-33
21
-177
-99
-23
68
7
25
108
-53
-187
-7
-65
124
46
-113
-43
-10
-207
-29
72
10
104
-41
38
193
66
116
154
-56
38
-115
0
113
99
31
43
-91
114
-47
35
-47
101
-84
-113
125
-68
-69
114
128
-119
187
93
-111
64
-31
-55
-113
34
-103
114
-77
73
65
-51
26
167
19
57
-120
49
84
36
58
259
-124
13
107
93
-193
125
-19
62
81
91
-79
-69
33
65
25
-81
-89
-37
-148
49
15
50
143
-71
2
-15
126
94
20
-37
-118
18
1
148
127
86
-10
-249
-95
-82
-229
141
35
-11
-159
-52
145
-3
-8
106
-206
-53
74
33
-72
44
-95
-27
-78
-180
86
-82
1
7
-68
25
64
144
-33
83
13
52
-102
-114
-31
7
-147
-42
-68
46
76
17
110
26
-66
55
9
39
-163
17
118
-49
91
54
-52
17
-50
-102
7
67
-36
139
-222
73
128
22
-55
6
-112
55
100
-36
-149
110
-43
-103
-38
-58
75
93
-31
27
-69
-134
-83
33
-1
84
-43
-15
-44
-62
-89
50
218
-106
70
142
-38
95
18
-15
-80
47
-277
172
18
164
65
50
-30
-73
89
11
-76
66
-39
-62
-218
-23
-52
69
-58
127
72
-169
-100
130
199
182
146
-76
14
-53
38
-82
131
74
-46
-108
104
67
-54
58
-49
46
-5
52
82
26
-104
112
12
33
-16
-88
-133
-133
70
46
76
-9
-5
-283
29
-12
-65
-97
-104
-171
78
-6
-58
34
-97
-97
29
-22
-33
2
-68
-60
34
-69
-108
142
-137
135
378
-37
-94
51
-79
38
-211
98
-71
-89
-320
41
34
-246
119
-33
158
-42
-116
-81
-48
89
50
-14
-6
-136
-57
-65
-69
194
-211
66
-5
-21
46
155
-166
18
-35
-2
81
-42
149
-40
162
82
76
-50
-29
-191
-61
-39
79
130
37
53
67
65
-214
-3
6
-143
74
-74
-45
31
8
89
-22
60
58
252
-2
-83
-68
8
10
58
-31
62
-12
5
-45
56
25
124
177
-64
-11
133
-113
-50
162
-53
-79
127
-93
-92
-133
-48
112
17
-34
78
-75
-49
61
118
-9
55
134
-145
48
140
-186
-41
-96
-82
-98
225
21
21
-42
-30
48
121
75
-53
-26
-159
-68
-73
-132
-116
-118
148
18
-59
-87
13
31
151
-56
-148
9
-19
4
-44
17
32
90
-140
90
-225
200
96
-331
107
-148
-20
78
95
116
-5
67
-39
57
52
-49
-165
-111
-62
-170
-50
-86
-1
47
-158
15
120
64
-23
-81
-37
123
-62
1
127
-68
62
125
33
153
34
189
19
62
49
66
82
-123
-25
12
17
-37
160
-159
-21
10
3
-66
96
46
-60
250
-57
60
-92
-125
-81
45
-10
-8
231
-95
30
149
-41
-67
37
-14
-5
16
-156
93
118
-105
126
-87
167
-153
-131
-74
-12
42
-33
2
-39
-18
81
-4
-66
-7
-210
148
111
-94
95
19
-36
36
35
-38
142
32
-164
142
-128
-79
173
129
39
45
24
-107
-133
-56
-33
-69
277
39
-98
-146
-51
-47
123
116
29
-176
5
112
30
143
-253
-15
178
37
21
41
83
-102
-97
98
92
-55
-20
72
62
26
-51
-164
16
-31
37
-231
40
78
-36
-17
36
41
-132
-92
54
93
-21
-51
10
-176
0
60
-105
27
77
-21
111
-8
106
160
165
60
-16
113
-73
-100
-40
-33
2
77
50
50
54
-51
-218
-103
73
-20
-36
125
-7
57
196
111
-26
-181
127
-8
67
-13
92
-99
-34
151
-28
107
-63
59
-39
-56
-80
-91
-106
-205
127
-45
58
-172
-9
-132
52
28
-4
-9
151
-121
61
-109
69
247
53
48
-43
-81
-148
127
-168
100
-21
-54
61
50
51
-257
36
28
75
145
-22
-34
80
55
-27
-37
83
-115
150
22
0
-13
20
65
32
178
122
-95
49
32
117
-162
110
-104
97
92
157
115
45
3
-60
27
-176
-3
-162
-22
-52
41
-8
136
26
-144
-36
164
141
64
1
-194
70
260
22
2
-3
12
-80
-79
2
15
94
148
-64
-74
-91
-37
34
42
-102
-126
11
-15
-30
-183
-54
-71
121
143
8
-53
-89
75
18
-69
11
-136
48
-9
-25
-10
67
-61
81
-154
27
-5
57
12
40
-87
-86
21
119
-116
103
22
206
-83
-50
88
-94
-76
95
62
-28
14
-228
42
52
123
-81
18
-7
108
-71
-64
103
42
135
21
69
8
4
-39
35
-29
120
166
-66
-31
176
-77
-16
104
55
132
37
-20
-40
-29
-63
-54
-96
-92
-37
16
-71
39
-28
-83
93
118
75
13
67
82
104
-74
-220
-73
55
7
-81
39
4
128
60
-132
15
-100
-59
-184
257
54
62
34
78
-15
-3
-22
78
-64
47
189
120
55
97
49
-60
-66
2
39
2
139
-267
-73
-48
-32
-199
100
52
30
-36
-4
-168
-54
4
-24
-13
26
150
-187
40
142
36
-134
173
124
47
-185
12
-56
138
56
-72
67
196
111
62
-35
62
-190
-8
-36
46
-81
23
4
177
-126
200
-29
37
-1
106
24
-78
15
-246
-108
-19
75
-77
-116
-139
-79
85
-32
-16
-86
-46
-11
-45
62
-41
25
83
59
233
-85
-40
-138
-15
-71
-218
239
25
-42
-150
-80
21
23
121
61
19
-94
265
16
68
16
239
-53
-59
185
-25
138
-113
38
-30
91
-98
-205
30
-49
-12
118
-21
19
19
218
-131
100
41
142
-42
-64
-30
65
62
-131
-155
89
88
-51
-32
75
-107
-102
-258
115
32
-67
-73
-26
67
187
-119
-27
-15
131
-38
-91
110
-59
80
163
260
90
-28
74
43
144
-29
120
239
9
-36
-115
0
4
-74
-91
111
-123
68
-234
-128
41
110
-14
-16
219
-101
33
-152
52
2
42
113
79
141
-4
-50
54
-70
127
171
10
0
72
23
45
0
178
24
43
184
145
-115
-24
3
-99
94
21
-63
-81
27
46
54
167
69
14
226
-9
-61
-251
-60
-149
-46
51
-24
65
76
51
-18
-33
-15
-23
137
-71
-42
36
-97
63
95
24
35
75
-22
89
115
62
47
-39
-26
55
26
-5
26
-6
95
-197
83
78
83
-46
-71
-17
102
67
-16
-178
73
-115
119
-13
23
38
89
-102
9
65
20
-138
-88
48
-190
9
37
35
2
-40
150
-123
35
-93
29
20
-51
-135
113
157
-73
12
102
39
-208
1
64
-102
60
12
-4
33
-30
-63
32
93
33
12
24
-109
-92
-13
-102
82
37
39
86
-25
-15
-149
-22
-26
137
-131
-211
-37
33
71
20
65
-91
-1
144
-7
9
61
-195
55
-31
6
-60
-137
125
121
-23
104
204
7
65
26
52
86
138
-128
-60
-128
-97
-16
-90
221
-145
69
-44
-135
7
-69
80
197
-94
-54
170
128
168
-108
249
160
-330
259
-4
-24
-66
52
-148
-171
90
-73
-100
12
-61
15
158
-25
-15
-20
-110
87
28
19
0
38
-29
101
-27
65
85
-9
-33
0
173
45
9
-34
-117
82
116
-104
71
79
-16
67
35
-168
82
95
-11
138
-51
17
7
108
64
-52
13
52
80
-162
81
-96
-28
-192
-30
-178
104
-58
-33
-21
83
99
-18
73
-54
-12
42
54
14
6
6
150
-132
41
-249
62
-165
28
-75
-22
-122
-35
4
-135
237
-22
78
62
-48
-197
123
101
-190
138
78
-160
10
-154
257
-6
-97
2
-167
36
109
-29
60
66
-108
-143
9
140
-115
96
-73
39
-26
5
-30
-53
95
16
209
-114
10
71
96
-53
67
107
-92
-14
-19
10
148
-47
19
6
0
-97
98
65
-161
12
-71
46
-25
85
31
59
-106
140
-87
113
1
47
-61
-60
-58
-127
77
53
-76
172
105
-62
-167
-21
-33
123
12
-125
15
92
-225
81
12
-55
-129
288
9
-25
-61
-39
-51
209
53
216
95
-23
-149
-31
-5
-28
-82
-113
-11
-7
164
-38
133
-85
-351
-5
-17
70
27
-39
-243
67
98
55
-78
113
52
-54
189
-16
-15
65
-172
-52
184
23
-53
-175
-34
35
12
46
-56
-229
-8
198
89
53
116
-104
-40
-226
35
52
-93
-157
93
50
59
-109
27
117
45
45
-23
125
-79
-40
-156
-12
-4
-1
-122
19
-22
68
-60
126
-67
-5
181
51
99
-27
-164
18
9
48
42
-30
-191
-101
-121
4
217
-88
-88
132
70
39
-32
22
-56
188
13
-70
69
-64
-58
-95
179
-53
-112
117
58
22
48
-52
-175
39
5
130
-49
132
-127
28
-40
-52
56
138
80
56
60
-13
78
46
144
65
-81
63
-55
83
58
-86
-156
41
63
0
-150
332
-44
-15
71
10
71
-63
37
79
94
-94
-2
-113
-193
-68
-93
26
-4
-41
52
51
100
-20
-60
57
25
173
29
-75
79
48
-68
-34
-22
-74
-47
29
4
12
95
165
62
-13
-140
-95
54
19
-31
-118
77
-30
-2
-22
-17
-97
76
-61
-93
53
-15
-55
-156
-32
-95
55
60
79
127
152
-22
142
85
53
25
215
-122
18
20
130
16
191
-42
101
-13
30
86
34
-32
-60
115
-19
164
-59
-119
18
-17
-80
-48
-191
87
13
23
185
-169
56
58
75
-18
8
-43
5
71
-140
25
-29
92
-224
-55
46
-106
-123
93
-19
97
132
162
-5
-275
61
166
88
79
-71
5
110
-188
64
50
44
-67
-28
182
42
-103
-65
142
-22
-67
64
15
181
-90
-163
-105
-98
228
-24
43
199
-94
-122
-51
-126
204
-52
-131
52
142
-129
52
-141
-76
-221
-126
40
-15
-141
-75
55
-36
-95
-58
-184
45
-24
-180
-6
-80
116
-24
97
78
193
-202
161
95
-16
-54
-60
32
-112
30
35
-141
41
171
-8
-48
-42
-88
145
85
-67
3
-188
135
-51
58
111
56
-17
-16
57
42
-239
179
-31
-79
-73
95
27
-79
-46
47
31
118
57
-36
-7
146
59
33
-37
4
-74
-150
121
87
-65
76
65
-36
-113
6
-42
-59
109
-12
11
-85
33
104
-32
10
-53
88
139
-49
24
-32
-80
35
230
18
-193
-14
150
108
71
65
-18
132
0
-14
49
-29
-113
-110
96
-122
-125
-26
156
-6
-134
55
194
-50
-64
-235
131
45
100
-16
60
174
100
52
77
214
-168
42
-112
80
146
-127
-4
-240
-28
-56
-14
-12
-2
78
-24
88
-154
115
4
191
61
-8
-55
-78
196
59
-86
-36
-208
-30
-177
23
65
225
-75
156
10
47
-29
33
-10
45
60
-100
74
-269
34
108
-39
37
-142
-45
-39
-77
-5
22
79
-214
-21
6
-54
4
-54
251
187
24
59
-58
-22
101
-49
-8
106
82
-88
67
40
49
-120
31
-70
-28
68
-54
137
-149
-85
14
-189
90
10
-131
120
67
-38
76
-41
73
37
-120
33
11
-145
-106
26
52
41
-36
70
93
-39
110
-48
79
-182
-8
58
-12
-72
235
-22
-91
112
-24
118
-18
3
5
-107
95
121
66
-140
123
51
168
-29
-100
-30
-62
-107
98
162
-79
-53
249
29
-152
55
15
82
-63
-77
165
98
-19
34
2
-110
46
-208
-148
-15
-186
82
106
90
-57
-118
3
66
47
-21
91
30
38
-279
78
-106
3
188
42
13
321
-24
184
-119
127
-22
-154
8
-104
40
98
-46
-10
-32
-16
-75
136
86
62
-112
-67
148
-113
-38
76
-1
-49
-139
-19
-57
-106
-142
-85
96
-42
2
13
18
113
119
5
-1
-239
-18
-98
-76
17
-30
59
-49
62
-146
142
226
-140
79
-186
-43
-26
171
3
-15
-27
-47
-35
-2
-71
-40
-20
-21
94
39
-85
-16
13
5
-271
-202
-71
4
-2
-80
145
98
-103
-6
-21
13
-314
87
-5
-15
-97
-2
160
-50
13
8
-41
82
35
-62
164
108
-65
-10
102
18
86
-25
-27
56
-25
98
-85
-41
-256
156
-78
-117
63
13
-9
95
-94
6
-46
0
117
41
118
28
136
123
257
24
-33
-64
98
133
39
-40
12
-41
70
-62
124
-78
-42
-52
-90
-44
-73
108
5
83
-163
-239
-135
-127
-54
67
166
-137
281
127
45
17
-1
97
49
-157
-106
72
119
22
83
-112
-5
-25
119
-106
-1
-30
188
77
97
-40
146
73
94
19
106
120
18
82
15
-21
-124
102
-103
192
11
-21
29
124
57
-99
-69
121
-102
-57
130
127
-111
49
-77
86
51
200
1
-81
26
-86
100
-52
-100
273
-24
62
-20
246
182
-76
-81
-47
-36
-30
-65
77
67
33
-15
-23
-70
-101
112
65
-163
40
-24
-93
10
136
28
-104
131
3
-54
-3
-7
80
-83
-39
14
40
58
115
-190
-59
93
22
5
-31
93
66
14
115
48
157
145
146
282
-88
58
-14
-67
12
-62
-94
-75
-120
52
132
88
64
90
36
38
66
181
74
-10
87
119
54
154
-26
28
214
-110
14
-77
30
59
-45
167
82
35
100
51
-101
-15
-42
-21
-168
40
15
50
-343
-34
-3
108
118
24
63
41
48
-61
-29
97
-57
113
-227
31
-10
-54
-6
-104
107
31
-49
-82
-77
37
257
-127
-78
158
-80
46
130
-44
44
-94
33
-13
-20
-10
127
-84
58
-78
117
-4
113
34
-70
-40
0
-24
-13
-169
36
57
-49
-173
179
-71
70
-63
172
-135
-53
-14
-33
37
-5
129
241
83
-154
49
171
-133
-163
-53
76
129
36
75
49
-215
-154
41
37
-182
123
-116
56
199
68
-56
-109
-35
-140
78
-66
239
-43
13
-52
-102
76
90
-59
-34
44
-146
131
-24
-212
75
161
-47
182
-24
-69
-126
28
-61
126
22
-4
67
4
0
-63
-69
-94
-229
-26
179
-82
-99
-138
-78
197
-112
-95
60
-73
-36
79
-91
89
128
62
-82
132
-9
-88
77
-50
-23
-203
-169
-54
56
-53
12
31
155
204
-104
-15
0
64
-11
151
17
-17
-96
-61
110
-5
-91
68
-127
-128
43
82
230
-54
-135
95
-86
-75
13
37
-47
-164
32
132
-23
-192
34
-38
-71
-58
-28
83
-32
8
-3
-38
78
-42
-89
23
-98
-200
144
117
155
170
-214
54
186
3
-98
-37
-210
-250
188
-98
86
15
19
3
-28
104
-119
-148
46
-24
71
112
158
106
-101
3
29
-186
-37
44
16
32
22
-53
-1
-26
81
-198
57
113
4
4
-60
-63
-88
12
71
-165
-103
159
-94
-43
-117
97
-38
100
-250
-23
-119
-77
-56
194
39
0
-262
-130
26
68
96
172
93
114
116
-69
73
-85
136
-173
235
-11
-2
32
84
22
-123
64
84
-78
-50
150
-70
121
145
-102
45
95
10
-38
41
54
-108
-43
-43
166
143
55
-8
-115
62
212
24
-41
139
-2
38
57
-90
112
-97
22
16
-157
-104
132
-122
-140
-179
-152
-137
153
123
-102
3
-79
-72
104
-30
115
-8
10
-13
121
151
101
28
163
-83
-134
70
108
60
32
85
46
187
48
69
80
-159
-59
284
-89
11
-142
-2
55
-111
-136
-8
7
-215
-28
-163
-182
-93
-5
-18
31
9
56
29
7
13
-18
-62
95
-39
36
102
102
-86
-48
74
-18
-33
-47
-89
83
-28
102
-93
-20
58
-100
16
59
128
159
169
-2
-38
118
-109
142
49
-23
-56
110
-11
32
-91
14
166
63
35
193
-80
-14
-2
12
131
-151
-16
124
37
45
-120
-25
-116
43
99
-12
-20
134
-48
38
133
46
-13
47
-117
-183
-110
-6
-129
-55
-72
164
-19
-30
38
37
-56
-78
-161
-16
156
8
5
72
-118
19
265
57
175
66
-86
2
-30
141
-74
-18
-289
63
-83
-18
66
10
-80
-4
-30
73
12
-210
-2
-31
-101
60
66
122
-100
-23
129
152
121
-102
-127
22
85
21
-85
28
-29
-136
-111
-78
-6
-119
-14
115
68
-69
-111
-43
103
36
56
-45
127
19
-119
166
13
-117
147
142
11
92
41
18
-11
3
61
59
-114
132
2
-177
-75
-96
11
-4
-45
-251
71
-117
-118
-28
-96
-188
-3
-88
-114
22
116
-98
-30
83
48
-86
117
157
12
41
18
30
34
-135
45
163
37
35
-2
136
-72
-73
22
-117
-97
328
2
1
-39
103
-32
30
89
-25
51
-70
5
-125
-106
-94
42
-20
-36
30
228
-52
76
20
55
-52
-59
-127
54
87
41
-8
-178
-9
-2
60
-99
133
8
69
62
-25
116
4
19
93
-106
82
23
-65
-160
-70
101
-72
-34
-132
-121
-324
136
89
-119
-299
-23
-4
-16
-209
-8
-63
-191
-81
-117
52
49
86
76
-79
-7
-108
37
14
30
-50
142
-155
15
-90
174
-29
-11
148
-2
-190
46
6
-6
57
-68
-45
-55
100
44
25
-102
-107
-78
-33
35
88
-96
90
92
-41
37
-64
73
152
38
-117
144
42
-49
-194
-103
19
-21
-25
96
2
183
92
-87
-104
8
82
119
147
83
-70
-191
187
3
53
-94
-145
-30
101
-245
190
91
-10
142
-135
69
-44
-62
24
107
-183
-85
113
80
-116
81
116
70
-37
-98
-37
11
56
-74
-157
-39
6
51
17
19
-81
163
94
-68
-240
93
-63
0
92
19
-58
-69
30
91
143
-211
-37
-14
-12
-41
135
33
66
66
-327
29
54
145
-168
-5
33
119
47
199
25
56
13
42
-24
92
44
-53
38
135
84
-45
-81
-21
-59
33
206
-80
19
112
-36
23
-75
44
-23
11
101
75
-192
-154
181
49
30
37
-2
160
60
59
18
13
135
25
-51
99
67
-8
17
6
-195
-102
99
-276
-12
-5
-43
-36
67
-228
53
-112
145
93
-44
-60
-106
158
-129
4
-30
106
186
-240
-246
26
-44
-129
126
13
17
-65
177
36
38
-72
-67
-38
-119
44
71
-56
-186
42
-64
29
64
-10
-58
1
260
62
-21
-83
209
-1
-14
-79
83
-15
130
136
-157
72
223
-116
-41
-19
-36
-99
-147
-51
72
-124
74
-17
-191
0
47
54
-42
58
73
10
23
-27
-138
-34
-216
-61
-83
213
155
180
-103
151
-128
8
115
27
20
71
141
-12
-190
29
-29
103
96
50
-74
79
117
82
-95
-74
13
-187
-161
82
20
-61
-97
-33
68
-110
89
-159
-97
-7
49
-30
-37
87
69
-11
-266
102
-99
-137
-70
-178
-125
12
-24
60
-2
-96
-50
-132
-33
58
-40
-66
-55
-14
255
-110
-88
-144
74
-75
68
-119
56
85
13
-70
24
97
-38
23
-36
25
10
-64
112
168
-124
-98
-93
24
-54
151
5
201
33
60
156
5
-59
-83
92
-98
-102
132
32
170
-60
186
-118
126
-148
202
-47
90
-168
-164
163
-56
-34
-2
66
-209
-25
-42
21
-9
-31
-97
82
30
-5
153
124
100
30
-19
-154
45
-145
65
83
2
148
203
98
-158
41
80
121
241
83
-10
-86
98
-138
-64
-272
81
-25
-26
72
-36
69
-42
88
-23
-68
147
69
-108
-42
-27
-2
77
-23
-114
37
42
94
42
-74
46
-9
66
-39
-103
-123
-32
48
92
-48
113
37
68
93
-108
-7
139
-136
44
-77
-120
71
-130
9
-2
39
71
70
-52
-85
-74
-226
66
-153
-80
-6
35
-51
198
-15
-79
-87
13
-120
75
-143
-155
147
-64
16
-137
17
-128
1
-21
53
-7
-187
9
38
-210
-61
-8
37
-135
-44
-129
-154
-28
241
30
11
-180
115
99
-62
-119
42
-10
36
190
115
35
-26
-144
-84
-107
31
-46
-79
-28
53
217
-149
-83
-3
63
-135
-180
-54
119
32
-63
-85
-43
40
-85
-263
53
59
-114
11
54
45
40
-95
-19
-256
-20
-73
124
123
-53
-87
-84
-56
-204
168
-73
5
70
-49
128
2
-155
100
-108
67
-111
-27
-123
-157
-10
60
-75
53
29
-30
76
-36
208
-92
-36
26
-128
-36
-47
43
18
-75
-49
-115
99
-12
163
-172
-65
-133
-87
-89
-150
-39
124
94
-46
-56
-61
-132
275
-42
67
0
-99
-43
-87
115
-105
-182
62
33
-45
201
14
-82
4
-69
-61
184
239
-54
-36
-99
-23
11
-60
73
-22
20
30
-76
87
185
-73
102
68
28
-150
69
-11
4
-147
-105
30
8
-60
-35
-107
93
-77
30
45
71
-73
71
32
-6
-134
169
66
44
-38
162
-44
-175
-51
-57
-69
-195
59
-143
71
52
-20
-42
-83
-3
-2
-88
-79
46
-45
34
-284
-94
108
48
-69
-124
72
-121
44
-112
34
56
-198
159
128
-21
121
-33
168
-111
31
-211
37
-38
-142
40
-16
-76
73
-40
63
126
-17
9
-10
-90
-19
84
66
-5
-90
45
-218
-28
213
230
12
-88
2
-9
34
160
63
-109
-17
-56
-22
-164
-42
-92
19
-81
-3
-21
3
-141
189
144
-81
22
-35
10
7
-36
129
-19
96
59
99
46
-137
37
60
44
-185
156
-3
-6
-37
85
-27
-192
181
27
-5
-76
40
-84
146
-20
71
99
-63
-99
94
38
5
-55
72
153
7
113
6
22
25
-75
118
-25
-94
-214
-27
94
157
147
-232
47
49
33
169
78
63
-45
11
96
-77
109
101
70
6
-4
14
-201
46
54
54
-31
-37
183
74
8
-11
51
83
77
26
33
-142
58
-116
-59
90
-36
-132
99
-132
-24
-58
-229
59
-45
73
-4
16
-114
121
-139
-150
-23
-63
92
-102
-13
-89
-64
37
16
52
-50
-28
104
-72
78
63
-109
-84
-36
-72
-11
-152
18
33
121
-90
172
5
24
35
51
-164
128
-58
42
-325
-84
138
-33
123
-29
-34
125
23
-85
81
-38
-238
206
-69
25
-107
-85
112
-34
97
-50
-26
-22
-65
-212
-68
-27
54
-109
-150
-78
-88
-21
112
-38
-93
-43
-234
39
-73
-104
-39
-27
37
56
-1
-166
-109
-1
59
230
-173
-134
-143
115
122
40
78
68
90
47
30
43
-105
-98
-34
-60
40
39
59
5
68
84
-163
-24
155
51
-24
-117
203
7
0
-111
61
-64
46
56
-12
87
-24
1
73
-35
208
-119
103
-162
-15
-197
-57
-28
87
20
-94
9
-301
16
-89
-176
211
-87
2
92
94
-49
-101
60
34
-155
-41
-43
58
132
89
-77
-157
33
-106
-43
-188
105
-49
63
-53
181
8
-72
21
-72
187
148
-83
24
-30
-26
-169
-47
175
215
65
-116
-115
17
-122
-34
-1
-143
92
-12
74
163
76
-94
-41
98
45
31
49
109
126
98
-140
62
-3
-22
92
21
139
-7
-172
-53
64
88
-64
-211
40
3
-119
121
18
100
-229
35
-149
-138
19
-145
237
-17
48
-72
110
106
-26
-114
-4
-76
-18
193
-100
91
119
-126
-111
24
0
22
-30
-59
80
-26
92
42
-213
189
47
-232
-102
34
-49
160
-161
-91
-44
127
52
-85
247
-8
7
166
54
55
-213
180
58
-88
9
104
-9
-28
-50
36
92
-43
83
14
60
8
-27
-1
27
-172
62
67
-95
18
-111
-199
170
102
11
26
115
0
70
69
90
114
-82
-146
128
42
-1
-88
-51
140
49
28
76
-38
-17
-146
68
6
-248
-53
17
109
65
3
29
-16
-55
-100
-4
-79
-96
170
196
-126
68
135
-123
7
-158
28
19
-23
0
135
-13
-77
15
-102
-83
-276
112
-158
2
19
-72
45
109
56
-124
64
95
92
60
-26
20
147
-187
134
-123
182
-200
-23
13
25
4
-55
-16
62
-105
50
40
91
-309
86
-203
140
35
-141
51
-33
74
-133
-115
-49
-256
63
15
95
4
-36
70
110
79
-196
109
-48
13
-76
-26
156
308
-157
-48
130
-12
170
19
-150
-140
16
19
-1
19
-98
-137
-105
52
187
-34
-62
45
-11
-35
-35
109
50
-11
-158
-48
170
-97
-18
-115
-44
19
22
185
-24
-120
60
-24
-78
150
191
26
-87
77
36
57
-53
-79
15
-10
-199
-38
242
-38
-57
16
10
121
-123
-82
102
-169
20
86
39
-90
-123
-107
50
53
105
198
-90
-11
5
125
-143
46
6
29
163
66
-51
-36
-72
89
-7
78
15
-87
186
-86
190
145
68
-76
-136
-13
109
36
116
56
-33
-13
235
-38
-43
-20
47
-170
93
85
25
17
4
96
-20
-98
95
10
198
46
-185
-69
-136
92
-4
142
56
147
72
-162
-15
-132
58
41
-66
103
71
192
-16
20
85
223
-23
83
-7
-23
-38
-117
97
26
-57
-39
9
-108
72
-51
25
78
-106
30
96
91
-101
13
51
64
149
-29
106
-86
-51
-21
49
34
-64
119
103
-113
183
-110
96
-78
-19
35
-70
48
-24
-64
-2
12
113
139
-3
51
-38
115
16
-30
-13
61
-60
4
-68
116
-198
-27
-22
-39
120
-70
-83
-37
-156
-120
89
-129
-56
-21
99
-26
-76
78
-45
-59
148
-116
-181
-13
156
-20
165
-96
-122
106
35
137
-31
146
-143
-38
25
65
-6
-7
87
-157
-57
-32
114
113
71
47
-59
79
49
169
-148
-126
-95
90
8
25
54
170
39
-3
117
24
7
-74
135
-120
88
-191
63
-15
-35
97
43
-119
-32
124
146
-122
7
57
88
176
106
-6
-124
26
-129
-5
41
50
32
9
53
-13
-137
-2
-181
154
112
-86
-122
46
41
135
199
164
-130
0
87
53
-97
-148
10
106
27
153
-16
-19
-97
15
75
54
93
65
123
-84
17
265
-1
78
3
-165
-129
82
24
-50
80
-48
-77
76
-212
-172
26
111
17
-122
154
32
-127
-30
-17
129
212
-70
-53
63
-106
-20
-191
-11
-159
116
86
50
-123
-51
47
-40
-51
9
-62
-162
14
88
37
-81
-55
-25
-112
-16
-12
27
-47
195
-24
-66
126
68
25
-95
-13
8
23
3
-79
-152
67
29
182
43
66
271
-20
19
4
73
17
87
-62
-68
100
49
-47
-101
17
-87
154
52
-50
119
3
6
20
142
-104
72
-66
41
115
-41
-34
4
-29
83
-180
118
73
40
45
-91
-2
-22
95
-173
93
87
-1
21
-113
-96
82
-42
-196
-97
-145
-171
-137
-102
69
247
-65
-105
-68
68
42
-129
-55
95
-128
-22
-63
-6
-89
26
30
162
53
33
2
152
290
-193
-28
-33
76
-91
63
27
-33
12
135
125
45
-236
-28
-58
135
-362
-42
-153
-60
49
73
81
318
60
75
8
43
-20
103
32
-34
83
7
-41
-27
170
32
35
-80
58
-13
-66
-24
-12
179
52
29
80
-6
174
73
40
-176
-82
-92
135
10
-85
189
179
160
107
-47
17
25
-10
-7
101
34
85
-80
-10
-60
-176
-8
78
-137
127
158
-3
-196
-2
-316
-200
-16
-47
62
43
28
-52
71
-18
37
-6
-103
-160
-25
121
-91
45
121
-44
-79
-96
-17
111
32
-210
324
124
15
38
-19
28
-76
191
147
-76
4
-26
0
58
93
118
119
-177
107
104
-39
137
-25
63
-33
-39
5
-205
171
153
-125
-205
-61
122
-96
77
-79
-70
-38
113
-214
69
-62
-1
63
-134
84
-131
-217
-10
-256
30
-5
-239
111
131
-95
-25
-80
-149
-64
-4
-49
-118
-76
-101
13
113
8
-122
-62
-41
-62
-100
99
136
53
7
2
94
-173
85
-90
25
65
-200
76
-28
-66
207
-51
-48
-183
289
-182
178
16
307
43
-19
-32
9
23
98
63
20
-28
169
-157
-57
-14
167
-10
-153
135
-13
23
-112
-102
7
164
15
-116
-116
15
27
135
-36
69
54
-93
-148
39
106
-12
-82
104
34
-18
-70
-182
-84
-64
-8
-75
-125
-95
107
102
52
222
-116
100
245
-25
75
-144
36
-1
68
-64
15
-85
95
177
186
29
-96
-145
9
123
58
-64
-101
39
158
-91
-218
87
-37
-70
49
43
17
174
-74
-123
-40
-56
-44
-80
-122
172
92
17
-48
-17
23
-21
-42
194
-105
-45
-38
49
-185
-129
87
156
-128
-116
133
-112
67
-130
10
-25
79
123
83
28
-187
54
101
3
85
-49
-33
36
-199
-103
94
60
14
93
27
-129
84
-33
-53
-208
-157
-179
142
-40
-19
44
71
3
-82
-50
-50
-29
-143
233
67
-68
-39
32
-35
-109
62
-29
-11
-8
117
30
-47
172
30
-24
200
1
-17
-22
205
14
28
66
42
20
-99
-41
-16
-36
124
-2
103
2
-145
5
31
49
-38
96
-150
-162
222
-28
155
-33
-14
163
138
-131
44
82
56
145
82
19
-12
98
-232
-102
93
65
2
-94
-93
-19
9
-21
70
-17
-157
26
-180
-5
-64
165
4
8
58
-42
31
-303
50
43
44
108
52
1
-41
54
-51
-130
-207
0
52
-104
-135
-180
31
-110
-87
-5
-72
-35
103
-13
64
66
26
35
242
-43
52
-61
-14
56
-110
87
9
9
9
-94
0
30
-29
-215
44
59
-170
-74
-84
-72
-81
237
61
-30
-177
-39
-202
-75
-11
30
-37
-78
-11
-48
95
-28
-143
102
91
50
61
51
-9
33
-67
63
22
65
139
-54
-20
-65
-79
3
-37
-12
68
-97
-47
-51
112
63
0
116
75
-33
-283
-10
111
-3
-21
1
71
-73
73
81
-49
95
240
28
74
9
-64
-106
89
-142
-32
92
-34
16
175
42
79
-87
47
-51
-106
19
-88
-35
-66
-13
157
178
-24
-77
-47
13
-44
-38
-60
-12
-78
-47
-214
30
-41
40
-16
-115
57
-138
119
37
-137
69
-58
-146
-58
85
32
-127
67
108
7
41
-19
-44
-15
103
-69
-176
122
120
135
-137
-206
202
7
29
6
-6
105
-138
54
-26
208
-49
58
-95
73
127
-94
103
132
-202
54
-5
-49
-162
68
43
-37
-179
-35
55
141
-62
-6
-15
-111
99
-55
100
-75
-49
-69
-158
-10
-194
-145
-59
234
-149
182
-97
100
-25
49
-1
15
17
-3
-63
-229
36
65
-122
170
-161
-32
84
-106
12
136
-74
7
-52
14
-13
-82
89
-110
161
-86
-60
58
40
-82
-152
-231
-123
-22
-61
206
-78
60
133
149
-53
-201
-20
38
-95
-20
44
-107
65
103
29
-131
-55
104
-20
-19
127
38
-62
88
-22
-30
192
-36
18
-20
-178
-87
-98
-87
-18
120
-95
62
15
-12
-119
-127
-84
2
-217
-52
-84
-34
-28
-167
105
-48
-46
47
95
-17
-74
79
-18
6
-7
114
119
-92
-15
55
-22
174
-25
-103
-71
39
99
32
185
81
-33
-307
27
-18
-59
-175
-18
-138
-58
158
-98
-63
49
44
-4
-213
0
57
-48
-25
-168
140
-68
-12
141
-66
-42
-57
89
24
5
-56
178
19
-70
-85
-128
36
-196
58
-66
-82
-128
-80
-155
55
-165
-27
-38
-29
16
-153
-100
27
-158
138
-8
75
19
-129
-18
-115
1
-129
-13
-26
-62
24
187
36
-203
132
-15
65
20
-74
-82
-67
-250
148
22
19
94
-26
60
-141
49
-92
128
-85
92
-151
-25
-98
56
158
206
-90
123
-11
-44
-10
-63
-18
-38
31
-65
1
28
-139
93
69
-76
29
-8
51
-78
-89
3
-4
-2
-144
64
56
77
-13
10
3
-83
22
-93
-7
64
110
-76
46
105
9
168
-8
-8
53
-5
-51
211
110
138
37
67
41
48
121
-64
72
-13
-56
-70
-233
20
44
-118
140
-45
-54
49
-23
58
111
-79
145
-9
-80
53
-30
-146
130
-68
-30
-181
-14
38
-6
65
-73
-18
105
93
3
144
-29
35
-138
-150
-74
131
65
237
91
71
48
25
-127
-50
113
24
64
237
-67
-78
21
91
-27
-49
126
-65
-94
-17
-109
-180
-79
-49
-18
-10
53
3
-47
12
45
-13
0
-104
-20
19
3
144
56
-209
-47
-107
-19
-10
16
62
-9
136
-169
218
36
-181
194
42
36
-38
17
-5
-160
2
36
40
-87
-99
29
-42
35
-63
-12
9
0
177
45
205
27
43
-114
13
335
124
42
222
-13
66
184
84
-63
-58
108
-91
-23
-109
5
47
122
-14
79
-75
-85
56
-94
-23
27
33
-143
105
-189
104
10
-193
-71
-34
-96
38
-39
7
-53
-11
-96
-7
-86
-24
-35
197
25
-82
-34
-62
64
96
0
-156
106
13
-56
23
34
72
97
-7
-36
4
-84
-214
281
47
20
-95
-200
68
-110
88
-73
152
-1
-6
