16 79 49
0 1
0 3
0 4
0 9
0 11
0 15
1 1
1 2
1 5
1 9
1 14
1 15
2 8
2 9
2 12
2 15
3 1
3 15
4 0
4 4
4 6
4 7
4 10
4 11
4 13
4 14
4 15
5 1
5 3
5 5
5 8
5 9
6 1
6 4
6 8
6 11
6 13
7 3
7 6
7 8
7 9
7 10
7 11
8 1
8 2
8 4
8 5
8 6
8 8
8 13
9 4
9 7
9 10
9 14
9 15
10 0
10 11
10 13
11 1
11 5
12 1
12 3
12 4
12 7
12 12
13 2
13 3
13 5
13 7
13 8
13 13
13 15
14 0
14 2
14 3
14 6
14 14
15 1
15 15
5
76
22
31
47
11
44
27
12
20
51
34
19
70
3
7
66
40
71
10
60
61
43
39
2
15
46
78
49
32
37
38
18
58
56
67
48
75
77
24
74
73
23
53
21
45
14
13
68
16
17
50
41
33
62
30
63
35
36
29
28
25
65
1
59
72
54
4
69
9
6
52
55
0
8
64
57
26
42
-79
48
16
-45
61
-24
-10
32
70
-6
-23
-49
59
-43
20
12
-46
-106
13
-31
-51
-36
1
-1
-65
6
46
13
15
12
32
25
34
-20
1
-58
-1
0
-50
-64
60
3
33
1
41
-38
37
86
-7
57
-14
6
60
-101
-86
28
42
30
31
26
15
-41
0
7
45
-29
-51
-111
-3
10
-47
16
-6
35
51
-23
88
32
-102
-89
-17
96
69
18
-6
33
-8
89
-5
14
58
41
-46
64
6
-14
-44
-14
-54
85
26
-81
40
66
61
52
-46
14
13
28
28
63
7
-41
-87
56
-6
20
6
0
-76
51
-49
-63
-31
-59
39
41
-51
-15
-46
115
-25
100
36
9
-8
-19
10
27
-2
24
8
45
-48
-75
22
6
-40
16
0
89
-19
-96
-12
-122
-34
48
10
-74
31
3
36
-32
-7
-46
30
-4
141
36
-118
-21
75
-76
-53
97
-16
38
13
-47
-113
-146
51
58
-38
114
-26
-35
-10
4
33
58
36
23
-81
41
-98
80
59
85
-4
75
16
46
-34
-37
36
0
10
3
0
16
17
-36
1
-50
-38
67
-11
-39
12
-34
-5
46
7
28
-13
8
66
34
-96
-9
100
-21
18
77
37
47
-13
-57
18
68
-27
-12
-94
-7
40
-65
-40
-31
50
-70
-44
-36
-56
-7
-41
12
-39
64
60
-53
-42
-54
-74
-5
58
32
-89
-55
-50
-35
-48
-4
55
-48
59
21
-50
-63
5
-34
-66
-44
3
17
44
-36
40
-17
-79
36
30
39
44
62
96
-20
56
10
23
-26
-17
-35
68
1
37
56
-19
59
-36
-69
-28
-24
14
37
6
-12
-36
6
-2
16
-39
-14
55
-21
28
51
83
16
12
31
49
-51
6
-30
-37
29
-33
-18
15
56
-17
-20
38
-46
-46
-32
-14
-3
10
63
74
-17
14
60
-77
-55
27
133
40
39
-5
23
-13
17
-122
26
76
-46
-27
-60
-9
35
73
30
-103
12
26
59
15
49
-96
17
51
71
13
30
-52
-6
7
-15
69
-32
-41
29
-2
51
32
21
-64
-10
39
-35
-68
48
39
-19
95
-55
-24
43
23
74
-10
-11
-5
-55
-43
-22
9
110
87
-24
14
-22
-49
22
-24
48
-94
-2
15
11
-38
38
55
-59
-3
38
102
-47
-3
11
-23
74
-95
-68
8
53
55
-22
22
-23
-85
-36
79
-62
-24
-30
-39
-7
-14
75
63
-28
-58
-58
20
9
-65
9
-31
-71
-41
-36
-77
57
39
-4
-28
52
-20
-22
34
62
-66
73
-43
-35
17
-81
128
34
5
6
56
87
50
-53
88
16
52
54
-40
-27
11
29
36
36
52
62
37
5
16
37
18
20
6
-25
76
11
-3
-7
-18
-49
18
-22
-70
63
44
37
-2
-30
51
44
31
-111
-17
-13
-93
-39
2
64
-87
26
-37
-81
-4
-74
-31
53
4
-90
-17
-7
31
-3
12
33
-64
84
45
-25
-40
12
-118
-50
52
-7
-21
-34
-23
1
13
-24
-33
-31
-31
-27
132
38
-46
-35
-43
21
48
80
18
-48
66
1
44
-40
-68
40
-6
69
46
-6
34
-19
-87
16
-56
-42
7
44
18
86
9
2
2
-56
-72
19
11
-31
14
80
3
-20
8
7
48
-45
-36
-42
31
2
71
-88
-21
11
-72
-2
-43
25
37
-18
15
44
-29
0
40
68
15
-8
22
-25
17
-40
72
-2
-77
-71
77
19
12
26
-5
-28
-24
-35
-62
12
-13
-36
-44
20
-42
30
-36
105
72
5
-5
-32
-5
-1
-14
-39
31
-18
27
8
13
30
-30
19
13
1
-58
-45
22
-38
-81
-72
28
-19
83
36
-50
-42
-4
40
-24
-16
-8
18
22
8
-5
-51
87
-10
-64
6
61
77
17
24
-38
41
-3
62
-30
25
7
73
32
-13
-11
35
48
2
-34
12
92
35
46
35
-55
58
-22
-17
-44
-7
39
17
-56
-50
32
-18
35
97
-21
63
20
-45
-22
-2
-17
-28
0
39
32
-7
-43
5
54
-53
-50
-32
-29
37
-31
101
29
-49
85
-92
-14
6
29
23
16
41
70
43
-74
-6
58
-56
64
36
21
66
15
80
-13
34
-87
45
35
15
-29
35
2
-42
-35
-18
16
-52
-1
60
-43
-60
19
11
45
24
73
-30
-20
82
29
-3
-46
-137
-32
34
50
-40
30
-8
-44
46
6
56
-19
-54
-7
7
-96
-30
66
40
47
54
3
-53
-35
25
-6
-66
32
88
110
-37
54
5
-38
1
-7
-57
6
21
53
93
-9
63
49
-106
53
67
26
-80
-11
31
-70
-16
20
-2
-43
-56
-34
76
-63
-14
-71
51
44
64
-75
24
-15
2
-37
14
-76
27
17
-41
8
-66
13
25
7
1
34
57
-46
-33
157
60
33
52
11
-42
-27
30
22
47
6
12
-40
30
29
-28
-78
41
-67
23
-47
-11
-1
80
6
-50
118
21
-4
54
87
57
-33
22
-18
41
36
22
28
42
13
-67
-51
21
-57
-28
53
-39
-43
-88
-42
20
52
15
-25
49
-5
-32
19
-76
-31
78
69
28
57
-49
-81
-38
-9
32
53
25
82
18
-44
41
43
5
76
-21
-24
-106
-30
85
49
-10
17
22
0
43
27
-34
51
21
-19
40
-34
82
21
-21
-21
49
-27
54
-14
38
-57
5
86
50
-76
-29
21
-5
2
-7
-53
-15
10
-45
-15
-61
27
23
-25
-23
-73
-18
-20
7
-96
122
-30
-32
67
-23
18
32
-55
14
114
62
51
43
38
-1
-16
64
-71
11
3
-32
38
19
-29
-3
-84
-80
44
6
36
67
56
71
-23
-1
25
36
-19
-6
-76
23
-93
-48
42
-31
-37
35
-32
82
-9
0
-4
20
-17
-6
70
28
-8
5
32
-61
11
25
42
-9
128
-43
94
-7
-66
-24
-54
-15
-51
-29
6
49
26
19
-20
8
25
-66
-60
-12
-45
-85
28
-29
84
-78
-18
20
2
14
54
33
-38
53
61
-72
-62
42
18
-26
40
-29
-40
62
33
76
21
64
51
-34
42
-47
16
-125
31
14
-27
75
-5
20
56
-26
145
-43
-60
51
49
15
-32
-84
21
34
22
27
-14
-82
-91
46
4
-29
-11
29
16
23
-34
25
32
132
-46
46
-17
-100
-32
-13
37
-46
-11
-2
-11
18
26
26
15
18
49
12
51
-53
48
38
13
-12
49
15
31
-42
13
-37
-3
-51
-1
-14
-26
31
-64
68
-2
25
17
70
-8
59
-54
-47
-33
10
-2
45
-48
6
-21
-53
74
-48
25
-10
130
0
-31
-13
-24
17
66
35
-91
39
3
-53
-31
21
3
-24
-67
-95
68
5
80
65
6
27
47
-4
88
-22
-11
27
79
-84
-66
-61
-52
77
-50
58
49
4
7
41
-35
28
-23
-22
-70
18
4
27
52
-12
-74
9
84
119
-51
-12
-40
68
84
26
16
21
37
1
2
16
-67
-21
-5
57
29
-55
63
29
-37
-31
-136
69
11
-14
78
-66
67
24
59
127
55
-5
8
-68
5
117
21
17
4
5
-33
32
-38
65
66
36
26
-6
-34
-41
-6
90
-20
-48
48
-4
-75
-1
-18
57
-11
12
4
-58
6
-63
44
0
-55
-101
116
-52
-59
40
-10
102
14
48
46
-1
15
-31
94
29
22
-84
-3
-18
19
61
86
-60
33
20
27
36
6
-28
-26
21
-2
-28
20
3
-96
-9
36
-6
34
34
12
31
-2
-46
24
-46
13
97
-3
-40
-63
-31
60
31
26
11
20
-7
-25
82
-75
43
44
-39
-34
71
-5
19
106
-12
14
27
15
-88
42
-101
-24
-18
68
91
-60
-25
-12
-94
0
2
79
79
46
-42
-44
72
-39
-65
-90
-34
-36
104
-8
-27
-61
73
-82
64
-27
53
19
18
109
-6
-31
21
1
0
-12
-57
0
-44
44
51
25
74
-52
-104
-21
90
-3
37
8
-35
-2
-3
-67
-130
-48
17
-32
-46
74
-55
-29
-4
-39
96
-52
97
18
26
-37
-107
39
-34
-35
-24
25
-7
29
51
-62
-42
33
-113
-12
69
109
-10
-29
-18
-10
44
1
55
95
6
-118
-50
-12
-23
78
-85
0
7
-42
-71
-14
-8
-29
-64
-44
-54
-23
-16
57
-10
-27
-30
-74
-39
-48
40
8
23
29
-3
-39
-47
18
-24
32
10
9
-5
-45
-44
24
79
-23
65
40
-6
-60
77
-63
37
46
20
-4
-51
-40
-68
-15
-8
83
33
29
6
-47
36
-66
21
-6
27
-1
0
-45
23
-16
-8
-28
37
115
-23
64
-3
60
-33
-16
76
-85
-5
8
7
68
-79
47
-8
23
55
35
-38
-3
22
-47
-141
67
-22
27
4
-36
11
52
-59
-22
70
-11
70
-49
64
0
22
-59
21
90
-73
2
-1
11
-26
16
-8
-117
5
32
95
31
31
18
2
-16
-20
60
25
25
15
12
-64
35
41
36
-22
-14
39
51
43
70
-2
-38
36
-47
-9
-15
42
-31
44
-86
7
85
59
-81
-71
68
7
10
-69
-51
9
2
7
1
29
-32
26
68
32
20
-77
-57
-42
-16
-25
-39
99
46
51
-2
-11
67
31
22
14
22
-80
-156
-24
81
83
-12
8
-68
7
103
-79
-32
48
47
-51
68
41
-5
-27
28
59
-6
119
31
-104
22
-56
49
32
-33
83
25
78
-43
-17
7
-46
-3
22
33
-4
30
41
-28
52
14
-46
51
97
-34
59
-48
-10
14
19
-10
-37
-86
28
40
-12
56
-77
-29
-46
122
-44
-67
61
-44
65
30
-9
101
-42
-71
2
-21
60
6
-8
-26
29
-57
-26
-14
-30
3
-8
-13
-14
33
-29
-15
-47
-65
-109
-53
38
45
-16
176
36
14
2
45
-22
-45
144
-101
-54
-24
-1
-34
-103
84
31
-122
-30
10
48
26
86
-80
7
8
-32
87
58
-20
-27
19
20
65
20
-93
122
11
42
19
59
74
28
39
10
51
28
-15
98
23
55
-9
-63
50
-2
78
24
20
-8
11
22
68
-15
-4
46
-66
-38
-53
-3
41
-51
85
73
32
17
42
-46
35
4
42
0
72
-39
60
0
59
3
-97
72
-34
39
-23
-29
-77
21
-19
-19
-57
-30
-20
48
-18
56
-57
42
-4
-65
-82
7
-86
19
-37
27
-17
-41
19
-30
34
34
-51
31
-45
-26
32
42
44
-15
-2
-51
63
-92
25
32
-20
-12
-25
-13
-33
-35
18
-20
-42
38
7
-79
26
11
27
-21
17
-16
-72
21
-57
-28
-3
16
-116
25
69
30
-42
103
19
-14
69
-95
29
-33
25
3
13
-25
-25
-16
35
-136
24
-2
-42
-60
55
-7
148
-72
4
49
-9
-61
30
7
14
-99
19
-23
73
-21
32
14
8
6
6
-21
-11
38
-19
12
-38
-46
-67
-102
-25
57
24
7
-29
71
-30
-12
87
-32
-34
11
24
-45
28
70
-20
-7
-19
-5
-7
-45
85
1
-43
1
-87
37
-5
25
-18
75
25
-48
96
-57
-25
-91
-56
89
-50
48
10
80
72
33
11
60
91
-69
45
22
-8
-2
-8
25
-24
-19
78
49
-11
-62
-7
-21
1
-71
1
-26
-67
22
49
99
-53
-34
78
-69
-109
41
56
57
17
-80
30
15
7
39
9
-12
-42
17
-7
1
88
-18
66
-32
-55
-6
22
-13
17
-105
-76
-9
-9
-2
-28
-1
13
-12
-57
2
9
-33
-54
6
-2
24
-32
18
-103
33
-43
-54
15
3
38
-58
12
-19
22
-41
28
68
26
-104
-24
1
-10
33
-21
-39
52
0
-26
82
-71
6
21
41
-54
-105
23
0
-42
12
-6
-35
52
-7
36
-114
81
5
-10
21
-15
57
23
-6
-24
-3
-6
-55
-94
-18
-6
-20
-35
-24
-119
4
-26
-2
-1
-90
-34
-59
-47
31
-78
-105
66
24
-56
-35
26
14
32
45
13
-71
30
-39
-54
-56
38
37
13
17
-53
30
49
69
-35
24
40
25
-19
-57
26
54
-14
-41
72
-6
-30
0
28
-22
-65
15
94
-7
13
68
-51
-23
36
-62
-32
-68
-58
13
4
24
-5
23
54
-101
36
68
12
65
17
-93
50
-98
35
-9
4
76
-1
42
-66
34
36
33
-65
-35
-55
5
-121
-33
61
-13
10
20
10
-13
83
-52
-37
-55
3
22
-4
-25
57
-32
61
-25
-107
-11
-31
-38
-26
43
36
-27
78
-8
-27
-60
-10
53
-14
-40
61
46
22
-39
5
40
94
-38
92
35
-19
25
-23
-88
-27
51
1
88
-9
12
-3
32
-142
89
72
9
14
-20
86
-65
32
36
25
12
22
52
-108
-21
-25
-59
24
-1
72
-43
-37
29
7
-40
-124
-44
-25
-44
-75
-35
46
-19
-23
-9
44
48
3
-11
20
32
13
24
49
-20
14
-92
-14
58
-34
72
37
-28
-87
-35
28
59
57
-44
-59
6
70
-47
36
4
8
-18
-9
41
64
-48
82
47
-74
55
-99
52
-47
80
46
9
10
6
-68
2
9
-24
27
-14
-35
36
94
-20
109
-8
-18
5
-34
-36
19
-36
-26
-24
37
-38
17
-55
118
43
10
-55
48
-22
0
-11
63
-45
-55
-1
-46
20
27
61
16
-2
67
-40
18
50
73
10
37
31
-52
26
21
-41
-42
-66
6
-22
-48
-9
-41
-9
33
-62
-101
19
53
9
-7
6
39
-53
-34
-128
27
-69
13
69
19
104
-72
-14
-8
-46
42
-31
-8
33
-94
72
16
-94
30
19
-76
-65
34
-10
9
42
-33
3
-76
14
-66
-76
14
6
52
-79
28
-10
8
-108
45
23
31
2
-17
-110
-33
20
-50
-59
11
-26
-48
-6
-25
31
32
39
-35
-5
-22
-33
11
-21
-89
-16
-79
-20
-11
48
17
-6
34
-64
26
-101
-47
44
-23
2
3
80
37
6
4
-16
34
7
72
13
7
29
2
10
71
9
12
6
16
-8
16
-35
106
73
-1
96
-1
-52
39
76
-54
48
-18
20
-19
-48
69
-30
4
23
57
0
-30
-7
84
45
66
29
-32
-75
82
32
-97
-71
-21
-25
31
53
-10
64
-30
130
41
-30
-5
52
-26
51
38
2
-52
-44
59
15
17
-66
13
27
-22
-26
-33
-2
-18
4
54
-1
48
-18
-66
-57
2
58
1
-19
-12
15
28
-46
4
-37
-21
35
-54
-31
9
52
15
12
-31
41
49
71
-41
50
24
-82
-98
-75
-15
14
40
-48
-55
35
18
11
49
9
-31
-42
-19
-36
79
11
29
-18
-82
34
-18
87
72
5
91
-51
55
23
58
34
10
15
67
-88
59
-36
-69
106
31
-44
-25
-103
61
-63
0
54
6
18
37
59
-16
42
76
25
19
-12
30
21
-70
-31
32
-50
12
31
34
-37
13
17
35
-49
78
25
52
78
50
-79
-44
-58
12
-47
-42
86
6
-4
-80
61
2
-4
-35
-18
-20
5
36
-40
-28
28
49
10
24
-10
50
36
-75
-7
40
-13
42
92
-3
-1
43
-33
-63
19
6
-14
-47
-8
2
-54
-6
-73
15
39
-44
-19
81
-13
-2
31
-34
4
45
-86
43
78
-9
53
63
68
-15
72
33
-36
20
85
1
-107
-62
-86
-23
2
5
-32
66
60
-44
35
53
36
-35
32
-3
4
51
12
-7
-53
0
-29
-14
22
84
27
7
-71
40
62
73
1
-1
-40
31
9
-35
-24
23
-50
-7
29
-18
-42
-21
-18
15
-31
-57
-27
-84
-54
47
-30
-29
-25
-1
25
63
-16
16
60
-7
20
-43
26
-17
-52
-99
10
-46
23
-97
11
23
-4
-38
-52
-57
-14
-145
41
-91
-7
9
-98
-32
-2
-32
36
17
66
15
26
79
-14
-10
40
32
10
-49
-27
-26
92
24
33
-18
-32
19
-5
21
-39
29
-16
-8
38
11
36
16
-16
25
-32
4
21
-27
39
43
20
-12
102
-57
16
15
12
109
45
-62
-4
9
-29
8
82
30
-8
-86
-77
-72
-7
-9
32
-81
-4
47
67
12
5
-30
-36
-57
28
58
47
81
11
-26
-2
-42
-41
28
-42
-42
-40
-25
-43
-4
-16
25
-50
57
-26
15
-2
10
-72
14
-10
-40
59
-57
47
-48
-13
25
119
-18
78
-5
32
-29
74
-1
-72
-34
-10
-25
88
-87
-14
-19
67
-50
3
52
18
-50
0
-39
26
19
29
70
-21
78
-46
-1
149
34
22
-11
-51
-65
-52
79
8
99
-19
51
-71
31
83
23
-73
-43
-85
16
-112
-63
-1
51
4
16
-16
-5
-20
-56
83
41
75
-8
27
-9
-29
-120
77
26
-37
33
-70
0
28
21
-24
-32
-82
-8
9
12
21
10
1
33
9
-50
-48
14
-6
-37
24
-40
-87
-123
-17
-63
54
78
-9
11
1
-86
-30
15
-49
20
-27
-30
-9
-5
-44
2
-13
24
-45
-76
3
-38
77
-54
-28
35
7
51
14
77
38
-6
-23
-22
28
-2
-11
-41
-38
-40
-17
-76
124
49
46
-18
-12
47
6
27
48
58
46
-79
96
-4
28
-22
-71
53
9
-23
0
-91
19
-85
-5
-9
-8
106
-28
115
-22
121
25
-3
-11
48
-59
-164
37
7
-40
-2
-68
23
-75
-17
10
55
-40
8
97
45
117
90
-39
17
-44
20
71
37
-18
-7
-61
5
-8
-104
-50
-64
-13
-63
14
40
19
-9
-14
-9
-18
18
-63
18
14
40
-63
19
16
-65
-38
5
-4
78
49
-37
-11
46
63
-63
54
-100
19
-33
90
76
51
-31
6
37
-10
78
-23
3
43
38
17
76
-54
-41
54
3
62
41
-16
75
-28
25
-3
61
-37
47
46
-28
8
30
41
31
-88
-12
112
-22
-3
-44
-39
-25
12
64
7
0
33
33
-2
67
51
-40
-11
0
30
-25
-13
-31
3
-23
6
76
-15
2
-44
-35
66
144
-14
91
13
12
26
75
-17
21
-9
-18
54
37
-22
192
-26
24
-61
-34
59
22
19
-25
9
37
30
-76
-9
-5
-50
-14
-8
-34
13
-78
-82
-31
39
20
67
-14
-26
-85
-49
75
7
-32
60
-35
-88
-72
-70
-14
20
104
46
-9
-16
54
79
-5
5
-65
29
-29
40
-17
55
-29
59
90
-4
-125
79
83
23
12
-4
-14
115
-20
-29
49
-56
-32
-43
-29
-36
-91
41
6
-43
9
-50
-3
1
16
11
25
-35
77
100
-3
-78
65
13
27
-80
36
32
18
-18
-43
-48
-23
-91
-13
60
35
57
22
-41
14
-34
-49
107
-88
-73
60
31
-120
-59
-21
1
13
35
57
-36
22
-9
-5
-29
-51
-5
33
-23
78
73
20
38
28
10
18
14
-21
33
-50
-49
60
-97
85
29
21
9
3
36
-37
-25
-28
-60
-44
-18
-33
41
61
51
39
37
1
2
-55
-112
28
8
106
35
-32
25
6
31
-100
-24
-19
36
97
44
61
-90
-58
-20
-12
23
13
-57
38
48
-7
24
56
-8
-34
-18
68
126
14
49
-32
-13
9
-28
-88
49
-4
4
4
58
48
-95
-70
-26
20
32
53
13
8
27
50
-23
-3
-111
28
7
-10
-65
64
30
-15
-37
7
19
-41
-86
-16
61
19
-41
53
-26
1
-8
-15
27
66
-56
-22
-33
14
44
-48
-7
-25
-13
27
13
-67
-16
-30
41
-33
55
47
-2
-14
22
-26
-21
-33
9
-48
-42
-60
78
48
-70
-32
29
-29
-91
-5
78
-47
72
21
35
-21
105
21
22
-63
-5
-41
-59
-1
-8
13
10
-61
-65
56
-11
6
125
-49
-3
40
38
-46
-2
-79
-61
63
7
34
-32
63
-36
25
58
-16
62
-3
22
-8
44
137
52
9
-79
-48
-73
-27
43
-4
-18
84
8
14
8
41
59
-37
37
1
9
-5
2
-28
21
-89
-72
24
-14
-32
-26
-28
-50
18
36
-26
36
49
-24
-12
-26
50
-23
-55
79
-29
-1
111
-48
-40
50
10
42
-6
-77
45
16
-21
-17
20
32
-13
-24
31
42
5
-80
10
-22
21
12
45
21
-135
12
-55
3
63
-22
118
-135
-19
91
78
-14
-24
35
85
-28
10
37
-18
-75
-42
-40
-129
53
-43
43
25
1
-65
25
6
-15
-119
-9
-31
36
6
111
-2
-12
-51
27
-14
51
15
-25
-93
-32
20
1
52
-19
67
-53
22
-56
-19
40
72
50
-10
43
48
-4
-57
-24
23
-27
40
60
29
33
-11
-8
-89
56
37
124
-2
67
-28
71
-42
-71
82
26
20
-48
-41
-83
46
-16
78
-78
0
-8
-94
-46
36
91
-44
-32
49
-9
49
13
2
-84
-1
8
-49
51
-70
49
37
3
39
-52
-10
-28
6
99
41
33
-58
14
-7
63
-17
53
-5
-76
2
-16
6
-50
-9
-50
-41
-45
-61
-10
-3
-1
88
-27
-61
4
-36
-53
-48
42
131
110
10
-74
-21
-120
9
26
53
107
-6
-18
16
-46
-81
-57
-20
72
52
4
58
-3
-14
45
14
-38
-16
44
14
-48
7
74
-43
12
-27
32
-76
40
-16
0
-38
-10
19
-53
-84
-46
-24
14
-71
-121
-10
-3
-25
2
16
60
69
2
5
-4
27
63
-18
53
-59
-23
3
-15
14
-73
33
17
-8
54
45
-25
34
-54
75
-59
71
-24
-60
36
-83
-8
-34
43
5
69
6
50
39
3
18
-25
-10
28
-79
21
46
116
1
89
-44
8
-54
51
-32
-11
62
-61
-10
-31
21
-19
42
-35
-7
20
29
69
27
-42
-20
-15
-18
-109
-28
37
-6
10
-59
-38
-60
79
37
-4
85
38
74
31
-31
77
-38
51
-76
12
-47
70
23
-39
28
30
4
-52
-15
-26
16
49
25
-76
21
51
-66
60
49
79
0
-54
-2
-10
-33
-100
-26
-65
39
-47
33
-38
90
-13
-129
28
81
-66
30
-53
-73
-78
-43
17
-44
-2
90
-40
-52
-3
-49
-5
27
-45
-19
44
71
8
-113
14
62
42
1
-57
10
103
55
2
68
74
-56
13
-19
28
-74
-25
19
-39
10
82
-15
55
-76
36
-36
3
50
-86
-4
39
6
-12
-63
-68
-28
-114
-22
-91
2
16
29
55
-31
52
-80
-34
-19
40
-60
-61
-21
5
12
8
50
99
42
-28
57
-53
23
4
57
-64
-77
10
5
-29
8
61
54
41
-22
-45
1
-49
-19
-7
55
-134
-23
-46
8
-34
-54
16
-1
7
-40
35
41
-6
-61
31
10
-30
62
39
123
-46
7
106
6
-26
-86
-8
10
-39
-72
14
32
6
28
-60
-17
-31
19
69
-24
-11
-55
46
-51
59
-14
-118
62
-14
-120
50
-118
25
-84
40
17
35
-5
-10
47
79
-79
-14
68
4
-39
-25
34
37
34
-14
-17
98
-20
170
66
19
96
-32
69
-54
12
34
40
-9
-16
-35
-43
-4
59
-75
30
-35
-42
-6
30
-39
69
12
44
23
14
-46
30
36
90
-20
-3
41
-62
5
-22
0
-31
-89
-42
35
-62
-21
61
33
68
49
-83
-17
21
-11
77
63
23
50
-2
-59
-32
41
-13
-3
-65
-31
62
70
8
-53
42
-57
72
8
-56
-22
52
-82
-12
17
54
35
-47
18
-76
-4
-18
-28
-80
26
0
35
55
-48
-58
50
-88
-33
56
105
-74
79
46
-80
61
15
49
58
42
-62
11
-64
48
7
45
-54
-35
-49
98
-71
5
25
-34
-86
24
23
48
-42
33
52
-4
52
-55
-16
-8
65
-16
19
28
25
24
113
-37
29
-14
-27
92
-111
-10
-67
29
97
77
-29
-37
-13
-8
-42
-73
92
41
39
-6
-66
-7
-47
-126
76
-31
10
54
-42
-42
-31
49
-15
-54
-74
53
-24
9
55
-63
16
106
-16
22
-16
15
42
-15
-15
-29
33
-72
-24
-36
-7
-25
55
-55
75
-24
21
-25
58
-95
27
89
47
54
-11
-18
105
35
-20
-47
17
2
-19
19
22
-45
84
4
-6
-9
-71
14
-5
6
100
47
3
-72
-49
5
-47
-67
-21
46
-15
16
78
64
-40
-17
-4
49
-43
-2
-3
-18
48
-7
-42
91
-26
-21
53
-83
-24
43
-27
-24
-43
82
-16
-1
69
-61
-41
-97
81
6
53
10
-135
-6
5
22
10
-22
-51
-7
49
-4
48
39
5
18
30
2
-67
14
-25
59
-87
-40
-28
40
-49
4
-16
7
-17
-4
80
-46
37
-33
57
-48
130
-32
-54
-54
48
-86
-22
9
73
4
31
-16
10
-11
-38
58
12
-36
-12
-82
12
-75
-23
78
64
-19
1
-22
-35
72
78
-42
-25
51
120
43
-68
-48
-54
-32
26
-34
36
55
-37
-33
63
33
-98
41
-23
31
23
-13
-12
-17
-17
-7
-40
-40
17
-30
11
-40
-89
-1
-23
-55
12
-44
-80
79
74
32
27
108
-10
-56
59
-16
2
-43
8
-7
-22
31
3
-67
52
3
26
-66
69
-59
-48
52
24
84
-25
-11
14
-44
-43
17
65
-24
-38
-48
41
38
-11
72
15
-33
-57
12
42
-37
-19
-10
-28
17
-23
2
-32
21
70
-2
2
-15
107
-4
-44
-77
128
18
60
50
-17
-46
7
-24
-67
-25
-42
-11
-32
8
27
13
-14
82
28
-3
7
-17
-78
-15
3
50
31
-27
-10
10
-7
-101
32
9
37
-139
-41
19
76
35
-43
13
68
4
-9
-62
34
-3
-89
19
-58
-32
-46
-30
-101
16
-13
27
26
-51
-5
-4
-39
-95
-76
-25
88
3
-5
-15
-37
48
22
-46
-45
-76
-12
12
158
-12
27
-96
127
27
25
38
13
9
3
-38
52
8
21
36
-23
50
34
-81
-45
29
4
49
72
134
15
38
2
-8
6
-49
74
-72
-40
64
-14
-36
-85
-90
-57
-76
17
-14
-67
89
35
42
8
-1
6
31
-12
0
-32
-48
-54
27
1
-7
22
-9
58
-7
-66
4
-57
8
-24
49
77
-3
-3
-16
75
25
-30
31
-85
81
110
64
-12
-78
-39
3
53
42
12
44
-1
37
73
-77
62
13
-36
-19
-86
28
-16
-8
2
16
-17
5
82
4
-10
103
-50
-72
-22
-90
-49
-43
-28
-65
-21
-17
-75
26
33
18
23
-24
26
-66
56
-25
-14
25
24
48
118
-39
-47
-17
-37
-98
81
-10
12
-49
15
-49
-2
-24
7
-90
-4
75
98
-79
12
-28
60
44
38
-40
3
-17
5
-3
-2
4
56
-57
99
31
6
44
-39
25
8
13
1
-27
-78
-13
-39
51
-132
3
-2
29
11
65
-38
9
17
-39
54
-48
-83
47
37
16
24
38
37
-2
-84
-4
15
29
-68
-49
38
-13
-55
-3
9
-101
44
19
21
88
-120
12
-44
79
-18
-6
-55
-98
36
-4
-2
-3
-15
12
18
-2
-9
22
26
-5
-4
-46
6
-78
4
8
-22
123
-13
-38
-29
40
36
18
29
39
-49
-36
-12
4
86
46
42
32
68
27
-28
44
11
10
5
-109
-86
27
3
-30
44
84
-42
21
53
53
-22
2
9
15
-32
29
-32
-59
-99
14
-92
29
-59
87
-1
-148
3
102
-2
-41
-9
65
37
26
11
-28
-40
-3
33
-71
84
-60
39
-5
-30
46
-97
-37
31
55
15
1
31
-21
22
-22
-64
-127
-25
41
28
61
23
-93
-70
82
12
52
-58
-67
34
-5
-11
32
25
76
-115
31
9
-42
0
28
129
42
6
-14
56
101
82
14
63
79
11
73
-35
-14
65
-37
33
-22
19
-60
-23
-32
83
-3
-42
-32
-20
-16
48
13
18
-44
-56
-65
33
24
56
23
47
66
23
-61
-94
11
21
-8
24
68
49
8
-4
-69
-49
-14
13
-44
-67
68
-28
39
-55
61
51
38
4
17
-17
18
-53
16
33
-33
30
-45
-68
89
-21
38
-116
31
-26
28
-93
45
119
-52
21
9
-16
-55
-91
-23
-67
43
35
46
6
-6
-29
52
5
-64
-119
8
20
90
90
30
72
50
62
-44
-17
-7
15
-38
-8
-9
-85
1
-12
5
8
-135
-18
81
41
-58
-9
-95
38
2
-20
-13
94
-10
-26
-40
11
29
10
-21
-64
86
7
60
59
10
26
-35
65
40
106
-9
73
0
32
11
-27
20
56
-30
58
48
83
-48
42
-53
14
3
-9
-50
110
55
-50
31
-13
21
-72
39
-31
-23
7
-10
-76
15
43
26
-56
32
-2
-4
-7
135
-5
11
-54
69
20
48
0
45
17
64
-11
63
2
15
28
-6
-41
-25
3
-19
78
128
29
-23
46
-53
74
-63
43
-8
62
67
-7
48
11
20
-23
5
14
-46
42
-2
-30
26
-2
22
-33
31
-30
9
-26
4
51
33
-27
-73
-24
-12
-16
10
29
37
30
-18
-6
-21
-38
16
92
-8
116
51
-26
4
55
37
-41
50
-18
-91
31
29
21
3
29
11
2
-103
29
93
-30
39
46
-19
-44
47
31
-5
-54
115
42
25
-54
57
-44
20
-72
-31
90
-12
-70
4
71
-4
47
-17
67
84
-62
-35
45
56
46
-51
-26
111
-14
-43
-36
35
-9
-44
-22
-22
-34
-11
119
11
-44
0
-30
11
1
6
-79
-18
-75
15
-140
19
-65
31
-68
24
22
-54
-68
74
97
12
-64
51
-111
43
9
35
55
24
-67
56
87
-23
-96
-8
50
76
-24
-29
-56
38
6
-58
-24
-101
-4
-1
79
-100
44
-29
-47
75
-85
38
43
86
-103
-88
55
35
-41
30
-27
-4
59
-24
-17
-24
15
53
-65
21
106
20
3
43
65
-2
1
-75
-56
-34
-100
-95
6
59
8
-71
47
-32
-30
52
47
42
-28
42
-97
-2
42
-1
47
9
16
-2
-44
-48
16
-33
-47
103
5
1
5
-64
-12
67
-41
43
44
21
13
-5
-61
-24
35
-30
-35
-72
102
24
-21
85
45
-66
-14
12
-57
-57
100
8
-47
-83
-44
61
-1
19
-47
-40
-6
15
16
-8
-50
-6
-22
0
-8
-40
6
41
-98
5
39
-37
90
38
14
14
4
33
-41
93
2
1
30
-28
-25
56
10
35
-43
-69
-30
-101
83
-78
-33
-55
57
-28
68
33
26
-8
-18
-27
52
-1
-20
-5
59
54
22
36
-61
24
45
-114
-11
-39
-21
49
-26
-9
73
114
13
-20
-1
58
-13
-57
-39
-22
-101
73
43
-25
18
-89
40
17
34
34
35
-99
30
3
-3
-80
89
67
-13
28
-5
-2
-23
-3
-16
-21
72
-76
-54
18
32
26
63
19
-9
-10
38
-75
28
-130
0
71
6
-11
22
10
98
-15
55
3
67
92
75
-54
-43
-65
7
-93
23
66
-63
-86
62
56
13
4
24
-123
91
8
-24
29
-41
-61
40
114
-11
-13
24
24
72
-4
75
7
-23
19
-6
57
66
-26
-18
67
28
83
45
-69
-70
-39
24
67
2
-79
89
21
52
-68
18
55
49
78
21
52
84
-25
-17
79
-43
32
-14
9
21
15
-46
26
-19
-4
-2
-2
-17
-10
44
-58
-91
-3
12
51
22
37
-54
-4
-137
39
33
99
39
11
62
70
-37
-42
-30
68
-29
-4
-7
40
13
39
-75
-5
15
-6
-5
-41
-105
10
25
-4
-51
12
104
-52
-39
-68
-29
-43
-32
35
18
44
-10
45
-2
-48
-7
3
-52
80
70
35
-28
-43
8
10
13
66
22
-18
10
102
-10
-94
-53
-46
65
96
-67
62
-56
92
-23
-11
17
2
27
-23
-12
-66
66
16
28
11
2
-76
13
69
-92
-45
33
-4
-34
42
-13
-26
47
96
62
-8
44
74
-64
-36
71
-18
5
46
8
22
-59
36
-8
73
54
65
-23
-7
-23
-91
30
-118
-87
-30
-73
-61
-82
9
-48
-61
53
23
28
-9
9
-43
-15
15
-16
-50
-47
1
42
44
-98
32
9
39
74
40
-21
-21
-12
81
-34
21
-7
80
12
-45
-9
33
-27
14
18
111
-7
24
-23
-21
11
72
-56
-38
-21
52
9
77
-31
35
-22
36
63
46
-69
-23
22
-23
-79
2
-2
-81
-6
-3
56
17
29
93
88
-77
-79
-35
-1
-32
23
29
23
-45
-70
-104
-12
-17
85
36
64
-62
-29
-91
9
19
-65
6
-23
6
-6
-45
-80
18
-4
67
9
-8
-3
-1
-16
-42
27
-52
-11
-66
-6
13
26
-7
14
-1
16
-65
-107
-38
20
-3
23
-16
77
11
55
-10
-108
-59
30
-4
21
57
-56
26
-45
23
0
-91
-5
38
-131
-55
74
-36
-39
10
-52
-2
-6
68
-38
-68
26
-6
-47
70
72
37
-54
-86
10
75
45
-64
-67
-80
62
-14
33
-39
-29
-49
-28
-12
23
-51
1
-38
44
-101
24
28
-31
-101
14
32
81
-7
30
-8
44
96
1
39
-29
-28
78
-42
8
20
-64
42
-43
17
24
-28
-37
-24
-33
75
-17
-41
0
0
-96
-4
49
75
64
-96
-56
-57
34
7
20
13
77
63
-123
65
26
29
-75
-57
-39
-56
82
70
-73
-85
35
-19
2
37
44
81
9
28
-28
-3
64
56
72
-54
50
29
45
82
5
-9
134
-46
-79
34
-115
17
62
8
-32
56
-54
65
29
38
83
43
-18
-14
98
-51
-10
52
97
46
31
-16
-91
31
-16
-23
-80
69
0
4
28
-14
91
13
95
-51
-36
-72
-44
-48
8
-53
-20
-26
60
-102
95
0
25
-17
-22
-100
14
-67
55
-8
45
-84
-12
152
-23
65
27
-28
-27
8
2
-37
-29
2
-56
63
-43
4
-66
-23
-41
73
-128
49
-27
-65
63
8
-30
12
-96
-41
-28
28
74
22
-43
1
5
21
38
-17
62
49
54
-39
61
0
115
-26
11
33
-39
13
-72
-29
13
-72
73
-101
31
-52
22
-9
-43
5
56
-65
-31
37
49
75
-29
-13
43
-43
-41
45
52
-34
-18
84
44
41
-37
-6
-59
-34
-19
1
-7
-19
-46
-20
-94
-53
59
-58
94
56
-62
-50
31
41
37
-73
-5
10
34
-2
-76
36
-80
47
89
29
-25
32
-31
52
-19
1
62
23
-10
86
20
25
-56
-22
-51
40
-64
-69
54
40
56
-5
-38
-23
-8
-2
31
26
-46
42
19
67
90
-49
-40
-95
-48
-57
100
-52
-30
37
63
25
29
95
-95
80
63
-105
-39
106
64
-97
-45
26
2
-48
58
97
65
-50
36
3
-30
43
-45
40
-38
43
70
17
30
-97
-19
22
-28
-62
-32
-4
66
46
-14
21
12
0
-43
-20
-1
-13
-38
10
32
72
31
-105
-94
-66
-48
-7
78
-74
-34
76
4
-13
-10
11
29
79
41
43
7
-47
12
90
10
25
22
-25
42
-6
18
-10
77
37
-31
-8
10
-32
-48
-31
-28
-51
26
43
17
49
-21
34
120
30
15
-1
-84
6
115
-13
-37
109
51
-62
-11
-38
-69
12
4
42
-30
-73
92
-35
20
52
-25
-97
-92
-63
28
-7
-31
5
99
10
11
-9
-24
-12
27
-4
-48
-11
-38
56
-40
-8
37
33
41
-21
-3
15
33
13
25
-79
44
34
27
-27
-5
-57
-58
31
68
65
-74
40
49
15
31
12
41
-46
-5
-53
-68
-121
39
8
68
-58
5
40
-4
49
27
5
0
79
82
-23
14
-70
40
-146
16
133
70
55
-20
-36
17
0
11
-98
46
-38
9
-10
15
-35
33
-83
-81
69
8
36
42
38
-117
35
18
2
-96
6
53
-11
-4
-63
39
-74
12
5
24
45
49
52
-70
-42
-93
35
7
1
35
71
-69
72
-90
19
-5
-12
24
0
37
-29
-49
-23
60
91
55
-38
-4
-3
21
-49
-53
-13
18
29
34
22
8
1
-41
-37
28
29
94
75
-3
-13
-18
-4
-6
-44
-16
-4
-21
1
-79
-19
-43
38
45
36
-47
4
-41
-26
88
-34
-25
-72
-23
28
69
1
-28
-8
-15
1
108
-80
-41
-41
105
-62
40
6
-21
-82
-30
74
-19
0
-67
12
34
24
-15
10
12
17
-66
-43
23
-38
63
7
-12
-109
-26
20
26
90
34
-58
34
-61
33
16
-71
-7
30
34
-45
44
41
-17
-42
-30
21
3
-40
6
-22
-14
0
23
55
21
-22
23
-35
7
-52
-48
-110
-31
0
-7
14
13
76
24
-9
-36
-65
1
-9
-43
-56
14
-18
50
65
75
-3
69
-101
5
-33
-22
-9
-46
-20
15
-39
39
4
63
23
22
82
-40
159
-9
-37
25
126
24
74
87
53
82
-74
4
-28
-128
12
-47
-21
109
51
38
-40
32
-56
-6
8
9
39
1
64
-22
14
48
-122
-22
-26
26
72
-4
-8
29
-83
-10
42
67
74
93
85
16
71
35
-80
-9
-54
-48
-27
-47
26
25
-18
69
-27
-1
-33
93
18
38
-43
20
63
-89
-30
-57
-16
-43
44
26
53
62
-72
30
11
38
-15
117
-10
30
32
-19
86
11
44
35
-1
25
49
-33
2
-10
22
1
-19
-66
-29
-48
48
52
-23
-37
-40
-51
20
-62
12
9
-25
-62
15
39
7
8
-56
107
28
-61
-107
18
24
-34
-6
-20
-21
-53
-27
-5
63
2
35
-23
52
94
66
-8
0
-1
11
102
-1
22
-96
7
-75
-67
-26
70
-28
72
-27
22
23
-30
12
-1
-66
-75
7
45
36
-28
-45
23
42
-67
-19
50
-10
-38
-44
-27
-36
-21
29
93
-11
9
-57
65
-51
-18
-67
-31
-68
-33
-6
31
-46
-47
41
-21
-3
-11
-52
-31
-6
-75
-53
41
-51
-31
-29
-18
-50
-10
-22
31
-9
-59
-34
-42
-88
98
-74
10
-61
-20
43
44
-109
-17
51
36
64
-16
34
-49
-36
38
87
-1
-50
-13
-34
-55
12
21
5
-24
39
50
83
54
14
-6
-85
40
31
48
2
1
-26
14
-46
77
-5
31
2
10
-114
-9
-67
82
-19
-104
0
-51
-52
-46
15
-62
-7
39
-111
30
-59
-101
-31
44
17
-20
10
-75
-35
-6
-106
-33
-58
49
-28
23
15
92
-38
28
-55
65
-53
-27
-20
-7
9
20
-40
-22
58
13
-9
-39
18
-45
-17
-54
35
-67
42
7
-37
-37
77
12
63
20
34
38
18
-51
-72
45
-51
6
-13
19
27
-49
18
88
23
-59
98
33
-9
71
17
66
125
-7
-30
-16
12
-8
-1
-7
27
-19
22
-10
38
-16
4
53
70
-42
14
61
35
-40
14
-49
42
-38
-4
-92
81
71
2
-20
-71
57
47
34
-58
20
-3
-6
-3
21
-5
51
-8
-82
-56
-5
14
-39
19
27
88
-62
11
29
89
54
-48
-33
-11
43
68
-24
92
-26
-22
-7
72
91
-19
39
40
33
12
-74
84
6
15
-7
129
-2
34
34
85
-33
52
60
20
1
79
-11
40
16
-4
1
9
-3
108
-30
-73
-8
-38
61
-3
-23
-8
-59
-56
42
-96
19
63
-11
-40
-15
31
40
-4
68
-49
-6
48
-1
-63
-65
59
7
30
7
57
1
16
58
-33
14
-61
-25
-47
1
-2
60
27
-118
73
-25
-56
20
-62
3
26
30
-31
13
-3
-46
10
-73
-56
-56
-23
-48
-65
111
-52
-22
10
-90
-10
11
12
17
-5
-31
41
32
-46
-33
-13
-71
-32
62
9
18
-63
-28
45
9
81
39
-10
59
6
-55
-143
-22
12
35
13
3
-3
30
-19
-10
-31
72
-99
-29
21
-32
74
-18
-30
25
8
11
37
5
-16
71
-76
14
0
27
-39
7
-21
-9
-51
61
12
5
-61
33
44
38
-16
36
22
47
-48
-28
49
101
-55
3
15
26
-31
-13
42
28
-52
-33
-10
0
9
32
-36
-39
-77
45
63
-22
-21
41
-24
-21
-51
-14
-4
-29
-9
26
-148
2
-80
-25
57
10
8
-29
9
33
-61
19
66
-30
23
27
-62
43
-42
60
-8
21
-33
-41
-22
29
-51
46
44
65
15
14
43
6
25
-7
51
-24
-45
23
14
13
12
-28
-21
46
5
44
7
-27
-43
40
21
9
-44
-58
-40
35
80
-99
28
-13
25
16
-1
-73
-61
34
-47
5
41
21
45
11
-26
66
-27
-76
-31
-3
-3
23
1
-75
15
42
-23
-28
-27
25
43
6
9
25
-47
-44
58
55
33
65
-24
-93
-34
-16
-12
36
-27
-39
107
-67
1
-13
-46
99
-19
-9
-34
55
7
-8
67
71
16
-119
-80
-82
63
-92
-42
-56
-36
80
60
-124
-68
21
39
6
-25
-38
-60
-76
3
13
-28
19
69
-69
-15
10
39
-12
-12
20
-27
5
-8
27
49
62
20
-15
67
-39
12
17
-61
3
4
-30
18
60
-65
109
34
44
67
44
-17
7
24
35
76
64
-32
-21
13
-65
13
-108
-11
-92
-41
-18
4
45
4
-33
28
14
-19
29
-1
11
-33
-13
40
18
2
-39
11
-24
-18
41
10
-9
39
44
-12
23
59
-43
-142
45
-32
4
31
-18
-34
14
10
-44
-2
7
-78
-15
-13
-60
25
17
-6
133
28
-38
69
-53
-68
-71
98
-47
3
16
-13
61
-19
-4
53
52
-67
-35
-9
-45
-13
-22
-6
45
43
-29
50
75
7
57
-27
-6
-54
-12
9
-63
92
62
30
-76
15
-39
-23
-30
-35
-25
42
-10
67
-18
-13
-94
33
14
60
58
13
68
-11
-62
-35
60
39
49
77
-9
8
53
18
-5
4
-10
-6
37
4
49
74
40
-5
23
21
-31
-39
-98
-64
11
6
30
-7
-54
59
-26
92
-39
22
-25
-63
32
-41
-76
53
95
26
29
33
-36
39
59
64
-7
30
-30
-1
-48
4
-36
3
-79
-11
-117
31
-23
-1
97
45
29
-21
-24
1
-74
-78
-14
-30
17
-79
55
-62
95
-22
65
9
-43
15
16
-28
-33
5
27
-15
-35
-29
-57
-35
-23
-1
-38
38
-45
-4
31
58
20
-106
31
-24
-33
-7
-17
42
-112
99
-19
-14
36
-136
70
27
70
19
-44
30
70
-55
-36
-117
30
-21
-38
12
25
-56
62
-76
-27
-11
2
29
-79
2
-31
-23
-39
8
70
29
60
-10
-20
36
-24
25
21
-73
-29
42
-35
118
35
55
7
13
117
76
-35
47
-21
57
-69
29
68
-29
3
-125
-31
17
-15
-14
1
-1
2
15
45
-71
-23
-39
57
77
23
38
-34
-24
-9
-77
47
-18
-32
46
34
44
65
-65
28
45
-40
5
77
16
17
-39
-10
21
-7
51
16
-19
32
-44
-92
-3
-67
-24
8
-26
-50
21
71
25
9
7
92
12
-7
42
13
5
25
37
-20
-72
22
-32
-6
1
31
-5
2
42
26
-74
37
1
-9
17
10
-19
-99
-68
7
-38
-93
41
-15
-60
-6
49
2
36
-29
1
38
-13
-10
35
-21
-40
51
-53
-91
-30
-18
43
-54
-21
-65
20
-12
-72
-47
-29
21
87
21
-77
14
-11
35
6
118
9
-31
42
68
-11
18
48
-72
-14
39
10
-45
-22
31
-76
-50
79
-11
-90
-21
85
65
20
16
48
19
29
-4
-32
16
84
36
-22
-43
34
-17
-10
3
-56
-6
-23
-6
3
-121
-58
114
89
31
35
-14
-26
-49
-13
40
65
0
88
-80
47
10
-54
-99
26
26
63
-27
-58
-148
32
-15
-8
13
70
-81
-27
-7
-25
95
-39
-88
45
35
-5
-84
35
-30
-65
-48
29
-22
10
19
-36
-5
-36
36
30
38
84
42
24
-38
-7
17
17
74
52
18
31
137
25
-7
38
-51
-12
-9
55
-25
50
-10
-51
20
34
55
-47
8
88
3
51
-76
7
-37
-47
30
-8
12
69
31
40
-20
-30
35
26
67
-71
81
-19
51
-57
-45
-30
86
15
72
-72
45
-37
-30
-65
-61
-27
30
-81
29
28
13
9
-65
-73
44
88
72
32
-16
75
24
17
-48
-38
-2
81
38
86
-36
-62
5
10
-21
-14
-33
-31
61
64
37
-63
49
-9
-70
12
75
-108
13
-67
20
-8
-26
-51
32
-34
67
30
92
-4
17
-5
-18
-74
44
6
44
94
-54
-29
8
-21
24
-18
-54
-12
-66
-28
-68
58
11
56
36
-2
-25
69
-89
-3
19
11
25
-17
-2
-8
-42
81
85
-2
-48
-32
63
0
-10
75
66
29
-43
-27
-99
50
-28
5
-28
-83
18
-77
-7
-86
79
2
14
21
81
-5
-3
112
-2
48
-47
-75
-31
-29
29
1
39
11
69
-15
14
87
49
-10
-6
-80
66
-11
98
-51
21
63
3
11
24
14
-25
-22
6
36
-29
-99
-1
-28
-36
-26
-13
35
-36
-62
40
54
48
-48
41
-5
52
-48
30
49
7
145
13
66
-148
12
-22
-2
-50
16
72
27
-9
-55
-65
8
-35
-15
-59
10
6
64
28
61
63
46
-9
-71
-101
-21
64
-6
81
-29
-60
-110
28
1
155
62
27
-70
-68
-24
-92
46
-39
27
97
3
-7
50
-13
-30
-33
18
-42
50
-17
-28
60
145
58
27
-45
40
41
-98
39
12
-5
59
24
-56
57
1
-17
-11
-9
-81
-25
-18
80
-71
31
-11
-2
22
30
-1
59
-55
17
-29
-30
107
-95
9
-57
-19
18
16
26
15
-100
-115
-27
-75
-6
47
9
117
-107
44
-65
32
5
-3
23
-53
-6
-35
-16
-21
-15
40
9
-9
134
19
-58
42
-101
-43
-35
-14
-41
-78
-15
-59
25
31
-91
-57
85
-6
55
-45
71
35
71
11
9
72
49
-62
62
-65
14
-10
52
49
-57
17
-43
-3
69
-16
-39
-65
57
17
-73
-50
107
-26
18
-23
-76
-33
-45
11
-35
20
-3
-83
-79
9
-66
3
-4
-6
57
13
-74
-55
99
-60
78
40
-31
-72
29
-25
-18
-41
54
23
-17
5
-17
52
-21
-46
-115
-34
49
-38
-5
-5
3
-18
49
-41
34
35
-10
-21
98
-54
-17
-50
-14
-47
100
0
79
-59
-84
14
62
-16
-35
-69
-53
61
-38
22
87
34
82
14
-5
89
-9
-39
-63
35
-1
-7
-15
1
-8
-11
116
-45
29
47
82
28
-17
-19
-73
61
8
16
58
47
10
-4
17
-38
-74
-70
53
69
-42
-22
62
-28
-16
29
-52
-35
-1
92
88
-60
11
-35
-30
14
50
-71
2
-20
-132
-23
21
-36
-36
2
-64
66
52
-38
-80
-78
-72
38
40
18
-63
-30
58
32
75
80
-63
-40
44
-4
63
-26
56
-1
73
-22
14
-42
6
54
13
-53
147
-1
-54
-19
-22
-9
-108
56
11
-44
-44
-100
-114
98
-67
-24
37
-105
30
21
14
16
45
-45
31
72
9
-9
1
11
27
-15
-54
-52
-22
24
30
-61
-77
12
19
-62
17
11
0
34
25
-2
3
-23
-48
-37
-20
-21
-10
79
-32
-53
-56
-49
5
13
31
-43
39
-16
80
0
-36
28
46
30
-34
-86
-11
-2
29
-31
-18
102
-68
-15
99
115
-47
21
3
-73
-8
-9
-153
-33
-11
22
-13
-44
-39
58
-95
46
82
36
-1
-1
-74
25
43
91
-12
6
-7
33
-51
41
74
-14
-57
13
7
19
25
31
8
3
-37
85
-9
86
-5
-43
-29
-82
32
28
-80
16
33
-5
-124
-76
-103
22
-19
-91
54
-123
32
-72
68
-16
51
44
26
85
-38
-49
54
54
39
-20
-56
-50
-3
-22
69
-21
-51
31
18
-30
62
-19
34
-20
44
37
22
-37
-13
72
-18
-22
5
35
-11
52
38
-48
75
30
51
2
-27
11
-5
-35
4
18
-28
77
35
7
-59
74
-9
-7
4
86
11
31
63
25
0
19
-21
-11
-17
28
78
-8
13
26
25
-8
-21
-29
34
19
-82
2
-27
-2
52
-13
-17
-18
46
-7
5
3
75
4
-41
-91
21
52
7
90
26
-24
14
90
29
126
68
-32
-68
-4
48
17
62
-55
-9
26
-40
126
-12
2
-53
-36
18
-15
56
39
-25
72
3
-40
-56
-66
2
-39
16
69
12
23
-12
18
-14
64
-73
105
-35
-23
118
-64
59
11
-60
-57
56
79
53
-56
49
92
81
9
27
-79
41
19
24
16
88
107
-55
-23
-5
-21
-24
-148
39
0
-42
-39
76
-42
24
-41
96
-48
22
-8
-12
-48
73
56
21
15
2
-27
-95
-36
6
-2
12
22
16
1
13
41
-62
-28
-32
-32
-75
-114
-15
-5
47
94
22
-50
14
44
-2
-49
-54
-59
20
51
71
13
35
-34
-10
101
56
-1
-67
-29
26
-36
-109
40
-32
-17
-74
-34
-48
-6
54
-54
64
-60
-66
32
-35
91
-71
-16
-68
52
12
66
14
7
-58
-20
-37
55
22
-21
-52
-2
21
-69
49
61
-26
128
6
6
56
35
-23
-86
-55
-58
62
14
93
26
-8
0
23
91
-89
-16
-32
18
69
12
-32
-78
12
2
-79
8
24
57
-123
79
-70
82
-9
4
-16
6
-152
26
-9
76
-22
-15
-18
5
4
60
40
-129
-20
58
1
-84
47
39
53
6
72
23
62
44
51
-24
-23
10
30
0
11
91
105
8
24
36
-18
9
37
-3
52
-6
-54
-13
4
43
-3
-31
29
31
45
75
19
50
17
80
86
-13
50
-39
120
-24
-18
-19
-4
4
9
43
19
-70
22
25
-63
7
-102
-22
-21
-10
50
-27
4
-12
-23
-29
-20
-12
32
-123
-39
3
4
28
-33
-26
-3
12
-44
35
5
-62
-3
-1
25
17
75
-91
-29
-23
-70
-16
10
-129
-66
-48
42
-21
39
-89
25
-4
52
15
-16
48
-1
-17
-48
35
-89
63
-76
0
49
-27
-22
-2
14
-52
-3
-93
119
-35
-9
65
14
-57
57
47
-74
-20
-24
0
98
-76
29
77
25
-18
31
-69
-100
95
-35
20
29
70
-84
-42
6
113
-24
-2
61
-106
58
-28
55
47
26
22
37
-7
-31
-43
-77
-53
-49
-6
71
102
71
-80
-31
71
17
-60
14
-24
108
-138
-54
7
-20
14
43
14
80
40
30
16
-62
-4
93
72
-6
41
-58
-22
21
-25
-19
-46
22
-89
-62
32
-72
18
1
24
-70
93
-57
-50
-78
-70
16
-15
90
124
47
-52
30
30
75
25
-15
73
-53
0
-102
-33
-43
-4
30
-27
14
-29
93
-27
63
-10
-11
56
64
-96
14
-35
30
-19
-33
1
17
-10
-25
-29
75
75
4
-58
-31
-14
-39
109
-1
12
11
51
41
0
47
34
-41
12
-7
21
-85
-4
50
1
-22
-33
-40
-47
45
3
40
-134
-9
-14
-12
21
111
73
38
-19
72
-1
-54
18
46
-43
-15
-23
19
31
-16
12
30
14
0
6
22
10
-43
37
-7
58
-69
-2
23
-35
-26
-45
-74
-66
-26
49
-40
2
-66
-22
-6
22
-19
-54
50
-11
-31
10
0
-54
80
26
-50
56
-22
42
0
9
14
30
1
10
-48
15
-13
68
25
24
-51
22
-37
16
37
-64
53
-1
-89
-14
-17
38
-50
-47
2
-93
16
-36
40
18
100
118
78
55
80
-15
39
57
30
75
-1
-22
-14
-4
-27
-17
50
53
-110
-6
13
-128
-1
-8
27
32
-31
-52
-51
-34
40
31
-3
79
-89
-23
-94
-67
38
-47
56
-42
-31
146
29
0
42
-34
-86
4
11
29
27
-7
-83
-61
-9
47
-14
41
104
-12
1
20
29
25
0
22
-75
-48
89
-20
4
76
70
-28
-69
-26
-68
33
-1
49
52
-107
22
-23
-14
14
-25
85
45
49
49
-70
-15
43
-82
-88
-43
-61
5
47
33
75
48
4
-21
-31
-10
59
55
65
57
-42
-24
57
-37
-80
-17
-67
-96
-17
-2
127
-20
46
19
-75
-57
-86
-69
-10
-31
40
-103
38
-83
-19
-84
21
-59
2
0
51
-115
77
-34
72
-21
3
-9
-11
68
13
-50
38
1
-26
-17
23
-52
36
-19
33
41
-48
-3
-35
12
-67
89
-94
16
53
2
10
55
37
-35
-2
-94
-50
-47
-17
12
-72
-53
-15
13
-3
-19
-48
84
-13
29
87
-17
-27
34
34
30
-20
9
-11
24
71
56
-18
24
3
-5
46
0
65
-72
-94
20
49
50
62
11
4
60
-19
-41
13
49
27
-71
-10
-95
-44
15
26
31
77
-25
-7
76
45
-39
80
-98
-3
8
4
-43
13
-36
-11
-37
-59
-87
27
71
-18
90
-20
2
3
10
8
-65
52
-30
-77
-18
22
-75
-8
12
5
-48
2
-79
17
72
92
137
-5
61
-58
22
-13
-34
-25
6
3
-3
34
37
103
13
-8
21
-14
-37
-1
-17
24
-19
-69
29
39
-32
5
38
-2
22
-38
40
-74
