13 61 100
0 1
0 2
0 6
0 7
0 9
0 12
1 0
1 3
1 4
1 8
1 12
2 3
2 5
2 9
2 12
3 4
3 5
3 6
3 10
3 11
3 12
4 1
4 5
4 7
4 8
4 9
4 11
5 3
5 6
5 9
5 10
5 11
7 2
7 3
7 6
7 9
7 11
8 5
8 9
8 10
8 12
9 0
9 3
9 5
9 7
9 10
9 11
10 1
10 5
10 6
10 7
10 9
10 10
11 0
11 3
11 4
12 0
12 5
12 6
12 10
12 11
26
33
43
32
55
19
37
23
7
56
39
38
2
8
27
41
18
20
51
0
58
6
40
1
21
53
4
42
59
11
3
44
52
57
29
25
35
31
24
15
36
17
34
14
48
50
28
60
49
30
22
12
9
45
5
54
10
46
16
13
47
79
31
-3
98
203
-19
61
-105
13
46
59
103
7
7
37
-42
-132
-121
-146
213
-179
42
-118
-67
16
35
-53
7
77
-18
82
-23
-119
153
96
-45
38
-142
-29
-128
-49
156
164
170
0
10
-40
164
-27
152
-20
149
125
232
-33
-4
-47
-141
59
83
-165
193
-24
25
106
45
20
-47
-26
-119
0
-196
74
-198
-31
15
54
103
6
14
-67
93
-71
-30
-111
-7
-52
37
14
-90
243
39
59
-2
-79
58
103
117
61
144
-37
-66
-340
10
71
-58
3
217
-47
32
65
-28
9
-95
15
49
13
-117
53
10
35
-133
84
49
2
37
-35
-56
154
-101
-20
179
-5
114
-162
208
-80
-105
76
-11
155
-56
-136
-82
-286
-142
-6
-37
55
-192
98
-231
64
59
-323
-22
-20
-79
92
-103
68
-232
49
-24
-72
-69
-45
45
100
-38
20
-36
-146
94
-61
0
78
42
-22
-132
101
-135
-36
240
-63
42
-55
79
-135
92
72
-38
-53
-50
-149
38
45
-90
-96
193
-135
74
-92
-21
-96
-190
-64
75
33
-148
38
22
-132
110
-58
191
-89
154
-59
-26
-96
194
34
-235
-75
-3
-224
103
51
1
42
-67
4
222
-157
37
-48
33
-56
114
92
-133
97
101
-15
134
-91
17
-64
22
40
-100
13
-28
107
-53
-103
-87
-13
49
-53
32
-27
-69
-85
116
114
-183
-32
71
-130
-173
-4
23
157
168
183
75
28
156
62
-42
-51
62
-47
-71
-136
6
18
1
122
-3
-18
-59
259
-38
37
78
-119
67
81
84
-30
-2
25
-118
-25
129
-9
0
71
-8
-65
210
-90
89
39
-45
27
-140
-25
66
24
-15
-125
-66
90
97
-211
-94
164
-28
-76
177
-207
-91
90
-52
-16
32
34
1
-120
55
6
28
78
197
-109
-223
-50
-7
-59
-16
93
-146
-116
-148
-95
112
94
-79
-77
142
87
11
189
-78
101
-111
-35
55
-131
-10
-83
-83
-2
40
34
16
-17
117
-9
81
-116
-92
-37
122
102
-6
-57
17
-249
-32
-94
-220
-157
41
-105
218
-128
-59
-91
-148
74
-287
209
-145
-149
165
101
-195
-50
-23
-77
-60
-59
-2
-4
99
43
100
178
-8
108
87
107
-174
-61
-20
-14
-56
-40
-79
84
-111
112
-65
88
-21
132
102
-70
115
-92
162
-124
69
120
30
187
73
-101
21
46
-42
-174
82
164
-58
64
168
-103
73
-154
-134
124
-20
-88
-201
-57
-95
10
64
121
79
61
169
29
3
-97
-21
-85
-109
-199
66
-80
-90
-118
-7
-166
0
-82
78
-5
29
-14
-145
-173
92
-20
-114
-144
-67
113
72
-106
175
-151
-7
76
-112
-64
8
-36
-56
-149
83
41
112
96
104
-125
-141
-201
38
-88
36
99
4
240
71
-78
-81
216
40
-48
-36
-36
-19
-9
-79
138
41
26
48
26
54
15
5
188
10
127
118
-139
76
73
13
-22
-142
29
122
14
4
146
-34
128
-97
110
-12
51
-2
182
-26
-118
-95
77
17
29
151
-188
-132
138
0
-170
98
-87
-155
14
122
-87
-87
-62
11
30
-19
88
200
-2
-38
-36
27
76
-252
-140
103
93
-9
5
-203
98
-192
-65
-60
258
38
-177
-158
89
13
-150
4
-74
47
125
-123
-39
-49
23
9
142
54
8
-21
-2
-74
175
-50
-215
-97
-12
-54
153
-91
-145
55
13
-115
182
1
-68
-75
-131
-73
-123
-176
-139
109
128
-12
-22
-60
-157
56
-85
-14
-76
54
-6
150
15
-85
15
99
-180
73
0
-171
170
140
44
5
253
72
114
30
-65
-126
74
-74
-77
-50
116
26
21
-61
-66
-88
42
-23
89
-158
-115
-60
45
14
52
10
155
-49
-91
38
136
-80
77
-19
-62
-163
29
40
-102
-63
-4
206
119
3
-132
-41
47
-161
-19
194
-191
-13
-66
-249
-5
-52
-28
-48
101
-87
85
-15
49
-196
65
-220
61
-14
-113
-102
-34
97
-145
-50
137
-9
139
-270
-2
-288
-55
118
203
-81
52
11
87
-41
15
-28
41
-101
37
11
26
-21
38
174
-85
-129
-81
153
22
50
-52
94
54
18
53
-189
85
-2
-106
-93
-73
-70
85
143
-93
-25
177
72
23
76
-8
-25
-9
29
-173
-22
84
14
169
-12
-81
70
-77
-163
47
129
-6
171
33
-58
-117
-37
28
156
-150
113
-93
-79
33
27
-10
-44
178
-129
-21
-105
121
-45
-97
-53
-93
107
2
-72
-5
-40
85
-91
-35
-104
29
-163
70
17
-92
76
171
149
-126
37
-68
39
-11
99
122
-30
-229
41
27
23
86
40
-125
53
-28
49
-35
264
109
54
140
-134
-34
-52
61
3
-28
-27
-43
-18
39
-87
-92
-40
42
82
-20
10
134
-156
-64
87
135
-91
23
50
-88
-144
-72
-22
81
-62
-22
-10
105
-15
-66
11
91
5
-29
33
46
87
49
-89
103
114
-140
-14
-25
-11
-152
77
80
4
158
93
41
20
-214
47
-18
59
-56
-13
-160
23
176
26
-70
-5
103
48
95
-84
67
-68
93
-22
-107
-10
-107
-66
255
79
152
8
115
168
-63
-80
-13
-231
-6
-22
83
12
-52
-20
137
-110
29
120
16
-116
308
133
81
-102
120
-62
25
-98
-24
-177
33
-29
-82
17
188
88
-15
-51
-83
-64
28
119
135
-64
47
-39
-49
-33
42
19
-55
-258
-41
-45
87
-10
-58
74
-8
67
-23
-79
211
65
41
-17
15
-291
-48
53
16
9
-204
-104
-69
-51
85
-122
-62
68
-20
63
52
96
-169
151
21
-38
-12
-47
55
22
85
-16
-94
116
95
140
149
-86
54
-30
-92
55
84
-140
-49
56
114
-83
47
-93
-27
136
-85
72
111
105
154
-134
27
112
20
18
19
32
-173
45
82
-18
43
-100
68
-151
-200
158
149
-52
-49
41
174
-186
77
-9
35
-39
-145
99
7
-66
-60
-28
104
88
9
-72
-169
86
-16
-254
4
-5
-88
-77
112
11
-153
-56
143
-124
-126
-46
71
47
5
-47
-96
-190
-148
48
-113
-105
-21
-120
-51
-54
-16
-99
-113
-12
-106
-51
68
53
75
-42
-33
70
-145
-50
139
56
100
157
-65
5
226
33
55
19
-184
-111
-13
-189
-68
70
76
-1
23
-72
-75
56
-107
60
127
157
-29
122
15
-140
-193
149
103
26
2
0
-90
-35
-39
17
217
-216
-25
80
45
40
6
38
71
205
98
138
-53
59
-332
9
123
216
161
17
49
-180
-262
21
-137
95
186
-158
59
6
-83
140
33
96
-187
11
41
-10
127
-73
-208
138
-112
-5
-13
190
12
79
-4
-101
-52
69
163
-41
112
149
54
40
124
27
105
-175
-54
180
25
-120
-76
-181
277
62
33
71
33
-66
-43
9
-4
89
-61
88
202
113
-120
49
-9
10
2
-144
25
157
153
-52
-68
-111
190
14
-59
-96
48
64
-226
22
-66
38
115
61
-4
165
162
-89
51
12
161
54
76
-22
-84
44
-40
-148
218
-2
43
-1
39
-33
-20
13
-33
30
-70
53
-51
26
-109
-114
14
-76
121
116
6
-3
-194
109
121
52
173
-54
132
45
-102
16
8
-46
89
-12
-93
-123
222
173
176
-48
36
45
31
-49
-4
157
-17
43
25
0
52
-46
123
67
121
-123
41
37
53
-110
-13
176
73
201
91
18
30
-77
119
89
-1
78
1
-140
-29
42
-56
96
142
164
63
-19
-111
71
76
-62
-61
51
-6
158
125
4
36
-71
45
100
79
-8
119
-117
12
113
77
186
25
-3
153
25
-105
222
-8
-48
170
-179
-190
73
86
149
-74
40
26
109
-29
-142
-101
0
-227
-35
150
47
42
86
97
77
-158
-90
24
53
-9
77
143
-58
-108
-105
-66
-38
13
-45
156
-69
142
82
-93
-83
-45
74
56
-43
-50
29
-167
173
-31
180
-5
-89
130
107
18
-141
24
-18
38
34
-11
-87
45
46
-91
94
-143
71
57
-109
-69
-35
-22
-19
136
2
7
78
63
-35
-10
-4
-2
56
114
-71
39
-3
-22
115
20
-24
-15
-138
19
126
162
-65
-155
24
-60
45
33
-130
-75
109
-14
-128
-30
-173
113
-12
56
-91
67
10
-52
113
13
-82
98
4
10
71
-20
165
-109
32
-90
92
203
-48
131
18
-188
-2
-24
-152
-141
119
-29
17
-89
-82
-198
84
-65
-31
-45
-27
-89
-144
69
-54
103
163
-55
-163
-136
27
-128
84
79
32
-31
-106
49
-26
-83
180
-176
-12
-19
84
-16
10
-95
183
152
171
23
-10
31
-84
-6
119
42
-72
-89
224
72
69
21
-68
-255
99
143
98
309
-57
37
-88
-3
-132
46
-22
-137
-34
51
-159
-3
-207
-16
45
146
62
42
46
-132
44
52
7
-74
-1
-74
57
152
155
-17
37
78
-114
155
109
43
-54
56
-66
40
98
-92
-129
104
-52
-141
-153
123
-65
-166
31
229
-53
138
32
-150
80
-174
60
11
-40
-46
-126
40
64
85
-161
127
107
32
-62
-121
-16
-128
-38
-88
-13
151
-28
113
115
-68
68
-68
-175
55
-6
108
-187
-45
-255
52
-94
232
-240
-109
30
202
152
-110
-53
9
39
-113
81
108
87
-80
60
52
-5
-26
-27
-1
-47
10
109
-141
25
-171
-124
-84
130
-73
14
-63
-209
69
9
159
-48
43
159
-112
46
-125
-57
-2
-43
-47
7
-112
50
-184
76
29
-9
-97
26
-50
-176
-91
24
33
-51
-8
16
73
167
-35
-58
86
73
27
17
-95
60
52
-124
16
-69
-55
-22
14
211
-60
115
88
107
99
-123
-113
51
-94
-56
100
-88
-91
-128
-4
16
-86
64
-50
12
-65
158
125
79
44
-89
-20
60
-116
49
-91
-7
73
184
-6
-215
6
-84
-15
-118
-43
100
69
166
-154
159
-56
58
-81
120
-62
91
-215
191
-8
-18
-2
54
144
85
125
163
-106
66
-2
105
-76
248
-220
-132
54
185
-30
122
59
95
-43
83
-171
128
-48
-166
-87
-8
44
-15
-10
-9
20
-113
21
110
36
-11
-79
-83
-245
-10
1
-75
85
83
-82
-176
-20
-164
22
106
-62
-92
112
97
-37
-76
0
-129
-44
18
54
-27
14
-29
13
-25
13
24
156
-12
-78
-187
29
49
89
-56
-197
54
217
139
-68
173
-196
-20
-185
38
47
-80
-7
22
-102
93
21
-2
126
-12
4
209
139
103
84
62
-155
132
82
3
155
142
51
-84
109
17
-17
199
-50
189
-164
-3
-25
160
-58
-73
-138
49
203
-185
-120
-42
-157
30
-76
-44
179
-64
-26
308
-70
116
98
44
-114
-91
52
200
45
48
21
-43
75
113
-164
-103
-7
14
-11
-137
96
21
-56
-94
-131
-78
103
2
-36
-63
-153
-46
-2
-64
-117
-89
45
73
-117
-16
3
90
-52
76
31
82
20
-153
-98
-109
-85
1
41
-124
25
-14
136
75
-16
-19
-139
187
92
57
85
-109
4
72
-79
165
13
-12
-126
0
-70
-6
-13
-123
-65
46
54
45
-75
-79
120
-36
-28
16
-67
-59
55
36
-2
-92
-50
-203
4
42
125
16
-71
-190
79
73
-78
59
69
-76
-182
23
-90
-102
-77
44
101
65
-92
-242
168
49
93
-66
83
-20
114
-89
147
-130
-159
-23
30
180
-139
-176
9
28
70
-58
184
-44
-46
58
-49
-7
-38
0
-123
-130
68
99
-68
42
-52
27
12
114
10
107
-9
25
147
-20
-63
76
-32
92
-63
-66
120
15
-121
23
-122
-170
-90
30
-198
71
-17
31
-44
-67
52
-52
-50
-66
-99
37
-118
-48
36
-46
-127
221
83
67
-41
96
61
194
-180
48
-75
-229
66
-56
-144
-218
-60
-152
-85
-16
-26
-43
-4
142
-3
54
-13
18
-3
38
7
212
-144
68
-199
-70
-132
-48
59
-96
-1
-78
-69
83
-50
124
-11
-85
103
-39
29
-148
101
117
-103
137
-93
-33
144
-35
-30
35
127
-67
-32
69
-77
53
-48
-16
26
20
79
172
-289
-31
-77
12
-126
19
-44
-285
120
25
128
45
-18
234
-32
210
-133
34
33
-182
-172
-160
14
-70
11
-121
-54
-56
20
22
-31
145
-278
146
-105
-183
105
4
-150
-122
-82
-61
8
-14
197
-44
-7
-22
73
-63
110
154
-94
-63
-25
-81
-58
-37
15
51
-50
141
-16
34
183
-95
100
-3
10
-114
114
-28
-1
130
-104
-81
50
47
-26
-22
44
-63
77
-128
54
5
-170
-136
93
2
157
-39
-8
-15
-23
63
-4
-12
0
20
-39
-50
192
60
71
216
116
-21
196
37
-23
-15
-117
208
-53
-13
-116
69
169
75
-1
-43
-71
7
68
-91
200
110
23
-247
-124
21
-107
217
158
-61
-36
-21
-56
-22
-91
-49
-86
-60
-44
64
-19
13
120
101
95
16
-187
-11
-70
-45
12
-3
88
177
111
-206
-30
-232
86
-156
42
-1
-142
69
-143
107
-22
49
79
-56
138
-12
-143
80
8
-3
-7
44
-55
-90
-185
-144
-117
142
10
-31
-76
5
-53
-75
153
141
168
102
-53
-44
-76
-146
1
124
-90
43
144
118
298
12
58
18
37
1
120
-27
172
-76
-107
-67
96
-5
-218
14
131
-75
107
-71
-58
135
127
86
102
189
25
36
84
141
-37
-29
240
191
-20
50
-103
-7
164
115
108
-48
128
-51
-193
-148
-169
44
31
-76
-77
46
-30
99
-88
-60
89
-34
112
22
-99
33
83
33
-37
-108
-44
-16
48
-15
21
-32
20
-27
234
155
-85
41
-132
144
116
-84
-9
94
212
180
-169
-35
12
109
-42
0
200
-137
-63
-200
51
63
-50
38
-33
-44
65
-63
-82
-64
9
-5
-132
-190
-20
-33
-32
-123
69
-92
52
183
31
82
-10
-47
-129
106
-162
57
38
-33
22
-71
57
85
-87
134
8
13
-124
22
-58
-33
-73
222
23
-67
105
-35
-42
73
214
-119
25
34
62
33
-1
79
-118
-66
138
100
-62
90
37
219
29
59
50
-25
-76
37
65
-28
-137
-221
20
-137
44
62
140
79
-89
111
-48
135
-134
97
102
-4
100
-155
5
149
87
-109
-66
-93
46
212
74
-233
-104
-162
-8
118
-66
38
152
32
27
-198
38
52
-239
-19
77
-19
-134
-204
-44
231
22
-103
-28
46
-97
95
112
-69
17
-89
-5
-68
-87
-85
91
-125
-46
144
-37
-20
-72
12
-10
103
-175
-41
10
153
-7
-110
-47
-102
111
146
159
-79
-54
-71
199
-25
-54
-96
-16
-59
83
-60
-84
108
30
28
-47
172
-235
-3
43
-23
15
-91
78
34
167
-25
197
-8
133
47
33
-105
-69
165
51
-65
126
-46
-124
22
18
35
-118
-148
-56
80
-27
23
84
50
70
25
-49
3
-24
-48
-126
-30
107
69
-79
232
159
-11
25
-131
12
-56
195
-103
-10
63
-99
3
42
-10
-32
7
-156
-12
37
120
122
-20
57
-200
113
46
10
92
-14
-161
-27
81
32
119
-63
-34
282
-39
43
-76
47
-10
-67
36
-32
74
76
-82
129
57
67
45
-149
116
33
31
-37
135
239
-130
20
-185
-67
251
-28
-178
-27
-116
55
-104
-75
203
155
-156
19
-43
107
71
-85
-16
-29
3
159
64
-61
159
-163
69
-165
36
-117
52
-53
124
-98
-6
-2
-124
-15
25
74
-9
79
-2
-33
-140
140
-11
87
-60
42
158
68
7
-2
17
254
-30
20
22
-69
10
97
-98
-123
129
95
-63
-22
50
64
33
22
68
-2
-29
-80
-65
53
149
48
198
-134
154
164
-83
-111
33
63
-126
20
-36
-53
-47
-237
-144
50
138
45
-100
-214
41
24
-37
-54
50
-21
-132
-24
80
117
2
-125
-3
-117
-34
-27
56
-138
-24
4
-57
18
-167
-71
216
25
-113
73
-5
-192
133
-119
117
-27
108
-63
-116
83
-133
-163
8
147
61
46
-117
-131
-75
-208
-109
230
-32
34
50
164
9
-88
93
-94
-8
10
-178
46
-84
-21
-68
-33
-77
31
-68
-135
-172
-74
14
57
-185
45
-99
-21
-105
-202
-77
-148
66
-105
-64
-205
-105
4
54
-38
95
47
-32
42
33
-64
11
-126
-30
16
-14
-98
-46
14
-76
50
-9
-10
68
23
18
149
13
-232
-69
-44
-93
-2
22
-32
5
-90
-86
-152
187
-24
58
-92
212
-168
49
140
101
98
159
-106
-58
153
-72
-72
76
23
-41
-131
-38
2
-132
65
-124
45
120
-85
-28
39
121
107
-5
-144
-34
-6
-64
-64
57
-207
56
-116
-5
106
-3
-3
43
-30
-22
68
128
-38
-92
-17
-33
27
-60
-2
36
188
86
-78
-7
-155
-73
-6
-24
112
8
-72
-113
-154
84
52
68
59
-172
34
-67
-21
20
86
60
-55
126
-63
117
-22
-209
8
-39
116
-167
-23
-1
194
144
10
74
-81
2
-70
66
42
-16
-83
-62
-14
232
62
-111
14
213
-24
-128
-142
10
-31
-10
40
-27
47
-42
-133
-76
-60
-20
-81
50
-87
-23
87
-91
74
-187
-54
-3
52
63
48
98
-47
-6
-49
85
-3
-33
-24
25
5
-12
67
-217
-152
33
95
-75
181
35
-187
-62
-9
-7
31
-67
13
241
251
23
33
-74
-88
-41
-101
-68
-30
-45
-33
35
-95
46
1
76
10
72
151
-169
61
-41
-184
37
23
35
-160
-117
-147
65
75
136
34
14
-145
-67
3
-27
-97
-18
-85
183
-17
12
23
-45
-43
-98
69
29
-17
-55
-95
99
34
161
-198
15
-28
-64
-15
-82
-204
-33
-21
170
36
-77
-65
122
1
-220
9
-31
71
-20
64
-66
15
24
-31
180
-208
-100
113
17
-156
-56
172
19
-139
-165
-224
-139
91
-36
-22
-69
33
-61
-33
31
-43
-106
-4
-64
118
-137
22
90
-69
-134
20
-54
-269
43
-148
128
184
-61
-68
75
21
-33
60
-175
26
-57
10
103
-63
19
-102
-34
126
-4
-70
-109
-171
60
156
11
26
-62
-122
116
-95
21
-54
2
-63
70
-83
22
-28
-28
78
-2
-12
67
8
-58
-59
27
69
-76
-18
-52
-43
146
-3
120
-58
201
-117
-16
54
-65
83
67
-6
186
-21
-40
23
222
24
137
83
-6
-16
-63
-105
237
-139
-28
-46
125
-39
-75
92
37
35
-130
-76
158
62
193
-126
-21
169
-27
104
-94
-18
51
120
-210
-452
-67
18
103
48
40
-14
5
-119
115
42
81
-235
71
-102
240
139
89
76
49
58
-5
-91
190
30
38
-26
22
48
41
127
-59
-102
65
-74
108
131
88
-208
39
46
-126
91
-10
75
239
128
-161
-82
7
-33
20
-174
3
-152
50
-7
64
4
127
-26
40
-170
-14
-57
-128
241
36
-165
213
-111
-107
252
3
142
130
49
131
-2
-4
46
14
-127
149
-59
-7
6
-79
-165
1
48
-53
-65
-144
-161
121
65
-59
28
-48
6
46
-77
213
0
-20
-73
137
-50
53
-152
93
-43
160
-108
-183
148
-184
0
89
164
18
17
-92
145
93
54
79
-32
20
82
-33
101
-22
57
74
-69
-64
92
12
5
-37
-124
85
175
-74
-70
-208
47
-74
-182
-68
-100
54
9
46
81
24
-151
-71
227
6
-103
17
-1
21
43
39
-27
-52
-114
60
126
105
34
3
-45
38
50
100
83
149
-61
-80
-138
104
-27
-4
-73
-40
-97
224
30
37
102
21
-28
-107
-53
-62
-110
-4
-134
-3
-14
5
158
-224
43
-170
-108
-11
18
155
33
69
92
26
66
-68
145
-44
52
-8
-13
-148
3
-84
-169
45
49
-30
-101
136
-133
-110
-28
14
-280
-92
-105
-2
53
19
-33
56
-131
-90
183
-32
45
11
67
-48
0
17
-172
52
-25
14
-18
-34
21
-23
179
-235
70
5
-102
-154
40
-183
-72
87
-126
30
76
-147
102
19
-41
171
-89
147
53
-50
-8
-22
-35
-95
-31
38
24
-157
193
295
129
126
-148
-39
196
-15
19
-73
69
231
40
-122
138
-40
95
-11
-130
-116
31
-131
38
-9
19
-123
69
43
50
67
33
-66
-142
-93
174
-34
204
58
-63
-103
-48
102
-107
-22
-249
-21
-93
62
119
-73
-54
5
-103
-138
84
-45
-30
-128
-23
-28
88
304
-55
20
25
37
147
-131
-94
-77
135
79
6
-74
18
-61
105
44
-61
3
-172
29
-7
-109
-163
-10
124
-59
52
41
-117
-8
-26
-79
-2
-184
34
5
-41
16
-16
32
42
-159
168
-215
-241
184
83
-88
-98
-130
-60
-221
-58
-150
39
-106
187
-142
128
-29
28
-21
138
45
96
-116
-94
147
59
33
-18
-14
-107
13
-151
162
47
-52
-58
59
32
-50
-89
-156
29
-17
-47
-32
-23
-87
56
-24
268
81
95
22
-78
-57
-172
-125
-15
-39
30
-45
-232
-108
-157
-46
-50
-96
-5
41
46
50
69
38
71
88
-45
-11
21
-26
38
-50
102
21
5
-231
3
-219
171
-1
108
145
-138
-8
3
79
-45
-136
5
-146
-7
71
4
-75
1
68
-170
-118
82
-108
-23
-50
-73
31
94
29
-137
-70
-114
44
-6
129
4
39
23
-31
37
42
47
-32
-158
-6
-4
214
74
-26
37
-4
43
8
-115
-56
109
-30
-108
-91
63
3
-5
-100
17
135
-82
131
-75
147
-34
102
-219
-175
146
-235
98
91
-32
-12
-225
18
26
-42
43
38
-47
-34
121
287
-88
-70
-147
185
-37
44
-34
77
-39
-211
124
113
84
-133
-40
153
-21
11
35
11
-30
109
-57
186
157
90
-7
77
-105
-20
54
-42
-5
59
-20
34
-130
60
-37
-134
-64
25
71
53
-31
-114
1
-109
-77
10
-43
-6
-54
15
180
66
63
-33
-69
55
209
70
-85
27
-45
183
-33
137
-114
61
-76
-44
169
2
77
61
154
-28
-30
-105
47
42
19
220
15
-44
40
64
103
157
-104
-138
-92
53
-239
-115
12
74
33
160
90
49
16
65
-33
37
175
137
-157
-100
-190
38
180
-177
174
88
-5
-21
-48
27
-151
78
-84
78
-107
82
58
-32
6
-126
76
-166
-23
-44
13
134
61
-48
-43
50
-121
138
-135
-133
85
127
101
-70
74
29
183
-213
13
-2
256
-134
-13
-31
4
24
23
-60
94
34
-79
-25
-91
-114
18
48
25
103
46
-85
67
54
209
-28
97
46
161
1
87
-110
-2
-125
-65
-6
96
-166
121
-73
-1
96
-75
-60
45
64
-34
92
-1
33
-72
-168
116
88
-100
0
-94
-28
102
27
-101
25
150
-47
-69
-2
-40
32
30
-69
-188
108
-159
38
34
87
134
-63
-39
30
51
89
84
107
-154
7
19
-40
-183
-77
-205
-10
-45
78
-3
-54
50
-23
13
70
-94
-154
-117
-36
-90
213
131
44
-112
-36
24
50
-82
137
109
-99
-44
7
-267
-11
203
93
-242
-255
-127
-49
-18
-132
49
-44
94
-50
49
39
43
-27
67
-29
8
-56
-21
10
149
-52
128
83
39
-9
-29
-29
132
6
-111
148
-94
-70
-7
42
-79
128
-20
7
153
-35
99
22
97
10
15
99
20
-96
25
214
108
29
-139
40
96
117
-55
54
176
-73
115
-2
-39
-82
-81
16
107
85
-76
98
-19
-68
-122
61
-122
-93
-71
-38
-4
-152
137
-12
50
29
91
-91
-118
114
-132
-63
-149
-148
-19
61
117
-187
12
157
95
-123
51
-47
47
89
-61
-146
13
54
-47
185
-87
-35
-147
69
-30
76
-5
-13
-71
107
70
26
20
115
-105
-95
41
-40
90
56
-68
37
69
9
-92
87
56
99
46
31
-59
-103
155
-64
36
-96
-16
-130
-121
56
-75
-82
-9
-149
-30
-257
-86
0
-89
-54
-91
-130
204
-60
-39
67
95
-90
-62
9
-66
-24
26
-65
-2
273
16
-136
-85
5
-6
125
28
6
-104
40
211
-45
-35
-36
30
-28
53
36
46
190
51
84
-13
-104
-50
-75
143
-23
-162
60
-79
-196
17
-110
110
-42
38
-111
176
171
-40
132
-13
125
75
121
-28
-143
103
-105
-68
119
192
-81
195
-83
-135
-55
-43
155
58
75
119
24
12
-11
-96
42
-86
-58
-95
-64
-18
31
-59
146
-32
11
10
29
39
-34
25
-29
-10
-9
-60
-28
-18
96
207
147
92
-250
68
90
53
-72
3
32
2
63
-73
38
-35
82
-19
51
-45
-68
94
-103
-95
46
151
19
48
-17
25
44
-48
-42
180
-48
8
296
-261
13
176
-9
-47
45
7
38
-65
109
-92
113
155
117
-100
37
106
8
62
-58
0
65
34
8
35
129
107
-130
-107
138
231
131
9
4
-44
55
6
-101
2
2
-62
105
-244
-75
151
76
174
-52
91
-18
-79
-188
51
-36
-56
33
-228
26
1
53
122
105
112
-45
4
-22
-174
-51
-69
-34
208
-46
-128
-107
23
43
137
40
-36
-10
12
-25
68
64
-18
155
45
16
12
16
11
-47
-319
-7
29
47
91
56
247
-1
-103
241
-41
78
341
208
-34
-146
-116
47
-68
-85
168
-84
106
18
-1
95
-49
17
-160
24
84
-66
-70
84
6
-73
-142
-50
-98
7
75
22
-41
101
59
-34
35
68
3
107
-134
-23
70
118
69
29
-166
-37
-93
36
-97
-61
-33
43
95
51
-36
56
82
96
-68
-66
121
-166
-141
-171
30
-41
-117
115
32
39
-43
34
-40
197
88
-96
173
-47
-216
-31
-53
2
-14
12
11
-9
-67
103
27
-6
96
97
49
-5
184
144
-16
59
102
-80
-77
-7
-37
-128
-94
-131
87
28
-169
73
16
110
-93
154
-150
-234
17
58
-13
5
-49
-101
-13
-41
-1
-48
-27
-24
-156
135
5
-110
-52
-53
-113
-27
96
61
-86
34
-82
-110
64
73
-67
20
-239
-72
-28
166
105
-37
-42
5
67
133
-36
35
71
-33
160
-94
116
112
95
46
-182
-33
-41
-36
-220
63
-136
-82
168
-142
12
193
23
-94
-110
-105
99
40
-31
28
22
-53
228
124
-90
103
25
78
16
-101
-110
71
37
240
34
88
-109
80
38
-76
-113
-30
-55
106
167
27
72
-69
29
-111
-28
-38
106
-42
-114
144
-4
-42
188
-134
-20
-194
82
-103
23
-116
-32
-18
-80
20
183
-37
76
102
-54
-40
97
93
-104
-57
-116
31
156
33
-49
-69
153
179
203
63
-18
127
-174
37
38
-103
32
-105
-63
113
0
122
95
270
30
70
-164
70
27
107
189
-5
118
-33
85
-136
3
243
-45
8
-74
146
-60
128
70
109
-15
9
-75
22
-35
121
99
-107
86
-26
-85
-52
55
-150
-16
186
6
84
144
136
-107
-28
-40
135
95
207
-19
-100
9
-139
106
149
181
-101
-173
2
156
131
-45
282
6
74
-46
118
-2
51
47
87
66
-26
-40
68
-27
50
38
12
103
-18
-1
-74
73
24
-94
56
-125
-143
142
161
-168
137
-115
-176
13
-65
-26
-73
86
13
9
187
11
-180
-112
-93
26
73
49
-13
-28
-125
-9
95
293
12
-10
164
-70
15
-120
-73
-20
-33
-82
-74
-124
-91
-68
131
141
100
157
-135
-252
-118
119
109
60
183
91
86
8
22
-72
41
-31
125
28
-36
26
-37
-80
9
-69
-109
67
29
-67
117
-52
100
32
98
-140
-33
1
43
-157
-104
209
-26
-47
12
-94
-34
-236
-212
-45
110
-33
-34
85
-115
11
153
2
78
-4
3
74
-74
-58
-28
153
-173
34
76
130
-85
19
-234
-87
174
42
-47
211
-28
217
22
20
-81
-68
165
-30
-92
-5
-32
-94
-34
98
28
42
42
-11
62
-124
124
42
-17
29
15
-15
-66
-79
75
69
13
60
-56
-6
35
-167
73
-107
202
-7
217
-36
-22
10
-158
-73
-45
44
183
-147
7
-100
28
39
-159
150
-45
-82
120
-24
189
4
-71
6
-15
40
29
-144
59
-92
49
-152
-9
-76
-34
-69
310
-35
214
59
-38
140
-66
12
84
-66
20
23
-76
-295
115
119
-225
-224
-92
233
118
-71
54
209
46
-13
114
84
5
-4
252
136
32
13
52
166
-53
-163
185
2
251
47
56
32
66
74
47
30
-10
-22
18
-261
125
24
11
-76
12
28
4
88
-178
140
-42
48
-46
258
53
-56
15
-138
43
-26
127
28
6
-3
134
-26
-35
69
81
-117
17
-84
29
-15
122
130
304
117
-97
-12
-74
-55
-58
-46
182
109
28
-6
-56
-94
-83
94
104
-55
-54
177
-43
52
-112
-69
152
114
218
-99
-59
132
-108
-31
-62
-128
-12
16
26
-68
-133
119
-139
11
-92
-61
-5
135
-81
62
-38
-44
86
-65
-96
20
107
-21
46
-11
22
61
10
-62
28
79
69
-76
79
-82
116
119
-29
-101
122
57
-74
-127
48
-53
241
54
15
-130
-157
-77
-32
-48
60
-24
-194
65
-55
-25
63
-30
27
61
-32
-7
145
-125
-66
-119
-119
-45
-51
-85
-132
136
86
13
194
-114
88
25
36
7
79
-70
141
-20
173
53
-159
-104
6
-157
63
158
-75
-46
-72
10
-152
117
-59
-53
-31
112
-108
-98
89
87
-113
-111
65
-5
8
85
17
66
-108
43
135
-106
169
-168
61
-118
229
230
116
-227
43
30
-120
-38
25
-131
-48
4
51
-49
-71
3
-118
104
38
194
-54
48
167
-44
-44
0
102
-81
-143
44
76
103
1
64
20
-99
116
74
-17
-43
-68
-104
-110
6
-142
-33
-52
-33
200
-39
144
104
20
58
-75
-27
-169
-21
165
-81
-34
87
-133
51
-173
76
176
54
-120
7
72
-181
-56
-144
34
-141
-37
-89
-121
-169
173
-62
156
-21
-96
64
34
-149
-78
-36
-150
39
149
73
-244
-44
32
30
35
14
65
24
114
44
-25
-100
-79
129
-140
-76
67
28
68
81
54
1
156
93
-23
-52
-159
48
147
-59
74
-112
-104
153
-32
-107
-108
-101
-32
-39
127
-38
-18
174
-65
98
-130
-173
-53
44
-5
-61
-116
-39
-41
179
-37
84
151
35
-135
13
-7
-76
86
-29
-53
-97
74
-11
-65
64
5
9
-95
-25
19
-40
-149
-79
128
-44
36
-7
-2
51
-55
-12
93
55
72
-45
-30
-32
-77
-38
23
220
-41
4
-92
-104
16
84
18
-5
-220
93
-67
-255
-116
-155
92
-26
-15
41
-100
183
94
316
258
0
94
22
-238
-47
262
-28
-136
116
-21
-20
115
134
65
205
-44
-84
85
-44
117
69
-101
11
-80
-2
-61
-112
-49
-150
192
-104
-103
57
84
-30
62
-135
197
73
75
-92
80
-119
210
115
-20
50
15
167
60
-150
40
68
4
28
-65
-79
-176
-87
-16
58
-39
-40
-28
30
-102
48
57
-242
9
101
-60
-19
-35
-11
-143
8
62
103
-112
42
60
148
215
135
-111
248
119
31
-104
34
-20
49
-144
92
14
38
31
-38
-95
78
196
-238
126
74
102
33
42
143
46
106
-75
-53
33
42
-36
1
114
98
-157
-173
21
108
-178
-197
22
-21
-313
-143
199
64
-20
88
-38
-167
89
-88
-11
69
77
37
-137
14
-109
100
104
-10
12
-157
-24
-82
2
88
94
39
36
-116
6
55
126
27
-137
58
-65
63
-266
-170
-35
-21
-66
132
15
-164
150
92
178
-9
-18
-147
13
143
114
51
-188
-108
-185
134
-38
-62
-123
34
-48
-9
-159
-66
151
76
7
56
112
4
7
178
62
68
130
68
85
31
273
158
-172
-64
-6
-68
-20
75
-35
-9
-178
10
57
11
153
48
-2
-8
21
63
-29
-12
101
-6
111
39
-39
-19
10
-169
16
137
158
-261
15
14
-77
-111
-19
8
-144
-14
-240
-124
-56
52
-4
-113
-169
-14
-14
126
52
-36
-24
-33
213
-33
-51
-14
-46
72
70
32
-131
-174
-156
-75
-50
145
-44
-252
-94
31
-21
-144
-111
19
-7
160
-122
139
54
22
-227
-6
-9
-153
103
-69
-36
-44
-53
-105
60
-50
108
63
87
-180
41
-11
86
-63
-73
18
-21
71
37
45
-5
74
100
-57
-48
-30
-28
57
-93
-86
-73
-45
-10
-169
-66
160
97
22
18
47
-116
52
68
78
-100
-65
130
-140
118
-8
59
-43
-93
5
17
-73
-122
-136
226
-137
78
106
-38
-47
13
188
-110
-15
5
78
103
-7
-8
15
95
310
43
-17
9
100
-6
-67
-111
136
-148
-264
92
63
-3
139
-18
-119
73
69
290
-25
27
-222
7
158
5
89
-98
-144
-55
33
-74
-130
-68
113
-144
-96
34
-63
25
47
-16
-58
-26
94
68
109
-136
24
-88
72
-85
78
46
113
-112
52
-13
-39
-109
147
-12
-69
225
-12
-76
115
12
-76
25
-32
-41
-132
-17
70
49
33
-62
-55
-11
189
-90
73
-10
175
32
44
57
-102
92
-86
176
100
42
-102
-98
17
-54
127
136
-55
18
17
49
43
117
72
28
-59
-57
-190
63
-169
240
148
-79
72
194
-44
-83
-88
28
-54
-162
47
105
43
131
52
118
66
52
-16
56
-211
45
-5
61
-1
-30
-153
176
-29
-113
44
92
64
-24
-127
132
175
0
-104
-164
115
-98
43
-174
-28
17
188
45
166
40
64
7
-69
20
40
103
70
49
-185
191
106
134
-122
77
1
-30
76
1
-110
133
-47
28
69
-65
69
-225
89
82
-301
67
-33
-9
-42
54
51
-3
-71
-19
70
232
-78
-96
-76
-167
63
198
25
-62
-49
-98
7
23
-7
5
-154
-35
-146
-115
-54
-50
25
-71
83
-38
-19
-38
63
156
-41
-102
-47
-102
43
122
115
-28
-46
122
44
31
41
33
6
-67
-71
-21
-310
203
-9
58
111
13
51
-55
13
-129
-60
20
39
34
-87
182
83
-37
-76
89
-130
-203
103
64
95
-129
-93
230
-4
-111
-39
52
-51
202
38
-22
-62
-31
-17
-12
77
108
94
-14
-81
54
-109
-76
112
-41
173
-76
-40
-14
-40
8
61
-115
71
130
-56
30
-125
-30
31
-211
-81
13
-186
-132
-51
-95
106
-58
-198
-12
-72
-50
-32
83
14
43
-97
15
-38
9
218
-120
86
80
-86
87
-50
-159
-55
-46
105
37
-20
118
-29
62
107
146
-50
-13
-11
1
-96
-40
-136
-95
-96
41
151
240
-290
-177
46
-118
66
-156
8
136
125
27
20
-34
-42
-48
157
-96
108
-4
-28
13
-58
-47
-93
-173
0
-137
-107
40
89
-54
15
-3
90
-12
2
-127
101
-21
49
-4
-41
-7
-55
14
-90
-13
-78
-68
63
49
92
-201
50
11
13
-185
-66
-155
75
-116
-36
171
55
-37
51
-70
-127
53
104
-253
-117
-225
22
19
95
25
-56
-25
25
22
71
-55
41
75
-197
56
-43
-5
108
76
64
-84
-30
19
242
-45
-132
203
-28
-10
-129
39
8
-184
-27
-31
-110
-131
-118
85
-90
-4
-34
58
150
23
-48
-84
31
32
-4
-4
48
-41
32
125
-50
-99
28
-192
-194
32
-167
-65
23
-26
12
-161
58
89
-8
51
-71
-69
-34
-36
-180
99
-216
-25
-100
70
-123
-43
-39
122
-17
-123
-4
-18
-42
-114
19
71
55
-28
-77
-10
11
-20
-32
44
135
-103
-40
0
-71
84
-98
-7
6
-239
-60
-79
-119
-40
-21
121
-138
-47
-10
-59
67
77
-159
1
-29
165
-62
-130
-12
-6
-111
-168
63
26
-50
219
-66
65
-139
-95
28
92
-190
-64
-56
75
197
-104
-71
-18
-84
-144
201
143
52
-136
5
-32
32
40
67
7
-73
-110
-110
11
-138
4
-15
179
38
127
43
-41
37
19
-28
105
-26
66
13
-190
11
142
-67
-83
184
-84
112
-7
113
77
160
35
201
148
93
27
12
22
-86
-29
100
-172
-2
-115
-40
-120
97
114
-91
-159
-140
-85
100
28
-61
80
213
-110
32
25
34
19
103
-164
68
10
110
-169
202
-24
30
-1
-183
-68
-81
29
-55
149
-43
-89
-68
33
22
-25
46
-177
-98
-194
-148
67
-126
-57
103
-169
-9
95
-155
-111
51
-21
-52
-22
12
-41
-98
-41
103
-32
-144
80
-135
-91
94
146
-173
157
50
-14
-39
-26
181
21
-145
-52
38
44
39
-161
32
84
-148
-63
50
27
-36
-17
-12
-76
110
-214
10
-152
-123
-1
-3
-20
-198
1
-18
50
-34
78
-150
29
-153
-133
-68
48
-14
-156
-120
114
-133
-71
-126
25
44
-192
-9
91
-2
-1
-69
-16
-1
-161
177
73
91
-54
-44
-40
-286
45
-25
127
-31
-47
275
81
-81
32
32
-71
-121
134
89
46
-118
-151
-179
-90
9
-13
-70
191
-80
-93
-69
47
36
8
123
113
102
-124
31
-137
-78
-35
40
-68
140
-64
-69
-1
140
117
-68
-122
150
-78
76
52
30
12
-6
-45
-12
102
-138
18
-45
48
99
-5
81
87
29
-252
14
-43
-74
193
79
164
76
44
68
-76
-16
77
36
-81
38
-14
49
57
173
74
3
16
-31
32
47
239
55
65
82
-61
-72
-34
-3
-22
82
-65
-193
15
45
-8
-95
56
-132
14
-47
-69
21
-132
29
94
37
-55
-82
67
26
44
-21
189
65
76
96
-126
56
131
15
-82
-19
-105
-246
-17
142
-32
115
-50
90
13
90
-58
-67
-7
43
-33
34
-160
176
105
-177
61
-34
122
0
-35
-240
-111
-32
-14
153
-83
141
-137
-45
8
72
20
-172
-105
141
-14
-54
-106
166
107
-115
-28
-33
63
7
-157
-163
13
-113
48
37
47
114
86
53
24
-109
217
-22
35
31
40
-85
2
77
92
24
158
145
148
132
-67
80
59
-26
-87
-25
-71
62
-162
75
-99
71
-266
76
112
167
17
-98
-60
-67
45
53
-40
42
-96
4
8
57
33
214
33
13
216
2
57
24
-79
32
224
-40
-18
99
-99
15
-137
-143
11
-45
-229
-135
46
106
26
-5
90
143
106
-181
26
-8
-20
67
-205
-165
89
-137
63
-62
224
-56
90
-184
33
16
123
27
10
33
-71
-176
116
19
0
41
-158
-1
-222
-116
98
-43
54
-113
20
51
127
-131
124
4
11
121
8
-11
-159
-48
-122
51
170
-38
-127
-95
-45
-109
-57
-219
12
54
140
198
28
-15
-100
142
85
120
-44
-219
-96
135
31
-60
6
-74
1
67
-88
77
42
26
-100
55
-64
-48
19
88
93
60
-86
140
-81
71
113
100
96
-11
102
45
-49
34
-110
145
75
55
45
97
-11
59
3
-293
-147
124
121
23
-99
8
96
44
105
-31
3
-125
-24
-67
-143
102
-171
-94
138
-62
65
148
181
19
11
-53
192
102
-15
-13
-169
-66
27
57
102
-161
67
-95
-162
32
51
19
114
70
-37
83
-119
55
4
-95
-49
148
-76
38
101
57
-153
65
-41
-93
-55
-24
62
228
32
-138
-232
15
10
82
-80
-23
-135
44
-126
-172
-68
81
179
-67
-105
-76
-49
-106
-6
157
-71
-76
45
70
-125
70
-35
83
145
31
79
43
-323
-95
-53
-101
169
85
-147
129
-13
-36
167
169
106
-163
-39
-67
63
131
-81
12
-13
-115
-35
27
-92
-74
-19
122
131
76
65
76
107
55
26
173
48
-94
-17
-82
80
117
-48
-156
107
-16
19
54
-31
55
-104
78
89
86
-118
-58
111
41
120
-2
-203
-74
154
93
39
-106
70
78
-25
42
-41
-43
143
45
163
176
-147
-8
-54
-131
95
-24
55
-161
159
-121
14
174
-38
-7
64
-58
-97
225
-94
-60
159
-39
-152
-54
69
31
-59
196
-15
5
216
-48
-65
-25
-72
-107
107
-179
-17
14
6
44
96
142
58
-87
-8
16
78
-136
26
48
133
168
135
-101
-9
-77
-134
22
85
-28
145
-18
136
-79
-87
63
134
43
-42
-154
106
-24
-80
-5
74
-96
141
123
-34
-59
124
-17
-178
-69
119
-275
120
46
-10
-64
141
-3
88
-43
122
-110
86
-37
-1
11
16
-14
-3
106
125
135
183
-24
-70
-147
22
97
-34
15
75
-143
123
-12
12
97
16
-239
-7
87
70
21
14
-85
-8
-92
26
-114
98
-47
60
-35
-98
147
-27
-56
-81
136
43
-18
-44
12
-212
-43
194
-51
-185
-130
-6
-56
112
149
144
-40
46
-46
32
-51
9
80
-89
143
44
150
152
-80
5
-25
151
15
15
29
14
166
105
62
-106
80
162
-208
-22
-7
127
-38
-31
-46
9
-53
22
-111
34
-192
-69
-114
-38
-11
5
-135
-11
61
39
71
133
62
90
-193
10
97
-49
-17
-40
54
6
36
-110
-261
-65
-8
-84
-69
194
185
214
2
-102
-136
60
24
-84
-165
69
-54
-199
89
78
87
-3
79
70
76
2
-147
47
-40
-40
128
-63
-5
-45
-9
107
98
15
-12
-161
90
-153
62
33
44
69
9
-9
60
74
15
-45
-84
8
134
83
32
40
4
-1
90
91
-14
-32
142
-145
27
-209
-244
68
63
153
141
75
-83
103
53
39
-119
68
-77
-44
128
5
-7
-59
-99
-38
-24
120
163
76
-22
-88
50
-1
12
-158
-135
131
-64
-70
-162
-116
-21
-106
-146
56
51
152
129
-86
-59
77
-126
-33
70
176
-43
105
-17
-29
22
-125
-106
-11
-64
-68
90
39
-62
-141
-47
-12
17
151
78
121
-17
96
-138
-103
-134
21
38
-64
-76
16
-63
143
21
54
-84
112
78
-124
60
-38
71
-9
-74
-56
-69
24
3
-245
-106
-20
79
51
19
-19
195
25
-37
-4
-11
-98
32
152
-172
124
23
42
65
-121
42
92
-55
18
-86
-22
-30
16
-24
-28
75
4
-73
-46
-225
-66
-174
80
-153
13
-105
-142
-13
163
302
-226
-24
-194
-26
-90
28
-136
-36
6
45
-70
-21
185
-59
67
121
200
-35
9
86
-90
26
41
169
-20
-160
-52
134
59
-44
-33
66
-26
137
265
-58
87
-69
-8
93
-95
16
-46
164
-36
29
91
-103
33
117
98
-65
-107
203
-139
-81
37
12
-37
89
2
59
-32
-104
127
-181
-199
33
-1
40
6
-40
-9
-61
-39
184
133
41
51
-85
-39
179
-35
-195
-248
211
62
224
45
8
148
-54
-94
-49
97
-173
57
32
20
-26
123
-53
-120
147
-70
278
-264
86
46
-10
5
-140
91
-22
-97
-110
-49
-71
-14
-185
88
-53
-74
67
102
13
151
-292
35
-112
5
27
-82
-169
45
-33
-112
67
-70
6
-71
-45
48
197
125
-135
42
-26
-57
186
-1
-66
-70
16
-45
75
-132
-35
-29
-10
-39
61
8
-74
-63
-117
111
89
83
104
217
30
181
-20
113
81
198
3
-154
66
-145
132
-31
150
10
4
20
13
-195
-21
89
-90
-42
15
16
-157
221
-130
-106
-75
64
71
-101
-10
-94
137
24
-59
63
-79
-1
140
-107
-112
100
10
-70
33
58
-157
141
-142
42
105
80
75
106
-37
191
48
-45
36
-28
-244
-62
-68
-98
147
161
24
-44
54
195
-93
24
77
2
29
-1
-23
-169
-9
42
1
39
128
21
150
-28
49
-25
-66
46
-82
94
150
-195
40
-56
-70
-3
79
151
22
202
-21
30
17
-59
38
-67
104
-135
-43
43
236
-33
95
44
-114
103
-99
19
167
126
45
210
12
-6
-1
11
-61
-39
-12
104
137
-87
65
19
-1
31
-34
29
126
-159
-25
-21
-46
178
-42
58
24
-87
6
-19
188
93
-133
-60
-101
157
118
-27
-58
180
63
-161
-131
-85
-14
-111
287
-34
-30
88
47
-122
55
-31
-56
-181
-30
43
-170
-7
-75
-54
-46
-106
109
39
-11
-25
-133
146
-62
-23
-47
-8
186
44
-89
-110
281
109
-40
121
160
108
-178
-10
-36
6
1
12
38
-145
128
88
193
148
-59
36
-24
10
49
-44
-152
9
24
-6
124
67
-202
4
-105
-244
13
-49
-183
-12
60
72
100
51
61
-115
-34
-130
-163
49
61
61
55
21
62
13
-192
159
-6
83
15
27
-178
-24
-7
27
-8
104
-88
18
153
-152
117
61
-34
-161
-83
167
70
56
0
-22
11
-43
87
-156
56
91
-108
169
-24
-29
-8
90
-93
217
159
11
59
-136
-17
-160
-114
124
-75
-133
3
-101
-17
59
-93
49
-120
46
-183
103
-67
52
-33
51
-1
-4
-12
-105
-167
68
38
-65
97
83
-20
-102
-20
-36
2
8
-20
114
-101
-35
-65
-203
200
-101
120
-79
-81
33
-80
9
197
-20
6
44
-78
168
-135
61
-213
241
70
139
59
-34
-101
32
-112
-97
-82
-134
-43
92
10
-259
39
-19
101
164
-194
-75
-55
-8
-94
0
42
68
126
151
-70
-72
10
-15
127
43
101
-22
82
-89
80
-68
12
25
64
235
109
23
78
23
-64
-60
-29
23
-39
-213
-56
2
19
3
40
-27
89
-13
134
78
-51
96
-34
-274
38
-23
183
124
-36
257
24
77
89
1
66
97
166
81
122
-11
5
-45
189
31
30
38
-69
-180
-44
-20
175
-36
-85
88
115
14
25
-41
137
-66
-125
-158
-87
9
280
-92
-145
-48
47
14
-94
-41
-20
68
-48
-162
146
-136
-33
318
-213
-54
202
-5
21
-61
-23
-24
96
128
8
145
207
-63
-41
52
-28
84
-88
-13
66
137
-56
8
-38
105
114
5
6
-77
36
-209
52
-204
-174
160
-85
31
82
72
-87
107
-25
23
-141
-205
42
46
97
176
-79
12
-121
135
-30
-77
27
67
120
-24
18
44
-118
-118
72
71
1
-89
36
41
-11
41
10
-123
-56
66
-166
71
-5
-10
-120
-96
-181
17
94
9
-133
-25
83
-178
-104
78
41
75
24
65
-1
-44
-86
210
-51
88
122
212
71
131
162
35
14
-166
-194
35
0
-190
-67
-58
17
67
75
-177
115
93
-171
-28
-22
136
-156
41
26
61
93
-154
74
-39
-112
-2
-5
-1
36
8
85
85
88
-138
189
38
-201
37
50
9
-38
-139
-160
74
16
-22
49
-181
195
36
104
-89
35
43
155
4
166
-39
5
84
-67
-38
-60
106
198
112
-30
-91
37
160
-30
192
43
84
-54
-79
0
-46
-42
20
-7
-97
130
123
-195
-62
-28
-86
12
-120
82
-38
-188
-7
44
-102
-100
-50
-123
157
-57
29
-55
-189
-116
37
-94
32
-40
-122
39
-85
-91
136
-62
154
-123
-69
173
61
-76
-19
108
198
-51
-30
-61
-42
8
-70
-98
-216
36
59
97
20
51
-17
-87
-240
46
-20
-15
343
-153
113
-52
31
105
0
-84
-40
103
141
84
49
3
25
-72
-78
-90
-41
-171
40
-63
-106
10
-193
-19
-51
19
42
-73
-21
25
29
-107
125
217
-7
114
50
-188
-99
99
-275
-116
-87
-129
-138
-75
-210
-145
104
-6
19
10
46
259
25
51
3
62
107
180
60
97
-5
-90
-2
97
226
-16
-16
297
-77
-80
-83
-148
-40
-69
-27
67
10
-117
-1
-35
4
-25
-105
-78
117
46
-90
37
-17
4
132
6
-154
-62
-194
-3
37
71
82
-7
-249
-160
-107
123
30
-30
162
-136
104
-79
-23
-140
31
-83
-164
-66
50
-64
-85
23
-3
84
40
-92
77
-15
132
-101
-22
45
-178
-28
37
73
-18
-49
-50
61
194
-98
49
178
29
-42
127
-34
12
-146
-101
-11
-85
100
51
16
109
40
36
37
5
86
-124
171
17
15
89
-165
54
180
-46
79
19
-74
23
-119
-69
46
185
-114
231
108
78
-150
123
-157
-66
-129
16
-39
-64
5
-36
13
66
-51
-140
96
37
73
193
-141
130
85
-59
217
22
68
51
-80
-23
-69
-57
-254
-7
-76
55
118
-69
70
74
-58
16
99
-34
67
-56
-33
52
56
35
-19
187
42
0
-209
45
25
144
-234
-18
-35
66
-36
-4
-122
-255
-83
37
40
-185
-73
-59
17
-86
46
-142
-8
-29
-68
9
-24
0
147
41
57
-33
98
108
73
-57
62
87
-125
39
-176
214
35
-119
-157
-40
104
140
-110
33
-47
-109
38
-58
97
3
-9
-30
137
-155
129
-110
76
-87
88
-33
-32
91
-41
-112
15
163
-34
-19
-34
-58
53
53
-233
145
-94
10
-2
90
91
-104
79
-142
22
-142
35
86
7
-47
115
-14
27
-73
-25
28
-26
107
-137
47
49
-10
-166
-115
-49
-68
18
-24
46
-22
39
-18
84
-97
-41
-130
71
67
9
-38
-35
2
25
-101
91
29
-47
109
-216
-27
-140
-88
153
131
-13
96
78
-68
11
145
171
-40
155
-98
131
136
145
-185
18
-104
-91
-245
-70
-98
97
-77
36
94
22
-19
129
-30
-101
191
104
-299
-135
-27
-65
-59
-68
-5
115
184
93
-72
30
39
88
-149
-94
59
-127
-41
-13
66
57
-67
-10
85
-164
44
107
42
67
25
21
-191
114
16
-239
-146
81
191
12
6
104
56
48
-40
-32
-51
15
16
99
211
-34
87
45
8
17
-11
-70
277
36
135
-79
-15
89
-86
119
19
-50
3
37
-15
-140
-51
-131
158
84
-52
148
87
-51
-82
39
4
-93
80
-176
-40
21
76
155
115
79
36
-10
70
23
85
-197
33
-65
-78
45
-5
58
10
95
-33
-200
-7
-44
113
110
-97
-9
-130
-27
62
45
10
53
-42
-137
147
93
58
37
-58
56
57
32
29
66
32
-36
-128
152
-80
66
124
-30
-78
-42
-25
160
-112
94
-102
226
156
-45
-23
-139
223
-26
111
-52
56
9
60
-74
-92
83
-34
-67
53
-140
89
-1
148
-44
32
57
-145
-104
51
-24
104
107
-33
-101
-72
30
24
45
-127
-20
117
38
179
-13
-55
3
-211
186
81
-72
70
129
-109
-59
12
146
-46
135
-27
-125
7
13
-110
-15
-182
-79
11
-91
10
33
-121
-74
-42
193
-114
51
32
-58
29
-177
145
-160
27
-146
-65
-147
43
171
-48
-120
59
190
98
-198
199
70
-11
-2
-7
-14
-11
118
-17
73
-77
160
-52
174
-10
28
-115
118
106
124
186
101
-1
-133
-69
-45
151
51
100
13
-95
55
-79
107
100
148
-264
-158
53
-27
-30
27
91
-212
19
-47
-8
32
-6
-122
125
-102
59
-84
-182
-86
-1
107
35
-90
-179
-10
68
30
152
3
32
-32
-153
82
11
-108
93
-48
141
102
-90
-103
-104
33
106
-49
157
-38
-34
96
-20
45
130
11
-60
17
-123
-54
-240
-30
22
25
83
-72
167
156
-65
3
47
1
-129
18
117
169
169
96
-34
-70
-126
-72
-119
83
-11
-156
26
140
157
103
129
-26
-130
165
24
-14
-59
52
95
131
-6
91
106
68
-98
-21
76
-27
-9
-31
119
-78
110
-37
-64
22
24
-210
-12
119
179
-34
51
12
75
-74
-58
-22
-119
74
42
-132
8
-9
16
122
35
-51
-14
11
-81
-64
-11
67
19
-58
-52
-123
22
-40
57
-76
132
-30
46
144
-13
-16
39
-204
88
81
96
-16
-16
-39
-39
-154
-89
-233
91
29
-30
15
46
40
-62
-76
108
30
37
35
-118
283
-140
18
10
-2
-26
-38
-70
-104
-54
37
-73
-42
161
123
96
85
-67
49
0
-90
22
67
-251
70
-149
42
12
204
-41
1
27
133
19
68
16
-224
-8
-222
-185
2
7
-105
-98
-142
4
-97
-33
24
237
22
150
-149
-51
34
65
122
119
127
-78
-48
128
58
51
-71
8
-36
128
154
-39
-192
-123
179
72
271
77
-39
186
93
77
-101
0
-47
-94
195
151
-136
-67
146
113
-64
74
76
28
43
20
-49
-234
94
90
-73
135
-123
187
-127
45
-142
46
-48
35
-68
74
207
-79
-82
-259
-82
-89
-159
81
-20
-24
-152
-142
-56
152
179
2
-37
110
30
69
15
-5
-134
-39
-31
-53
57
74
-5
249
-143
-183
-26
-146
218
95
143
56
2
122
59
-61
-72
35
-118
129
99
33
252
179
128
126
214
20
-2
54
-40
16
151
124
-174
52
53
-9
86
-40
94
-68
-75
-30
-66
-102
53
46
13
-201
-117
4
19
35
-188
-120
-3
-40
-52
2
95
-143
-189
-54
29
96
-35
-66
-51
-154
40
22
80
20
-194
-116
179
81
-64
-68
63
-73
-30
37
7
-162
175
-9
117
-59
-81
-48
-53
-172
12
65
6
152
38
-116
-118
25
34
333
14
-32
-182
8
-75
-17
205
-165
-159
-47
61
-189
190
-107
64
-28
-26
25
137
14
2
64
-45
35
-38
65
166
-97
83
6
-36
166
67
-121
-50
-22
60
123
28
58
80
-113
6
184
16
42
33
-160
-70
-127
125
102
190
-121
7
-16
-83
61
-115
-55
-86
5
34
40
-15
110
24
46
-94
-31
-108
57
-154
91
31
-47
195
-59
92
197
194
-103
54
75
93
-42
-92
116
109
78
-48
-6
54
-46
79
-154
