38 86 196
0 20
1 12
1 23
2 4
2 11
2 24
2 35
3 19
4 14
4 15
4 31
5 31
6 7
6 13
6 19
6 24
6 28
6 29
7 0
7 33
8 0
8 3
8 6
8 12
8 36
9 9
9 35
10 7
10 10
10 18
10 35
11 1
12 21
12 27
12 28
13 0
13 12
15 1
15 14
16 23
16 32
17 3
17 5
17 26
18 8
19 10
19 24
20 3
20 26
21 8
21 15
21 30
24 17
25 1
25 22
25 36
26 0
26 33
27 3
27 15
27 17
27 24
28 18
28 25
29 10
29 17
30 0
30 8
31 16
31 18
31 19
31 36
32 13
32 15
32 24
32 26
33 16
33 34
34 6
34 12
34 13
34 26
34 35
35 4
37 14
37 33
66
24
42
22
67
34
79
70
25
20
3
0
56
71
8
44
62
58
77
33
30
65
13
40
61
2
54
63
11
49
4
31
45
5
46
26
43
39
84
52
41
14
38
76
78
17
37
68
10
32
75
23
15
50
7
69
21
80
27
60
85
9
57
59
36
16
12
28
35
73
6
64
1
18
53
82
19
81
47
51
74
55
83
48
72
29
-74
-142
-162
91
72
-147
-65
156
-240
-23
126
119
146
-201
-84
-197
-198
-116
-24
-110
-85
-318
2
-102
153
185
-19
119
90
-120
36
236
157
-93
-67
-66
-142
-6
-26
137
46
-149
-95
49
-178
-210
-13
7
16
138
20
-81
12
-131
199
329
-85
-156
-315
-438
-274
-245
198
23
-32
135
-270
383
361
-557
-74
-75
23
-212
117
275
224
-217
-86
-43
24
95
-21
-200
-341
205
42
140
-177
-156
253
64
295
-195
-138
373
-192
-41
-65
-57
72
-282
252
-21
106
-353
14
11
-375
24
236
291
192
-239
103
-129
-208
-180
-62
-348
-82
-223
139
-3
154
21
247
261
234
-303
-240
110
281
-125
-224
-267
-106
-74
469
-143
66
-263
17
14
-228
127
-211
261
-49
-79
-200
149
-187
287
-88
518
-399
-223
-211
-213
101
-38
-86
20
-110
-98
42
170
194
-16
88
85
25
75
100
-145
-125
-272
-146
-185
-84
259
-142
67
-173
-14
-239
64
-59
293
-178
169
83
-52
-535
-139
-309
-41
77
240
264
-269
106
79
-194
-94
-121
75
185
505
-77
72
362
-189
8
308
-46
106
69
-111
-279
53
152
-113
-54
-22
72
88
-84
147
80
227
-12
-138
125
221
-394
-206
-146
8
-135
462
-181
-155
-73
193
82
-213
-122
-141
154
-12
193
-214
318
-113
17
173
172
334
399
165
-224
-150
-9
-96
-3
19
48
-32
-210
-138
-197
-334
-151
-137
-230
-64
-293
-9
-102
-44
87
-58
-97
66
-73
283
-244
117
97
142
-78
-64
-28
-104
84
111
158
157
-221
118
258
131
-25
51
85
108
172
-201
542
-10
-32
13
187
215
156
279
30
-239
-31
-39
224
-243
-75
-109
-96
-200
-150
-157
88
61
18
76
115
258
143
151
-163
7
343
98
-27
158
57
34
119
-32
-119
-163
133
-112
255
-231
99
359
-156
123
136
47
-10
210
34
-202
104
28
107
-133
-53
-42
-109
-81
78
445
157
-179
127
-178
-340
-70
-131
-254
-126
52
220
-224
123
347
-251
-9
-220
7
-149
-274
66
54
-19
324
171
-134
111
-44
223
190
358
-148
-54
158
68
134
184
-75
-64
-56
337
-283
-436
-35
104
-115
-236
-39
-11
157
-184
12
-375
28
-12
457
106
-156
100
138
-256
-168
68
-157
-84
12
-350
21
106
-156
107
207
-134
-104
280
253
-1
87
28
132
124
-87
30
-43
42
392
418
-50
-69
-29
68
293
-91
211
-155
160
-52
54
-446
-288
-144
52
-227
-109
-83
459
360
4
49
-91
79
-211
-12
26
124
-267
75
14
-465
-108
-39
-67
-72
-184
-179
-310
-140
212
72
-236
26
18
342
125
-102
198
39
286
-26
-48
53
220
197
-136
153
301
22
-104
72
51
76
427
106
128
185
-220
-336
-53
-180
-56
-86
21
-169
8
-416
38
-272
16
-256
-81
36
490
159
-401
232
88
130
243
190
95
131
-13
-89
89
-254
-396
-95
-245
141
106
-211
210
-365
17
91
123
-268
-271
106
-79
-99
168
220
-124
-180
-110
208
93
-211
112
-129
81
-269
-45
-151
318
-6
124
81
322
-160
53
336
-224
115
109
156
349
132
-272
109
-23
100
-142
-129
-74
202
109
312
-45
-146
-98
-275
-16
429
-44
38
-42
23
-377
-146
47
-143
-136
-95
141
-141
42
82
125
288
99
-34
263
-14
159
15
-255
-72
-180
33
-288
189
-318
-122
-8
33
-235
-103
-51
-64
-79
-215
-337
-252
123
-187
-63
-245
141
231
508
-102
106
-279
-193
246
73
357
-42
-27
-20
223
-175
-135
76
-118
19
114
-251
298
59
-47
-118
172
358
221
-75
302
-120
94
171
-237
-246
-69
-12
-35
-49
210
35
-97
50
35
14
220
113
34
317
-97
77
127
176
-510
148
-7
-243
173
-61
27
-119
-166
117
-164
-116
22
-170
293
213
75
68
-214
127
51
432
-1
-26
-81
137
66
-206
240
52
-63
-355
-233
-5
-330
-21
89
82
138
75
-92
-78
88
-184
-111
103
-179
-136
-125
59
-52
83
31
499
33
194
130
146
7
215
-41
-78
457
-234
-373
9
-216
-186
-2
288
-89
300
-282
77
-333
132
61
201
18
-50
-64
116
144
-427
-35
-265
-227
-117
-149
306
67
65
-249
341
34
116
164
-75
508
-136
153
-149
-34
-133
211
-21
-42
61
124
227
-49
6
-205
29
155
-57
303
92
41
184
126
-173
-215
300
-378
-130
-403
-135
16
-236
200
116
58
15
-268
-73
-524
216
-205
-15
69
56
49
-32
-39
-101
-107
-206
-177
221
63
117
-141
-127
-7
-11
-142
-147
-97
199
235
168
161
49
-5
334
-318
-364
191
13
-48
554
-260
266
158
-235
-420
-19
211
-87
-387
246
-172
-431
179
-47
-113
171
17
117
-184
0
-220
164
-389
261
57
-213
-218
104
218
149
-7
297
-265
34
-161
-198
-124
-287
-330
328
506
56
-248
-224
-197
335
-206
-3
380
169
-343
-218
-147
294
203
4
96
-76
395
321
60
-146
212
-164
-320
173
-103
86
335
-217
277
104
41
71
162
-140
-21
62
-94
-200
71
224
167
-251
19
198
182
-135
-4
129
-170
-119
-159
145
-328
62
115
146
75
-402
-317
-122
236
-107
225
180
26
-2
-135
-443
-53
-127
-96
-162
-377
23
-25
-122
-84
143
-263
69
-274
-49
-280
19
-46
73
-12
91
-296
230
58
-247
-106
34
-60
84
-109
-104
-118
142
251
-133
-244
-158
-159
-153
237
-140
381
-235
144
62
197
-192
-75
46
-53
322
-165
7
-50
54
-39
-47
19
48
-134
215
337
-223
-144
126
-135
89
241
-79
74
-71
34
-303
-21
208
56
313
92
-43
76
317
307
12
249
-42
125
114
-40
51
390
155
207
101
150
196
-302
338
118
54
130
126
57
159
-28
14
43
25
-234
80
-165
86
179
100
108
-66
-683
-45
236
-21
81
-280
-275
364
-29
68
478
218
-28
51
366
200
139
90
202
-141
-22
253
-86
-248
-135
-167
52
107
147
99
-287
-198
-152
-120
-18
-268
190
487
267
-275
142
493
-1
82
-101
-97
161
100
-86
54
-53
48
-294
-164
53
-115
-15
514
-25
180
-123
77
147
-265
74
-237
24
-72
63
174
-56
99
-230
-149
-109
96
-119
-461
-253
98
104
-207
36
-231
-170
240
-369
191
-208
333
-18
15
110
141
154
-111
-193
-154
129
-171
272
259
-25
-204
190
38
-248
-338
-246
55
246
55
209
257
-190
-470
164
420
-212
67
-24
-248
180
153
155
19
70
-108
-8
82
4
78
-10
105
-76
-237
72
240
79
-189
-46
99
-151
-17
-259
372
-155
28
92
41
-144
-384
230
78
-337
-334
-171
26
78
315
45
-96
-191
-68
0
60
11
-334
-236
27
60
146
-311
-65
291
350
164
13
301
624
-342
41
-141
-54
64
-171
-88
-160
34
279
-212
-371
216
-67
-19
-187
-196
-291
402
20
202
198
121
-145
-187
-270
-298
-146
-68
-45
215
-55
-191
-99
-107
77
275
168
131
47
-67
12
-259
143
-184
124
-96
20
-1
-238
-297
271
30
-3
-359
-120
11
-145
-146
-165
-343
282
-204
-7
202
317
-70
-204
365
-121
145
285
74
-196
-135
120
-111
158
-426
-186
53
132
-133
235
-334
-247
-33
29
314
140
232
-30
60
-90
105
55
81
-119
5
19
54
81
-201
365
-229
-114
96
201
-207
-98
-374
215
71
-27
-199
5
115
-240
96
194
148
55
93
66
321
-145
285
-107
-269
-52
-8
473
-376
-134
-38
-100
-8
146
330
14
5
233
122
175
-139
235
-154
-113
-5
-97
310
-124
122
-57
-54
-76
16
-20
-101
291
582
-117
317
35
-268
-88
156
-41
254
168
-339
-195
73
-231
156
85
213
-92
77
-253
124
122
-283
14
-25
23
85
193
172
-347
-282
-131
126
-114
224
-93
145
255
-144
-151
288
9
46
-195
-236
-43
27
-565
55
107
68
-239
-72
-190
-46
109
73
-138
-50
113
-60
128
-129
249
-78
225
-104
-111
-138
-67
-19
53
-338
472
145
-190
34
205
24
155
98
-188
97
-24
-197
-209
-8
-371
-152
343
112
152
-123
43
113
-54
81
-257
83
-214
121
-159
-487
-54
267
104
-42
87
184
379
-28
-226
-110
164
102
166
-99
-155
-305
3
-401
130
132
187
32
171
32
58
428
-116
178
-10
-136
158
93
106
53
-177
23
-172
-131
95
163
165
178
283
73
-44
-201
-63
-430
-99
148
-19
193
-156
291
-123
112
-287
-306
31
-96
102
36
6
-88
-166
-210
214
-219
216
146
9
272
64
-118
-120
199
233
-353
-140
304
174
197
-114
-129
31
-26
-27
188
-243
275
285
68
134
-450
-121
188
38
-100
-122
83
-175
365
-54
-321
-101
54
295
-498
96
236
57
-222
-307
99
-47
-388
-124
154
79
2
-71
123
82
10
165
-45
239
-124
-83
383
-9
-351
79
-182
-148
189
59
8
4
1
-94
254
79
-486
-286
-154
-45
64
-214
-194
-133
89
94
-15
71
43
4
70
-176
-33
-350
-212
-87
52
46
244
-109
-145
53
42
108
430
-89
-22
76
32
69
87
183
-8
41
63
-29
-8
-258
-257
212
43
-139
-80
-94
-194
87
-295
375
-232
-269
71
-482
-87
232
230
292
206
-274
342
-198
-187
30
-32
-59
-144
331
-501
386
-68
2
-180
0
-361
316
-156
-42
73
64
202
310
316
-121
-159
344
165
249
88
-8
150
94
-352
89
180
-176
262
-44
84
39
100
311
4
-278
15
291
72
7
-206
-135
366
179
51
-8
-21
275
-34
217
-188
-32
-57
180
-26
162
47
49
234
-180
180
-275
22
207
447
152
-236
210
132
-52
-85
-169
395
36
156
-57
244
-223
76
-177
-83
221
203
435
51
226
81
240
-61
23
-19
88
27
-21
372
46
217
11
21
204
-19
61
-52
29
122
318
-60
459
17
-96
137
-81
-65
379
35
-188
118
-302
67
-190
82
-88
44
254
-120
8
403
-157
113
-52
-49
333
-246
237
-159
-148
-368
287
-212
12
132
-214
-1
-116
-299
58
-425
-57
40
-104
-251
201
5
330
-403
-206
247
153
99
47
49
-11
84
-94
-130
100
84
-49
-486
150
-151
-29
11
148
109
45
-118
-158
11
-202
42
-99
-23
-58
-83
102
-135
-73
73
-39
28
84
103
298
26
16
39
66
-492
50
95
129
-408
157
67
18
9
-97
30
-21
235
-80
191
260
-20
-361
155
-274
16
-155
172
-229
-281
-140
-159
34
32
169
17
116
-166
319
-160
-23
222
48
57
-49
-134
43
22
-28
245
-253
-149
-208
336
447
-161
-241
-286
322
-74
-267
-120
138
126
0
248
39
-245
-120
62
274
-337
47
-2
-65
-196
233
-147
-55
-276
178
-170
299
98
-316
-94
-32
-136
-189
209
-341
-218
28
-96
-144
246
110
-128
111
-87
-57
102
27
100
61
78
-309
-276
2
-86
313
124
69
87
-262
126
66
-82
-133
120
80
-209
22
44
114
-128
-305
156
70
-48
-145
150
-9
20
51
-73
111
46
-333
270
230
-19
-71
29
-101
194
537
180
187
5
-59
78
55
-64
98
-1
-21
-229
-111
-40
229
-140
205
20
-134
-136
-17
210
-166
312
24
-274
-142
266
111
137
-341
-142
-460
-185
137
-85
88
-64
-71
381
17
-147
152
13
-73
-26
19
361
-47
104
-407
318
322
66
-28
-40
453
-152
53
-209
-162
-227
-190
92
-130
-37
314
127
-8
258
107
218
-38
87
353
139
-304
-25
-325
302
97
162
83
-225
455
-186
338
-456
148
-499
360
64
-419
-213
-84
116
-105
-72
25
-187
-7
-52
51
-405
289
5
174
400
-166
140
-192
-60
38
-10
120
164
389
1
249
159
89
294
-205
41
-8
-341
-157
-68
-313
-289
-30
-159
-23
72
284
125
-109
240
14
-14
95
208
10
-33
118
-175
-1
215
-24
-459
-67
-46
66
-391
-83
-55
131
175
155
-8
-96
-415
70
-264
109
-113
72
-345
-277
-213
-79
13
304
-295
-46
64
-55
-26
-10
28
-9
-285
-249
-65
-94
-79
237
-201
-320
-36
-198
321
-99
-250
12
419
18
-223
-285
-187
164
-204
-84
-323
322
363
-261
-146
-395
-108
-484
-215
30
-113
-131
-39
22
160
187
231
-46
267
311
278
48
-145
32
51
-127
69
65
-78
-122
-232
110
212
-112
222
-176
591
-109
20
189
-117
-108
-60
153
-11
-333
7
230
81
-263
-108
-64
-72
225
365
-48
25
141
79
-39
7
255
89
-83
-150
15
-228
157
-51
-120
-143
143
270
53
54
91
-226
380
26
136
109
-179
-155
-8
-169
419
-273
-72
-13
201
-204
17
-187
-286
243
-29
47
-6
-19
51
195
-191
-347
-202
-292
202
34
304
136
2
-332
-205
65
326
-118
158
-560
1
-75
64
-21
158
-15
226
12
-356
186
-43
176
-138
65
155
120
-34
-83
260
-147
-290
93
462
-193
257
-154
-147
121
-47
129
-349
-140
125
-69
9
77
116
269
25
-183
16
250
-58
-10
93
76
-3
-80
-226
-223
-79
-43
-248
140
106
192
-248
-72
284
-89
-128
171
-152
44
236
144
-81
-128
-461
-169
-26
-6
42
37
429
-42
278
-199
-20
-112
143
-8
438
132
228
-145
-28
-17
-112
150
51
299
-177
-188
178
164
-95
-24
-61
128
-137
-3
174
-61
-287
189
118
21
-14
-281
-149
185
-261
256
331
-242
106
106
-444
459
321
-70
407
26
-26
-56
121
-228
159
53
-371
-79
119
-268
81
120
-101
101
-542
336
-160
370
-28
192
-44
-303
-64
-45
-24
34
-5
153
81
60
58
209
187
329
202
-170
185
231
54
-53
177
177
-317
129
-371
-78
290
237
-291
359
72
133
286
43
-4
-30
-309
199
0
-252
-55
218
-252
192
17
-130
19
-224
-145
-28
-57
407
274
481
-158
-36
-186
-13
161
-74
-332
9
127
-76
-80
-2
-111
-195
-83
276
67
-237
-156
-342
-80
-289
1
193
154
-75
-178
-227
173
-170
120
-25
138
-1
-45
-94
145
-37
139
51
206
518
-449
-9
81
148
87
28
183
4
-339
59
-151
174
-251
-160
61
-371
8
-15
82
-188
-265
227
-203
-18
-351
-281
515
195
13
325
-110
74
-129
100
-335
383
129
176
0
-53
94
65
-54
7
-65
-273
-191
-112
48
109
180
-45
353
-263
93
399
80
-176
17
132
148
-81
297
-193
150
-101
-18
-293
-362
-40
102
143
125
-264
-384
-89
29
107
-383
-182
120
127
-99
112
-21
26
-190
208
-20
165
106
93
6
-213
-362
-105
-143
-139
-243
39
280
418
669
99
99
382
-122
369
108
-8
-353
-176
-52
196
-176
349
-236
-151
-140
325
-174
37
-11
123
-128
324
-134
24
56
169
166
-114
-110
-40
124
101
92
62
14
25
255
-234
-12
331
263
132
-193
-51
-22
-69
257
168
-366
43
-255
-59
94
86
78
-99
98
-457
-66
-379
-18
123
356
58
-204
-204
224
120
-296
53
54
289
-342
-523
-283
83
127
-252
-87
-57
306
89
-12
-156
-174
88
-126
440
30
275
65
139
-220
-379
239
71
38
-11
207
208
284
79
-162
-73
-47
-152
-109
-206
51
30
-189
167
11
-39
83
-210
52
64
129
-12
370
-56
90
140
10
-86
41
-123
215
-53
49
212
116
109
48
-4
19
16
202
-203
131
211
-155
-283
129
42
17
115
-211
38
-214
-342
-326
91
0
-511
-374
313
-14
406
-15
162
87
-116
304
418
-14
318
-87
-167
-18
160
-67
34
157
-158
209
-187
64
134
105
-414
14
31
-183
-511
344
62
48
209
-68
-250
-213
-33
-22
-28
-191
-64
-268
-230
99
-328
-59
-75
77
124
172
-186
-412
-126
150
342
-372
-64
130
-24
-133
101
-50
-155
146
-15
49
297
-132
-2
-161
-373
-107
238
47
388
60
220
-394
57
-284
-97
-38
66
-312
-17
-252
297
250
84
81
62
94
-153
-110
-204
68
54
-84
-77
290
133
-208
58
44
49
-24
426
-56
209
92
51
-51
-320
-182
-237
248
-48
305
213
-181
-119
265
-181
92
-58
-50
392
122
45
131
26
-89
-216
110
65
313
-355
499
-303
173
-72
-83
41
63
-238
-74
211
69
-41
-39
-9
-28
125
29
104
32
35
257
-270
15
-99
-120
224
84
115
83
69
-134
-164
342
-70
210
222
373
170
-78
-220
-102
359
-96
-77
-136
-252
-241
-540
-213
-142
-23
96
38
-229
-45
100
46
162
-137
-23
34
-257
-55
110
-216
-91
-216
139
200
149
-38
24
-80
-14
318
42
1
-131
556
-381
235
234
353
102
42
130
122
166
-15
790
-235
-169
170
-220
211
-31
-248
80
285
76
-6
187
126
100
-130
175
82
-331
76
-332
-289
279
-56
-144
111
-111
70
324
-535
-60
-88
50
-48
102
-163
-151
242
-100
220
-202
-34
-31
293
-336
-31
305
81
-297
129
257
-67
-42
202
-10
-387
141
-112
-161
209
26
124
-2
-78
56
58
-144
-275
-159
-47
-26
47
-176
359
192
-34
-126
431
-29
-6
-421
86
201
110
-37
-174
-198
-461
-318
154
200
321
98
-142
-420
43
53
148
-344
0
272
-360
210
-205
275
74
420
115
-30
-65
-96
-454
251
-217
378
156
-42
241
-179
90
72
67
184
-28
125
-212
342
-291
125
-121
452
43
-256
376
173
-165
102
-262
74
-385
-146
39
47
-301
-337
184
240
-72
20
89
107
152
-162
-149
-296
-161
47
46
42
-208
-232
-513
-92
157
172
212
-1
-285
194
381
-382
-104
-61
82
-210
22
-21
-293
-99
32
-131
-220
167
29
80
275
-113
399
-303
32
195
91
103
-145
285
175
36
16
-431
28
-73
-21
-498
16
-450
-43
-21
139
183
-240
5
80
-320
-55
56
262
30
-168
-296
-62
-88
-232
-56
-149
-328
-35
-81
215
-51
-8
26
301
-10
456
-59
94
45
169
-15
128
360
294
-151
144
186
101
149
180
129
489
414
88
-570
192
-182
418
120
-1
-97
211
48
-2
30
100
-126
103
89
-27
109
176
-72
61
-375
-450
-23
105
110
94
-249
-85
-9
57
-131
167
70
2
8
-153
172
-268
86
-231
422
115
-363
-126
212
47
95
15
-210
82
-18
271
379
-102
51
4
-60
-199
210
155
178
79
-187
35
-200
-171
-47
160
185
103
422
21
7
-351
-62
-455
135
118
-84
-236
-105
-21
-241
312
164
-69
-354
78
-196
-346
-34
8
-348
-110
-331
-169
359
-34
383
-9
151
-84
93
39
214
-300
114
76
-213
255
-84
405
-17
-299
49
-10
-118
360
131
283
6
-224
-57
-347
-15
-194
-41
-138
-178
-131
-57
-33
-11
-168
173
150
34
-49
149
16
-175
204
195
208
62
455
286
80
17
98
91
152
-40
215
-2
21
-9
75
308
250
-191
-59
-69
174
-215
-130
-165
26
-11
161
-198
38
262
11
-270
-49
-160
262
-235
-372
9
60
139
102
-47
81
76
-174
105
-182
-184
-50
-137
-125
56
366
-320
-21
-199
237
131
-267
-87
-153
127
350
-94
637
-190
44
-17
24
250
363
-307
64
113
135
158
-202
371
214
29
112
1
43
0
-79
83
-242
-187
-241
-50
-148
-371
116
196
185
-114
112
347
-198
464
-326
-421
-21
-316
288
169
-17
7
221
21
192
42
-103
117
-263
399
-42
159
80
-168
-130
51
-209
149
-65
-39
11
190
-77
2
119
-136
26
165
22
130
308
-11
91
28
285
103
131
43
-97
2
-1
-45
141
-214
-22
326
-23
-36
-310
183
-423
-160
77
3
259
-86
133
162
305
269
10
64
-64
-51
204
-136
23
108
134
-199
-81
68
536
-10
-241
-36
13
0
234
-7
-92
548
-166
-15
-1
470
-84
-101
-413
80
164
-255
121
-103
-245
-96
202
71
419
-49
10
-59
133
12
-19
-212
-259
116
-24
51
-273
-206
39
19
-127
115
-184
216
54
52
-34
-168
-264
-63
-123
115
346
-144
210
233
22
208
-90
-73
79
-52
-89
167
158
-126
6
-65
-162
7
-52
-152
-344
-37
-463
116
93
28
-15
-288
157
289
-73
26
-171
-153
-246
-129
-88
-373
290
-240
173
55
-99
224
-205
16
25
-258
127
-194
298
-139
-55
316
23
56
-141
48
286
88
-57
378
-49
312
25
384
425
-134
-65
11
-151
68
30
-215
-138
27
228
15
80
81
189
54
-148
314
-63
-316
-151
-128
156
347
33
11
-20
-209
341
86
-189
173
-34
-114
56
-136
11
20
-202
-95
-61
218
-29
134
-133
-145
-164
41
-137
12
-188
-107
35
246
71
-344
370
-359
-144
326
-309
-11
-41
-303
60
128
229
267
-314
-152
276
-191
-196
174
142
-28
-180
131
135
-521
69
-53
397
493
-155
216
-150
-193
248
-26
-358
1
-112
-104
2
303
196
-68
164
55
-274
310
-339
509
191
-272
191
43
21
-54
-141
-90
103
-16
100
178
-540
-188
97
-91
138
51
-211
109
219
99
248
-98
-103
-235
191
-18
73
-31
-4
-191
208
-173
-10
42
335
-239
-6
18
-156
-347
202
58
84
266
-65
-222
-207
-246
-99
-373
151
-463
108
164
-283
193
238
-195
176
210
206
46
-120
-96
31
101
-227
122
168
-54
90
-217
-31
40
-162
42
-202
-185
154
359
-33
-408
-106
-253
-4
89
102
54
0
93
281
106
-229
-213
-75
-97
190
301
172
-186
-249
-173
-153
-319
-121
-2
-315
-303
-56
-14
-54
-218
146
230
-160
41
-50
134
-6
129
-188
233
-198
-328
201
53
-3
242
-306
-86
-225
-177
97
-307
304
-173
-108
-72
-129
-278
337
72
-340
305
-138
96
-4
-180
92
-6
-209
289
123
17
120
281
141
178
235
-70
-285
151
67
-132
1
212
259
47
44
63
195
280
232
28
89
226
-166
-39
-244
-16
204
2
-237
-78
-147
178
195
-55
181
-69
-345
-391
31
173
9
-102
-228
172
284
-142
-412
217
8
-255
-53
311
129
-68
294
74
194
-360
65
376
26
-314
45
-155
191
141
262
167
214
-273
-603
247
57
192
160
336
-262
485
-89
231
-168
-159
-93
31
150
188
-408
145
123
-35
47
318
40
-332
-398
59
166
-65
245
190
-367
-211
189
-205
110
2
92
-239
-543
109
-111
206
-133
-215
88
299
131
30
225
204
-101
269
-330
-29
-164
-60
-135
-190
149
-201
-24
373
-351
-129
-22
-46
-284
-60
273
-29
-239
262
-285
381
-23
-114
44
-244
374
338
-87
-446
-52
147
101
72
2
8
-123
177
-323
-322
-33
85
292
223
-84
157
167
-179
2
103
231
75
104
159
-104
361
-20
123
444
190
-9
-28
-113
4
-258
-87
0
-144
68
16
164
172
-89
-88
-296
291
-20
229
289
-20
90
221
23
11
-31
-284
141
-242
135
-53
23
-105
15
-127
-103
101
-21
77
-230
131
-414
-112
233
-51
20
43
142
-210
246
25
21
32
-101
-248
17
334
-16
-164
140
-328
-75
-8
-103
326
-143
50
-86
-15
-420
-378
179
-174
-164
-47
271
215
32
325
-13
-226
18
97
40
129
92
-155
-29
78
-468
-171
23
-151
-96
38
163
-369
313
78
365
249
-41
31
135
21
-125
23
125
-195
-90
-200
338
171
191
-19
-103
-70
188
72
163
-75
40
154
-101
39
141
258
-329
282
-81
42
-351
-218
189
150
187
200
109
-266
-32
339
-434
-82
-51
-34
-146
377
4
-92
2
-311
-200
-263
-57
175
115
-21
449
180
116
-130
-42
-27
-41
-193
-47
-59
251
-112
18
321
121
20
-126
-76
-81
-226
-103
-84
425
131
-65
418
30
-241
-180
-7
-21
-40
136
42
170
-39
357
207
201
165
117
472
323
-96
28
109
201
-307
218
-80
-87
-47
157
113
-218
308
298
158
278
120
-82
-285
-68
-115
282
-135
75
84
40
-93
135
73
14
23
17
-18
196
176
-259
216
121
-412
-126
-120
139
138
98
68
-192
71
-371
-187
-138
-76
94
318
-280
210
327
115
-64
72
4
-93
315
-577
264
-176
191
-44
391
264
-73
81
-66
-460
102
66
304
58
238
60
14
442
-56
-16
-78
265
-33
-120
-332
-19
7
140
-339
-67
-268
-199
-166
-84
-305
-246
108
-62
218
0
102
-118
-142
-3
-319
41
-18
-65
-9
87
268
-4
-234
16
372
58
-252
-60
-241
321
158
-23
19
175
422
-296
-371
238
319
-195
9
-58
78
94
247
-28
-46
-21
-55
166
38
244
183
-142
40
-11
121
-47
18
-334
20
197
203
-158
329
-35
203
274
-209
243
-249
108
-67
-230
126
-53
263
-392
274
-61
-15
33
59
-8
163
-16
19
-567
36
102
-52
95
187
-68
171
137
-437
335
-131
83
24
75
68
126
3
59
184
-97
-72
152
-102
43
253
-330
57
424
187
10
9
-134
-214
47
67
-197
241
219
-275
-246
-99
32
-182
268
92
-34
-202
-200
220
-42
51
-187
-282
-197
-10
-21
89
47
26
-306
-67
-50
-76
-118
17
63
-144
-330
172
167
231
-194
-87
158
-192
35
-129
-9
-169
1
-33
72
71
94
-199
194
24
-4
258
14
229
-15
-360
179
52
-345
224
-137
56
-124
1
-104
-163
184
39
173
-222
-97
42
-20
103
177
446
343
-193
-293
47
-105
160
-8
171
31
368
30
200
66
-110
-184
52
128
9
-88
-147
31
71
220
-138
27
216
-382
-74
-10
-180
-23
351
-41
-68
136
-53
306
259
-24
-152
435
106
232
-16
184
66
-58
260
231
76
-142
20
89
344
-189
160
-20
111
48
2
163
-219
-40
-119
-165
-107
297
-9
44
247
-220
-198
235
45
35
57
17
-159
-428
-115
190
55
-121
-254
-189
127
-148
23
242
5
-82
108
44
-22
104
-55
-79
-91
-50
241
124
-345
-115
-178
111
150
-139
-123
127
-201
-50
35
-200
139
-11
129
-140
411
442
-4
472
-99
-323
-24
-312
302
-196
145
-474
433
286
-32
276
-57
194
148
-125
-4
-11
-18
-66
262
-89
159
383
-178
-14
-151
-169
-4
-185
-157
-116
-166
-483
-21
-195
138
85
18
324
147
327
163
-424
-262
110
-84
-32
184
118
40
-41
-35
293
-180
-91
253
-84
297
216
-383
-120
-97
264
-435
336
-22
-42
28
-178
-81
-26
182
141
59
140
51
4
103
304
-39
-89
-236
-102
213
140
121
287
-30
-85
3
4
210
247
2
468
-25
102
2
212
167
-131
94
-292
128
-63
71
-274
-164
92
27
-220
-188
-88
173
205
-166
263
166
-22
20
-274
-277
80
-224
32
165
1
-134
350
-50
222
-93
-104
42
-348
-124
-303
164
172
265
194
-133
204
-487
-297
1
-50
47
8
269
130
-161
-1
28
-28
-66
60
-136
-102
256
-57
88
-174
132
-220
-304
81
-437
-97
129
-144
-216
-119
-265
-56
70
-81
221
-59
-284
-348
-250
304
28
207
-134
-269
205
-128
183
15
-236
89
-84
487
135
-77
-116
136
82
141
-223
23
58
64
6
-191
-231
107
-131
27
-121
121
156
436
1
-165
67
-125
-163
-196
61
18
99
417
168
-150
253
142
-156
82
465
390
-314
145
11
147
-165
130
-102
-199
142
-6
-173
267
82
141
-104
252
-146
-321
256
-51
235
162
-140
91
152
-4
106
23
108
-404
202
194
220
-20
-184
-19
122
-349
-2
127
156
-79
-78
-227
-148
159
89
188
-115
97
24
172
51
-91
54
322
258
262
94
-17
28
145
-269
289
151
-308
-59
-393
60
270
252
-450
-209
-82
-120
-50
-18
113
139
-150
-190
34
216
-129
118
-102
-69
161
162
-466
-146
-375
148
-203
-327
49
-157
-310
-141
-599
178
169
185
157
-116
50
150
-147
-233
110
228
149
-237
-176
151
342
364
-150
285
-256
263
-19
-42
287
-429
199
71
35
17
-197
-156
-172
-130
-47
251
-37
-7
-80
-135
169
126
52
37
37
7
-161
-307
-199
184
-241
46
-116
39
-243
-100
52
47
-41
63
-61
1
-288
130
152
136
-127
-128
-181
-197
110
99
89
136
84
15
-67
10
82
-18
-12
47
-200
274
-160
-81
-150
31
-67
91
-189
25
384
233
235
249
-419
270
62
171
-382
30
186
-216
335
-227
-287
-261
114
110
-158
217
-137
-302
-353
-146
74
-130
-98
-214
261
-227
-294
260
115
369
-300
73
105
112
-161
-74
76
6
-300
-255
-46
-148
-238
31
139
17
88
217
159
207
46
68
-178
-60
-134
118
-97
7
-195
-223
56
-165
-100
16
-12
-83
124
596
300
-1
-106
-197
-136
-94
-393
-275
260
-128
11
-46
-111
7
-181
-131
-43
4
40
-230
-319
61
-467
1
-10
-79
-122
276
-249
-70
233
-108
120
269
392
-45
104
242
-169
220
-239
74
-282
33
132
19
-114
-146
-225
-261
112
-254
-172
-207
30
-58
-68
-23
-85
-94
100
-39
80
-34
157
-45
166
240
-119
-192
184
-8
-153
-264
-105
272
-204
-138
-223
-13
196
-247
-18
8
88
243
17
287
129
154
257
-211
-5
-93
-333
-88
-17
-150
372
215
409
-391
1
-174
-15
-60
-175
83
-12
2
40
-110
-38
170
-303
70
347
-163
-176
-122
-90
-43
-11
-121
-119
51
143
-133
192
-25
-231
366
248
168
65
215
12
-291
-20
-308
-122
446
-41
-8
-79
-230
-238
77
-229
83
-229
55
-246
-294
354
92
85
-164
-167
98
300
83
-150
237
72
-129
51
346
425
-25
-36
77
-135
-133
502
81
-50
-167
156
-131
-98
131
-269
-20
87
193
221
446
150
-93
188
145
110
377
-173
-300
72
-292
-57
87
91
19
-217
-250
42
-147
178
-223
107
93
160
-236
-56
-218
204
-294
-315
-207
-85
248
110
15
360
68
352
189
-14
-501
202
127
145
-203
-289
-84
-328
360
22
277
-238
-60
38
-14
14
84
107
-86
-59
-269
99
-39
36
131
54
88
-137
274
-40
-267
309
-133
-75
-130
27
-158
-164
181
187
214
-12
-123
504
-139
-388
17
-20
115
68
-354
187
-56
-18
-171
-310
-129
73
-15
235
40
186
-383
-207
19
46
-451
30
226
-19
-198
-122
153
-139
-315
-20
137
230
13
4
-93
27
-68
-29
-244
126
171
-118
-186
-629
26
-71
-109
-144
-160
-59
300
217
38
-9
-283
134
433
-149
-81
-542
-205
-50
223
-103
253
-201
4
180
110
215
114
-117
-53
-69
203
-73
61
146
-59
-364
-1
-187
-21
-221
-143
352
421
-52
-27
-288
-231
-120
405
-54
-376
-443
-5
-471
79
89
400
-274
-41
10
220
278
130
-11
322
-11
-341
-346
187
-9
150
-134
68
-179
-92
-142
-108
-51
285
207
-97
75
92
-91
-18
308
-33
97
23
252
-25
6
238
286
-68
432
35
-75
136
-21
-78
-10
-58
-65
-81
-235
324
-169
-224
-90
-259
33
-162
-108
-194
-136
-207
-139
-369
-26
-298
-221
-93
-40
4
188
-27
211
302
17
-52
-322
35
-290
173
-446
-405
-177
47
-283
-188
108
51
58
138
-299
93
413
31
82
-449
-581
213
-86
-361
-232
291
65
113
54
-8
-199
-3
179
49
1
52
2
267
-328
68
-86
18
46
-144
31
-136
-229
-83
85
32
56
217
-120
-56
147
101
-7
-40
179
494
200
83
-81
-89
85
-178
156
-390
-198
215
-180
36
-197
-391
4
0
101
93
60
102
-251
-137
-167
-30
-94
-85
-224
-143
134
351
76
-144
9
-30
-158
-294
-129
37
371
-26
374
-139
281
20
-179
-276
-127
-90
166
187
288
-36
110
-138
-447
-107
-308
51
18
-162
-242
65
-156
-28
217
-38
39
232
-120
295
513
-37
46
45
-269
-122
213
57
275
-236
-73
234
99
17
-85
-80
-60
188
-254
119
1
35
286
-2
-82
18
-201
34
-249
-33
-43
408
-110
-257
-53
-125
-209
-150
-57
24
-96
56
135
-7
2
-40
50
-114
427
-244
4
59
-24
388
109
336
165
338
-20
-34
65
-215
86
-321
-25
-14
-27
168
295
-248
211
-257
191
-240
28
137
165
-378
111
-59
259
239
-81
-118
440
-18
219
-258
33
-312
440
-170
8
92
17
-120
-130
-372
153
-453
83
-46
-24
-263
64
-81
-240
212
-21
0
-63
250
109
197
-148
298
104
-52
70
-41
-135
173
221
6
-45
-340
-274
-141
-58
475
-170
-20
-279
236
-106
69
484
-55
-102
-109
-76
-189
-43
-501
248
-149
191
-60
-124
14
19
377
-94
-183
185
-171
85
-72
155
-213
197
-152
97
20
206
-484
158
-214
-363
-33
-159
-75
-77
12
76
-58
27
134
187
-405
160
-186
91
76
182
-184
-176
90
53
-110
-167
-39
196
-237
109
184
27
497
-385
144
-107
164
305
71
163
4
-155
-87
190
133
106
285
349
47
135
-284
-139
398
-34
219
166
326
366
-70
7
223
77
-353
-46
94
-244
-191
75
136
48
-45
8
-150
-399
163
-82
-91
2
114
-46
-140
-145
62
-234
-169
-55
77
-143
-69
-126
151
263
127
-84
-82
-102
-59
58
-101
151
51
23
344
-31
84
96
-20
226
293
4
-229
278
-270
35
155
-300
16
198
50
95
-35
244
207
153
-164
381
-242
-54
-276
227
193
184
-238
182
112
106
-132
-107
52
217
188
145
-55
-260
83
-75
187
224
4
-87
-430
-198
44
-174
-73
230
83
84
-136
182
8
-290
26
-62
-243
297
-293
12
-115
206
-192
137
53
-231
463
-95
-53
-35
168
-279
-7
-253
-136
-307
3
-120
-147
-203
31
-306
-50
70
-132
252
-375
-149
-199
-340
-184
220
-17
-134
-206
222
93
25
-108
-30
-225
-70
42
-356
265
87
-69
276
323
-67
174
-49
-399
-207
128
366
-294
-263
26
259
-148
115
109
148
222
126
-64
155
201
-140
174
433
156
-52
17
155
157
276
30
30
326
152
104
198
-140
-290
88
-227
-590
7
20
-154
145
-143
-261
240
-41
-3
10
259
-15
-114
44
-174
-234
107
314
-169
-115
7
79
208
-79
128
50
65
69
117
-88
263
11
-54
-413
-63
272
331
85
5
-17
-57
-62
-118
196
-25
185
212
-351
-140
-255
-49
-151
-238
79
89
83
-349
-111
-188
-100
-203
-135
76
-186
295
-131
68
46
-137
250
-154
150
100
126
18
-113
-103
-163
-66
109
-24
-57
-16
24
-42
147
-23
314
-131
139
62
-383
178
-40
168
-94
-128
331
201
274
-349
300
55
-89
113
100
-94
154
-172
-329
-188
-216
186
361
145
1
114
187
70
-105
139
-61
-207
107
41
-183
-50
104
84
-9
26
59
43
74
-295
307
-180
142
-9
-149
-168
-164
-209
395
46
274
-101
-192
-441
-9
199
119
-120
380
-151
-193
393
-123
74
-411
-121
10
-108
241
203
225
-1
-260
267
-94
373
-13
-144
228
-238
-478
4
7
-219
-296
-482
-282
212
107
-198
145
-29
-340
-205
-37
-141
113
-176
151
103
-104
-3
291
-143
-9
-283
107
183
100
8
-217
315
44
97
-284
74
9
-49
-238
-91
411
-178
-128
-187
137
304
162
157
220
-231
394
227
257
209
-67
107
-15
-20
60
-56
223
171
408
-123
-15
-501
56
-46
-95
-51
508
314
-124
73
68
-109
-128
-45
162
-183
80
-21
194
185
87
43
9
-229
257
73
183
-22
-40
258
-141
492
-183
123
220
33
119
-2
111
-75
626
-113
-158
-198
-52
72
48
-106
75
-147
-55
138
381
-60
-38
145
71
-374
-88
-230
45
-81
-47
-54
281
188
-44
17
-33
315
190
162
-285
-205
-62
38
-160
-12
-218
-43
64
135
5
-109
-21
104
-160
-40
120
4
-102
-9
-67
46
-227
-257
-18
-278
106
-283
-135
19
-421
-60
63
-148
136
107
265
141
-374
-5
35
-126
473
-212
86
126
-247
-364
-244
330
474
-104
-407
-112
354
195
-152
311
-288
-80
45
349
-89
-84
228
96
-393
77
49
-373
-67
202
-181
96
338
-51
123
-171
96
-150
-414
-461
-44
-303
44
-92
-47
-109
-261
171
155
-21
-105
-261
-550
-302
-174
-123
149
-208
73
-49
-170
-7
-8
114
39
-93
270
278
309
-410
-180
-216
49
73
-122
172
317
-86
-76
-41
-64
-227
328
54
306
49
162
71
-6
-246
119
208
229
53
-190
-230
-300
213
-287
304
-22
81
-10
315
67
-214
-238
103
-84
-79
-263
-391
35
-12
182
213
100
-584
46
223
-251
88
200
-284
223
246
49
158
200
-55
-244
47
-237
78
32
352
88
218
166
-376
221
97
-78
-230
127
-331
22
5
83
45
-182
-104
245
-23
105
50
300
148
126
-275
9
-86
34
480
-171
62
236
58
-137
-211
141
211
207
-141
298
175
298
-74
-201
-201
-212
-191
29
-39
-38
-295
-139
117
-216
-280
-394
215
140
99
85
-3
247
-95
-339
220
194
342
300
246
-90
20
-271
154
179
321
15
34
-72
-248
-20
10
248
-14
61
76
-163
222
413
-17
51
-262
45
378
90
-81
-549
-187
-304
267
-366
25
-4
-442
107
-209
225
-195
124
104
-104
218
-162
30
-13
1
-89
-72
263
211
10
58
63
-211
-89
250
9
256
-152
39
-226
478
-96
140
-238
-118
15
189
118
9
509
-185
-21
17
195
136
-64
-388
-129
86
17
-182
149
103
138
77
-137
121
-168
85
-74
155
-107
44
-25
-50
-112
257
-215
-26
197
115
36
9
158
204
-12
147
-490
248
-2
240
-113
35
-508
22
11
-52
-168
-205
-109
290
230
-138
115
-213
98
-125
214
-217
67
-222
80
-19
172
-369
178
-304
197
254
384
-62
364
163
-151
335
61
-185
-12
-8
277
312
-244
-89
-10
151
120
315
-122
-373
131
-39
-156
-13
-256
-249
-15
-282
-213
274
21
149
-13
-268
-166
-200
-193
2
203
66
56
125
-249
-64
223
-173
-130
-63
-19
-370
-313
333
-8
-27
-59
-522
-217
22
38
34
-54
53
-160
-237
-157
-220
8
328
68
-136
-289
-327
126
337
-52
173
315
16
33
92
61
258
72
17
-11
182
-55
66
-186
21
565
21
287
129
-200
-138
-28
-85
23
-116
-17
29
128
41
-148
115
65
178
-9
-164
-56
25
-128
56
-185
144
-188
60
78
-18
-164
100
83
-218
205
-204
314
54
251
-56
-697
13
189
110
-35
-143
-53
97
-76
113
-215
-105
189
84
-25
63
147
36
44
-291
-130
-211
116
-342
35
196
86
-614
-5
-50
205
80
50
-90
51
-78
-205
-36
-233
-269
-106
121
-108
174
135
170
30
139
86
345
72
30
-174
121
-141
-464
-18
128
-322
-251
-212
-7
48
70
-141
-202
123
106
-72
79
-6
218
-225
-162
127
-146
10
36
225
-19
-214
28
-199
-334
-49
106
229
365
-88
-122
-179
-90
-154
228
-108
-179
108
59
-124
-203
-121
175
-162
-141
442
31
176
132
-22
235
37
-19
51
-209
154
136
220
59
158
408
-265
214
101
20
-18
-59
129
-120
35
-191
-59
200
-428
-400
-111
-171
0
3
-281
56
181
176
246
258
121
71
-445
-144
305
62
20
82
-243
-176
-297
-200
42
-156
-135
-80
-112
-188
44
379
216
231
-75
140
157
124
105
81
-210
99
81
47
-229
-187
-64
-82
-71
273
295
-75
-155
-26
-143
307
-19
-169
-29
-228
31
-183
-58
493
-160
115
-110
413
-86
26
-3
-187
66
281
68
113
-288
73
-64
-52
-370
207
16
172
-100
-50
126
-27
109
-94
83
-21
-129
127
-318
-257
67
143
-150
203
-280
-52
325
-66
3
167
-410
89
79
26
21
147
56
163
-139
196
32
-73
-3
199
-245
-181
-345
-78
8
180
102
290
-16
-207
-326
-138
263
410
-155
260
63
169
-58
131
-103
-529
172
268
-11
122
69
-149
98
-92
-157
61
23
-80
6
318
-136
26
-157
-129
-99
317
215
303
-499
142
374
21
2
88
-215
341
49
173
64
8
-129
53
56
-144
200
167
-56
122
-466
-57
-152
-112
-320
-19
86
-401
-425
-3
117
-147
59
282
27
55
-57
242
196
154
248
-48
20
207
-232
233
93
63
-90
126
-63
82
18
106
-280
-202
11
142
318
-79
-151
-230
-64
-42
-73
109
264
482
-42
-272
16
184
-260
-152
89
-59
-163
-156
163
269
-34
-171
-50
-248
-253
95
0
-206
51
109
-102
-15
-160
-173
-195
145
-63
158
-120
-140
-314
122
125
-55
-305
27
-59
-91
36
320
-168
-2
32
190
-28
-25
-137
33
-56
-158
-178
125
-149
184
-181
-31
190
-172
154
-7
81
-254
284
-139
-198
-81
-140
-170
-199
286
77
-232
5
38
447
-170
265
231
-137
-126
88
91
285
334
-152
-292
-67
228
20
272
-188
82
-170
28
147
172
-198
-227
185
-213
-174
-120
67
60
-18
77
-19
46
-95
16
-22
-73
3
-203
-189
-114
212
-4
22
-226
199
375
53
-86
448
-224
-353
-20
30
-15
174
108
143
110
-182
-224
291
-107
-144
81
99
-32
-173
-142
-91
336
-189
10
-260
-34
-238
-221
145
-27
-172
57
174
-31
265
182
500
87
177
571
350
188
113
325
-330
307
-156
-48
64
167
-97
-126
382
224
125
94
-136
140
291
75
-97
49
39
381
-348
-51
299
56
15
336
-147
358
-115
4
-121
-21
69
189
33
49
169
199
-60
-238
141
-202
147
-203
115
137
30
297
213
126
-3
-158
48
75
460
123
-229
172
192
-55
215
-348
-186
131
-106
-150
89
102
-111
271
-21
-16
120
223
69
228
-229
472
-105
186
95
-236
-219
-198
-121
-121
242
0
231
-63
-25
334
-13
157
98
-65
38
-296
-415
220
20
-101
216
-199
119
-124
165
213
-93
-160
289
127
76
155
-81
-160
-214
-91
158
-43
350
176
362
-3
224
-199
44
-386
13
27
-181
342
-332
252
-307
228
149
-255
-21
277
116
-270
-98
112
-210
-107
-334
-503
-481
433
-108
-180
-50
-19
-132
146
177
524
89
644
-129
116
48
-316
213
-456
348
-215
-61
152
67
-191
-83
69
118
-114
-315
-122
161
-197
-220
-30
-70
265
112
209
210
-530
6
297
-100
221
-35
99
-273
-124
53
-269
68
-162
173
-285
-122
-130
16
-133
209
426
39
-244
80
-119
128
-175
79
375
53
-20
52
-119
-25
182
98
-160
-218
147
-112
-190
-460
-96
178
208
124
314
-103
-7
-183
3
101
362
94
-296
-56
-69
-290
288
-136
-74
-28
220
-80
85
80
-1
109
76
-350
-197
-238
-31
-113
286
-70
115
-102
103
100
235
75
-257
156
-188
-125
192
173
271
-313
77
91
-24
309
-84
401
250
-88
-130
349
-149
8
-103
-171
489
-86
-159
-303
-77
-603
-371
-115
-380
194
-283
-155
-215
390
-148
180
-107
-359
74
148
10
-18
229
-13
45
206
232
-135
396
-163
-14
-223
246
302
-93
402
200
-159
166
106
397
-37
-157
473
-368
-208
-107
-24
-23
25
-165
295
-212
272
-353
-270
35
33
-171
150
-160
-43
-324
-170
-342
91
163
271
439
-278
-127
-348
-317
84
-80
285
-95
-22
-29
-145
-492
-122
128
4
51
-65
-80
34
-150
-423
361
427
108
-468
329
61
-257
-164
141
-205
-130
52
-221
135
237
-246
46
155
242
11
-205
-426
-73
-149
-112
129
69
153
-475
178
33
-168
196
-260
239
291
-95
352
465
48
-280
200
185
188
26
34
-25
-289
70
-12
-336
-8
176
-225
98
238
381
-5
-165
199
-256
-237
-101
14
-101
180
261
324
-51
-37
-221
-487
191
-249
-96
-261
-34
179
250
269
347
125
-86
138
65
209
136
-85
-31
-344
-22
98
-83
77
44
527
-135
73
133
-266
-180
-517
-53
-175
-290
3
66
87
-76
51
228
-188
134
22
-63
169
512
-112
-423
287
-151
-107
88
-230
-161
-1
251
244
145
401
420
-224
-183
-398
-63
345
-159
190
-353
63
-97
202
-434
-124
2
315
203
-2
132
-191
-160
83
231
-128
-95
21
-519
46
-130
260
-13
17
29
-70
-9
122
-5
128
-149
18
-182
-82
156
-196
39
-72
-46
-47
-33
-61
114
-135
-8
-193
-335
4
60
7
-316
651
104
-247
-21
-256
-125
26
56
23
90
-75
44
115
-48
41
130
16
242
-33
-144
-459
-378
87
81
209
19
-81
-164
-192
-2
14
380
-424
8
-22
141
150
-148
54
306
-236
190
186
-83
132
-303
142
23
-202
35
-142
150
51
-219
-121
-248
-60
-62
415
-51
85
94
16
252
54
-92
220
129
128
150
-16
-28
-70
89
151
219
106
-179
-120
-115
55
93
263
116
-106
200
13
0
-104
-114
-213
206
208
-242
5
184
-469
-202
195
58
-31
-84
79
-99
-92
-3
211
-133
64
-269
-139
-227
354
-29
363
8
-16
-143
84
-210
-3
-48
-255
279
208
102
8
173
305
-121
-139
-66
584
-3
227
275
-127
-92
-51
347
-74
-146
-70
-77
-115
-115
-76
-118
314
110
-29
-3
-71
-377
18
16
-9
-237
179
695
1
80
44
39
101
307
93
-444
-291
-56
-18
-43
-12
133
104
81
209
91
11
99
379
31
287
-161
-306
119
292
-287
96
-336
65
-196
300
375
131
231
248
-86
-20
148
54
212
-260
82
-211
106
-476
-67
263
247
-3
77
230
106
-29
107
187
-61
121
22
45
24
175
-36
202
24
-30
34
-104
-79
-180
238
35
18
-258
-18
-46
377
153
-98
-189
64
89
-61
261
-422
213
188
112
226
-20
208
-72
-323
-4
-304
88
-58
-292
-91
105
103
-13
163
68
-480
-113
-56
73
136
429
22
-18
143
-59
9
-165
-9
136
-105
422
363
-38
251
-156
31
-45
106
88
-185
-53
-272
244
198
88
-31
-128
193
-160
150
-377
-83
-28
341
176
58
66
34
42
-48
-156
-244
-254
20
-60
12
100
-303
-54
72
-39
6
-78
-87
36
-190
8
126
-412
139
-105
-356
80
71
-113
-78
8
-6
64
161
-163
57
-42
131
-83
-391
-274
-174
-174
-59
-260
5
-126
-67
538
-40
-16
84
55
-151
23
47
54
287
-120
319
-45
-47
188
-343
-10
61
-132
18
-176
216
-47
-62
183
138
267
-149
251
14
-122
-15
17
294
-319
-48
-206
-258
186
-80
-322
123
-234
225
-242
-71
133
-252
180
-33
-134
-344
51
-206
-68
-214
-144
145
238
-228
137
173
236
137
-313
272
174
-360
148
-39
-110
-262
176
182
-181
46
134
-67
33
-54
175
-328
-59
-167
-102
243
-4
46
432
-11
259
561
190
-227
-202
-46
-186
134
169
45
175
-165
164
331
-95
-71
181
55
6
-96
-80
-61
141
-115
-330
-29
-173
-81
-101
50
48
2
-31
634
-257
-20
-115
410
144
-499
-283
-167
20
-76
-244
-221
26
215
-31
43
52
82
-201
109
150
-143
195
88
296
-259
-152
99
-110
246
-83
-196
45
128
8
123
154
109
-255
-348
41
-211
44
134
117
-16
-147
286
-297
-284
170
-141
97
46
57
-425
-238
174
-34
-302
43
3
454
138
-46
61
11
-65
5
96
-345
-11
102
-60
-199
74
229
20
361
220
160
-41
-50
296
-219
293
192
74
-211
-267
163
-88
60
173
401
-64
-257
327
-103
84
388
-72
88
-150
137
172
172
229
-231
-68
-69
-131
416
-40
-132
150
-87
-230
165
-118
147
-171
6
21
13
-241
91
84
-197
-540
-102
305
322
43
-49
44
-68
-4
196
-177
-251
-127
180
98
101
252
-204
155
95
8
-164
-27
296
-199
-34
-26
-35
-58
-50
400
-120
33
-3
203
19
-18
128
-1
-111
-109
-70
-495
-155
263
-146
-104
207
-112
21
-143
56
298
-129
10
-163
-19
-125
-96
-41
236
-18
-350
153
127
-257
182
-15
-123
92
89
45
161
170
-87
156
-539
40
-131
117
170
235
61
262
79
-94
66
181
-404
45
-58
10
22
-237
-236
3
298
-240
-383
-68
433
-44
292
-237
-334
253
-284
160
-142
137
-48
-321
337
-170
-399
-567
219
-7
-151
237
101
122
97
428
201
79
-76
-86
141
-209
196
-63
23
-362
-234
270
195
55
1
-49
-277
44
-174
-113
-252
-82
133
391
-28
177
57
153
248
-199
-557
75
-82
-255
86
306
-71
-168
157
63
213
52
-102
-53
67
215
-171
-98
-75
-420
-99
-123
-62
-141
416
344
-271
-69
-400
115
74
115
-326
-67
-78
-149
-23
-23
2
101
-79
42
383
-36
37
156
199
-37
30
-289
230
-315
104
343
-174
-250
-108
504
-52
-18
251
-179
-171
-216
27
-33
66
-162
-107
-98
-84
492
19
-349
377
-93
58
155
385
113
173
-63
-41
202
-182
-99
94
64
83
7
101
-137
169
-208
-2
-310
-43
-10
-226
-78
80
44
326
249
-74
-143
31
229
67
72
38
184
-343
-91
181
-503
233
-39
56
-185
58
-297
-57
-372
-62
-205
-325
-114
212
-92
-185
-200
322
495
53
41
-15
224
-6
-61
164
84
-73
-160
-215
73
-6
93
-225
-229
56
44
-45
353
125
-231
28
10
-144
-102
43
27
247
89
55
44
-26
44
3
107
-109
-288
-446
-9
178
-130
295
-89
315
-79
34
-127
-53
-118
-54
50
-317
200
360
-120
286
71
-62
-146
152
-47
-113
158
185
-134
142
76
-83
241
-21
-51
-126
-143
-24
-214
38
112
-29
-51
96
132
-372
-152
50
-91
-85
-204
21
-157
15
-8
138
291
252
220
123
46
246
-251
277
-393
135
-96
-115
444
-42
-59
-135
-185
-228
193
-160
77
233
136
-13
53
125
-153
-65
-16
32
-104
438
-67
-65
-178
333
-294
-98
-59
-51
206
-11
207
-111
-15
-107
-128
79
82
124
238
-39
-52
227
86
-156
30
-55
300
-185
225
-215
199
-81
27
5
393
-305
-111
151
-334
158
185
-84
-451
-346
-292
-155
159
19
79
206
-187
70
85
-75
-104
345
-95
-390
-426
-68
41
76
-205
-40
3
323
-445
-117
24
229
-141
30
181
-36
101
102
-72
217
17
-83
216
146
14
134
114
193
66
393
337
285
-99
-25
-251
-231
-171
-488
330
-73
449
47
-57
-171
47
58
368
84
82
-237
12
-193
87
72
102
29
-413
69
-94
-154
-134
28
51
-168
-66
547
-202
284
53
136
-88
13
196
-3
-419
-131
-150
64
141
-99
-142
248
-194
479
-96
101
262
-203
222
203
82
627
351
285
70
198
44
-357
-346
-139
-94
-6
-85
40
-198
-227
-157
-24
237
-106
-358
210
91
145
-222
165
-54
-487
87
-64
-50
-176
-270
45
-151
28
91
23
-221
-61
118
-64
90
95
-16
-65
-81
208
5
-278
296
-438
92
-174
49
315
-273
-160
-214
-14
-33
-23
388
-181
96
160
-427
-1
-99
-94
-55
-138
368
59
-8
-346
-79
-66
-153
-244
-60
260
-123
120
-97
-123
95
-36
94
235
81
-263
99
-170
204
-71
-224
53
-259
169
214
17
356
-74
156
3
58
101
-351
47
-175
150
271
-133
-260
-94
-362
-125
245
-194
-2
170
96
44
-79
155
-155
-144
-81
-141
454
14
-36
-104
-86
184
255
-49
278
-57
80
244
54
-99
184
-174
-62
119
-115
198
125
-217
35
-377
102
71
-132
40
-220
-26
-74
50
-249
169
-17
-134
198
-347
-247
439
196
-311
146
121
214
-188
-164
117
-53
-137
-112
289
-229
-71
70
46
286
-116
7
266
-163
286
264
435
135
232
229
15
309
146
44
126
-60
124
220
423
-11
183
214
103
98
204
192
-70
-305
-99
-198
329
48
10
273
188
-48
27
-123
-164
-122
32
256
-304
69
-143
-188
13
-272
93
-426
62
-85
-531
43
8
-117
158
-75
90
-47
389
-134
103
-81
268
-182
-205
-524
-25
342
-121
181
-65
120
73
223
151
-74
-88
18
-103
88
179
-87
-221
-217
3
-351
-135
117
-192
53
-287
-140
-32
165
-81
14
113
124
380
108
-346
255
-165
-384
-147
-105
97
-457
23
307
95
66
-185
169
-248
-70
-177
160
151
295
2
-105
-185
55
134
147
85
85
-62
166
-141
158
-541
275
283
-158
106
-98
55
312
-105
367
-7
450
-112
-18
34
-484
-200
-101
64
-24
141
272
-7
21
-151
-24
-210
-308
-88
-43
8
-210
-461
-19
60
156
-12
-149
-370
204
167
158
-456
282
293
-206
32
-223
219
284
245
-369
-45
164
-268
-159
159
122
-258
93
-210
259
309
150
98
43
-35
167
4
152
248
-289
-142
245
170
-285
38
76
420
-142
375
-378
183
-84
-45
59
-222
-41
-228
-210
21
121
257
211
408
46
-82
141
93
-207
-189
168
48
61
-39
252
263
-204
-74
-176
-88
-154
74
-40
273
90
-145
65
135
-61
-67
-101
178
-234
158
-72
-300
154
-158
-19
107
646
-231
69
-6
-306
-30
-127
-10
-291
-46
-377
33
99
-10
71
-346
-150
-118
-172
-386
25
-172
96
-105
10
-13
540
-203
180
40
59
143
92
-220
257
-21
-168
-50
31
183
101
121
6
36
-76
272
-11
68
-68
