24 100 900
0 2
1 6
1 17
1 18
2 16
2 21
3 6
3 7
3 11
3 14
3 20
4 1
4 3
4 6
4 8
4 10
4 14
4 23
5 8
5 14
5 21
6 6
6 15
7 6
7 8
7 17
7 18
7 23
8 3
8 5
8 7
8 15
8 16
8 20
9 1
9 5
9 23
10 1
10 2
10 19
10 21
10 22
10 23
11 6
11 12
11 17
11 18
11 19
11 22
12 3
12 4
12 5
12 9
14 0
14 14
14 23
15 8
15 9
15 10
16 1
16 2
16 8
16 10
16 13
16 21
17 2
17 7
17 10
17 11
17 12
17 19
17 22
18 1
18 4
18 11
18 15
18 16
18 19
19 13
19 14
19 17
19 18
20 3
20 4
20 14
20 17
20 18
20 19
21 8
21 10
21 12
21 15
21 16
22 9
23 0
23 2
23 3
23 5
23 15
23 16
82
11
99
42
93
96
9
25
38
1
94
61
88
81
15
20
41
72
78
39
97
21
74
64
18
40
29
51
36
69
84
53
98
75
52
46
26
24
87
16
68
31
89
85
47
67
6
66
65
56
76
55
70
50
48
14
80
4
90
44
17
27
83
57
62
3
54
12
5
59
71
79
49
77
37
58
0
30
95
22
8
35
91
60
86
32
13
43
63
73
10
2
28
19
45
33
34
7
23
92
1617
1644
985
477
852
171
1171
272
208
418
1214
185
-48
-598
-1190
898
1185
-541
-349
1354
408
-200
197
736
502
756
360
-27
-225
-984
-993
730
856
867
-269
-241
-1316
-984
0
-609
-1620
613
-64
1199
1605
-366
930
-151
-388
1954
1225
167
373
86
791
157
515
249
42
77
1224
156
722
942
211
-145
1792
1787
-259
1172
1182
61
526
145
-999
-252
539
-490
288
13
1120
-466
-125
183
1172
1749
-266
-694
755
-251
-896
1950
-1193
573
1043
-357
357
18
-206
-544
274
-576
106
-634
202
1266
-153
644
-592
-968
-1022
1282
767
666
1054
1876
-405
432
-286
-686
-360
791
-1595
159
918
1348
222
154
-1383
-499
375
-112
542
465
1834
341
-1554
-540
-1248
-1256
-411
-100
186
-783
-666
-105
109
662
458
1345
-1838
468
-1165
-156
-452
-1133
72
-1283
1086
434
-1523
-615
-224
1176
-1194
1528
-404
227
527
-524
730
-10
-1314
128
-616
584
40
-1166
-516
151
88
643
-104
-271
552
-932
943
16
-1430
1338
-199
-47
-113
485
-299
999
271
5
1714
501
-565
1095
747
-431
483
-331
299
885
1516
399
-278
1047
118
127
-629
673
-1602
1035
231
686
1005
1056
393
1291
1549
-1720
619
485
2
594
930
-70
177
402
-392
-536
483
1451
-343
387
-1112
-489
-256
-1011
-973
122
-791
-863
-2290
822
1257
812
83
-1244
-1191
667
1777
326
794
1501
364
-765
855
245
-1381
618
-339
140
424
109
2295
78
-1612
1022
-492
323
-129
-851
1601
-990
-113
-1026
716
758
1704
-284
1110
647
214
-1658
1230
563
632
1091
196
-304
-253
2082
-338
-301
421
259
337
1232
12
1181
-1360
-1026
-197
-1115
-686
1626
468
-127
-707
-937
-588
788
1068
-54
204
260
293
-729
369
-189
829
935
-126
-578
557
94
0
310
200
-293
-199
-129
-1240
-1
868
-189
-1169
315
525
944
-808
-769
1190
-1179
-1312
1635
955
351
1227
931
376
27
749
29
1071
208
308
-238
-167
209
-1012
-147
-576
-38
-322
-1229
326
607
-703
-131
54
-563
527
1138
1004
163
-999
1489
-919
476
-731
-16
-1029
-391
-1526
-1352
-825
713
-220
-637
-301
2961
84
333
-1962
-923
1027
202
-214
740
627
976
-252
89
-746
-135
142
-239
-127
-890
460
481
-334
-437
551
1717
-693
1254
-1472
-1190
-110
-86
-747
-736
133
-766
-367
113
521
-145
648
472
1232
-822
-351
299
-700
84
938
-920
-1658
-675
-692
847
-348
-228
337
-380
1637
59
-1821
-153
-1403
-1562
-280
1863
-1367
-592
-542
-363
-626
-1017
2599
1088
29
246
902
-2138
-1751
829
-1194
-773
-596
1298
389
167
-677
687
-371
1167
186
-400
-2486
1072
17
-636
-702
1269
993
8
524
289
40
-608
703
-1001
816
-830
1178
-732
1387
-654
351
966
233
-161
793
1098
-1882
-159
-857
-1570
-186
-1411
-44
-1021
60
-1087
-241
209
-185
-513
70
330
55
-188
-244
64
1174
-458
-1192
876
1438
-1469
296
-796
-718
126
-835
-472
-1207
-941
-228
-1034
1289
1233
-636
-601
542
750
1468
475
-520
1187
-1293
1438
-1410
-1340
-404
320
46
-1050
482
-418
-1474
787
1071
-1347
1091
-226
827
433
386
411
379
325
366
146
-331
-27
492
-657
306
499
-387
1240
-1952
30
640
-605
537
963
-447
59
-391
298
-131
-1424
-1754
-284
560
75
761
-524
797
-1085
-766
673
-1243
-1023
-771
-132
-627
947
-940
-1213
4
-388
203
-1646
920
-2471
828
152
-1260
792
217
554
1518
-1920
-383
-221
-996
-206
-1980
293
-306
-428
605
1198
-1044
1827
662
-510
645
192
429
-1430
412
612
-1002
-102
-911
272
201
-343
-1107
201
-373
711
573
-772
-1629
-271
605
295
-585
972
507
-518
-692
-731
147
-287
-233
190
-413
985
-938
1715
536
105
-1120
-885
-1193
712
765
-411
-1297
82
1477
-545
286
1377
30
-551
-606
-1009
-1550
-479
-630
-206
-1356
-2016
-2008
23
1169
-465
-872
-485
473
-513
184
-1539
160
-212
1572
479
-379
-1276
735
-537
-47
-797
1844
511
677
1091
-207
541
1235
211
1882
-630
954
-998
-357
311
-1860
-924
-1190
1642
-351
-1005
1102
1170
726
1194
-849
214
829
1298
-1198
-828
-526
563
464
-885
20
-524
576
-743
1098
-992
436
641
413
757
1036
-264
658
-529
-876
129
-1757
-526
1213
585
-1066
992
-274
-225
98
-32
-384
2661
1627
-144
111
1016
1195
-405
-363
396
-84
1755
-345
401
548
1605
1842
-2112
11
-327
-721
-207
-867
-1733
182
1504
2063
-59
744
81
-1300
347
370
1051
-66
-1681
430
737
1472
-486
-145
341
253
-640
535
-1354
-484
-2230
-1375
638
335
954
90
-968
-807
-1075
918
1029
553
-231
1400
-2082
-1115
-435
-178
100
699
-1766
-333
-862
229
1972
232
-1398
-507
-617
-1502
-1426
521
247
-173
1003
-332
224
-108
-588
-1266
-750
-326
-915
-799
461
548
-825
1461
2191
-1030
-615
-801
-1040
-333
-517
-2155
-31
1168
158
-205
-1019
321
-203
484
-1213
-782
-500
-1324
-319
-654
442
-399
-183
-1643
63
159
962
-867
1709
607
252
-1430
-158
-193
-562
464
2413
-1090
-463
-1078
1493
619
161
1555
-1197
-277
1386
73
378
-231
500
774
-1094
-132
1660
1262
-924
388
1102
-1492
-1016
711
-532
778
-138
-764
328
-1140
463
-956
-1253
622
342
-320
-567
-702
258
65
-1245
53
57
-1950
-361
-567
351
-1496
1665
1479
-668
-112
1498
1000
289
67
1338
-349
283
-742
-731
-801
-496
-1446
834
116
-66
-1476
-71
-89
-550
-824
600
-202
-864
-1640
67
-525
126
646
-1078
-615
1268
-1552
-2495
-91
2313
-439
1718
-630
-1010
-855
-1156
386
-1380
179
1497
-734
-1064
-713
-1210
-475
-754
74
32
904
-689
-431
369
793
-220
-16
-1526
-387
-535
1232
-132
522
1682
592
-948
1294
-822
-323
-705
-388
-816
1054
559
1802
300
353
360
-825
-1813
140
452
-376
1080
-207
324
1176
-131
-375
214
608
971
-513
-95
476
-1143
-1926
683
-42
-512
-2284
-618
-22
-955
1080
720
1028
-82
642
259
-670
-1091
-307
1309
452
387
271
-40
-389
-534
-1426
14
10
-956
-1430
-111
1608
362
-92
-1136
-1145
-1759
-198
-1329
-753
-1937
331
1191
1282
-372
173
-1681
122
-406
-719
-968
1418
-241
-1445
-586
-540
-1019
-597
-1000
-117
-158
-652
-661
648
1309
466
-962
-1180
-593
-102
-931
-840
-656
1736
-628
99
402
504
-218
1410
-298
763
-303
194
1475
-654
454
-1841
632
207
742
-884
-304
172
1441
712
-1782
-569
-1264
-654
438
448
781
-202
-210
-246
-894
223
694
935
206
-2006
-877
1141
546
33
569
249
-64
-967
-1120
-168
1653
-204
141
14
356
-982
1941
1129
-268
-195
761
-1477
-653
-414
844
290
112
559
40
-5
152
-160
-212
283
255
-206
346
376
-393
-280
950
-1796
-323
670
-1160
77
836
494
-1015
514
-973
-921
-473
347
-413
-1305
-654
-1280
-977
-317
-907
-480
323
-387
-588
-217
-1085
-822
1261
-1416
-403
994
-1446
-200
940
-709
-733
-1196
-189
466
883
831
1018
734
490
871
-412
1061
-782
-230
-110
-84
-1511
-312
422
1011
687
629
-2185
-1803
326
-339
-719
433
511
844
-694
160
519
477
580
-1283
-1595
-363
380
1154
-1028
720
-287
395
203
499
384
-216
-1183
-419
252
338
445
1551
-204
263
99
721
-359
712
607
-1073
1688
-1341
513
-159
154
-949
1497
1344
-553
2165
354
-430
-153
497
-1258
668
1030
-1109
-110
466
-101
-527
325
-19
-1059
-217
-92
1650
-351
-748
1215
-277
165
-3220
-611
1727
194
420
-1706
1973
-795
419
-148
1188
-41
916
-155
500
-2793
-383
-866
825
420
-1404
115
-647
394
-725
-891
-401
907
-128
-128
794
-777
815
-2513
1007
-231
11
-775
407
-368
-1316
-147
236
-591
-118
-906
-951
-1105
-1005
716
364
803
-622
-71
-369
29
390
244
-277
1990
-581
-293
401
-609
-637
-88
1257
-396
-439
151
184
-656
1083
994
-38
-76
1260
-554
-918
123
406
1713
604
-1004
-1882
-828
-722
-1211
11
-459
1186
-818
-496
281
125
508
-1141
518
-763
-1516
69
-667
-1458
465
1124
-84
-313
-253
-1092
1288
-810
-367
-161
-60
-353
99
-798
279
-775
-462
-311
-297
515
1424
209
257
362
-713
667
924
437
-1033
-843
-883
281
1464
-978
1531
118
-1448
-317
-306
-341
-861
230
-180
-408
-518
-886
302
-538
-2345
113
-184
-1775
308
-840
-453
426
1443
1145
1352
-1641
-622
-720
254
502
578
-97
-21
96
-1765
280
7
703
-1025
-382
-1552
-238
226
-1121
445
163
-629
-803
780
1007
-461
754
-1735
-20
621
-280
-380
750
-384
-1238
917
1665
-33
555
2835
-166
328
647
-361
-117
-157
-1316
135
4
491
-253
-218
-1292
1046
501
-363
-523
-1287
471
-807
-81
-156
545
66
-1200
949
1057
116
-178
-512
110
-207
419
-690
-828
98
-428
-595
2068
807
1129
-997
149
-1330
576
1110
-139
-514
-346
-950
-1396
315
625
227
-326
332
-1274
614
-1109
209
279
80
438
-158
-184
-940
1101
-1009
85
-621
-1228
-1112
543
-471
795
359
369
-97
599
849
1748
752
-118
-811
-160
-376
-790
814
-195
479
1339
-1438
320
224
-76
707
-40
-1140
1353
-1360
430
2009
1349
401
1654
-659
-525
-471
7
-917
1365
-1064
-1203
-344
1488
-441
410
510
1009
788
-569
-711
-1388
355
433
540
-39
-92
769
409
-31
-363
-115
-565
214
1962
-484
554
-23
-866
-513
-2055
29
-760
659
-1494
961
460
350
794
-1219
1921
-86
-512
1794
288
-307
-998
-333
433
52
1324
934
495
-733
-694
665
-301
-300
1056
-672
1
-931
-467
469
26
-841
-555
396
-597
-362
711
-11
-669
-321
1111
-819
-135
-17
36
1159
590
-912
1364
-296
-1475
1590
116
599
498
-977
145
1405
-730
-627
-162
222
-1437
-930
115
-206
-1670
1589
337
1163
-352
-47
289
188
683
-581
1264
-1146
-759
779
901
-45
-643
15
1265
1179
-917
112
184
18
-205
320
834
-54
-845
-904
-1035
470
321
409
1549
1081
-386
-1967
-269
-115
100
-768
281
207
-1661
-1128
1094
-2158
648
1764
-986
1154
-146
-12
709
420
-390
-1979
-784
1528
-8
-821
1563
1325
-914
-1298
-1305
811
-590
-896
195
421
371
892
-124
112
457
-352
59
-1111
817
1153
-229
-1648
-1085
-667
476
-120
-204
1445
117
1173
-581
146
1618
-880
1608
-728
531
717
910
312
-625
36
-190
1891
-78
-1646
-1088
516
1925
-338
1871
271
880
-27
717
238
-273
-530
-493
494
818
626
-312
-13
1435
-558
-835
-392
-814
726
79
2732
1066
389
1442
452
1442
-1021
-424
275
-68
-568
-347
702
-1552
-1602
-475
-215
330
-862
88
-27
11
1296
-113
-1031
-1605
-501
-66
663
-217
2137
-347
-150
873
-2134
-1080
871
-397
-328
475
-1734
757
-716
-1176
188
882
-125
741
-295
805
42
-2268
-2291
-1289
113
-270
407
-852
-816
178
-1275
390
-315
-1331
1073
1028
1042
-341
824
796
-296
2022
772
798
250
-809
691
-525
-3
1474
-499
-340
-549
-241
-134
369
1840
-307
782
58
152
565
-87
-448
104
-195
-108
1053
-517
441
-3202
-90
-609
514
7
1549
-403
618
-487
205
-2418
-900
220
-956
976
99
446
663
-914
-270
1077
103
-167
-429
-1479
-1828
-1242
594
-909
-391
-672
-461
949
-319
288
-1610
650
596
-1080
329
-1514
-129
-1298
-49
571
50
1294
2179
-588
-529
441
258
204
-16
1607
-388
953
1822
1065
933
508
27
-1315
1037
1120
360
-1546
558
139
239
2089
4
-640
320
-626
-1514
716
435
-1765
-534
-1305
421
401
-592
1845
-1175
-358
786
531
721
-486
-125
762
165
-61
931
-803
-1091
748
-1267
39
236
121
1042
-943
-1648
587
1018
1097
-536
-283
1598
-560
-244
-75
-1837
955
-56
618
-1188
-110
110
-1370
-334
2221
-1107
-1340
815
234
-402
1554
-36
-705
-661
-226
-429
478
-363
673
-153
541
-231
-670
480
1290
-202
-600
-243
-1243
-183
-6
-238
483
-428
597
-622
1016
-437
508
-747
-355
-978
1013
441
-2303
-29
-874
1497
-194
46
507
44
-8
-1200
536
585
1406
-645
-1510
-395
-543
583
-999
-424
-1205
-463
460
367
-110
-73
-104
1198
-290
-617
893
76
-1042
-3
149
21
45
-95
79
-522
-48
-130
-727
329
298
1273
-597
149
-2777
1323
230
567
-662
756
-401
-2224
1265
583
-713
-41
1785
1441
233
-389
-869
788
658
-1278
-371
728
1213
567
-756
-50
-1930
-577
-583
1322
978
-958
75
-1029
559
1122
296
-1656
2380
-279
-1660
1210
-701
-152
2169
754
516
-588
329
-131
-668
709
2030
870
-739
-1935
611
-348
574
151
819
911
-99
-494
-1263
-237
-142
986
-235
245
-511
406
390
399
52
808
477
179
928
-537
-707
-1350
1848
469
-79
-1127
-400
-168
220
-242
-196
-571
714
-380
-912
-426
-259
544
359
1202
-2085
-252
-1337
-504
-1062
-125
330
50
-1048
-835
-308
-1087
930
1230
949
-197
2297
-120
-158
135
-692
-224
-762
1418
1182
-1482
-711
-30
-637
-259
981
548
-1834
1527
-1493
970
55
1243
-723
383
-262
-1059
-1213
763
169
-213
594
-251
192
-968
-660
-811
630
161
-177
128
392
249
338
-1387
-244
44
137
1247
-1162
-120
-336
-1443
-263
574
645
1309
2218
2241
419
-229
34
-1117
-404
1149
-904
1172
-409
1616
-2102
-108
-61
412
-417
954
-1523
283
1051
-1835
867
-1141
-791
512
260
-301
-495
-892
2291
-337
12
-81
1007
-367
-634
459
907
2254
-2042
573
-21
-819
-1392
-481
1554
1382
-727
-1143
-229
532
341
761
-969
195
-617
116
-865
-1726
42
941
-637
-1176
-932
-455
-226
199
-557
-1096
137
1005
-187
-343
1214
380
199
-414
-1563
-1746
513
963
-932
-273
-25
-571
-1057
-304
1005
736
569
-1815
405
199
-2582
786
-721
-2180
-1092
-21
498
881
99
915
-819
-1130
-103
185
-1782
513
-1797
912
67
-711
828
-713
54
-1707
1228
-130
-1556
-149
45
-179
-1105
1075
572
692
769
-307
1319
382
-1203
-371
-196
755
533
-879
1367
225
559
-724
-574
1336
427
-378
171
2396
-610
-641
853
455
-418
51
-1011
1566
2180
401
-1479
-478
-576
862
-1157
231
1328
417
-1214
-834
164
575
-2220
492
-455
-1486
283
-305
1353
-256
-659
1128
448
791
-418
292
-82
1155
174
-161
326
-390
636
-426
117
575
-2171
-246
473
442
-681
-187
286
-25
-1262
1589
-260
-2037
1130
-1038
848
457
1283
315
-495
-753
-912
335
1039
-77
-1257
1515
-1389
-439
-131
782
114
-181
-40
93
-1332
269
-184
-755
-704
718
-305
127
552
-1518
212
-1687
575
72
2124
496
-664
752
509
2641
-423
-514
944
20
-877
-875
-975
740
49
168
-1728
-506
1310
2453
-624
2043
-1220
1685
-700
25
328
-870
283
1058
-737
639
-1405
-781
229
-421
1149
-638
-12
1164
446
1689
-1342
-751
1158
-1497
1068
314
-220
-1492
1075
-18
125
-966
-790
-782
346
922
-54
-899
45
-1102
-677
-1368
586
105
1555
-1075
39
-167
-599
-792
-1130
370
136
377
-40
-1449
342
780
233
324
1456
470
129
1656
820
628
783
1129
2008
828
-130
603
14
-618
1240
96
788
-225
-1230
83
980
-429
-254
1593
-471
-22
-546
-347
-590
-1272
1692
-180
601
253
454
863
1342
181
11
95
1684
-471
218
156
1220
249
-1065
-314
160
424
1211
-252
246
1237
145
-22
947
-613
1601
618
-1477
-233
-778
729
62
639
68
-260
-360
-120
-1321
-1685
659
-411
735
681
678
-688
239
-170
656
-168
124
1186
-500
75
-367
202
-475
417
-19
-2197
-953
-422
-299
1231
105
-166
56
-301
496
1395
569
1642
1054
546
-409
-688
-468
445
-480
145
1072
-245
297
-892
667
641
1227
224
-492
-852
-284
458
628
139
-874
1201
-747
-416
396
1572
-83
-437
1126
-468
1815
693
948
644
-470
-725
-91
928
1295
418
-1001
-359
-457
477
-641
1377
-593
-599
987
-817
-434
530
415
-979
18
1159
-101
-145
-694
-488
-1696
-318
532
-847
1256
-2251
-1475
-1038
2073
821
419
771
1238
-215
-1020
-1057
123
-849
-905
-661
-15
516
101
778
2359
471
319
845
-757
888
-1584
-497
-1115
1644
-155
-26
-1769
1338
459
-753
-550
-657
832
-528
1096
-529
-391
625
-126
359
717
1041
-188
-953
2476
427
-17
-813
3039
1621
-2685
834
-315
479
-86
-867
-388
556
-693
2109
85
232
840
-484
-549
619
-609
371
-1548
-2381
-1439
418
-45
942
170
710
-2930
-948
71
42
-315
247
1359
92
-113
64
572
1475
63
220
-643
-409
1016
2126
-501
874
1630
-1033
-210
1589
-245
-247
-249
-454
746
-510
-881
-849
409
-700
239
33
2200
-501
-297
393
-340
904
339
-499
-373
-694
-936
556
-80
-383
-630
-745
-2030
-830
-510
-990
-1026
-581
-385
245
494
-1623
-2016
-283
922
308
61
-660
-1343
-633
-440
415
1169
475
-545
-440
-901
-192
-398
-352
492
107
-1250
1600
-1342
929
-2683
-574
1807
247
-340
589
159
638
154
278
-1687
-477
516
-154
-461
-75
269
201
525
-1386
776
377
201
456
619
-1083
-67
738
-1812
-402
1299
-1372
-414
-606
685
204
-143
-819
2062
1805
-1255
-789
-1146
1151
-1490
325
1870
289
2081
-728
175
539
484
-1050
965
297
1313
-1276
-76
-974
-138
2006
-223
129
509
621
-557
-71
142
-948
38
-745
-327
-1651
22
-133
1431
-344
1362
-1177
1231
-2242
-1661
-1017
85
-2061
-335
-64
-2306
315
-181
-71
-239
-1380
603
-1125
1000
229
-647
182
-1467
-119
1690
1114
376
53
1148
-1937
671
-942
335
262
-1304
-1955
-584
1077
-783
-238
-460
1553
1418
192
623
525
1562
1171
-855
1265
-929
-401
385
1326
-374
-777
2076
-805
475
398
556
-95
-1350
566
-835
-383
201
-591
-978
-624
-1644
-1709
-342
-441
154
1866
-317
-184
-511
47
1002
-1074
-2172
893
-87
-395
188
1945
949
-1463
1335
-245
45
1457
862
-630
862
-2124
-9
-615
1622
-1162
-1165
-206
-1059
97
-795
-579
-171
350
2290
-1525
1280
678
412
-1041
-836
448
-766
710
-43
-363
257
-199
1096
290
-892
910
-991
-289
-920
-207
228
-407
-520
208
21
-220
1317
285
-492
1977
-121
-260
-826
330
-435
-415
-212
-829
96
201
-704
-426
73
-1728
1229
-900
75
-660
395
176
-716
-136
-726
-1022
425
623
1366
1452
296
-292
-61
727
9
1842
621
261
-889
-908
-1201
-197
54
70
-980
-1190
-1078
-474
422
-141
-372
139
1419
560
888
765
295
-1164
-54
290
-184
656
1311
-234
-303
-754
602
-1838
1134
81
324
-329
985
2487
-700
689
-987
949
-1037
-1516
1119
-665
-444
-1920
-1487
33
235
-19
-377
444
-1623
2059
-121
-660
-1345
581
259
-70
1472
-521
-336
767
731
-808
1306
-354
279
92
-242
-498
-178
1289
985
923
2095
-861
-1458
-472
227
1753
-863
190
-139
-982
1719
767
-232
-146
322
-207
-323
341
-1
1240
1524
-1360
569
-306
-862
-21
1265
422
1146
-295
-588
236
-298
1088
272
-2372
967
1017
-244
-1630
793
-832
-250
-177
-160
1764
-234
-761
517
689
-1618
229
1039
2279
-165
-1272
965
215
334
-233
409
368
169
-195
-36
-778
-1292
-262
-560
1242
-273
-1693
1056
-188
-444
-479
281
-530
940
-998
1030
358
297
-73
77
-315
-269
82
1130
-130
437
-466
1546
-250
-134
-793
-235
-246
-1551
-102
-280
53
741
1339
-1822
417
-805
920
1943
2434
814
-339
-1509
-834
1396
232
32
-169
-245
-364
882
430
1022
71
-998
15
-132
796
-632
-841
98
1819
490
1586
-16
118
-695
168
-913
194
988
13
-92
-80
-222
627
65
-300
-106
-1749
1375
-2146
-709
826
447
73
679
-2448
-889
-216
1471
828
373
831
-1084
1024
1418
394
707
161
58
-871
274
-1538
115
-1419
783
-298
-849
-305
201
-693
-1175
68
-1637
91
227
203
-469
-1440
679
2596
-87
-65
-1
638
241
637
-156
417
-117
980
-1299
552
-368
-1069
403
-679
-795
1227
-699
939
83
795
-600
-1557
-468
105
-1061
-949
99
97
-1373
-1978
472
290
-1037
-768
-812
-1817
1393
-107
-1324
1313
-998
-172
1821
1564
1905
-68
-813
126
1504
1280
-998
524
20
1033
-677
554
657
745
-847
-1408
156
-1058
-425
541
747
-1275
-544
-358
-539
1390
-503
1635
49
5
169
139
364
-1365
355
-1203
1717
101
820
1441
126
-1180
-1055
-96
-1002
96
652
25
-1343
-1756
-1072
-537
1279
712
772
-275
-1084
-1183
-515
-270
-567
212
1249
-650
2489
382
-46
-848
787
1084
-857
536
728
819
1543
745
-548
-1390
-133
2333
866
-98
-654
984
684
11
1040
88
-152
721
2301
-29
647
178
-82
-1379
1479
-1599
-350
-37
-1084
-1826
-1972
-1921
646
334
-803
330
488
624
54
-1042
-570
-424
1164
-52
627
959
518
-584
-229
447
-725
69
602
1745
-1607
-555
-1214
184
343
-747
864
674
-1341
408
712
441
-1257
1231
530
753
-1066
980
-740
349
-482
604
1337
-601
-27
292
877
494
721
2047
-211
-431
578
213
28
-2259
-747
796
942
505
428
-611
603
53
-1355
-170
904
101
667
613
49
-850
-193
47
91
-34
-440
-251
243
-835
5
-1124
-430
-58
187
-1958
-942
1752
-1737
3295
-7
1604
297
-135
654
-396
198
10
290
-294
475
148
884
-587
-1018
388
-381
4
-1841
332
275
1574
1714
1195
1332
225
766
563
700
-214
270
-902
288
528
109
-553
636
512
201
119
444
-247
-597
-512
63
678
-1441
-42
650
1311
-338
896
700
740
-564
-6
562
-77
-555
-733
1187
59
1204
655
-1564
-1642
251
-87
-410
-171
615
135
-248
-400
-761
-350
-196
-678
586
343
371
-156
-145
963
507
384
852
400
373
440
1191
907
395
-671
-873
870
-457
-811
1904
1438
168
-341
23
854
743
-373
186
845
-828
-415
-9
492
-25
-1015
-208
-959
-1071
418
988
207
807
347
-808
420
-700
-455
685
21
757
-345
533
-1082
-1110
1109
-306
1376
-781
1629
792
519
-1012
413
-1522
218
-629
156
283
-589
-510
-786
-65
-347
1056
932
531
-540
151
1603
371
1450
968
57
-2156
287
582
-357
-1370
-202
-105
301
-2080
709
1915
-909
854
-259
-377
271
-1194
-37
1782
-244
-1420
-3194
1670
-65
237
1011
581
-1311
794
55
1381
320
-117
162
384
621
-1328
-359
-360
-2143
-1383
-1321
525
232
837
-99
-502
1103
-754
-495
268
374
371
-871
635
1345
703
501
326
-1585
-1101
-779
1112
941
279
-4
1117
40
-867
1160
-977
608
-228
904
-200
2443
-271
1454
820
-227
282
-756
-235
381
-1036
2144
271
-1189
1033
749
305
179
529
749
-542
153
-677
882
-519
-1614
238
68
-781
1994
-20
-1610
412
-783
-1767
-589
-780
-1460
-243
302
503
-835
-747
-811
-414
547
-126
-108
-1444
626
-2097
240
-453
-61
-1465
459
-626
-251
24
1343
896
310
-922
302
1329
543
105
2238
260
-337
1247
-1636
-390
50
-1430
-1293
-2210
-1408
570
-501
112
1167
-290
-1026
-34
-702
-1037
-941
-445
1875
319
-758
1340
-363
164
-941
-506
1689
800
-733
483
808
728
-407
989
641
-164
-912
-721
-430
331
-231
-234
653
-660
316
-306
-141
-629
38
416
-620
436
-231
417
1647
731
665
1333
-770
-926
-757
-168
83
-1298
1643
-1133
-1246
-892
139
2001
1398
2133
-711
-457
-1418
722
-201
90
1791
-22
1310
-588
-525
-6
393
-891
657
784
705
-755
-1026
-185
-107
449
25
655
1406
-1546
244
-1019
394
-521
412
930
-754
-334
-695
929
95
-541
-503
-854
-1556
619
1335
-1721
-564
1597
54
-587
1493
-232
145
58
851
-127
1022
11
-637
638
884
-220
877
-698
-1853
2086
1709
569
-71
-771
-925
850
-454
-64
894
22
-774
-2319
51
2277
-410
162
455
-438
255
-1085
363
-74
-1532
-42
-1663
-586
-378
154
-585
-882
4
-1273
-595
703
-1266
-1503
2418
-794
645
118
-1256
313
14
-361
-559
-771
-85
-409
56
-328
-558
-713
-294
82
-2310
455
23
-669
-447
-2568
-728
-1333
-67
1293
951
1086
427
-37
1811
2005
148
1450
125
514
-733
452
281
-566
234
1076
670
1035
37
890
-697
945
148
-980
-874
-69
108
1158
13
1480
-1944
-1810
505
-1438
108
-253
264
-1405
317
-613
-937
-208
690
1058
940
-474
-1743
854
-1603
-359
-1109
905
-2217
-1713
338
-360
-735
1046
518
-801
284
42
660
-1917
121
-248
-823
-136
46
-127
912
774
667
130
-1284
-1940
155
682
145
-793
-42
-496
-911
983
159
885
-721
-2143
698
-848
356
345
493
-445
-966
-81
189
440
1470
1055
-133
308
71
1659
496
743
1153
-781
-886
-61
-304
2089
-792
702
-738
-229
1013
-987
-1156
-246
-559
-1286
-396
-1603
-77
471
812
797
161
-551
-815
1562
-1649
-2477
-72
-865
-1675
-500
-1144
828
445
944
-913
-198
-383
971
1527
-791
-674
-73
839
18
299
-1517
1064
-195
-1791
68
-490
1243
-954
316
-284
133
1313
333
546
1047
1344
-1047
-1690
89
-502
1214
1476
987
-104
265
-19
451
-117
1293
1391
-232
-807
1618
1685
-960
73
-881
865
-807
388
635
-1198
100
898
-687
-1809
182
2065
1173
195
-331
794
-623
-1392
495
-743
97
89
1076
1160
924
1687
-1066
-139
1620
955
543
851
-332
944
832
-1044
-1019
-301
-455
594
-902
-44
44
999
874
628
-46
1740
104
-177
-225
1184
-283
227
45
-62
-1163
650
-1285
277
443
1071
497
18
695
-180
-573
-2101
561
-1236
-656
-594
-2241
-181
-106
-243
1508
-120
-514
765
420
-664
-195
1002
-1202
133
-158
1157
829
-587
-1093
-102
1130
1046
-971
-308
-620
-1033
-1062
-881
-1263
1869
401
80
-367
21
1119
49
828
-726
-237
-1136
-849
-849
-801
-1590
-448
545
1161
805
-372
-1179
1365
-74
267
-1364
-769
735
-591
-789
1534
2040
-914
1142
575
428
-739
-767
1146
-494
940
823
858
2196
-786
-762
-515
-32
-336
476
-1341
995
-889
-1086
70
1601
-1234
547
-1015
-894
309
559
-152
-2326
-100
-741
-1456
209
1502
1403
-1311
-158
-226
-916
-902
637
-1214
285
1909
-862
-1539
-58
-1163
697
-1334
-172
893
528
958
1092
-554
-854
-364
-116
-1200
13
156
-121
-23
-493
-1096
261
-774
571
-1469
1475
-1609
-1670
367
-761
97
987
624
-1110
1222
-97
562
-1132
-617
-524
-797
946
-1114
-262
924
1790
-100
1452
403
485
168
332
-292
-545
103
1608
-175
-333
-543
930
-1105
1640
1319
-1255
-1510
617
361
883
-646
106
3166
342
-1475
319
1377
-1138
-26
1193
-96
-465
-351
268
847
554
-275
-12
754
-1027
1062
438
800
711
-164
1041
82
307
937
-170
1154
166
725
-1123
-1317
-825
385
-9
556
-393
851
2154
269
-1056
887
681
183
-329
-298
1081
-504
-972
1494
509
1007
-9
671
798
-1276
-282
-670
-1227
-1346
193
202
1572
-1289
-1032
-579
195
51
196
32
199
-1335
68
195
1359
-533
-354
-779
609
1332
-106
284
97
-591
-1480
124
-648
2464
-515
-282
-469
840
-2158
603
-488
471
204
-848
1442
-315
1023
1397
1164
148
-895
376
811
1228
150
810
-752
560
945
-1177
598
-326
-559
554
-688
-651
-324
581
-589
-940
983
-359
-294
705
603
36
584
-51
681
260
-587
546
39
1420
-846
771
873
-360
-627
-643
-313
1186
956
-503
253
1104
1035
345
-640
-810
-1026
122
-1029
874
-55
606
-34
-22
-76
-70
-367
1113
212
907
1193
-708
1282
-383
-1031
-380
1952
-555
1500
-553
893
-652
-6
-807
-742
-163
-235
-1395
1195
-383
-592
103
72
-2066
846
-1424
546
839
-806
-124
439
-659
-467
683
779
816
-834
-162
150
-245
-456
-339
577
-284
-929
1427
11
1075
415
2103
456
94
191
74
-414
-1120
-1082
95
-54
-1270
1030
-354
228
-1771
-865
-648
962
901
936
900
-291
-2001
-125
128
1354
10
1038
-1259
165
-432
-214
-1175
-78
-1295
915
218
-332
-1505
681
452
-320
99
-45
34
2117
664
-447
-381
45
412
1318
34
-2108
-213
-838
-831
-465
602
-96
-257
-572
623
945
-554
-1434
-1025
-74
1162
-1098
108
-21
1003
-9
331
1383
396
508
115
88
14
-488
-1697
-73
790
-211
-355
788
724
-175
-333
54
-401
416
-422
-162
6
-544
-8
-277
-7
-874
-504
313
257
169
1374
1692
596
-1630
835
-38
-179
-283
-1361
1
183
1062
1225
-444
-1271
-559
360
-790
-1005
395
-1326
142
-292
185
-340
-1795
-1907
-909
463
258
-1185
255
-225
-355
2074
758
-620
260
-104
128
1354
-1855
914
269
229
1047
826
1028
777
748
-2185
-383
-427
1865
271
1063
1153
-739
498
-1241
-1093
-929
-762
577
470
686
-921
-463
-266
-1003
-777
1494
647
929
-28
99
-847
1365
-1569
-125
1436
480
-465
106
-226
724
-2200
-536
596
-686
-91
-567
-53
377
-318
4
-481
1645
526
217
-227
-6
-15
1
307
-612
-1012
-1352
-751
-301
1196
-760
-681
146
607
-559
-119
512
1366
-633
1294
-408
-1106
286
-557
901
835
44
784
-524
1693
-69
-395
-333
29
-19
556
535
-513
-192
-217
-798
-300
245
1051
-110
339
1047
584
-235
-1197
-498
-193
109
-51
-117
-1322
-870
-554
258
-696
759
-1725
-498
-1105
1103
-202
42
-377
1194
-264
-37
-548
1909
1468
-802
895
1192
-425
406
-259
199
430
-486
718
1204
-492
-1524
-582
86
158
246
1141
-414
-340
1173
1158
1807
-97
1128
348
530
1028
-1064
-52
-457
1886
1202
-282
1156
331
-122
-1126
-309
34
-1172
1761
65
-1186
1094
-618
-1426
-138
268
-280
382
347
-867
-278
-656
-1198
-308
1776
-895
385
1048
324
672
662
222
800
375
380
170
-580
-393
1360
-539
1071
-256
-229
85
4
-677
-117
-1542
232
-887
1863
36
1157
470
916
348
-631
1483
-930
695
-663
765
766
385
182
1077
-499
1068
-55
-2267
643
-389
-88
-759
371
56
-346
440
-219
518
-709
684
37
944
-55
172
-283
-1199
295
1122
648
145
546
461
-89
-2349
-820
279
218
-477
1312
-420
-279
505
-1615
1163
-1065
-527
52
1080
126
410
88
400
-1409
1122
-57
-888
-311
946
445
-62
-966
1392
877
-440
366
304
878
-967
-770
-1763
1061
-1502
173
796
-276
731
-107
390
-456
-121
2322
-125
-235
212
-39
-2785
-652
1823
523
582
-786
630
-253
-9
-826
294
-227
380
-600
-139
-471
-1113
787
-751
-1168
265
-267
-864
775
1571
268
-115
-964
-437
-957
-634
-1926
832
-1052
-433
905
2017
37
797
-641
-527
-145
832
747
-387
-672
-511
-591
625
934
1124
-450
-594
-563
227
-1785
-304
-98
-450
-768
-1732
1492
-26
16
-841
-430
-572
1319
957
-36
-769
-1010
-623
-63
-1049
1494
-1468
-97
2
-1757
1815
-700
351
-92
-494
-170
-426
-186
-37
55
646
650
-135
568
862
1905
-159
315
-257
-505
-754
-630
-693
-967
-2218
-1542
-650
-937
813
-684
611
858
-253
1129
-321
-755
-757
595
964
-511
1886
363
399
183
135
476
-859
902
-505
-311
171
484
173
169
-1617
1062
-135
164
-1056
-278
1446
1090
1442
-535
-1238
619
764
937
463
-571
562
-1304
803
109
109
-762
368
24
1002
435
-1370
1156
8
-1572
157
-1174
-532
-67
-394
-198
-410
1199
959
72
916
1908
-72
1318
-1124
-618
598
536
695
-475
-713
-187
-869
734
961
-1278
-470
-188
1341
110
-168
-1009
670
-939
952
1162
-622
-372
131
-135
-215
-733
1217
448
1841
-126
154
41
-2264
-2089
2214
-727
-1222
58
885
1209
-39
-249
-231
-220
5
-540
-8
1674
-981
878
-707
1673
319
113
581
132
326
1045
773
988
-345
822
407
-587
-2704
2139
1643
567
-404
-374
-194
371
-1470
-725
296
1068
-561
345
-577
1552
-325
-440
1543
-542
1469
-998
924
-1045
1238
-683
-772
830
384
3
1525
153
-536
-83
-321
-1141
268
510
422
252
333
-2015
-436
-741
-109
-1173
200
-1144
438
807
-59
682
1100
-208
356
1090
-615
276
-1351
1520
1111
-125
-2068
-607
-151
-992
269
-103
-1594
-727
941
-1367
216
-1208
44
98
-180
-186
-1400
-405
571
174
-141
-9
-126
808
877
-1137
594
-1557
265
487
227
47
-677
-88
575
-770
67
424
-775
466
2151
-695
21
-323
1423
1241
-223
842
-856
1089
-191
-427
108
-360
-1667
-1671
410
537
-452
3401
-1521
998
-558
-729
1830
360
-610
-32
1804
-609
-786
123
-952
-1602
-517
806
-168
-1522
77
409
895
847
106
618
-1280
371
1093
-922
90
-844
567
787
475
-33
148
-5
983
700
-866
42
-119
-755
-1058
-696
283
146
193
1106
-1095
-57
952
-358
133
-129
-1594
-707
2333
796
4
-1499
423
402
-1771
-1762
-1684
-2133
1136
231
745
926
-671
-741
1009
-1025
358
712
-580
-267
-1219
-985
2484
-436
56
-652
236
-552
568
-2328
-214
-437
-1522
1444
-565
-1529
177
-1825
1008
-278
-332
-1025
40
1431
-389
-355
-187
-1265
-1262
425
-1238
361
-1633
-606
-1508
-72
1220
-647
-810
251
402
-111
942
-513
-725
780
160
-1616
755
1736
-183
-2507
-841
2128
731
335
1901
947
128
-589
971
903
2866
529
-337
911
-55
604
-265
894
-1207
-130
-31
-1114
-457
981
-1727
171
693
544
987
-205
-1985
769
-720
-1180
753
-659
-297
-1517
640
648
1222
558
-530
1041
706
-1543
2116
-197
535
245
598
-1068
599
-193
418
-617
201
-1213
-1401
-601
-252
162
1716
-1563
-104
1180
743
501
444
-1417
59
555
2622
323
797
828
-509
220
-52
111
1102
278
811
-1276
-746
167
-73
361
-326
616
787
1194
-847
-1816
356
429
-1269
-7
-209
-286
-912
798
-81
1122
-134
572
458
-622
6
1450
-916
-1139
1069
-1800
1150
-1398
464
-243
870
242
57
-2205
-1503
825
-414
0
961
-736
283
918
180
1315
455
910
-2827
-413
339
690
-416
-659
-212
45
788
-1667
-987
408
-346
-171
-62
88
-579
-296
386
955
28
-362
-397
2418
2267
-1207
-722
-617
1011
-1568
269
478
126
-1276
-358
-405
404
-364
-1095
236
-1174
-871
1453
857
748
140
156
491
-78
-1315
-1413
-411
-260
1544
107
595
-1088
908
980
-920
-616
-426
853
-667
-1122
-949
2319
1153
-450
-189
1418
1888
7
-257
1948
-383
1130
730
785
-1164
-949
933
-977
754
1189
563
-972
-1182
591
-1004
707
-526
-125
-546
1317
-157
-525
760
449
-435
-1883
463
-327
-684
-157
-101
-1458
270
-2001
-170
945
-477
-515
787
610
-436
73
-639
-790
1128
-732
-1879
199
-306
140
1033
598
392
598
-314
1185
1020
619
-425
-329
1303
1264
-174
719
289
1228
310
985
1148
735
623
-560
414
1079
718
1442
-280
70
804
-193
1050
-215
-340
-309
-652
1605
381
-1473
282
643
560
-600
-1304
454
1267
-426
330
-68
70
-1046
-386
-259
950
-62
-151
-783
639
1597
-469
-1421
1420
-751
-548
-222
-98
-2004
888
313
252
-1812
-807
-76
-1040
-922
1103
235
499
-1062
-646
568
-778
-436
537
-788
482
-1239
530
-25
545
-140
-272
-57
-65
678
433
436
-2141
2711
306
711
1465
-1238
280
1624
487
880
-1440
-793
86
1236
124
187
-1508
-881
-25
432
-752
-660
681
-1112
-168
591
1467
503
-290
1340
1217
71
-546
400
-620
2136
-1077
1469
-103
710
1214
411
698
-948
-117
1661
-964
741
-110
-395
444
-149
-1356
387
503
943
-117
525
111
-422
348
-242
-82
-672
344
631
-1063
855
2116
1025
-418
-1311
-199
-927
6
494
1418
-1114
-382
-972
1002
-291
-135
204
-262
-873
824
-45
-6
711
-262
898
-547
93
-474
2193
196
-1191
-1118
617
158
-747
-635
-240
-1435
404
367
-1647
-516
2013
224
-737
7
-367
972
108
35
972
701
-1591
893
1320
86
-1147
321
-98
1044
-553
684
7
-46
779
921
807
28
-310
192
-370
1198
618
1000
624
-277
-432
813
-2432
325
-36
230
226
996
495
731
-1247
233
-173
921
-749
350
89
1274
154
762
-387
-702
-1440
-37
-117
145
635
905
889
-1107
-20
-740
1603
-476
-873
322
-582
350
-574
-735
-682
1375
-1268
-600
-273
-207
-145
1894
356
562
1425
908
1100
-84
68
-470
-129
-801
620
535
-778
874
-328
-2
2
1713
-805
831
648
-611
1918
-911
706
-731
-181
1041
2768
780
-2295
-365
55
839
71
-438
329
-314
-300
276
-424
-1318
-282
-107
-630
-565
715
726
848
65
1420
56
255
1811
789
-1073
-450
-966
-943
-104
1013
1870
-859
-281
1282
15
1249
1421
-771
-683
558
886
-113
1287
116
-349
694
65
408
-697
-217
587
-417
968
98
-336
-258
551
691
1345
805
-33
-1342
-1572
674
-223
62
522
707
-1027
581
941
240
774
1387
-855
284
-359
-62
-1246
1633
1378
1689
161
-944
-463
-1237
-1769
355
-278
389
787
1148
-859
-674
-77
1390
-389
159
-316
333
449
-1670
519
327
619
1706
-748
-932
-956
122
553
-334
486
-1073
69
955
-194
594
1826
489
779
2107
-1083
-637
-1802
-414
-542
-204
0
1042
-1254
-617
1426
-159
-844
-2015
887
-960
-1363
690
-707
669
407
160
556
356
2524
369
-839
946
-263
651
-1083
1451
165
-704
-301
1797
-333
-1533
2236
848
374
-635
-589
-992
994
-1240
791
698
-150
1004
-1582
650
-1253
-1363
-1339
-922
739
-233
-1140
-233
59
-783
-76
-76
-495
-127
-245
425
-1145
568
1097
-800
-300
-182
-1080
-928
-123
-1319
-116
54
-351
674
652
531
380
-415
-2809
803
859
272
1546
-401
-379
288
-665
-40
-77
787
-54
-517
-589
-114
902
-72
422
1173
-822
-588
143
-170
779
-607
-925
-957
-452
742
-455
-533
429
379
35
-853
1128
814
430
1405
1040
515
-407
805
-1213
1712
-684
-628
-301
-1660
-29
-232
413
-303
-281
460
1456
-836
-8
-431
-33
427
-299
208
13
-960
654
-1336
-872
872
22
-574
-1025
212
2027
1231
-1305
855
1299
-837
74
200
619
444
-1609
370
1137
675
1951
350
1152
602
737
-16
1271
114
1795
1024
1333
853
-371
-679
30
-96
316
380
-685
-273
-879
680
961
660
964
-136
215
691
41
-790
394
-1204
1432
-1453
-2555
486
-872
251
-629
-606
-540
-219
529
58
-654
-992
-236
378
-1207
1040
-488
519
1522
-322
-241
-292
499
381
-144
1672
297
417
799
-1564
-1486
1221
2408
317
744
88
-151
64
-567
-953
767
-193
540
842
409
653
-197
-1006
-261
-446
125
349
-16
-266
-1407
-186
-968
672
-171
784
502
227
941
332
250
99
129
-434
-1200
219
325
418
162
1202
2666
657
-133
-80
1553
822
726
808
-722
-688
-1586
481
247
-21
-304
521
-218
-403
-374
463
165
51
-484
468
501
-843
-18
-1408
1743
1546
299
-1216
-634
-2201
1100
430
-1079
269
315
341
326
-1522
-582
103
-1310
581
-466
30
-278
844
-990
-1585
143
-925
-6
996
-967
-127
-1109
-464
-451
322
421
414
-952
70
2153
-272
-45
-861
2225
-625
-1664
151
-103
-135
-358
418
-1441
1003
521
979
19
-167
643
-741
-1410
1776
811
1277
25
-1678
-1528
870
1154
834
-1384
-955
-1375
-747
49
-6
1045
2533
1293
-495
-395
-1795
1754
-1213
-48
1722
936
1341
759
-614
-376
30
-399
-1809
740
-900
-420
154
-362
-275
-450
-363
1596
832
1712
-38
-159
-537
519
315
1121
-111
-1676
-1477
-599
-922
1127
-805
232
-151
-276
1237
-2356
-168
618
256
216
-110
27
1206
-52
687
-235
-916
176
-13
554
509
117
-198
1270
478
-803
-122
-436
-293
960
-1520
1248
652
-215
-599
576
1741
-710
1943
170
-198
-405
-950
-582
-582
-181
75
-371
35
-328
2202
-451
-141
394
-880
261
-71
-763
1098
1535
230
451
1228
-354
-284
160
-163
102
749
-45
1103
-579
1471
605
-1029
-1088
499
-156
-448
-643
-232
-227
-663
-159
-121
-40
339
-284
-417
1997
-189
20
2357
-138
-1647
-1219
40
-45
655
-340
-330
-831
565
-953
-664
247
-1882
1036
-55
978
-1375
-1924
-699
1265
-743
331
136
774
-1789
-386
-21
346
1709
729
429
961
1576
-1215
-165
-1069
932
311
1429
844
-1761
-53
982
1185
-956
478
1121
288
-513
-460
74
-309
591
405
732
-1591
-148
-246
221
-341
1178
-155
54
-668
-428
647
-752
-27
26
-99
870
-28
-261
522
-123
-182
-1315
-1453
757
-1321
1127
526
-464
-1080
-634
112
-630
1276
-931
-645
-1566
211
888
1101
2764
-828
890
92
452
49
400
889
773
193
-810
-783
-2171
291
669
-1219
-272
1
-254
560
-451
-802
790
815
-1251
184
1253
1361
473
36
-400
630
-1052
-140
109
991
450
963
-853
561
-488
-868
-711
-413
1081
-887
195
665
2279
317
479
298
682
-949
-540
660
488
-374
-706
1617
737
-179
-159
-1292
-369
679
-1097
722
-186
335
1169
512
542
955
1093
-720
-311
1032
-533
545
58
-87
1062
-544
1354
-605
2215
889
985
246
-784
-998
777
1126
878
239
-193
544
-559
1038
-448
-423
-1204
1769
-134
-704
-841
65
-471
128
501
915
-1194
-901
378
-768
1734
-799
704
1281
1917
-83
317
-1078
1239
-705
1229
-406
912
-831
1180
520
469
-1041
1276
-293
-1517
1329
-1084
964
48
-849
-748
-275
132
906
-82
261
253
-201
-422
-1249
-180
-858
2469
41
1880
-1384
203
-599
1072
128
-133
-486
834
531
1992
286
-2825
-827
406
2315
-444
-371
-267
114
-69
1121
-892
-355
-175
1602
2015
59
-326
846
1221
-1008
-108
685
625
262
-72
-834
984
-227
-1175
796
203
471
967
1526
-769
916
-898
-208
-397
917
791
196
947
306
781
360
830
-664
-577
373
-396
-1393
638
-551
-1462
1678
6
-68
-1473
286
-964
-872
-1189
933
13
320
1327
-421
-24
-581
1613
-852
48
233
94
-30
-64
-820
-1324
-675
-516
-588
-19
-1868
-185
64
-571
-779
-11
-264
687
-638
-642
830
95
-1321
-1807
438
-1491
-701
573
-54
1256
-1197
62
1218
-429
243
1622
606
486
-3
-1386
-245
-988
233
-42
1531
1306
-562
1428
-1049
-129
-179
341
-110
-497
261
-722
-1945
48
219
-75
386
-198
1072
543
-1135
-32
-302
1185
-1566
-1945
795
-222
-933
-1
-202
544
-261
-601
-1026
447
-386
153
-346
-1259
1464
-4
-444
-1209
-117
754
-1048
-886
594
-691
-509
199
-971
889
649
1407
-227
-128
526
-857
-417
252
-61
-1415
-1428
-854
-392
-263
-598
20
317
729
-553
-594
540
688
512
51
-687
-768
1084
-730
1081
-707
408
892
-142
-232
221
-458
-369
496
-187
-239
-821
-943
-365
-401
-17
-212
1070
1337
390
502
-589
359
-562
-1091
-1636
-287
-424
1331
757
44
-1313
335
-975
-1302
137
309
-215
37
558
217
-69
-238
291
-920
363
322
278
-198
19
1424
1342
-279
171
591
-631
818
-460
-812
76
532
-771
86
1426
-495
58
65
683
345
216
-480
382
833
430
-141
-1160
-584
71
911
801
248
-116
-1104
1362
-1813
-1841
274
780
1882
-332
640
-651
1347
728
-2100
-226
112
76
-194
-1336
725
-930
1433
-532
-710
-734
281
-921
173
390
-1667
932
80
311
2189
-10
1180
1884
-1568
-677
-236
-465
-1549
-1453
966
391
527
-1382
1123
-416
588
1706
72
712
-526
-784
1200
1137
-519
409
1118
378
-1268
-691
305
530
370
508
930
-42
1366
-692
664
-1105
-26
1698
-1045
303
-582
1152
-911
266
-1276
-920
-1209
116
-294
56
759
-554
481
-2495
-1486
-445
-218
768
2117
431
-1152
-1006
-1317
-1261
-341
7
1487
1986
-1206
-23
856
1733
444
-1020
2337
442
-1867
-1012
1144
-1779
-509
-87
475
-971
504
517
763
-417
936
802
-430
1078
-405
1436
-465
-1720
-467
826
206
-1327
935
-469
968
120
288
8
-98
-38
-497
-2137
-1083
-1647
-1723
169
-910
1367
-1058
1473
-1354
117
-1122
67
1529
-554
216
593
511
550
-1027
-220
-257
-963
-295
-23
-1437
1774
224
266
153
961
1148
108
-1099
-236
1685
658
-273
1578
560
60
-1508
868
44
-1131
-837
-671
-435
338
-1988
1421
484
322
280
587
-1114
-126
137
183
364
-390
-1689
550
-744
-2413
599
1347
407
-1102
-173
1169
781
-210
-871
-66
-917
-697
-916
-117
1062
-708
316
-446
405
-891
748
490
-2514
-328
952
-2152
883
-2168
-915
-778
-1137
-617
1479
-1530
418
59
-411
429
-134
147
-971
-1000
1097
-997
-26
-975
305
341
1205
748
416
1937
-832
1344
843
602
-12
-396
1032
-1491
-304
1345
-37
1158
-797
-1025
-1057
246
379
-997
-619
315
-856
-1782
2240
-2279
-1345
1859
-1725
-3
15
657
1660
640
223
1193
-470
847
-367
281
-338
259
635
-2381
-465
462
-772
1156
163
-1646
-411
525
582
-580
544
839
-707
-1737
1107
-973
1436
380
744
2139
61
680
695
1051
856
-216
1088
371
184
-1519
-1215
-358
-114
-15
1391
-495
879
1732
456
391
263
1495
496
-412
-92
-489
616
-1380
839
100
-715
335
-1151
-485
-154
-735
612
428
1058
447
650
846
576
-331
50
195
-694
816
-1408
-528
1379
-140
-428
988
-317
-1496
-719
862
821
-275
1455
-466
549
-935
1801
426
-1287
932
673
-1492
-521
-832
1159
-110
-185
170
458
1873
900
-72
994
349
1102
-179
712
757
-1043
-538
-1250
-566
-421
1121
-192
2159
-261
637
-300
760
421
640
-266
-378
-343
-861
-787
379
-481
-1134
-131
-605
1547
238
-1068
436
-176
477
-477
-965
-152
-677
-608
415
-939
1927
147
2091
-736
-1116
361
-1110
711
62
55
73
1680
-113
454
-724
-1011
-132
-201
1650
1097
414
1790
-41
-992
-533
-1274
-221
1913
-1472
-158
483
-225
-159
17
-938
-599
782
334
-1619
-630
491
414
1293
-605
-78
-567
474
-523
-342
-250
-155
-465
679
-1127
69
-193
1372
-740
-30
70
-80
628
1628
141
974
354
-151
62
29
-897
-661
1023
-1959
1072
-231
544
-798
1537
-1128
104
-912
652
280
1030
589
741
-328
-549
199
-1171
1063
795
-1228
-892
749
-604
-57
-941
-494
-817
555
2245
287
-308
1239
478
-10
-984
628
-563
-300
745
1374
-1326
697
735
-360
-439
453
-144
-116
2452
861
-184
1194
-2009
46
1190
-962
2
-75
200
-334
10
894
578
-835
-736
109
662
776
-1172
-566
283
607
1580
1324
93
-8
-1877
1957
443
-162
-471
404
-322
1515
1086
1567
-276
459
34
861
602
-2
14
81
473
-1168
412
-361
803
983
33
-745
-821
14
-18
1024
426
297
-227
122
-460
417
-643
405
-892
1659
1110
930
515
-67
487
715
-362
-381
750
-305
243
-1576
851
87
819
465
424
-680
734
-570
487
-451
1283
524
573
65
-46
-321
704
173
1046
-948
-1224
-1219
289
-1292
-162
1123
356
262
-301
-772
677
227
282
1676
-649
-57
445
1517
-1147
1685
124
-502
445
589
-1055
384
-46
-38
-67
1322
-640
426
122
-1570
-504
-521
468
-151
431
-989
-1332
-280
464
803
-729
461
-265
-1100
-421
-1122
2164
-1370
-217
985
1423
-1301
1034
-1755
1890
2226
727
173
727
1720
490
378
-676
722
-670
619
-2494
128
608
-1023
673
-1888
-1572
566
1459
1373
-65
665
-54
-579
447
1412
273
581
-967
-1135
-926
836
-1378
1517
-1736
-176
719
12
-626
-1660
-1062
-864
-629
1401
88
1481
139
279
632
1718
1735
-91
-141
-535
252
-809
-733
-394
-248
-1138
-146
-1569
-1372
955
-568
511
17
1229
507
-251
392
1376
710
-1966
-803
146
1149
-54
380
-90
937
-12
-2134
-674
-757
1039
559
1365
880
317
200
-306
-349
-1007
-999
-69
245
-29
-2105
-639
-1151
1881
-759
1041
-348
-1119
155
1481
-456
221
927
799
-123
281
2382
-857
-695
-496
459
-831
-1341
-795
793
388
-273
-212
765
394
-92
395
-245
-303
-1225
73
-269
-355
-1186
111
2807
-674
-535
14
636
110
427
-48
-1435
192
-1140
-1249
1039
-1146
-1539
351
-433
-603
290
-717
-249
1322
305
1352
1247
814
-1006
471
-519
-1053
385
1687
1128
-951
2717
436
1015
348
-1008
-352
-437
-510
-654
572
-966
-445
-1250
772
-608
-427
-686
896
856
-511
1214
-595
-224
-762
-793
279
-409
-59
161
1103
2497
466
471
742
644
-1164
-1460
147
-117
1038
635
-170
935
89
656
-403
-1496
894
-14
747
-503
-1747
-685
225
-551
5
-1055
529
1694
719
773
534
292
-217
1105
137
-1585
-415
-2443
1034
182
315
-231
113
64
-293
-142
1601
-678
-76
550
396
-563
1251
-355
-404
-685
-569
-539
-182
286
711
-459
55
-732
-60
-1866
1320
1574
-470
-367
2589
1032
-1022
223
10
1137
-299
-1246
-396
1235
812
1142
-130
462
350
-330
-1521
331
-995
833
-1811
-1047
763
157
-69
-950
618
22
-213
207
-861
-714
823
369
559
-55
-726
-12
-39
1478
697
499
1368
-1371
-728
-1250
2218
-810
95
303
936
-947
461
1226
188
-854
-935
1297
353
-1456
719
472
218
-1250
793
231
1786
1311
-341
-1687
-307
-700
-1513
157
-853
904
-369
-590
459
-486
-461
1706
-1046
-7
-379
-1568
-2063
548
458
-641
269
-663
-915
293
-486
-81
-1861
993
601
846
837
-1616
-254
-447
-1402
248
679
-544
-1254
-1108
1100
685
-37
1268
-1355
-311
656
-966
-1018
2006
187
-193
1293
-245
-626
-230
-63
519
768
-1173
1498
618
464
161
-490
-1422
1067
641
400
252
468
314
59
-839
608
-110
-757
-1494
-230
1513
-1995
201
588
-78
1187
-233
1123
783
-1014
-640
982
-971
-985
-666
-681
1554
408
-183
442
1699
-455
416
926
-1667
287
1213
292
-99
140
-1001
-1469
377
-283
-528
816
-324
-143
-105
-795
1018
822
557
-809
-1306
339
-1332
-124
-1097
-687
-203
623
766
-825
520
-282
63
-824
-148
829
582
-1208
842
-1165
594
682
458
84
-565
315
644
1047
320
-344
-833
-292
861
605
961
128
1134
-38
-590
-247
-1556
398
1396
-847
-351
349
-719
520
-278
-1028
711
152
303
933
930
199
-676
-1589
-75
-429
-574
-541
1612
-987
235
1313
-309
613
380
-2320
-557
1137
1005
125
1068
28
325
-487
1383
1243
-552
-1360
-372
-294
-430
150
-1198
921
532
776
1304
1026
-906
1340
194
-440
327
-573
1332
515
333
-951
612
-957
150
-517
1386
-496
-962
-196
-262
847
1714
-922
624
-344
-242
-106
1423
-403
198
153
-527
-377
-103
36
-1118
-265
1387
-1510
-554
396
-832
873
1723
58
-617
1935
-1216
1275
-1118
326
-115
-62
351
483
313
1197
-1881
1629
-1842
-116
-1714
-672
1166
-294
-1534
635
-1258
1040
-858
-1056
1203
467
-532
-1330
122
642
709
77
-1614
-1318
601
-321
430
-36
554
-749
132
1250
2204
360
444
34
607
1623
823
1392
-900
-307
-1071
-1615
-1037
750
632
30
-911
-1430
-1416
-601
205
-1523
-659
254
289
-1907
1324
1655
-614
365
-1091
310
1593
-2
335
1187
586
405
-441
535
-1136
639
543
1270
66
178
-333
-1320
-702
364
-411
-272
1753
-337
799
-935
711
1642
215
-211
-74
358
-1295
293
120
-90
-260
909
602
1012
1468
599
-187
408
-280
797
-190
601
1028
1148
-286
-805
-107
587
215
902
-619
6
543
175
2664
600
-1089
-475
-101
-1474
196
-1425
1312
-566
242
679
1187
800
265
-188
1057
438
-561
1055
923
430
489
-35
32
1231
208
661
2137
398
971
252
-467
-2072
2145
-232
-17
293
-60
-391
128
-491
667
-141
-727
-689
111
-17
735
-818
-56
1444
49
-183
573
323
-132
-27
-118
976
1511
818
675
-174
354
1462
-429
-1397
-223
1740
1940
-337
91
1635
-139
568
-981
-31
-504
1368
-93
-1588
910
254
1083
276
1519
1059
-164
-641
493
95
97
-374
-462
38
302
-681
318
-879
-3571
227
655
1097
-2631
174
-421
-1028
234
616
492
-176
-950
-222
1696
-2052
520
-64
889
-70
-629
-786
-1768
-1193
-666
-730
-1069
-548
-178
-500
-207
-94
1047
-1256
82
1362
-6
-580
164
-1261
-132
41
1075
1078
-433
2131
-676
-684
-279
-70
-364
141
660
701
-454
-941
796
2158
-742
-1927
-2085
-450
595
-1255
1096
-796
-1855
-1650
-771
933
-82
-760
1547
1213
-503
531
-454
571
707
-777
625
363
524
-347
1754
1187
-647
45
-1309
121
230
-415
88
-10
-2111
-754
518
-925
-769
-996
662
923
1293
403
-1227
-988
744
-876
-262
949
1082
1424
-716
1349
-459
300
-1106
151
-1051
-65
512
-654
-133
-539
-1218
32
-1392
-187
-543
625
-548
-1384
-1652
-140
-277
-185
-28
-1069
1028
336
-182
1517
-290
1490
-1670
-687
700
-797
1705
646
801
104
-644
337
610
1146
148
279
253
-32
-288
-228
-225
831
572
-203
-298
429
-523
-498
1132
322
-187
-540
-416
955
777
-315
-974
1025
-1477
-31
-699
-301
-650
1146
-743
311
-491
-474
1176
-795
-1937
-784
-145
415
692
-1305
-1621
-904
551
-734
395
223
-157
8
-867
-170
-1632
1234
1081
2191
156
-877
491
555
728
1224
1541
223
-296
-1537
751
-1033
63
3
-761
-805
-852
231
1343
468
-626
-1074
605
1749
242
-945
197
-822
217
-1379
-211
-427
-290
285
-169
734
-1087
-169
-487
372
-783
-3117
-60
-1628
518
14
775
115
-15
922
-776
-375
-1168
447
1248
120
807
-906
-143
581
1395
718
-359
-512
256
1503
1106
185
-160
1373
-1761
617
-738
421
-743
-378
573
303
606
-1219
-472
1260
2374
-338
1064
-540
-1490
-794
2116
-220
1081
830
-295
-109
-435
-274
234
-1841
742
-602
435
-1273
761
654
-321
1452
472
702
62
-1525
559
877
320
-878
1246
-517
-103
314
-1184
-313
-297
803
-144
-534
1452
-816
974
-1091
-923
-953
-1607
484
1104
-36
-182
-8
856
-1101
668
72
-136
185
-1705
232
-471
-514
962
-1039
975
-1769
1907
1777
-94
-838
1263
1922
749
936
941
-156
664
-2241
-96
-691
610
874
469
395
-1712
459
-527
-1142
-265
-1336
-478
-662
-2052
-461
265
-1177
422
596
-74
799
-534
-1633
-461
834
-52
30
-354
525
-948
1457
-735
383
485
-92
-698
-2881
128
239
1552
-848
-1025
-611
161
1881
-314
-32
1019
-418
-427
-482
766
-142
666
-675
-1032
-408
1014
-351
-772
295
-830
1247
225
1207
54
65
-971
785
-1024
272
421
-425
-876
-535
-863
-23
1335
267
-717
388
470
257
907
-888
-469
837
-1021
-259
608
-1209
-807
78
-1834
-1054
297
1017
776
-212
-149
-307
-529
416
-1376
-876
417
1096
384
-188
-1297
2091
210
752
-289
-1574
729
1361
-1497
-214
830
362
1832
1341
109
580
-695
218
619
-737
976
280
682
-1104
740
1166
-383
458
322
-807
174
-1169
386
246
-415
294
-139
-840
-517
165
-1063
-2334
1073
-189
707
-1129
-1258
861
-78
2164
-210
-310
102
125
1090
802
1215
173
-267
946
670
-83
52
70
884
252
-1306
712
1827
399
-360
-1443
-24
166
-434
438
-248
-543
1010
479
48
1245
-632
-177
182
-1399
448
-998
-499
519
347
242
129
-15
-76
-999
603
27
-718
340
-29
126
88
-2278
-1080
817
-2775
-1042
-498
1544
-407
217
-221
-90
-403
-1282
-1874
-1024
1042
-1846
292
-450
478
970
-1819
-570
566
1399
1182
1548
300
282
354
-389
-1063
868
-1818
644
1211
-777
-33
1009
-401
-1094
564
-1073
976
200
1906
38
874
1659
-175
821
607
318
-395
-1120
-743
-257
-458
-1033
1846
640
-308
598
640
-195
744
-447
201
680
-1041
547
-521
1862
-1346
-1022
-995
661
-323
-1617
664
-1162
577
-68
-150
1392
-511
-978
2635
-195
1433
333
-877
426
-386
-749
-1780
-342
298
423
97
1968
2110
-705
210
-349
597
1664
-200
-684
969
-983
1434
310
470
-303
362
456
-1096
-1782
-967
415
-1987
-1576
-510
741
139
-910
395
-574
1900
318
552
-1978
-184
-317
-406
-801
615
-221
676
490
-1011
641
-1074
41
-196
-476
59
-904
641
