20 88 36
0 1
0 13
0 15
2 1
2 3
2 7
2 9
2 15
2 17
3 2
3 11
3 17
3 19
4 0
4 12
4 19
5 1
5 3
5 17
6 1
6 3
6 5
6 6
6 9
6 12
6 15
6 18
7 14
8 7
8 8
8 10
8 11
9 4
9 5
9 8
9 10
9 13
9 15
9 16
10 4
10 6
10 7
10 15
10 18
11 4
11 6
11 13
12 2
12 4
12 5
12 12
12 14
12 16
13 4
13 7
13 15
13 16
13 17
14 3
14 5
14 14
14 15
15 1
15 11
15 12
15 15
16 6
16 8
16 15
16 16
16 17
16 19
17 2
17 4
17 7
17 10
17 18
18 0
18 1
18 2
18 4
18 7
18 8
19 0
19 3
19 17
19 18
19 19
9
44
42
64
61
73
7
28
57
62
3
68
80
83
0
24
78
87
36
82
11
5
20
12
49
16
35
34
40
18
2
47
31
59
13
72
52
21
53
86
14
27
33
50
38
19
70
66
17
58
32
84
65
51
46
15
69
76
67
79
48
55
63
39
60
4
85
71
45
54
1
26
56
37
10
43
6
8
22
29
81
74
41
25
75
23
77
30
32
-17
-23
-36
-18
17
2
48
-9
38
-57
-3
-64
-20
-2
29
46
-18
9
-14
14
-23
-15
-11
21
-72
-26
12
29
-35
-7
5
-31
-51
-18
-76
10
42
39
16
-4
31
19
-20
2
59
8
31
-11
-48
-32
-62
-11
23
-3
-12
42
-58
-19
46
-34
-51
-53
-12
-17
-10
-32
1
-44
-8
11
-21
31
-16
27
-16
-14
3
-58
10
-54
26
21
0
-9
-37
-37
32
-20
-5
42
14
-5
11
31
-35
90
11
-3
-15
-10
15
15
-13
86
16
-15
-11
-67
-16
47
39
-36
28
25
-1
-14
-10
-9
-17
69
26
6
-118
33
47
-86
7
10
42
-12
-10
28
19
17
26
-11
35
74
20
-8
-14
-56
10
-85
-17
58
62
-13
22
-18
-36
11
28
4
59
-72
-14
8
37
-4
-58
37
48
-91
27
-5
-5
38
-55
48
38
-1
-19
-62
13
-23
-37
13
-13
45
33
7
-7
32
-38
-45
-63
3
-15
-1
-19
-37
4
58
-15
18
-14
39
-32
-38
-6
-25
-28
1
-26
1
-29
-18
-28
8
43
19
22
-47
-71
-1
-29
-36
5
24
-39
33
-76
-45
-72
92
-18
4
-25
29
-19
32
-73
41
26
-33
-7
-13
-13
-2
44
47
-4
-20
0
-5
75
12
-32
10
21
-44
-8
-38
8
-29
-22
27
-8
-24
-28
49
-62
-20
-100
32
1
9
16
59
13
33
6
-27
-12
45
49
21
7
0
-31
35
-36
-27
-15
7
-50
-8
-42
-55
-16
36
36
-99
63
6
-17
-42
58
4
0
-55
0
-30
-42
-1
-2
-14
-22
2
-24
-11
-34
-47
26
2
71
39
9
9
22
1
40
28
48
-5
-24
20
-57
-1
-70
-47
26
-28
-19
22
71
-18
-29
44
-79
-1
3
-1
-50
40
-4
1
-1
-3
15
-18
41
0
-21
61
1
47
8
-17
53
47
-12
13
23
36
28
-54
-24
-17
32
12
-2
34
-4
19
11
4
12
25
34
38
-21
-20
-59
16
57
-56
60
32
39
50
28
42
-5
52
-5
46
-44
-3
16
-42
-14
-59
25
30
-25
35
18
-50
-35
-42
-34
34
8
-20
-7
-38
45
19
-35
-21
12
-26
86
-20
3
18
-26
23
76
-8
27
-33
-21
43
-60
36
5
-9
48
-20
42
18
50
8
-6
12
15
7
-28
-35
36
-13
17
-72
-9
58
-9
-30
-27
-18
41
80
-30
-27
-67
27
-9
-10
-19
13
-17
-43
15
47
-22
27
84
31
-35
29
-16
-42
47
-37
24
21
26
7
-20
-10
52
34
-6
-15
71
-9
-7
-6
-1
14
-31
-36
-31
-46
23
52
-38
3
-40
-20
32
4
-31
-7
-37
-2
-32
-1
-32
-21
-8
19
-43
-46
31
79
-22
29
-10
-37
-24
-22
49
-6
-10
9
10
25
-64
-12
8
24
-16
-6
48
37
19
-25
-59
17
-30
6
-56
45
-82
-3
37
-36
-57
7
52
18
13
11
-1
-4
8
-62
48
-11
48
-8
10
31
21
18
35
3
-15
14
-27
2
50
15
30
-60
16
-10
48
-25
44
-52
21
-33
-15
28
23
-6
12
31
-19
12
31
47
-24
19
-12
10
10
54
-52
18
-1
51
-81
51
15
44
62
28
6
-48
-3
14
-8
21
-69
66
1
-11
3
6
42
-27
18
-7
18
44
-107
-2
-16
-29
-12
-96
-9
58
53
4
-23
12
13
-43
-4
6
27
-31
24
-29
8
44
49
22
-10
-33
5
-51
-30
51
7
-44
3
-18
-41
1
-72
-16
76
-48
74
86
-55
-28
48
42
-10
-2
-42
6
-21
-8
-63
-8
16
-17
-3
-4
-16
-22
-6
30
-10
-11
-39
14
34
44
2
-26
-23
-9
-3
-7
7
28
33
-8
14
-14
18
1
71
-37
5
-5
-5
15
-9
-54
-22
-19
-9
-69
-35
-20
3
-9
67
-11
-17
30
25
-17
-47
2
69
9
20
22
-6
46
-1
-18
0
-22
-29
-2
-15
-6
-25
-9
20
51
-7
-18
60
-26
-50
6
-53
-25
-29
-18
5
7
-51
-40
23
7
90
2
7
-45
55
-30
10
5
-7
37
20
1
4
-48
-67
-46
46
9
72
21
1
-11
82
-16
6
4
25
-23
7
34
-14
84
22
23
-11
4
42
10
-41
16
4
-19
-42
35
-18
-21
-69
55
62
-27
-10
-34
-26
35
15
51
-3
64
10
-57
31
-5
14
-1
21
-6
-3
-22
-45
4
-31
-17
-44
-57
18
-4
-34
-36
-12
-1
-96
-2
-77
-52
-24
-23
15
-33
15
6
-12
22
53
50
-27
1
-7
-1
65
22
13
-23
-52
-39
-41
13
29
-5
-25
4
0
-2
-21
-9
-38
-84
43
-68
-53
9
20
-43
-64
-25
-1
-22
12
14
-78
-53
23
28
25
-57
-48
-72
47
-16
15
93
25
32
21
0
-38
10
4
29
-9
14
56
42
5
45
-42
-6
-114
21
26
-80
-23
-7
54
-13
5
-35
37
-42
58
-3
-8
16
112
46
20
-60
51
-25
-63
-16
27
9
-2
-30
-14
-38
-14
-2
21
-74
1
12
-32
6
7
29
11
30
140
50
-4
10
-37
-87
14
37
-51
13
3
-8
14
-47
-19
-5
18
28
-68
-54
-33
2
0
-25
65
-5
38
6
39
-17
1
20
107
13
3
42
-76
13
-41
14
28
14
-14
39
6
6
34
1
24
48
-45
-3
68
-46
44
-18
6
89
-1
-77
-44
-41
36
-15
-14
67
8
19
-27
36
86
40
-54
-59
28
2
-109
2
-54
40
29
-13
-47
25
-33
-23
32
-9
-32
32
-43
14
-1
1
-3
-5
17
48
18
29
42
-4
-6
18
53
-41
26
-39
-24
-56
49
44
12
-70
-3
-10
30
-2
-4
135
-13
7
-47
18
11
-24
-17
65
-50
5
-73
52
-1
4
-21
-23
-1
27
-59
-40
26
-60
-30
26
-102
-2
-2
-55
42
43
-17
-28
-11
-38
7
-18
72
-25
-35
6
30
0
48
-8
-29
-22
25
10
12
49
-13
-3
-34
-39
4
-36
-60
-7
-55
-11
-7
-6
16
-30
-1
5
-3
-6
3
14
27
5
-26
-3
-24
48
20
14
-39
-23
27
-63
63
-43
-3
13
35
-18
10
22
-31
-17
-76
-20
3
-1
5
-19
-20
81
-6
88
-31
-1
-39
16
-12
-46
20
4
-4
17
28
17
-31
16
-39
0
-26
69
-9
-4
41
51
5
77
64
52
-19
40
-6
7
-52
40
56
-24
-24
21
-19
-52
-9
47
47
0
-14
30
5
37
-45
47
-2
-28
11
79
38
-44
29
-30
-47
22
-10
16
-6
-87
6
-28
-10
14
0
-58
13
-19
6
34
-8
48
-19
8
2
10
-46
27
-9
3
-16
40
-29
58
47
18
-5
26
30
-41
-5
-16
77
17
13
38
0
13
18
-42
-9
-7
-3
0
16
11
4
9
36
53
-6
4
-9
59
-41
-11
23
-115
-44
49
20
-36
42
30
-58
12
-50
-77
3
49
0
31
-6
-33
6
38
3
-43
12
26
66
-67
1
0
4
41
8
19
31
-9
19
-37
-81
3
40
-2
6
54
22
-1
14
-48
7
-7
3
-19
1
-55
-28
63
-32
34
84
57
-55
33
-21
24
24
-49
56
-27
-20
24
20
9
105
13
-6
-19
-11
10
6
-3
-33
123
44
59
16
-1
-11
37
2
-10
-19
50
-55
52
7
-34
14
-12
13
-15
-60
-53
32
1
10
-22
20
16
23
-17
20
18
-65
-12
-43
-78
24
-24
20
4
-20
1
71
39
24
-4
-21
-60
-50
7
-19
18
-6
10
27
1
32
15
-13
-22
-9
-47
-61
3
-5
-6
1
21
-28
-74
21
-27
45
53
46
-11
-13
-44
30
-9
-3
-19
82
-4
-15
-19
-119
2
8
64
-68
35
1
-42
45
-63
-9
-60
-42
-7
38
-32
63
-143
5
48
-22
-19
-58
25
-1
-24
53
-20
31
-40
13
11
-42
-77
-24
-51
-44
73
-14
51
20
9
19
40
9
22
13
14
-6
22
7
29
40
38
-21
-1
12
33
-26
67
-32
3
-41
-44
47
44
-11
-14
-56
39
48
7
-29
7
22
26
31
8
-23
-44
20
-4
19
-3
50
22
-15
62
-63
39
59
-76
-27
0
21
24
-73
6
6
28
16
6
-45
13
-17
47
2
37
31
29
-16
-18
32
-30
-29
13
2
-52
32
11
-17
-2
39
16
-27
27
-23
-10
-4
36
21
-1
-16
29
-9
80
10
-26
55
-90
51
-53
-33
-7
23
-4
45
-12
-3
-24
-72
-44
-20
-1
23
-74
7
-10
18
-3
-22
25
32
2
-10
-8
64
-9
-4
58
26
-23
-24
-40
18
45
-2
19
-23
-45
75
-24
-3
77
43
-21
-26
79
-50
60
-29
-15
-46
37
-27
27
-47
-28
-12
16
35
2
4
39
60
6
-52
2
67
-33
-54
45
39
-39
3
-38
-16
-48
-31
50
-20
-2
-96
8
-30
37
-52
8
-43
-25
5
8
-14
-9
-14
42
10
-8
-53
-29
-36
0
-32
1
0
21
-18
7
-81
-48
22
-18
-30
-43
-38
-66
2
31
-60
-66
14
59
-32
-15
-20
21
16
-34
-55
-55
47
-8
-12
16
0
-71
-81
-46
-10
24
-51
26
-7
29
72
-38
-19
39
106
51
33
60
26
-4
44
-56
-67
52
-58
92
33
-123
13
-8
13
-28
-29
82
-79
-27
11
33
-9
-48
-15
-8
91
9
31
-76
-45
-1
-32
14
-76
21
2
-7
73
11
1
5
-17
-31
-30
-47
-54
-21
-23
-62
14
-11
-2
-57
1
22
-46
-62
17
47
-59
-7
-20
-22
-30
-37
-30
26
-4
75
36
5
-12
-14
-76
22
28
16
-15
1
-64
-4
56
-3
37
-30
13
-10
8
-31
9
-19
-16
-24
1
63
40
13
75
-21
-53
-30
8
24
25
66
-19
-27
50
1
-43
-18
18
-87
-2
-102
-30
62
1
14
36
17
-92
-85
57
-31
-17
-16
-46
-11
-48
-10
29
-29
-48
-46
49
-27
46
-30
0
56
17
3
-48
1
-56
-18
-36
0
26
-13
17
-65
14
-34
65
57
22
4
-37
12
-69
-48
-8
-30
-35
-43
26
44
31
-20
-5
71
7
-27
47
-28
-34
28
-23
-67
-15
42
2
-35
59
55
-34
-45
-64
11
34
61
-27
24
27
-8
25
45
-26
-3
2
-18
-36
5
46
2
-29
30
20
95
-28
16
6
-36
-8
86
65
-23
31
15
-9
44
-17
-8
-59
10
47
-43
18
52
-41
-1
59
-16
-56
34
59
19
13
-57
-7
-35
-23
-19
-6
-5
-39
-26
-38
-42
-9
-2
10
63
-82
-24
63
3
-4
-28
25
-43
-17
13
22
53
23
12
-54
-49
8
30
-5
26
-39
-26
26
-53
-12
-12
42
-23
-7
-34
20
-24
-50
54
69
-13
-4
-87
45
21
-46
20
-29
7
-46
-15
36
-3
-2
-7
9
-57
-17
0
14
-17
-18
4
13
-3
11
-13
0
9
-42
-85
-16
1
-6
62
38
-8
52
-6
-4
21
9
-42
27
-18
-11
-38
10
-20
17
-10
-45
-32
10
-19
-63
12
-44
-6
66
-2
20
-15
35
-16
-21
29
40
46
12
60
6
-15
31
-8
6
-60
32
64
27
33
22
43
-17
29
-12
31
0
15
26
-55
-17
18
-7
-21
-14
9
-13
9
2
1
7
-47
-59
-23
68
16
39
-35
24
40
20
3
-74
41
7
55
11
3
-18
49
-12
18
38
55
-42
-67
-10
45
-28
10
-8
54
5
21
-44
-14
-13
-89
33
61
20
-46
39
81
1
-6
24
5
58
-47
-24
25
-39
22
15
-104
34
-66
22
-12
15
-3
35
69
-47
50
-8
16
41
36
-22
-60
-14
-47
-14
-17
-9
31
-11
-6
31
23
-35
50
-11
-8
46
32
25
-52
-3
-4
30
29
31
5
-4
-3
-3
-14
-30
-61
43
30
23
35
18
-9
21
-69
-37
46
8
7
-26
26
25
-33
31
15
59
-18
17
-51
-8
-5
-35
-1
63
10
-19
48
-2
5
3
50
24
-37
30
84
70
-23
25
27
-51
-26
-2
-57
31
25
15
40
-6
60
-43
7
-8
29
-20
45
4
-57
-24
26
9
-15
-23
-6
4
-22
-17
29
-10
24
-16
-17
6
23
5
-16
52
15
-41
-6
39
38
-56
-35
75
-26
-47
-78
4
-26
-9
55
26
14
55
18
-16
-21
53
-15
5
-60
64
12
-36
-25
74
-16
-38
5
3
-2
63
-42
-29
21
4
24
-18
-9
-40
-1
-14
-1
-10
11
79
-26
4
23
-20
-10
51
-16
1
44
-42
23
-70
-53
-45
-3
-28
-31
13
49
-7
-32
18
-52
-19
9
-18
-104
-17
-2
5
-48
-66
-23
5
-2
45
-38
-5
-17
-54
-24
67
-67
-88
58
75
-27
2
-27
-46
1
-43
-28
6
-29
-37
4
-22
-16
11
-2
47
48
-86
19
38
-1
30
81
-44
75
98
-4
90
-8
21
28
-17
-27
2
24
4
-23
8
-18
-5
46
11
41
71
-44
4
56
-48
39
25
-12
-9
-20
26
-40
47
31
-22
47
-19
-36
12
-33
-16
8
-7
22
-64
-26
-18
-7
24
37
-9
-7
-10
43
4
-28
25
44
-23
-17
-18
111
0
-31
-1
33
14
26
15
24
-10
-103
11
10
26
-16
-45
-2
11
9
7
31
36
7
-22
-7
-20
97
-26
-26
26
21
14
-61
44
-11
13
11
-30
-70
2
6
-25
-15
-9
-51
-10
19
-25
33
23
11
-53
-45
-35
-52
-8
36
22
22
-16
40
-49
-25
-8
29
30
-18
-48
41
-43
78
-65
-5
12
27
19
28
8
-85
82
-19
24
-25
19
20
4
-12
-12
-52
-34
-2
25
14
16
-63
5
34
-20
16
-22
16
43
-28
-28
-88
-40
-18
-7
-8
-39
-61
70
-12
-3
-53
-28
12
40
10
56
-3
17
13
-10
-31
-2
10
-42
36
25
-6
-7
-31
35
-5
-17
-22
-18
-49
0
-9
-6
-39
-3
64
27
26
23
39
10
-76
32
21
-13
52
10
79
60
11
-7
-66
-100
10
-20
-61
-15
-5
2
39
-16
-15
-51
-36
42
-34
-44
56
14
33
5
48
-43
-13
-15
-17
-14
-55
-33
-136
10
27
-9
-30
-4
-5
-61
-1
-11
64
-25
38
22
29
-60
57
70
-59
-5
-7
-6
-12
-43
-18
5
-10
-22
-4
10
-40
-53
-13
-53
51
48
41
-23
-14
29
16
11
32
51
-30
43
37
86
-40
49
25
-5
42
-22
4
26
8
2
10
-7
17
-15
-34
36
-51
42
16
-18
-37
47
-61
-55
20
-5
-30
-60
26
35
1
14
7
5
57
5
6
-20
-49
-63
53
11
29
-28
-12
-25
5
44
-69
-39
-40
-40
-3
-12
-41
-15
-19
-26
-1
-92
-21
16
-92
-9
1
-9
-27
30
52
59
-50
-43
11
10
-8
5
-5
-52
-52
30
-17
60
-40
51
-10
-13
13
53
35
-33
-12
-13
99
-34
-7
22
-60
-35
4
-27
17
-77
-26
-39
-11
2
31
-16
-36
29
-46
29
3
-31
29
23
-12
-43
44
-17
-38
-46
14
13
-18
-6
6
-80
23
-74
56
-15
27
-9
-4
-24
-1
-6
-36
23
16
48
-61
-19
5
-3
-101
-39
-44
-73
-5
-24
-48
51
-10
-40
-5
13
-1
27
-55
-40
-16
-54
-46
27
5
-60
-75
-32
-44
9
-60
-37
-28
-93
-21
31
-41
6
-10
-34
-11
2
23
-21
-40
-36
-30
26
25
2
30
21
-13
7
-29
8
2
25
-23
-15
-1
3
41
66
18
6
-11
3
-2
-79
-51
-37
-14
-32
-17
3
-46
-35
83
3
-47
16
-22
-44
-27
4
40
-59
-3
70
3
-40
54
-39
-51
20
8
-9
45
-96
39
30
12
-16
13
32
-34
-11
-7
31
36
-52
17
-3
-22
4
10
41
-23
-34
1
14
12
-22
45
18
-9
-52
15
28
-6
8
-53
3
-70
-21
-16
-27
101
14
11
-48
-7
-22
-64
48
-33
-111
-32
-43
-27
-30
34
-2
1
-37
-17
-44
19
-14
16
-34
26
-84
45
33
0
-14
46
25
-28
-20
-13
-11
-43
7
38
7
-8
30
-1
24
22
28
69
22
31
16
-1
44
28
2
-39
7
14
45
25
5
-35
-5
-27
65
-35
-9
16
-50
3
64
-5
-24
-39
-55
120
2
29
-16
4
-7
59
39
61
-29
23
15
35
-4
9
11
-80
6
3
-53
-4
9
-51
30
-18
19
-90
-19
12
49
33
-11
12
10
21
66
14
32
41
59
24
10
-15
-63
28
35
0
77
-10
-9
57
-12
6
-35
-2
-51
7
12
-13
7
-22
-29
41
-77
6
-33
-6
34
46
21
27
-17
-43
5
-13
-81
-43
52
-50
-59
-42
20
-27
-37
12
-22
61
-43
-23
105
78
-73
-9
30
-21
4
35
-14
-21
10
-16
-5
1
32
-18
-43
-8
118
-19
-83
-8
56
-14
-48
27
42
-1
-8
-28
-19
13
53
14
31
25
-5
-63
-1
11
-53
-36
-11
-20
-68
-30
-22
-65
25
-46
49
-17
-23
-24
-35
43
-4
-66
-26
-32
58
34
20
-53
38
3
18
-34
29
21
-98
25
2
-17
44
17
-57
-19
-36
-13
-26
3
22
-15
-28
-25
-34
-59
-25
61
29
-55
-5
45
33
3
10
-31
-32
8
27
18
6
-18
-9
14
17
20
-8
-11
-45
70
70
5
-17
17
-23
-47
40
-24
-19
-18
69
39
-29
-16
-26
9
-76
24
-48
40
4
-16
-44
-29
-33
13
-21
50
25
56
-18
32
-10
26
20
34
76
-45
-11
-42
-77
9
-36
-43
-29
26
19
-70
7
54
-32
-55
-32
8
32
-4
-68
-60
9
65
3
25
-32
-28
19
-2
10
20
19
31
16
-59
20
45
-24
-75
6
-12
-7
57
-28
-49
-51
-1
31
-18
45
-27
26
-40
12
35
-19
-6
31
-83
10
52
-48
24
-58
28
-73
30
-16
-42
-10
-2
-56
19
22
62
11
22
29
-28
48
13
61
31
51
-6
-40
-51
-23
21
27
-20
22
-69
45
22
-8
23
-2
-16
-15
31
17
-42
-8
59
68
-73
-32
51
39
52
65
-15
-12
43
-6
-35
43
27
-11
-66
-21
11
52
-8
-38
-10
13
19
26
10
-10
-22
11
-1
-36
4
21
-1
8
-70
35
-10
-13
-53
49
6
0
-48
-9
44
-11
7
-15
0
44
-2
1
8
-84
58
-65
113
-5
-51
-7
59
15
27
-66
-36
21
-37
-16
4
-46
26
-8
66
24
-7
54
-13
8
-9
-37
7
26
20
-47
25
-21
45
-40
-22
-45
19
51
32
-6
-14
63
-2
4
70
-44
-5
46
6
-6
13
26
9
4
-9
6
1
-30
3
61
41
-5
-57
31
6
0
-1
-1
-22
17
-10
47
3
21
16
73
-9
13
-6
3
29
-2
-45
40
5
-16
0
-27
-45
47
18
16
-30
-14
46
23
26
-58
-76
37
-28
4
77
57
55
-20
50
-3
44
-21
68
-4
-52
-41
53
-14
-18
49
-27
11
17
37
3
24
-9
-28
-37
25
-34
-32
7
-39
65
-5
0
-43
1
-15
-29
7
-22
14
54
-17
4
-20
2
49
90
-29
-63
-57
59
-31
-26
24
-49
-21
-57
41
12
9
33
-55
-5
20
-19
-4
21
-14
-53
22
67
25
-24
31
-28
-10
-3
-62
-27
-33
-31
-3
-33
-38
-16
58
-18
41
-50
0
-44
57
10
24
58
16
-53
14
84
-1
26
5
-19
-13
-1
7
-44
39
21
-76
0
-7
-1
36
-38
-13
5
83
19
-17
-14
39
-40
-11
42
-1
9
40
17
-16
-18
-45
-2
26
-82
31
-70
-31
-2
45
11
-11
-38
-16
30
-82
29
47
-13
-1
27
-21
16
25
-26
24
1
-77
59
0
-1
-34
9
-92
12
32
105
-12
-23
-20
79
-26
76
36
10
51
53
-45
6
49
10
19
-18
-4
18
-58
-69
-41
21
34
-3
-30
-17
-39
64
-31
24
57
-30
40
6
18
-9
-81
40
12
-43
-3
8
20
20
39
8
-20
60
9
29
-23
-111
41
-38
13
87
34
81
-32
-28
32
13
8
-64
-30
12
9
34
-13
40
40
-26
83
-18
-88
-25
-40
115
-1
31
25
-10
-50
-2
52
-16
-13
-28
45
-16
17
70
-25
32
-70
-4
-5
-31
3
15
54
-1
-49
17
6
22
-25
6
-1
68
-42
-58
-8
-82
18
87
-12
-39
-45
35
52
-19
39
-64
37
-1
15
-80
-1
88
15
57
0
55
32
9
-9
53
-1
5
-4
37
24
-1
-4
74
50
-7
-56
50
-24
1
-30
2
12
32
-3
-5
-32
-18
-4
39
-56
9
65
-5
-31
-72
60
42
-40
8
52
1
-32
-7
1
0
49
23
-27
-8
-60
66
21
-34
24
-13
26
43
61
-30
5
27
-8
-66
-23
-86
0
-89
29
64
27
-52
-12
2
13
63
-63
-21
-58
-50
-12
0
66
-18
24
2
19
-16
-3
-3
-61
25
25
14
54
14
23
42
29
24
-45
78
-30
69
6
-6
-37
62
52
31
-16
3
33
-18
37
11
39
50
58
5
-11
34
-37
63
-26
-47
-35
-22
-6
19
-7
31
6
48
23
44
20
-32
-42
50
-57
-3
-15
23
13
28
4
53
-19
54
-32
2
-7
30
4
-5
14
23
-27
-3
-5
11
35
-83
48
74
55
-9
-10
-33
-23
-20
13
40
-14
-31
-4
-67
-73
21
-23
-57
25
16
-14
51
20
17
-21
-63
40
-68
-9
-19
18
35
54
-5
-1
24
-28
21
29
-10
54
-37
-48
13
-3
33
-2
-25
-27
33
38
7
43
33
-61
-24
-44
19
-43
-62
23
-57
-43
4
-14
2
15
46
-51
61
54
-37
-36
-12
-13
-17
-32
37
-37
-30
-12
-8
-21
1
1
21
-47
-47
-21
34
16
44
-5
23
-12
-2
-13
33
-22
3
12
18
-84
15
32
14
-4
-8
4
7
-39
-27
44
-22
5
-19
-28
40
-23
-8
7
-9
1
-75
39
-47
-56
21
-28
0
0
13
-10
36
4
8
-18
-39
-15
19
-32
31
-2
35
-25
19
22
9
-43
-53
2
8
8
-32
13
-1
94
45
-43
-62
18
2
-9
15
102
14
-43
-33
-28
-10
48
46
12
23
-63
31
-13
-1
0
2
44
-12
-1
0
-42
26
0
0
-7
44
-33
-63
-25
23
23
86
-5
15
37
19
48
-16
76
-14
-3
-16
-9
11
24
-22
21
-49
-6
-1
12
40
25
-5
-5
-16
-20
-54
7
-20
6
-25
22
10
-6
-4
28
57
-72
24
-77
17
-4
1
-2
42
57
50
82
32
-49
-55
20
29
-49
3
-33
-33
51
65
59
37
-68
-11
-27
-39
38
4
3
-6
53
-17
19
-18
12
39
32
4
83
-26
-71
-14
36
46
7
-35
4
-1
-13
-36
102
-50
-59
8
1
26
10
52
43
37
46
27
51
-53
-18
2
-27
35
-8
-28
-65
-10
-20
-8
22
-1
10
29
-37
42
-10
-36
-37
-35
29
6
-28
31
66
2
41
11
4
-38
22
21
-56
65
-10
0
112
75
-34
0
-42
9
-11
-31
-42
31
-6
47
-16
-32
41
45
1
84
-26
5
38
-54
-9
-50
-38
-9
-48
9
-22
-37
-2
17
-56
34
-59
36
-14
40
-31
-11
-3
-17
32
-25
-57
-44
5
-74
29
-2
7
19
-38
14
-66
42
44
26
-71
13
60
-16
27
-16
0
-67
24
-52
-62
-9
-1
-31
87
-12
-3
6
86
-12
91
80
18
-33
-6
-65
9
1
-11
38
-8
13
-1
-10
68
-7
3
-37
-43
3
-14
-21
24
-2
38
-24
-14
55
-17
-50
-60
74
68
-11
66
12
-22
-32
-45
32
-2
-49
-60
56
55
49
59
8
-41
-37
-14
-48
-31
10
35
7
-25
-29
-4
67
-18
-8
37
7
28
120
28
21
21
-20
-19
-35
-18
-38
-9
10
33
-27
-35
-3
13
39
-15
87
-62
4
23
-57
39
31
11
-36
33
5
-13
56
-11
-12
-16
21
37
-13
38
-20
32
5
15
-63
-89
-27
-17
-17
2
55
-36
4
38
30
-64
-76
-12
-21
-1
-5
36
11
-10
53
6
-7
39
-25
-49
26
-65
9
-32
-48
38
-33
-23
-20
-8
74
-4
-34
0
10
-42
-47
9
-22
-20
-7
83
28
91
61
-40
11
-63
-91
30
-13
-36
-19
-17
-7
21
-26
18
41
-46
33
13
-11
-43
6
4
-18
-14
-60
39
27
92
59
15
84
8
-10
5
-56
-26
-6
24
6
34
11
36
28
3
39
14
-31
58
-10
82
-4
24
-13
-2
-15
-7
-15
59
57
7
-14
10
2
5
-34
9
-10
-29
-17
-5
-25
19
49
-32
4
-17
-33
8
14
5
-32
-55
18
19
94
-51
13
27
5
34
3
10
18
-44
-5
-10
55
73
62
-33
-3
67
-25
11
-41
75
-27
-27
-33
-8
34
0
-23
-23
-37
37
5
42
-12
-9
23
-26
-49
9
-43
23
31
25
4
-8
-15
-46
70
54
-13
-20
33
24
-12
-52
60
17
19
6
-77
21
41
1
60
55
-7
21
-11
-35
34
76
3
-56
23
8
27
-67
14
34
69
91
-3
13
-3
-47
47
32
-43
-25
5
-29
63
65
-20
-1
20
-52
2
-39
-29
15
14
33
40
-38
-6
22
-10
-23
56
21
-53
27
-58
-34
35
-16
21
13
-35
-9
1
-29
25
10
-7
-25
-49
-45
-28
12
58
-15
8
28
-21
-18
8
4
3
-35
19
46
52
45
15
-13
41
38
-30
27
-52
28
-10
63
2
-16
44
-16
-44
9
-2
0
-33
-27
7
60
46
-8
-26
12
-28
49
75
-25
-1
46
29
-24
-15
-28
1
-75
13
17
-13
36
-52
-26
30
10
1
-42
-8
-32
46
-38
2
-23
-7
21
6
47
-20
-34
17
-46
-21
16
-11
-20
-13
-9
-20
12
44
56
-12
11
6
33
9
-18
47
54
1
32
0
73
-18
73
18
7
-47
23
-15
-84
-19
8
79
17
-39
2
-26
-42
41
24
3
1
-15
63
-45
13
-3
76
64
15
46
7
-70
-6
-3
-8
-36
69
9
32
-2
-19
-22
-20
-3
13
13
-21
47
-40
-42
-20
-25
-19
-14
24
-45
-55
39
24
-20
-94
31
-3
-34
-6
-23
14
-4
13
99
62
45
24
-26
-18
-44
3
-2
-20
-40
-4
-12
0
47
0
-67
8
89
20
3
29
27
18
18
45
-21
-32
18
22
-84
-52
-44
25
-36
-34
29
-11
-24
-31
-39
-7
-41
-25
29
20
-26
4
-35
28
37
-65
-47
-31
-6
-22
13
-2
-12
23
45
-11
22
-34
66
9
-22
-34
-5
-34
-2
55
22
-7
31
-12
11
-89
63
-60
-48
-6
-54
-39
30
-13
17
96
31
-16
-17
40
43
24
-6
-65
16
-82
-26
41
-32
-25
83
-16
-71
31
-32
-9
49
27
-65
44
-8
45
10
15
19
20
0
11
-80
12
32
49
32
-28
82
21
-16
-52
20
-5
29
10
35
62
0
-43
3
23
-59
-8
-53
65
46
31
-99
-3
24
-13
-48
2
28
36
-58
-40
-52
-2
21
-7
-16
-23
-48
-18
59
-21
-13
1
25
-14
-38
-14
28
-19
28
-27
36
-2
105
-12
-18
-4
43
19
0
-26
4
-69
51
-44
45
-46
9
4
12
-24
8
12
34
-27
-34
-38
-1
14
6
-28
64
5
50
2
5
25
32
-15
-14
-35
14
-11
13
13
-43
-44
1
-6
-15
-26
-14
-49
13
-102
26
26
16
-43
47
-9
-47
21
10
48
40
30
-22
-40
33
-5
-2
-36
54
-27
41
-78
62
1
13
20
-4
2
19
-29
22
-48
17
-27
-26
-40
-31
10
-16
-13
23
-16
-32
29
38
32
64
-14
4
-56
5
54
-11
19
6
9
47
15
67
-1
4
-30
18
-12
11
5
37
-21
-24
48
59
33
30
-6
-27
-21
-41
18
-37
19
-30
90
-13
59
29
-2
16
26
-3
18
-53
-50
-13
-25
4
24
31
-61
-20
-96
-21
25
31
30
-18
-22
-2
25
34
-41
11
-23
-37
-4
-14
9
23
-4
-1
-91
29
-49
-26
7
-1
8
-34
17
-80
-21
22
14
-8
20
-43
-15
28
3
0
-28
65
-18
114
11
11
7
40
-16
10
3
1
-22
5
-48
6
30
-27
-3
-103
10
19
0
0
49
-56
13
19
-29
7
-39
-14
89
-49
-15
26
-24
29
27
-30
-49
-39
2
34
-13
6
-17
-28
-31
26
-44
-17
12
0
63
37
63
-48
31
34
64
-48
-12
0
-24
2
-13
-9
33
-27
-6
35
-47
-42
49
70
-6
-68
-30
24
3
-52
-3
13
-20
-49
-45
-40
19
-46
20
11
-9
31
4
60
-35
14
-41
2
20
24
7
-40
16
19
65
-28
-24
7
-47
-15
-14
-24
-6
16
-58
33
60
-24
-6
-25
-18
21
-20
26
17
2
52
41
-12
-11
25
-9
-30
-16
-17
29
8
45
-4
19
-21
-29
24
-44
15
27
59
-3
15
-10
-13
5
16
-31
69
65
41
-29
-7
0
23
53
-7
39
64
60
-31
12
-45
-6
29
72
52
28
44
59
21
31
44
-16
20
62
8
-85
-2
-3
13
-41
-26
31
-24
-60
-9
-19
-79
-81
-76
-54
-29
-10
16
-86
-5
-51
-4
-18
-26
68
70
-51
20
-6
21
-13
32
-12
17
-64
-39
45
14
-67
-28
-51
-1
23
-26
-13
-35
24
28
-1
-97
36
0
10
10
31
-75
-17
37
24
-69
-75
37
17
-13
4
25
-12
30
25
38
-72
-20
-5
43
-12
-44
67
29
19
-97
-4
-58
-5
-32
-33
-13
-4
-6
-21
32
-33
-49
-18
-14
10
70
10
24
-32
2
-43
-6
48
-8
1
17
41
59
-30
-54
66
-8
78
-39
-32
-44
-13
-8
-47
27
-22
-44
25
-24
-36
-11
-24
-47
3
63
-40
-10
29
8
-25
-10
-29
47
-30
12
7
-32
0
-67
-8
-12
5
26
-20
65
19
30
-12
-16
30
-26
36
53
28
53
24
-26
-4
-21
12
38
37
-7
-40
-52
-44
40
-5
-17
8
16
30
-10
-60
-13
23
5
3
-22
-1
30
79
-11
36
4
-7
9
32
36
62
24
-89
7
-8
31
-26
-48
33
23
9
-40
7
12
32
37
-48
34
-64
9
13
-12
-13
-74
51
-2
97
38
-11
16
9
-20
51
23
-36
-15
29
25
2
-20
-29
-33
-28
-48
64
9
-15
5
25
-32
-68
-12
37
6
-17
-42
-20
-38
32
52
-48
4
-2
19
-53
27
-39
3
19
-43
-5
66
-11
73
20
-34
-10
-41
15
-7
88
-10
-71
32
-81
-14
-5
-52
0
-40
-33
-6
-3
-21
23
-45
38
-15
28
34
14
-52
12
2
4
8
47
-18
8
-22
8
23
58
60
11
-47
2
-97
-17
-24
-48
-38
41
-72
-17
-6
38
15
39
-15
84
22
29
-67
39
24
-15
5
41
-13
-30
7
-33
33
-51
30
-20
-17
41
-1
50
0
-55
26
28
68
45
14
11
6
40
22
-19
17
19
-44
12
-50
40
-33
36
-34
-42
-24
62
-19
43
-7
-70
-22
-16
6
-64
15
3
-19
3
-36
-6
-30
-46
26
32
62
-47
-95
-25
-18
-22
-29
10
-30
50
-12
37
-5
30
-32
12
23
0
38
-50
24
3
-13
23
83
-22
-49
-42
6
41
64
56
39
-32
50
-41
-14
73
53
-5
32
68
18
15
-18
-82
-44
-24
-10
-7
-39
3
0
-19
-17
51
13
-21
-31
-15
45
39
-39
33
65
27
0
23
15
-15
-4
41
-61
-1
3
13
15
-37
40
29
12
-5
-87
-15
15
8
3
21
-62
-16
33
22
14
-57
-61
-29
-24
7
-52
24
43
12
28
-16
19
-10
-41
-5
-22
-50
3
-29
-7
-68
62
7
-70
-24
-29
-59
15
-73
2
2
41
-3
10
-78
-48
-17
-37
4
73
20
-31
-7
-30
-8
-9
-35
-44
62
81
52
58
4
25
-45
-12
4
-8
78
-57
14
-40
-17
-43
20
0
21
-13
-23
-38
32
-39
38
39
-97
-41
-52
-18
14
44
-62
-22
-15
-13
-13
13
-23
-27
9
-10
36
50
50
-35
32
2
8
85
-30
49
-60
-12
-15
-2
-29
3
32
-48
31
21
52
19
50
51
-17
2
19
-5
12
-29
-5
95
48
-17
-12
40
32
-30
48
-54
-39
21
44
10
-11
9
64
-40
20
-45
25
-23
21
45
-13
34
-17
-44
29
-47
34
0
-13
27
42
18
3
0
17
-19
-18
-49
-5
72
-1
5
-15
3
30
-15
10
-21
79
-4
-26
14
3
93
-38
14
43
-39
-58
10
51
100
-35
73
8
7
34
40
9
34
26
0
-16
35
54
-61
24
-43
15
-20
27
19
-26
-23
-18
-45
-47
17
59
-15
1
-20
19
16
71
24
-32
40
14
6
-14
0
51
-78
-59
2
-17
-44
-34
-17
-2
-23
10
-34
-7
-3
38
-7
56
7
36
5
-10
-13
10
-62
21
29
-24
3
22
-74
-35
41
-10
7
-40
22
9
-4
-62
-40
58
-54
-29
-8
61
-54
28
-2
-9
-24
-19
73
-45
-13
20
-34
-4
-3
70
22
16
17
-22
-24
-4
-70
-4
87
5
-23
21
19
-45
17
29
-22
-18
25
-20
42
25
0
-36
16
-14
-20
33
-15
16
32
13
-13
-6
5
24
30
33
-79
2
96
-1
16
-25
-7
40
73
-1
10
-30
2
17
13
-47
-37
-26
6
-55
39
-24
-4
-19
-56
4
-41
-18
34
30
-3
-14
36
13
47
-36
-7
-38
-3
-47
27
26
-22
11
9
32
60
35
-52
64
-9
45
62
43
-4
6
31
35
38
25
-19
-24
-13
44
84
11
23
-26
-5
-42
-75
-19
53
21
-84
-35
30
2
-3
44
-24
-6
-13
1
18
-40
55
71
34
57
-54
-46
9
52
-51
-22
2
-6
-53
-77
-1
1
-35
60
42
-62
34
15
4
-54
73
63
-78
-10
-30
43
82
8
35
54
0
-6
7
-11
-29
-46
-7
16
-42
42
100
-25
-29
21
-10
-23
-4
-5
-20
29
-6
12
-22
-1
-16
-6
-42
-11
74
16
-53
-3
-69
-54
-17
-6
16
-8
-18
2
65
-8
80
-39
-33
-38
-11
-14
-6
9
-37
34
23
20
33
14
-42
-53
-68
40
-3
-3
-43
67
73
-23
44
-17
33
-30
45
12
5
-20
-24
-8
-12
79
-7
26
-47
-59
2
1
-11
-36
3
23
-42
-43
20
26
22
74
15
41
-18
68
-23
-42
15
-43
32
-20
27
8
18
12
-37
-78
-56
25
-44
-12
6
31
-42
-7
56
-12
-33
-33
-14
-54
52
22
4
16
32
3
-21
0
12
22
-27
3
36
17
-36
-29
-8
-3
-23
8
-26
29
-47
39
12
62
20
-2
-7
-35
-13
40
32
19
61
12
41
11
-1
15
-10
-8
7
17
53
-27
-15
-96
34
-15
12
4
-1
55
-31
-9
39
-44
3
3
15
17
56
10
-17
-50
15
-12
39
3
-52
-44
10
9
12
-21
-14
-41
107
-36
-17
71
29
12
15
-7
31
12
8
-11
39
-25
30
12
-8
-16
-41
-7
27
-5
-20
-32
59
18
-24
3
48
-12
-20
-21
-8
-1
6
-54
-12
9
-2
-36
15
2
-41
-5
-24
20
20
-6
-45
4
57
-45
-31
6
-24
-45
-39
-13
20
-18
51
-61
-5
-4
-27
-56
85
-27
-3
-36
27
0
-6
-26
-22
-6
-46
51
-2
-79
-24
-63
-25
21
-2
14
-32
-45
-56
22
31
13
-4
32
-25
2
-11
-25
20
18
-26
10
60
12
0
-12
-14
77
73
29
9
-39
3
12
47
10
-33
11
23
4
-32
-1
-34
23
-4
-1
0
-18
36
68
-30
11
17
-21
-11
-108
20
13
-14
11
-18
-24
36
38
-41
-12
10
36
-25
31
-49
52
-24
25
39
4
-67
5
44
25
54
-31
35
-18
24
-29
-5
-49
11
-60
-9
-81
-36
-13
-63
-18
-15
6
29
19
-14
11
-6
3
11
-24
-15
32
40
3
29
-1
23
-52
12
16
7
12
22
7
-91
-36
-34
18
18
-30
39
36
24
-81
-19
9
-4
-4
-40
20
81
-4
14
-67
67
2
46
55
49
18
35
-42
8
16
12
-11
-32
0
-8
44
-17
31
19
14
-11
-56
-50
2
4
-45
-1
19
-25
-8
-23
-49
-42
-41
2
54
-61
-2
36
-20
18
-53
-16
-46
-10
-33
15
-6
100
6
59
-91
1
13
30
-50
8
53
30
57
3
-36
39
12
-29
26
1
3
20
7
27
2
-42
36
-61
15
13
-12
-13
22
11
50
-26
-16
5
-19
-2
-49
8
-12
-16
67
-25
49
41
-38
2
-9
72
-43
-51
24
-2
-62
31
27
-7
-4
41
-12
0
-44
-24
8
-36
13
-56
39
57
-36
10
-92
32
-37
-35
-11
101
66
35
-10
-25
-27
-59
-13
-18
-16
49
21
-14
43
-16
33
19
79
-21
0
-43
-2
-18
15
34
62
-58
-66
22
32
33
-48
-11
38
64
9
26
7
-54
-21
-43
10
32
-67
2
16
4
43
-38
-17
44
3
-20
-44
-2
42
41
48
21
42
19
13
30
33
-36
-45
-24
53
19
84
5
14
8
7
-29
-13
36
24
-50
-21
-51
-1
19
14
-22
41
-13
41
-31
-3
-34
-75
13
99
12
-35
-76
20
70
-18
53
96
17
-5
6
-7
-2
47
42
-16
-6
65
-12
-18
-47
2
-74
-41
-57
-14
-9
-52
42
70
42
-4
19
-49
-46
77
-49
31
62
26
2
-20
10
43
14
-38
52
22
37
-3
7
9
-50
9
28
34
11
39
-48
25
-20
-38
5
-77
-39
4
-27
17
4
69
-13
7
-16
-46
-14
46
-17
-22
-18
-18
11
-12
-6
44
-38
-5
15
-71
-33
15
33
-14
-20
-65
-31
21
43
-49
-29
39
-117
-12
44
-34
-15
-7
23
78
4
72
-14
4
28
39
13
-10
-26
83
56
8
-8
0
13
18
-24
-78
-34
40
-24
14
32
-14
-20
-21
-14
-7
-15
62
29
29
49
-30
2
24
-54
80
14
31
70
-46
9
-24
-14
-21
-48
67
1
31
15
28
16
39
-74
49
-104
33
-56
32
32
2
2
14
-12
10
12
0
-66
-12
35
71
22
-25
-10
20
38
24
-11
8
0
0
14
3
28
-32
-15
-12
-12
-52
-80
18
-16
44
80
-39
22
-27
-8
-17
17
43
-19
14
9
-7
-18
28
30
42
18
53
93
-64
23
4
47
87
24
44
11
-36
3
-44
-16
-29
-20
0
35
-45
14
11
-73
-38
-21
67
41
-32
-18
61
-27
-2
-24
4
-21
6
-55
-58
8
-40
25
60
78
31
-16
5
23
21
58
85
40
-3
-34
46
77
-65
5
15
15
-35
-68
60
7
7
26
24
4
-6
7
20
-4
-14
-53
5
24
-16
29
-49
28
-5
18
3
45
-43
-12
-40
-21
25
21
-49
-13
-98
-39
38
14
21
-13
-15
9
-119
-40
0
18
10
-89
-17
-26
16
5
39
70
-10
-6
1
5
-71
-32
-14
30
-63
14
-55
-55
12
5
7
24
1
14
5
9
9
44
-17
-84
32
-2
-15
-16
5
33
27
-28
-26
-41
-44
34
36
-48
-1
-7
1
-18
-16
22
18
-16
-26
3
23
20
-39
26
-37
-43
-56
20
15
54
46
-42
15
-55
39
55
47
-13
0
19
31
-9
27
-9
-13
24
-42
4
9
25
26
31
-37
46
19
43
-26
6
-30
33
1
23
17
13
29
-9
-6
27
73
18
-21
-28
13
-14
12
22
-15
3
19
-36
-15
41
-63
-32
-21
-13
16
-17
10
69
-40
15
-8
-2
-46
-47
-36
-13
48
-65
-22
-15
77
30
-23
-17
60
-24
-55
-15
-14
-6
-98
34
-45
-2
-13
44
7
38
31
-6
37
-1
34
-19
-64
17
53
3
12
-21
36
-15
15
39
21
20
22
13
-5
-3
-10
-17
-54
-32
10
16
16
-15
34
-9
-53
36
-7
26
19
-56
45
72
-8
15
-36
12
-13
-38
46
6
-1
67
63
-20
17
46
-62
8
9
34
-5
-27
-34
-14
20
67
55
-47
12
-26
-26
10
27
33
27
39
-44
45
4
0
-23
-9
8
-54
-43
1
-29
-55
9
-43
31
37
30
-4
-44
-18
-1
33
70
18
45
-3
-17
33
-4
4
-4
-23
-18
24
39
12
-11
2
-18
-68
100
-24
1
-54
-37
-10
-43
75
7
-22
-12
-15
-11
2
24
-56
24
53
-113
58
12
37
-29
12
45
-19
-1
-10
-29
40
16
-2
82
-26
38
17
-59
10
0
-27
41
13
23
-17
6
-30
-26
6
-30
26
-18
5
-38
51
19
22
-35
-87
57
12
2
37
22
-10
30
6
-28
18
16
-19
-8
25
-8
-9
-11
0
-11
-13
11
18
-21
-12
-3
2
5
22
-4
-12
38
-2
-75
-8
-28
50
36
35
22
-2
45
-18
23
-10
52
41
-24
59
5
-83
6
2
28
20
-21
89
24
7
32
9
14
9
29
-56
17
10
-18
23
58
-29
35
-30
-17
0
7
-75
28
-84
26
7
-16
18
20
16
-39
-50
-15
13
0
19
-1
62
-64
-54
18
13
50
-47
-3
-54
43
17
-37
51
-56
0
-72
-30
-22
0
-53
7
-36
55
16
48
-21
13
-33
-53
-21
1
64
32
9
85
-14
-24
1
-21
39
47
-6
-5
-13
8
22
-17
44
-53
-14
38
0
43
6
55
0
-39
-6
-21
-3
30
23
3
4
40
-34
23
-63
-12
0
-76
53
-18
10
-48
9
9
-15
-37
22
29
56
-7
-39
-22
-58
-76
-59
64
-44
-21
24
42
-2
-59
16
12
7
36
-1
19
-22
29
15
35
-34
44
55
-31
24
-26
25
-16
50
-31
-38
26
-10
17
-77
9
-65
-66
-30
-14
-36
-4
-5
4
18
14
56
36
-6
2
-5
-5
-94
43
32
-19
-39
-35
55
6
-44
32
24
29
17
-31
-6
71
36
17
-32
-13
-12
3
76
-31
53
-12
-8
4
54
-2
-52
87
-71
8
-58
2
83
-2
-28
-31
-17
-22
22
-4
63
-37
69
-7
46
0
-8
-9
57
-60
-11
-4
25
15
-52
-3
2
5
-41
32
-18
3
-43
29
-25
-12
-13
0
11
-14
-34
2
57
-19
-32
-15
-27
28
3
-39
-31
27
-15
-17
-57
-9
3
-15
-3
0
14
8
6
-24
53
-33
21
30
18
7
-21
-6
7
-27
-13
-7
-42
-18
28
0
7
17
21
2
18
-35
42
31
-32
-2
-1
-9
8
-16
-35
-1
-39
-1
-10
-4
-11
-10
42
-13
39
3
34
69
-31
-13
71
-21
62
-30
39
-1
65
-17
-30
16
3
-11
3
-11
22
40
-10
10
11
-78
29
-42
-9
2
1
24
19
-20
66
-34
-11
-2
-4
-40
-31
-50
-14
36
-39
-5
71
-49
-21
42
29
53
-55
-34
-3
-24
-13
48
67
-20
64
8
41
25
51
-37
52
39
-20
10
12
-32
-73
-27
-11
-36
43
10
41
-10
-19
22
1
-31
44
48
9
-18
51
41
-21
-56
6
43
14
28
-15
5
66
-26
4
-19
-59
-15
-27
-2
-14
38
5
25
-36
-41
40
15
-54
6
72
29
-8
10
-7
53
-44
28
0
58
42
5
15
14
-31
-20
-4
-4
-1
13
-76
-37
-32
5
-39
31
28
32
-24
3
-14
-11
61
-82
-10
51
-33
50
40
-46
-62
14
-9
-36
-12
1
35
18
-13
33
41
-97
-80
-8
39
-66
-39
-43
-45
49
4
-25
-56
37
-55
35
24
13
19
44
-11
-44
53
86
36
32
78
-31
-30
12
33
-39
44
-18
18
8
-5
25
33
17
-65
-76
-22
-50
-58
13
15
-49
-4
-12
22
21
69
-64
21
-13
-16
52
-11
-47
18
15
39
-6
-9
48
-66
-20
11
-35
33
-23
43
27
-13
-45
-32
-22
14
11
-45
-8
-20
-21
1
34
-15
-6
-22
-79
-64
18
-15
-36
11
-47
-50
-12
-31
13
-9
-20
-107
27
73
-33
82
0
-6
-12
2
37
-31
-17
23
-47
25
-7
19
2
-18
13
15
-41
-7
22
51
17
8
-26
-6
6
-22
-4
92
12
-20
-56
-40
9
41
-36
23
-22
-9
-15
30
-20
27
-31
38
6
-45
33
8
31
-5
-4
10
-18
-48
31
-42
-32
-34
8
17
-3
-8
-12
81
23
-51
24
3
26
-34
30
49
17
0
-4
45
8
-27
43
-60
-51
31
42
23
37
47
28
47
-37
86
27
5
-29
62
22
24
-38
-7
-65
-2
-13
89
-13
-29
-29
-27
7
-3
-58
5
-22
49
63
-22
23
31
47
-33
-32
12
-35
67
-52
38
4
26
8
64
-52
27
44
-9
-14
2
6
-37
20
-16
0
-7
52
-94
28
24
-97
44
-8
52
36
29
23
-9
-64
-6
-31
-10
-36
17
-3
-20
-32
-42
59
60
32
-40
-7
2
-49
70
-25
-41
-27
2
-6
-32
-27
-47
8
22
-97
56
-15
-7
-105
-21
-74
-32
22
-52
-38
11
5
-10
52
-2
16
-8
-22
3
-5
-41
-13
-20
32
39
4
-5
1
3
15
9
8
37
23
-33
13
-20
38
-80
22
75
-11
-35
40
-5
61
-58
-49
-4
45
-2
-30
31
-55
20
-24
-7
59
-35
-60
-11
-21
18
6
15
-54
-10
-37
16
-24
-10
57
-21
-41
5
50
-4
-62
-15
32
-27
-100
16
27
73
-22
-1
25
24
43
-39
-24
16
54
-42
-28
-38
56
-9
2
3
-18
35
13
-8
3
-8
17
14
6
-19
-65
8
49
-13
13
24
35
33
-12
-9
23
-35
-6
24
44
48
-3
11
40
-38
43
-33
67
-7
-10
13
-31
-1
-29
9
-54
11
12
10
-25
-50
29
19
13
-51
-23
68
67
-27
64
45
43
39
42
-7
-27
-43
5
5
15
-46
-19
-43
42
-5
-28
-38
58
-4
-35
-15
-14
20
-34
31
12
80
45
-1
9
-44
-15
27
12
-41
-7
1
15
-24
-5
-28
22
32
24
-29
2
90
-11
30
29
-5
46
-20
-21
-66
-20
-37
48
-12
-19
2
-28
-28
-2
-24
8
-35
16
-20
-35
-29
68
37
18
19
-47
-12
-17
-29
-57
40
-34
20
-8
-29
-27
-4
-88
-63
-6
3
-3
20
-17
23
22
-6
2
-37
-50
-49
-5
104
-12
-28
5
-32
-47
-1
76
-32
-26
-18
-27
-69
48
30
72
-25
-3
-28
18
22
-6
29
-9
7
20
-30
7
-26
5
-65
5
5
-15
28
14
14
-26
19
38
60
-19
-42
-21
85
52
-10
-2
-7
66
-33
32
-42
54
-1
19
34
-31
-9
48
-24
-32
55
-37
-28
-1
-7
-21
-16
33
-9
-21
12
37
-20
-4
16
-58
-19
-73
42
19
-43
-1
-73
-5
99
73
-13
31
-36
-35
85
-39
-8
-4
-77
37
-22
15
-3
-8
-27
-44
-29
-51
-34
36
40
14
0
36
-61
-25
-42
77
-5
-46
-44
-66
20
40
-66
-5
-7
-43
-27
28
65
39
8
-88
-28
9
36
-35
44
49
-68
-27
28
18
-70
12
26
59
2
-29
-11
-31
21
25
14
44
105
70
12
-4
11
30
-24
18
34
-19
-14
-8
-1
31
9
16
-11
5
-13
-39
-1
33
-46
9
-25
49
53
8
-20
-54
16
-29
-60
81
17
-8
50
77
-1
-2
-25
-40
-81
38
-19
-11
-31
-1
0
-14
25
14
-2
52
-86
-3
43
19
14
16
-65
10
40
7
2
56
-2
50
-25
-5
30
35
-13
7
2
3
32
-24
40
2
-24
52
-32
-55
2
-11
28
25
24
15
81
33
26
47
51
-4
-29
21
23
-8
47
-21
-11
-49
-12
69
-22
14
21
-25
-23
45
-57
-2
1
-14
4
-60
-9
0
7
1
19
-11
-12
2
3
-39
36
27
14
-51
-8
25
-22
-22
3
21
-45
-38
-29
71
-11
25
-40
46
34
-13
51
-49
7
-74
-14
10
-89
4
-2
7
18
26
-121
13
-37
-14
5
67
-1
-26
-9
-62
-26
25
19
7
-5
42
-124
45
45
-16
18
-42
-11
19
28
-3
-3
22
8
27
-2
-31
12
-65
4
77
10
12
-64
-7
34
3
55
43
-14
26
6
-46
-10
69
-25
23
27
76
-31
49
1
-47
7
-25
13
-30
9
-64
-98
-37
15
-84
15
34
13
54
74
-70
6
10
-34
-61
-18
22
-9
-48
-31
91
0
-5
-14
1
-19
0
-15
-14
-41
13
65
7
-16
-42
-48
-23
-65
31
-54
22
20
-80
-20
69
-2
13
34
-43
-62
82
38
8
7
-18
-33
-13
-3
-43
-19
47
-12
20
44
9
59
-57
31
11
14
-19
-29
-23
-4
61
-1
-29
38
1
-28
-18
-23
27
-12
-18
-6
-28
-36
-14
-21
-59
59
-12
42
-23
-17
50
23
-14
17
25
-86
-70
38
11
8
-33
51
-25
4
-40
-42
-4
-51
42
-78
73
-22
-12
-61
-37
19
17
-12
55
16
39
-44
22
-13
2
19
38
6
13
3
40
61
-33
0
39
20
-18
-35
15
-34
2
-1
-6
3
-57
-34
-44
31
38
-43
20
14
86
-5
-12
-8
-16
46
84
-25
54
42
-11
41
-38
-33
-25
8
-16
-27
-96
-23
47
1
23
-29
9
27
-8
56
-26
-22
-50
66
-57
42
-20
35
53
45
14
23
-39
2
-13
5
1
17
1
42
11
-50
67
28
37
34
-1
-50
-21
-18
3
10
-35
-16
20
36
-5
-32
-47
21
9
-24
-4
-16
2
13
-40
75
57
-18
-25
32
-31
-55
-22
8
1
5
-20
-39
19
-27
-32
20
1
26
-33
-49
53
10
-101
43
-31
12
7
14
5
-16
3
34
-24
18
52
-36
-8
-47
-40
24
-46
1
-41
14
14
56
22
-35
36
7
1
-11
-61
-44
29
-14
-6
53
-4
-44
36
11
-58
24
-14
-10
-36
68
73
-31
19
-42
43
-7
-32
-29
-45
-4
-58
-78
11
25
21
58
-23
16
-23
52
38
-12
23
74
-9
-11
33
6
-43
29
10
41
35
-8
-3
-20
-51
68
27
-6
11
-26
-5
-12
-33
-31
19
-9
-51
-27
51
-11
-52
25
-4
36
27
46
-22
-38
-1
-16
10
-57
0
-22
18
-2
14
-9
-3
24
-32
-29
-37
-20
8
43
-8
7
56
-29
3
-31
10
-27
-38
-1
-92
-32
22
19
-5
45
58
31
-40
108
30
20
50
-31
13
-45
41
48
-60
-22
-64
25
10
-36
-9
-64
-22
-15
3
-7
-4
-17
-31
-12
-1
123
27
-4
-34
-17
-46
-37
72
11
-15
-43
-2
16
-28
30
-29
37
37
-65
-18
-45
23
-3
61
20
-11
42
-12
-70
58
-9
-57
-45
-14
-49
-41
-11
-15
-29
-23
-44
-44
118
22
16
31
29
56
-26
89
-10
-64
-15
55
113
-46
-34
-20
39
-11
-63
-70
-66
33
-4
21
20
-24
48
-22
18
-6
9
-7
19
13
33
-42
53
21
-13
-3
100
2
-22
57
38
-18
-30
2
32
26
28
-46
31
21
0
19
-12
45
-51
17
31
29
11
-50
-21
-69
51
1
16
92
58
-66
-18
64
-73
24
-12
21
-1
-21
12
-9
58
-7
6
8
-34
8
3
-41
9
-31
11
17
-42
115
-8
-55
3
-88
-39
-40
3
41
53
17
5
-17
13
-63
53
-4
-12
-33
-23
-24
30
25
41
-52
42
-56
37
48
49
-52
58
6
-28
31
-22
-22
52
25
54
-27
1
-7
-27
16
18
6
-27
32
-18
4
9
-3
30
-58
-23
10
48
-26
25
-29
-48
-62
2
-40
-3
54
36
-31
84
-37
55
-38
-21
42
13
-12
-26
-8
-21
16
2
7
35
-4
79
14
71
1
44
-15
60
-44
-12
-18
-13
35
-56
-35
-27
-32
-14
-11
-8
79
-43
57
40
-22
-9
-2
-3
-60
-14
20
23
44
-14
-25
-13
25
-27
12
-30
46
21
27
-32
20
42
-41
-6
-13
48
21
-72
-11
-21
2
-18
-72
-43
-51
20
-26
-92
5
18
42
27
64
20
63
51
18
-1
36
40
-19
26
-7
5
-35
-33
43
19
48
20
-48
30
1
-84
9
-17
-41
10
-2
38
4
10
-17
-3
7
-37
17
