28 63 625
0 20
1 3
1 7
1 18
1 22
2 8
2 16
2 22
3 24
3 26
4 7
6 6
6 25
6 27
7 8
7 16
7 21
8 14
8 17
9 21
11 5
11 11
11 19
12 5
12 11
12 20
13 22
14 16
15 15
15 17
15 22
16 10
16 22
16 26
17 1
17 25
18 2
18 22
19 9
19 12
19 14
19 21
19 25
20 2
20 15
21 2
21 6
21 7
21 23
21 25
23 12
23 16
23 18
23 20
24 16
25 3
25 5
25 7
25 11
26 5
26 15
27 2
27 3
42
62
34
8
1
24
6
46
7
33
16
51
52
3
32
25
18
30
35
21
56
36
53
13
60
58
38
39
61
12
20
49
4
41
0
48
11
57
14
17
26
45
37
43
54
55
40
10
59
28
29
44
19
47
27
31
23
5
22
2
15
9
50
787
692
-31
617
32
290
382
127
15
184
-589
-639
116
1014
-596
-656
644
-514
470
590
726
151
-187
255
-139
-64
-697
189
144
123
-1546
-1166
316
120
894
-102
-291
-159
432
-348
1348
-286
582
669
487
98
188
-791
1072
-529
626
393
371
58
-624
-827
1440
-1042
990
-1527
-582
-472
503
19
-31
11
161
283
263
1065
-655
-406
562
142
220
-501
645
49
343
-962
316
405
823
548
-515
385
-284
-879
280
-67
-359
-218
-913
-429
86
-899
-664
-82
417
708
231
-408
290
-1096
345
1094
145
863
-203
-312
-1368
83
552
-826
466
-1024
353
-57
-1521
-296
-290
670
377
755
779
-790
18
658
839
1566
447
256
226
1009
152
1187
486
-589
665
-364
-247
1217
336
409
-814
618
-6
599
954
-1103
-946
-575
-430
-125
248
565
1296
-566
73
263
263
304
-272
-177
-911
-175
80
-106
365
-41
-329
-570
454
-560
-102
-65
-393
54
-1816
554
437
-681
-568
-684
-496
-796
-554
-870
-885
958
-77
-529
-353
23
292
-983
-112
-405
632
-513
-13
-1303
525
-570
-445
-420
-354
-1162
-142
-217
-406
-1252
306
1283
-852
12
785
-677
-726
-363
-190
-624
-185
86
413
-34
-202
-504
-49
-1335
222
-71
372
-573
-412
126
-1017
-465
679
-309
-179
-564
832
-223
20
-846
553
103
563
-456
-1039
697
-91
142
-745
-62
-516
-25
4
-376
-297
-106
-31
-217
469
652
-440
-323
156
107
959
-292
-452
-759
-988
894
62
639
-651
1818
84
1407
82
-679
178
-301
-721
-201
-1865
956
485
637
-757
-355
-1044
494
108
505
221
1123
-354
-114
892
-602
416
439
154
-1389
-690
546
573
-946
-194
-253
408
229
1228
-420
-294
692
276
275
-1039
-480
-418
240
280
-881
-441
-497
750
-773
662
-819
731
-648
996
423
748
206
356
1443
82
-257
122
625
-198
-511
-240
-429
-968
444
-186
724
-104
25
815
-303
926
671
283
-302
-357
463
858
-403
-311
-71
122
32
308
430
-351
1020
-609
186
-775
-77
273
-507
-223
-165
1108
1501
916
-940
317
39
1143
350
1441
188
491
-650
-278
766
-133
771
-650
1026
-854
95
387
598
-345
1078
235
-274
666
760
1409
400
-361
250
-211
-298
-666
409
266
-652
-109
-288
328
45
1083
504
-687
177
-1044
-477
134
-351
-156
667
-26
-425
-370
1152
-112
467
531
-962
-815
563
658
444
-458
375
56
-14
256
230
-185
410
-245
-51
-14
-432
-95
-1600
133
-1441
18
-518
379
-526
-336
892
-711
8
-147
-627
-688
991
-366
336
212
-310
243
605
495
111
-749
72
384
147
-1171
114
125
-157
79
-1102
290
899
-694
-283
-1191
572
109
88
-920
122
-144
426
-368
31
312
-615
-308
-452
1372
-142
-577
114
-650
-519
-542
66
-385
-783
124
812
296
263
-667
1308
216
314
-790
12
1643
-406
749
-366
-350
832
-107
-679
-358
210
-1395
-1250
425
-238
-1014
-533
-495
136
-301
25
454
-894
-745
-497
-79
603
458
575
-140
62
742
1310
-515
189
-1054
1071
-458
-3
-317
-334
-424
-1250
-81
167
-637
-340
1055
837
-303
813
728
-658
-226
-783
132
1044
46
595
-781
-34
328
288
-1017
732
-1066
-167
1141
-60
-642
-629
588
556
-128
148
-49
-33
-178
-54
-556
-546
-963
147
315
-282
-332
-1172
483
-336
399
900
1591
58
-871
-24
879
-819
793
-226
490
-338
-724
-380
56
825
1028
1332
481
192
-1014
833
-498
73
-1089
-216
-344
680
75
356
383
294
-362
-53
120
-1387
594
413
64
1660
2
182
-253
-145
-445
408
235
-1394
-889
-10
279
360
-67
2
398
-178
-1472
-1066
609
-38
-832
576
-310
226
139
196
-650
-80
-491
-1115
-568
-437
652
1067
1265
-137
333
-280
-489
-467
2
-453
-988
-209
368
-522
462
-379
1
-217
-196
-428
129
1059
57
492
-96
-377
-752
-265
318
-265
700
598
-724
-420
241
288
-876
-200
153
-772
1085
266
-61
737
-657
-371
-119
-107
267
817
-1042
-76
-136
401
1139
962
208
388
409
-482
410
1245
-67
-665
-484
820
-173
1236
827
121
117
-232
-491
521
-760
45
639
-604
-53
582
1136
471
-995
683
-157
309
-533
491
-868
564
202
289
-333
-1163
174
131
426
-319
-153
14
399
287
1043
-486
88
88
142
1119
662
-79
-905
706
-552
-691
449
429
346
398
441
1151
-857
662
896
323
423
100
-1833
1099
316
-812
75
389
-1389
1028
687
-285
-519
-774
-833
1427
-327
789
-558
-46
145
495
516
-390
7
-614
532
-976
-215
1330
-640
-359
146
-599
-74
131
446
-396
643
752
-105
-192
-662
460
-131
-487
1333
-433
-1234
-72
14
-125
617
-40
-768
488
-167
113
511
-249
125
384
-1488
1370
-1432
19
82
-499
-1133
-1508
-98
-481
-254
139
532
337
-188
386
573
943
-717
182
542
-758
1421
504
-1024
-846
267
482
-382
-155
-194
302
-357
50
168
-338
1183
783
21
-296
-359
153
-68
-9
-259
-256
725
-441
93
581
-44
347
493
-781
-389
681
770
-363
-441
-401
182
31
-412
-231
-153
-813
209
-232
600
-1187
723
-115
-1171
-674
-368
-819
-31
445
-356
135
-209
-1251
341
-1086
-138
-567
-471
-852
227
305
-1282
-129
-897
130
977
-384
295
734
-1414
79
-484
305
-274
-219
443
-301
109
-196
550
1017
-484
136
-616
1050
1266
-149
-231
255
-988
-171
-1157
559
-214
-411
186
-738
-45
702
277
132
148
-356
-139
-619
-453
382
-575
442
173
-607
-832
-580
279
-1162
-254
11
-637
287
159
-229
39
947
453
-527
-512
-618
592
516
-609
249
-379
670
1075
537
-694
679
76
679
-585
-621
723
134
-1220
-735
284
-1257
-1729
1417
75
821
531
837
484
983
300
-745
115
-334
247
-289
765
729
65
-53
1351
588
184
212
632
1377
178
939
25
-50
438
-720
-956
100
20
559
-865
362
-1864
-1072
-442
-697
34
-826
29
-491
-1011
-131
-38
-10
-580
-376
798
491
262
415
-251
-1063
-780
-817
646
-1381
545
576
397
-411
359
266
-570
411
-998
259
-482
-244
-281
-669
-143
-292
-564
-327
-43
923
723
-1522
-242
-275
-253
192
171
-105
-43
-967
303
-782
-119
77
249
-120
836
-638
-855
100
-199
22
422
-1373
-589
1029
-553
-145
-24
570
263
211
187
-102
651
494
-63
-290
243
-323
319
544
655
-4
155
987
-448
403
55
-113
26
1038
31
-153
-451
-677
102
269
-37
-980
-527
-508
455
-133
-1117
-331
-851
669
730
-204
848
1175
127
262
199
208
-349
-361
316
278
48
170
371
545
374
-106
-118
-679
1046
-1084
-86
-197
326
-344
-628
528
157
192
980
-669
-144
837
954
109
-561
154
-1011
422
-700
989
1260
-148
377
495
-186
-748
103
-708
-586
-757
-333
412
1314
-1038
470
256
-473
150
-756
287
-264
690
383
945
383
-92
703
-426
-45
785
-316
605
-255
151
267
-936
-1034
-1442
-35
-649
-94
-386
-125
376
-226
1786
-216
287
142
-903
1259
349
-110
84
548
-1325
551
424
771
1161
71
-62
-55
-300
-1562
301
-246
1337
692
-1135
554
354
621
715
-98
729
208
391
-489
583
17
1058
7
-651
99
137
413
417
35
107
-987
-237
70
-113
239
1014
-1304
-108
-406
-140
22
-415
130
-1086
-16
911
867
-797
20
67
2
-144
-562
-327
-752
486
480
-116
721
66
795
-665
-280
70
-1997
-180
-784
1368
970
241
-129
-222
-983
-190
657
453
1064
-1340
-188
-925
756
-309
-117
-413
734
-309
413
316
329
689
184
663
107
-340
-766
-221
-1142
684
-432
-261
164
196
-65
718
-178
-424
87
-314
-40
427
-240
29
-104
190
489
662
694
438
-228
-165
-1305
-768
-215
-50
-1000
-581
-164
1027
-735
-568
1654
-717
-41
452
-747
-518
-452
104
-609
-1031
-183
112
-117
124
214
-23
2
-510
1025
-132
60
473
744
-432
770
-692
-770
339
-655
-509
-26
229
-1400
-666
151
382
34
-136
133
139
808
751
-670
1004
597
-831
-208
679
19
-613
-721
168
482
-127
-50
-546
954
331
-59
-219
205
-56
-366
-81
329
-540
-325
-233
-555
360
427
1640
-372
-391
-588
133
-49
3
1078
-807
767
1068
-90
733
-641
190
1137
246
60
213
297
-227
-805
727
1157
-310
46
-312
-286
610
-542
546
-934
-496
-477
1020
476
-236
135
-169
-1
52
754
-188
-569
953
-204
-242
629
-497
-326
1270
156
312
481
476
1312
-649
561
-33
-342
409
-91
-127
-527
-1061
842
-416
-303
130
-138
-1173
519
-23
1428
375
640
535
-50
103
440
-401
-377
-35
-580
-295
1216
1503
-376
55
622
-179
-1024
-403
-936
-650
502
-538
-549
-177
413
-1179
-18
612
437
723
-3
337
-604
1737
-444
649
172
-942
-4
247
-456
-504
-493
-142
573
-997
211
-245
-180
76
463
-465
75
-914
926
188
826
128
-224
-460
1474
37
-269
-559
18
-202
-262
-178
6
836
29
218
273
571
-517
-62
1117
-286
-161
725
716
784
454
-629
-540
146
-26
346
-141
-824
-1579
-432
1167
207
298
-1108
732
-856
-463
-296
151
-1486
163
441
-243
-413
-305
1441
-761
1706
-789
-250
456
255
523
-622
-42
1318
-292
659
1246
539
10
1000
373
-70
-454
-402
336
1318
-880
267
-323
-417
98
898
-1013
-1154
-431
554
-1039
-188
-570
308
-67
-177
291
-561
-178
-1345
755
-579
368
-604
127
102
986
589
1165
-150
-3
-1381
-660
-245
414
727
-1503
1308
1008
1069
869
658
-453
-645
501
931
866
-630
-668
-295
-40
152
-243
-580
-833
572
-632
-417
367
929
619
222
-635
508
449
-509
287
-194
223
192
625
-172
-899
157
-135
-96
1292
-290
248
-178
151
-982
31
-181
1270
-343
697
-210
-567
758
-570
1363
1204
313
-34
358
-105
250
-10
-302
585
-945
477
-630
-244
226
134
-529
-269
422
-532
1000
-220
-543
1068
-153
563
417
-272
572
-269
-1674
1038
228
57
-32
309
-1652
568
-260
-211
412
1241
-378
611
1340
-871
43
-710
-226
-718
190
-170
862
381
-109
-327
-565
197
180
531
-778
293
79
-933
-187
641
522
-1384
523
-678
1052
-942
13
380
1373
-1164
-443
-324
50
-118
581
-55
-230
566
196
-244
-207
-442
1121
481
2148
711
-242
-227
-949
356
-430
-1035
240
422
1038
1063
301
-95
298
-486
496
-54
-474
-8
574
1256
-131
644
93
761
-1049
156
999
-366
682
-281
-1491
503
209
298
-401
-640
1026
929
-416
-32
874
234
658
-115
935
440
-1488
385
642
412
-369
1053
842
306
877
-247
-556
583
-335
115
-575
214
10
952
-306
176
1258
-134
378
138
-498
285
773
-269
729
-1224
-650
-650
-615
-116
-538
-932
500
533
486
-64
153
-17
1045
-223
-542
-749
-106
-119
56
325
-145
518
89
-206
533
-797
466
256
131
243
-1333
-589
-78
-36
-1584
745
379
-283
345
63
358
673
1591
645
1132
632
-654
-979
-620
-127
421
787
-9
-526
27
26
51
-987
-918
-1005
64
649
417
-10
755
681
-370
-1227
1429
561
726
-69
265
307
-100
400
423
88
-518
681
407
-422
-938
-805
614
923
-1205
354
-368
842
81
1420
-334
-436
792
12
136
-75
930
-605
479
334
-65
-392
960
-577
220
-231
1260
-951
-935
327
385
-596
-124
-175
836
-100
891
183
-430
254
-158
-698
1333
124
-448
625
1122
621
-108
88
-1059
-440
-212
-1133
455
-273
-1469
521
-1124
-1119
1112
253
770
-453
818
728
30
-317
-664
-211
-1284
458
-253
-384
247
-426
-449
754
-91
296
130
-104
-14
555
-405
120
-478
-1234
388
1045
-72
451
621
-62
1735
389
481
1243
-1002
-394
1629
-301
246
-954
344
106
108
-748
-533
-87
139
490
991
-33
-501
-93
-129
-385
133
-555
843
-692
304
-1117
130
-811
-352
-118
1228
-609
192
-383
-673
576
-625
-388
-275
136
-231
-888
-674
-751
167
-984
-199
467
-114
1000
-727
371
-848
364
67
82
31
-466
216
237
-649
290
-320
165
90
405
353
682
691
-142
-958
-559
160
-38
-119
659
1520
162
268
-246
-163
-63
-38
1410
-118
906
435
-71
-338
-204
356
-292
500
-815
85
815
-1012
-159
479
-851
886
-233
230
-889
-493
-112
-132
171
422
860
134
452
-362
-105
-739
222
789
-1047
-227
-1154
1074
-369
-470
340
-1471
-279
367
-692
-333
-1017
-529
-1261
1528
-238
777
-5
-105
-918
-362
-676
-127
-772
8
241
-225
158
-417
379
-701
-918
-460
-137
-442
-670
457
430
-695
-45
313
-316
53
107
-1531
-194
-1474
-11
-66
-23
899
29
186
-225
-211
-1152
-57
1639
-94
199
303
-117
-583
242
325
236
40
-203
-112
-241
-252
319
461
572
869
-285
-250
802
959
-1098
32
1104
997
226
67
-206
867
293
12
-719
76
-434
-589
293
-190
556
1035
-686
-312
318
333
909
1003
751
-106
-770
-590
251
-1342
248
-232
870
-254
565
-890
-448
-306
-47
1
-295
-1157
-72
669
-453
-19
232
-543
32
-649
-248
654
303
-158
575
-1133
602
748
-466
1594
-282
-152
-373
4
-2
-245
655
-738
272
-320
-751
-22
-775
-185
-6
-189
-775
-1002
-129
87
-256
-840
717
434
-118
874
-359
-156
-66
125
-99
398
-33
506
-583
-455
155
-284
501
100
-1022
285
452
-219
-71
-285
705
-423
978
704
570
365
-181
-256
805
-697
-388
1389
762
-623
244
-216
1073
837
398
562
318
624
789
532
841
-204
667
153
-48
-985
987
665
482
-484
472
305
330
94
55
-138
-71
1178
295
189
-203
75
476
596
692
-972
180
-481
745
366
791
-211
692
70
-584
786
1000
55
-1085
-989
480
320
1714
743
-29
758
384
426
510
6
588
-380
741
687
-446
-753
-269
-630
-243
-1055
-509
561
-623
756
-391
-232
194
-811
98
-490
163
-637
-63
-120
-273
-84
-551
-165
211
-182
-550
-426
68
-168
1047
-90
-251
-344
832
399
452
-141
869
301
-193
649
75
-1502
-372
95
2055
615
-432
-662
624
-1115
118
-669
126
245
675
-1016
-1029
848
-770
1067
1279
-656
-181
627
121
-424
449
-806
-1163
426
76
-31
-543
621
795
-1208
1164
-890
-218
633
940
38
-570
410
101
-323
-445
-398
-682
10
317
76
335
-1411
1149
-1348
90
333
-918
-814
1425
142
16
639
222
473
-1059
-1147
-298
-108
-339
720
82
-61
592
-3
259
389
7
-530
-160
164
-860
731
929
7
565
647
-443
-694
158
-97
-254
954
-509
-190
-177
-592
10
520
-98
205
-414
9
-1300
314
510
-673
1010
-217
303
-318
206
416
276
-637
-1017
1081
-1192
-394
704
-1128
-326
-865
-136
279
520
67
373
-263
-627
141
-1061
240
-577
-507
1925
281
-437
687
-811
-1318
279
-133
730
99
799
513
713
-241
-199
-803
291
-431
137
983
-750
202
313
34
374
-150
-246
-578
-211
1251
-102
-124
402
-210
-804
-772
-1037
401
511
-637
-582
1032
-313
-349
588
1663
-515
105
-50
253
27
71
447
1100
-107
672
677
1086
-142
529
203
-193
247
158
-192
-675
219
-309
-407
-1018
-407
-746
-690
176
907
-376
-217
1340
491
-1053
88
-451
1209
-937
-34
-188
767
-1179
-530
418
-1233
1478
872
-421
344
-723
-1416
122
105
-440
-596
1207
82
-254
331
-359
-307
-576
270
566
531
-211
456
183
-620
-310
321
-204
-1170
-280
-342
421
252
1297
-815
478
487
-1407
-69
-1324
-117
761
1492
175
-789
333
188
-460
-994
-189
-748
-324
197
240
-127
801
-468
676
542
73
-549
514
-780
-65
535
-14
-206
370
-486
-815
-238
931
-1203
-113
-422
107
-530
1157
251
-516
831
-632
76
-355
-633
-747
-407
-39
-725
-158
644
-341
559
-65
-1637
-172
-13
80
-1092
-709
-35
596
176
317
221
-573
-148
-459
1041
-89
504
-844
41
-670
-1154
-694
989
124
308
-914
-629
912
-614
-250
100
218
-663
-713
-838
-386
1358
-314
-441
-551
-663
1641
554
-135
-28
799
821
404
1687
-69
830
-50
-126
-962
174
280
28
322
317
799
-1122
1331
-215
-832
43
98
-324
134
16
370
-202
75
708
-1003
1076
777
-157
94
398
940
-377
-260
-1153
-201
112
-197
1189
-400
806
-313
891
-342
264
-409
354
-874
446
-613
557
-260
625
1053
-348
-725
80
-865
-247
-561
-546
1108
-378
663
-946
-102
-18
-570
-1026
380
-101
895
566
1148
-1419
-408
696
40
1216
-474
181
-343
57
-162
-916
431
1252
133
421
821
888
-600
744
217
-603
1087
581
115
249
448
-1002
421
-295
341
-487
-142
-65
808
-189
-189
637
-4
-594
1538
-1233
-154
-178
-275
-864
-425
-215
264
-184
784
-107
-381
101
-562
-623
478
106
898
-936
-234
-512
-943
-194
311
-179
-296
242
55
25
0
-472
-474
455
263
183
267
-1030
-307
831
-1207
633
137
496
337
-1009
104
-265
965
-107
-306
-628
-249
711
-710
-411
870
450
-375
339
262
-894
872
-64
-318
-449
-294
-93
114
-487
-49
-969
648
-1045
-1095
940
-862
-967
-233
288
159
-296
-374
1088
-50
187
212
-826
171
-258
109
-591
-376
474
733
-715
-78
-1134
-632
717
84
-1059
436
-242
-1335
1396
-116
989
229
423
267
-986
743
819
-17
-971
491
-681
-127
507
-202
-961
946
-361
-95
935
84
501
-16
47
-612
25
238
552
-846
-491
638
-70
132
-625
-1633
322
188
413
-6
396
-380
-424
443
397
-121
-44
-43
567
-337
65
-212
-898
1153
-346
279
418
-187
-316
559
-452
333
-632
-435
314
981
154
323
769
-882
-562
176
-1339
-498
-45
826
-607
-303
-1302
-7
360
1010
1321
-619
215
-439
107
-76
-238
-276
573
-799
81
-162
346
173
686
-966
397
783
1323
478
139
-185
549
-10
814
160
802
-356
1209
604
-416
-258
-293
51
403
582
758
1042
-1233
-358
1051
-146
323
409
21
312
65
-261
-1131
-165
360
-816
278
252
-693
-1001
-47
-198
-618
-722
-1008
-80
477
-553
207
343
-251
695
1414
-308
-1487
830
1027
-257
1025
-123
563
238
-57
-720
628
380
543
157
-771
-36
55
298
-44
-103
241
62
119
-273
1150
-862
-919
132
346
-164
-968
-874
69
-297
134
508
-22
-379
-493
-134
263
-688
435
476
328
-1
600
543
-770
633
667
-651
686
-16
390
-209
-691
-144
-209
119
123
2
-79
-1062
324
-611
-578
-283
-584
-884
818
-64
-3
-766
37
1151
194
1189
1078
421
2
-323
1318
7
122
-1146
567
1112
-208
1005
-172
-852
-491
-110
990
531
104
-95
-269
-164
-175
-952
190
-798
724
-407
-329
14
-836
662
-358
-641
-292
-58
-76
1253
260
55
454
-226
-105
467
-335
-196
-615
195
-263
-391
396
494
-560
1290
-574
-218
-1105
1018
-318
-439
373
-616
-478
1159
611
1011
832
-460
-358
-5
-28
-583
491
-632
47
82
1436
252
-485
-772
180
521
-539
-473
-231
709
756
-1128
1556
-98
-87
-686
-48
34
-202
-141
168
-644
-182
-398
1033
385
1315
-158
-1618
-527
-330
274
-446
-128
716
293
1006
-993
-1392
-355
-227
681
-913
582
-1560
367
269
-759
140
-10
-954
210
-534
-1022
-142
330
591
26
-96
518
837
-653
-223
161
726
673
-912
-913
810
-254
-1685
648
237
234
359
559
364
512
-454
-338
806
17
-864
-187
-259
-115
213
-24
-668
-33
236
-772
384
422
-450
-586
-100
994
736
25
4
291
486
682
99
604
-1203
598
438
691
-1102
385
540
478
129
399
-192
202
692
-1294
949
-668
-786
961
707
-1431
771
190
297
151
223
543
-252
-47
741
307
767
162
-618
506
182
-698
208
-761
-20
782
188
85
-470
114
352
-47
143
-335
-41
-505
-525
-503
400
53
130
210
-130
724
-14
511
-24
-2
-170
-529
-275
-268
703
1320
-57
-514
244
173
-1805
1160
327
-199
347
815
157
-92
-205
-273
-66
-90
375
-9
577
310
269
-778
352
390
-1020
-394
1200
-115
-1579
153
484
-710
136
1580
573
-785
428
89
-887
383
856
248
-257
516
-12
-649
702
-1356
-522
-245
-411
184
-122
-368
-600
617
1221
635
1355
-793
-8
-1322
-653
-1273
475
482
-389
275
-964
1198
-307
121
-213
15
-840
-60
264
-357
366
905
-379
-406
545
-915
-171
45
-395
-24
-187
465
-158
370
371
-365
536
-565
308
-15
663
-377
-682
295
-1549
-177
473
-24
327
-211
38
-198
906
161
-87
-423
380
249
721
872
-405
658
-16
1056
-26
934
860
-1203
108
484
-933
-181
21
-575
1127
418
-654
-737
-411
1040
-234
10
-376
524
699
-212
179
-35
57
-1497
764
-740
720
-785
399
-746
518
-601
1036
416
320
-743
706
169
-1269
-23
-56
80
-112
-191
-115
-799
564
-491
615
259
-324
-125
886
-85
288
-958
-705
-363
-164
-836
-513
134
-378
481
-659
807
708
934
143
859
264
197
1226
447
-39
-778
-180
-610
-304
-138
-648
52
-168
174
957
-108
-523
-572
-498
-35
-318
894
-51
-55
1
-868
-189
469
-328
-47
-163
-1168
-76
-774
828
346
-212
900
938
664
1300
932
-401
601
584
-47
-375
57
-797
-727
815
953
-267
-11
-609
-188
33
-784
383
1277
-241
42
-44
-75
-369
-1158
-906
-609
-160
-540
-27
354
1011
-265
758
-527
208
291
-543
184
-130
-28
-650
-767
28
-385
456
-116
118
-253
-705
-347
297
-799
720
592
-788
-224
319
-73
333
-142
17
-846
-575
705
-102
668
-552
-127
-555
1024
-168
1096
470
-14
-149
316
507
-160
-433
-56
-810
-29
247
-951
553
-85
210
92
1083
631
-6
255
16
693
-112
1152
-572
95
271
227
-159
-797
-73
507
-843
-458
3
224
121
29
-368
-975
-928
610
-1636
-143
29
654
2017
-386
1193
151
783
-645
386
890
-503
776
462
-172
-460
-741
629
1187
-463
-638
1492
-556
-335
200
-538
444
-626
-718
306
93
182
202
596
-80
189
-410
245
-317
303
43
-110
101
-682
587
187
579
-280
323
-122
-1489
1098
467
325
-299
-138
1425
89
-903
320
252
-129
-350
-295
-343
-1161
392
63
764
-9
85
-533
391
-123
73
-135
-783
659
-475
-143
894
-1625
526
-271
885
482
409
1116
-316
-1047
880
-888
-210
-855
411
-232
-711
290
-1195
655
544
900
1049
-596
-470
-1035
101
128
-848
651
767
421
64
-408
123
562
263
-988
271
271
-198
-382
-913
-867
-276
-838
782
-78
191
-88
-484
600
369
84
481
559
653
463
224
639
167
271
-649
1502
-3
728
-433
563
469
-119
-1368
448
157
-381
-64
-185
960
819
516
298
391
-944
542
-242
369
1096
-461
-69
-1230
-431
622
29
-163
800
-177
911
-683
163
-1183
-1272
635
-941
185
861
635
151
266
-46
-697
421
-77
-356
-310
565
257
634
-26
974
-738
-37
1090
191
859
-188
-23
-323
475
201
244
-458
172
-826
-367
544
39
1552
-1186
579
-883
-73
-274
-160
383
-895
-19
-556
465
-715
-477
-332
20
623
-613
697
-318
-260
-756
247
-242
761
210
-829
992
-593
275
-1171
-670
1200
-793
374
-604
133
447
372
303
85
-1073
849
130
-24
274
-381
930
-35
822
297
132
273
755
372
1013
438
629
473
14
-1117
-726
-679
42
876
404
-722
-176
70
143
-78
-329
-906
-151
-487
2
474
855
1001
304
179
263
-950
-1574
738
1111
-182
607
-92
-427
802
999
-191
195
232
1089
629
-580
-121
9
-1026
-315
-742
756
-88
-152
-361
-1510
396
-751
388
528
140
203
428
-680
1076
-560
1472
362
381
58
-941
-1452
-727
-50
39
725
-373
-92
550
-38
-216
401
-913
-789
-878
401
-913
-438
-204
-108
387
-63
-123
420
83
-492
389
-199
605
-382
-351
186
-350
302
-1363
831
-134
752
-392
-330
-113
225
624
-546
-398
643
548
635
129
-167
-432
508
332
-496
651
-740
-469
-1051
124
41
-683
-124
82
-12
585
54
283
984
102
936
381
383
461
558
107
-1277
1219
-84
-96
-474
834
-514
655
-76
641
625
-923
-905
218
290
927
29
417
-17
-118
233
-1318
-115
217
-726
47
1276
-853
617
-641
59
61
-287
-132
122
-44
-1276
-839
-1
137
-1274
-526
587
-59
22
254
-60
1087
-123
-686
472
-853
642
13
521
-1267
-215
-455
505
-766
596
-252
107
-919
523
-27
145
757
13
-264
-447
1421
-413
742
-1027
-685
-601
779
-518
-478
592
-242
920
-206
-804
-896
-1256
-651
27
466
364
80
-784
206
362
475
221
-2
618
584
-133
131
-1308
382
-520
-218
589
-629
329
440
86
-722
-188
384
1018
827
416
-656
-895
637
-969
53
-1600
-99
15
47
485
101
-578
-627
-620
-86
540
138
305
446
707
133
-779
-262
342
-598
174
311
-1047
-174
-46
-595
442
-913
669
26
740
-303
-1125
-971
-136
235
903
789
-828
245
-264
1304
298
-156
-1679
-226
174
-879
-804
320
-748
-484
919
369
-699
-303
-434
-1132
571
-136
-246
-125
75
-42
152
1084
73
716
-51
-228
1157
693
72
115
-1340
672
-32
613
-781
303
-35
-1041
-539
5
803
-166
-205
-62
-961
-726
-198
529
364
-879
379
-253
-649
-75
535
-863
-101
-262
-62
-112
1689
-635
-393
562
71
-348
-50
77
469
-314
-660
-170
618
566
1015
440
218
841
306
-840
750
-668
-254
-294
40
-575
382
590
1160
780
-57
575
-167
520
553
799
503
468
-33
-166
304
-27
648
251
-56
-807
198
241
-620
-79
-606
437
106
-348
-937
1613
720
-744
1213
-282
-471
1313
-210
1198
452
1062
-803
304
-1293
-170
782
63
97
-49
787
-1575
-279
-742
483
792
148
290
814
481
-117
-920
207
634
-34
239
-499
90
245
-640
-588
-88
331
142
1907
41
-479
-1104
-103
1014
77
541
420
404
-771
-609
-43
-326
280
176
375
557
585
357
-992
-355
309
-1329
-678
83
826
-161
-916
-122
-1277
-420
370
248
12
-161
-484
-596
984
309
-644
146
-535
-801
1014
-324
54
191
-395
-169
198
390
366
-615
-667
542
-141
713
952
-70
122
672
-115
-1224
-290
608
293
-124
589
899
162
-338
189
254
514
544
906
516
364
284
9
797
-766
226
-499
-812
-658
479
-310
281
-72
87
492
336
95
353
521
420
-1157
990
958
12
214
-880
-481
-25
-452
-705
523
-100
-295
-400
946
182
380
-395
-823
1022
-160
296
-523
136
-652
324
982
-60
-813
-129
-232
997
-69
822
-510
-288
442
220
761
-1270
-473
-165
-62
-621
-417
-869
-469
-732
-222
643
-536
211
659
840
931
1477
-981
-143
-146
-367
-251
206
-1662
-631
226
-354
-68
-837
226
25
593
-741
-580
-829
247
476
-82
-652
-195
-542
416
-260
76
778
-460
654
507
254
-366
56
-586
-111
396
458
-384
86
-511
-329
-405
-745
-218
-196
339
547
-635
726
349
-888
-651
72
-862
253
882
1245
-620
326
-736
-798
-376
807
151
-854
945
363
72
77
1197
53
-307
914
-295
-539
568
667
65
786
-739
-232
-619
-364
367
-1012
-243
363
-1432
278
-220
-327
-435
1310
647
-672
-462
-89
201
284
404
223
-39
-672
-412
55
-528
-200
1051
-1248
-10
687
777
-551
785
778
-228
-32
13
-593
-304
-559
723
-214
-178
266
259
-95
52
480
-710
229
960
156
324
-426
-9
-148
-340
-513
387
1705
908
-332
881
-79
-376
-930
651
-22
269
-543
524
496
225
-1030
1100
-691
929
1173
329
-189
116
385
-52
-415
-708
849
925
477
201
484
908
133
1217
-40
-563
-843
157
-240
-512
-382
-249
460
211
-1124
550
158
-410
852
-796
-422
1215
66
1076
-979
-480
294
197
311
341
325
-357
368
-877
-210
-128
460
-151
144
-572
507
-642
600
-777
-19
319
698
559
574
1645
-497
-788
63
-294
79
712
273
663
-543
27
-420
271
-139
-29
-514
773
-297
-24
40
-1138
488
286
-12
-768
940
182
-44
724
411
637
-276
626
84
-533
301
-626
-668
-864
-1146
126
-876
53
-1088
-843
-623
-29
597
-252
-294
488
575
600
700
335
-1624
981
493
410
-261
-545
222
137
343
174
-1079
-306
-243
-260
-1588
285
27
-296
-1579
-613
1352
396
241
551
-397
92
-442
250
-130
1106
522
-525
-93
428
90
282
551
-123
596
-316
448
384
-821
-1194
-278
-41
-281
-380
632
807
287
-381
-170
-187
352
-216
-26
-22
-477
952
488
-1227
-511
849
-394
417
245
-459
145
527
-882
543
168
-60
-765
-803
-97
28
843
-64
-40
-50
447
-1001
-830
-479
-528
266
1004
5
158
367
-579
-543
442
1254
552
440
559
197
1508
-76
-183
-553
-371
-686
-984
-1423
215
-30
-548
-23
1081
-623
-398
723
-98
-1038
-360
897
-694
-240
-324
821
-503
362
456
-22
1076
833
423
-128
-830
978
444
-299
-184
144
338
1395
-937
1069
-6
-300
74
920
-284
426
-803
677
557
278
-689
824
45
216
941
-258
-429
1333
372
-1356
1218
-719
518
-612
175
146
1036
262
-1495
1380
-1131
-708
-425
-164
-80
-125
-358
-150
555
521
14
-156
-108
-222
37
-60
1
729
-833
258
297
-65
-771
-247
-357
-106
583
-266
693
501
890
-622
-1069
-88
-194
2
-413
-123
517
-382
300
875
-995
824
-334
-404
-455
475
-166
343
-597
-292
-398
-1049
457
-10
642
84
133
309
-111
-260
-430
-288
636
-2054
598
-426
-474
419
-690
-1242
420
292
1324
-274
-204
-334
-237
-46
285
68
-625
133
447
-541
-238
716
691
910
764
512
562
325
176
-206
406
-1201
-227
-1181
-236
478
284
-110
-381
-209
-171
-970
138
298
-406
-89
235
-480
626
-62
-715
-358
-1052
1260
456
-27
1028
1418
-1208
594
-373
-432
82
-944
294
-100
503
-1105
-13
-127
-1270
1105
-169
-26
-345
-401
-1047
-262
-188
684
118
264
258
-901
-709
-605
-124
-109
915
-366
1398
-429
113
-377
1078
777
-119
-313
782
991
-258
495
-296
249
-1575
451
-963
-123
764
-609
-998
989
219
1018
-446
752
460
-290
-623
78
-5
-921
15
-499
277
466
-955
1492
383
510
1583
139
-1094
1258
452
598
-89
494
-47
890
743
-1068
-245
153
-20
499
-47
-205
-52
-684
646
-416
362
-219
1380
-219
8
488
34
-791
1084
274
1423
60
76
-803
912
-36
-74
-453
-203
18
-332
594
-547
-885
569
691
450
383
-330
451
-818
-527
-511
-380
-269
532
430
-666
-303
599
-1486
551
505
517
61
-944
-40
133
-646
-1165
77
1229
-104
-201
166
257
439
-390
1273
-468
-787
-330
-48
82
844
-251
-878
-502
-137
-457
-19
21
140
899
-60
438
-804
151
-881
-26
-460
-563
-218
-1510
-623
1199
465
1091
855
234
124
355
875
355
223
495
-433
479
-611
136
-911
755
828
493
-61
457
1027
-1139
-65
-336
-554
548
-257
-295
-83
357
-334
-36
-588
-119
207
433
20
-306
-501
-772
-836
-134
38
-318
-1135
269
-550
-409
-928
644
655
175
254
1153
1047
-651
-388
-85
-333
1478
759
182
1247
32
-439
896
-1204
-471
12
486
-26
275
1167
-23
32
401
-343
1109
69
346
565
33
1000
721
734
285
1324
941
268
18
-579
-21
-5
371
1171
125
-409
647
19
121
-712
605
989
89
-633
737
566
839
-249
700
124
-251
-356
610
-644
-97
661
227
1052
108
-767
950
-534
142
-327
1086
813
-163
20
64
408
329
-833
-725
-241
-1303
1121
-572
1879
2042
600
1229
-198
47
-370
397
-206
-661
360
-892
-499
556
641
-96
-514
311
415
757
-344
739
-825
-986
-186
415
375
-621
-414
552
268
823
-754
389
157
800
225
748
-129
-182
-125
338
109
-694
601
191
-265
-683
399
579
-375
-653
-286
456
959
773
-950
1457
543
353
-438
-262
-679
-149
193
490
699
487
-1125
404
816
-558
976
120
-446
-551
-697
571
493
-911
295
515
317
293
201
-522
-259
-24
141
60
-106
-708
-106
308
281
8
-93
-196
-1404
850
500
-895
-465
181
278
-69
716
692
-73
573
580
59
1351
789
481
139
-1326
-208
-760
769
113
-157
-633
-199
-671
-917
217
-515
-324
-1039
-9
627
730
96
-688
-100
228
150
-341
518
-25
443
1393
-236
1282
249
-324
-433
412
889
235
-941
249
309
709
-909
1441
-556
-119
112
471
-463
-826
-722
1039
-786
1751
-566
-1450
186
471
-758
-1727
-474
1075
-2
-607
-142
-339
-41
111
-667
-60
48
-152
818
-525
-456
-15
212
829
-222
479
-633
1236
159
-31
-616
208
-1053
112
1475
-353
-373
703
584
1197
331
-106
-1144
642
1430
-1233
559
407
366
614
-935
-741
405
-318
625
340
-325
-803
796
241
-300
-308
-74
-448
-74
931
1051
1005
-280
410
268
-969
643
-229
1185
343
-810
-627
-983
458
700
-656
-376
568
1541
439
651
-157
428
486
101
-536
-1576
827
1195
347
175
-17
526
-294
-265
183
-410
628
-664
666
643
1052
1426
-1251
187
574
-118
-329
-886
-71
-13
-1246
716
-865
-193
86
593
-193
742
753
657
1066
-132
538
354
686
-1109
49
-1033
289
-188
319
-309
-42
858
-327
-258
-503
1243
68
-980
138
999
-1223
-114
522
234
665
1727
345
907
-168
601
199
632
607
-169
-657
-9
-3
-489
529
-1255
1209
-102
-154
-656
302
-20
-164
907
166
-233
15
-413
278
-111
-182
-489
-322
-138
-1085
856
321
536
-960
256
728
-351
-316
95
-125
-3
-800
-175
85
274
156
1008
205
-129
1073
61
56
-270
258
-250
-444
-259
-238
62
997
-63
231
718
475
-442
-1911
-407
-68
-197
214
128
-601
-151
569
333
1141
-766
141
-923
-416
-125
-32
367
-892
1006
1369
-36
-408
-521
-596
-201
-1106
-114
-881
-294
-1109
-283
-384
526
-43
-209
-31
-490
67
265
-565
-189
365
-1073
241
-37
-107
529
-238
597
-413
779
1460
403
-975
-837
251
1324
-369
-62
-842
-34
472
157
326
857
-230
-442
574
-669
1006
203
-101
-610
-74
252
-1407
-950
283
467
-502
533
583
-295
881
378
-659
-19
789
-922
-496
-941
-299
872
-657
336
1036
760
695
243
-73
-1224
-192
-218
-43
1
1262
-248
125
-1205
241
-519
-392
-647
-1097
-670
317
181
479
475
-561
223
59
669
1030
-424
-1069
351
-129
131
-909
599
-80
-16
-351
675
-628
520
-931
23
-594
-71
-237
-156
-466
33
392
541
-227
83
1735
-176
-477
163
-98
784
495
28
678
181
-391
366
124
-767
-13
1623
-971
-251
19
-269
-628
69
-500
-93
-594
838
-859
-194
-706
338
302
285
-449
-246
-596
-1157
-429
279
221
182
-528
-129
743
-1057
99
32
-92
-8
-110
-388
658
-177
534
1622
-154
626
-368
217
-1168
-881
190
-162
-390
475
-234
469
53
699
-631
845
414
-107
744
-1228
140
-240
290
-236
199
-1079
213
183
-425
143
-1126
-995
-1668
-6
-284
-80
369
-100
-276
-453
-683
283
-542
2317
-178
-970
-858
989
-1087
1261
354
117
153
-635
479
192
865
-1335
431
-600
117
302
443
-1042
987
174
-674
244
-23
-849
-790
-493
82
417
-350
-299
126
-822
295
-386
352
840
-570
-182
729
-236
-393
-3
-25
893
511
1008
508
486
-123
-266
-196
1088
94
-587
-375
-635
-1313
-250
339
701
454
209
-804
-916
13
82
-331
1513
405
206
110
-624
-185
137
327
-468
-64
1722
-600
341
1074
-631
-801
-550
-612
667
-931
-499
1192
-611
835
-808
-75
-579
-46
630
394
74
130
-982
-32
131
889
273
1065
-348
-1150
-112
-687
-207
-33
-462
379
345
161
683
-99
360
-40
-228
-34
157
594
-124
-310
-658
-940
322
808
265
1262
381
-355
-126
150
200
156
17
-452
286
-444
-710
802
216
-118
-461
557
643
-1195
664
-94
708
-1086
782
288
157
280
-1392
881
87
226
-150
-122
640
-344
-1257
279
617
-660
1814
-584
-8
532
-193
-860
748
-151
-62
-244
156
-709
-533
-148
-94
-478
343
-590
-497
165
805
-57
-504
-561
448
925
3
664
-577
-12
199
-81
819
422
-135
-596
1114
-456
-313
-448
592
-303
-107
59
-50
-331
471
-661
237
448
131
297
-82
207
-495
400
-193
-258
490
847
-385
931
6
-1284
113
278
306
-218
280
-378
-491
-69
903
-1582
-743
-103
-120
-349
-1351
79
764
398
-543
876
1830
-383
154
-131
104
9
-414
484
-160
-1121
-466
-300
-267
-111
812
993
-629
887
48
-506
-99
-422
-376
-86
201
653
425
-342
-137
860
-1255
-367
398
-1106
-100
-337
-252
354
285
-403
-95
-398
74
515
1373
-772
635
-708
-740
560
-117
264
-156
690
-362
-169
88
-781
191
328
-223
-485
65
29
898
454
202
-33
-43
385
-597
883
-554
161
1462
286
157
653
241
-1125
-805
357
-203
-934
291
-310
-678
-161
939
49
-795
-579
-47
-64
-539
-1274
525
337
-429
-173
372
959
557
1043
144
413
363
-120
-188
-1268
-49
236
1893
-135
-425
-616
1334
242
113
-258
1374
-284
259
22
-36
-510
-433
107
1239
165
513
-894
751
786
-492
-277
-94
1017
-652
-955
-539
360
-580
589
-392
0
-614
948
-259
-442
-709
685
-282
552
-569
213
86
-618
-142
-290
450
629
116
733
-552
-618
671
-560
-256
585
211
1582
-236
-548
724
-363
1279
779
922
-1236
-962
-77
823
1099
-250
801
507
-673
616
1169
147
631
-611
-1094
204
712
599
-321
-1120
1141
-490
125
-59
255
-587
-663
-264
105
638
486
-426
816
211
-1190
-451
-968
-713
-962
-782
481
182
-597
-42
-1270
-673
936
224
703
-52
-20
8
-502
788
363
-367
-225
161
-548
57
-808
85
128
-115
507
-104
-190
1444
5
-66
270
475
-419
381
-836
-603
-745
-1245
268
-583
-874
508
615
-120
62
42
-384
145
369
27
-262
304
566
-375
-65
-330
-603
-47
824
-443
-514
528
16
-876
-642
1472
-454
1268
-389
-436
58
-1080
-988
90
-348
682
-278
392
600
965
-728
-145
-173
961
-290
-513
-174
243
-232
246
-315
-879
-231
-145
-210
-1944
448
-603
482
1398
-37
489
205
786
-952
554
-341
110
481
-1271
-479
-237
122
473
-373
182
277
396
-910
849
292
853
368
-587
600
-399
235
-367
27
123
825
816
-366
115
455
-10
541
-386
-686
-219
765
151
393
543
803
220
301
892
346
-214
546
-293
288
438
-761
-241
-1501
-178
1238
-563
-679
409
-1069
-1446
1047
561
-1170
158
-79
232
-1049
105
881
-614
45
-230
-203
-986
403
445
-896
-762
-572
-1613
19
-153
109
-170
591
-69
-117
438
-307
-954
-267
179
597
109
152
-363
-836
592
-582
632
295
184
115
-1201
-294
-525
1316
-556
-75
-765
-886
-1560
-625
404
881
337
765
-304
1590
-728
-420
-69
-182
474
-876
-684
-742
388
-328
149
393
293
-1230
467
900
-664
163
147
1679
-802
1194
-782
-928
-1255
201
898
1005
-119
889
285
31
253
180
280
-959
267
-836
-1052
451
-121
-412
725
-1107
736
716
871
-1000
-544
651
-377
134
-84
-518
717
278
-20
128
-916
-371
-401
300
262
144
-65
-328
-652
-79
526
652
869
915
882
342
-807
-1498
889
1040
976
1301
516
1136
-754
725
424
609
67
-125
-193
-238
-226
195
-41
-636
463
116
-1163
-329
-22
995
-213
495
201
113
-79
394
63
304
-623
232
221
-320
-207
-1747
1261
138
1039
313
-232
487
-386
285
-356
1746
334
-891
-475
-394
144
-50
-236
-844
686
664
-574
-357
-529
-108
1032
-295
954
673
569
-350
5
-728
397
-1867
353
-311
-398
64
-270
1278
488
-1274
-202
-1183
-785
-34
967
-168
461
537
217
338
-418
322
-397
43
-97
-1135
-990
373
316
-450
-749
-1243
1182
285
-980
614
-211
414
-420
410
-554
-557
871
584
152
910
82
363
44
-341
-147
-639
-172
745
152
120
-76
88
44
-504
729
-570
1794
-1159
589
-759
1273
837
-956
284
653
817
-103
696
-1081
-665
358
1557
518
682
605
-404
922
191
291
-1030
-259
-980
1133
496
-395
525
-594
396
59
-121
210
60
158
1034
274
148
-280
667
-252
-1327
417
-2
206
-472
864
-394
178
632
-583
271
-210
-111
336
1167
1243
-67
-278
1101
811
-25
-581
-658
-239
-531
350
-354
1074
356
-98
217
-326
288
315
-408
745
0
718
45
1419
74
-1456
-27
-292
-1047
717
785
-637
-564
-516
180
-371
665
-21
-363
-150
462
587
-136
653
-427
12
295
-688
-735
-755
-902
431
143
194
54
-626
-116
-852
567
370
122
-209
-952
386
-144
-153
-1167
-1026
-439
46
-671
34
-301
442
-1053
198
39
-811
-121
1117
-645
-933
1123
-932
-483
706
372
-841
-997
307
633
-704
423
413
348
768
-9
12
-403
-130
101
-43
-91
1597
-631
733
916
214
787
-964
212
823
529
493
396
-819
71
-480
-33
120
-92
-40
232
687
-1285
1276
90
-1101
1235
514
1255
-8
-94
242
380
107
-582
225
-469
-240
912
376
-700
-1534
-486
-595
-456
-52
1476
603
428
126
55
78
-60
-146
-111
-345
-44
-1039
-861
167
-1095
233
-788
159
1407
171
-717
277
-336
-379
-153
93
713
-84
-918
-440
-461
-781
-616
23
510
761
-574
315
-200
-230
487
767
560
-760
-376
-455
-479
-998
-723
1295
-423
-240
-1224
-698
-415
194
-64
-523
583
263
1138
-247
320
394
-204
-175
-766
82
1246
-638
-65
30
-694
132
918
-1115
-735
-503
174
-53
-1146
527
-374
326
1239
-600
135
99
-369
1162
130
-214
-83
-918
582
-227
703
310
-103
-281
206
378
828
-54
43
104
-272
-122
193
-674
99
674
1135
-55
78
-76
192
144
624
-60
-315
139
-106
-872
445
780
447
1131
194
1895
506
1155
484
-276
-876
-1090
144
-452
1027
307
-251
-113
-549
303
311
944
117
73
1523
975
165
441
683
-400
782
174
137
-249
930
-223
-690
-130
225
123
88
-136
15
-321
-547
71
343
580
-1114
-30
-1067
364
-1087
-564
176
-607
-318
175
617
143
-251
741
752
-1053
-813
-235
-174
594
-137
57
548
852
-1445
860
170
74
-1172
-384
-256
-1041
-434
364
-637
-490
-1120
2006
710
535
-227
-34
-174
391
-102
-93
83
-155
-347
26
-206
-122
265
-446
537
-384
-645
1340
-143
-230
-304
38
701
-204
-565
-467
510
-852
502
-307
-325
-48
-57
1037
666
-925
-318
123
620
-733
-596
-280
-257
1170
779
136
-328
74
772
123
-601
1251
-656
-1030
97
-1121
-38
-768
265
926
258
-1123
212
672
95
-86
-257
-580
-775
505
539
534
-400
-360
-1167
-1012
556
5
557
-320
-196
287
-236
189
582
-577
290
-894
20
-390
-382
-21
-277
320
116
630
-114
-606
-238
1287
85
-418
360
-200
12
-665
226
-515
299
-202
-447
-1064
-504
-262
-152
-280
-991
20
169
-179
-225
-997
-215
498
-293
54
88
819
-557
44
389
308
766
390
-344
-583
131
1367
25
103
314
-53
-766
624
-961
-905
445
-133
-680
-525
159
-98
281
149
659
-797
-2090
-1408
-96
127
146
-640
-661
-468
644
358
512
-1049
333
-265
-883
-882
487
-270
79
-390
-448
-76
1273
81
-1130
1219
150
296
-111
-1116
612
670
660
293
-330
203
-60
-715
478
-1020
-544
138
-912
1037
-156
418
1724
1021
2403
554
107
352
-218
-791
-429
-254
-191
699
-348
664
-1299
180
-68
365
574
285
197
439
-64
-462
-757
419
168
328
41
-1064
177
-832
-779
511
-153
101
-167
-577
777
77
176
-908
-243
868
298
-184
-1681
925
-943
541
-1243
248
480
-363
-180
771
971
-419
185
-1314
1514
-81
-232
-471
331
548
515
-38
564
-628
-644
-746
63
365
669
-54
745
-91
-283
-861
991
176
-833
651
-70
398
-584
1523
-459
-694
148
459
13
-589
259
-371
-239
-804
-111
821
-425
1790
-55
-159
1145
-495
355
-451
-404
132
313
100
-151
279
-1865
-1322
582
-602
-162
-443
-105
277
698
-209
476
1571
-851
-71
167
-133
109
-1231
330
-374
614
-591
-269
1262
-688
98
535
-599
612
-494
334
-1355
-162
885
-1740
9
-272
-451
249
-498
-903
-406
223
35
-435
591
-193
24
-319
-99
722
400
-790
-52
970
-90
610
549
-440
1154
-251
561
701
325
-130
-427
-1070
389
234
305
-386
-1131
-560
275
-703
-834
556
0
-123
147
-662
-1176
-251
-285
51
-422
425
64
-537
744
74
125
-249
585
915
-583
-141
-553
144
713
-602
481
-647
-1043
945
73
-673
-550
-341
-242
106
-867
221
550
-282
-477
106
-602
305
-102
-525
-92
692
-313
155
-1442
1064
-171
555
-226
-347
555
-456
-16
861
747
-455
1425
-614
-9
564
221
-175
-301
621
-1224
239
-366
28
474
445
1052
519
686
-483
1071
271
-457
139
229
492
-372
385
-283
-1453
173
-410
733
627
-119
-1136
-581
313
520
-233
687
740
-41
-861
991
-248
584
229
-5
-1219
-422
-804
-688
-306
-897
-1268
-334
80
-421
793
118
-90
728
1337
1126
-111
-1537
78
-872
1705
248
609
-176
585
-77
916
-350
1075
-336
-94
296
-676
699
847
779
-440
-191
770
143
436
142
710
-145
-896
-986
227
816
360
-537
631
-577
-550
-339
-592
-505
-900
-1105
834
910
735
29
243
518
-1062
-446
-125
-383
-426
347
-177
1097
1132
210
-386
814
-538
-401
390
410
-317
-278
-868
1141
387
253
643
-67
437
225
-166
665
-738
-1615
-292
-456
325
726
1108
512
277
-202
-550
-1346
1095
472
-600
-723
268
286
406
-314
-1426
107
1139
673
-771
580
-203
292
-66
-185
-424
622
-588
-390
-554
461
180
-777
-22
908
444
921
822
334
318
-1032
773
-22
-37
-133
-647
-105
694
456
-834
-954
-1284
603
716
-270
1144
502
-710
-66
130
885
-612
100
-398
601
-886
671
178
-819
-900
64
-772
-629
178
682
432
368
-41
-626
902
660
-1297
-864
-1147
-754
15
-309
-339
1064
-428
663
-47
553
-957
327
-407
-50
209
670
-667
498
-69
-995
260
186
104
-327
398
209
-316
-370
777
548
-1047
72
-760
-47
-854
359
-216
-394
-724
-704
240
339
-190
-487
932
-393
-695
-48
235
78
-372
-577
114
161
701
1105
118
-44
-90
-919
111
151
-1557
-575
-408
-347
-686
-755
-575
291
-1205
118
862
-426
-158
-867
-254
137
-766
-434
119
576
-1098
252
14
868
-22
-266
-294
150
129
983
-107
291
257
-204
268
752
127
-492
392
102
415
421
797
-344
-259
-962
159
-447
319
570
874
-988
973
-862
-198
738
-105
480
652
-150
-918
-675
1249
-25
-281
-326
-832
-70
846
-101
68
-412
647
1463
539
97
913
1104
511
-625
55
-628
91
379
-379
98
502
610
-13
-301
-188
-681
359
1580
379
280
63
578
-344
229
208
-792
-158
50
-741
636
-74
530
-549
-695
340
-1248
-496
-627
-234
-1479
-225
-601
643
1030
168
-506
-260
105
95
-324
787
57
-233
-876
596
-114
-1002
27
-1109
94
-455
-188
-623
-353
-321
-355
818
-1165
1262
504
128
-456
-340
-187
-186
-1275
913
-496
412
1058
223
807
-914
127
298
-352
431
191
757
414
-453
444
908
-1114
-714
-349
419
634
-937
-773
1041
349
-99
-774
-1318
124
-784
-1189
166
61
-267
681
92
343
-73
364
-508
262
-486
-276
335
52
-493
-1342
-187
710
-724
88
852
262
1145
-267
-226
1099
479
-505
-1367
934
21
-549
1096
-520
-183
-1108
231
-507
-32
-1473
594
275
193
8
-623
728
223
924
1071
155
-2254
569
-481
59
149
199
42
-34
-317
-251
-132
481
277
-668
-185
50
-980
143
88
3
241
273
-442
-1596
243
160
-184
-425
1205
-218
-307
-1259
203
-551
-282
189
325
592
588
-73
238
-318
-6
-452
-197
-477
-508
-519
-158
-1238
-426
307
757
212
-221
243
315
263
-435
-142
691
-1125
-2725
-115
-468
1072
-260
-458
11
1147
-546
497
-644
714
-747
1128
-538
698
757
510
-167
-276
551
634
-904
158
293
147
-512
-266
355
-1745
-132
-676
-472
251
-659
-1535
-551
-276
292
-382
-793
-343
36
3
199
135
370
-439
-619
13
-96
712
-868
-506
-34
-1249
-172
599
-585
417
-982
928
685
-801
693
300
488
-1270
-36
-291
57
-534
-962
335
-24
751
767
-474
-397
83
-853
497
-351
-757
-206
479
832
165
148
-26
-484
-137
-2425
121
445
529
748
-59
-587
244
-577
-325
87
25
571
930
-963
-16
110
-45
391
-724
955
-1064
327
-162
488
-621
-1032
-443
-127
44
-321
788
205
-744
219
-749
275
312
-385
379
-596
445
-710
-1042
-270
-915
22
-810
185
225
58
608
-888
-8
1166
123
311
54
444
-1244
-217
-721
185
-592
427
412
-329
-849
62
649
-270
357
-70
-96
406
-114
181
-335
-100
-933
-174
-319
-2
-103
-762
696
683
-189
-496
553
303
-1179
-114
448
-1014
533
266
249
81
-286
-946
660
376
1134
-298
-130
-177
-1038
1090
371
-212
-581
1
256
433
288
-9
1109
873
-176
-32
415
57
-858
-327
1396
75
-808
-1197
-1096
-757
-52
53
-503
-282
271
-490
-156
28
927
-50
498
1169
918
839
-719
-504
234
-30
-1506
-141
170
-523
-106
-1973
1189
739
-624
-936
-1
-917
91
-299
679
26
661
472
-511
-479
-36
40
1314
-14
-92
27
-213
-615
-912
-865
96
1117
1425
-173
12
327
-492
-648
-780
765
1171
-2
258
-37
426
1050
144
-826
-180
127
96
393
-51
465
83
-421
132
-253
-229
-397
565
-397
240
8
-811
-365
253
-404
1283
130
24
554
321
-36
-498
-444
-265
-116
306
-509
-678
-16
563
-718
-306
80
-365
-905
-353
858
1620
1720
320
-671
596
-753
-25
-273
-317
-1505
-1279
-416
105
643
534
150
-743
589
352
-434
-162
-769
-734
-94
-218
459
797
405
-301
333
-911
676
-74
660
-555
77
-152
-1040
-248
-415
113
-158
-110
-237
-1372
-487
-1166
191
26
-477
-281
-119
1074
98
-611
-126
513
359
-243
392
-290
-392
1008
-338
-1278
533
-1361
429
-329
373
450
-451
-215
426
451
-200
86
218
-1226
-2011
-516
-13
738
-772
-1208
-564
-406
264
39
-1015
-1418
-228
531
-820
143
695
92
-497
1003
-697
241
-374
262
530
-887
481
845
-211
-752
-36
674
-622
832
225
-412
164
-42
177
252
171
-243
1114
-772
179
-758
298
-612
-771
217
871
-1016
-108
-355
938
511
336
-289
51
-729
-261
500
-260
894
1151
67
-245
203
241
-419
292
-267
-204
-63
-784
-86
-77
1685
-738
-403
471
-271
-463
98
-963
466
29
724
-124
288
-16
1346
-111
-1083
83
-59
-39
1139
29
550
113
652
-150
144
-499
307
-661
-375
48
-1306
-576
153
-659
-140
408
-674
-921
-367
939
-821
-374
-456
592
881
-34
-285
-190
-293
560
-330
-415
-753
-817
79
-27
35
-190
-283
1492
-229
739
-295
232
14
-548
-284
15
-56
-19
96
-473
-547
-1006
49
-490
170
-1029
-102
-955
90
702
-174
-728
-963
-47
704
-673
-705
-424
740
-358
-665
-203
371
432
581
-1345
-980
-545
-336
-589
-226
-63
143
262
-274
-371
1035
-38
-417
-903
616
-279
-357
-168
394
236
-269
70
667
580
315
-728
-666
-300
-425
-179
748
357
-361
123
167
-874
-1640
-586
207
265
144
211
-85
-448
-1052
-1139
221
370
-760
-801
-112
519
562
-748
-115
101
-397
226
372
-475
-293
-857
526
213
-469
334
-1201
536
-98
-20
878
113
79
-686
-441
915
-1326
540
134
-753
758
403
681
-1290
330
-725
-608
-88
-136
188
179
297
483
340
-401
173
-93
-293
-475
-157
-301
339
-638
-28
-56
-471
79
-79
166
368
245
-1061
117
436
-1030
-125
-473
936
-1542
194
209
346
-793
194
427
-1588
-250
618
314
390
802
1163
32
-179
188
-538
384
-393
-691
-547
782
140
151
-762
306
219
-1106
458
-1417
-411
76
761
-1380
153
814
657
825
17
-303
756
-38
-884
982
-777
219
-516
-519
-4
-243
-340
-1214
398
559
148
-183
-452
-794
-458
84
-917
527
-446
-428
87
-239
-1256
-301
697
137
-368
-406
140
-704
77
469
-1023
-448
-645
733
-1532
782
-219
-239
588
-376
-728
392
335
-919
-247
390
220
-96
-68
-875
-267
-65
394
-814
367
-450
759
-1054
411
-899
-649
112
-452
1198
-1197
-266
-578
-664
4
143
-26
39
24
-1091
211
-405
-1042
676
-83
-611
79
-1295
-82
-176
-62
712
-187
1100
-635
-261
-368
-14
-273
1069
-397
-607
221
-234
572
659
191
-284
-505
775
253
-111
123
-522
-270
334
-274
252
670
-417
-608
792
89
-324
-204
-120
-1073
-630
323
384
-307
820
-558
-814
226
-387
1109
153
582
-470
455
-278
-284
-525
-974
-530
160
932
-319
119
1008
673
-603
-386
135
96
118
-1174
-353
-279
-617
-53
-472
-573
119
-702
949
356
-226
677
1356
-249
270
54
214
529
1176
-430
1874
31
-701
366
173
-439
906
-1303
1382
-318
1417
913
389
166
249
-720
583
129
250
-243
-335
1350
257
-803
-600
30
323
407
-569
882
-259
20
-814
-339
584
513
-540
-386
1167
-44
463
-808
379
-335
740
-254
545
-246
104
228
-476
-920
1234
438
168
267
-40
-413
324
-771
79
-110
1373
-366
-341
-52
807
-310
-107
319
-229
-158
-626
986
152
255
-651
-241
-35
-442
344
-538
-276
615
-256
-408
628
-203
-508
-82
-650
-1243
51
-177
1400
-382
102
740
604
-1597
295
486
287
-306
-1032
-366
1525
715
-1326
-1270
506
164
1060
-941
117
-296
360
-782
484
-468
-617
594
-948
-145
-202
-648
69
-895
176
430
197
-185
-357
-156
1144
-155
47
1152
-536
-220
-600
564
1356
236
176
60
63
639
345
261
501
237
784
-574
-829
-548
-1057
983
658
-538
-909
78
-268
55
872
558
-282
623
-565
679
-662
1046
140
-30
-127
-1363
458
-12
-61
844
-32
-747
517
-913
-184
123
597
-21
-936
-776
615
-433
19
165
48
935
677
-556
31
-648
381
47
-471
-1063
-122
-454
373
-783
-1203
456
134
-450
754
-471
1226
775
1343
-1094
-17
574
-53
-188
-241
-60
-1276
-597
-507
657
-117
-678
416
-140
329
-592
372
-1415
-102
179
205
99
789
656
424
-272
656
-533
-97
-826
-364
-120
421
-479
-1564
-877
-193
-114
-927
181
-1566
-272
-496
-1014
170
376
1318
-209
87
-487
631
289
220
-369
-285
580
-801
-205
-733
430
-382
260
-226
-683
982
-917
1096
1114
459
-212
-121
-298
51
-488
-603
715
-68
397
-465
807
1292
1196
44
644
505
-1939
521
-234
-117
139
326
96
