20 78 169
0 3
0 5
0 6
0 9
0 10
1 0
1 4
1 11
1 13
2 1
2 4
2 12
2 13
2 14
2 17
3 1
3 7
3 9
4 13
4 19
5 2
5 4
6 3
6 6
6 11
6 17
6 18
6 19
7 17
8 5
9 6
9 7
9 8
9 12
9 16
10 1
10 2
10 11
10 19
11 0
11 3
11 5
11 7
11 8
11 14
11 18
11 19
12 5
12 8
12 12
12 16
12 18
13 4
13 5
13 9
14 1
14 4
14 14
15 3
15 8
15 18
16 4
16 5
16 6
16 8
16 14
16 19
17 0
17 5
17 11
17 14
17 15
18 3
18 7
18 8
19 3
19 7
19 11
5
38
50
36
31
10
24
44
71
47
77
26
27
21
34
20
75
23
46
76
0
32
68
3
74
19
45
49
12
11
62
1
40
56
6
29
54
73
37
16
25
60
72
65
42
51
18
22
33
64
13
70
2
53
9
57
17
43
15
35
66
63
61
59
52
69
7
8
41
55
48
58
4
14
30
67
39
28
-69
-140
-177
-113
-148
241
-72
165
28
-60
241
244
-38
36
-56
-85
27
47
166
325
-160
50
150
-49
-191
109
-260
-91
-237
-75
-299
70
160
-87
-29
-145
-116
46
531
-110
41
221
155
140
112
220
-263
381
248
-48
-32
162
-26
-27
35
167
-161
454
-253
7
-407
-205
107
358
-235
41
30
328
-6
-68
-143
217
-167
138
-90
-116
12
352
-221
-115
-162
83
137
-216
-316
55
-307
-202
-27
-393
-155
148
123
406
-158
-146
143
-214
201
-178
-7
172
29
-140
-79
-88
18
32
-7
6
107
146
-71
336
5
196
-252
-42
-179
-124
8
-155
252
-8
225
174
-136
186
159
-97
-152
-265
389
70
-127
152
-41
-114
-228
-318
-143
-270
-51
71
362
163
-347
146
47
-74
15
42
-84
-78
-229
124
136
-269
-95
-50
362
-276
101
42
-20
135
165
231
-120
70
-86
149
159
73
-48
84
25
147
-34
40
-280
69
123
220
104
2
320
132
204
272
129
-147
-237
364
63
-49
9
-81
120
-234
-69
-250
-71
-169
19
77
-23
165
-35
-121
-11
-18
-92
18
-3
-54
46
-187
354
267
58
81
172
250
-140
-171
140
-183
-189
10
-181
141
-57
353
-147
165
-379
45
186
-70
-71
-205
26
-113
-306
146
-166
-183
-40
-18
68
84
-349
-131
-96
-144
-68
-129
70
-69
-104
-39
-91
-164
-229
11
96
-31
309
-26
-130
22
-230
-207
91
-21
147
121
-35
-7
79
158
-244
163
174
226
120
170
96
11
67
-102
235
-104
7
77
12
20
-2
-44
-210
79
238
-26
26
-231
-65
72
32
118
97
-39
-137
-118
46
-99
-143
-202
389
502
150
155
-69
-220
-206
-359
-284
18
-99
-224
-108
-207
94
50
27
-360
-246
136
-44
41
170
-131
-27
-204
10
-23
204
-206
-222
21
94
199
-257
-43
0
-11
105
-44
122
330
39
-184
-59
-139
-95
52
-146
-292
171
-37
11
138
-180
210
127
139
-138
-279
-111
159
-255
33
-176
-148
-2
-218
-130
-348
-136
-109
253
175
215
257
-196
25
-157
51
69
195
24
128
25
-54
-77
-177
61
-201
230
-14
-207
13
66
-663
-205
78
-228
-27
271
294
143
-137
-194
136
327
-135
-11
286
-172
-127
99
-81
-113
159
199
98
40
-189
-70
96
-224
277
275
-180
-235
53
39
-116
157
220
113
113
49
-94
-289
-48
-143
426
-107
38
-216
43
102
155
-87
-61
-122
-100
-61
40
42
-238
-164
181
57
65
-153
-27
157
232
-127
192
242
104
92
50
280
104
-12
255
117
84
-53
-90
135
-260
102
-149
15
154
-377
-5
-113
68
-50
24
-52
-200
-91
-90
-132
-238
-16
-43
138
-250
-264
-195
140
-87
-112
-150
-341
-53
-24
-90
-63
-71
8
102
-13
-38
15
-181
-177
344
-119
26
-168
-34
19
224
-307
56
-61
-125
-1
131
377
-4
43
-88
14
451
-27
-144
-176
159
-178
226
210
50
-101
-83
-120
67
-55
40
-60
50
-149
7
90
-467
-29
8
130
-127
-121
230
70
144
288
103
97
27
160
-235
265
-232
82
230
41
-116
76
153
-39
73
210
128
156
150
-18
-13
31
-275
11
-63
-133
10
223
-91
54
77
547
-255
-305
323
138
50
77
-12
-54
-129
-23
238
-251
147
34
132
191
-8
36
-72
438
-62
-68
-6
18
10
-119
-197
239
-159
-49
-230
8
-44
91
79
-91
161
67
48
-14
-107
78
140
20
251
140
-178
96
77
-187
64
198
-21
-54
-24
-173
-190
98
22
-35
-396
373
-108
-29
100
60
24
-187
-70
44
223
-227
-98
-98
8
-117
357
-45
-113
44
-1
135
22
-189
-41
73
-85
-14
206
91
-129
-279
291
-11
-48
-129
-86
-12
-46
217
47
234
31
224
127
-67
-267
-35
-46
-13
-132
111
-52
215
47
167
120
-5
-120
140
199
104
-44
-397
259
95
-63
-76
33
49
-132
125
-40
58
-106
194
-190
252
-90
-61
46
137
-128
69
-179
-149
-53
37
-227
-88
-219
-272
-116
-83
-68
235
8
71
-21
181
103
-91
58
257
271
5
-162
116
-120
-145
41
-98
-216
117
34
75
115
111
-209
-66
-10
167
-180
-4
-312
205
-201
-102
82
345
228
55
-341
-126
117
12
63
-280
-93
-84
90
104
-199
141
-178
22
-207
-112
-41
-230
-74
-217
50
97
-224
78
83
7
183
-116
-145
-204
-65
-40
205
17
160
-206
-156
241
-105
-107
-119
-279
-104
180
-107
268
-37
-113
79
189
-526
10
187
63
61
390
-239
-198
-115
-236
315
42
-106
-16
158
-310
70
-36
-126
-226
223
66
96
28
12
30
291
-146
268
-138
-204
9
105
3
-36
84
-29
-57
281
-90
83
92
-297
42
150
-49
-179
47
-168
160
75
-33
-141
198
-112
92
-232
-70
-202
-409
-66
241
135
-101
213
88
68
17
165
101
383
276
-188
270
-116
-94
1
236
-73
-59
94
-179
320
27
32
61
8
80
-8
208
-160
-2
41
-83
-121
-4
-314
-41
387
-290
3
-60
128
352
-155
100
-2
-76
5
165
-126
-340
196
-13
121
10
-94
-66
-251
33
-30
-180
34
100
305
289
-134
31
-22
-186
131
132
244
109
-55
235
-101
128
-133
-165
-377
260
333
253
467
30
-149
-79
-17
-56
-54
35
74
-109
69
-25
-20
183
98
89
35
-173
275
-19
11
221
98
315
-77
-206
13
-51
241
98
116
-142
76
-90
96
-68
-144
364
-33
61
157
-389
62
-178
88
-66
208
-40
43
5
-185
169
17
155
117
-73
-107
-152
-44
-151
22
173
-56
279
-93
-39
-41
-144
271
564
-80
334
41
115
186
-143
-22
72
129
-42
214
-55
42
-21
-90
-62
-8
156
-237
-107
-102
-151
124
-197
11
-161
-229
257
-5
-132
-153
421
-232
165
-6
-22
-160
65
233
12
27
-128
374
203
-45
-33
11
228
-113
134
9
37
-141
1
-52
-202
-109
50
-157
-59
-79
106
229
86
149
153
-62
15
-193
-385
-146
158
134
-258
-101
428
-59
-334
160
59
-48
9
-19
-303
-168
155
-240
132
85
-254
168
-162
165
-102
38
-45
-80
-123
112
-59
-323
112
-40
-164
-145
-36
-228
-112
-70
-85
270
78
-219
-82
-31
-84
210
302
-150
-11
-10
96
-20
-76
-94
-252
261
60
-209
-24
101
129
-153
153
67
169
-206
110
76
13
-158
84
115
177
77
-156
293
8
239
-154
-103
181
-14
308
239
-130
232
121
11
68
-173
-290
-260
-29
-11
262
-159
-66
66
230
-136
128
-11
133
19
151
328
-74
-138
91
-262
33
6
182
203
123
-33
431
258
-108
-79
-35
23
-148
100
-121
-88
-74
-56
-99
238
-173
-171
-179
426
-211
-9
-35
241
137
-147
33
-74
77
-36
-90
5
-45
178
-184
-124
175
-90
111
-92
-78
-152
89
42
15
138
-284
-195
-45
-312
-250
-6
93
-42
-218
-6
281
-107
-27
284
48
3
-87
299
191
-182
-132
248
-123
-71
259
84
159
186
23
71
108
190
-259
122
-145
-156
-219
-289
-162
-36
-97
178
355
446
-132
-182
-98
-22
204
215
-9
11
16
440
220
-142
-249
232
-70
-176
170
-141
-65
68
-64
141
2
228
85
-274
169
-48
-33
113
46
-232
133
82
60
144
-9
91
-62
192
115
88
94
-377
36
64
118
107
54
16
-49
-85
-34
-160
-36
-349
-17
-35
105
-200
-189
211
174
133
160
-43
283
58
37
167
118
-113
82
67
-190
-197
-186
88
126
-67
117
52
-111
140
121
10
189
86
-85
-33
-177
-303
-163
-40
-22
-315
116
97
-115
-13
-5
-55
85
48
86
75
-256
241
-185
17
-30
84
-125
8
35
34
-55
-143
-12
-73
51
-37
-16
-106
262
209
-86
-86
-68
-200
-140
195
148
-327
116
134
-77
17
-104
0
-163
-71
-38
118
-109
-119
-84
186
271
265
178
-147
68
-247
157
-89
180
147
225
-91
-45
-408
-87
-107
-33
-338
214
6
104
-381
-83
-332
91
-85
85
158
-77
276
442
232
174
-29
-42
-34
-96
156
-100
-244
-207
-214
229
172
246
-330
-110
-72
23
-151
-110
-181
-179
-26
-118
-339
165
-96
-361
-194
61
122
344
-57
-237
76
-257
-186
-66
158
-52
198
-141
13
-15
3
-90
202
-63
-333
34
126
-82
130
289
-138
112
-169
-4
-67
180
-164
126
119
-99
-4
-11
186
-306
-163
149
-357
74
33
236
-250
121
-107
183
-347
-74
264
-25
20
-7
-252
-32
-309
-59
111
-216
-198
-114
218
-242
125
-159
18
55
-61
-52
-317
29
-281
344
164
209
7
69
33
168
-8
145
265
-108
41
-62
212
246
-74
-85
185
212
163
181
-16
94
-1
183
5
239
-370
23
126
-51
-193
12
92
105
-218
74
179
43
-261
73
71
-175
50
-137
-77
56
-246
-195
34
69
217
-86
-163
3
236
79
98
40
-124
-220
-292
-177
242
-20
160
-75
224
-73
49
-189
-26
135
-18
44
166
-111
-30
-133
-158
-41
-96
258
102
-157
-33
-267
100
-111
118
-162
-120
-3
2
131
-143
99
56
105
67
-117
-113
163
-109
226
-266
-71
-47
82
-81
0
199
262
60
39
-24
-84
131
-24
122
488
33
273
-178
85
31
82
-221
-101
-180
220
-161
138
194
158
-96
262
-150
80
68
28
77
156
262
8
-27
347
-97
-215
17
343
-70
3
234
35
218
-229
-207
7
-193
204
115
175
-44
81
223
46
14
-91
48
95
-147
-103
-291
-3
155
-31
162
-88
-43
-40
8
-17
123
69
-323
422
157
-208
-261
-378
-183
-45
-95
159
97
335
-175
-151
110
-38
-172
-14
-184
-216
-108
-273
55
-179
-61
-135
100
-49
68
213
158
34
-64
3
250
-17
-65
-108
-189
129
250
82
26
-351
4
-149
301
-264
-24
213
101
-272
-142
145
-56
-4
483
202
65
62
290
-235
373
52
95
145
146
277
321
-192
-188
-22
71
-178
193
247
-98
390
-19
-169
161
-159
121
-133
-285
71
585
195
224
-288
-108
-110
120
-131
19
214
8
-162
-200
20
238
-96
4
172
-185
262
-314
-106
-182
-329
-26
244
127
-196
49
222
163
164
30
85
-251
-218
185
-340
-378
141
-65
-138
-35
190
35
136
187
-352
26
144
80
-333
64
119
9
149
23
34
187
-82
326
-88
-20
43
269
67
-150
-100
-36
54
70
-88
123
-19
38
191
-41
310
-72
-92
229
35
-176
-20
-116
219
-45
109
-276
-188
-12
-18
-79
-257
69
93
-174
207
339
192
342
-184
4
-181
-25
11
79
-74
45
251
-80
-312
99
271
-103
451
35
-75
-66
-27
27
181
107
265
-103
104
-247
158
162
-266
-20
-578
219
-15
-124
209
-441
96
60
-17
-44
-304
-41
225
12
-3
-93
46
-129
-53
29
-103
-72
284
-174
-21
-367
-136
-262
-204
-33
206
26
-109
-87
-108
-194
258
3
46
-67
-118
-20
-241
-253
5
-54
147
0
-47
38
171
-146
288
-18
22
-133
-494
39
414
135
20
-312
-155
183
-13
434
144
85
-73
-175
-75
78
-4
16
-54
-9
-38
116
71
-177
346
59
-148
-155
168
259
-340
-33
326
-249
68
-266
105
-193
-160
-217
47
102
226
-138
-233
-61
-419
-123
-105
105
-148
-283
-201
11
-26
245
187
13
-175
243
-322
139
178
-290
-292
59
-184
386
57
-186
-8
376
-254
-45
245
-16
-232
192
141
-124
-94
-21
86
18
-104
56
-21
95
-244
341
-74
-1
-289
-333
-18
-2
-460
141
139
126
38
276
88
50
108
-122
266
-119
-80
-65
203
-126
33
88
-150
257
96
217
174
10
-164
179
-49
-20
-185
52
-79
-425
-315
142
-281
265
62
114
241
48
143
-215
-18
75
-129
-164
106
-280
126
284
-72
-217
171
208
114
160
163
272
47
-5
-35
-91
-237
-119
-154
-137
46
-25
95
18
-462
319
-128
-40
101
-69
-189
111
48
17
-117
-6
-249
-191
-157
51
-39
-215
373
-64
87
-314
199
9
-200
-18
-112
27
-179
-210
-97
305
-11
-217
201
81
-76
218
253
-121
-27
5
165
-31
36
-3
-11
94
197
-35
-231
-203
-156
89
22
-80
-8
261
-11
-4
146
-61
40
-156
-235
-163
-208
-85
-55
-56
272
-48
136
-221
108
-30
136
-268
-119
-65
37
105
63
130
-33
-42
-282
79
269
-3
-242
-445
113
-336
-511
-8
-150
-31
-202
-80
-159
-48
-332
-95
85
184
111
-210
18
-55
-140
-191
-84
-599
-167
38
-295
64
240
234
-4
-129
-44
-131
-161
142
316
312
69
99
-68
196
-226
129
13
168
251
109
-51
-42
30
18
-96
141
15
-66
-84
12
134
22
-14
-39
-85
150
164
-239
-63
374
57
-156
188
-42
-173
231
-139
-146
-120
-202
-105
95
344
142
62
-12
-121
-132
-231
135
-134
-212
-297
-110
282
50
249
308
11
58
-51
-168
144
30
-268
-252
-137
20
-314
128
117
442
67
-97
245
12
354
-202
107
96
-71
72
63
49
99
-141
-93
304
227
518
71
206
-61
-45
-90
290
-223
205
-225
8
55
121
-165
-196
61
-21
-52
381
-114
264
-25
222
126
307
-28
373
303
254
38
-282
35
-33
241
265
287
-72
-136
237
-45
-64
7
-174
170
115
-382
-294
197
-121
163
190
28
-234
3
-219
-2
91
470
83
124
-154
-200
373
-34
43
-257
-67
-133
-80
-226
440
-179
-7
124
-151
116
180
178
-126
154
-99
85
151
-19
-258
-72
121
-161
47
156
206
268
-185
-216
-117
-52
-174
-294
134
-26
126
19
425
371
-95
-57
7
336
88
273
277
146
48
64
126
183
147
-70
158
-42
221
-111
206
156
21
34
15
-53
198
357
105
95
-24
-88
-93
-82
54
361
-30
-218
66
-38
-44
-227
-159
-81
-73
162
91
28
-47
-296
-110
-227
-20
-229
-99
74
-139
-132
-11
-129
113
-129
138
-131
-43
194
149
166
-67
-172
48
81
-201
3
-90
15
10
84
61
35
28
38
-140
-215
-116
99
-14
-242
22
10
-30
162
26
6
88
138
-42
94
-219
59
-95
290
166
239
-55
227
-99
-42
80
-48
-26
-50
92
16
-35
-128
25
-139
548
47
20
287
140
-84
89
62
-89
-49
-25
-138
-306
-187
-10
-55
295
268
62
224
-323
-332
-64
86
-144
-114
-358
98
89
-72
9
-114
48
483
64
-178
392
-18
-154
119
314
-113
73
-132
39
25
246
-183
61
118
-152
-231
206
115
116
119
-115
-170
138
-395
44
-53
311
-86
-85
180
279
47
67
4
207
-61
-360
-31
48
-207
-41
43
-161
-39
-106
-46
-99
-230
-105
-15
-186
193
187
-382
366
-408
-137
-60
175
-255
-180
98
89
140
251
0
-67
61
376
66
170
-367
66
-36
2
-242
115
16
29
74
-30
-305
62
-48
-167
229
-54
16
-21
-119
79
-55
31
-150
-158
66
96
-186
265
25
151
-29
-161
-550
-151
117
94
293
88
170
-134
319
213
264
222
15
-65
-111
-226
-47
-108
-32
25
-20
-5
2
103
-138
131
-38
-92
37
113
-23
4
269
113
-100
-76
-207
213
162
-4
348
109
-18
-50
-89
156
78
112
-13
-172
13
15
-39
-77
296
28
-21
-144
75
103
-198
27
112
282
97
18
270
-117
-62
-132
-65
-82
99
-12
159
-159
-107
-298
80
-66
-13
-37
-51
71
72
4
-243
-171
323
148
-167
152
1
358
229
-43
-13
55
268
354
-173
-129
189
222
-15
11
75
-135
92
-7
266
46
-101
-137
273
-129
95
-162
-103
-190
-314
-108
-180
229
90
2
-39
-185
-36
144
69
214
127
-67
155
136
191
-93
-161
147
-84
154
-28
-218
-155
-204
197
-262
-225
72
-12
-221
50
-162
564
-16
125
88
175
-268
-141
6
-75
140
-252
-150
-14
72
-85
76
21
-126
27
289
116
-165
-46
243
-4
10
-68
8
-137
339
105
-17
320
-218
-96
-129
303
-118
-74
-116
48
121
57
-295
262
-121
96
222
-178
37
104
-38
-117
-122
170
-4
6
285
-12
41
-256
59
104
-84
-80
159
-283
39
21
-59
-49
-29
100
-61
1
-60
342
-240
-159
-47
-56
60
30
-201
0
-118
62
102
-251
-62
61
-20
237
76
43
81
-183
131
-26
74
-282
90
-56
-7
-152
-151
152
150
77
-25
-208
66
28
-156
22
265
12
-72
-31
-60
-80
-370
-38
-231
121
-24
-235
23
262
263
-150
-113
-86
-17
-202
-231
-191
-95
-167
276
-546
169
17
-40
-41
-166
79
95
-259
-5
20
31
385
-297
16
154
150
55
38
76
42
199
46
195
-12
28
-6
-108
333
3
180
202
411
350
-56
63
80
163
-107
-424
-55
-16
105
271
-4
133
-245
-135
-73
-176
128
113
-105
-9
-24
-62
37
37
-10
62
69
-13
0
-43
287
216
-186
370
51
71
304
-101
161
-219
-97
-170
116
111
49
146
34
-347
-79
90
-334
-148
-156
24
-56
85
95
-248
205
162
-200
131
-101
61
155
14
119
-17
195
229
145
-194
186
328
-79
-39
-153
-69
-106
43
130
81
-76
-32
47
57
-274
-2
54
20
-122
205
203
-149
439
-332
435
-11
208
-6
43
9
-42
66
204
111
-303
-336
2
-122
-9
-223
109
-59
-242
-83
-1
-109
17
125
-165
-53
9
64
-102
175
425
-68
93
26
96
-167
146
239
75
73
126
93
-97
90
20
-96
-144
-86
114
-74
199
235
-85
88
205
255
344
54
-246
26
61
157
-86
-129
39
-74
-123
167
119
404
14
316
22
-1
-183
-31
-348
-244
-16
43
-56
-204
-194
98
92
205
193
291
-43
108
153
-153
-21
80
-121
-18
219
-58
189
462
7
-250
-60
-42
214
-58
-44
174
87
267
5
293
-55
-361
-43
-372
459
-170
-85
-142
-2
-115
170
-19
254
-178
-57
5
-138
126
24
-104
156
94
200
269
-232
-88
140
100
-238
-156
93
129
234
69
367
242
123
-177
78
2
110
-50
233
228
48
328
-314
-85
-374
112
-318
-133
-7
219
65
-39
29
199
160
-135
-172
-168
6
55
-5
-27
102
178
91
27
-103
-128
6
45
32
99
112
-207
45
-152
-14
364
-95
-152
32
222
-145
194
-39
-206
216
-16
189
-69
-159
-85
-99
285
-55
-200
59
345
167
173
37
-52
-57
-200
283
96
-98
-108
88
121
126
104
102
-35
380
174
-10
-18
104
12
103
-159
62
-4
347
62
-40
110
60
-223
68
-66
88
165
-127
-106
-155
56
36
-34
61
25
-330
228
44
-361
462
254
-42
-48
-17
148
191
88
76
53
-1
-120
117
113
94
206
-117
-247
-379
-208
-152
124
-134
-272
-159
34
223
45
-38
157
123
98
178
66
-168
28
-43
233
64
-251
-53
-61
-342
83
-80
54
-302
-30
-144
79
-145
45
-84
21
-77
38
-151
-92
134
58
-155
-119
8
60
98
109
159
11
5
-149
-410
-185
22
-49
-18
-135
-136
104
592
93
-25
-12
-33
-71
4
-91
-94
-69
34
-323
-114
-59
-59
-7
78
-244
88
-38
89
87
105
-262
-152
-14
-247
182
19
165
39
47
198
207
-30
-187
-22
80
-176
-16
-176
80
-198
-266
107
170
-26
161
-109
124
-25
224
77
42
-15
-3
-276
-60
74
-203
-24
-402
88
-126
-384
88
192
58
104
215
202
-125
303
352
-90
-132
-24
-3
273
-213
-16
-37
113
-33
-121
78
-206
118
-163
-69
42
24
86
104
230
-5
-127
78
-79
33
-31
63
-35
-49
86
234
89
-12
-13
307
314
-116
-186
63
30
128
-32
-93
173
-114
-216
-121
-390
234
219
26
338
98
257
222
126
-25
-150
-53
-100
193
311
-90
-35
214
-25
-8
132
-57
-295
-61
-94
42
-176
-193
-159
142
69
233
-132
380
-233
-9
118
1
-49
11
110
-68
-139
-37
159
70
-84
366
80
-65
71
-87
109
-297
-258
-114
-32
-177
289
277
-111
-108
-85
-135
100
-111
-89
-92
233
-30
-152
273
-95
199
-139
-307
98
146
-154
-110
-91
26
-327
-161
124
-36
50
14
-186
-67
-199
-14
145
177
-155
159
255
-134
92
-52
83
79
211
-80
4
151
-129
168
-272
-36
-89
114
-267
31
88
44
-50
50
-178
61
-271
-293
190
119
383
-197
78
37
287
256
15
38
-87
-210
288
-275
-340
-3
13
243
141
84
-13
-84
-52
125
-197
-37
-60
-107
-252
69
-12
38
-87
-251
213
244
275
-18
-421
68
195
-79
12
-36
232
30
-38
-142
-266
-135
-196
-62
21
-83
-279
279
278
42
15
-169
-6
-148
171
-180
84
41
44
-55
107
105
-49
-25
96
22
-172
3
51
131
269
190
-210
-184
-101
102
14
-124
-101
-204
71
-108
-19
65
-50
-378
-151
-83
-32
-225
89
90
164
74
-15
96
-90
68
-79
6
126
-202
-88
226
61
250
34
-34
241
39
4
-473
68
43
63
334
-4
246
125
249
213
-323
38
-156
363
71
154
90
152
319
-50
-226
85
-9
327
-241
150
-200
95
69
-24
-138
-105
-127
-102
-26
-241
-71
27
-394
298
-108
-135
-95
29
268
-100
116
-156
-144
-144
14
23
296
-71
-6
73
33
29
82
201
-308
-220
187
385
78
-240
-148
25
188
-5
77
-45
70
131
-484
-31
168
-62
-311
-73
-178
90
-59
-250
98
-180
-158
-237
-289
-224
322
110
254
2
-49
165
80
3
89
67
-31
-27
-15
-89
478
216
109
13
-105
-110
229
154
82
-133
86
-351
133
-144
-311
40
-338
-186
269
246
189
149
-34
111
-16
7
-48
246
-30
-406
113
-78
-30
107
126
-5
210
-226
47
-73
199
-16
-27
-62
140
-94
75
-111
160
-234
-17
-245
-120
22
-300
242
75
-22
-129
-158
-99
11
-284
-20
-176
217
-38
-99
-253
-370
248
62
-80
-254
218
224
94
-40
-134
-93
79
273
-127
182
113
-153
273
-141
-88
-24
141
115
-142
316
223
313
231
-88
53
18
-178
97
108
23
-168
-280
143
84
76
119
253
211
132
-186
189
6
-128
-26
213
-286
203
-391
-122
294
-467
78
-336
-168
177
-357
305
-24
7
-44
99
-181
-112
128
157
-34
-359
144
-36
240
-74
247
54
-5
-2
-45
62
-33
80
145
-136
-15
163
17
272
-31
59
-257
-17
35
-120
120
77
278
-419
132
135
-110
-40
368
51
62
248
63
29
205
72
-20
-160
-102
-96
194
-97
236
-160
-224
88
29
-175
115
34
-52
174
525
139
245
354
-145
115
286
-202
60
150
35
-26
-210
-313
-79
32
130
250
-82
-197
-195
-105
-113
30
-211
-183
188
-127
-42
74
-58
-69
250
-95
193
5
-81
-43
163
-122
191
-234
-147
179
-7
-13
-223
-49
-281
-309
32
202
-38
-82
42
25
50
276
86
17
180
-51
130
-238
149
-33
-196
-155
-24
-147
237
-35
159
216
329
155
126
-132
144
82
-8
259
-31
361
63
-222
-191
-100
92
48
-82
-60
27
426
163
-78
168
169
15
200
-2
-4
310
-53
207
144
-381
168
228
267
-177
-77
45
79
184
-408
244
-258
228
190
129
-149
-196
138
-181
-65
34
-71
175
-77
271
231
-205
-90
-184
-177
54
-115
-292
63
38
106
-131
-2
-40
408
103
-37
-159
-38
-250
192
176
-77
77
-356
-33
-86
304
42
-50
-72
-33
370
-228
-39
128
65
-172
52
-33
-133
-31
-28
-42
-323
-24
30
-119
63
202
29
-132
-53
-37
-9
249
44
-193
87
159
452
74
36
49
-54
36
-113
19
-311
-217
-230
73
-124
159
-135
-162
-14
-36
180
8
-86
0
25
330
-195
-60
-31
-168
-74
-157
139
-332
-201
-19
146
119
-106
7
123
-124
-118
-141
202
44
-86
-138
224
254
-290
89
16
-62
-59
-26
-59
89
223
-6
105
114
21
-203
221
-160
-102
216
243
-481
148
85
44
97
28
165
134
263
117
204
-112
87
95
-81
41
141
-179
244
-25
207
-144
44
-224
126
-123
122
36
-161
30
60
-35
57
116
369
172
-158
212
191
-178
-74
-154
38
-28
16
188
-31
-5
-25
81
218
-95
-240
42
-136
216
165
-115
66
219
170
-41
36
160
-31
196
-181
24
121
-84
-91
-19
-362
-224
170
-146
-7
-226
175
205
10
31
-159
-47
28
45
-66
-278
187
-143
-59
19
216
-283
141
240
-111
-421
-66
151
164
-110
356
37
-296
40
-151
58
276
119
-20
-32
-232
46
45
-173
50
-146
7
75
46
147
2
359
-222
36
271
-78
-75
114
-119
-214
192
138
-15
-214
74
-442
-100
-22
11
-167
-192
20
23
-30
173
-126
103
396
254
-47
-15
204
207
-209
90
-110
194
-176
166
17
-54
-256
-11
9
44
113
205
-7
-287
305
230
-64
-207
-37
-320
-204
-160
198
-156
69
-146
71
-65
155
92
286
-435
-117
-125
-53
-331
-212
235
-34
233
88
117
-95
19
-64
-34
-53
-61
-75
198
62
-1
-49
-66
-51
-64
-25
331
11
168
193
-57
-98
-122
-284
-129
31
43
19
17
57
123
85
-75
-131
305
24
-37
-216
255
49
209
110
36
-120
30
316
223
18
-14
25
-137
-121
4
162
-7
-149
-170
-21
-130
-99
-112
69
186
280
145
-306
20
-200
80
-9
15
68
36
220
74
271
-34
337
-72
-173
102
-23
30
-90
-243
-207
23
118
-35
-85
200
48
-352
148
-19
-158
67
-362
-17
-78
-90
-57
-95
-169
-86
350
63
96
84
-93
-281
67
-205
-10
229
-128
-36
144
95
-218
358
-16
189
-354
27
-44
128
-99
16
10
-172
148
-39
81
92
57
150
-84
-279
156
-194
-171
169
228
87
-357
51
-10
-147
107
-326
254
-126
-396
-192
72
-72
66
177
31
156
118
116
12
-193
255
-131
240
-24
-141
-229
260
193
-54
-68
341
53
253
-40
107
-90
-258
-135
57
-10
156
-49
-166
-108
154
-158
139
199
-415
-248
250
-169
18
-16
-139
60
160
82
-18
-37
-66
119
-149
-50
176
212
-86
-60
-85
143
116
180
-108
-163
-98
-13
132
-71
-46
4
76
-15
-96
-381
108
98
44
46
-30
-179
-150
-88
-369
-80
-255
-46
-197
-104
-35
-52
34
-49
-1
-7
11
39
44
53
180
-221
94
306
346
149
17
-4
-109
138
-117
-16
-169
9
303
96
-106
138
71
72
315
140
17
45
375
-46
45
-41
-544
-187
-137
-125
143
8
109
-9
324
-128
8
5
403
-340
-53
50
-75
19
66
15
-3
38
389
171
-102
-49
82
-51
58
-9
-3
250
-79
65
-79
60
348
-152
247
142
-15
-47
-354
29
-192
78
59
302
174
215
102
-208
-79
-26
-87
-15
-19
66
-83
111
-84
100
44
-16
-417
279
-187
33
117
-70
5
136
51
-123
-173
57
-58
-140
-218
-285
-230
-266
411
120
-65
219
93
-86
226
-125
-11
-16
-23
81
-39
-75
101
46
200
-382
129
101
341
116
85
-196
-127
-131
-19
-94
-178
115
-49
132
-189
37
-71
105
214
36
-18
-193
-47
-231
33
197
-100
-102
-211
27
170
35
-75
321
136
11
-79
182
-409
271
29
219
174
321
-4
-28
-117
-398
49
11
-7
291
11
-68
103
42
-412
90
61
-273
-79
-117
16
-37
0
83
156
-234
-201
27
-300
-100
297
86
29
175
-422
-131
-142
260
186
-54
154
404
-38
137
-129
-50
6
321
-211
-63
130
-3
-269
19
74
167
-143
-5
-128
166
-86
205
95
26
-187
91
-199
61
-180
14
34
-46
-227
-69
-124
22
-249
-349
22
-18
291
-89
209
208
72
192
-87
-8
128
189
-21
254
302
-199
-15
78
-40
-94
104
-17
207
76
-48
193
86
-21
-243
-92
174
-239
59
-86
-178
282
-64
-7
45
217
101
470
200
-104
-31
14
33
35
50
162
-250
-284
-74
41
-228
-164
119
32
-185
51
94
-67
77
-33
142
-166
68
40
66
-114
-73
49
94
214
-21
-88
-135
-45
-348
34
36
96
279
138
5
249
187
249
-366
-38
-65
-116
-128
172
-186
356
-33
115
107
-51
-195
8
-400
-39
-95
-82
-104
-136
204
-118
-311
129
200
226
-61
-151
-129
-25
-62
-148
-454
204
447
-36
-42
-58
48
-56
-16
-378
25
169
102
203
-148
-163
-108
-111
157
-176
187
16
54
1
311
175
-106
-119
-40
-126
-255
200
-83
-154
25
218
-234
-62
-138
15
-106
-82
107
-272
105
-20
33
174
-65
66
-226
-225
92
-147
-192
124
85
91
14
162
-144
-31
-191
-171
-77
98
89
-73
20
187
-53
-58
52
95
-132
-104
73
13
-196
-176
69
-161
-94
3
151
159
-87
-237
219
-8
-97
155
-248
-153
-65
41
-30
251
274
186
-2
216
-27
-35
-82
6
-242
-187
102
101
180
135
221
230
-104
-124
53
167
5
22
343
270
-16
153
-33
-72
150
273
216
-83
-30
-22
-23
211
-8
-179
-73
93
250
-7
252
152
-34
-10
242
-121
-68
136
-178
-101
52
-53
-24
-90
20
207
136
84
-202
-124
160
-31
-95
15
70
5
-82
-93
220
7
-55
-57
-289
229
256
-72
151
-14
141
-116
59
-39
-226
-30
140
-187
4
65
55
-39
-24
171
-13
27
-19
-153
226
60
16
132
-328
-206
43
279
134
107
-169
8
-71
36
-162
146
142
-256
208
-180
85
-226
-72
215
-248
41
171
-95
35
132
-369
-296
26
-42
-145
250
57
200
431
146
121
-255
-101
13
-203
173
-64
-67
-108
62
-151
-285
-97
-22
139
-34
16
12
55
-126
49
30
152
-152
197
-59
-136
155
286
57
-219
61
154
134
-44
-8
-90
-264
-277
-363
-33
-64
-170
9
-199
-347
5
156
-37
104
-6
12
-478
-85
-117
-153
138
111
61
86
6
300
124
26
330
-256
-131
-79
-210
185
-87
-54
-338
-123
154
-79
-35
168
251
201
126
11
-12
-37
92
272
0
130
-190
475
295
-242
-256
170
44
-391
82
-5
18
31
-112
-167
-126
63
62
-13
96
-355
-90
-185
275
192
414
-90
-14
-159
-232
263
136
72
-113
272
-428
148
-62
3
-131
-195
-166
433
-85
-120
-76
-279
-80
90
-259
170
-160
-198
71
241
-130
-37
-64
231
-13
-132
189
52
328
-10
-188
-35
-91
319
49
95
-145
99
53
48
-48
3
-139
-158
-338
14
22
-526
-179
-56
-122
108
-244
252
343
276
-254
117
137
35
-64
-13
1
-232
183
-39
-158
-48
50
126
76
-207
-181
-84
-6
-254
171
-29
192
-109
173
39
173
-44
-31
-332
39
151
46
-17
69
403
-166
83
253
68
-150
111
44
-248
-79
100
-69
-77
-86
-47
42
102
134
54
-173
-293
86
305
356
189
-212
-84
-10
-60
-301
28
220
-130
-116
535
53
20
-51
392
10
311
-95
-83
311
138
-6
427
-11
303
-281
-251
-145
-425
-102
-241
224
-395
-92
25
-201
-59
266
72
72
237
190
-15
-38
80
273
-36
150
52
-114
-136
147
15
-121
-153
-432
166
-236
3
-155
54
75
-226
-204
-327
-41
28
-242
151
53
151
52
-9
239
-282
331
115
-32
235
-395
53
-353
-26
115
-200
32
149
-436
-278
-51
404
-100
218
156
101
80
81
-61
93
-63
-10
-22
-150
-143
-36
-28
104
-120
-40
99
-196
-84
55
-71
175
-161
76
237
-69
128
-77
241
2
-184
141
155
0
-215
-25
-151
-262
-147
-94
354
30
184
249
-134
113
63
92
-91
92
109
-481
480
11
-101
-236
217
4
-190
-233
-253
44
5
275
32
53
-86
142
43
73
54
299
-44
407
342
-256
-48
196
285
-184
72
160
-26
-94
-84
88
-2
-29
46
96
97
223
25
53
93
194
-78
249
274
-338
-304
148
-171
-3
62
113
-51
-163
173
-57
-133
-29
286
124
-372
86
-396
70
437
24
57
-303
-160
6
61
43
-70
12
20
-209
-40
-285
-80
166
-41
9
45
-374
-506
-292
70
204
-97
19
-123
-123
-53
-151
108
301
155
-54
85
-172
-48
66
-157
132
168
12
-172
106
231
26
-188
146
69
-142
-173
2
-22
181
11
-17
380
-191
-30
43
135
106
11
122
-418
142
86
-71
28
10
-14
-27
-323
-84
-127
-25
-39
197
-172
22
-221
-89
-78
53
37
53
-133
-68
69
-233
-38
143
-246
-177
58
34
-156
49
180
1
-33
126
225
-111
-117
-49
54
31
157
180
18
-81
37
98
234
142
152
-187
-19
190
-148
26
-49
-232
-48
232
132
-143
-202
55
57
173
-135
-448
235
262
190
23
-212
-91
-96
-110
78
-339
-274
-137
67
-166
-43
-76
177
180
287
11
-24
18
-51
-318
11
248
43
105
-383
-69
-128
-92
-33
345
-268
-370
-9
319
-213
61
-202
262
82
393
-41
209
384
166
263
-83
-40
294
47
-15
178
86
-162
191
-177
-102
-176
99
-26
-138
35
166
-131
-17
86
110
421
53
-1
85
-29
176
-76
189
-22
-111
2
-166
105
122
-276
-186
102
396
279
213
8
-137
14
-62
147
190
209
205
15
79
-264
19
-95
295
45
264
-31
-202
-279
180
-153
47
150
133
243
78
-67
108
176
10
-69
572
57
-10
102
-3
-60
76
-129
-108
120
-201
-35
1
118
69
5
-119
61
-28
148
227
-137
3
150
-44
-37
-110
59
-30
79
-251
-50
-86
38
258
133
113
-95
67
163
32
89
42
-144
183
-119
154
214
32
-156
-205
-132
-42
26
82
69
-169
-81
-116
-194
-149
-428
-111
-82
-75
157
-246
86
64
172
-316
-156
192
109
182
273
111
75
-280
117
-482
-8
-50
271
114
46
25
137
29
-280
105
207
-78
-38
-288
270
-357
-78
-177
-88
-167
288
-35
-273
-309
-21
154
147
132
115
49
-82
122
105
-540
311
-7
-159
-34
73
122
-12
91
169
-309
29
134
257
153
-262
-98
23
-206
-119
-187
21
28
-25
165
151
-74
109
-29
94
-128
180
-71
270
131
-15
149
-41
-184
-240
133
188
-108
5
-42
-87
-351
7
314
-108
-19
149
284
249
55
75
151
-204
138
-40
237
277
51
-99
74
32
138
-13
83
-65
144
-408
-164
-147
-149
108
178
131
-286
50
171
-135
-314
328
36
163
-24
-89
-279
-207
300
154
182
-17
-338
191
352
-239
-232
-106
10
-100
87
-7
150
-66
320
-75
-22
-32
83
41
-331
167
-13
-48
408
135
-224
126
245
-241
151
-56
-358
144
-264
-100
123
-7
5
166
-113
-1
-147
-151
-100
289
3
-235
247
-40
-108
58
-163
-3
-253
150
-83
60
-4
53
326
5
-56
312
-130
166
-151
27
-253
-233
17
-150
-191
-2
57
156
39
161
-186
130
-106
77
-258
368
-116
-8
308
146
105
-100
35
-71
194
75
51
175
-496
222
-8
51
45
-75
85
215
115
-311
249
-201
155
-280
82
76
-203
-61
-121
236
-121
244
391
-11
-18
-147
168
198
55
72
-32
30
-82
40
60
-23
-533
-230
141
75
57
-215
-106
-228
-103
-286
76
-79
321
104
-78
86
-94
34
269
-63
21
-297
112
-318
154
-359
-69
357
74
285
-176
-158
-78
53
-5
-103
78
20
-114
83
83
-361
135
-199
352
-232
142
203
-6
-3
-372
-317
308
147
-211
146
219
268
-93
7
275
-9
154
-328
55
73
106
2
-74
115
-32
23
-222
-238
90
7
212
118
299
72
-7
-88
127
7
-467
15
170
-33
67
27
-247
-35
30
-202
-259
-127
28
-36
210
-8
-31
175
31
255
83
89
174
84
-64
113
-117
-130
67
-266
-331
-27
-217
-28
268
109
159
-192
134
-13
-348
-274
-20
149
-349
155
-96
220
-112
49
-47
14
13
290
227
-78
-217
30
18
212
-13
28
-159
-322
-245
232
-13
-336
-104
52
-497
243
211
-101
123
-287
-13
23
21
-51
-195
-296
-324
94
-198
-89
-179
-88
-12
-38
93
-267
-126
-74
-12
-180
258
112
-322
-58
26
-201
23
401
-160
-313
95
91
37
45
207
-224
193
52
-61
-47
53
-366
42
-226
-303
-44
61
-1
-186
-214
19
-197
-22
-112
-41
-216
161
-29
-31
188
282
-108
130
-108
204
157
54
320
21
230
-125
14
172
158
-404
66
-65
-74
-30
62
143
14
300
-10
24
-135
166
362
-131
184
-123
-151
231
-218
21
-81
-289
-130
-7
-118
178
-68
-45
25
95
-196
183
188
-171
217
-143
-322
110
94
199
-31
-102
213
99
394
140
125
-110
200
-177
26
-112
-156
-69
61
309
-47
-69
-264
-37
146
210
-5
54
64
-29
203
-285
-116
104
-116
-213
-22
234
-194
-59
262
-171
21
216
-99
98
-52
-257
300
-12
-289
-332
-51
-186
-95
0
-95
121
124
-169
-461
37
80
192
-103
108
-313
49
257
-43
183
-357
-172
352
-179
-26
-106
126
83
148
189
19
-36
117
-345
-178
-306
64
73
-355
-127
-141
-56
170
175
61
47
102
-100
-64
-18
-18
-139
-113
90
-164
171
-164
112
-11
11
65
-255
-62
-152
161
-118
-263
-183
173
-377
39
274
148
145
218
-223
-55
120
20
-240
-34
210
-67
-308
-19
-215
84
-254
236
-169
-64
227
-11
111
181
56
-65
266
-36
327
-75
-63
76
-77
-7
9
239
-106
-128
56
261
-69
-26
-9
30
162
186
159
45
165
-78
159
-11
160
-146
98
85
25
-134
-297
-41
-180
256
-234
123
273
-17
-38
-81
-138
165
133
176
-322
176
-28
-133
147
-87
-92
32
-141
155
140
-54
67
-316
-68
-86
159
182
-28
-147
-10
-162
-263
-12
291
158
-88
-25
1
-100
-190
-248
-74
314
-210
-133
195
-12
281
88
-40
68
170
-54
-42
-14
-118
-63
-249
-349
2
-80
-187
-336
29
201
-136
356
-89
-110
-88
145
168
-188
-60
9
-31
198
-175
-139
161
-135
78
-56
-33
-5
-201
-233
-154
295
-130
-54
238
-35
-135
56
-119
-86
-57
0
87
-47
181
331
95
-259
214
284
-59
106
-280
-31
91
129
-151
32
7
-72
278
182
161
-126
-12
211
99
329
-237
-150
-13
212
-83
-173
473
91
-335
-267
118
155
-71
-58
333
125
-200
-394
204
-54
130
199
-310
-209
127
-117
176
-133
-72
-70
-29
53
-113
4
7
18
-108
-241
-117
-110
-62
-283
-277
-67
87
-344
134
-81
185
-146
138
-42
-32
-40
162
45
-299
-94
-34
-148
65
84
125
-319
29
130
-215
-84
83
30
-254
-305
140
-72
29
-5
133
76
-105
66
-97
226
-347
-54
129
-399
-26
-202
-123
-220
-43
249
217
260
-187
143
131
-283
290
-160
151
-182
136
-351
-186
-16
-63
2
-344
236
-36
12
186
-188
-115
295
-161
-72
16
-181
36
9
188
-8
101
-243
-219
-151
61
257
-218
-107
146
-430
-154
-247
-40
-33
-326
18
279
-115
242
-75
-127
-6
-30
-162
-54
-52
127
103
219
-128
-204
-154
-61
34
345
-287
103
98
-269
-357
131
117
-68
-170
-129
61
-67
-5
224
-23
231
80
92
-163
26
-33
227
110
279
7
109
112
194
-200
305
-179
-154
59
-166
133
-32
309
-7
-128
280
-146
386
-68
40
105
110
-28
208
-193
-30
-159
-259
195
166
-81
-32
154
-138
270
-94
25
-54
19
-99
-105
0
118
-272
-143
-126
137
103
-182
367
-1
0
-189
80
-93
-151
180
172
-162
-226
199
56
317
122
-94
-43
194
20
139
228
-212
106
206
161
171
-29
74
312
82
9
-236
-24
10
-20
139
-35
-37
-130
154
-44
16
9
24
-359
8
-174
71
-57
-110
175
-162
52
-235
-189
323
-26
-167
-213
-12
-20
-288
-101
160
-421
8
-60
-158
5
217
102
-41
72
-270
497
37
86
188
-28
89
-120
-170
-370
-48
-96
335
74
-222
3
-72
-54
203
164
-130
-116
144
-54
80
-295
-93
166
-172
1
-302
315
11
150
260
-19
168
-123
-49
-72
-49
-53
4
57
-190
202
69
-9
-128
394
65
213
-54
-48
-61
-172
45
-147
234
-253
169
99
91
30
206
-32
51
146
-68
-4
-50
273
58
-198
4
-28
65
-63
165
91
85
-30
-54
-59
-301
-57
229
51
51
-84
-267
-35
41
-44
262
16
-138
-230
-132
-59
55
-109
-24
3
192
-18
183
131
272
178
151
294
-96
-436
83
112
85
100
270
-269
-328
134
-9
-100
-263
-228
-213
-100
-49
124
-27
21
266
-155
74
187
167
81
-113
-298
167
91
-238
-89
148
224
17
50
73
-109
10
-51
-26
-30
42
-144
-38
-319
94
72
12
63
213
-172
287
-6
-49
-235
-18
207
109
-139
-129
-149
-191
115
-32
-13
212
-57
222
16
-31
353
190
1
-244
-62
-106
-232
-77
6
112
26
-293
4
13
350
95
-309
245
-104
-101
-7
-304
130
-167
297
0
249
75
154
-303
21
112
-118
116
98
-29
8
-223
27
-189
172
78
-70
-100
-319
-128
89
89
-316
14
-22
-141
139
260
-134
-383
-126
-42
92
-25
1
-50
373
261
73
-136
219
-84
140
-316
78
0
146
94
197
-90
-74
-140
378
46
-48
46
-169
124
239
-116
-27
63
8
-150
264
6
317
178
-222
-40
-88
-65
85
-134
-10
-300
-94
39
176
241
-28
-78
-82
-226
159
-160
-157
37
-42
140
-6
58
183
-96
-169
-70
-198
343
-143
-257
-433
-230
216
381
192
50
-113
-133
27
-71
-297
12
-73
-136
82
19
-53
-171
-119
53
182
-219
301
-100
-13
29
98
-95
-356
-76
-61
-30
-151
-221
-136
53
35
-56
30
167
33
-346
-136
112
-10
362
175
-116
-298
261
-194
-33
-40
82
5
13
308
185
114
-61
-58
-92
158
-48
-97
161
188
-115
87
123
-38
295
139
-258
-103
-228
155
15
-216
34
173
-12
-67
420
-80
-23
-156
65
199
-44
31
-1
84
17
83
-188
-41
-256
82
131
41
-2
39
-13
235
-137
300
-48
-3
-137
307
19
221
-9
30
79
27
223
-270
189
97
-243
-221
-25
-86
66
-182
-57
-78
121
38
-98
-342
-198
97
218
287
295
-135
170
-71
-279
90
254
210
-199
85
-29
-119
-52
-43
11
-339
-10
94
59
95
-31
111
-125
79
-119
-48
179
95
-46
-135
53
6
57
101
200
-79
-143
-402
106
53
166
242
104
33
-72
12
-132
94
-125
225
-319
-215
-196
175
-113
-71
72
178
34
277
-54
68
168
-94
-234
-48
-205
-232
-39
-176
-44
126
18
366
-115
-222
-98
-354
-35
-151
152
79
39
94
-154
51
-195
67
-21
83
-125
-40
232
-360
21
-11
156
-69
157
83
-78
70
-36
-232
-91
144
104
-20
-257
64
-134
40
-210
-258
109
37
-150
67
-75
-108
-72
89
-101
-128
-51
200
-4
196
128
-11
133
212
-132
-91
-4
-33
-113
192
-55
25
-176
68
-133
-57
6
-56
-196
147
112
-32
52
-109
-508
16
25
-281
-99
-51
43
19
-6
-51
34
-158
-42
-14
-220
-82
-80
-176
446
-54
357
-197
198
-99
-155
283
-77
-271
-50
-176
90
-167
-308
67
228
186
125
183
47
40
49
2
269
-80
-17
36
438
-23
-2
209
118
-94
-172
78
169
-86
-94
-111
321
168
-90
445
129
55
-342
-69
-270
23
-83
-74
76
49
-76
-78
48
-273
222
-171
107
-44
113
-172
-143
-240
-110
-199
-26
-85
101
-326
128
120
-139
-23
60
-142
-100
-5
46
-198
68
208
-34
43
350
188
-95
-96
-76
15
-52
-137
332
35
276
333
57
58
71
-37
-265
-30
62
140
-50
70
37
51
-181
-219
-194
-15
-201
139
-31
-118
-97
278
-196
159
253
88
58
93
147
293
-123
165
303
-22
30
170
115
-189
5
225
-145
-122
194
2
-48
-138
-11
169
137
216
-449
343
221
-54
423
23
13
150
-183
203
-179
-253
205
-77
-121
-56
172
89
232
307
-54
-128
33
-196
260
32
-120
-28
150
112
277
36
293
175
79
179
188
-128
-98
98
9
65
60
-210
346
390
-149
316
78
324
-89
47
107
-36
-63
-213
159
119
-69
-155
137
169
62
132
-93
-167
333
81
355
85
-315
-152
-237
7
270
-278
-127
-10
-16
442
111
62
161
109
-310
74
94
-185
289
-226
-147
96
-144
-68
-12
90
60
-215
-218
-271
-121
352
186
24
-282
51
202
97
-134
290
-53
-25
276
122
125
-134
378
236
34
447
-199
195
32
83
-56
-4
-88
-146
18
-103
125
8
28
245
9
-39
-383
169
-24
126
-203
-31
-81
-2
15
105
-27
-4
49
-164
-61
28
-125
-64
249
125
-248
109
-84
68
205
158
-14
-48
47
-24
-75
-62
141
-215
104
-438
11
112
-4
-10
206
-217
-100
144
-78
-319
75
-157
-134
39
250
-64
-56
-7
-2
24
111
76
358
534
202
121
-159
-153
13
-72
-58
89
-136
69
-176
78
-106
-38
-57
62
127
-166
-149
180
-224
-191
-112
-78
-52
-103
-67
158
20
-111
88
-48
393
-223
46
60
58
-29
-123
137
-248
-142
104
302
-142
88
190
88
1
11
-1
-69
119
-7
63
-3
175
-166
99
50
5
53
-89
-318
243
233
-299
298
55
-29
174
124
-280
-176
-78
196
-307
-152
52
192
54
34
-110
29
41
-317
-70
213
5
163
45
-360
-101
228
24
-7
-98
-10
-76
258
5
-5
-268
370
-82
198
362
148
31
123
-15
-47
103
31
32
-179
0
-56
-339
119
-52
75
-163
204
-65
-182
-357
107
-41
-187
8
117
-101
-17
-80
-47
-106
268
-47
-78
-113
-288
227
59
-87
177
11
15
108
66
149
53
251
-127
-82
100
141
-127
-120
-209
64
-110
-44
-76
-326
-202
132
-39
-167
-16
39
362
-151
19
50
-127
49
179
55
-34
-190
-43
153
-185
-25
22
10
-40
60
1
63
-43
-95
68
-121
-73
43
-68
-24
-136
-277
257
208
284
29
197
-73
241
11
-130
-308
-132
-114
-131
174
56
191
-74
-17
263
255
-16
170
156
63
52
-120
-67
-37
-92
353
-134
83
-7
338
-268
-47
114
-47
69
-225
350
-136
-176
-47
2
-50
108
-169
182
-8
125
-109
29
255
85
256
-319
8
159
164
-93
119
-100
-94
-7
52
-13
-79
0
156
99
121
115
-271
42
-78
-31
56
-53
-150
395
100
-142
-35
147
-96
44
136
-53
15
-135
158
256
-236
232
-50
28
390
102
197
23
-149
161
178
-8
-114
218
189
115
-65
-82
14
213
59
-57
123
-272
14
-21
-38
101
-89
-98
293
-7
-128
50
13
40
134
-101
-314
28
120
-216
-256
76
-26
-3
-343
-377
55
-357
105
-47
-94
-384
-72
209
204
-76
-86
-112
15
-170
162
-69
-58
96
477
126
191
144
22
61
287
-76
6
-28
55
-111
134
-234
73
-54
-319
190
-27
56
-178
75
98
184
436
121
-173
-22
87
18
55
20
-98
72
-190
136
-66
-13
-54
116
-50
179
195
150
16
35
-144
105
18
70
-177
48
101
-40
256
-449
110
139
0
145
19
-154
43
-29
-153
-72
185
80
-51
24
-34
-81
-102
207
-173
-380
-91
130
98
-207
169
-51
5
164
-16
154
14
-170
-286
104
84
-145
-48
66
41
16
30
-201
-44
-39
-37
-107
-9
202
-90
-302
-88
49
-140
152
82
266
-352
-175
142
300
-78
81
-421
150
45
140
123
-397
-117
193
36
11
-185
-93
23
98
133
-156
-302
-207
-114
158
152
114
-190
55
38
-169
173
-137
352
-292
-201
74
247
-232
77
181
51
400
277
-41
-97
-274
-316
-82
208
202
12
89
2
27
148
249
60
-64
-57
23
214
-131
224
-41
38
-243
-144
-294
313
104
-11
-102
9
-77
120
179
-98
3
-124
-58
-432
86
-347
-514
-42
14
-74
-186
-164
-448
-5
-201
26
39
-149
-20
-93
-275
266
187
271
138
-92
-43
-40
-47
-89
172
-173
108
-37
-25
232
-315
253
-97
63
65
84
-158
73
-26
-7
25
-74
-68
-209
197
-49
124
-131
125
300
254
-15
84
-87
-383
80
-59
306
65
94
-16
22
-77
78
29
-21
39
27
60
-47
214
-133
-223
-142
103
27
146
-103
167
178
182
11
41
114
143
21
73
53
144
-177
396
-49
-251
122
356
-114
-173
-166
-265
134
-193
54
7
184
-199
128
-30
-138
312
76
87
44
-268
-93
-73
112
374
-218
-15
229
82
-52
-137
-77
-40
77
-150
-305
-153
177
-114
-254
89
-197
117
-124
-222
238
219
-77
17
-58
-404
-114
23
-86
-11
184
-229
-155
-95
29
-97
79
-21
140
174
-48
182
259
548
74
-71
-7
-357
20
36
-99
-103
-109
34
-344
-271
-124
-58
-279
-82
-16
-263
-88
150
154
10
-46
32
-389
-102
-93
-177
179
-254
104
-295
-90
232
-176
-64
162
115
-205
80
220
17
-174
-81
103
152
277
379
-91
159
-63
2
-53
47
-45
-376
145
40
-4
358
246
185
-138
-168
170
-96
-309
-97
-65
27
-234
122
-314
-72
-97
-221
-291
19
104
129
-201
-183
73
119
-209
58
143
170
-40
184
-65
151
-202
166
295
152
-65
-51
-54
76
-240
-104
-82
-39
-46
184
-149
-50
-66
131
-86
55
215
123
-47
-108
181
-259
28
-15
-65
207
242
285
-135
235
-139
114
107
-245
-181
-139
191
14
215
-282
-207
-83
186
-207
-155
-133
74
119
-252
-114
63
178
183
446
126
-110
-40
276
131
22
-65
-420
216
-150
-168
179
149
190
227
61
-74
219
95
-91
90
390
86
-72
165
-125
264
279
355
44
48
-76
-4
-93
79
-50
97
282
-8
0
74
-95
-103
23
-52
-84
132
-108
-83
110
-146
-176
-180
-203
-126
-295
104
-207
-78
199
-355
122
46
-40
102
-11
76
-25
-6
-66
-172
40
64
491
120
86
-142
-125
-141
42
54
272
87
129
-75
-60
-197
-24
-19
312
183
107
-31
96
-216
88
54
-131
237
325
96
-186
-43
-113
-177
19
-235
-313
-196
148
121
-251
94
129
-63
169
-212
-250
-8
59
-184
-327
-89
94
-51
-19
-130
-113
113
-172
-126
-76
165
-86
25
-43
-3
-74
61
-38
107
-157
227
240
224
127
-260
-273
-19
-189
120
-171
-95
37
-340
-186
-147
268
144
74
99
161
-181
102
224
-365
-233
-118
10
210
-67
26
-12
-304
-196
173
-159
77
-98
-219
142
-148
213
255
-59
-144
-208
-185
115
-246
-124
-309
61
231
147
-137
-50
-39
-301
214
-267
-245
-192
-45
-66
103
130
-29
33
124
164
-65
31
-76
-157
102
-125
118
-187
163
86
277
1
226
-362
-119
137
228
238
422
8
-255
155
-326
-47
-64
216
-106
-118
-31
169
33
91
25
-24
-96
57
409
201
274
-80
282
-107
42
-299
70
211
166
267
-42
212
-29
90
-87
-31
-130
231
63
-48
-127
232
233
-181
-199
14
192
-4
13
55
227
257
-210
2
92
-46
97
-18
-56
210
160
6
-212
-8
-114
217
-16
108
-21
147
-44
-51
-112
79
57
108
31
66
13
-202
94
74
-90
-41
152
-36
348
17
100
-211
-242
243
-44
32
-66
-45
-259
219
-94
115
17
1
45
-63
-360
-64
64
-125
197
-144
-150
251
451
-167
-126
-110
124
71
97
104
-26
182
275
72
217
-224
7
-38
38
131
-44
-118
130
164
181
-179
-61
-254
-193
139
222
204
-58
-174
172
156
-117
-198
-252
242
-68
237
144
-66
-111
-6
-18
232
383
-91
-460
-58
-141
261
-213
52
-107
0
119
270
182
-44
-115
-380
57
32
-233
89
-170
-265
203
-109
-81
45
217
66
130
-89
-344
347
33
212
-53
-75
-54
-225
163
314
319
-38
44
20
163
193
114
-220
170
-82
286
-80
132
-25
-232
19
46
225
8
333
-49
99
339
-79
46
204
-109
132
-85
-247
180
102
48
243
-97
-221
33
-27
188
-148
-14
55
124
192
-217
367
-57
-26
-80
-26
-13
-381
-13
72
7
90
-3
-340
147
140
97
137
80
-47
192
-72
-368
80
211
-136
-240
-107
-100
27
35
-51
-114
7
-202
-195
262
-113
-59
-92
-160
-25
153
-361
81
-258
44
34
143
-75
27
-141
-17
-387
22
116
215
-78
73
-188
-152
412
-286
146
3
236
21
-92
50
-221
-42
-142
-228
-234
-71
21
74
194
-135
107
-201
129
57
74
345
-6
-100
-227
214
399
-107
16
75
-147
13
-175
-79
20
108
391
-104
46
171
98
141
-82
44
103
-184
-17
156
68
-120
-50
-29
-22
-16
-185
15
39
-4
-130
-208
-111
181
-185
143
-111
-24
34
-54
-186
-128
22
309
208
25
-161
-9
438
-108
103
251
128
100
27
76
-226
-37
-32
-232
40
52
7
357
-294
-60
-59
-272
126
56
216
-103
-415
1
34
-112
93
-217
-124
134
193
-58
172
-124
32
-14
-41
-102
-67
172
-117
-60
495
-147
7
-211
67
-84
-33
-118
35
-163
133
102
139
572
218
75
-114
55
-159
54
-4
200
