47 62 676
0 14
0 15
0 29
1 14
1 38
2 28
3 37
4 40
5 6
6 8
6 22
7 45
8 29
8 34
8 43
11 42
12 32
12 38
15 4
15 23
16 19
16 20
16 45
19 25
19 27
19 28
20 7
20 16
20 26
21 12
24 3
24 18
24 35
24 36
26 20
26 36
27 42
28 21
29 3
29 10
30 15
31 39
32 25
32 27
33 19
34 40
35 29
35 40
36 27
37 1
37 5
37 31
39 23
40 7
40 43
42 16
42 31
43 38
44 35
44 42
45 7
45 30
21
19
60
50
1
12
56
3
46
31
14
35
8
6
30
51
52
9
47
54
59
58
10
37
61
7
49
36
2
41
28
45
32
48
22
55
24
15
42
57
17
44
4
53
34
43
13
5
40
23
11
18
16
20
39
38
26
33
27
29
0
25
29
278
330
171
-796
528
-57
599
-738
846
-795
382
-930
628
-860
10
-29
251
-613
-661
-698
-988
1062
-644
-380
-102
-374
163
398
34
-49
-526
522
1462
-202
164
137
51
-516
408
-286
-513
-17
589
-538
-335
86
558
-1052
641
1192
-895
-11
-1115
397
-739
617
1274
-483
753
380
-1377
151
368
258
-736
-322
138
411
-821
-650
-644
83
-871
720
-355
-695
-171
-544
-511
-285
-364
212
990
232
-441
-769
-1133
-538
806
1299
1481
299
400
-761
-314
-168
135
-1311
-861
1310
-784
-552
-796
-7
781
686
-43
1083
462
836
228
-739
1099
547
23
461
-516
221
-17
-883
-1013
-521
-342
1449
-532
1566
-355
948
-190
-381
108
115
392
-797
-635
109
-774
930
-339
924
-748
35
943
473
-1947
166
-103
32
1313
-4
526
-145
44
-1092
578
1527
383
182
-116
-53
402
635
-373
-574
-157
-809
355
-95
179
-183
142
1226
-716
-1292
-918
-176
-1009
-970
851
-490
-439
206
-434
598
297
407
-566
-449
311
554
-1061
-162
-340
449
-596
642
-718
432
285
-126
715
565
-559
442
1446
-877
116
-507
333
401
-708
-263
-103
-142
-968
-690
72
-1237
-1015
-213
-752
-318
-1106
-236
-562
126
-1276
200
787
412
-1078
-355
479
1070
347
788
-1322
-1296
-643
48
-875
671
-239
-1308
-304
2
768
560
-1577
-1282
-911
-191
340
-1153
737
-124
573
-70
676
362
-466
-408
-11
0
701
322
-251
-640
-358
-1
402
227
42
-842
936
-64
1106
-1394
727
1623
-1496
-1328
724
1605
68
138
-518
324
1059
-795
49
308
-91
-55
42
364
73
-820
143
447
-1246
-672
-701
-138
167
1138
433
410
-217
-418
434
-536
18
32
848
-627
-601
-273
-205
390
-810
-1381
422
700
1030
637
-406
-347
183
571
351
-33
192
71
-233
-294
-740
79
525
388
1101
387
-1119
569
-27
-209
-144
177
-177
365
795
120
942
-518
-1057
1240
813
-190
293
485
-569
1005
-43
-136
164
-693
131
-174
1193
267
668
466
1063
-647
108
316
657
776
-606
428
530
-545
-204
232
-10
603
9
210
-854
-343
289
758
-261
220
1000
380
-454
576
317
-40
-311
273
-255
481
13
-885
599
281
132
84
1446
58
-360
102
-410
-767
-262
-808
-450
465
-134
338
-285
475
-582
-653
-183
563
-154
-119
-563
228
0
293
-334
-579
446
127
617
173
94
417
132
120
678
-1048
-140
741
536
994
257
35
-88
681
108
860
345
228
-225
721
-589
-809
-604
513
859
182
-868
-171
-5
790
1994
346
49
-1014
-501
46
-687
320
108
673
598
-233
621
-454
112
119
-179
-353
1012
140
252
259
-158
-315
-81
499
511
-587
251
-1326
925
-582
340
-50
-497
-1079
-284
-1549
-124
-163
541
-578
632
252
-1921
961
433
118
326
-135
334
-235
-26
352
419
-237
386
111
-1844
710
-104
474
-783
539
1283
-194
-103
1154
-11
683
23
-170
-79
-100
127
-542
-125
1573
-394
277
-51
933
116
1051
-604
451
-1466
-596
568
-953
-371
-602
491
-417
-670
-580
236
-586
-114
-1034
-444
111
239
-85
-691
-1411
-408
-1141
-682
1008
-1132
-767
196
497
384
-1323
379
-51
-144
651
-599
-547
656
-346
359
-566
-1140
-608
-169
-1110
269
204
-322
-55
-17
-97
-370
-583
-874
-182
770
8
90
140
1189
631
71
-273
506
1218
728
200
-285
-1305
1177
-1080
-369
-194
636
-38
68
72
789
-98
-705
-894
706
916
-691
-723
404
33
60
-37
-6
293
-574
54
1712
191
-1587
148
158
-462
-666
633
-396
512
-843
-6
-1746
181
853
144
-1472
-1585
121
-1184
1499
-305
-597
-282
-12
666
-77
15
-736
1078
-307
-46
417
-406
1095
1042
740
-600
368
1271
482
917
-1022
71
493
441
-27
809
111
355
303
700
-562
875
25
-235
-586
-656
959
-681
-326
278
61
-534
781
-146
362
496
244
-982
766
493
536
-89
155
-938
-61
809
-543
-1173
-870
-387
918
544
-396
100
-235
85
-1179
290
-272
1266
414
-310
562
-186
872
-832
512
-47
-1555
-652
-93
-509
-748
4
-259
-167
365
-340
-151
-16
-151
-297
920
-561
1010
-634
-197
-243
-761
405
-1272
-141
654
505
58
-91
327
990
-67
155
-837
861
393
-212
-455
-576
263
-6
-982
651
-603
265
193
28
-1194
-119
181
474
324
-383
-321
603
-855
-491
334
-242
1225
369
537
166
-609
947
-29
1527
447
-869
-1446
866
-645
-96
-758
-490
-517
301
-307
1068
-47
779
101
617
-1376
-659
842
-56
-633
343
344
1108
623
246
-397
270
-589
169
-417
78
-327
179
-93
268
-121
317
212
-489
639
-83
-959
761
456
1213
-245
454
161
139
-210
110
356
-376
1063
432
681
589
92
142
-1539
24
-15
141
-89
709
374
-1160
251
1202
133
-225
930
-240
-630
-636
-698
-215
43
460
-557
-1858
819
27
-1450
548
-558
754
-575
-237
279
114
45
371
-71
-566
-288
858
-411
106
1141
275
378
115
-1146
549
37
-267
-743
-485
-740
497
260
-1609
657
79
540
-782
-398
163
403
-3
-1344
231
-755
864
644
-322
701
1064
798
-616
-213
-70
810
-1314
-23
-608
-1980
-847
-695
-229
465
-961
-1840
407
-952
37
410
-273
240
398
766
-1022
527
609
645
-62
733
849
791
-827
-191
517
193
-80
-84
513
125
-1805
-783
-337
179
-463
205
798
841
455
305
-515
841
-878
540
844
1161
831
121
-1306
-674
-315
515
878
-88
-157
-786
410
-160
-764
996
1282
-245
-146
-287
-482
-1
180
-299
904
642
-188
-853
-49
710
457
-464
1069
-358
-7
-715
-1075
1049
867
347
-9
-369
269
-647
328
-545
17
-756
-630
-1220
-749
-382
-223
-791
-472
943
-722
608
990
-627
-250
1511
-1460
-354
-1010
-126
1645
419
-868
690
892
247
696
-281
-242
-597
320
293
-881
-1671
1050
-138
-1054
-638
972
-297
870
-973
-65
322
901
-384
-487
791
127
-121
375
-1131
375
500
431
-221
-1348
455
-777
211
-319
-560
-201
-90
291
-158
-71
172
-1059
-212
-407
229
-497
-666
226
943
-79
-98
-185
169
-351
1455
326
-341
356
-536
-51
-119
-569
-498
-309
256
-671
790
594
1097
-55
161
802
-468
-307
449
12
-303
-93
102
55
-267
578
-375
-387
-747
151
-80
-99
-77
436
367
382
-445
1633
-572
-715
357
-139
504
-710
-514
-261
679
1113
-257
-22
394
223
-214
-551
-612
607
-771
-807
-288
591
-726
397
-505
-780
112
-535
1483
976
-1042
731
-40
756
1313
234
-265
870
1032
1013
-239
-893
-764
-317
-549
715
215
1228
-492
-1762
-1277
34
-82
-179
701
58
-84
-271
106
-223
822
-1083
-949
400
663
219
-894
762
-486
-94
-25
-24
-403
393
-653
-392
-940
-944
86
165
231
698
638
-435
533
480
-100
-216
-986
-1115
-867
-1310
-269
-742
-19
466
-583
422
-234
-468
534
194
-237
137
547
-158
388
-343
147
371
713
462
-366
-558
-10
-173
-569
-347
-943
-84
17
22
-315
-26
-2233
169
433
-282
-1381
554
-811
-1454
1028
221
1508
1075
634
870
-288
-1784
-553
439
1502
-477
519
554
-514
-470
-955
-12
155
625
-1078
-143
778
-32
703
211
443
-67
-1250
-394
-1156
461
-14
-652
-348
-681
112
-24
-668
-240
-1096
-330
345
342
805
-406
1157
-460
543
563
-33
405
-1418
227
-48
1015
-793
-1008
430
539
437
-493
471
-314
-94
732
-1117
-1280
1061
47
-479
887
-208
121
-465
308
1108
370
-178
1637
920
431
754
-396
198
-465
-1670
339
669
1044
-153
-280
1410
54
71
-199
367
473
177
-28
256
401
-1004
-1703
555
-466
48
104
-929
302
-350
581
-283
-50
-450
23
-121
1147
86
-117
183
9
1413
713
636
-803
730
-165
-927
13
-10
-683
766
-116
-156
320
-640
-1128
1129
-601
-117
555
-819
-2
457
-626
-748
592
791
509
641
244
-110
-673
-350
-960
750
467
132
-63
694
-356
-184
-301
-362
-460
607
-816
1243
-1010
231
485
1191
526
795
152
349
32
745
148
-511
634
-98
320
634
-292
-873
29
1428
680
72
510
591
-67
43
-369
519
-418
-1124
-640
-150
-1219
-230
761
465
375
410
561
-1204
-419
-437
-141
-1063
1151
-323
160
1491
69
-882
702
-1462
-1096
210
-653
345
347
-961
1211
78
318
102
782
-1246
-1391
363
36
-488
-287
-184
265
385
53
-1320
-390
-1049
-1055
280
837
-902
-3
453
832
1024
572
-827
563
-298
99
-216
-622
513
415
812
508
-1108
-656
-1345
497
914
-75
135
-1084
-689
705
-163
276
67
680
633
122
-618
-2
-413
671
-288
1011
850
703
83
-1124
625
959
-61
539
521
61
275
-135
-637
-40
651
461
853
112
339
-278
-1654
837
184
-1055
-860
-50
-679
182
-587
-903
-129
88
-401
477
953
912
-362
267
-527
310
-244
-290
707
779
-298
-831
2038
-334
-13
-643
-176
200
1198
-761
144
624
94
-389
225
271
-572
151
-1527
-525
757
453
-313
24
-857
-347
1413
-1286
843
402
658
-274
556
-307
807
25
354
-220
842
-282
214
197
-95
-637
378
-647
347
798
-841
1367
-61
-831
-617
-702
-968
1185
-113
193
201
-1445
-314
128
-298
505
-855
96
-237
-808
49
953
-528
-452
1556
-474
281
-532
-69
182
412
-334
-418
773
310
34
-557
306
-292
784
-278
-652
568
-88
319
-110
911
-152
-162
-1268
-939
-542
668
-477
537
-599
209
751
-412
-88
-193
620
279
-393
826
495
233
920
198
-515
482
-507
-34
1112
-356
-954
-685
-739
-44
329
-1435
110
-1348
-414
534
363
-517
-270
-74
1323
-447
-552
-316
-189
262
-222
385
39
-637
293
-348
607
401
-64
-413
-309
-553
-684
-879
171
-337
154
108
-942
-396
-975
-71
1306
309
242
1141
-1165
433
725
297
-335
187
376
433
-833
183
-682
92
968
270
-598
518
-647
3
-550
-141
-91
65
963
110
528
-190
-90
587
-322
78
-1245
-51
471
368
-129
476
-239
288
-485
-12
514
-179
-1114
-666
-427
64
-147
265
865
-296
-163
-300
-565
-205
-1075
756
1011
-535
1148
-915
174
-921
-27
150
-775
-58
-285
-753
-175
156
35
122
109
-531
154
1059
486
-60
14
-561
846
608
-752
340
-445
27
-1383
-1423
-41
-485
-552
-467
314
-511
166
248
-996
349
-752
1992
-268
551
223
648
579
96
597
145
49
-330
513
1675
-325
983
7
-532
-115
-564
281
-694
584
-681
69
32
-1542
954
916
-390
367
1237
-166
-57
-1252
266
-104
71
392
599
232
440
6
-102
-894
-1165
-279
526
-1029
-59
-346
402
-458
-525
-269
-498
952
-68
-194
916
-125
-930
-313
-670
304
0
-178
-208
478
-476
338
-499
-122
431
-479
122
-122
-293
2168
-56
349
1585
134
-160
92
-283
582
132
-1017
28
1507
-512
472
957
287
288
533
-30
-530
411
785
273
979
-961
-142
1563
472
-1323
-592
-469
-248
210
173
-696
445
72
-707
-737
-766
-254
-24
731
1367
-19
-129
-880
-81
-518
59
832
-283
561
-966
151
1297
-871
-1743
189
-969
-1210
-773
-242
691
-442
1163
-170
44
63
282
-938
-767
-272
-170
-154
-1223
-402
-1109
723
-301
650
282
446
151
-50
-137
95
-863
854
113
567
383
-749
481
-81
1165
-1176
402
-392
-180
111
2369
1040
469
1637
353
-243
-615
441
-591
950
-612
-236
-259
-597
139
552
345
320
423
-250
232
-1307
1443
-159
-203
-807
-288
-44
-839
-773
-794
-61
-859
267
-1381
1016
122
228
-481
842
483
-306
94
-326
-53
-378
464
60
755
620
-57
-1558
305
1365
-321
985
692
458
205
-994
-392
-293
-1116
-519
-254
418
12
380
144
-1439
983
451
1148
151
48
229
-1090
-1305
-1266
726
1152
-452
-235
-756
483
-126
-271
-12
-608
-359
-847
-860
-258
1213
-116
-781
148
-669
-417
-45
164
-373
-850
-429
43
151
202
-155
-1376
-346
627
530
385
-760
-83
85
826
-356
-241
275
237
-996
-244
435
-590
-363
236
148
578
1399
-976
2
555
162
-1471
64
485
1498
499
633
432
278
-437
-479
-36
23
86
416
757
285
93
-749
219
-656
863
-223
-694
1274
-487
790
207
660
291
-772
-429
-704
556
-379
540
-400
-528
-24
-754
-365
578
-1145
-131
420
582
-23
333
-662
-105
-396
160
-511
-426
181
199
-886
-1438
1118
-681
548
677
-150
-295
-257
-777
-45
8
-849
-515
318
-265
60
-1161
160
932
-317
-77
-217
-1006
-1129
243
-581
475
-900
213
114
142
350
752
751
946
-187
-1164
-98
77
-188
-5
1280
-267
-320
1307
-25
531
583
534
1075
-325
-47
-1264
-56
-45
-431
161
-341
-708
381
-906
-327
-1433
-234
-195
-454
-1024
-522
617
-337
-675
-670
-71
-1279
796
-623
-42
775
-1070
-959
-2388
348
-250
303
-149
-543
-136
628
-854
-626
-330
719
2092
98
35
-119
-208
354
160
-737
-877
-679
705
194
470
-195
587
834
33
-339
914
840
-111
129
308
-324
-397
139
307
-26
46
-435
-594
1037
-239
-359
391
-676
141
-339
-879
-1015
-860
222
411
-423
147
-384
917
265
-734
59
-773
223
-742
1783
-623
372
133
-22
594
-549
1500
626
-124
-920
1490
1179
-58
-211
961
106
172
-1057
373
744
-420
-1291
176
949
56
901
-831
455
490
256
913
-321
-80
374
-152
-1301
26
-956
50
247
-79
-780
982
-617
621
-380
359
347
178
910
-128
-924
-259
158
17
-106
-659
-425
75
245
-233
195
-730
15
223
210
489
-48
-1074
669
-842
-1179
473
-695
475
-155
816
212
341
368
791
139
499
-465
281
-1602
22
-455
-194
632
-742
-42
-396
-366
305
512
-1343
-447
1025
-35
-595
-465
44
83
418
-1059
-778
507
-577
-180
259
61
285
-368
-888
448
-272
-179
528
-241
-778
1709
2
-436
-300
-602
-537
1718
-45
201
-305
-1282
676
1063
90
-702
-223
-288
-663
909
86
-1125
136
-823
1436
1435
344
-345
-681
397
330
476
1316
-761
427
696
-813
570
-417
-1216
222
-959
-248
144
1095
316
-199
243
21
-1095
1058
202
169
1534
964
-541
-155
238
-337
-430
233
-1000
-676
888
-493
-628
660
-778
231
844
681
233
639
-70
-480
-45
100
-1174
-438
536
274
-539
632
-906
-342
-44
-756
483
67
434
-972
-214
-99
666
965
699
347
657
850
-1279
-441
106
121
50
886
-292
-940
1613
-883
-122
-245
1395
-1082
331
329
-1096
-1376
-224
-622
-616
-377
-1328
-1030
-1463
1015
-630
1217
233
448
1454
-900
-150
-202
549
-236
703
-163
-1045
-208
-593
931
468
-337
-668
-942
1658
441
306
444
947
-462
130
-1152
-4
268
-583
-884
-1046
478
274
-269
-534
-485
-235
-882
27
-553
-1422
105
509
449
-449
939
-602
725
1222
384
830
-190
225
630
46
467
140
400
-233
-86
-899
1318
185
-416
1088
-119
-38
960
-39
1082
-372
-888
174
-1094
-1906
181
502
1038
-102
255
-51
99
-377
-220
-928
-1122
1156
-426
639
-668
5
-42
-587
677
-489
371
-727
1176
-240
995
-536
303
388
-566
-123
-328
473
423
-265
-335
122
624
-230
268
114
-4
-488
-435
564
88
-50
794
-40
-845
-1799
1088
-40
399
-788
-400
1018
-21
-388
-196
-510
-550
-193
-732
-13
-106
-375
463
166
516
-337
-155
-565
395
-702
83
821
-645
-371
-430
126
175
1381
-372
-172
-367
528
292
-1130
-75
-750
12
242
-598
96
-378
500
165
-394
695
1589
-988
501
-138
-1430
-750
320
-835
-1158
-740
448
-676
-603
240
-177
-623
1782
-715
352
-142
122
-410
-802
-476
243
666
239
158
636
-1064
614
247
-497
-18
-1022
415
147
-803
171
951
-328
51
92
160
1278
-194
977
-1829
-1243
729
1599
764
-297
241
-1192
742
-264
-2037
-376
893
-347
409
584
-117
-502
-499
1123
352
574
-1245
694
456
-80
555
-2084
448
-50
-401
32
6
-480
-476
-782
-413
-831
-916
1326
-658
582
-1073
-240
-1065
-538
-150
104
879
-297
-209
1024
-433
144
903
-210
-1177
-30
1011
655
-123
647
336
1171
-25
-13
-322
5
848
60
-384
74
-347
426
-652
-421
847
142
-690
384
-187
-632
1461
-346
-974
-1008
381
310
-150
-617
1128
417
-1355
165
-243
-502
740
-1530
150
103
202
376
-36
1099
872
-105
109
-592
-1209
-286
-1418
-1205
-530
-698
-679
-255
839
-487
526
464
-118
-676
509
927
771
1060
-430
977
-381
-222
-216
-235
-646
-517
278
539
-560
117
435
1256
1020
15
-509
158
870
-1110
-697
-310
-76
303
209
478
28
765
144
-635
1518
-167
-211
178
-449
-8
137
93
-871
-213
-559
-850
96
-166
-314
-107
340
-156
-1009
333
487
-873
749
184
-976
378
505
192
638
1208
348
-720
423
446
519
-658
-244
223
730
1219
-630
305
718
337
506
-335
208
601
1672
-922
106
-200
250
-1468
-795
144
-727
926
-933
-550
-820
322
-262
457
-184
637
-1205
348
-125
1357
-20
945
470
-30
167
636
-703
-201
-1442
-496
628
533
-69
793
-546
-805
-667
-742
-9
-173
1006
319
418
-344
-177
-149
520
798
-434
235
-568
-987
317
-639
243
472
-30
93
-1287
-553
-185
-852
-53
-1514
-626
-192
-27
-600
-561
36
-283
-468
-40
-1007
-730
-738
-964
-811
-607
-588
89
126
-452
371
540
178
830
1357
-127
-675
1300
282
-408
-420
288
-460
371
-49
-1043
735
718
-522
-412
465
-1770
-1147
144
-1100
167
153
78
6
740
484
-1996
-1049
-329
-91
-595
-390
-940
1223
-581
1187
1690
200
162
590
644
878
549
0
1214
598
-988
-551
1080
-225
219
-674
-168
-955
405
-129
-21
276
333
-339
937
562
125
642
-32
-606
-47
-923
-839
291
-166
-142
-247
-19
-370
292
-649
494
-1244
431
-46
321
1055
978
134
785
618
-543
707
1085
-547
704
-30
529
1012
774
-741
780
-817
-670
-480
570
-168
-514
613
499
142
-606
-513
1370
-196
-908
901
-358
24
-673
-58
123
375
862
-230
145
47
-429
230
59
667
641
-1152
-1054
-103
-170
100
-947
-118
583
-17
-624
631
-162
299
190
-2329
-684
25
-25
-1173
1353
643
545
600
89
641
-366
-341
-94
565
1620
411
312
-448
-794
1265
1243
-1121
134
1438
-43
-309
96
-771
-139
-1275
472
474
-906
-1011
-778
115
-689
291
-1109
-131
-821
-6
1092
11
-285
256
-226
-1
931
-965
667
224
468
128
1214
-425
-592
263
-277
-366
-1302
447
-505
664
-109
1411
929
-400
37
1615
-1225
-236
1483
361
-648
227
-1007
-407
-75
-475
206
160
104
59
36
276
820
41
587
-401
391
-386
580
466
430
-1213
-158
-99
-880
-297
-31
717
485
580
24
314
522
830
-557
232
465
57
-2053
-313
155
1376
-187
422
-176
1179
1202
44
-580
-319
-295
-623
1564
697
322
-1503
-90
35
721
-118
-34
569
-376
551
-230
-199
61
-961
642
-979
944
64
-555
265
-1515
270
410
881
551
395
-362
1012
-1344
203
227
-759
-111
-802
-672
215
-482
-279
-375
914
91
-281
323
429
579
-71
-796
529
85
-736
503
-15
36
2049
1089
114
282
-644
1840
746
-190
560
-158
609
967
-888
10
-969
-647
27
-1538
34
-490
526
482
1128
-1261
-253
-188
-208
-70
-43
-75
395
-249
396
-144
-502
178
-216
-41
243
669
733
-360
631
-370
156
493
-24
-78
69
-303
55
-437
1318
-1250
261
84
351
-1791
315
-451
-48
202
-250
-745
588
-238
-1155
46
-811
205
-1114
-118
150
76
751
-501
-377
564
-136
805
520
43
514
-689
-147
-1170
466
415
-919
-320
125
-288
956
-972
-379
411
-332
677
1854
191
-114
371
505
-857
398
-399
-1543
-442
-254
-444
749
10
475
132
777
825
727
759
774
-18
122
673
-296
302
-1602
-247
452
-176
-65
-458
300
804
197
141
-664
-1261
-160
302
-434
1480
292
-276
712
327
186
-1208
1263
299
1045
-173
1050
-599
-1309
-990
-461
-306
409
-68
771
-396
-685
-237
-576
288
629
-476
439
-616
538
-887
703
297
663
-1366
115
-155
388
-30
351
-1353
1135
595
-612
469
256
-497
100
101
322
-599
-979
-619
747
1184
-1161
706
287
-23
-1781
1036
1535
599
-499
-624
-232
1147
-315
1271
-1003
227
-540
498
-454
-670
-491
463
26
-1191
322
-998
-394
-93
-574
-665
-201
-824
-416
459
-737
-556
-805
197
556
-1007
322
17
1126
-1010
-1162
-504
-233
610
-149
-247
-105
67
-993
-1587
-13
224
-198
957
-12
443
41
1033
-375
483
-117
-50
-1170
-257
384
-339
295
194
461
1478
297
111
-477
636
63
-60
156
204
811
-797
-1303
570
243
477
-230
-529
123
335
55
543
188
581
354
-357
656
-444
529
-256
930
154
-507
-886
287
-351
491
-728
-137
-220
284
-1216
-627
-526
-651
722
182
-18
-1145
61
219
562
1523
-570
-182
-423
808
9
1044
-801
46
1592
526
14
-539
351
-285
1255
-117
471
1256
-1275
-124
511
-1194
207
-563
160
-656
-1182
877
317
589
-1150
1368
-1756
-862
-35
-823
-554
1112
1255
158
-561
-260
-854
706
-224
58
782
-6
-1192
630
636
291
368
-581
-739
44
457
-330
-237
-370
770
1150
-710
-77
89
569
-1382
43
-1052
-1233
-709
694
-522
182
952
405
840
394
631
726
-161
-579
-1058
561
-63
838
890
-365
-1628
-16
1031
-83
145
140
50
101
1187
836
947
1059
850
1106
-52
-275
-470
280
-921
510
-847
457
420
372
492
-35
-549
-360
-180
181
-259
215
-491
-903
683
558
198
162
-91
-115
-661
1374
-86
-157
663
72
-485
439
-1902
-773
1038
-956
215
788
139
524
391
-35
365
-343
659
-401
-640
455
24
1488
929
-326
-389
-1120
218
290
474
270
731
-828
1063
711
101
-919
1524
-770
-95
-471
-1941
1065
-1005
160
-1639
179
513
185
-165
1346
108
271
-48
-1086
-1032
-1296
-545
-310
238
-329
-693
-40
199
-695
-686
308
-1190
-1641
487
-526
-1361
-596
766
882
-480
105
716
-196
325
-455
177
886
-415
718
-1158
-599
-456
-412
526
-446
-1094
-450
457
565
-19
-1364
308
426
494
-1146
414
486
-827
-135
-100
1238
-70
-156
-85
-153
341
628
94
-585
-324
-1160
824
148
-965
1275
-267
1211
1062
483
87
668
-799
845
-406
5
1273
945
586
-413
927
-1018
-63
-69
-829
182
449
-339
-1863
630
1343
-672
504
-1410
-862
-461
-138
-579
528
-77
-139
-146
-1612
691
364
-242
-803
231
-124
554
113
-199
1017
-197
50
91
-1077
-176
-200
181
-72
-1088
-681
-1398
-1297
-235
458
-383
-96
1169
-194
938
-75
834
-772
-508
-121
-657
623
270
-305
443
717
64
-211
4
280
19
336
-646
-133
945
940
323
-1005
50
-33
499
-528
168
-580
-667
160
-520
79
-1426
585
649
-683
255
-798
-99
292
619
108
-385
-9
967
-1274
862
577
-667
403
371
-652
976
-151
48
354
-16
-942
-490
-341
-484
-965
803
2188
-509
-338
-359
-484
430
-593
-1111
63
1009
305
-681
-228
-629
668
280
251
803
-350
1513
668
398
240
172
876
695
-752
-939
-878
208
101
-33
-668
-157
237
-3
542
-62
-587
302
-638
2232
516
-398
-852
1090
-1552
582
-474
552
131
-898
50
10
-419
-6
-32
426
-94
261
182
646
-480
-113
-125
-549
219
-386
-17
580
-10
-516
-35
714
632
-36
1046
133
-326
403
619
1590
-1482
39
138
670
199
-503
420
-338
375
-100
3
339
-212
-958
-404
931
-223
432
-320
-1154
838
1049
-1296
1081
-83
167
523
214
-907
-451
-808
616
-462
-278
-233
-1133
36
-107
197
-1590
107
-188
-30
708
847
673
1022
-442
522
-406
149
-57
223
748
-382
241
149
-274
144
-421
-375
-412
-155
608
677
-966
-175
-287
-245
-315
132
177
597
685
791
32
150
-962
-343
-324
396
-493
493
-1093
-895
413
62
600
-530
476
1040
446
-46
-163
-389
-796
-184
255
86
-152
-85
14
1387
63
66
-184
-331
-1293
326
-2148
-1036
-682
-43
342
-272
92
-301
-43
-190
-538
990
-197
-169
818
-976
126
376
860
31
-445
478
-1895
353
-282
811
666
-738
-751
217
-550
334
946
942
-207
-281
346
160
1760
-31
287
-1707
352
356
-270
-397
61
-112
-17
-506
-33
456
1035
-1091
-147
509
369
-423
-250
963
273
458
-336
603
-1045
886
-193
-330
753
281
243
164
337
624
781
364
-251
-256
-1074
-1460
-499
33
267
652
-89
641
-595
-28
-962
1423
-285
787
-38
121
1269
681
237
-138
-111
36
-199
-125
-569
520
210
377
474
40
-921
-680
-225
652
-337
954
188
1097
922
638
617
2170
175
-163
-458
615
92
434
-117
1643
489
-305
58
-1204
-158
-627
-51
-1160
235
-629
-57
947
197
-312
1670
578
-875
-216
-422
302
183
-771
-1666
516
686
-53
-145
-216
74
215
277
-414
9
151
-663
-217
-287
-289
570
-1044
645
219
814
-743
-306
-505
120
1172
-220
1385
-915
-259
1172
1901
-568
-1586
361
69
-772
344
-383
65
784
167
-411
-1254
-414
-727
64
-503
-1071
1350
101
602
193
131
-711
-571
308
-402
-1430
603
-755
1122
-422
-29
608
281
625
63
376
209
-174
-652
-1616
794
-53
421
536
-224
164
-231
-600
-126
949
-449
-565
-89
-316
249
-78
414
-555
-591
193
732
108
1234
625
396
-273
22
218
-782
83
-782
-1193
4
1050
-659
-118
354
-241
-227
1086
-1049
788
501
-141
319
-165
-297
42
157
-966
8
135
-93
1265
-709
659
-422
-219
771
-92
-497
901
-89
138
965
-90
-1230
-597
674
-999
-269
15
-272
-237
-1059
1298
466
212
636
-545
261
450
-179
-773
311
610
-763
802
94
-1407
601
-1182
22
6
670
719
-147
260
-42
-1562
-991
1708
438
-313
-1020
650
84
1098
699
-210
-886
-89
710
949
-90
502
-92
20
-668
-371
1450
-542
307
-385
-177
112
-92
1373
48
-822
-363
54
-369
316
1129
1051
651
26
439
372
-956
-271
38
619
746
258
-473
111
-870
194
182
-436
31
-617
-1191
212
-75
212
-1154
-104
-674
-805
-1077
1160
-187
227
-245
635
-881
549
-868
-592
545
146
632
190
771
-1173
430
-247
-417
857
-1180
1100
-608
547
-240
655
-595
655
689
-773
1628
-421
-345
-690
1050
-188
-778
379
48
-223
-552
-1081
34
-25
1195
598
-1007
-1055
255
-1195
356
-282
439
142
383
-339
-840
-1122
-261
996
-558
-42
928
133
215
160
-394
83
-110
918
-333
709
844
-89
1359
-47
223
323
-109
235
376
-371
-509
-54
350
1099
-1691
677
388
125
-1145
-323
-465
252
-49
182
140
-758
1157
-646
-369
-168
-23
301
146
-59
1207
-915
623
-194
-1116
-884
-324
42
-520
-1074
941
-853
-315
-543
279
1114
732
196
-269
620
84
-1503
208
-406
-621
-404
411
-152
-869
-962
672
182
673
379
-1584
93
287
-944
-193
-1180
-1200
-1310
-493
-551
730
618
171
703
66
-341
-108
-258
1128
-1050
963
418
320
621
81
660
128
788
163
-390
365
-561
69
-807
-273
-88
383
-180
273
622
267
340
620
1243
-309
372
-225
246
404
240
751
-744
-1360
540
-879
48
612
-155
405
-488
187
258
-770
-922
-55
-719
-559
299
470
418
204
-547
85
-1241
-61
-340
498
-231
120
51
1577
-465
423
-434
365
-928
-680
780
1127
1053
620
-331
179
311
-1089
-126
-133
-629
-620
1248
-1139
-268
326
443
-236
934
1501
153
-1550
-582
-1329
339
35
-385
-577
-1268
1134
1026
393
91
-378
889
-36
904
-75
239
566
266
1231
400
321
794
-901
-13
39
1111
180
365
1106
-326
79
1291
423
778
196
-311
943
1077
-886
-1058
535
-129
663
-66
-521
-552
958
1219
-72
577
-69
-483
-456
-40
36
-51
852
-605
-458
-1169
182
117
-67
730
499
-82
-809
-524
-1028
-386
17
-915
47
-109
108
791
-473
566
-140
315
-1234
-1315
-1545
186
-436
-550
-1379
-1603
386
1019
1204
-419
-159
-1318
955
-242
1133
587
-450
1503
-429
674
315
-534
-4
-112
-595
154
321
738
-927
-604
-958
737
-255
1730
10
-759
-1077
61
514
600
-722
363
968
31
-332
-934
137
512
661
-55
85
-987
451
-221
-689
920
-374
-19
-349
-126
130
1364
-429
1701
-488
-594
1110
-508
275
177
22
252
1205
-1640
-351
49
-25
-474
-322
773
-456
-404
297
-1322
-869
559
974
-985
396
-260
1061
689
-33
123
-1583
-486
-456
823
-601
-1465
-1294
175
-317
438
676
-360
886
-140
-569
-510
113
680
-529
366
-196
523
-537
-133
-125
27
718
-16
393
-215
380
51
72
-381
1188
-348
39
812
-302
977
43
-420
33
-360
640
274
495
1242
-414
-1374
-1856
-862
767
138
899
1140
16
-1262
-257
410
-70
-663
-242
-450
698
-882
533
215
673
-193
-425
916
517
-977
598
315
-993
98
-217
894
-641
-512
726
-690
-15
740
7
-38
434
-641
586
-13
-128
944
717
-74
631
234
113
187
-120
197
-665
253
-175
684
866
-691
-955
208
-76
43
-1467
-432
1330
1678
573
-785
1551
-1316
-825
492
-1011
102
-392
102
302
336
-1127
-676
-136
411
-501
-1210
157
1363
1329
-121
-538
72
-656
-659
-774
-34
139
388
-504
-26
-557
795
59
-1436
419
-1005
-898
-717
-454
-1434
-680
-191
-75
-188
-508
287
-580
493
69
657
-1016
-42
-160
-464
-1308
-60
-617
80
-285
-71
353
302
46
843
-368
-823
19
-672
36
593
-609
-1013
188
-584
53
284
1280
527
167
223
-276
-563
-329
-955
164
1233
-418
-1353
-166
-901
-177
-55
328
76
-692
180
261
421
-206
796
145
-70
654
-186
754
150
-565
-967
-961
33
775
-712
-456
261
42
-685
-821
-431
-92
1104
249
-217
542
67
-821
839
604
-20
-829
-400
-333
-252
-263
-760
-513
-277
206
-786
346
183
-600
626
878
780
-104
-547
504
-545
-667
173
1384
546
516
51
941
-468
560
574
-1010
940
-16
-137
591
-344
-571
534
1
-174
-1057
-301
-1514
665
-1144
1242
441
336
-952
47
-309
338
734
1208
-202
125
-1477
-302
266
726
-1243
-319
635
-81
304
-332
355
-269
-550
-987
637
-63
-13
317
-760
150
1169
-142
230
97
332
-1463
-924
269
-988
831
739
385
225
-1085
-198
-704
932
-990
492
315
-576
-629
700
561
-439
-508
-13
-1040
1003
-1616
360
73
338
-879
-727
-569
-710
-827
-547
341
-508
140
519
-423
1202
-566
1190
-38
-45
-731
-169
315
778
-370
-1037
334
-94
466
92
820
-58
-1437
1314
952
-820
525
676
-601
-969
926
-235
588
49
-1576
-1612
-1205
-278
-1161
-407
525
224
-55
-697
118
386
146
-521
455
330
58
-363
725
64
26
187
-84
427
390
-462
-580
101
-32
-1125
810
1112
288
-762
-427
554
-422
526
-615
46
417
1339
506
169
457
-89
48
-517
725
136
-640
-1540
182
270
514
-280
-620
269
182
-536
-750
-981
335
-241
-24
69
398
-389
-538
-683
757
-843
-141
372
-31
978
7
874
625
-534
1272
-189
-408
-10
-113
17
-267
266
1134
115
496
-749
580
-317
-236
-393
892
482
-837
1020
-53
-367
-442
-358
94
-259
-763
574
843
155
497
284
632
-104
149
-190
489
156
111
178
56
-458
-518
-54
-413
-781
78
1168
-1152
682
-1010
-53
-235
352
-702
722
49
-587
92
-475
991
-280
-810
322
1142
828
-51
1457
-158
468
344
-851
-206
-823
-390
1051
-989
-1182
520
-503
-205
-509
-671
86
-598
834
1418
801
489
1216
605
11
-442
278
-1604
-620
-265
-133
1104
-75
-755
-152
402
849
-1035
68
60
-18
-1441
-11
-957
395
75
379
619
761
-255
-41
660
-70
-322
140
-333
243
239
-858
-621
-198
1059
-286
-588
1477
281
656
-40
291
-255
341
-203
271
447
1185
-606
895
1145
42
-509
595
-808
279
144
-292
597
100
495
342
830
-477
7
218
-962
1
730
572
-188
-809
-138
-510
-1243
1168
324
-835
353
-180
345
-111
-758
709
1016
66
347
-45
387
605
1859
354
441
2025
478
293
356
-33
1170
-321
317
27
-89
-601
-824
-164
1890
641
-1253
-504
-482
745
393
-723
-141
-389
301
1804
-632
554
-378
-392
174
969
334
595
-528
-1580
-310
-746
128
170
339
35
392
1209
-502
-37
59
-328
296
-30
-1264
174
-412
462
-157
872
39
374
-384
-416
-538
292
-767
456
-495
-695
-1161
727
1605
397
-926
626
907
-351
-54
232
-149
-220
-343
1567
-828
225
369
-882
-78
544
-331
-138
-973
1014
1739
672
456
-604
309
-406
266
-1330
-427
945
-344
-752
541
790
353
81
-1580
-539
-942
-832
-383
-122
-52
516
-1016
-727
527
-408
-271
426
697
512
76
-87
566
-389
-1908
1225
-193
111
768
-899
-1541
-849
717
-427
503
-391
-1496
-359
-692
-58
126
-383
164
459
-510
828
-582
1481
112
473
15
-359
327
-154
-348
-1117
777
1575
-1217
148
159
-1428
732
611
958
-193
986
-511
-845
-1750
596
19
57
75
1180
-1147
-129
281
648
312
-326
-11
192
407
256
491
61
-99
-338
-138
-739
-59
-411
-24
105
-742
125
716
220
-184
1693
230
1103
-141
471
-517
1085
89
582
339
-462
-106
-207
-856
-724
-1099
-697
619
663
136
-911
-47
-55
452
-173
-1626
1340
358
953
457
234
-174
-500
-1535
-1543
504
-391
-805
-891
-245
-803
-867
-210
-651
-970
190
420
-352
-100
414
-584
-375
217
430
554
-512
-1363
-186
-444
85
-492
-50
1010
-310
265
663
1357
342
512
-862
-13
-795
-97
251
-1886
-838
882
-1272
-666
323
280
-227
100
594
-281
-293
87
1108
-1236
-225
-260
721
336
257
118
-214
228
1296
104
508
129
187
-673
483
-504
-256
416
660
-85
148
1853
-344
-1339
643
197
-874
433
-955
1037
249
139
318
420
-414
-926
-528
1141
1104
-55
-887
239
-530
361
289
-183
1253
-417
217
-870
-416
-223
-859
-94
-1040
-1877
-264
887
-235
-972
-40
1993
388
-243
-968
135
433
-54
-226
904
757
802
275
1163
-414
-213
-462
144
819
505
-127
380
-198
-335
-424
612
-338
-744
574
-370
-938
-15
-747
-1739
144
-195
-129
-252
-374
-237
833
998
-151
-381
246
549
-515
-648
1180
-798
-283
-289
119
-117
-35
158
-5
-873
-196
652
178
380
-197
1744
-80
98
395
170
-652
-1415
-272
149
74
-486
712
1449
-1013
-777
-234
140
806
485
-569
726
1788
-82
-612
-756
466
-1129
-255
826
354
1775
1211
265
171
193
668
477
623
1622
598
18
-152
1568
-159
-364
-317
960
560
-782
277
-478
1430
636
-985
-21
-183
631
-452
-593
-378
127
-1164
-763
-57
-70
-775
421
471
-346
-341
172
-73
111
-271
-1474
-420
-624
-220
1146
-354
480
474
-148
628
175
-558
1374
231
500
-300
577
489
-15
112
308
-416
-817
740
-850
-1271
-218
-1924
-1137
-399
-605
-192
-665
486
-270
-571
-1208
888
107
-56
-576
-131
-149
-507
1196
598
312
807
-1031
1519
-844
-682
215
-113
-256
538
-4
-922
-512
-978
-328
438
1035
428
-279
1831
645
171
508
-849
1838
446
698
707
-222
174
709
84
-7
651
888
-437
1461
19
-14
-162
-195
-276
-842
-429
98
-1004
-413
-331
711
-251
135
-296
-24
-480
857
347
-454
332
347
83
201
1366
-561
-1331
-63
836
-529
226
112
1055
48
49
-238
-1052
1221
95
-1
417
312
-769
277
-221
-797
-133
648
-707
767
-1551
874
-520
-235
-460
1354
279
-820
1571
-684
794
330
165
339
31
19
-845
-764
-613
-611
-679
241
62
-165
-205
307
33
-728
61
623
150
729
-380
-406
328
-831
-49
1104
-644
-432
146
-203
-303
-270
-171
-934
647
151
-67
-985
-472
-474
-553
660
-1215
688
414
192
895
309
466
170
1037
-542
-285
50
782
-698
336
-475
-308
313
-222
-967
48
203
190
-1260
-775
256
443
395
-837
-462
807
150
-740
-334
-266
482
-103
-300
-172
-235
95
380
-587
-65
-641
-295
312
215
-518
-1105
709
-214
665
305
62
-811
989
-600
-9
-630
815
-283
-680
352
193
24
-412
272
-207
-708
-817
-433
-171
-257
-405
120
-45
973
-349
614
-616
486
265
-529
-776
-346
-1400
-655
-320
-199
510
-266
-331
461
-1620
-140
694
550
471
667
-258
-331
-419
-606
-1123
-467
808
-701
414
135
-127
257
189
-924
-7
44
59
163
605
1172
-1492
-1024
329
-1078
-241
-396
348
-795
-1542
579
170
487
-51
-1257
-1212
-553
407
1122
-441
-819
1398
726
976
0
44
424
-995
-393
776
339
-370
-1512
348
413
-91
281
-818
-75
-361
-1048
-629
1289
1007
1041
-38
1113
-199
199
-1577
497
318
-1187
1071
332
932
949
66
-858
468
136
894
478
533
307
913
204
-435
-1076
92
1124
1318
42
-1023
796
-699
-795
605
-403
-607
-322
236
454
-346
-385
-339
318
-1433
193
-728
190
-668
-393
-402
205
-482
90
-468
226
242
-550
647
-1127
803
-347
-430
-174
205
289
-927
-865
856
-367
-990
639
-408
629
-334
-591
1163
-544
-1263
682
407
-710
-979
455
151
484
-1329
56
716
92
-124
397
-1446
-206
1102
-18
662
1257
-63
-665
-432
-62
533
702
-426
-254
839
-281
-115
835
-110
774
1174
-237
794
-829
256
731
-1259
874
1087
685
499
127
694
-753
-22
372
1574
533
-277
834
281
-1480
-106
1043
-787
-130
661
-407
616
1020
458
-43
-1136
-134
-1189
-175
370
193
-777
539
135
-258
-284
47
74
-1674
-1281
211
401
1089
11
-713
-102
1420
-690
438
555
-591
506
-1744
-250
-165
-7
323
487
1098
235
460
-943
-62
-89
185
-137
-154
-11
-137
-1378
-1232
549
-377
-358
-59
-618
-442
169
954
1171
-245
-462
-127
-605
330
371
-203
155
-94
-808
1261
-359
-349
-244
234
-370
-739
773
-721
498
-164
560
1097
-490
1419
724
649
-153
411
709
-118
1023
574
-128
-1652
-343
-190
476
-677
440
1370
1662
704
563
-315
1753
391
-501
-495
-347
-786
-200
-923
1015
-494
283
-840
474
-383
-1219
-436
-692
-978
-22
-1563
-344
598
-28
-1
-701
352
466
-841
-363
1420
1327
-149
-194
4
-6
197
1175
-669
-1241
-282
-941
-748
603
876
-446
-1259
-1449
713
-707
100
430
1962
-154
552
1035
499
114
1246
-734
431
-642
21
-125
917
92
320
-311
-284
-219
-198
-381
225
-236
903
784
-678
411
-728
-578
770
-181
248
614
-114
389
319
955
-42
-223
614
-525
-157
-471
-119
-212
922
-252
269
-733
364
-382
-63
-516
-841
280
72
-801
94
-244
1198
-9
-588
-793
1731
712
461
-624
-647
17
34
278
-632
1026
-412
-173
-280
-42
-1103
-384
46
741
-155
60
1297
-947
-389
559
837
523
1065
-84
185
529
669
-939
-1161
879
-234
-525
-156
1222
159
-503
498
341
345
-100
38
-516
-954
422
-517
-270
-322
196
840
-134
566
-1607
838
356
422
142
-566
-797
-163
-1031
-617
385
883
855
-270
-24
-368
826
-557
-586
-1009
129
102
704
70
427
-83
-1397
1292
-793
674
152
-1795
729
136
-69
845
-530
-1114
-628
-1181
-114
763
514
336
-121
453
-249
486
130
-439
-419
-415
-1092
-373
381
-1306
-176
194
316
-599
64
1076
126
-1297
-668
345
-466
-989
-206
-64
274
1380
-75
495
-317
163
369
730
-810
-1333
-499
-657
-70
23
529
-261
-1297
396
-1189
365
140
177
-581
-757
-90
-326
101
-542
1001
-1017
-45
-108
-475
-677
-603
513
-424
2093
-395
-935
-613
-265
-168
684
941
-947
543
617
-29
403
-132
-990
-316
-284
-892
-390
277
-762
642
101
-66
1153
-68
-92
-461
597
415
84
-513
-280
-38
556
784
847
-1079
849
44
-20
140
-1437
719
-436
-236
376
202
-521
-322
138
-674
-495
1045
-417
38
562
172
-2
12
1289
-943
346
936
966
-455
914
174
204
537
89
-9
93
-63
-521
-144
-789
-700
1074
701
-982
609
267
308
703
-1087
-346
-804
-1170
407
123
503
675
-896
32
893
-321
-582
37
-398
-476
788
601
14
-611
-235
289
223
-205
-1220
393
-1251
34
111
-856
210
550
6
602
-276
240
-2282
1454
-103
640
41
-1242
487
321
-148
500
409
-71
-1471
-842
-809
-550
154
979
213
-135
539
-564
-456
1144
-622
-758
-135
390
278
-441
-369
-104
-424
-143
-116
-1229
137
-37
-1072
317
-877
626
-378
-852
-1146
741
160
-618
445
1113
-973
-491
-1774
-1954
11
41
482
-185
313
186
-350
-446
-11
1222
-287
-466
-1280
225
702
1234
-497
-1437
-309
202
117
-1071
548
625
130
-553
377
602
161
-430
1179
-706
-1276
-1101
187
-151
446
-192
629
595
-1163
573
-359
-518
-205
332
309
796
678
329
171
26
407
186
-1051
-317
-1114
399
666
-889
1693
-93
-374
-117
-627
-132
664
1276
-585
-61
1361
897
206
411
-888
-427
638
1268
-552
-1241
-790
-525
930
663
404
832
21
361
-35
1241
-1748
-359
-501
-228
-957
-997
620
359
-1021
1481
-626
381
1320
-732
33
-164
-615
-105
-711
1612
320
-596
-238
443
-745
41
806
-537
-462
-1284
-701
277
-209
-951
-139
-485
-913
-738
67
88
-385
213
-13
659
-712
1977
221
58
381
36
-1359
111
53
-673
-1274
-1619
-367
-240
-34
-293
-1136
172
195
244
449
-978
245
-724
105
-414
-647
432
887
-136
747
-129
-81
728
-242
150
-228
13
18
598
-79
1854
812
-604
34
-182
70
-291
1292
-207
969
-366
-1344
195
252
1239
-1924
-225
-152
549
853
422
326
811
207
-573
960
298
-579
-237
1138
-786
1415
920
-106
644
1086
-228
76
-1109
160
-967
-754
-1056
-1419
1050
-709
24
592
428
-377
993
951
-1115
1414
-732
-382
194
-352
328
637
-102
-819
820
2179
-1129
1197
-986
-115
-14
-634
-424
-13
786
267
-51
-244
-72
-375
-166
696
-44
-12
1530
-282
-1045
-423
-1
271
-584
-495
1225
-1652
-943
180
120
430
-655
548
672
325
719
758
-827
-217
-286
-735
-8
-186
-746
1423
634
-300
1124
459
221
100
-442
204
126
-33
-233
-1030
-183
1307
849
-514
512
-480
397
1009
-801
1138
566
1409
-3
236
101
-965
237
252
1272
220
-160
-584
25
349
-130
-560
72
382
-1133
-471
475
237
-101
403
-14
-278
124
714
-85
-220
759
-1225
191
925
157
-448
-863
-936
-1083
685
-91
345
-382
618
243
-203
654
70
476
66
136
47
-1494
-299
203
101
-570
-1417
-674
-405
-521
354
-1083
341
256
-680
1179
116
71
-435
570
-1135
-1277
-678
478
116
-12
6
1012
718
184
-547
-854
63
1768
187
-288
-15
-100
713
-154
-635
1127
-406
78
-21
381
345
-839
-217
-993
517
-879
961
-1531
-92
1418
-434
1517
50
589
-718
1108
886
-859
396
-19
971
1192
-199
-1043
1966
498
-244
536
-829
23
129
297
-519
199
102
490
-910
-83
601
361
283
-979
-738
-143
-166
624
541
733
-328
-818
-48
-677
-564
-257
-332
16
768
-201
-906
-809
199
1290
524
-282
-364
867
-819
100
-19
-469
1295
-1071
688
-537
895
-736
410
-1102
-341
-317
-515
68
1990
-1684
921
-451
463
-266
-227
1269
462
844
-388
-882
1379
-561
419
936
-421
-264
1501
577
-1124
-325
-763
1428
936
-1163
400
1028
-224
454
394
-225
1243
460
309
-240
168
737
-472
1410
-401
-84
-690
-31
-1149
74
-79
377
-436
1184
-84
-543
-426
810
139
340
-1169
77
1113
1089
478
162
482
-326
63
-41
-386
749
550
-119
-72
-281
-652
199
-345
-476
-1056
-365
114
-221
-590
-509
-1703
-228
1539
934
-295
624
-424
474
-830
-1012
-968
59
-156
178
-126
-1030
52
415
-317
-347
-1412
-1611
406
827
-6
96
-510
64
-1211
532
719
805
-586
514
322
-40
-869
-1367
255
611
84
-437
-333
-1506
379
-693
281
343
1073
652
728
493
-862
-690
0
-771
-155
67
-330
1142
28
787
-555
770
-21
-697
183
953
-225
-588
-197
-786
722
-1460
381
1190
-463
-89
109
1041
824
772
-602
49
-299
1472
391
341
103
528
470
469
1314
-209
-836
-98
1263
347
-213
-20
-1346
474
-154
-134
803
1311
-929
30
771
394
912
1330
173
-750
1073
-1140
-525
-260
721
-713
-487
-283
196
-370
-365
-287
701
-1464
-233
-680
-848
1225
578
-1720
-373
-348
-235
-1927
135
-96
131
-1274
720
305
-888
246
-721
-971
1132
495
232
427
-976
-564
479
-366
214
-517
-82
-1087
-1489
-558
-19
-513
-1196
-209
827
-966
-747
318
1160
367
470
-880
-471
126
-1181
-174
-177
-688
352
1200
-1083
-300
-304
832
-729
610
-792
-141
-150
-312
-441
-366
-275
504
-48
-178
277
246
-1011
500
-814
-404
657
893
-146
60
538
312
1039
-978
-580
332
9
25
-58
-98
-49
579
566
417
-145
594
-614
-177
-382
204
-634
245
1760
668
545
-155
-168
821
-50
328
-1046
-162
129
208
-165
897
1876
-191
-1249
-34
498
-226
2031
448
634
808
-76
58
368
-1055
-460
1016
-107
15
-1014
-732
1038
-503
-837
570
-249
82
-59
406
430
1646
216
868
441
1109
-541
358
140
257
434
-735
-887
-1188
-101
-229
1135
-462
-248
-423
1274
-206
41
-908
422
402
683
498
-1441
640
-1104
-961
-608
-269
-629
-713
-314
109
-539
683
-683
163
-130
-582
1134
-924
-209
813
614
-215
-367
145
502
81
-950
-959
-2457
-388
79
-668
-140
-769
164
315
364
-105
453
1106
-172
-875
-196
-372
871
641
775
911
-354
-727
-158
569
-36
-531
1321
-143
-866
71
646
230
202
-284
553
86
331
209
-667
-911
-667
-251
734
-461
-522
195
-1096
52
1020
403
-389
163
312
251
371
634
-1650
-777
-426
284
473
-675
-7
-341
-888
-433
-864
-480
43
-1290
-705
-223
-535
190
635
-1073
1266
-89
-468
-317
-130
564
-809
-650
-276
6
1418
1116
213
-992
-201
1125
-421
-733
1617
-508
-849
-295
113
102
772
625
-516
-745
997
-339
29
338
-719
325
-256
393
872
119
-713
-644
954
291
-93
-716
765
-1218
915
495
-1004
278
-1715
-1239
-236
-601
-1156
191
871
635
661
121
1370
989
776
245
-480
-1218
392
-936
739
619
695
611
697
562
57
-39
-615
-603
-503
-233
492
-227
-1107
535
-619
-110
436
-519
-619
-1375
295
-230
40
820
1078
19
-293
-635
-491
416
-278
9
656
726
252
0
-370
-324
569
660
621
-242
-187
1187
-578
859
-160
-937
491
-315
1048
323
-518
-669
449
-591
163
-376
167
572
-261
710
-1058
371
-1160
-161
-249
-474
-304
-234
60
-812
-171
95
-108
590
-1086
-744
995
-632
-653
-122
937
-224
-1116
-21
-98
984
547
374
622
520
-494
1643
58
551
-422
-314
-676
-85
49
-1018
1409
-202
-238
-1096
-19
261
22
85
148
681
-68
541
314
338
668
734
-873
299
368
27
-1022
-805
6
1222
1250
-580
841
-14
270
-654
5
487
-92
-656
973
-2041
271
701
-322
-325
469
592
-302
546
553
216
662
-872
-190
662
-847
210
129
-763
-305
266
-437
-891
354
390
-782
453
-1020
-147
-994
1710
1682
-200
-725
-395
769
169
833
46
-22
317
-1022
254
353
400
-1360
-341
-907
1518
-238
1111
949
114
-679
-602
-682
329
1087
-338
-685
715
-447
518
856
595
241
1535
1351
-466
242
677
-69
948
46
504
-461
-72
-855
100
259
-232
-188
953
-999
395
-803
376
813
-352
-358
-947
1522
1318
-175
-147
273
264
483
-72
-425
589
-260
704
-473
-276
-503
-1010
560
184
-164
1170
371
-326
474
443
-947
669
332
-421
-131
749
97
214
-621
-833
-791
-794
792
1353
504
-571
-145
-316
-100
59
715
199
480
252
-739
431
-574
502
733
253
152
285
-646
-731
859
113
-566
916
1293
72
-506
-8
-895
-662
1083
70
-341
791
-925
134
-1287
-321
-826
1297
-1307
281
147
494
-964
288
-198
123
-956
765
-1211
48
-462
1088
132
-8
7
594
-136
437
-1148
777
1079
-661
-539
-1293
-860
284
-457
-535
-892
311
-851
13
522
-1134
316
899
1220
-1000
-163
-781
368
-224
190
-816
598
-810
121
-934
-588
623
577
-475
585
-841
-462
-37
-631
-848
-184
1044
-237
-922
938
-463
604
1560
397
950
379
530
451
435
-211
681
-539
551
-26
-353
539
-307
407
10
377
-478
-308
886
-161
1487
1189
153
-858
141
122
295
148
-496
-246
-367
-1068
-470
225
47
-815
835
28
456
-4
205
41
-670
251
229
-518
-161
-233
985
154
1472
351
223
-1173
248
-666
486
533
-5
213
-1438
-498
182
-630
413
-557
-20
797
545
625
-267
-102
1256
-26
12
299
-339
7
990
-820
-362
-798
-394
-312
-441
-95
-1368
-215
438
1051
933
-665
-108
-3
253
-738
506
1518
431
440
-94
-52
1511
-319
-1267
-267
-785
109
-187
-54
875
938
133
-1305
139
-885
-86
-848
131
-60
-253
372
656
-610
-591
1355
372
1326
-889
399
751
927
462
402
801
-1172
335
-260
112
-812
526
10
579
436
905
-183
-212
275
1601
358
-555
1608
-373
-404
313
-73
-530
341
510
273
-820
775
330
1044
447
-157
-197
-1179
-487
-802
-371
1130
-259
1279
346
125
1143
-657
-200
-659
-1149
-828
133
-580
860
-421
676
615
-147
-240
-1140
-341
-221
1478
-495
748
-750
618
-134
947
777
130
-285
628
136
-1454
-1026
-490
-153
-274
189
9
539
-398
722
-970
361
1032
167
603
1435
713
-332
-149
-534
93
1127
1631
-1463
-19
-311
671
-1
672
-520
-730
-657
-16
828
798
44
339
-1030
167
540
396
-462
227
-348
-480
-149
242
59
477
-455
433
785
612
126
1091
961
397
-713
564
440
-369
257
622
192
-709
625
-1885
-173
-516
-2
-340
663
-759
251
522
-1249
-525
670
237
295
-5
544
314
609
-176
77
-1320
-309
252
-1181
-247
696
951
331
-800
-559
426
939
-515
1309
-1151
-603
-219
-946
603
557
-443
92
1349
634
925
711
1049
560
1287
-597
-444
-1295
547
-776
246
-564
-253
-863
-369
615
-556
873
-977
1125
892
122
983
-1554
-150
-715
584
358
166
13
558
-116
358
249
-328
-592
527
-432
92
349
172
-733
46
-216
930
1052
73
-265
-1559
150
-141
-171
1110
741
-279
792
-892
-961
432
532
-801
-349
-616
-14
667
-195
-400
65
559
66
450
-110
945
-327
508
818
-1054
2223
-1809
-153
-307
-584
902
319
-776
-441
-1201
146
855
181
-16
-341
-73
1101
-224
1071
711
-32
-185
413
-398
667
-214
1413
-1309
646
545
-383
723
-755
-593
-879
-1333
732
-566
-908
400
-832
-609
-303
-387
-935
-46
-1406
-125
-19
8
378
1690
-543
342
1033
599
1580
73
-526
-1333
-296
874
-490
-392
-1373
679
626
-1731
-831
796
-170
-186
248
-1288
-377
795
554
-357
-546
409
773
153
-72
1230
-272
1416
199
241
-573
1013
641
-147
-208
109
-566
-29
-1003
321
-140
-1058
-487
202
-945
1402
-815
236
15
1179
-535
-630
-490
-350
-1219
1082
-712
-231
-1065
1176
-529
404
452
-31
833
403
8
1100
-286
686
-558
-676
401
249
877
-693
-155
99
-835
-908
58
146
-1115
274
72
241
293
-523
-332
718
-324
317
-665
-40
-559
-724
331
-304
-284
-590
-539
726
-7
920
1005
-1039
-469
-330
-1411
808
-614
112
-586
1129
769
-147
118
481
-474
-831
-392
156
407
1261
-412
-161
-66
574
-1215
-405
257
-301
-637
625
-58
-567
-243
-1082
-956
-293
232
122
-274
319
93
-88
735
1246
-408
22
1692
-590
-27
1339
338
-195
311
-170
429
-31
501
433
853
402
63
92
-194
671
-663
254
375
-411
364
-1083
-199
-448
-24
442
-872
1678
-31
6
274
-191
-219
150
424
936
-42
921
210
563
682
-170
150
1060
72
-952
-266
64
1033
-888
836
1140
-22
1462
288
-14
-265
285
-632
719
362
110
1042
906
276
-368
-516
367
114
183
-811
1169
-973
-903
-499
933
130
773
298
-355
151
-431
-636
277
-1743
-485
-615
183
-110
-846
730
443
504
208
-135
474
574
4
881
451
-50
-927
273
-699
-794
-758
236
-540
1033
-353
-652
680
1183
417
938
-177
-456
-1088
-682
-300
423
285
-166
-617
-144
753
-126
106
307
-1055
-586
-932
-335
-52
540
133
-511
-82
-316
946
-243
-653
386
936
1179
42
116
-454
-350
574
-332
754
960
548
602
-675
-510
-683
-376
177
1934
-1073
-391
326
1079
153
212
500
551
-661
-823
-385
1028
140
-252
364
-1017
728
-325
443
-1890
317
956
330
-415
-898
62
125
835
-1073
-1462
-1052
-791
-1142
793
954
184
357
56
-666
-410
1191
-148
135
159
234
-27
-31
680
214
-315
534
405
445
-1009
-901
-883
-215
154
792
813
439
1512
428
57
351
269
-819
831
-1286
840
190
41
-11
-707
1259
480
-293
-447
-653
-730
756
-563
644
-355
1191
621
989
-957
-432
-652
53
-847
-358
-557
26
664
319
-460
88
22
238
-222
847
279
224
-1179
-10
-57
645
923
117
80
-42
494
-277
-701
-193
200
632
-741
458
-604
-466
-162
-79
377
417
-954
243
-1352
-158
-8
199
-215
-194
461
-349
506
-404
509
-236
138
-18
236
446
-138
-100
-170
532
457
1736
79
-313
-177
1807
-717
-1437
-708
301
401
190
239
918
40
322
-341
-466
419
1027
185
411
-231
463
808
-468
608
806
-90
-369
661
-1169
-1306
580
531
911
983
-161
-547
-61
-1028
-598
-186
1339
-427
40
-869
764
1198
605
-363
-535
-372
-468
-229
267
-428
-79
48
494
576
916
1673
-300
-1295
314
-104
-249
66
-525
557
917
-974
947
1513
-1326
-441
663
888
-282
-817
426
-220
-399
367
-45
-791
325
115
-229
-51
-211
-205
456
-40
-822
-1803
950
587
42
-928
-157
-506
-191
-496
169
-430
464
644
-780
400
321
780
-750
-220
1025
575
-478
601
-1038
1920
-60
430
-250
-987
-329
455
-459
701
-1513
1498
-490
-46
33
-316
296
30
27
-844
253
89
-595
243
-547
421
681
-513
255
-817
-312
284
100
393
861
1010
806
200
1284
-2
198
1149
924
728
677
369
-167
521
-371
-234
429
779
943
441
-529
441
354
-761
660
-175
324
230
186
174
1099
897
-84
-410
118
-18
641
466
727
989
-1117
-8
-440
142
394
966
573
-332
-214
99
91
-765
-376
397
51
-168
1748
-404
444
62
855
-78
-737
-207
1329
-151
-313
252
82
9
872
111
544
-213
85
294
887
-76
1940
411
-376
1859
-922
-1469
42
-357
-1097
84
171
668
315
-1407
511
908
-673
-323
61
-795
-687
537
-81
552
-463
1382
1262
466
553
744
519
209
790
-450
302
497
-290
-659
1290
14
439
650
619
-1262
616
224
-342
35
366
