25 68 121
0 11
0 22
1 8
1 12
1 13
1 16
1 19
1 20
1 23
1 24
2 10
2 22
2 24
3 8
3 12
3 13
3 21
4 3
5 1
5 10
6 6
6 12
7 0
7 5
8 0
8 16
9 8
10 16
11 8
11 21
11 22
11 23
12 15
12 16
12 24
13 4
14 8
15 1
15 4
15 5
15 13
16 7
17 18
17 20
17 23
18 0
18 3
18 22
18 24
19 1
19 19
20 7
20 15
20 17
22 3
22 5
22 23
22 24
23 0
23 1
23 3
23 4
23 24
24 1
24 4
24 5
24 18
24 19
65
63
57
41
1
27
22
51
42
39
67
25
58
11
31
53
9
43
56
5
19
15
35
34
33
6
26
47
38
2
10
16
61
0
55
21
62
46
12
54
48
3
36
30
17
44
8
64
52
66
40
50
20
28
60
29
7
18
59
24
37
13
23
45
49
14
32
4
-257
-30
91
-126
-206
270
-135
-27
-146
101
57
17
-6
-242
46
-148
35
-46
16
149
61
-202
-107
-190
-75
-140
-163
-77
-8
-168
-57
-119
-44
71
72
-65
57
80
-76
176
-391
-100
-5
-133
61
10
67
-7
-18
59
-82
122
-61
32
61
-295
58
102
128
70
165
-181
172
-127
-242
-17
-6
-324
122
200
-141
149
-91
126
-72
253
166
170
40
-11
205
-122
-13
31
-3
33
-63
70
145
-166
56
-49
-39
7
-114
176
-25
-73
79
165
100
-6
116
20
8
-31
39
125
-233
31
74
86
114
133
-29
59
-100
-187
162
-22
7
48
-76
174
-202
94
-188
134
110
-94
31
-243
9
-135
-36
116
-97
-66
-121
78
185
-15
93
-98
56
-12
-78
-20
-83
75
-28
51
-71
-36
-20
-154
-89
96
8
-7
108
-176
161
-139
205
-124
-7
13
136
-40
0
11
-83
-95
227
62
134
169
52
62
-92
-61
223
146
-93
15
6
187
-102
152
-212
-62
-8
-202
83
-176
6
154
64
197
-28
-6
3
-116
172
-180
-80
-114
152
-129
193
26
-91
-3
-163
-157
35
-82
-52
-101
27
97
-62
250
109
71
-23
-122
53
-98
183
4
113
105
25
47
-32
-47
94
49
63
56
-222
59
162
143
-36
93
268
-247
32
-24
-158
221
84
60
81
-78
-115
83
120
-15
76
76
-89
78
-35
70
-12
70
220
-107
-8
-122
159
148
-312
132
9
-30
74
216
-107
10
-96
-167
221
-127
140
-19
17
7
1
76
8
-106
10
59
246
39
49
-7
49
-175
38
155
-135
272
-8
-22
246
99
11
231
177
-74
-63
-39
176
-66
15
-131
25
55
132
-33
-92
68
-21
35
-31
44
188
-29
-147
-88
28
-8
-93
140
-227
-39
138
82
176
124
-36
-13
5
25
-130
39
48
224
-105
-58
-16
245
47
27
36
-147
-35
-8
182
100
46
73
183
-209
-54
47
-85
-6
-5
30
-126
-7
149
60
138
27
97
101
208
-163
53
-98
83
-50
-18
-55
67
-116
-178
256
-88
149
-172
91
52
-26
25
-94
68
118
-145
-109
-99
-33
-128
35
141
-338
-47
159
-9
-157
-14
204
136
-115
-9
-212
-72
36
30
44
16
-128
117
82
215
-36
202
46
174
-28
-129
-104
-123
-12
-231
9
-86
38
-116
-215
-176
71
-48
16
-82
-125
-197
32
-144
71
-66
29
-33
-135
33
66
-73
113
-137
-218
95
264
9
-16
110
-191
-8
103
80
-78
59
122
-36
-219
-51
44
-102
59
80
-71
-263
-88
154
29
32
50
-45
90
-121
162
-37
108
-151
263
63
33
72
-41
-55
-241
-269
32
-97
-185
157
104
-171
49
-133
-219
-117
-73
-30
-200
-43
-124
140
-74
-162
-245
-28
181
-16
151
113
-19
33
-94
71
-79
-9
-131
-102
-309
-102
-84
140
-120
-147
-202
-95
77
10
118
-46
89
-220
-133
94
164
-85
-41
182
59
-119
46
-253
-29
-20
-25
-255
15
-80
-83
195
69
108
-105
-10
218
39
39
107
3
-2
131
8
-87
-261
-104
43
127
-103
-157
-164
57
-12
176
270
-260
-260
20
-94
-78
161
149
-63
-10
-166
-23
-95
203
10
-175
-226
-110
102
20
-163
152
-19
-60
-28
-86
259
-202
79
162
131
124
181
-144
-29
-303
43
-144
-160
218
-170
-114
-239
-110
75
2
-204
-58
43
218
1
-124
-171
-59
-132
-93
-114
233
-143
24
26
-70
63
-33
-151
-217
148
-79
-73
-56
-83
-84
50
147
-2
-55
-129
99
-68
201
67
84
-102
-178
-12
286
-99
-190
-93
233
26
-140
-140
-20
-187
152
-25
262
68
-58
-12
-185
47
-125
-134
-106
-89
-90
-187
-230
-124
-25
-59
222
-1
-76
63
104
89
-147
11
229
23
-37
22
-9
-127
-208
2
200
-3
-39
132
-105
53
-49
12
129
153
-58
197
-110
-191
54
48
-115
26
9
9
-151
-201
35
145
-120
-18
252
12
127
-22
-62
-136
52
71
-126
56
-97
61
12
-19
109
181
-158
14
-241
-78
228
-103
-247
28
-190
-79
-10
-215
-134
-168
-35
-127
-181
6
-23
53
-72
-37
27
57
-265
199
-426
-82
-25
-128
-59
-201
105
243
-204
23
-13
124
51
105
-226
57
-62
156
-94
-103
-65
274
-20
-57
227
32
44
-80
6
14
-66
-54
-82
-41
44
-38
204
14
201
92
-76
-99
-95
-2
-47
-22
-4
-26
45
-211
12
209
-138
-313
-95
-51
113
-134
110
-216
114
-54
-158
1
-104
-199
233
134
151
-106
-139
15
248
-17
-119
123
-252
-34
162
-271
62
-127
105
-51
-169
109
142
-135
45
117
-336
-133
-25
-25
240
-141
10
-123
-17
-196
103
-50
138
148
-51
173
-50
-145
68
-137
214
-36
63
-179
-43
189
-68
49
-166
70
-68
-241
-55
-37
132
253
8
95
45
40
-209
-164
-180
195
78
49
137
-37
70
-20
-161
-23
-28
77
32
-405
-235
-134
-7
-183
55
17
140
-88
134
-27
84
-179
16
-31
-61
94
2
156
-178
-84
-45
-96
-166
40
-15
-97
-127
-114
-73
120
-40
100
-33
-171
12
-6
94
-64
78
-38
-8
63
31
-49
-28
195
32
68
126
-200
-84
74
90
120
-187
121
53
-121
-136
211
315
115
206
-68
-81
-12
-171
31
95
232
-127
14
-97
180
-124
50
34
128
177
-135
-6
140
-137
254
173
187
54
-62
75
-25
-183
-82
83
-23
93
-16
-121
75
-116
328
-87
69
-161
-60
220
118
-16
-38
31
-60
-142
-167
132
-165
15
-29
-103
85
167
15
-21
-150
45
-29
-25
98
166
-12
-6
-53
-21
126
-139
-39
-90
15
44
-20
101
116
-116
22
-125
169
-72
181
-15
-139
40
136
-33
-104
93
-52
-27
332
37
-103
-309
-98
53
-90
-104
-35
-87
252
20
14
223
95
-109
76
48
-39
99
-151
4
-16
-30
33
-90
-36
-95
178
-101
-226
-64
205
-139
19
133
-170
-186
-18
22
46
-69
-74
2
170
-89
-175
14
-9
-17
-73
-80
69
-115
309
-76
-163
-25
-185
-78
155
-100
36
-106
158
-66
-170
-50
-54
77
-75
-19
-48
-31
-72
-240
-7
4
-34
22
90
-31
199
65
-176
-185
54
31
-139
-67
-69
14
25
244
75
33
-52
70
-150
34
-210
-30
-257
26
-52
-90
2
72
161
-29
-115
146
58
46
34
-76
14
-116
70
-3
-181
0
78
-74
-46
118
-107
-229
-38
70
173
-7
-120
127
207
-98
41
-27
-4
-79
170
246
143
-58
-72
119
-67
76
-98
-144
-5
132
243
18
95
-177
-72
-111
83
-58
118
-81
38
77
54
60
-8
-237
119
-17
9
-246
-69
-48
138
31
5
-10
136
236
-80
-123
188
-31
-22
-41
-261
96
123
103
54
290
20
148
7
94
129
199
13
-106
-239
157
-103
102
-25
203
-137
17
127
-120
-83
57
-20
58
1
-156
3
-136
72
-140
64
-57
-181
93
-109
-23
75
-60
-292
-194
-44
-120
-164
48
33
106
100
72
48
44
-16
101
42
84
-166
261
-54
80
37
139
156
32
158
89
-130
-36
116
4
48
-149
-24
143
-104
-33
271
96
124
-20
85
42
-34
296
-26
-157
115
-5
-30
234
-87
-28
-169
75
10
188
74
-127
33
-20
-3
-8
112
149
-288
-35
-82
-2
163
-83
-63
-33
-151
126
-154
43
-31
-81
233
237
-57
62
-17
80
127
-165
-244
-85
-37
-91
-277
-23
16
-37
-43
-64
33
-208
-98
-104
-102
-156
142
159
262
-7
-87
-88
-171
-235
-115
33
40
-122
-39
194
186
1
-101
-110
-86
-12
-94
-177
74
5
-59
-239
48
-126
-81
-232
91
-103
-61
-232
28
98
-52
-86
279
33
11
65
-4
191
102
-209
-95
85
140
-148
-99
-40
-84
-5
238
-9
-74
5
109
89
-104
27
233
-16
195
80
129
82
11
-1
-57
188
-17
-134
-31
212
10
-179
-3
35
-108
-20
163
-150
68
-46
-116
-143
-42
-115
-71
29
-61
50
102
-1
-42
-129
-153
1
-32
65
-250
70
183
102
219
-215
110
-134
-49
-75
181
232
118
73
187
91
-10
-87
-58
-33
-113
5
155
-85
54
-281
-93
-86
123
67
108
3
33
-158
79
-22
-193
60
-213
-6
92
186
-109
-81
195
84
-262
301
-2
2
-14
134
-20
177
114
95
-102
33
168
-106
119
134
105
-18
47
37
41
93
31
89
-72
19
63
154
-235
10
135
27
66
-13
33
-341
143
19
-27
53
-126
42
20
168
245
194
72
46
-170
134
46
4
236
29
-149
96
74
-195
21
133
42
113
-118
75
11
28
16
156
-104
-47
-123
-41
207
-18
27
7
129
21
23
-18
120
-49
-15
125
41
88
-17
287
-48
212
-31
-30
-126
-140
-106
32
205
67
85
-26
-179
-7
8
83
227
-113
-71
-40
-79
97
-67
169
-76
-27
162
3
-177
-36
14
-46
104
128
17
0
107
-1
121
287
13
-138
-154
-39
112
-99
89
-9
-13
-50
-95
27
-77
28
25
-120
11
29
-109
14
40
72
-65
150
130
-180
176
251
41
-81
52
-39
-170
21
91
274
122
120
99
73
-103
-169
-64
7
-45
108
127
-154
-27
-53
-89
-156
31
97
-12
-45
11
-38
-54
-49
-132
94
-12
162
184
-66
158
85
34
6
104
178
192
-79
152
58
14
8
-42
-2
32
-75
-175
-141
200
-256
145
224
-31
-190
-97
10
-73
-5
-141
-152
42
-109
-61
54
-105
-80
-186
-89
-287
48
49
17
-55
88
145
107
28
-137
194
-10
-48
-149
-36
308
-97
-102
-242
-134
-5
63
-5
14
-60
17
-168
-67
-123
-59
79
-142
-183
36
-215
252
93
96
-58
195
-8
64
-71
25
-55
92
-127
135
200
-182
179
-92
-20
297
40
28
73
230
91
-27
-24
24
-49
83
-99
-97
3
-88
17
50
127
111
-78
147
188
-120
-220
-49
-2
95
-86
-234
-59
-141
-79
71
103
-109
128
124
194
-86
-103
-3
-139
-90
64
18
104
-51
-7
-173
69
196
55
-205
-56
145
-80
-59
24
-220
-102
41
9
-181
123
-29
-71
-7
-48
-70
131
130
224
-114
-66
-138
136
-111
-76
-193
64
150
84
-89
-181
-32
-113
-137
126
-108
172
166
-31
-91
-34
-43
-3
-13
98
433
-158
-219
-43
96
111
34
74
-4
33
68
8
43
126
19
-133
100
31
-136
102
204
-12
-47
-70
6
-75
-181
161
209
51
84
-31
-9
202
-264
-78
-51
233
23
251
-278
-72
-114
-65
-9
-162
104
-109
-15
-38
-79
8
-5
70
95
-175
209
-158
1
4
-40
-108
2
2
26
-132
-111
122
175
3
-137
81
256
-63
-74
-88
75
-74
32
-134
-165
83
-143
77
299
87
32
27
-155
-83
-143
-74
-54
-112
-81
-149
10
23
-206
11
26
19
3
-55
76
61
-71
176
100
130
58
199
68
70
-17
156
62
-84
23
-147
-48
-118
71
14
71
93
-66
-172
170
43
46
176
85
-52
-74
55
23
-239
118
-33
1
136
-115
-93
57
-318
-174
-204
7
63
-11
-45
-68
28
48
-45
-112
26
-8
133
105
-31
1
153
-62
-63
-59
103
-328
-67
-52
-372
100
41
-131
118
85
-38
174
107
73
203
12
91
69
-85
-141
61
-62
5
-143
-113
157
-58
-68
-83
-129
53
25
52
-115
-194
-85
-50
85
-30
67
56
42
-107
197
145
173
-209
-182
-76
-22
-83
-30
89
130
52
-80
118
-171
-212
-55
-22
-64
111
-76
196
61
-15
86
14
-25
-129
143
-41
174
-119
-175
-6
-82
-15
-11
-203
13
-284
-47
54
95
-5
186
73
-40
-2
14
139
-105
57
-54
-185
-5
2
-41
-84
-64
223
-16
121
-31
-103
145
54
117
169
-60
-117
-118
98
165
118
184
-258
-98
-75
-55
60
13
73
-14
-34
60
126
-37
166
81
126
-278
162
-155
34
120
-166
193
-70
-139
3
-25
-30
-129
-107
-217
-10
28
64
-2
-71
60
90
-24
77
21
-59
-90
138
23
-189
-31
40
-36
-229
6
-138
187
-206
171
159
-40
-7
-253
-117
65
-93
118
63
82
-48
-25
60
-20
44
59
21
162
-136
134
-63
-15
-80
60
124
150
63
-284
132
66
-60
122
-20
-64
114
-104
-16
-34
-26
86
-50
81
-52
-72
18
-96
-151
-221
-113
58
0
32
163
127
17
-9
74
2
-201
-96
-108
-35
-29
131
-111
-145
-147
-234
71
-28
104
30
58
261
-7
-84
20
-62
-82
-136
93
-93
138
180
13
7
-74
-82
-61
-174
-87
1
110
149
91
-120
-164
81
189
-90
-58
16
83
206
-156
271
48
58
-59
323
-22
82
-279
9
64
-70
93
-68
-25
156
-227
14
-25
-3
-67
-321
121
144
110
26
-131
107
80
-139
70
41
-171
-195
42
-5
-223
106
29
52
-163
-242
39
164
-106
160
15
140
107
-276
-130
-43
36
-10
-113
-41
-39
-18
-9
-46
-7
96
-148
170
54
-97
-273
-176
-24
128
-186
15
-212
70
-191
-11
127
85
76
98
64
-206
73
50
-69
166
78
82
-25
55
-208
176
6
-100
235
63
116
148
58
24
52
-15
-86
-3
-94
-423
-94
-148
62
22
91
-100
77
-11
148
211
93
-37
-61
-30
-257
185
-69
135
-246
79
-26
-25
166
-49
-161
-17
41
-32
125
-215
13
-129
29
55
84
289
45
-91
262
47
89
91
4
-14
104
-90
-102
232
41
14
-56
123
-79
-29
152
128
109
-52
-55
-189
-55
146
35
105
76
29
-27
249
110
25
8
-312
-74
-39
-98
127
23
-25
-6
64
56
148
-161
43
-76
76
-112
-72
15
24
80
-219
163
160
29
-154
-81
-126
-4
251
-45
145
20
-150
131
246
-88
24
-10
-113
121
5
120
-134
56
74
41
-57
-134
55
99
36
-254
247
-3
240
149
98
38
42
-55
96
42
-45
89
306
-61
93
86
-28
-144
-77
40
104
-37
-76
-199
-387
174
-12
23
-28
-79
-88
4
-30
79
-33
-79
81
271
-123
-248
-118
-99
77
-56
127
-224
-19
86
15
-89
112
-58
5
42
56
-40
98
-6
-88
-155
19
12
52
144
-31
176
83
-123
117
-276
-78
-122
346
3
229
-147
-48
-34
-62
11
170
147
155
150
93
65
-51
285
-237
-4
-3
-49
-78
80
11
285
-92
-33
-168
59
-9
73
-180
-35
-176
18
127
147
-144
32
213
68
87
187
-132
-17
48
85
-189
-31
-126
49
104
52
76
128
-4
98
151
-75
17
-154
133
-7
-204
18
-100
-118
-14
-164
114
79
-214
-83
-153
136
-7
65
125
-176
137
65
-130
130
-207
118
-55
-13
16
50
-94
-38
73
184
-96
58
172
-36
-28
45
-30
53
-38
179
-10
95
44
-50
-72
-103
24
54
109
-17
93
-49
189
213
-100
17
143
213
-226
-96
-110
-63
77
61
-7
131
-27
-46
18
-33
5
32
-27
95
-19
-109
-54
-54
-215
-20
-37
22
-75
-142
291
-8
-46
-124
68
-36
-22
214
-19
8
128
67
119
-21
-18
240
196
151
37
-21
-198
245
-41
-94
45
-70
81
39
-60
127
-116
17
-30
-80
28
-63
-20
-285
4
-159
-22
-7
-70
-110
194
40
125
99
-80
81
-14
-4
135
32
-17
137
73
-272
-10
172
122
113
-233
20
-87
2
-92
45
30
-66
128
147
31
79
63
110
136
-165
-105
-67
-19
111
60
-125
99
155
-160
27
18
23
131
216
-148
44
151
207
-24
37
-130
98
70
-69
-32
-52
32
246
59
48
-124
-54
104
-34
-101
-26
117
5
-36
-21
0
15
-106
-185
41
7
101
-125
238
-89
-18
-152
-203
124
-26
-63
-6
200
38
33
175
2
38
-186
-46
92
76
130
-55
-273
139
-151
-96
59
308
16
183
-71
-106
-45
201
181
41
-186
-94
-403
60
34
285
69
-81
74
-108
-234
196
4
-99
15
-50
-282
-215
152
-252
-40
30
144
-177
98
-93
-92
-22
118
-160
-32
181
121
-86
69
172
262
136
-28
59
148
172
-31
-220
75
6
56
-162
-29
5
227
189
169
-47
-68
61
-75
64
42
-136
-66
6
228
-13
181
-75
141
150
-133
-230
-150
86
24
-26
-115
38
121
91
-14
-185
-45
-130
119
90
-23
-97
-7
-128
96
-72
-136
-46
-44
-70
-24
82
149
-51
-108
-85
40
-34
29
-112
70
73
130
-73
-110
-77
45
-12
53
0
-141
-41
-56
149
230
110
115
-101
-105
-3
-293
13
51
38
-104
-100
59
-171
191
186
17
107
-106
21
-43
-204
82
376
-15
-332
-94
-178
74
143
-25
144
-141
-200
-20
-70
-50
19
-79
77
158
-85
72
191
103
41
48
-41
-153
-59
-108
-56
99
10
-110
-117
-175
-215
-156
75
-31
-102
64
-154
-152
-39
77
108
16
215
23
71
-30
249
66
-77
154
88
262
-72
278
196
42
189
12
-98
60
33
166
-148
162
4
28
257
58
1
-74
-282
33
-49
-102
-66
-42
-2
91
-235
106
146
-10
167
88
57
61
19
19
-48
-197
4
59
37
13
272
-177
-363
103
46
146
-130
-190
-44
-195
97
43
22
61
-12
-3
-147
49
116
168
-42
28
-129
-110
78
68
-78
68
-168
36
-94
-92
8
-82
-10
-87
-135
-13
4
193
91
-129
-23
-6
21
-1
252
189
-18
-133
32
-9
-90
53
66
-53
-84
-232
-56
-257
172
220
-24
-96
-134
15
-146
80
5
76
-42
-104
75
-51
32
278
-149
-107
-54
35
128
83
97
174
-51
-175
40
-75
-25
-94
6
-96
61
-70
-113
91
15
278
38
17
-174
-136
9
121
0
-105
9
-172
26
-171
-70
34
-15
29
-25
93
100
39
-65
291
99
54
-44
157
-29
-40
-55
-138
177
30
-118
-212
-61
-119
-45
67
-113
113
296
185
130
-14
-271
-92
99
-308
42
-96
61
-158
65
-23
157
91
7
-25
25
-157
4
109
240
-130
80
10
123
-187
374
-110
-40
-26
25
-3
-129
-8
1
187
-101
-122
231
243
211
140
-132
-91
222
-24
16
-122
-234
-52
90
101
-106
36
-80
2
-154
83
-17
319
-21
103
8
82
-16
-140
119
-96
-92
-283
-96
-51
138
49
102
-176
-221
-132
-13
134
-117
-87
-125
105
-36
-16
48
-19
283
-126
8
115
-4
-41
72
75
-138
165
-186
-100
-154
82
-36
89
78
-2
10
4
107
83
85
50
-172
-10
-223
1
-96
-21
144
170
58
86
-85
59
84
116
-118
6
180
-23
84
42
29
-30
46
261
-183
-74
98
75
98
-32
149
-12
-40
-45
-206
2
-88
-9
175
231
-97
16
-72
-58
42
-126
181
-94
-102
-62
-133
-252
-29
223
-299
-166
250
26
99
89
-79
-94
20
-81
-21
-86
-57
-171
193
66
-59
-123
-18
-123
35
-114
103
-4
-63
-210
-102
-176
-38
-94
69
-136
61
47
-52
-12
36
150
-39
163
34
-38
-44
-94
157
112
137
-47
104
50
-96
93
60
-12
270
14
-175
210
50
108
-78
84
19
76
-180
173
-23
-314
52
85
109
102
294
161
-39
12
-162
-191
27
137
87
163
-181
-14
66
-78
46
-142
74
-120
-246
67
-178
-87
-43
132
180
106
-73
-150
95
126
-97
140
92
42
-47
-9
32
-8
-189
24
-17
-79
-69
-95
-146
-165
-4
-249
-46
174
40
58
-50
-107
-14
24
-84
-77
-56
187
-99
255
-63
-73
125
-32
-90
108
-27
130
-133
22
63
11
-125
225
-109
8
-10
-5
-129
68
107
-107
-164
-49
48
-375
170
-107
267
-83
-72
16
57
-62
166
-65
22
26
25
-69
-123
273
-275
-16
-46
-73
13
-125
56
23
202
20
217
-185
-30
102
-71
-202
-100
99
181
-180
-189
-181
-19
-8
18
-263
70
-115
-118
106
-36
-26
-239
-71
342
135
-74
267
87
-69
-1
96
193
12
-34
145
-112
7
15
192
115
-269
-64
-96
114
2
37
213
16
-24
24
162
-256
-72
127
-93
-200
63
19
-53
199
-65
112
-12
-26
23
43
-123
166
182
143
207
34
-41
60
-23
-18
-27
-219
-66
80
92
134
137
147
-208
-71
-184
-37
-174
-255
37
-112
-30
3
-186
6
13
-75
62
10
43
86
-89
-89
-42
-94
-133
68
165
249
-73
-34
3
296
-192
162
163
174
-235
11
-306
-142
-8
-207
-8
176
-11
-112
-171
-141
16
63
126
-97
165
-29
80
-133
-16
-5
175
21
-65
108
13
101
-16
-49
-330
224
-185
-32
-137
-29
-152
-67
-153
-83
-239
132
-46
-108
-105
-103
42
101
61
-26
-170
-50
38
57
103
128
-157
-35
175
23
-71
-124
217
73
344
-158
-35
-171
-76
50
53
12
70
76
255
-17
-124
51
7
-32
-105
-24
28
66
-35
-58
-76
-63
32
8
74
-289
-65
102
-73
-143
-159
-42
43
41
82
-109
7
-54
-6
107
47
93
-341
0
-238
-61
-63
30
-4
197
140
100
196
2
-59
117
-17
270
-37
-169
13
254
117
-88
-58
84
-31
-16
-88
127
209
-113
-157
-188
8
-226
-177
99
-75
120
144
-34
-15
52
-133
-240
-270
38
-113
63
26
-264
123
-106
-150
3
-204
-163
134
224
99
159
-4
134
41
-226
117
-3
145
103
-165
103
-59
-142
16
-224
-176
-67
-10
-96
150
-82
-212
-33
90
68
61
262
-86
87
-192
-19
-175
292
128
155
171
-39
149
62
154
23
-241
95
132
-117
-25
-22
-200
-42
55
179
-63
107
221
36
40
138
-108
-3
297
149
223
165
5
-70
-31
-15
-12
-60
38
-68
0
-183
-123
-78
-113
-81
-1
-138
-69
176
47
-89
-28
-28
-50
-136
168
145
-48
-61
158
97
93
-210
-92
-125
-126
-88
-93
68
-30
-196
7
-220
40
8
-106
245
164
-140
14
39
-47
109
-106
-168
-84
-80
13
-95
-31
48
39
21
-20
128
-96
129
97
40
-127
219
-87
-7
-36
-11
10
20
49
69
-18
128
-111
133
52
89
16
-62
104
-62
25
-143
25
-127
22
-162
25
97
-85
-99
-47
29
95
47
-236
51
-62
-232
-62
169
-125
142
103
-107
75
-66
-9
-69
-44
39
-77
271
8
-44
-141
179
-21
59
-12
67
-15
144
8
-21
230
4
-121
-123
84
90
-10
-29
-87
103
-12
-10
64
22
101
-60
106
192
44
21
45
85
-131
-155
-68
-131
-77
-70
-85
66
122
-158
-171
164
52
-14
63
-95
103
-224
54
20
-62
33
53
-87
-119
83
125
-73
-71
149
-46
32
-60
29
-216
17
91
-248
8
-89
-52
158
155
118
46
76
-103
53
100
177
108
-143
-136
-90
27
3
211
55
16
-81
103
-26
-37
20
9
-27
108
-7
-17
-384
70
-52
16
-158
47
-156
-108
26
-5
1
60
95
-327
-8
-100
-74
142
-83
56
-90
102
-52
-36
-47
-209
245
106
-247
-82
63
17
-182
160
-79
70
-125
81
66
25
-9
-20
-243
41
23
-145
-125
143
-70
-74
160
-51
-61
-39
29
-45
-13
-45
24
-81
-4
-177
-266
-38
-40
51
-88
-149
-51
136
-97
-194
-79
87
62
76
-20
-316
-221
-26
186
54
-16
-2
122
53
-100
328
-68
60
-105
108
-51
-64
-9
-92
40
-27
108
-22
-13
-204
-206
23
45
-80
-182
77
-253
-94
66
130
-201
75
-80
133
88
27
32
-48
15
69
-19
-167
79
298
-22
129
37
-158
-90
-15
-62
18
-40
-94
-4
164
78
73
214
-319
71
-86
-3
-128
91
139
50
190
-78
-83
42
7
-257
40
-23
222
-20
-99
14
-157
111
26
129
-187
-231
-65
128
-93
1
102
-16
-78
35
64
59
-83
-53
112
-219
13
-136
160
-10
-88
57
75
88
-78
-56
59
-38
47
46
-147
-63
-17
-161
34
132
156
44
30
32
-102
100
-135
38
96
-17
-160
-247
-147
-16
170
4
-127
28
-155
-61
-161
88
35
-49
-214
1
25
73
-48
-3
4
-50
-160
6
35
103
107
146
-29
-123
132
-219
-134
-166
58
22
-257
47
52
-45
-23
78
-81
142
-196
17
-16
207
-63
-22
151
-190
-141
131
-4
-189
126
146
-9
-39
134
-155
-72
-149
95
15
58
32
-233
9
-91
114
101
-162
-236
-69
-182
-34
80
7
-3
46
-83
193
-7
-93
-6
86
53
186
-116
57
-180
-122
-142
18
127
53
42
63
-294
101
20
266
100
77
47
-149
-52
-21
103
156
25
-182
-142
-98
-107
-33
214
152
146
84
-118
85
-118
167
227
-12
-91
-18
22
127
223
-87
-95
112
-115
-131
94
173
-149
41
-42
-137
-133
142
-70
10
150
-51
-124
-61
137
100
144
122
-96
18
16
-31
14
116
-117
67
-312
-141
-46
-136
99
-58
-49
25
183
-15
-68
76
21
-151
276
281
28
-82
-44
27
-192
2
263
2
-80
-104
238
-151
-4
24
-26
-36
-16
-24
-26
-92
-73
17
87
98
-60
81
-10
143
98
173
-58
-113
88
149
84
74
97
-99
60
-76
3
-23
75
-58
-95
166
20
-123
108
234
130
-56
15
92
-57
136
-297
-189
66
7
-201
-71
39
-56
141
-33
64
-17
-114
34
218
-89
55
219
68
118
5
-206
-22
101
220
9
135
151
-122
161
187
103
55
168
4
9
18
232
213
-239
35
-110
93
82
-38
-123
-154
106
72
7
-107
75
-10
136
15
-83
-12
-127
-105
80
-45
-26
60
137
-153
-109
114
-83
-107
-172
80
165
-301
-122
117
70
-37
153
5
-59
62
-59
218
-194
244
-169
-135
-172
-149
224
13
69
45
161
-257
-17
124
-11
-138
-156
-23
-288
24
-67
40
25
81
219
-169
93
113
-221
-215
-66
-67
-262
39
85
68
-40
123
-102
115
27
58
81
-171
-64
84
-204
32
-8
-71
-160
-15
110
37
-165
148
-12
-54
66
111
-117
73
112
-146
153
233
-77
-56
60
-41
-56
-181
-58
11
43
161
-119
-63
-98
44
-85
48
-22
-174
58
235
-61
69
-178
-102
-104
-94
23
100
-26
-59
-123
116
-17
213
55
-31
-33
-57
66
125
12
-28
-87
150
-11
44
-11
9
31
-36
-106
62
14
53
26
-27
-46
80
52
69
60
23
-265
-117
-49
266
90
32
149
37
-131
173
-88
162
163
82
-20
59
122
-10
-64
-88
-127
-170
-2
154
-44
-37
219
184
-73
-54
190
-84
13
67
218
-125
-75
190
-1
86
-67
-26
151
68
291
-48
212
-134
-113
61
49
24
-101
-8
-80
-160
-23
140
77
179
14
109
97
129
-312
-190
-26
4
138
54
-85
-127
119
53
114
-179
44
102
90
-121
-1
-71
-109
18
76
-133
-21
-52
179
138
54
-115
-27
-222
85
95
-17
-113
-39
-14
-198
111
217
66
83
-39
-166
-262
-29
68
68
167
-39
32
158
72
172
56
-36
4
-57
16
82
-33
11
26
100
-17
122
-16
108
-186
183
47
-137
-37
-167
-4
111
73
-89
-68
7
-29
23
-23
78
106
146
-19
87
4
-46
-36
44
-73
108
160
203
-93
-7
48
115
127
45
81
-51
26
-69
-164
252
136
-137
63
48
-179
-68
-61
-120
76
127
64
-62
150
40
-82
-188
-60
105
-65
-57
124
-109
2
29
78
-81
-313
81
-203
-131
24
-143
-137
310
8
80
27
185
157
-167
70
95
-27
-137
260
200
77
-130
23
108
-229
-47
26
-106
198
-122
-29
-165
-51
-118
123
-10
121
-18
-64
37
-86
-141
65
199
-27
-9
-127
88
48
210
78
-97
-2
-77
-92
-142
185
-159
-131
16
-170
61
-156
-48
70
-193
196
-101
-83
167
-177
-188
28
-69
-42
-202
56
-133
36
3
-3
-226
-3
-136
-178
2
17
85
130
101
-70
11
-67
18
-7
194
327
-59
-179
111
-55
-26
42
5
24
37
-37
-217
105
-57
-174
-43
-193
-144
-145
-52
8
-31
25
-89
-17
-74
13
19
82
101
-12
-153
206
34
-61
153
242
-96
-24
43
-29
28
-5
-64
48
116
74
4
-6
164
42
123
-148
-67
-139
163
-190
180
78
194
-98
-38
-112
166
7
-40
-5
106
124
250
88
-59
229
-73
-54
138
74
-1
87
-211
-204
145
-2
88
64
-201
-45
-64
104
162
133
-71
68
-67
-57
236
4
-21
51
19
-131
-136
-34
91
-205
-171
-66
52
30
-91
1
65
-1
66
-91
-271
-188
126
14
-34
-102
-155
217
36
-159
99
35
82
206
1
-88
-23
95
-16
105
-70
-38
27
-39
186
-44
-120
26
-157
19
62
-38
-49
-138
-205
139
-21
97
17
12
126
41
72
-33
-121
-65
101
83
-7
-88
-126
-57
-138
-86
-26
148
86
36
-240
-51
-91
113
48
-10
-51
-155
55
156
-177
-4
39
74
-76
20
-89
-112
-36
132
102
64
-13
62
-225
-63
-126
-18
13
-103
81
-47
37
-97
77
19
-80
18
-152
-172
31
-9
-112
-224
69
-7
-166
29
-55
-3
-105
-15
-59
59
-42
-85
81
-170
-53
-10
24
138
-176
-199
136
-159
-37
174
-56
211
92
-49
-127
151
-177
-45
72
-32
-70
-189
92
-110
-89
-175
154
-181
36
-79
135
-121
-233
150
73
-46
-5
386
-80
15
-198
125
-47
-158
-140
-35
-74
4
-38
124
-86
155
35
265
54
65
239
1
-22
-85
-1
-140
-124
136
-84
179
3
38
-58
-102
139
68
178
-5
32
-59
30
-76
163
-177
-9
57
-38
47
0
8
235
79
-234
-48
-191
-152
-16
-52
-80
-193
44
-101
-238
-209
175
193
65
74
-132
98
38
-208
46
-124
-25
90
78
146
97
-190
-119
107
276
157
57
-69
140
-6
17
-47
-164
57
70
-40
69
-83
-85
66
71
128
-279
-153
93
-104
-94
-28
-11
-108
119
207
26
51
-105
-28
94
-227
90
52
-201
-150
-80
13
11
52
184
-268
160
-56
-50
31
-169
-109
-23
-151
-131
-33
156
-28
35
172
123
97
-258
-222
-88
144
-17
164
73
149
201
11
51
0
125
-124
27
-10
-48
89
74
-10
78
77
43
11
38
95
-97
39
74
-380
163
-98
-151
177
95
75
51
43
10
28
91
-171
189
98
-211
102
1
-139
-310
342
-46
-142
49
49
49
-136
-40
-13
-28
111
135
-62
-120
-72
-201
-82
1
-17
-72
82
0
-90
136
38
-56
14
153
-59
55
30
284
109
-156
42
-50
0
136
-45
-250
-48
40
79
-82
-176
-116
97
-45
250
-167
43
-109
68
111
-200
73
-199
52
80
21
0
215
26
86
-19
-176
-145
81
-45
106
83
-78
226
-164
-60
-31
-186
-78
203
35
-250
-6
-41
-61
220
-67
85
241
-31
-65
48
34
5
52
111
1
-54
121
-197
12
-107
39
24
-115
-221
-92
-133
-19
9
-262
-78
-188
-54
55
-14
-75
-145
-33
-164
-13
209
80
-108
106
182
-2
61
-253
-81
56
1
-42
4
-75
23
-57
-182
-177
-71
87
-149
-78
-95
14
-1
40
125
-29
-30
124
-151
60
-190
-73
146
20
48
-60
107
136
2
23
236
-103
-71
-90
-129
-96
5
-10
79
47
13
92
-60
-4
-283
59
185
-44
139
67
-16
208
-11
-141
62
46
138
-86
32
5
48
-41
-106
388
-18
-236
83
13
-53
107
192
-7
246
-248
-36
-84
46
108
-83
-144
243
-34
61
29
-70
107
-61
188
126
-64
124
63
-155
-68
-92
22
-149
-58
-54
-75
135
-107
210
81
-169
-18
50
60
56
87
70
59
-139
-214
-199
-103
-125
158
-26
-180
57
134
-102
66
106
129
43
-94
-20
120
184
-21
61
-71
-42
-164
-179
13
131
-128
-136
138
204
32
-88
-199
80
-148
137
-15
-52
11
178
221
30
-42
38
59
185
36
65
-27
17
78
84
124
13
337
-140
55
225
34
89
-122
-25
27
-137
-4
86
291
-143
144
-74
-214
39
-34
156
97
39
122
-60
167
-1
126
-243
192
-40
-62
-68
-76
51
-38
-23
81
-18
45
-104
90
-120
44
75
-92
-161
33
96
63
172
-140
-139
-113
-76
-148
-109
336
-80
-188
-72
278
76
119
16
-141
-43
160
50
-118
-13
-179
11
-78
-50
-6
-16
-64
132
40
-42
109
192
-53
-168
-94
141
128
-70
-40
96
87
-209
218
-84
-250
64
12
199
144
-167
99
30
27
233
-125
-24
117
-78
209
-76
109
229
19
91
41
94
-111
-61
-122
-181
37
-20
-97
-276
-91
-68
79
18
-31
183
125
-41
-151
103
-74
-6
7
37
24
-43
-128
65
-149
-148
334
121
146
-71
-16
84
-54
-41
145
22
-11
48
168
-151
-182
126
83
95
187
0
-99
-18
24
69
162
-44
-106
77
-179
-167
55
240
172
-52
-123
-95
20
-187
-32
33
4
230
-85
104
-273
-103
59
125
30
-114
33
-84
-99
87
-83
42
-210
-193
78
143
-4
78
-77
-127
-157
-144
49
-13
24
73
113
181
-110
-169
39
-40
39
-2
29
-50
22
139
-154
-124
78
47
-103
165
122
-194
-262
307
220
92
120
48
36
290
185
154
-33
-52
-59
48
274
105
-199
-131
-113
52
-129
142
-146
-8
99
195
-100
22
-43
88
-103
-62
-187
166
-170
-55
151
-193
148
251
-195
42
-51
16
13
-59
-89
-46
-61
16
-48
68
25
-41
-65
20
-204
3
-4
-10
140
56
27
119
44
120
10
-59
-24
186
1
236
-41
-150
127
-135
140
126
7
74
-11
103
9
-25
-112
246
-66
117
255
46
98
24
93
21
38
-82
85
135
-42
-49
45
-214
44
196
139
93
58
-1
26
56
-125
172
239
169
-86
59
-32
-78
121
144
-51
93
174
-274
-146
-129
-83
50
-184
-48
-79
-38
-108
166
-58
-59
-79
46
-357
34
-73
-56
-148
-41
-273
146
25
58
-9
26
29
-92
-104
54
52
20
174
12
-197
122
130
43
-36
-143
-53
-267
9
23
255
-30
-127
-49
-92
-187
-247
22
-8
-85
-94
-274
8
-105
-20
42
33
26
217
-50
-81
-65
-111
-71
-118
12
-107
160
-13
124
-5
205
-90
118
-93
240
-19
25
225
14
90
-330
178
44
-180
35
-119
-27
94
171
-46
100
149
-28
-139
-63
-6
111
110
-251
-126
-60
-134
231
-14
-104
117
88
48
-54
113
301
8
88
-68
-36
49
-260
12
-107
-117
181
161
-97
164
-167
92
152
89
-86
196
182
54
0
-90
-187
21
15
-173
-42
10
-202
3
234
121
-28
133
24
80
57
28
82
-40
115
-141
99
124
107
-23
172
88
84
21
96
-141
253
56
-135
136
26
5
16
142
53
-45
82
149
-194
-33
11
22
-117
-65
-97
73
-47
17
-239
-117
-13
-223
124
44
172
-76
-144
40
47
131
-278
-35
-285
-35
307
127
21
-228
149
-59
-194
73
37
-45
-280
49
30
-8
-33
-61
41
183
129
4
91
13
136
142
-85
97
-27
217
-247
0
128
51
-20
-116
-40
137
-75
16
89
-63
261
34
5
95
-113
123
-4
92
46
-9
-138
-183
55
-6
72
139
-310
-22
217
-32
-101
-32
-158
-292
48
90
-197
21
62
142
-37
-104
-73
18
95
62
-100
-9
-48
32
79
-168
-58
68
-111
-134
-26
-2
-19
-56
102
-197
-32
-41
-138
8
-378
86
-63
-35
1
-116
88
57
46
-40
309
70
-66
-129
148
33
-82
-153
229
-80
25
317
-18
127
-42
63
-4
18
-28
-107
60
120
233
-185
42
-94
-222
-26
-197
-111
137
-218
-107
-44
-12
-5
174
70
220
98
25
-18
-43
84
8
84
-35
177
89
185
114
-348
-15
-181
131
-9
73
-16
-120
-91
71
55
16
-62
-88
58
1
39
225
-154
-78
-57
185
2
21
-116
-248
-75
-11
34
75
6
-136
-145
88
-52
191
-172
-78
102
110
125
46
68
66
80
177
-53
170
91
-65
21
-7
-91
-21
22
150
-13
-15
-19
141
-18
-195
-135
-120
153
175
-158
24
36
140
69
47
47
19
-181
77
54
195
74
73
86
-22
-136
0
35
-265
25
-67
165
-48
-9
248
148
-138
11
-119
135
-125
-83
-95
-163
-48
91
36
-105
19
8
-143
147
142
60
284
115
125
138
160
-237
-154
121
-10
-63
23
-119
94
56
-77
-71
279
153
-60
251
-131
3
89
-109
-32
-103
-202
-41
98
-142
-93
121
56
-127
-43
-230
8
-17
31
106
-194
52
-90
191
95
163
70
-13
-88
9
68
-227
123
53
77
-32
-77
6
219
-100
3
-32
112
42
-7
77
-261
-44
18
-87
55
87
-191
-48
-30
-33
39
-251
58
-134
-43
32
11
40
-93
-61
-14
-88
88
63
-145
38
71
-105
12
-22
112
-15
123
-70
182
-77
-96
94
-137
-264
-91
4
-245
-106
-147
27
-32
76
-87
149
91
-91
21
-115
187
152
-59
-70
45
-10
165
-41
-129
-190
-48
-151
-46
-205
94
109
208
-193
29
82
-84
114
-46
-7
61
-31
17
108
139
145
-106
85
-209
33
102
146
69
57
24
55
28
44
31
66
52
18
81
-21
-157
32
260
-4
-87
13
-182
-127
95
24
-388
83
85
71
86
-73
63
6
-110
-52
74
0
-99
-218
62
96
-81
-69
50
122
-57
-190
-88
-74
266
-99
108
86
-88
-166
4
-53
6
-34
-72
-47
45
63
168
61
-54
5
-97
-41
-211
-65
-49
-90
45
-108
24
-57
143
85
115
222
-58
-163
-40
189
-4
-201
-343
121
-231
111
-187
98
-61
64
28
110
-7
128
-61
128
64
-127
-7
-185
-96
115
157
96
-53
-251
22
-132
162
-107
6
-84
-45
217
83
-14
130
-170
194
66
-54
46
11
-233
-200
31
-117
-66
64
27
10
-25
221
-121
3
-15
-109
100
-36
172
-95
-119
52
122
-74
39
105
-90
38
166
70
-91
66
50
-88
-45
34
150
91
-155
-66
-27
200
-160
111
65
51
57
20
159
75
146
236
228
5
-29
-3
-149
-40
-134
65
12
58
-57
127
183
-114
-62
75
-87
-74
175
-234
-17
-115
72
16
189
55
-37
-176
-53
266
-95
6
-107
-55
-45
11
-99
48
157
-41
-101
97
-162
-59
28
66
25
-135
188
-232
160
-226
-16
-94
-82
5
159
-65
22
-40
106
-50
-63
-40
104
-24
2
-104
126
130
-57
-96
-41
-60
121
168
109
-35
180
-96
-239
-146
84
-12
38
106
-27
-169
98
107
-168
10
-60
26
-78
180
33
135
168
-38
154
-18
-37
-138
287
-71
-56
37
-163
2
60
-215
-151
19
64
-228
-21
300
1
-93
61
63
-50
51
-194
-59
-100
70
-313
36
-173
-44
-95
53
47
200
8
91
72
-92
-155
-158
29
3
6
23
38
300
-46
-34
116
301
193
16
-48
47
-265
11
-46
82
110
-15
-152
183
27
222
36
160
63
-90
21
45
71
136
92
-34
-24
-122
-298
100
-18
153
148
159
61
-70
107
-89
-103
-3
209
88
-48
232
-18
37
20
80
-2
-44
62
-16
-29
-47
149
34
77
-110
-45
75
202
238
162
-45
32
-113
116
-136
-111
-28
150
88
340
127
-9
11
-14
-221
47
-36
-204
-63
91
106
-32
258
-194
-64
-241
-120
48
17
-169
120
74
-116
215
72
80
69
-118
-147
-154
-31
281
143
-120
17
-108
-59
-71
261
111
-13
-121
1
-21
-127
-337
-68
-34
-104
-60
205
-17
154
-37
110
88
45
398
140
-39
-346
73
-123
-126
-26
63
-256
-96
221
-51
72
-92
-39
61
-77
88
-214
-163
85
-36
126
234
-27
30
-180
-82
-74
28
6
345
-52
97
126
107
173
3
-160
-3
53
18
-70
-192
44
70
-4
146
-100
147
122
15
11
-177
-72
-122
-33
-27
78
31
-134
-120
-9
-54
-123
-51
47
-45
-4
179
-11
49
-58
79
-122
9
9
96
137
107
138
86
59
207
-58
85
-64
38
-129
-74
61
-133
-221
84
150
91
17
-122
-176
40
-88
-10
-24
65
65
47
101
-76
181
44
278
-6
177
91
-21
-21
-82
47
54
-37
-214
-73
-42
-31
-101
71
-181
-14
43
-144
114
-11
4
18
-114
139
103
-100
-146
-134
-106
30
-10
-44
-7
-236
20
162
164
94
24
118
151
43
-113
-52
-139
192
-102
166
276
-45
-23
27
-106
66
96
28
189
68
-131
209
-217
171
155
-135
-39
21
285
165
-27
79
-229
149
38
169
129
-225
-110
5
-4
-27
39
16
-36
14
-26
-34
339
39
-69
30
44
114
123
85
-307
12
-174
-127
-94
244
19
43
204
-77
50
86
-11
62
127
22
-156
102
-56
-99
-58
-110
142
182
135
-140
2
-9
26
7
-5
138
37
-85
76
-68
-71
128
54
30
-50
-16
-45
-35
46
-24
-62
19
99
-41
208
110
24
-114
106
290
17
-105
-218
11
118
-139
21
117
11
-148
-115
8
38
24
-1
110
-201
-67
-207
68
-167
-163
-80
19
-80
-140
39
149
-54
-402
-218
-54
-36
-85
15
90
132
74
53
-117
-150
93
117
243
-142
77
-109
-45
-57
287
122
-134
-82
-175
0
40
-19
-26
-107
-228
-25
-70
77
65
-47
-12
-50
148
111
30
57
-20
-48
293
-63
-147
-197
-59
-113
49
-50
192
-134
-11
-148
148
44
134
53
-186
-73
-122
-199
-236
69
145
-41
-115
32
158
-62
-112
3
-50
-43
-63
35
-69
158
39
-12
-333
-186
-98
94
186
86
-30
-111
75
109
-143
17
59
-103
-56
146
-34
31
31
130
58
-298
-138
-179
27
148
-16
57
-46
55
16
201
249
48
-20
254
-105
-61
30
-78
-219
139
-42
275
0
82
-85
-169
14
23
20
-108
84
-31
-70
101
31
-79
-3
141
32
72
-68
-146
86
259
-184
-152
37
-28
112
184
-31
234
-16
-48
-60
139
-102
1
65
-222
-19
38
-20
27
-263
-62
18
-381
-66
162
114
93
-64
137
-20
2
-217
-33
-123
-113
15
6
120
-151
-56
-119
97
-109
28
121
-158
-10
-77
-201
-168
299
61
87
85
68
46
-32
212
201
-8
116
-20
88
-144
-13
-30
-128
-211
80
10
-17
-72
-210
-18
-81
-182
-6
-119
-14
115
-118
122
-340
227
103
-87
-121
-19
-108
127
48
-106
92
-214
50
-57
186
40
3
129
103
-124
54
-90
183
79
3
-131
119
39
62
83
37
-190
-188
-122
29
369
17
113
-213
-1
-143
-131
-57
-77
78
64
-120
-59
-108
-110
71
-69
-209
-60
-182
-25
213
-90
14
25
-270
162
-109
78
-135
17
56
-15
29
-169
273
-35
-80
-93
-110
-181
85
47
-119
4
143
-31
13
-62
36
-250
-53
-273
196
50
62
80
-36
-11
132
262
129
-65
-197
64
211
11
314
-138
-17
-64
-31
73
68
41
22
-49
140
-75
153
-122
-2
0
-289
-39
-141
-115
130
135
147
61
24
59
7
-129
-214
-332
71
15
-153
30
-73
72
-106
-82
27
14
-72
-1
-248
71
-37
5
-13
-12
-226
36
-164
135
-61
-45
187
22
85
102
-173
78
-168
27
-122
-14
-175
-45
16
126
-41
85
79
132
2
198
-2
110
71
-40
-59
26
55
14
-102
70
-112
-59
136
46
-10
-305
44
-16
-76
54
-133
-23
71
49
-95
132
-26
-229
-208
146
-57
151
158
-103
17
34
146
-148
-91
-106
11
-5
-156
-57
-19
50
27
-128
13
-101
-52
86
-163
-129
68
184
129
176
236
145
28
-177
179
-136
-15
9
20
80
24
89
-38
115
-8
15
67
123
25
-108
-10
236
18
-177
114
-192
-187
-86
53
53
-174
-71
139
1
34
-67
-150
-101
-33
-149
184
220
-131
-99
176
-190
-78
91
-96
41
193
-102
-59
-41
90
-47
-110
-46
51
-46
-131
-52
-33
-71
100
24
-148
106
-156
-56
41
66
115
-169
14
101
-7
-201
33
-27
92
61
42
-63
-5
66
-86
-30
-34
88
143
-184
143
86
12
-19
189
138
26
-50
-258
84
-131
49
-21
-46
-86
8
-17
-97
68
-24
-14
-262
-128
296
87
-111
-128
-189
187
136
-154
89
87
-36
-117
64
97
-1
-71
-69
-22
241
243
-162
94
166
-6
-153
-171
-211
156
-53
-99
-27
-159
87
100
-71
4
95
53
-47
-28
-3
100
179
276
206
107
-13
-6
-15
-77
-196
-51
4
-29
64
-177
68
70
-228
-84
220
168
8
-150
-53
90
-66
54
35
-160
-72
129
-119
230
-87
7
-1
-19
75
-65
115
178
51
-24
25
-175
5
-39
-28
17
-94
9
27
-50
-216
-1
-66
-33
-64
56
-69
38
45
-18
1
77
22
85
142
-65
6
-92
12
137
-16
123
237
36
45
86
34
15
43
-35
-56
229
85
5
-121
18
-78
10
6
-42
47
123
-92
80
3
51
46
-158
77
109
-15
-123
78
-137
72
-59
-209
19
-131
107
28
-12
-234
-24
26
-96
55
121
-20
-39
125
-6
180
147
24
-1
-45
-41
39
224
66
-26
-139
78
49
-82
93
62
20
-336
139
373
100
237
-162
78
-7
75
-63
-19
-75
-60
-219
213
-69
-28
-138
126
-5
-222
-123
122
-188
-137
-52
4
-3
-66
37
40
131
-96
60
52
-126
-17
-66
-14
52
-16
178
82
-12
9
169
-156
55
-112
99
11
-32
-104
123
93
-27
13
73
-138
-416
76
107
-95
18
-125
-95
213
-65
78
105
-40
35
-94
-25
42
236
-27
4
-51
-61
-29
-189
25
-27
-74
-100
213
300
16
90
-101
-95
-55
69
135
13
51
-95
97
150
-45
-107
53
-53
-9
-48
86
38
-136
104
87
-224
-63
-98
92
75
-94
-29
159
-71
-108
-105
177
112
50
-187
-54
149
-14
-77
117
163
54
-94
113
-91
182
293
-21
-163
-86
-139
-99
-19
82
-41
-149
-85
8
-88
-100
-140
74
290
157
-48
68
-85
168
18
-13
0
24
270
154
74
103
48
30
71
11
106
173
11
-70
58
57
-66
-47
7
157
38
-31
8
107
-143
45
48
-139
179
-86
50
50
-4
-165
-82
-20
49
131
-60
148
35
169
4
-169
-119
153
36
121
136
158
-12
3
91
40
-75
154
141
-59
-25
-56
-96
-21
-239
209
155
24
-215
52
197
-147
-139
185
-64
-203
166
-39
-172
-104
-49
-96
-161
-110
-74
183
31
-59
-12
-52
-220
17
72
4
76
105
65
211
106
-194
264
134
-155
13
-171
-13
-339
64
-145
-66
-17
14
119
-67
214
46
142
147
51
121
-93
20
33
231
58
-69
-134
64
-62
-74
0
-117
54
81
-55
167
31
78
49
-148
29
126
63
-67
98
-168
-23
67
29
25
-152
-55
31
-234
-71
125
-67
-160
152
84
105
77
-135
-236
-160
-2
-6
-27
254
90
-25
-51
-53
14
199
-162
16
-52
7
34
63
-217
44
96
71
-41
-197
-91
28
142
101
-10
-116
151
51
-34
-339
236
29
-80
-107
-335
37
-112
52
-180
-330
121
78
30
49
35
140
122
98
-224
-94
-303
339
93
90
69
62
68
-49
-200
135
-84
-47
-29
119
145
99
126
-190
-71
31
89
54
109
77
-71
23
-22
49
-47
46
-24
-237
-130
118
-4
35
287
-104
-67
222
30
-87
-20
61
108
74
30
-70
-115
-180
-338
12
19
-22
72
-108
-74
-214
-111
-24
8
-15
-19
-80
-1
59
-152
39
271
-53
187
-42
-13
-91
-11
57
60
13
30
51
-22
-85
225
101
100
32
-63
-104
-16
32
54
-145
-149
2
18
44
275
58
67
-42
48
105
-11
78
-101
71
-50
104
-30
28
-42
-121
-18
217
41
135
81
3
44
72
32
-70
141
131
146
58
-31
225
107
129
-320
-227
-232
11
-31
-203
14
-72
17
-51
22
-145
-199
90
-77
82
-119
26
127
-83
158
-141
43
281
107
-73
14
-139
67
200
-89
-142
254
42
-3
-37
-265
21
-201
43
-206
-38
10
-254
-62
11
109
229
-21
-120
48
133
-88
32
29
38
-11
138
-151
-66
-124
-16
116
-81
-37
-113
-136
-10
-94
-188
58
63
70
144
26
-78
-199
-3
-254
-101
91
71
119
-189
152
-3
273
80
-95
-172
-103
75
-141
-119
-8
22
-9
-28
140
-50
10
-69
121
-125
-23
50
-205
130
136
-245
-274
153
-29
-35
98
-18
34
-35
45
80
125
-56
-20
-160
238
-77
-61
-69
47
37
134
-50
190
-88
135
-47
-118
-138
74
-79
82
70
-79
126
-53
52
63
-100
105
23
141
153
-56
49
-77
-159
21
-247
-179
-10
-13
7
129
81
-89
11
-27
7
-97
33
98
122
-54
138
299
128
-32
226
-122
-86
137
83
-51
59
125
-147
24
27
107
-81
166
46
81
-23
-5
72
152
-199
165
-17
28
-77
-66
-59
-85
47
-21
-63
-59
-211
-54
10
-163
-58
-134
72
-164
13
109
24
-134
-11
136
-144
-101
-53
35
-181
169
99
88
-15
-201
-182
60
66
-62
-34
-229
52
-97
-95
-220
71
106
-172
59
138
-59
12
-193
-45
-79
-220
132
115
28
-12
174
13
62
-246
-252
-177
85
140
-165
45
137
310
-53
-144
115
133
147
-130
18
94
199
66
110
15
-133
137
-317
48
10
108
-5
96
34
14
183
57
31
-204
96
81
-116
-138
31
-23
76
-11
117
85
-64
127
-51
150
128
70
-20
148
-154
120
120
-121
-17
120
9
18
78
-429
-18
26
-70
12
-191
-77
49
-18
161
-108
-98
39
108
169
58
-126
-70
-24
-129
171
67
-153
19
-213
-14
166
-30
-162
-48
119
-25
-44
71
101
-57
62
43
-162
-130
-41
-210
60
134
81
-71
-77
-79
130
65
-127
-281
7
-2
305
-149
-159
-55
3
47
-106
-20
-117
-5
41
232
-17
-34
-226
-205
-3
72
100
-167
194
-122
148
-53
127
-47
152
8
149
31
-48
-27
-146
19
50
-62
-162
-41
-106
203
142
140
72
-227
-126
15
-124
-97
37
-199
-79
-16
66
262
-3
17
-75
-76
55
74
39
-33
-44
71
40
40
157
117
-71
-77
27
120
-70
211
48
-99
-6
53
294
-248
-85
-6
147
-147
163
41
136
87
118
84
-225
-62
198
-110
124
-220
-140
-85
6
-43
-143
127
-136
184
190
91
174
-25
205
-192
70
-101
152
64
-58
47
67
169
5
43
-46
79
-29
-21
-97
-243
-23
9
101
31
-136
4
-201
-119
148
-81
-54
-81
81
6
184
-150
-31
-69
3
172
103
-77
216
-147
36
-202
43
-13
69
-144
-15
-159
-28
-39
42
152
123
-105
-110
-8
-149
-76
47
-71
150
-2
-81
193
71
-67
-69
50
-81
-114
-91
41
145
110
-122
104
355
55
133
-28
-25
13
-103
-67
-210
120
-51
81
185
-41
-20
99
74
-67
-93
57
118
111
71
152
63
-37
55
135
-34
-126
-13
-253
44
115
-20
56
-53
208
-8
43
-253
-77
42
7
-84
0
-87
46
136
238
22
95
112
88
49
81
87
250
-131
-108
3
-37
-55
294
30
42
-117
45
230
79
-310
79
-134
33
-131
62
0
-21
-190
-66
-57
34
-132
150
127
-134
-50
38
3
76
107
-83
-35
-123
121
-115
172
172
28
119
-36
155
-140
-107
-130
118
-72
-5
126
-84
-74
-297
-72
50
-51
-42
188
2
-48
-44
94
-46
98
138
115
-175
-125
22
309
118
53
97
76
61
-33
-9
42
-111
-208
-108
-99
269
168
182
138
-173
89
69
-192
-58
151
-120
-21
-43
-6
-167
-207
-162
-112
-22
22
126
-118
-99
-79
40
-81
-60
-44
-49
-78
-27
-50
-166
7
16
-59
-60
-55
7
235
-123
-53
35
117
36
-32
190
220
90
132
-36
-27
154
75
-61
-18
-9
0
-136
153
-117
-16
-162
70
-82
-103
-76
43
10
114
85
-100
-165
29
75
-42
-237
-175
113
89
97
-174
-58
2
-68
-9
6
-5
-34
-159
-281
-56
-27
-42
-40
89
26
-187
-52
-213
121
-96
94
-62
-5
68
129
-165
-46
-41
-210
254
-124
-83
-7
69
-276
-138
24
183
117
-139
-40
-41
-151
81
-31
-83
-41
15
107
-150
76
-72
-28
110
-181
-63
151
57
-85
-297
12
-245
9
143
-144
-86
95
-95
127
-46
46
67
144
-131
-192
-209
173
-15
96
-118
29
-169
-170
42
3
42
48
102
36
-28
-22
-139
-20
45
107
-58
98
-90
78
242
72
-71
-122
-120
324
115
60
111
165
-76
83
-68
-243
13
120
-173
-174
173
-100
-19
-64
-34
15
-35
161
91
116
-20
-288
54
-70
-77
180
-16
95
37
5
42
-27
3
-160
164
23
109
36
-50
-1
-120
-384
-69
-98
-58
-89
168
9
-146
37
-154
-7
-179
61
-108
70
25
-37
-51
67
109
104
-10
-167
137
37
55
70
1
-46
60
-20
37
48
-94
201
136
34
-23
47
-38
-101
8
123
27
