28 98 484
0 10
0 14
0 17
0 18
0 19
0 21
1 8
1 23
2 1
2 12
3 1
3 10
3 24
4 0
4 1
4 5
4 13
4 20
4 23
4 24
5 13
5 15
5 21
6 15
6 18
6 21
6 25
7 2
7 9
7 16
7 25
8 2
8 9
8 17
8 27
9 6
9 12
9 19
10 5
10 6
10 8
10 14
10 15
10 16
10 22
11 20
11 21
11 22
11 24
12 11
12 17
13 11
14 11
14 14
14 23
14 24
15 8
15 11
15 21
15 22
16 4
17 0
17 6
17 16
17 25
18 0
18 9
18 18
18 21
18 24
19 9
19 13
19 18
20 5
20 11
20 21
21 12
21 22
21 23
22 4
22 8
22 16
22 20
23 1
23 4
23 5
23 11
23 12
24 14
24 15
24 25
25 0
25 8
26 19
27 3
27 7
27 13
27 23
9
45
61
3
77
6
44
68
38
88
57
42
63
13
12
59
22
16
79
10
76
66
52
92
75
43
37
27
30
67
40
69
72
51
82
53
93
1
14
70
41
28
55
29
46
24
84
39
56
0
50
11
86
60
58
4
25
26
78
73
5
2
91
80
15
20
81
17
94
35
65
62
21
83
74
97
18
87
89
19
23
36
33
32
31
8
95
64
71
47
7
85
49
48
90
34
54
96
364
-78
331
243
207
546
-360
224
-261
-426
-374
68
-67
-1
24
973
301
418
560
62
704
-34
299
670
-299
207
518
-341
-360
-279
-68
386
-299
40
-453
496
325
763
220
160
792
572
668
51
837
-1215
322
-400
-399
-683
-306
-302
440
9
-34
338
378
-913
48
-680
-55
366
-37
-245
-228
848
-40
364
-235
-521
-22
-142
34
714
204
149
-191
175
209
530
335
-396
-417
1006
-534
-1324
611
688
1181
249
-28
905
167
-958
63
374
-675
-419
-826
42
296
387
287
-333
176
537
302
-797
798
-184
774
-962
-491
-147
313
672
-558
-596
-301
-708
-484
-492
528
-56
-515
107
821
-570
858
151
1110
721
860
-352
-266
782
72
613
-124
94
-1122
530
330
284
-72
-598
-612
-627
-72
318
-498
-422
523
-793
379
-1242
709
-857
-832
-523
-385
-150
-128
248
-593
787
283
90
-118
-45
173
-365
-298
-778
914
232
-319
309
462
86
-206
224
-314
-44
-648
275
314
-735
-464
783
605
678
155
475
-309
-94
758
-832
-520
832
-303
229
583
322
580
236
-124
233
-129
-279
-117
373
-398
-216
-548
513
428
-879
-445
7
417
268
-415
-621
194
456
14
117
265
243
708
116
485
290
-92
342
-291
-64
-19
204
-5
184
306
392
193
-359
25
104
13
21
783
-59
871
-242
624
-122
374
-62
-345
-237
-291
-13
46
733
203
-118
-463
114
-204
-333
-958
-622
-512
619
-424
73
149
144
688
34
-373
-1
-161
137
-441
360
-167
301
-99
307
84
-742
633
576
-528
-989
-641
446
120
413
-268
-569
-328
-140
359
-380
680
164
232
133
-691
481
-82
87
227
97
640
412
-506
55
288
421
796
-307
44
-427
-87
-451
-355
548
361
396
-634
-91
-76
-34
-468
156
-180
-373
569
-298
151
-702
-82
852
-413
-136
-41
-71
-23
446
82
-568
49
-852
91
-489
32
-672
74
404
479
59
-422
545
274
-270
-262
-288
-578
-158
60
-704
184
300
771
386
-861
2
-659
-12
-85
329
235
736
601
-104
209
-211
567
359
654
-67
-236
-303
-95
641
190
31
-233
31
-104
16
-574
57
-463
98
563
756
130
778
-72
-268
-215
135
-7
-273
-173
532
-614
-510
694
17
-826
-131
-87
718
191
279
294
526
-159
-574
42
-488
121
288
-96
116
-652
38
-71
323
-83
313
639
412
95
254
97
212
-541
-415
44
167
479
-829
-259
281
631
169
-159
160
-664
-139
220
-529
-289
143
202
-992
436
385
219
1096
-223
-612
-753
503
340
-1476
-461
-589
308
1359
-1022
635
-126
329
443
-103
-146
313
-129
238
-512
-341
-469
404
144
414
-13
22
-196
-881
187
1233
-228
226
240
151
444
563
-367
12
-189
-348
320
-824
238
720
-467
768
324
-669
-585
17
-350
-778
-381
-204
-514
-854
-191
-597
1002
13
-688
-440
142
140
113
197
-810
686
-1178
348
654
-180
930
-358
-563
-462
799
64
523
295
814
-20
-438
293
642
-242
337
249
291
492
-220
15
1128
609
157
422
-186
-219
-273
203
1114
362
-703
97
-377
828
-732
348
60
-2
-418
89
269
57
-400
262
690
-166
339
702
-375
-437
314
81
385
647
-615
697
-375
668
-889
-294
-346
-571
766
868
-129
99
78
-151
-263
-523
580
638
229
426
-339
186
-533
367
-537
-392
693
-428
376
206
159
-3
557
357
-455
-398
-510
733
-243
-460
189
-885
-299
-142
517
150
-102
762
771
-11
-6
-436
-897
863
650
1456
525
348
494
729
637
-253
-734
-153
-176
-127
-131
-590
924
-491
257
-388
953
-201
38
17
-496
489
-345
181
140
1335
109
-285
925
-36
-176
178
-281
752
-955
570
-82
-180
-568
-585
212
392
-22
821
-566
259
-69
-359
190
-27
-504
-492
-295
76
1176
-888
247
-973
-437
901
153
-73
-272
667
-59
234
-212
-114
1083
229
-1185
-259
790
29
381
-1356
-159
938
-1125
-63
-157
82
-7
-1737
426
-105
-139
594
294
397
-768
211
-46
190
424
412
152
-216
470
-480
-764
-93
362
-709
508
207
216
270
217
318
437
-92
1088
195
400
-218
-998
197
554
122
-179
-196
266
495
375
-1126
42
-961
366
-589
74
-201
826
31
184
114
294
-427
-426
192
-249
446
324
348
344
525
173
315
-676
89
-644
397
657
495
-834
-495
430
809
-116
616
-492
-800
-176
-317
62
257
-108
312
208
499
48
-112
-1089
123
-538
-1
-265
-168
-280
-163
-911
-66
242
149
13
-127
126
-62
-231
35
801
-174
73
153
190
-31
-308
-89
893
-208
308
-4
618
-410
91
-866
-733
656
228
-431
-445
320
-223
-134
-614
66
-262
312
-192
234
692
-690
-359
-128
-50
565
-95
-555
32
114
-533
851
680
627
-291
-701
-137
-526
316
-263
124
-309
316
188
-153
-102
-36
778
-153
-763
-371
-348
-302
-233
-954
173
-71
289
360
159
-237
-783
73
369
816
-76
-607
242
46
-86
-888
931
361
-635
716
-1219
780
310
-489
-1174
466
727
690
-100
782
392
-560
-1422
-604
-601
765
-812
397
-958
309
-692
-343
-838
669
299
480
-192
586
160
464
-495
-1083
304
-44
897
192
336
-423
162
-115
-418
929
281
-1353
-296
-275
-83
726
-10
115
177
-426
-708
-136
766
116
-515
335
308
210
84
-980
364
498
812
-475
-416
-605
760
37
353
329
-1
987
95
368
-60
857
543
-859
-418
1078
-527
639
258
-196
48
622
180
395
534
-1220
-182
8
392
735
416
-183
-36
428
-343
-703
916
610
299
-43
630
810
18
768
707
-308
108
-136
374
159
126
-1172
50
400
27
-555
-377
536
47
534
-120
624
326
131
-396
12
290
117
-849
-401
172
-287
-201
-70
113
798
-347
-413
-974
56
380
207
-966
574
-885
130
404
56
243
92
-318
-287
408
-618
36
654
851
-289
-76
-73
-428
352
471
65
252
-789
-26
-446
631
165
230
-379
-376
141
950
-182
-140
-140
-68
68
-214
541
735
754
1286
-949
265
-49
336
554
-1206
618
264
279
307
152
-115
-53
-246
-615
5
379
-44
118
428
696
574
748
-215
453
-855
-3
594
-624
-293
-229
-209
1238
408
414
310
146
18
734
-46
-315
191
-574
-86
746
642
-46
-759
908
-602
-271
936
3
-277
242
61
-137
334
-72
-197
265
236
183
727
-346
666
-117
-149
164
-79
386
274
308
128
151
-403
-653
349
-946
-250
-352
-75
-172
-275
-467
-201
209
-646
155
802
-6
-192
758
235
-845
608
-967
-298
284
-157
-420
-494
345
-189
1059
993
-724
193
-846
533
-935
-1595
857
-559
163
503
-79
-21
-230
630
-47
-404
-174
201
491
-569
-486
-228
-19
46
282
-152
205
-614
118
-391
-16
250
882
380
495
-56
-99
-1003
1037
-504
517
790
512
94
-262
-264
-233
-881
374
-177
-375
191
5
372
-846
-59
-254
87
101
257
-74
-116
-255
206
173
-647
196
939
-192
-376
-168
-392
-200
209
-364
501
595
379
237
-98
-211
-641
-267
-89
-810
-444
726
942
-64
521
149
-237
-553
-456
600
126
383
370
280
-510
374
33
-1178
375
-414
-58
863
-299
96
-423
-737
123
309
455
496
728
-270
-707
-129
137
1167
72
-804
64
126
-43
-310
-955
541
-40
153
-587
-25
48
681
-230
-918
-342
546
717
568
-572
-103
202
381
223
301
87
-711
-333
354
-499
760
191
-316
-582
301
264
-716
-431
-56
-129
440
-324
568
-640
-321
394
181
451
200
-695
-430
176
442
-521
-892
-231
545
-289
69
112
-450
294
-478
-94
-500
445
339
879
-416
-636
-37
582
-49
4
-581
42
228
582
-133
242
397
467
-1020
633
104
114
-695
-46
-186
-43
-122
384
-329
359
417
648
324
363
721
229
552
-139
-626
524
-247
669
160
65
-338
238
-657
288
270
-236
-432
-767
-270
467
-683
-315
-419
97
-231
-119
-100
79
161
226
-661
299
-75
49
407
416
-258
-542
436
114
186
243
-78
438
224
129
-332
471
-254
-898
-149
-417
-136
-363
-126
-593
357
373
-593
-105
-712
247
199
-683
-567
652
212
126
-301
433
-991
-278
77
475
388
-99
-461
355
-176
839
-476
-64
1054
136
318
206
323
906
416
800
-652
1068
127
590
-659
55
-170
-59
-672
18
5
-1163
349
379
-732
402
592
727
99
-316
-126
137
-413
468
-625
-347
-372
-10
-362
21
-729
-566
1154
-93
569
420
-14
-91
117
-639
911
677
-508
-198
-707
688
91
65
-90
-165
319
331
-326
-302
104
-77
317
183
640
500
651
1116
47
497
564
-1127
-304
-451
379
57
372
-1209
-80
1386
532
527
-198
5
-913
-518
959
1057
286
367
288
-885
192
152
-778
21
256
-337
-608
-606
193
249
-186
-704
-562
447
259
-104
-4
-63
720
46
607
-243
-125
-800
-1291
223
551
-611
-143
-180
871
-1037
446
-969
-555
-240
102
1275
595
0
-268
-453
-196
352
582
-74
4
498
-291
12
765
-14
-103
-605
268
214
-97
868
-288
-448
-863
351
67
-528
-628
434
-234
56
-343
140
594
-23
469
493
255
583
-447
-262
562
-503
-197
324
-283
106
79
-1180
481
-451
721
-246
-129
586
253
476
630
-663
551
353
-934
-381
-339
65
642
17
-232
269
42
-598
430
-879
-286
944
-493
-386
-348
121
-626
-447
567
-318
-136
-294
124
22
-5
-1197
240
-729
-28
413
0
-300
631
-686
339
-590
-394
-690
950
-518
47
-217
254
90
238
942
620
-61
302
62
-187
-344
265
-913
362
-331
177
-1
-306
-580
-300
-100
324
-317
467
1104
-183
-795
-944
-1204
295
666
-82
-101
-262
287
101
-14
-150
-338
328
-234
139
-186
846
-1238
231
92
-356
456
-286
322
224
1192
-232
220
1247
129
-315
261
-1181
-435
-282
-878
-314
-522
-335
336
-684
284
369
203
-200
991
238
-1042
-305
308
457
575
506
497
425
106
-329
-7
-211
337
-142
-179
-697
133
294
-513
359
-568
266
-300
288
269
-74
-288
-846
988
272
-541
763
699
766
308
385
1220
1317
-490
233
-295
149
583
-955
-435
521
518
-570
189
-42
29
-328
268
-162
7
505
-313
-463
-409
-187
700
-371
-315
-639
-150
-55
11
398
315
-353
-678
979
141
409
646
-113
678
-793
8
-675
144
-302
332
-179
1055
-244
515
-461
58
90
847
261
-382
-896
-91
-721
90
428
-498
167
-371
37
1419
840
369
-879
536
168
-581
-26
-1131
237
129
375
-675
256
-16
-554
1170
-371
430
59
173
6
-43
-151
-297
81
-622
391
587
-109
-186
-155
83
-284
-209
158
267
-797
366
343
592
-252
129
663
781
227
-184
-656
37
1228
418
-309
73
-172
-592
20
-502
-164
-493
-316
-470
-804
165
-326
860
-166
113
-261
-260
-179
563
79
-210
281
-179
632
419
770
-189
144
111
424
-179
14
-639
-315
114
317
859
566
582
-269
345
354
-1580
-131
-38
326
-656
98
-418
-231
304
65
-301
-865
-64
-379
-98
27
-320
42
504
-79
611
-561
-138
259
288
-168
471
-315
-582
395
97
24
681
-800
223
-354
-264
-573
62
-353
-65
273
-283
-29
482
170
389
-305
192
-142
-167
-715
-25
-577
-784
36
831
296
973
119
-403
-228
-736
-248
116
-30
760
229
831
-364
53
68
-49
20
477
-77
-332
1074
627
689
-664
-357
369
10
-763
-147
217
-101
210
-396
135
371
242
-400
386
258
264
-1
-834
-260
163
290
-219
-250
-226
-337
311
506
474
87
-1493
-74
-34
-320
220
-101
-77
173
-9
-552
540
354
668
457
66
107
-795
-538
-543
-252
22
-79
-611
621
-330
-368
-590
212
-417
551
-117
562
-208
-366
-32
-105
-767
-260
-987
-378
-79
-609
-184
488
120
294
758
290
-516
-341
-361
-52
717
-197
391
-462
-435
353
-44
-290
-335
209
13
-894
-65
-665
193
-206
493
-504
-53
-311
90
-343
874
399
118
147
-565
350
-1008
-126
-211
-856
75
-546
-138
10
392
-446
228
-407
24
-657
-109
-252
-432
-496
-642
53
289
-661
425
473
-112
-1017
-49
-637
-782
-25
-272
-52
431
-732
299
15
-591
-893
-160
593
424
632
-84
-310
-508
-134
-383
-359
-585
-319
-9
18
-108
89
-361
96
191
-500
1635
162
-122
-584
101
-96
-394
715
-536
-59
283
-165
383
329
-754
-1253
364
639
-169
402
-61
501
-82
41
172
452
-165
-278
-71
-87
-447
-431
420
-567
-73
615
-874
-168
146
-476
174
224
1082
-13
998
176
508
658
-166
-584
-42
-8
477
-88
350
-1
-332
33
3
-357
19
-948
620
-917
301
-10
-455
509
-86
-122
1144
674
-496
216
327
-798
-517
318
359
2
1073
449
-364
-361
50
807
478
-640
222
-486
-582
-376
-274
1272
300
-369
115
572
563
676
-449
499
893
-850
-94
-190
47
-852
-295
-84
-629
-72
273
948
134
581
-1050
-390
-93
240
373
-1156
-242
-369
984
59
-50
-671
-653
-642
-79
-338
-215
56
829
299
1056
315
-401
405
223
306
-962
33
970
106
-873
-10
-29
-764
-163
703
-851
-15
-33
-228
86
-491
-770
-500
139
-216
583
69
-155
-181
-1132
654
241
697
149
250
108
-400
-546
225
1223
24
-598
182
167
-285
-77
810
278
414
64
-56
229
345
862
-44
-164
566
287
-635
715
-561
-161
-669
-1430
340
-640
783
-1125
-591
-226
261
322
-690
353
677
713
-259
-105
-602
-205
-679
410
267
145
-344
4
-167
-347
-294
-527
15
-54
-188
-356
-248
1048
424
7
989
-126
-913
-769
149
-153
-511
356
-237
-300
70
733
1379
645
-499
-436
-590
-1160
-183
156
-167
381
217
550
-397
7
-382
190
23
322
275
-938
-27
286
-184
-91
-700
-564
316
571
881
-58
393
-55
-51
808
4
-992
-108
-1292
-219
541
-139
1096
385
48
379
301
748
315
1022
-529
-394
55
592
287
449
-130
152
-191
258
923
372
163
39
300
799
692
-196
-212
-324
-686
168
-45
-763
-289
-85
354
-355
176
486
-17
-558
-67
-379
-268
388
522
448
473
-710
907
162
422
54
717
303
-44
1227
633
642
1157
-237
19
-405
-50
-543
289
332
-305
-164
-482
-625
200
-98
-299
-527
802
-313
-264
-265
-498
-307
-4
278
-765
-129
-429
-274
520
-152
591
-471
-545
-528
142
84
-583
299
-237
205
-198
-386
-105
-74
14
-219
609
-296
190
-70
-554
207
341
431
233
492
-1311
-180
606
375
264
-310
134
200
251
-406
-335
-47
78
142
-730
-20
-791
669
305
-682
-38
53
278
-599
-729
811
-318
-298
632
331
-896
336
223
-1017
-242
-18
-37
542
-876
451
283
134
198
-106
247
653
223
809
100
119
33
230
-148
-272
-461
-88
858
-946
434
-630
-283
-350
-104
-171
-285
-29
-306
66
318
165
91
74
240
-32
343
-133
178
-640
54
45
403
-392
-340
363
844
89
-451
-106
142
446
12
697
-1165
617
-101
1134
186
-428
-605
767
420
-380
777
44
422
-34
708
272
178
-38
92
970
144
-831
533
-535
-1009
553
234
-320
-123
-662
24
-159
-1067
-140
-135
-433
447
-80
-379
349
133
-91
-185
64
-355
-159
352
-676
681
-507
-63
129
-144
-83
826
165
1117
-455
-535
-9
-409
110
706
551
422
-106
1193
-471
-169
-530
-610
253
-267
-577
836
-601
298
242
-616
-99
-618
-57
-82
352
-111
-164
-390
352
645
-415
-581
-734
-216
594
376
340
-749
1077
171
-333
337
536
53
299
-188
-577
-226
-115
-1103
-365
510
-205
173
-608
-139
115
-598
167
609
-60
801
-9
-558
212
281
387
713
-405
-143
-454
680
43
451
-475
97
518
-217
879
-198
-126
-578
-450
-1536
-794
-8
713
349
-462
-100
-591
-362
846
167
-27
-183
-100
529
9
-413
78
-763
-161
301
-23
-100
-488
-39
-52
-343
164
371
-1144
137
-406
144
-302
-527
-666
-132
436
657
-441
-710
-409
-392
456
35
293
-205
-654
50
352
-18
-466
103
476
172
480
423
288
-512
-109
19
281
-196
432
676
-217
-1004
424
342
463
-410
970
395
-299
351
-209
-225
-685
-269
-332
-415
110
-522
157
482
1464
626
64
-412
363
-109
-459
175
100
-51
-12
530
-547
-92
264
557
15
-78
244
414
-221
251
564
-3
-432
568
-142
-382
555
146
311
80
-953
-476
733
90
-60
3
526
92
-1129
-422
-174
336
420
240
334
280
-663
-242
-420
111
30
-831
114
150
47
212
-38
-457
265
-363
324
550
537
-1045
-795
1062
-622
56
-75
182
97
-231
-1236
-1024
-105
238
-398
-764
437
605
641
338
243
-326
-607
143
-1406
29
-329
150
266
-1180
98
-340
-385
1070
-308
-305
-91
-61
365
-33
-158
205
506
-388
193
-224
251
379
-181
-214
367
-469
-408
450
69
-300
27
-824
504
-8
-203
691
167
244
-271
-456
-602
180
-2
38
-581
-93
-168
38
200
12
-240
424
87
499
-464
-290
541
409
100
-641
34
-556
-163
236
158
-890
122
274
-39
466
94
-941
-31
385
-501
-565
-31
597
-808
-463
1007
206
-43
647
-338
565
-276
-528
254
-64
713
-77
275
751
-28
-823
-42
-211
946
-261
561
468
-136
20
646
-151
-349
-35
308
378
472
589
-140
317
-1305
-533
-118
-174
722
332
-141
316
131
-322
478
-381
-751
435
543
-593
-383
-69
702
-705
550
-522
117
-240
-735
445
-16
-790
-1277
732
588
-921
405
260
-281
-275
169
-289
37
-122
641
-69
910
35
-884
-507
103
24
8
425
-35
360
489
662
1331
-311
-520
-569
455
295
-1393
721
-457
423
-294
633
644
125
328
188
359
442
-398
-343
59
134
-310
561
-1247
49
-50
440
368
111
-185
-174
694
672
-532
-386
6
28
15
769
-930
-102
-260
330
910
209
526
380
-506
89
-1028
448
282
-409
-78
339
388
354
-516
-275
-660
-151
-481
-196
-368
504
-511
324
-1277
310
371
332
246
-127
-227
-216
387
-628
19
228
12
-531
138
874
282
-286
9
-1228
-119
467
173
629
-44
-269
-709
-505
-42
630
553
-859
-830
-1064
1466
249
-333
162
400
-99
226
706
-645
112
-112
277
-633
541
365
-810
-391
372
114
-384
213
62
581
-742
194
346
894
-429
317
837
430
-200
-678
-121
91
222
-874
-179
-405
-359
165
-806
-276
540
-550
-670
743
-431
-578
654
874
-655
372
-583
757
22
44
-49
287
145
493
392
-62
103
-413
221
-3
-458
603
-131
579
-175
-95
-456
-441
-426
241
636
619
607
-541
-631
636
436
-169
765
792
-14
-815
469
-461
2014
-19
566
68
-122
-57
38
-259
109
-338
10
36
-759
438
-102
-629
-47
-32
-118
465
371
-899
-209
581
-318
-267
-178
-10
-105
381
-198
-417
-514
123
1021
664
44
131
983
-105
-516
-950
-293
234
-129
199
86
433
-531
71
-343
77
492
-123
469
-767
384
50
153
54
936
62
403
-116
-791
1490
189
-261
-170
500
610
-504
332
-17
-5
-146
999
-182
478
548
268
112
-415
-281
111
-192
875
-619
-53
-222
276
-526
130
1273
-446
-351
-949
816
693
101
416
-894
964
683
-885
-147
-60
68
282
48
-191
-517
522
-350
-595
-583
171
158
708
58
446
-551
-746
-49
-277
-1173
1013
621
-925
-612
-474
-446
-230
-649
-332
-168
660
611
-222
616
95
-215
371
462
-111
-374
-349
313
67
-9
235
-143
-226
-782
-176
173
125
869
33
-205
-71
-426
46
338
252
-467
-166
19
178
468
-979
29
404
-6
837
5
-315
-706
665
-105
306
-740
257
429
351
578
322
62
577
67
-754
433
294
54
242
179
282
758
-433
-874
83
-147
-265
25
159
-490
-104
-527
-220
434
-193
-168
-199
-578
-452
-240
-1070
-1042
396
-377
250
-764
-326
-1093
-430
257
-55
15
346
-1176
-1282
639
1434
-390
38
122
-7
856
51
-175
-53
-537
71
640
967
-437
-818
-501
-329
-629
174
-619
-569
-647
-457
-244
53
-387
-791
-313
-126
300
-412
232
476
-981
-453
-32
71
-18
-323
-685
-379
502
574
-664
114
24
-149
667
-185
-21
-264
108
-574
-155
137
-608
-483
-763
-219
-337
148
-558
-645
30
590
-205
-1355
-185
172
-213
-873
-45
-442
-627
257
2
49
241
18
-245
698
421
-86
-450
513
286
401
97
-470
-748
562
-171
785
-742
-527
378
508
187
514
449
-92
378
182
-366
-482
-265
-33
132
208
355
101
1045
-292
-242
312
149
852
95
1048
-223
60
-266
-553
-565
-296
113
-384
69
561
329
-316
511
-283
180
-298
343
543
-230
498
760
217
-386
578
-28
-725
-920
-410
-336
-730
-114
69
-120
822
207
493
-302
-3
-939
-120
560
14
52
125
1233
-316
-317
-148
678
-528
616
116
475
-363
-507
-15
990
385
-60
291
-7
-87
447
-250
-441
366
-238
169
-281
-301
606
56
-430
1182
-152
-662
-93
-128
-81
-240
-179
998
817
-279
-263
265
162
-197
270
3
-68
-337
188
108
-416
-165
-365
744
-20
287
387
-545
125
162
831
302
-88
341
-101
613
371
-92
227
313
-375
-555
1036
-172
1218
679
-428
-242
192
180
-15
0
-666
-563
244
-1303
-110
136
-44
714
-380
452
-456
-766
416
207
647
550
-333
985
246
732
989
816
803
56
101
-77
950
38
-320
105
372
345
84
497
92
-166
51
354
-125
488
71
264
-121
-834
-361
645
-62
-233
-76
556
-673
270
-23
653
-845
635
-378
554
580
305
-808
634
67
-930
-196
-764
41
795
360
-557
50
342
196
217
-11
-454
9
-103
1220
98
100
335
224
-119
-23
519
-495
339
-695
227
366
99
271
-364
-260
-351
207
-328
-222
212
-299
-5
-625
256
635
723
-129
-401
443
-389
-641
60
121
-558
170
776
-980
840
-340
653
-400
-565
374
823
-86
-396
122
-265
-518
161
1145
-463
-47
11
-330
-10
233
-386
258
-137
183
360
-115
265
-505
516
-73
811
142
54
162
-563
229
-64
313
-31
434
77
249
-91
-336
-330
120
869
817
-113
-288
542
-49
695
-109
-326
-834
382
-275
-101
-93
-46
-415
266
97
273
369
-280
268
-438
310
-921
-381
-878
43
-190
134
-150
-297
-106
-190
56
23
252
97
-440
-176
1
-174
1007
516
-320
120
-147
-97
266
17
104
943
206
-648
-936
985
-857
598
724
-46
800
-831
-861
70
-84
141
-447
-223
-473
-329
303
-244
-284
365
-124
665
-195
354
-315
293
131
40
-150
627
-159
887
-729
449
42
714
-620
-478
-87
-516
-622
-14
-412
1064
-342
575
184
119
-579
502
-643
337
667
117
-359
-1151
-377
-419
313
-243
877
-877
-489
-383
147
619
-512
-124
-716
-1840
575
852
538
-539
576
-1072
53
104
86
117
-210
-664
261
-372
16
611
-425
-463
-159
489
-486
-53
468
-326
-479
549
252
-113
602
453
41
-238
1071
-296
-450
-120
-124
215
624
-197
167
-74
714
92
510
172
-108
151
159
51
699
-227
341
-119
-659
426
-715
-467
-150
232
-761
-139
-246
1169
-12
696
495
-159
-218
-126
-409
-375
513
228
768
216
396
98
-307
833
-151
1161
-370
-602
-923
408
769
-443
467
-400
-535
-326
29
766
464
567
-335
319
262
546
-694
-347
-590
-300
868
-253
886
-336
41
-181
-424
-44
58
997
1044
244
65
-816
3
-103
-217
-70
123
-339
180
418
-189
40
371
-615
380
189
-130
-262
-412
134
62
-48
173
278
360
165
272
324
429
30
307
439
-1435
-758
-21
204
-861
-313
623
342
-548
-709
-230
250
894
262
187
-238
-474
557
-731
434
731
157
-958
-34
145
100
-305
-731
-672
1
-514
655
798
-955
737
-585
-234
-80
752
-247
493
336
137
-482
462
24
-35
-128
-158
-298
383
-849
-390
-634
-853
347
320
-38
428
-67
596
-71
-473
409
194
-4
-290
211
514
-474
-217
607
249
101
110
-1087
-3
175
-520
519
450
-476
-730
506
-132
-180
-10
14
210
579
-503
566
-462
379
493
-677
506
-729
-656
-11
-130
-189
66
-668
-224
1089
-27
-845
-636
200
-456
-128
-63
-309
136
-400
-124
-71
290
220
-225
-18
35
995
-226
-740
-185
-783
-108
269
-727
361
-843
-113
-127
603
-718
184
-330
-309
-621
-232
430
56
364
-359
181
1115
-345
547
-671
-448
109
-163
-545
-373
-1411
-255
-223
389
-49
-362
662
75
99
977
914
-703
325
-514
78
-296
240
157
119
-231
806
-318
-112
-214
-492
-141
-382
149
154
310
528
357
377
-57
131
-40
576
781
535
-416
-1173
-4
240
-6
280
46
555
203
-390
-842
-121
206
360
572
660
-114
339
597
635
331
730
-86
-702
1025
-815
283
-185
-133
-203
-220
-349
-187
-476
-647
-174
127
-13
450
443
-374
-133
-218
-1
518
-225
-740
-408
-320
103
-449
278
-51
-637
95
36
-999
-331
-292
211
203
362
-215
-200
502
-95
487
-781
-178
-933
88
-875
-135
-145
456
782
-677
-1134
111
-573
760
414
380
144
620
1018
-849
19
-379
-249
259
691
-185
-207
76
333
389
-696
567
450
81
498
530
-150
-246
1599
631
289
56
276
365
1
548
-609
-157
120
-469
-826
152
-751
44
235
-140
347
-204
175
-144
461
-557
391
16
-1063
197
-285
5
631
244
743
751
284
-833
233
-115
-621
934
187
-269
48
-117
456
-134
-707
-1213
610
699
70
-36
-1212
-236
15
-863
-468
311
139
612
108
-77
404
324
207
927
-22
114
-172
160
521
373
62
-778
-148
70
475
-601
716
-358
-14
95
237
-902
592
487
-498
-404
305
-183
-525
593
-533
-158
25
-733
122
434
94
-256
-103
46
-803
598
77
423
452
-12
185
-625
213
-104
-518
740
47
-916
-342
-88
-164
-481
-540
-353
-789
-28
817
33
-631
-283
63
37
-132
97
-539
145
-247
294
566
541
216
188
-24
-881
-128
-88
-323
221
1031
872
83
-426
420
-233
-162
243
-264
-314
-158
140
13
-285
-1232
78
496
-573
-159
778
194
741
-214
-55
-71
-275
480
-133
-266
-376
516
-366
-1614
-305
135
201
-1236
-119
-96
-22
211
-607
-302
237
96
-501
134
-326
596
-111
-91
452
542
-551
213
-712
-247
62
11
543
-983
46
174
-33
-558
555
70
107
45
89
-148
828
-158
-29
-287
494
524
-450
177
-494
753
-216
202
-160
-67
-109
-247
-333
-330
186
183
345
216
31
212
-159
399
-536
339
306
0
-134
-20
-469
185
402
-33
178
-990
-197
250
194
-573
9
-365
-41
640
175
75
-615
-554
181
-162
824
-156
716
-651
-289
-100
3
-912
-1031
-399
-48
-399
-246
306
446
69
167
362
506
-510
678
-418
-380
514
-170
-378
222
17
-41
-439
895
108
-131
-624
317
-88
186
-228
-127
469
-166
-21
-899
246
-197
-610
-416
626
-26
-435
-121
-541
81
-124
-413
289
-109
-294
425
-236
347
245
-305
32
661
-233
35
-614
-319
229
-18
861
-533
720
-5
-494
260
-29
550
-668
-408
-219
471
208
-591
1035
-12
564
733
-336
269
574
-110
-41
-503
-241
112
282
555
723
106
220
-1092
676
-403
-767
-535
730
-252
-1030
-26
122
557
-131
341
-433
-188
267
-785
425
-31
-565
433
235
-372
-508
-278
-437
171
40
-47
66
-186
-366
-289
-553
-354
-297
710
-179
-299
-388
338
-203
74
315
582
-188
-180
-23
-745
746
338
392
669
-34
-982
250
-64
80
139
-423
-1206
-314
-166
-691
408
343
-566
1004
-525
298
42
268
372
379
-86
179
480
-30
-296
-422
392
71
174
729
548
-171
-61
-90
-417
565
198
-114
201
-100
337
-335
556
-24
108
-83
502
-170
-245
-992
-796
613
465
-479
-259
-189
-333
151
719
-1283
247
1153
358
332
-98
-191
-648
323
-129
158
262
118
-618
99
-50
-149
-318
948
-35
-483
398
29
654
209
260
-387
-33
16
-3
290
-684
-132
-282
123
-293
69
171
-252
13
-930
217
-286
-160
-205
-272
-78
84
251
-264
-698
13
-585
-365
-808
-354
108
50
391
162
-524
-380
-685
6
171
47
-327
800
720
245
292
-658
-250
79
-258
68
-665
371
475
611
2
1014
-479
271
-43
-500
501
-483
415
561
365
-606
-194
311
497
-123
-373
-539
1122
-252
-91
614
-140
-58
450
-11
9
257
-259
723
538
190
172
373
-303
1189
-100
53
573
68
1703
-1417
131
-497
830
-525
790
-780
-132
-603
-849
-167
-145
-614
-141
-443
67
-162
-336
-726
320
129
-125
188
189
-255
-100
532
500
-582
-499
-985
-529
502
595
-73
-150
193
-353
308
-337
-855
-450
-77
-928
-718
410
-24
-251
-360
-239
-683
-224
-251
-14
130
669
522
-703
286
308
-406
-1017
846
193
-364
441
-728
674
667
-444
-22
-392
-503
-25
-198
-38
-377
369
48
12
-117
-453
637
-810
1014
-228
593
215
1160
837
-123
-66
1091
-40
1170
708
-512
608
593
117
549
175
251
-922
-451
109
84
483
825
470
-418
95
26
-31
272
-1108
591
-939
-54
1085
658
215
-568
456
80
259
-530
113
-481
296
137
-147
470
315
154
-377
1280
-178
519
266
451
-208
830
281
-337
-73
414
-539
742
-122
-405
-473
334
-197
661
-614
197
-174
-60
19
294
-293
-535
-369
39
869
290
-456
441
-404
-109
450
-328
-434
-76
-1222
559
-50
695
-403
-369
-201
-608
-1038
91
227
113
-561
59
79
-450
124
69
-195
925
-401
83
-36
-233
83
457
234
162
-23
-423
344
86
782
934
-693
-749
219
-245
788
-662
-986
169
-548
648
368
23
515
-413
114
-151
364
98
619
-351
-52
-64
475
302
720
316
568
-237
285
-223
-572
358
-1197
-171
208
286
235
-450
730
-837
705
94
550
-272
227
-619
-90
537
-142
195
1034
-515
-401
-358
453
571
-817
-215
-541
-804
-1222
694
988
159
-740
-117
-188
-238
-68
332
291
49
-688
430
188
-330
-43
-1297
-514
521
-653
64
66
-134
-318
-234
263
-186
-122
-97
395
-393
-309
-38
-77
643
-34
-391
9
-588
-220
-74
90
-44
-173
-316
-318
332
-735
-175
-232
-393
226
-509
-170
652
-88
18
-67
-154
158
-31
-272
210
-69
-360
-393
-309
292
-383
679
436
-317
779
251
217
-527
850
195
38
-242
-337
649
203
-577
431
280
356
-98
83
-853
-114
359
-564
-300
903
28
-197
290
958
-420
-567
-128
123
132
601
147
-27
-1430
599
-348
-515
573
-283
-361
-38
-100
118
182
449
1045
168
-156
-553
640
62
-124
549
167
168
-921
-68
276
566
489
-52
-729
-346
-91
397
95
-379
170
-468
794
-28
-668
786
-128
858
-254
102
-303
-225
587
-351
-455
-51
-113
-666
-112
524
218
-33
654
604
1627
-460
127
376
-310
449
56
267
167
-79
-110
-191
549
845
-271
-348
740
-82
-793
456
-476
264
333
-201
-187
-16
245
127
-542
379
330
70
944
13
-479
-623
665
47
139
-299
-271
-354
470
348
-51
411
527
-837
291
254
740
-264
-89
130
-108
237
631
277
97
1013
647
756
-713
-131
391
344
-238
-162
-725
-1135
-605
77
339
282
43
-225
-314
286
-482
247
233
-495
284
-300
-433
-612
598
-507
257
-360
53
340
838
-416
-93
-171
69
-43
297
-260
-440
-69
377
-684
-677
-66
33
-190
425
369
489
-102
283
510
-345
304
-733
-191
-159
548
-560
-89
-276
623
263
201
309
-156
-129
110
170
707
39
-245
-129
-141
-21
323
-184
-277
-809
355
-78
457
-160
37
-94
-411
89
-325
233
-105
-255
769
28
-401
-536
1135
108
3
-123
53
-1085
-314
-237
128
496
-719
398
-15
116
-97
478
-200
364
-454
-342
-714
-51
78
-243
-180
525
1070
239
-631
-576
-4
156
1608
-656
242
-148
686
74
-617
895
1274
26
-694
525
632
300
273
164
-181
18
-633
237
133
-69
-787
216
-49
-549
-349
258
230
315
-1242
773
49
-241
-107
-962
-12
61
79
210
-601
-203
-522
-67
-623
239
295
-274
521
-295
-1218
607
165
-662
868
252
-883
45
-751
341
-839
-613
638
-34
127
383
490
440
-1366
897
236
134
74
-35
300
206
-782
-102
650
-253
697
-76
165
-323
383
75
199
-47
535
-403
-290
13
38
-199
533
8
-429
-712
864
257
497
96
-17
-438
-695
-659
-3
-543
92
59
539
-659
181
274
-584
-60
901
-990
-328
458
686
-65
-130
769
-472
713
-529
-516
-211
-632
-340
83
98
207
824
-87
-236
-126
-282
103
515
281
-749
-434
-8
-176
-643
383
-806
343
-394
-412
506
960
49
-155
880
763
-115
-394
-150
399
691
370
-39
-24
96
-1063
-716
781
-115
-204
-283
-26
381
-302
-440
-1029
497
-360
260
36
-354
-717
-386
-788
-39
-447
-15
-451
-175
115
-259
379
-21
240
439
-33
422
-236
500
539
-10
115
133
198
-390
-396
322
604
136
49
-168
39
577
-445
-283
-207
-155
518
15
220
-778
-267
-250
390
-710
-110
-487
82
-118
162
-28
-47
-696
-251
374
-482
667
125
107
-212
640
133
260
-1022
359
-1106
17
209
-245
152
157
-605
701
-240
1099
-1540
371
52
45
-496
-183
-369
421
-585
29
190
628
-187
-272
140
560
-137
253
-345
-21
-316
-49
214
133
-622
-129
487
-365
523
474
-1086
697
364
-477
-601
747
229
-12
447
478
274
-372
-370
-144
-1125
627
-492
-41
469
-550
97
-796
726
-186
-19
56
-852
-527
-164
-567
-358
-226
104
-380
-323
746
49
-513
351
-299
-571
-283
-780
-379
14
-297
161
-242
-805
-200
-880
-332
296
-763
377
25
335
595
554
-188
-446
-261
-305
-15
-246
-615
-883
6
339
473
-231
287
-677
-583
-983
-272
-513
-474
120
-21
364
746
-8
483
644
14
-89
-334
-672
250
871
120
-289
-758
-315
19
-429
195
-185
-261
-512
445
-106
-417
198
-163
-283
659
-1111
-365
70
25
-148
344
-483
183
33
620
-340
-238
-339
310
-185
-44
294
1051
280
227
-413
-283
-181
483
-154
405
1610
-419
-225
184
-206
833
-396
-32
297
122
822
313
761
181
231
267
-257
271
196
-726
-179
326
-579
344
288
-6
305
2
-24
130
176
-53
-80
1
133
-389
-465
837
468
-301
331
530
-399
147
153
-155
-627
820
-638
-83
-819
-331
-358
377
960
324
-30
152
-1221
156
533
187
-104
-127
-280
202
1186
-621
-189
442
-84
191
-187
-99
408
810
322
-499
73
-353
-72
246
-314
1364
712
853
101
-211
595
-84
-84
952
448
498
645
451
131
97
-24
251
-579
432
382
202
-101
-553
548
14
423
118
439
-101
-733
526
284
-20
172
-556
-1060
52
-105
-318
651
-681
-294
134
165
29
-210
47
-37
240
-134
295
324
-96
-665
-436
446
1047
931
-213
484
53
816
44
284
-747
83
-422
216
-68
-279
-287
217
80
-1186
750
268
1148
207
144
-1245
-20
29
-500
-255
435
-1178
367
329
969
-387
1006
341
-628
-31
-36
-645
-612
-838
-476
109
-421
719
1230
-331
-324
-328
-266
110
345
885
-1033
-170
233
399
1182
101
-396
-73
290
-146
842
-31
919
87
439
-460
-143
899
-583
-262
-21
57
491
524
368
-426
418
56
483
310
-168
-394
485
408
-96
207
304
934
57
-320
892
444
-448
-673
305
541
818
-262
760
-367
-307
174
-601
-571
-120
-799
-487
-154
285
-549
-189
-477
111
-294
-35
334
-658
-598
-504
715
1004
471
-701
-159
370
-1035
-404
-190
805
374
77
387
258
-1562
578
-351
1
594
560
427
-596
484
129
-225
316
-592
724
-414
-283
-693
-596
-49
-50
135
755
11
-142
389
219
-396
234
-69
-107
801
342
-45
-228
90
748
-2
288
-395
89
377
-86
-143
1182
157
369
345
513
-37
394
-279
-378
-842
-612
-81
177
733
635
140
508
344
1304
-424
-28
180
-389
-438
-28
48
400
-454
472
13
-487
395
-217
-319
-365
130
-772
-107
814
-566
-400
-925
-282
524
111
-218
670
611
286
177
-297
544
-320
-516
118
412
232
279
522
88
-870
646
-176
-84
-571
61
214
523
239
-800
-52
-613
134
817
228
174
-738
-6
-549
-980
649
135
-356
-49
73
-113
-30
-163
26
-588
-373
37
-208
104
160
332
-369
282
-95
-1146
-450
372
-1
98
-120
-456
-62
-3
75
501
-31
328
260
77
-613
-25
-308
314
-724
472
15
232
367
109
-850
-446
-140
31
300
-180
155
-701
-257
379
-268
-391
334
-104
295
-118
168
-743
544
695
-279
200
359
144
235
44
-478
-252
204
-754
758
32
476
194
97
-125
336
-41
-121
-159
-1062
-15
1680
618
-65
169
370
795
-823
-454
216
-163
-49
-52
-396
220
433
-147
-433
-307
-345
-21
204
-973
-764
-688
-77
51
55
-296
-402
-922
-323
-229
1
-158
1360
-200
-629
-57
1338
-56
-370
-189
763
-380
334
101
-438
245
166
-565
434
685
-62
-350
-529
-831
-24
550
517
93
194
492
-658
101
-438
107
493
-339
110
723
605
-780
-155
-181
29
-615
-344
-499
-116
388
-41
-50
-777
-387
728
-173
-922
248
172
-526
42
6
221
-298
576
569
299
-1369
48
-135
-364
-20
-148
318
-242
-105
129
-751
-313
-233
-381
-353
-186
204
-261
615
-824
214
75
922
-396
81
393
275
-198
-427
-419
-55
56
-371
-197
3
284
594
240
578
-45
175
431
-187
-188
-187
335
327
110
-458
181
-168
316
-826
-441
93
-423
90
-461
-524
-419
-196
-207
138
-996
-303
284
316
-12
-463
1055
531
-857
-975
374
154
49
-24
450
-139
-218
-184
-573
414
800
-433
-38
-323
15
-253
252
-528
-141
-696
290
-15
85
-11
232
729
354
-436
367
1175
-214
88
61
75
383
-79
-192
647
-354
224
754
-141
-78
-501
-48
218
-765
175
-92
107
362
-1023
-430
24
585
290
-436
555
-193
-26
1017
93
561
533
-35
-255
560
-737
-843
-651
-405
-231
59
-95
-10
244
434
214
376
334
407
214
-356
-499
-891
194
-8
-47
-119
805
-606
532
-377
-200
1284
-165
820
169
-136
348
392
1163
409
518
-717
-587
309
499
183
143
-42
-1027
-309
332
13
26
1101
-216
77
-96
679
-695
96
697
927
637
-1003
524
328
-438
848
315
-350
-63
-550
0
-238
61
-1000
459
-502
-386
-261
-881
216
505
228
-359
-21
-10
-656
94
543
674
449
39
-584
233
-11
-665
74
186
335
-327
-442
244
794
-759
790
272
-19
510
31
-874
-847
687
208
-173
-114
-387
-143
351
-369
-486
675
-127
-360
-33
217
181
980
-393
217
-1062
795
-760
251
-63
-96
-134
473
247
-1198
147
-616
-26
572
266
346
-80
120
1271
-79
-547
-197
50
-116
142
656
143
-231
-25
-327
331
-171
574
-478
-365
-102
135
32
-166
-822
-866
-385
566
-471
156
185
-22
-637
846
358
523
-316
-369
-33
469
30
205
17
235
-211
459
-328
506
58
-76
648
-631
341
-256
110
-43
211
-592
-149
523
-36
293
755
-291
375
-265
-335
503
-1421
29
-874
866
-971
-161
518
175
990
-244
-602
1
-658
34
-16
-984
-376
299
514
191
145
353
-541
-78
400
-57
-791
-262
481
-683
-25
-694
-1156
51
45
-225
1062
-645
-69
-160
-1059
-221
767
-1220
803
-190
-18
176
-178
-309
346
263
-101
-325
147
8
-145
579
-434
-78
365
-52
186
-714
139
146
-397
16
-1009
-91
323
-5
434
449
-92
-1
-168
310
471
552
25
617
-436
-60
-283
-49
132
-98
-307
801
-780
-314
-488
1101
230
-338
189
-531
-438
229
-853
160
643
536
778
269
-159
100
616
-98
-149
424
82
-769
-41
265
739
45
-658
510
142
-730
59
-328
492
-445
-261
-440
-496
-553
-181
602
65
-242
207
931
601
-294
-434
-289
-62
26
167
-145
-593
283
523
-422
423
-170
-190
548
-162
582
613
821
254
-400
146
75
-226
13
477
-11
-119
-347
306
-226
505
214
596
-92
-661
-181
-693
-660
-257
-186
-23
-928
44
-747
-515
252
32
80
-941
-11
379
-709
-362
-841
-244
-191
55
644
166
181
879
6
-336
-215
238
-433
-11
-213
-754
-544
-414
575
-822
358
-241
-324
493
120
429
414
-196
344
-1384
256
301
166
-293
167
-995
-393
441
56
259
-144
105
-111
-736
139
200
-95
-303
-217
751
-1
7
-587
-881
213
-165
562
341
-673
180
367
0
27
-809
908
-256
38
339
-464
87
41
-25
-143
27
-398
-206
-467
59
-315
559
-242
-240
229
-399
-608
-148
75
-280
74
60
-613
433
-585
366
-352
-620
191
508
86
986
341
-435
-363
899
-854
597
-251
-489
-226
-189
-425
194
44
-616
-453
252
382
771
-720
-652
671
639
-304
-1214
-315
74
-286
572
-643
123
-251
1116
-830
-451
414
25
837
-283
766
582
565
233
-546
29
-63
-138
-183
601
194
240
-447
-413
-524
-568
-655
-78
-809
-6
-201
-323
90
-405
-262
-201
161
54
37
133
-311
116
352
754
39
-185
-565
428
197
245
505
-57
-1336
-506
-776
-200
234
564
579
695
-771
-27
335
236
-763
-1052
847
-673
-227
-23
-186
-266
344
453
9
793
-346
-56
-260
-94
-464
476
199
563
-420
-425
-13
125
-695
-295
14
-140
400
-454
-786
332
-308
-545
206
318
121
298
-741
1145
416
360
87
-123
148
48
-1069
515
-617
-457
-204
348
644
-697
-331
-706
39
-313
100
68
949
682
408
-302
139
938
-466
-827
-476
-581
-199
-621
714
262
-567
-347
426
-47
-561
515
-587
-164
-345
-135
876
-420
-902
372
-44
-126
236
-547
-461
-448
-667
76
496
176
-824
-722
-169
-180
712
-147
482
-137
306
-974
258
1193
-106
-313
782
-81
99
-373
-468
256
299
-841
472
141
249
-203
-1079
-316
822
-290
342
416
-385
798
-174
-26
80
-111
357
122
194
10
134
-483
-106
-311
-34
-413
-1069
-356
-692
266
-39
120
-368
249
117
-431
259
21
771
-316
-279
-344
346
-368
-593
-726
415
60
-669
119
837
130
151
-764
803
62
-425
290
199
165
605
-302
806
697
-107
705
561
-525
-427
230
159
-522
464
-569
-269
-1162
205
591
268
-279
-514
354
-241
897
-36
973
739
-728
607
330
-407
-17
-101
249
-527
-105
456
-686
-637
-216
-750
-475
381
361
-16
-160
50
914
438
389
-558
752
-139
116
530
-306
-295
315
-305
649
334
86
531
188
-947
127
715
-308
718
-548
725
-68
-148
22
300
-296
161
172
145
-389
-512
-71
-559
-244
-21
-221
-597
-1115
-456
219
775
-217
-231
-397
-116
-285
-199
-451
290
145
330
537
975
-147
-114
-210
-933
785
-27
-788
-39
-79
547
-50
-317
-296
-472
490
-431
-524
334
-241
-81
-166
-915
-842
381
261
498
451
-701
-529
-343
219
-124
-104
-261
156
420
1116
1035
780
20
6
-18
-641
91
-1243
158
133
245
-277
-72
-325
-297
-643
-241
434
516
304
-374
-72
-162
-167
-443
1075
-372
55
-296
445
121
162
-519
462
417
361
372
-205
69
31
650
29
-224
85
624
-379
182
-213
487
717
115
-311
386
-719
49
263
-290
190
82
305
-652
317
-783
-706
-940
-49
-586
833
283
-605
-16
-463
94
37
-627
659
37
65
-543
-37
297
599
-420
316
803
-274
-54
-84
775
-73
4
-216
-1125
-436
-674
202
421
-214
85
608
-611
387
20
389
548
709
802
118
-111
-281
-136
565
-151
126
329
-517
-367
-130
-452
1354
389
235
-558
-450
-149
294
280
25
-18
423
-1016
997
62
-455
45
383
-215
-642
407
0
-650
-42
606
350
-552
-248
-723
-435
224
669
257
-603
760
-11
783
-748
22
-163
618
241
1541
660
-597
-175
-737
595
-444
232
-769
59
366
708
-543
139
-560
-813
81
-705
196
-583
337
-11
687
747
447
42
351
-91
303
-338
320
8
-122
-67
567
12
288
-785
420
-898
-617
220
-246
-628
265
89
248
-561
-213
24
-773
-696
21
327
32
253
78
-625
-231
-242
914
-867
-83
84
-338
-142
92
917
-802
-53
-299
575
-698
-1516
1221
1276
-943
-993
242
-230
-262
448
624
-99
-252
285
-19
-714
-622
-223
223
-310
403
-159
-116
147
368
-847
-279
-995
-1306
-467
-260
-663
9
-541
536
631
308
104
348
-576
-684
160
271
709
-253
287
888
-142
-273
-302
125
-843
459
-331
-7
-241
-284
3
160
122
432
-200
-18
335
-265
-95
439
-49
-547
-149
-110
276
-314
179
89
-530
31
-281
-333
-413
-358
523
16
586
-269
577
522
-208
-24
-52
-36
737
211
353
-308
-503
-198
-552
79
-330
44
-332
629
-69
72
387
289
133
210
-398
-79
-477
239
250
98
3
865
262
-6
517
1101
-391
238
19
-373
799
91
-167
-1219
221
-662
243
368
-267
-574
98
195
-204
498
353
-1462
32
146
248
-391
-79
997
-974
-343
44
27
712
-737
827
-75
-218
-54
227
-757
-1006
-140
611
-158
-897
96
-404
651
-126
49
74
690
-335
-454
-107
-900
697
194
2
-140
391
-1071
-132
-110
-417
248
-53
-171
-76
120
-576
227
1095
352
-520
124
-442
60
-292
488
-50
-545
1002
25
931
-152
-253
216
-293
-222
298
-418
-13
-552
30
-190
-36
280
-160
90
-79
530
-480
159
-108
-66
105
284
-27
-573
-355
430
302
52
921
541
-60
-378
-412
-109
-215
250
265
174
-266
-375
-121
-1054
-83
102
-358
-276
431
476
-425
-701
-154
-190
-10
578
528
245
560
-471
127
711
40
491
337
91
-328
208
62
173
-1353
-672
-411
287
626
549
-552
-985
88
488
-456
-336
1261
-520
785
54
108
215
613
359
-142
-484
-307
265
-574
-524
-327
-429
1133
294
-414
519
-24
393
116
719
-1248
69
-695
-685
1306
809
201
956
-541
-732
-170
-252
286
-618
-296
-398
-511
180
465
704
381
358
-617
226
208
593
-408
248
-117
57
-384
406
-499
-45
160
286
264
24
393
257
-119
204
-79
-122
375
-508
-376
245
-62
514
647
-175
459
872
401
-665
-490
71
22
-89
-298
753
193
189
460
-1233
-671
-246
95
-319
-183
185
-696
584
715
43
-490
-458
189
57
-2030
742
-230
-60
922
-1024
-452
-700
74
536
-351
118
722
-237
-312
495
710
-919
-378
-541
-505
-236
-38
175
37
477
65
642
430
541
720
230
-574
510
12
-98
-659
-304
224
-54
200
766
-56
296
-460
-364
-251
-480
-837
369
-303
320
65
-370
3
-694
-380
-465
-433
-168
37
271
224
-366
492
-115
61
-267
665
861
537
-89
378
-29
-85
212
-428
361
-543
-480
593
-414
-407
-468
62
-570
165
215
81
413
-818
-686
-245
-36
197
-612
28
-57
225
778
411
-207
392
-190
767
741
293
323
-47
350
308
180
189
129
169
-50
352
-25
-142
-529
528
688
51
-84
-329
284
419
754
-425
380
465
-71
-113
449
495
-147
913
495
274
243
331
268
332
-125
386
-811
-322
-370
994
-982
448
-19
184
483
85
-181
564
-208
558
-859
-509
415
679
-135
-380
-318
-186
249
320
-169
294
-38
34
-55
427
445
126
724
-91
77
848
-295
161
648
16
-290
-399
910
-256
356
-280
357
-490
741
331
-125
291
-696
-382
334
-596
-248
816
-112
141
944
374
-240
491
23
-4
485
62
-28
750
85
575
-547
0
-173
-186
856
-6
390
-186
285
12
-165
411
443
-455
-505
-44
-349
-55
79
286
-308
-562
-401
493
435
-1046
-413
-360
994
-248
-200
281
1074
78
25
17
70
534
-474
577
-428
918
-44
-137
-265
662
45
-193
748
506
331
-606
529
379
-375
-542
200
-415
-1084
56
-890
296
562
395
817
331
690
55
-523
-858
-10
972
-95
400
1125
418
690
-258
-4
199
56
-326
-204
416
1198
-586
340
-259
-261
-178
-36
-256
-595
-134
-77
-149
-444
798
378
915
-15
-182
-246
-667
729
-445
-313
-1067
119
982
-80
-632
1222
-455
-1133
162
-178
-167
333
-1076
-221
-247
-744
-403
-480
-36
394
-760
317
127
-37
687
6
-518
531
12
65
423
-142
-675
-190
-44
166
76
-209
-504
155
-516
-453
-288
17
65
-450
-456
-320
-277
-130
-442
547
572
-922
799
-246
-530
228
749
1096
275
100
539
398
474
871
973
-732
-323
1293
110
-431
-553
-280
-522
-515
432
-94
290
27
554
293
-463
-220
352
200
645
90
-312
516
-580
856
-493
-95
-53
-777
323
105
484
65
-713
444
-389
-681
-243
-743
-804
-34
-88
-630
-314
388
20
-1708
478
-476
694
-888
-283
5
631
411
96
265
-193
121
-684
-87
363
50
-240
-261
-203
145
24
243
401
-235
-44
300
-992
83
790
-479
573
-1017
176
-514
429
253
-1405
888
-730
32
789
427
-529
-495
-891
55
307
953
887
91
176
345
-7
643
804
-913
-204
-452
1187
1273
-277
38
837
813
-467
-409
-151
245
-1446
579
-84
-777
-72
390
-227
717
-201
-467
-856
-290
50
-46
-21
-673
-297
102
-519
220
244
-703
765
-735
-620
-295
490
-690
145
-309
627
-266
-607
-579
-821
934
776
945
-356
-86
66
-114
-283
-657
138
-57
1263
192
687
36
378
-166
-533
-539
-1493
-165
-259
-592
299
164
-1036
106
603
502
-128
749
-494
-344
-463
307
80
106
447
569
317
-564
36
-411
154
383
136
183
41
641
370
-559
139
270
-475
-344
201
602
380
-111
-653
451
-949
6
-125
-303
-49
-439
832
658
-15
-1182
684
1106
-97
176
-502
568
272
517
404
648
769
9
-475
-972
-423
292
-842
-180
-1074
340
-311
856
77
-61
468
560
-679
419
301
254
147
347
-116
-268
281
216
-163
-93
-167
342
-339
-567
-72
273
-269
155
123
388
49
921
-79
111
-1110
144
-53
-119
526
1089
-210
-142
535
468
1050
-429
502
304
-293
218
808
9
-714
-74
-50
-124
-1530
-426
305
445
-713
-1204
-328
-905
-478
-437
-321
-578
-481
-264
269
621
115
-115
-421
-73
67
-865
-115
-648
-349
64
749
-498
-691
609
-454
-370
-203
-501
330
-299
-350
-79
495
351
-123
212
185
-1120
-289
394
-1197
216
-33
-49
-292
86
8
-772
479
297
415
-598
655
-301
-195
-114
24
563
706
-601
-176
-592
-22
-516
-157
-90
-782
247
-201
183
253
-21
470
-110
-289
-844
-525
78
422
-170
628
-624
-344
-418
426
-86
-953
632
-870
18
-27
-492
678
-370
64
-570
504
-83
518
638
218
565
-498
1125
97
-104
344
1269
230
-341
364
-477
-679
779
396
-138
312
118
-815
864
49
-478
-530
795
-895
315
-240
-69
227
606
1288
-58
467
-64
168
-575
-1177
-147
-464
156
-124
-96
258
244
-359
225
-549
329
-1059
-597
-384
250
491
-290
217
375
1144
-659
692
922
664
851
-263
-129
-453
-331
333
1021
-227
28
177
67
322
562
264
885
663
-297
111
-566
-746
-531
1022
861
584
335
453
596
681
754
-654
136
-986
-349
75
75
382
-458
568
764
-681
39
-113
83
-209
380
-143
-574
-15
-633
-1106
-253
-253
393
-91
11
-447
-464
507
366
42
277
555
-432
-405
-323
-43
649
-454
882
74
528
600
-462
-538
525
-317
-444
-232
-114
-499
-477
0
-367
-753
1152
234
-93
956
-35
-538
-918
274
-70
-314
338
-325
12
342
226
710
69
399
-560
107
-683
-71
178
218
418
47
213
-367
-280
-843
-206
434
-616
448
278
388
-869
699
-126
-167
13
-230
-326
-327
-256
438
94
11
215
-679
34
-605
484
156
54
53
-94
-106
147
-82
421
758
-60
-254
-441
-41
405
540
603
-728
181
299
329
-1139
14
-764
-70
717
205
166
160
-498
-361
-61
479
-253
-670
353
148
-18
-1045
185
-785
-333
-173
-362
578
363
-355
-594
573
-225
163
256
440
272
-473
-596
-148
-162
293
-438
-1245
-219
466
68
190
-263
294
-499
460
-647
-1031
-772
-194
735
-411
312
-340
-261
164
81
-240
-316
223
-147
372
339
-332
-516
-489
-932
-10
198
482
-264
-426
4
-568
-308
-749
-191
-117
859
-184
-1033
-217
-194
-276
379
9
336
144
285
-39
558
211
-808
501
241
-138
-1444
89
1239
-103
-707
50
-330
515
-591
292
452
412
515
-375
-881
-340
-231
-140
664
-365
-233
191
61
1076
522
-685
300
-654
-417
-364
941
-103
-438
677
-781
102
-239
334
-200
-751
68
-912
-252
-65
670
-194
143
387
-175
-485
507
499
612
-136
155
172
-12
-552
-228
924
11
135
307
-539
-796
-400
-98
122
790
74
-191
776
-826
-381
-141
119
89
738
-229
-449
-247
297
138
404
1137
402
62
-798
-955
-866
845
-337
1036
516
-243
411
-870
-393
-126
276
-55
-265
-287
-227
-220
347
-413
-139
202
-87
76
-73
85
159
-89
187
-326
-121
776
170
214
-118
475
-401
334
526
147
-409
-170
65
-819
-598
418
140
-497
270
209
-293
597
951
704
367
-139
-116
143
758
234
20
-403
-317
-557
770
396
-773
853
433
-760
174
595
744
-254
163
1014
206
-124
-55
-330
362
966
-447
140
6
-503
273
779
479
-905
44
563
723
231
846
-859
-567
7
219
114
541
-300
-182
-485
-330
-304
631
22
-364
-510
-61
335
-1177
252
959
267
-57
192
397
214
606
-640
-367
-150
606
30
-320
1
2
905
70
-303
-546
-870
-21
-264
-8
208
189
-293
733
11
468
1168
340
-1438
-16
-161
46
-873
123
-164
-385
-282
-66
-22
-95
284
-472
-617
-200
120
-38
-938
343
400
-665
-272
575
215
172
184
340
-730
-3
72
1006
-193
609
81
704
49
167
-36
-189
436
-252
828
-265
-448
324
265
-331
-199
109
172
930
5
526
-400
-411
494
-200
-192
-823
66
322
210
-610
-324
-786
413
307
-694
-208
64
369
-397
411
-656
537
-197
372
268
292
414
156
-229
-877
