11 65 49
0 0
0 1
0 2
0 3
0 4
0 5
0 7
1 0
1 2
1 5
1 6
1 7
1 8
1 9
1 10
2 0
2 3
2 5
2 8
3 1
3 7
3 8
3 10
4 0
4 1
4 3
4 6
4 9
5 0
5 1
5 2
5 3
5 5
5 6
5 7
5 8
5 10
6 2
6 5
6 6
6 8
6 10
7 0
7 1
7 2
7 3
7 4
7 5
7 6
7 8
7 9
8 0
8 1
8 3
8 7
8 9
9 2
9 4
9 6
9 10
10 0
10 1
10 3
10 6
10 8
23
6
26
60
37
15
45
9
12
35
13
54
31
18
62
8
42
10
55
1
4
24
20
57
48
52
44
14
29
46
11
28
36
50
51
63
32
17
33
2
39
19
5
30
22
56
61
47
3
49
7
16
27
59
40
0
53
38
64
58
25
43
41
21
34
136
-40
46
18
-4
-6
-30
90
-27
39
147
18
-43
61
41
-41
28
68
-56
3
-22
95
18
-18
-65
-110
5
-9
54
4
-78
31
-58
-1
-16
2
-124
15
-64
-61
46
-127
-18
39
-10
-45
-14
-14
-43
-45
-78
-40
51
-101
-57
2
-30
-21
-49
-42
113
-15
-61
-20
19
-9
45
78
29
82
-45
-21
97
-59
66
116
57
-65
47
-18
-95
29
48
35
0
61
6
-12
-33
20
-18
-25
13
-23
-12
-49
-67
-99
-64
84
-23
-15
-27
-77
53
18
53
13
121
-48
-1
6
28
57
-2
-63
-87
-1
61
-84
8
46
15
-49
0
-106
-14
62
-68
-4
-49
46
-41
-91
27
-47
-49
-67
-14
94
40
-32
70
97
-85
-45
-95
22
-11
19
60
131
-33
41
41
95
-33
0
6
56
57
76
-64
24
-26
-97
50
14
-15
-9
-21
20
69
-12
114
22
26
118
-39
27
63
-1
21
-124
-42
15
44
28
108
9
63
-36
-133
-97
62
-10
20
-57
-43
-73
-11
-34
11
-1
57
2
-31
-37
103
2
13
-69
-22
54
-118
15
89
9
-36
-24
1
15
35
90
27
-57
45
18
64
-52
25
100
-53
-90
39
-10
53
-5
40
46
87
92
-37
69
-18
4
118
39
98
10
-31
-53
-33
-59
-66
118
-59
-56
70
13
37
60
-27
-77
40
17
-96
-19
22
22
-31
79
122
41
-54
-55
-50
80
5
23
-69
-11
-5
13
51
-42
87
20
-53
-38
45
50
-70
-3
99
7
40
-21
15
-16
-44
-2
35
48
-1
-17
-4
-15
4
33
-20
47
-20
11
3
46
-42
-113
72
-72
53
26
32
-23
81
-74
58
-18
-45
31
46
-26
63
-45
25
2
17
36
-16
6
-26
-70
74
-22
26
68
25
42
62
38
23
32
4
-22
86
22
23
-20
-54
-61
-5
72
-99
-146
47
29
-9
-40
-28
31
6
-25
25
-55
8
-83
45
-14
54
15
69
104
-2
-69
43
-56
81
10
14
-16
-38
23
35
54
55
-21
-4
57
19
-6
104
-40
-39
-15
21
137
31
29
-59
13
65
-10
1
22
-44
-36
-77
-3
-22
-38
61
17
71
-20
9
32
63
47
22
1
0
112
0
-92
23
-14
9
37
5
-28
-61
-40
43
76
-1
-73
-68
-69
4
-81
71
5
71
-7
-20
97
82
32
-12
-76
51
-15
-28
-39
4
48
-14
132
-68
63
-49
-45
-25
-73
69
49
45
81
-15
15
64
-78
-24
29
11
20
-5
-46
-62
-26
-16
-6
-33
22
37
22
49
-41
-44
60
-29
-47
29
10
-65
19
-12
1
-32
10
3
43
48
6
-93
43
69
-41
-41
52
47
-11
-42
-121
143
27
-27
-46
-6
30
-34
7
18
-19
51
15
77
21
-80
2
-28
-81
-18
-99
2
-10
-16
-50
-75
22
-19
-10
100
52
-83
-22
-41
-14
99
64
-32
38
41
-65
-101
91
-42
-20
27
-12
14
-24
31
-45
-34
9
-22
-18
114
-17
2
55
80
-59
35
74
-29
6
-19
22
108
14
3
13
58
16
18
17
-55
48
49
51
-10
-67
-19
26
3
-85
-57
-17
16
-34
-54
-21
86
-48
-140
-9
59
61
-63
-23
-37
39
-51
71
-137
51
-45
33
14
15
50
59
-13
-82
29
-17
-10
25
-41
-67
-31
-13
67
15
48
8
-28
-62
57
-3
64
4
-8
69
-1
40
22
-15
-51
0
-36
39
40
114
9
12
-13
-23
-7
-10
9
-70
54
0
-5
-41
-29
-17
11
52
-15
-58
-23
29
-17
115
-110
5
58
55
-40
99
-12
32
-14
-5
25
18
14
30
13
76
-22
15
-31
-103
66
-41
-28
5
-102
3
-51
11
-17
9
-14
21
70
48
3
-48
25
57
-42
-38
-143
-54
0
24
41
33
-27
15
-58
-1
108
-88
-22
12
62
26
70
23
-66
42
71
47
-19
58
21
31
56
0
-22
2
47
59
14
-39
79
-25
62
-56
-46
31
-50
97
41
-35
43
32
-13
-44
-72
12
46
-37
63
-6
5
16
-42
-75
-26
-22
-20
27
-54
86
-56
-30
-57
-27
8
17
-12
-1
-19
97
-2
4
-9
-52
29
8
26
59
-46
97
111
-67
-5
-1
13
-38
-1
62
72
7
134
28
-1
30
15
42
-34
-24
-8
23
-46
46
-38
-83
21
75
47
-20
-33
-98
14
-106
50
-79
36
91
-29
21
7
4
19
75
46
16
-88
63
-16
-13
-10
18
-33
-71
25
11
3
28
25
37
42
9
-37
-36
39
55
0
48
66
-118
-100
-64
-82
-1
-115
32
-33
69
-32
-75
42
3
-117
101
12
-86
-3
50
-51
-51
5
-139
-24
133
-7
36
5
-43
79
3
27
36
70
37
-1
-27
1
16
51
-77
40
4
-110
-10
-83
17
32
-16
50
45
-96
34
20
4
-42
-18
-37
16
-65
-48
56
-15
95
59
31
-24
-69
-12
46
64
4
-51
-17
-14
-30
-7
-44
-16
-44
-60
27
80
-85
-48
-58
-28
58
-47
-17
28
50
12
-9
18
-4
11
45
12
-34
5
41
-40
-53
72
94
-88
-47
-15
28
-37
54
18
-39
-59
17
5
11
-24
9
-3
4
-58
58
-26
48
-56
-46
7
14
14
99
23
4
-28
39
-3
-21
62
46
71
-1
-24
-91
67
81
-117
-56
-34
34
97
-18
-79
-14
-80
-37
-30
92
-11
-46
5
107
-9
11
24
25
38
-13
61
68
-45
13
11
60
74
-70
29
-16
-3
-8
-16
10
28
-73
61
-40
44
-47
45
-8
-46
33
-43
-38
-26
-28
-21
-8
-36
-14
7
15
45
-1
1
24
-21
84
-94
15
41
-6
-8
-27
-19
-39
4
63
55
-108
-16
28
-15
0
7
116
73
40
8
-6
-37
-2
43
-26
51
-6
32
-13
-75
-36
-38
-11
37
19
-24
5
71
-9
22
28
-52
-27
57
18
33
57
-45
31
-8
-44
16
13
-88
9
-37
-47
5
15
-9
-80
-18
-55
-54
40
-33
32
6
32
-20
-60
26
-20
6
81
106
19
-50
-13
78
81
-5
73
46
19
-7
42
-35
-36
71
-53
-53
9
-59
-23
87
-7
-19
-14
-19
-2
-30
10
-81
-56
-26
34
77
134
-2
51
-79
50
24
-30
-13
-18
-44
91
15
-11
4
-27
-16
-34
41
-30
35
79
61
-77
-98
53
-33
-48
-59
-42
4
41
-31
-27
-4
15
-50
33
30
-89
125
-57
-26
28
-79
-62
122
76
68
-54
1
73
24
-48
35
-18
-10
11
29
-8
-79
-25
-24
58
-103
31
57
-21
-49
-71
55
-11
8
-79
-93
-49
8
101
4
-10
93
18
17
-35
41
-42
74
24
-19
-4
14
27
40
-25
-44
-66
17
115
-28
9
-20
-46
-134
62
-1
-42
-48
11
-52
-102
-19
-32
-42
-36
-42
53
-52
20
-50
101
-12
24
-15
42
-99
-18
27
-33
-39
-13
-120
19
10
-11
-53
-71
49
-32
-14
43
-23
8
-15
-20
-8
17
-32
92
-74
27
-35
23
43
9
-13
67
56
-29
-22
-18
-10
10
-64
-5
42
-72
-2
57
-8
-35
30
-37
-5
-24
-59
-54
13
-77
119
15
-6
-39
27
-2
-71
33
-34
35
-72
4
-11
61
29
-85
4
5
-68
140
5
-58
-1
27
-18
-38
-2
3
17
64
-51
-7
-18
100
12
-17
3
16
26
43
-66
-11
30
62
-23
-31
-27
15
-2
3
46
58
-29
-88
80
-7
13
22
-95
-86
-30
-44
70
-85
-48
-35
6
-18
-25
-7
44
7
75
31
91
4
-134
-18
93
6
13
-7
22
13
79
1
4
25
-2
4
6
-60
18
7
19
-101
16
35
-4
-79
50
-28
-48
35
18
-11
61
30
71
65
-38
30
-99
17
-113
37
35
28
0
36
45
36
-84
12
63
-13
57
31
-71
-67
-51
34
-18
-21
-10
3
-18
39
55
-48
34
40
15
-8
-20
4
-41
-17
-1
54
34
-6
-49
9
-2
52
-40
-76
5
-9
-47
-26
82
-21
26
-9
-38
-17
-32
-96
-25
0
-25
31
-96
-73
77
92
16
-31
34
-53
-10
41
-33
-8
-79
-9
-41
87
-47
-72
-2
-22
-106
21
-117
82
93
-36
-5
-7
75
-92
63
65
-4
-30
35
-20
88
36
-42
-28
14
-99
-35
-76
-139
-77
-42
-24
23
20
19
46
35
-40
7
26
111
-4
-7
36
46
65
-42
-2
45
-9
-18
-19
-58
-80
38
79
-42
24
-26
-54
-23
-58
-30
-27
-13
12
66
9
32
-22
8
-42
40
-2
64
-8
9
-12
-49
8
-56
-3
63
15
3
-42
-84
28
32
-72
32
38
-24
32
71
55
24
-73
-100
23
34
25
-76
-30
-66
-10
4
-68
30
53
68
32
10
30
36
105
123
-36
-52
65
-11
-20
-27
-7
-65
-93
-44
43
-43
-83
58
41
41
4
-14
-29
42
8
38
-5
-36
-73
2
50
21
66
2
-20
11
58
-5
81
-4
138
-71
45
-45
9
-67
11
49
57
50
50
-30
-46
69
-1
-22
-13
6
45
-7
12
-14
38
48
-29
17
21
8
77
16
141
7
37
54
78
-21
-4
21
-64
51
28
-9
-40
-10
15
13
99
-6
88
11
-5
-17
-57
80
-121
58
-26
-33
56
19
83
41
-31
-32
-125
-25
-1
122
-6
-14
98
-94
94
87
-18
-5
41
-32
127
-97
-31
-13
-15
-27
9
163
-28
-29
2
58
13
28
-17
-57
-23
14
11
-52
-19
-48
42
-2
11
6
-19
-46
23
28
-71
20
-70
-37
64
-124
-132
14
-13
-37
124
-41
-15
-57
68
-9
20
-44
20
58
-16
-32
39
-64
32
20
10
-12
-22
13
11
52
-15
19
-3
-22
18
-31
58
33
33
70
-10
42
-2
-5
47
-30
50
14
16
-68
-7
44
-105
22
71
103
37
-11
-52
-14
55
99
-10
41
22
9
-1
-13
5
-39
-67
-37
31
-19
35
35
39
-35
65
-19
14
-99
82
26
1
32
38
45
81
-54
56
-29
17
-17
-20
-9
-40
-4
-17
-32
-51
-47
46
-54
5
-57
40
75
53
45
27
-31
18
-74
61
32
-7
20
-23
-39
55
40
-21
-3
56
53
-7
156
1
32
-59
31
-55
-54
-21
-2
31
59
7
-11
46
-78
3
29
35
77
-42
-50
38
96
19
-42
-35
-43
53
33
-105
1
79
-10
-53
38
-4
-58
-79
19
-97
8
-40
-27
63
-16
52
18
-84
13
44
-97
89
49
-91
-30
89
-26
23
-95
-1
-33
4
-57
31
17
-49
50
-74
-24
112
-56
77
-47
5
-38
45
32
29
-29
0
19
51
-20
-14
46
-4
-8
-2
-32
-20
-63
-45
18
-30
44
-65
31
2
54
0
49
-28
-25
-48
-30
-112
7
-43
58
-131
14
-4
-23
-79
37
-22
-70
-8
-91
34
1
-41
47
44
-1
-96
-5
88
-91
14
-4
-72
-19
2
-84
0
32
-5
46
-56
-18
-41
-35
-85
-47
2
90
10
-16
-22
13
18
2
52
-5
-72
28
-7
39
41
49
-12
6
-25
61
-18
25
29
-55
45
-56
-37
-61
52
-40
11
104
46
10
-36
-6
11
-77
45
-6
-66
-68
86
-72
-54
40
54
-34
-104
-41
7
-67
21
-77
-2
-20
-87
-36
19
-47
-33
17
-27
-66
3
-42
27
-36
22
-10
-20
61
26
-7
27
30
-32
2
-55
6
11
-9
-10
-23
-29
-6
-4
-10
11
52
44
18
4
-11
41
-11
4
28
-40
-1
-85
73
35
-92
-63
43
-27
-43
-30
-21
-8
22
37
-69
49
15
35
-5
-9
29
8
-23
49
-30
10
-29
-8
-51
-52
34
7
19
8
-91
5
-17
-32
27
26
-26
43
9
16
-60
-38
12
33
-81
22
-26
34
-39
50
11
42
46
-84
-30
123
100
-58
-4
-7
-74
-14
36
-85
28
-4
128
-135
27
-9
21
-55
-7
50
-81
59
-14
28
89
-48
98
6
54
-15
-88
-16
-35
39
111
-8
-30
-3
19
-10
35
19
72
11
-19
-13
-40
33
15
-20
-4
35
18
57
-16
-28
21
20
-27
-90
-24
-88
90
-32
-68
-46
11
-35
59
-84
33
51
-52
54
-59
45
27
95
-26
5
-92
-38
-50
95
-46
-1
-28
26
33
-79
12
29
-5
-8
-50
-106
-39
-6
13
-27
-8
-62
23
5
15
0
9
21
29
-53
20
35
97
-58
54
-24
-17
31
-59
81
-29
67
-59
-59
54
44
21
12
3
-68
-3
20
-22
47
-74
37
3
-2
-20
116
-19
63
-61
-27
7
46
-112
28
36
-74
-39
76
-16
-21
26
19
-61
-21
59
11
-23
-28
-21
-35
7
15
-51
47
1
-14
-17
-30
73
-15
0
-50
67
-4
127
-8
38
29
-46
23
26
59
-21
55
-41
29
69
-1
34
-28
-7
60
-29
69
67
-44
9
0
-6
-15
66
73
-12
-37
34
5
-26
85
27
-7
-31
-27
2
7
-44
-86
-60
-18
5
-66
30
-9
-52
-32
-46
75
26
3
-62
-61
24
41
27
-48
-3
30
14
27
0
1
-16
56
14
-90
-1
-30
-62
-22
-76
96
-42
-5
83
-122
24
46
-44
-98
12
22
8
25
86
46
-77
-78
39
-17
-12
-42
38
32
-3
24
59
-76
3
63
-14
25
60
10
-5
22
14
-39
24
-29
59
-78
-67
-21
17
-2
-38
50
-90
173
45
-29
-11
-111
96
-2
57
5
7
-15
-57
31
-15
-44
28
-8
-79
41
-35
88
36
29
-83
77
-34
-62
26
-26
-30
-11
40
76
27
-27
-1
20
-40
-49
3
19
-71
124
-43
-5
-17
52
-48
88
2
-13
15
-13
56
-61
6
-45
30
-33
55
11
1
-33
-59
-69
-12
-3
30
-40
-80
-74
-19
-45
43
21
-9
121
50
11
-20
-42
-11
-80
28
-37
-31
-18
-13
-27
-70
-46
-10
60
3
-41
-80
42
57
8
-75
-112
-105
55
3
-38
76
45
1
-3
-42
-52
43
93
17
-4
71
-42
13
22
-54
0
-53
90
-62
3
27
83
56
-22
-4
-85
-46
-53
10
-9
30
-5
-88
59
29
36
29
18
-63
27
54
-5
-4
95
0
8
107
13
-18
-33
60
32
93
78
-102
-29
-29
-55
-17
2
26
-10
-35
28
-51
-44
40
-8
103
80
-6
-18
81
-2
-69
-73
-51
-21
18
-43
25
-78
-6
3
132
17
-87
30
-28
-3
-89
-11
40
-89
17
-41
-2
108
-38
18
21
40
52
-65
-30
-60
-13
17
-51
13
-32
86
-16
28
68
48
-21
23
-87
15
-62
-9
37
27
-25
-31
-45
-69
-30
11
9
-40
-30
-49
-29
2
-60
-4
-35
77
30
-34
-56
-56
92
-5
0
-64
-22
-3
-79
-63
-8
-11
0
-2
-61
52
-49
1
-31
66
-36
114
10
-12
-70
-36
-49
-58
-22
-26
26
-60
-54
33
85
-30
33
-48
12
-74
-60
-16
17
-68
51
15
96
37
-4
-46
-25
104
-27
-48
105
36
-5
-37
-34
65
-81
-41
-53
8
-22
-37
26
-116
48
16
26
-24
34
10
32
59
29
-38
53
-30
41
43
-14
47
56
-23
3
-35
6
6
-21
-63
-43
-123
-124
55
-6
-57
31
-100
29
-68
53
86
-20
34
-34
-101
-13
72
-7
43
-32
-87
-51
-51
-29
57
15
-9
-72
-55
-26
-47
-119
-3
12
-15
-57
5
-3
126
-17
11
-56
-13
55
-89
-111
53
14
89
-65
-95
-10
11
-15
-8
23
-15
-25
92
-41
63
21
62
-26
-18
9
17
-2
-39
40
75
-60
-44
-18
-48
51
-5
103
20
-31
22
11
-139
-120
-91
-3
-40
71
32
63
34
13
-66
23
43
10
49
83
-27
56
41
-10
75
8
49
18
14
11
-6
20
111
34
95
-25
-100
25
-131
27
-5
7
86
40
19
-5
133
-33
-34
-80
-78
-102
1
-42
78
-99
21
71
69
-56
1
-40
59
4
-29
2
-17
25
-15
25
55
-10
-31
-130
-14
46
-17
-83
-14
-94
-28
6
76
15
7
12
44
7
-49
-5
-39
38
47
-105
-31
2
84
-7
-4
-47
20
-92
43
-5
-47
39
4
48
-6
0
7
16
55
-61
24
-13
32
28
-13
-48
11
-32
-60
64
-97
-27
21
-68
-84
-29
-8
-36
80
-35
17
-8
-50
42
-90
-58
-4
41
-54
13
38
-3
53
-71
80
34
-36
9
9
-84
-24
-7
50
35
20
-13
31
15
26
5
-91
-16
58
32
-21
-23
15
53
70
-7
70
53
-44
-16
49
-51
21
-40
-69
-11
23
20
70
-25
-20
15
6
140
2
43
9
-59
-41
14
-35
-60
2
-51
23
43
67
23
-106
-24
19
-43
-10
19
75
6
35
-32
36
10
-150
27
-21
-33
-41
80
24
56
-36
19
-67
-40
-9
40
-3
11
30
-26
-5
-58
-41
-9
20
-68
-122
27
17
1
-40
39
-45
-26
10
-17
-85
45
160
-14
55
-24
-21
-64
29
90
51
48
18
39
-19
-75
12
65
24
79
57
20
-38
-16
-32
130
-46
52
-24
-12
-3
-61
14
-30
-8
-83
102
-9
74
100
55
-43
-5
56
109
-6
-21
11
-27
11
-5
78
20
-12
-140
21
86
19
16
-37
70
-12
83
-88
38
-28
13
-43
-1
-79
52
-40
47
17
-96
-24
-88
17
38
13
27
15
22
13
-3
-97
-76
-74
71
59
-3
-9
-67
-58
-10
14
9
-62
-20
42
32
-21
4
9
-15
12
14
6
-8
115
-46
-32
-4
0
13
27
-11
-23
57
-30
39
46
18
138
8
37
-58
-24
11
-26
-20
-58
8
-12
34
46
-7
-21
-69
28
34
7
59
-38
-88
7
-11
-60
-13
-39
122
69
45
-55
39
19
84
-76
-6
-8
91
-54
-1
80
-99
-55
-16
-9
59
3
-15
-63
-73
5
-28
8
69
-7
20
34
-56
-51
13
20
-1
41
-85
24
70
30
22
67
-122
-3
-4
0
0
7
-71
-87
-68
-27
-47
13
-15
-16
-17
-78
-25
28
-88
31
-4
-69
80
0
86
-46
-42
-6
118
-46
-9
73
7
-31
-50
-2
-23
-72
7
-23
-39
43
-6
57
50
-1
-57
37
15
17
-63
20
-4
12
-35
31
-2
-29
-42
-93
72
36
-4
-12
-8
-17
-56
-33
-78
-29
33
-52
46
-2
-6
-47
-15
-1
117
-50
2
-91
-18
-7
-6
14
-31
-15
-1
-5
36
-54
-48
-49
-16
99
15
-6
-19
35
-32
14
44
-23
-49
62
-2
-56
79
-52
57
-23
18
-59
20
95
-68
-58
-44
-47
-26
75
-11
8
10
-56
13
74
-8
31
2
-2
9
-10
108
-34
10
52
-90
12
-18
-30
84
16
-15
58
-44
25
36
26
50
-30
10
14
-31
100
-22
42
-61
8
26
18
-74
67
-3
3
-67
24
6
-100
87
-85
-40
-21
7
49
68
22
-4
94
49
25
-30
85
59
4
38
-45
-29
38
1
42
24
8
-25
21
-12
-25
14
15
13
-13
-34
49
92
27
42
-17
44
21
-67
-35
-26
39
-56
30
60
2
-19
32
-19
-71
-8
161
-34
-59
25
94
52
-11
-31
5
39
-86
-25
-2
-54
13
-8
-74
3
-87
-52
-14
54
-29
40
-53
-21
-20
83
-36
-42
-9
-49
-11
-19
-42
58
-100
-23
-49
54
-60
17
1
-48
-40
-42
-56
33
61
38
106
-42
122
-43
56
43
-39
-12
-11
-55
2
-7
2
-85
-58
-15
-33
110
54
-56
50
19
-61
-12
-36
25
-43
-14
12
-90
-89
35
47
31
24
51
42
-69
-34
44
7
-64
-39
60
17
-16
27
58
-111
65
-29
-6
-64
-104
-32
0
65
-46
4
52
38
35
-8
-31
-58
-9
40
17
-29
3
119
-99
20
17
16
49
-6
56
-70
28
11
-36
-37
39
-79
-34
50
-12
90
77
51
-22
-59
-134
-60
-41
-60
9
-11
25
17
-14
-41
45
16
9
92
8
33
16
43
-2
41
-10
19
8
-9
34
35
4
-50
58
2
63
46
-6
30
17
-3
29
-28
-25
19
-44
-11
-117
-129
-36
12
-7
-55
-44
-59
8
-1
-10
4
41
-83
-58
-68
30
-43
-6
9
16
49
13
92
-132
55
4
-41
-31
45
24
8
-33
-19
26
29
27
36
-28
53
7
58
66
70
-38
-5
30
-50
0
1
21
18
79
-7
-7
49
8
-30
66
33
20
20
-15
-43
-10
58
-38
-101
-35
7
76
-11
-64
-32
-16
-91
-30
-44
-71
-50
-104
-4
-24
-5
-22
37
-29
21
11
8
-52
-10
52
-57
17
37
-24
-38
-42
-99
29
4
6
-26
-129
36
-18
15
19
4
43
-85
-14
-25
1
14
24
-80
-114
0
31
18
29
107
129
35
71
-12
-6
-59
51
-25
-12
-31
-13
-8
1
15
37
-47
-23
-32
94
35
-9
-16
19
59
-53
60
75
45
-84
-21
-57
-2
56
104
-39
37
95
-45
25
-9
-13
29
29
-29
11
10
-11
10
-79
2
-56
58
71
-9
-24
91
-16
31
25
91
-47
-9
-32
14
37
-29
120
66
47
39
-62
-57
-11
55
-56
-28
32
-53
-14
41
-88
21
88
-24
5
65
-41
-73
7
-22
-48
9
-43
23
-44
53
-86
38
52
25
70
-21
67
-129
-54
-5
23
-50
21
-41
74
64
76
65
26
53
-25
75
7
-39
15
0
-22
77
-41
-44
-88
-86
33
-25
60
67
8
100
20
14
38
-2
115
49
4
-154
-11
-18
-123
-50
52
-60
67
-47
-19
39
36
7
51
76
-12
1
-38
24
7
-4
-59
47
-44
67
2
-21
7
33
19
4
-107
21
-51
-80
35
-26
-11
-4
34
88
-43
-5
-60
-88
-39
-61
-11
49
-59
-6
-8
32
-48
-62
13
-13
-34
-17
71
-37
52
-23
2
-73
-29
76
-2
3
-61
40
-8
6
-24
-36
2
-3
-18
-21
24
22
7
57
5
-6
46
51
54
-32
98
8
-51
23
-21
26
1
13
18
-48
7
-58
13
-11
-10
-67
21
22
-5
63
19
-15
-23
-15
8
24
1
-74
26
-5
-68
48
5
74
34
15
-15
38
-22
-84
-5
58
0
8
-7
43
-71
20
-14
-7
-1
-61
76
28
10
-80
-5
-32
37
4
4
-10
-22
74
-15
23
24
38
-15
-116
23
-2
-29
-58
27
54
-43
-5
11
-21
113
-11
29
16
-32
-27
13
-115
-95
-6
-3
60
-44
-76
-126
27
-37
-19
110
-16
5
-95
-60
-66
-16
-88
-35
75
-32
-94
-65
11
39
-69
-19
-80
-35
29
26
-2
41
21
39
45
-70
102
-25
1
-33
-5
-49
21
-46
126
20
127
-23
3
16
-47
104
43
-6
-37
33
-76
-27
71
151
18
5
-20
37
57
-79
-57
-41
-147
11
29
-7
-51
101
42
9
-15
67
103
-26
38
-10
6
-90
-78
-5
-19
-131
-84
10
135
-48
-9
-62
24
73
39
-74
3
82
36
72
-77
23
71
13
-14
-16
-36
-97
-22
62
-8
-30
-40
8
-96
-15
27
48
23
-14
70
-42
-8
38
70
10
1
11
46
46
-45
48
5
-25
-46
51
-20
-48
-11
-6
30
-39
28
66
19
46
33
54
99
18
-70
38
-1
53
78
2
8
10
92
-18
-43
-3
18
-2
28
17
80
-76
0
21
-54
-47
-10
25
0
-37
62
21
-49
-17
86
-92
15
7
48
28
-57
-41
-1
-14
-88
-22
32
-45
-7
78
-47
-6
2
-28
83
35
44
42
-22
26
110
43
-29
36
77
20
45
-40
-8
-17
-41
-5
-53
-41
20
43
-5
-8
-8
-12
14
-48
118
-10
-17
5
64
64
4
-69
78
-73
54
-20
-86
22
-20
-30
51
41
-8
24
44
-11
-14
70
-17
7
3
-11
31
-38
-55
36
69
-54
70
57
12
40
59
5
-106
11
24
14
-53
33
105
-11
-32
71
1
34
-53
31
-26
-68
-21
-2
-33
-33
51
37
-81
18
-17
-70
53
36
-59
126
124
-14
30
-5
-95
-1
8
34
-8
-28
-16
-62
-10
19
116
19
-35
34
-48
34
-41
-21
-7
-7
2
13
-36
-29
-79
-66
-11
-51
-74
-28
-32
-1
-44
-73
22
-12
-30
19
17
6
-26
59
12
-28
-12
30
41
13
89
0
-38
14
-35
-27
-46
5
-17
-13
-43
-128
-95
-30
37
11
-45
-28
43
-44
26
-8
-24
-4
69
58
69
67
-51
91
-25
-62
-18
97
-109
-72
27
9
-38
19
-21
53
24
-66
19
-46
-35
-56
17
-60
-2
51
-39
-7
-3
4
48
44
-30
-7
-21
-37
68
60
-10
-15
-20
-41
15
-40
52
-22
90
87
-49
3
124
-49
-12
-4
11
11
80
-51
-31
61
29
90
-23
-46
-102
-30
55
-55
26
51
44
36
33
-15
-14
-46
-21
-25
-7
16
-135
49
-70
-19
-31
-22
68
-35
-18
29
-11
34
23
-13
-64
2
-16
-73
-31
-62
54
62
78
1
-14
-55
-63
-63
45
-26
53
-3
44
-45
68
30
14
16
-40
39
-39
0
79
-9
57
-4
53
-58
37
23
-75
12
-15
-2
70
-74
-51
17
-15
43
28
81
-2
-4
-2
-88
-11
-26
30
-87
-27
-31
102
-21
-82
-42
37
-3
-16
-8
-13
0
16
73
-78
-97
-15
22
-72
38
66
-40
-10
-42
-80
25
54
22
-41
-3
-19
-31
-48
25
21
-23
-10
13
66
-34
-3
-44
-54
44
43
33
-18
84
-20
-11
-132
10
-44
-15
-63
76
24
46
-7
73
-7
17
-4
27
13
-35
42
16
-66
-43
16
-60
89
53
128
-15
-22
-24
15
77
13
-36
45
39
-15
-16
-46
-64
48
22
18
-9
-32
-83
25
-54
-56
-5
-16
38
-38
24
-40
-58
43
17
-13
24
-23
-34
32
-39
0
37
-34
8
6
-57
-31
-55
5
45
23
29
54
-32
-60
-6
-50
15
108
42
17
-9
-56
-10
-115
-13
7
16
-1
-58
13
1
-37
-77
12
-58
-12
59
0
-94
1
-56
61
79
-2
-1
-90
-2
37
-73
-22
-28
-35
23
8
68
20
-6
26
47
-69
72
-3
56
33
38
88
-15
-69
-3
-51
59
-3
0
54
-125
82
-20
-4
17
-9
102
-51
37
-38
-18
47
39
-38
75
-18
72
82
59
4
67
160
116
24
-1
-44
10
102
-84
56
-7
34
-72
41
-40
-89
-1
46
23
-51
-49
-5
16
82
32
19
-1
-38
26
-26
-19
-27
-8
-83
-10
-32
-1
19
141
-7
-41
23
15
3
25
-67
19
54
-41
66
-47
-59
-52
-103
-64
-47
34
-30
71
-7
5
-21
41
46
46
59
-50
-33
-91
-36
38
-54
-18
-14
-106
0
18
-111
-2
53
-41
43
73
32
-91
123
12
23
27
-9
47
-76
14
19
-40
75
-4
-49
-26
45
-26
28
32
-42
-88
49
42
-33
-19
-45
-29
-78
45
-5
-9
-37
75
-2
43
52
25
127
-38
-29
27
10
45
6
-55
18
24
-7
-27
-67
36
-48
-65
35
-11
-54
59
81
29
33
-3
20
-25
-187
97
-62
-25
51
-8
-54
-17
11
45
54
20
-23
-29
4
116
46
16
21
-71
-101
4
4
38
2
-41
21
-12
15
-22
13
-89
7
-12
9
51
22
-23
70
-36
18
72
-19
69
4
-28
-46
-12
-69
-2
19
35
-48
29
-10
56
16
-45
-36
-81
-59
-32
15
59
28
-27
71
-25
-18
-31
-3
20
-9
-40
-13
-81
-36
-45
-62
15
-9
64
-75
5
-29
-36
-70
33
57
65
42
26
40
30
-53
97
77
49
3
-64
-15
14
19
-14
46
-2
-114
78
63
-47
48
57
-49
13
-49
-94
32
12
-30
4
-7
7
-59
-15
32
49
1
-1
-5
-10
-11
60
53
-65
36
2
-86
-21
107
36
-41
8
-29
-24
40
30
-43
12
25
-41
5
-4
-84
12
45
-28
-3
97
-43
-27
71
0
1
117
4
9
-102
11
36
-22
-77
-10
-7
67
-115
-24
2
-41
-21
-33
-58
-98
53
133
57
-11
46
57
-38
1
8
13
-16
26
-67
-10
-40
43
-32
-144
21
0
-11
-13
-33
33
27
46
51
-13
-26
-49
-14
-41
64
29
-12
0
56
11
-50
61
35
33
-20
-55
17
8
-31
12
5
39
29
36
-49
26
13
0
23
33
30
-6
4
-37
-43
-13
21
-27
9
-5
44
-46
5
21
-2
-77
-90
101
-22
-16
-37
-19
-71
-114
-27
4
-38
-69
51
41
-18
-56
-8
-53
107
46
3
-1
59
66
-9
12
26
-35
-22
-16
-33
-99
-48
-32
-3
-22
11
-24
37
2
48
63
58
29
83
-33
20
-139
11
-38
43
6
-18
52
-19
22
-44
5
-24
-77
-11
79
-5
-33
-16
48
14
14
107
75
19
-34
-52
9
-15
1
-60
41
63
-60
27
-29
-3
-22
-20
-17
41
52
-34
31
77
4
-64
43
75
65
45
71
-36
-38
-25
-5
-24
6
4
62
14
18
58
10
-75
-80
-37
28
-43
25
-39
16
22
12
-116
-5
45
64
-13
-40
6
-35
-29
17
-9
-17
-45
-8
36
70
-9
22
16
15
-24
22
-129
26
28
14
28
0
8
19
-21
9
-7
3
3
35
100
6
15
-31
40
0
116
-41
33
-17
-29
11
-57
-39
-71
-67
-39
-7
64
54
-8
-1
-31
64
-32
-10
21
13
-26
27
-12
45
-104
14
5
-45
88
87
-28
47
-7
42
-44
-56
-32
41
29
-50
24
-62
-2
29
2
-63
-106
-79
3
59
-28
-42
-25
36
-27
-7
-67
80
8
7
13
-16
4
-4
7
70
-63
29
-26
12
-5
-43
149
53
80
76
-52
-67
17
-34
1
42
48
82
-7
75
9
58
63
73
-167
55
46
53
80
17
18
-40
26
73
-19
42
-72
-90
7
38
15
-92
30
98
-20
-83
-3
-74
20
143
51
62
-20
12
17
-49
-26
-55
34
-52
-12
-20
-5
-12
-37
-36
55
1
48
-20
19
-26
29
-45
49
-32
31
-76
20
-16
74
29
-97
-4
-4
-52
10
-3
-12
86
-40
-31
33
48
-93
-33
34
6
124
74
79
-21
90
125
94
-43
-71
61
77
-2
11
36
26
-5
44
33
5
-29
62
62
34
39
-33
22
-8
-97
50
77
-34
-62
16
23
-59
3
-7
-32
24
47
34
-27
-49
14
15
-25
-14
61
-9
56
42
41
48
35
-84
-17
-48
34
6
-85
59
-101
-63
106
24
66
99
-89
-109
33
5
-46
-21
53
-22
31
26
63
29
23
-37
8
-7
30
-35
-2
-44
-23
-85
-95
15
-34
98
-11
40
38
-72
-10
-39
-51
-92
-51
-15
27
-65
15
28
7
-66
3
68
64
61
-48
-5
-59
-29
-3
-13
32
42
-35
167
10
-23
35
26
-86
12
-23
34
-24
-51
-70
-62
-58
-61
5
-41
-37
-64
26
-10
-55
-69
-1
-46
-78
-38
68
26
-10
49
51
35
-91
82
118
-24
44
43
17
5
20
-2
-4
-47
104
113
-7
62
-38
-90
-33
-17
3
-26
15
64
6
-55
17
-28
16
-65
-15
24
-13
62
29
-43
5
-103
5
15
-5
-6
-4
-51
82
-18
-39
-6
8
-7
-25
-14
53
-57
35
-75
53
21
14
86
75
17
-5
12
-6
0
-17
-15
-4
59
-4
22
-2
-98
-57
64
3
21
-60
53
-55
-6
38
8
-33
-17
3
-19
-63
-19
-114
-2
66
-39
-26
-83
-8
-153
-23
104
-73
14
85
74
-29
36
-48
-16
43
72
-40
89
-14
70
55
-61
-5
13
66
-23
28
-40
3
-21
64
-18
60
78
-59
4
88
22
-70
-36
31
-77
-23
49
-11
-34
31
-16
-11
-83
-24
-115
-41
20
-26
53
0
135
-54
4
-108
-4
-19
18
-54
26
13
21
52
1
9
11
-41
5
5
-30
49
65
22
-17
120
-58
60
-1
20
0
-89
-5
-38
-22
-27
86
2
87
-11
-50
19
-97
31
-1
-24
-15
-15
4
-38
-15
-55
31
50
41
17
18
10
-26
-93
-44
69
-41
-29
-55
-23
-49
2
68
-118
-18
0
-106
26
33
22
78
37
19
-75
76
-67
-32
64
60
-28
47
-50
-15
31
-23
-41
-26
48
30
59
16
-41
-26
-20
15
9
-45
88
-20
-24
18
57
29
-4
38
-53
-54
7
-71
-46
22
6
-68
-29
-35
17
99
14
6
63
2
9
60
102
-74
9
-6
-23
-4
-34
56
7
9
-5
-15
76
-32
-80
-21
15
-32
-41
33
37
-42
90
-16
-39
6
43
-26
29
-67
28
56
74
16
-18
24
-23
0
54
0
83
-94
-8
34
31
59
18
49
-3
94
19
2
90
-16
-40
43
8
5
-92
-76
27
78
8
31
22
28
-29
26
-24
54
51
9
-116
108
21
-65
-80
-9
-49
12
-2
9
-59
-12
-42
82
117
-68
-60
11
-5
11
-21
-18
48
-89
-32
-77
-10
-3
49
98
25
-20
-20
-18
67
47
4
-23
-7
-48
-45
-78
26
16
-63
24
38
-71
-55
3
-33
49
43
28
-41
-63
-21
51
-27
14
-62
-30
-65
-121
-6
44
32
10
8
55
88
-51
-14
22
-15
-85
-86
5
8
64
85
65
18
35
109
-35
-55
-92
18
35
31
-17
-137
-19
21
18
30
32
-19
0
32
11
-8
27
24
-40
2
-9
19
-4
-2
8
91
33
14
-33
-4
61
41
4
21
-26
13
50
40
-22
-107
12
-101
-81
21
26
-15
-62
-5
-39
43
-4
-10
50
33
5
-63
-62
114
-57
-36
-74
-46
0
-44
-14
-61
104
35
-9
3
53
16
14
-2
2
-10
94
-10
-17
-79
45
4
48
-27
10
-27
-76
-2
22
15
8
-66
48
-34
-42
25
-41
36
4
-47
-8
-33
-6
-26
-20
-1
-59
-22
7
60
-79
31
-16
11
-35
-21
68
20
-18
-22
-48
43
35
-59
11
-7
25
16
16
-12
-68
-44
92
-62
-43
52
-42
20
-36
18
46
-8
-42
-18
32
-33
19
18
36
110
-12
9
53
59
72
29
27
-7
-94
-85
92
-50
37
18
-53
80
-4
-52
-47
10
78
-27
18
-60
40
30
24
35
-68
-2
47
2
-1
-24
-11
-55
71
78
3
79
1
14
10
-57
-22
0
103
122
-26
3
38
-14
9
4
29
110
23
9
-26
-33
-14
35
56
31
20
70
63
-74
-78
-64
10
-62
21
-13
-19
-1
93
60
-4
-9
51
-13
41
46
16
-15
-41
-32
-12
12
62
27
16
32
-16
1
-66
-34
49
3
46
9
14
36
-36
-24
-42
7
-44
18
-10
-17
-24
77
15
-44
99
81
-30
24
29
-50
-10
101
35
21
-17
39
60
-52
38
-35
-4
-69
13
40
15
52
-70
-20
-7
-145
53
-75
-36
86
-36
58
-15
-40
51
-78
41
-8
-26
-9
61
-75
-9
3
27
-99
-33
-74
14
-25
-29
62
50
122
72
1
50
-29
60
-10
-88
-5
12
48
-21
58
-48
65
-17
-19
-39
-3
81
-27
-42
-10
-12
33
65
44
-134
-5
52
27
44
-41
-13
9
-34
23
73
-53
25
40
-8
7
-57
11
-111
47
7
-63
16
4
-7
-15
6
23
-52
75
29
-5
-77
-64
33
-73
-25
-98
-22
27
107
-16
-36
-105
9
62
-86
-14
-14
-40
-78
-111
-68
-23
42
33
-32
92
21
-63
20
-88
86
62
-17
9
-88
-28
19
73
-52
99
-84
-10
21
19
-3
19
-120
-1
-20
122
23
-78
-20
-33
42
-12
-41
99
60
-51
-62
-66
22
-19
28
52
-2
-1
-83
-82
29
-54
-4
125
-144
-27
24
-68
-2
55
-30
60
101
36
7
23
-8
-17
9
13
64
53
-54
-6
5
18
-79
-53
-21
44
88
-14
-117
69
58
-60
16
4
62
37
50
-39
-23
22
-18
49
-56
-23
-3
-34
-70
-6
41
-89
29
28
-52
124
-24
-12
30
-77
-45
-10
44
-30
-32
12
28
-6
9
18
58
45
56
63
-17
121
-58
50
-48
-8
27
54
5
25
-6
57
-53
-39
12
28
-22
-82
-11
32
33
-17
7
84
-18
-16
-4
-15
-45
-101
25
26
-69
-7
19
7
31
-61
11
-58
-31
-25
60
-41
9
-49
-2
-11
55
66
-105
-30
-49
10
42
9
-3
-91
77
-55
-2
-24
7
-79
-23
49
-120
-49
-16
16
58
28
43
10
1
-69
-7
-37
35
-8
-54
-23
43
80
33
11
14
28
-2
37
-46
-8
-26
5
-100
52
-29
-46
64
-49
3
22
-121
79
-32
64
-64
35
-41
-62
25
-25
-26
-1
-18
51
-106
51
-22
93
-18
-70
-3
2
-19
53
-64
26
-22
-7
38
18
10
71
12
-73
13
-78
9
-4
14
45
-4
-80
-65
11
-77
80
-17
-47
30
-44
66
-135
-79
-8
18
-1
-25
38
-12
76
4
-49
14
13
58
-12
-71
5
15
-93
35
102
-25
-34
-7
21
-34
-51
16
-90
-3
-23
2
-75
2
-28
-53
38
13
30
-16
59
52
92
16
-58
94
-47
9
-57
-38
-22
40
27
8
70
47
49
-61
13
80
7
3
-57
45
33
-63
19
-40
34
-10
-25
-11
-50
76
-14
-85
38
-66
-4
-45
-12
14
-23
-109
5
-45
-27
108
28
113
-28
58
55
-104
65
106
11
20
-105
96
10
-23
7
-50
-109
63
32
70
-9
-80
11
9
14
-3
-62
-25
-2
-36
-24
-23
-57
-8
29
31
-48
80
0
23
24
-74
50
104
1
5
-1
47
-13
35
-11
63
25
-15
-7
0
-56
3
28
68
-62
-14
-48
54
-18
17
-42
-4
42
-6
2
-9
-94
-23
-58
-63
-34
16
-5
22
-55
54
48
1
11
36
-62
-34
61
-42
18
-71
-15
33
22
-58
25
23
9
-76
-61
19
40
7
83
-3
7
-49
31
12
-34
-12
-21
41
-9
74
-88
53
23
12
-19
-27
-23
-91
37
-75
-82
15
63
48
-18
18
74
-9
-57
-13
43
14
43
86
48
-93
36
-23
37
-76
-49
-94
-8
77
-36
-56
-30
28
-16
-5
-31
9
5
-12
37
-9
-7
44
6
93
71
-16
-45
21
4
79
-15
73
-104
14
49
68
29
48
-21
19
46
-4
-19
28
-40
66
-61
95
-55
49
36
-47
72
-18
56
11
-6
14
2
3
-20
33
-26
-11
-69
-31
-15
95
-15
-54
21
-27
-91
64
-105
99
15
-92
-21
19
-81
-64
-56
10
-78
-64
32
-41
-92
-31
27
-14
-7
20
50
-114
34
-11
-25
-9
72
80
-47
54
-50
-17
-39
36
-39
-72
-7
-52
129
37
35
-103
34
33
-46
24
-6
-13
29
-92
67
4
-28
-55
-15
-78
-70
-11
50
27
-39
-22
-6
-9
28
-43
30
-22
9
18
-43
110
-13
-28
32
-13
54
2
6
18
38
-32
-14
-41
13
34
-49
35
-33
-6
-58
-29
54
44
-27
1
-19
-78
-14
-71
-66
17
-18
26
63
32
-29
79
-63
92
-13
35
46
29
14
-24
85
26
38
-8
84
52
10
-5
30
31
-93
75
104
16
69
15
45
-18
27
30
76
16
-11
-17
-89
7
-45
59
0
122
-9
-17
-12
-34
85
39
-83
-4
-72
72
8
-31
-12
2
-69
-75
15
-31
3
-12
-28
30
29
89
24
-54
-35
-60
-11
-36
-23
5
-117
10
11
-27
11
-52
50
93
73
-42
38
40
36
-114
-78
14
-19
109
-21
51
32
29
-49
-24
-6
25
17
-31
-23
46
18
64
139
32
-11
-31
56
-125
46
-2
39
32
-46
109
2
2
22
48
-41
2
-96
-101
-45
83
-15
40
-8
-48
-77
-57
-54
-44
-51
-30
-7
53
-37
8
-40
-20
-31
-1
10
-31
-68
-43
-41
-13
-2
-40
34
58
40
-43
35
-70
17
-52
34
-81
80
-85
-1
-4
-63
75
0
-53
-23
9
-16
26
-27
-75
81
-16
-16
-15
108
14
49
12
44
32
-96
92
-36
2
59
-37
114
1
26
117
-31
94
-73
-94
95
-26
9
8
26
88
5
-35
20
-105
-41
6
54
16
17
-18
8
-16
-20
56
9
-25
-13
-74
-49
-68
76
1
-45
54
-36
11
-62
12
-17
-85
54
43
-26
-15
5
20
67
13
24
43
-90
-87
-29
-21
21
61
72
79
-119
53
52
55
19
-24
8
32
40
-21
-34
6
-19
4
2
35
17
-15
11
79
31
138
-4
-12
-34
-75
23
39
-54
27
62
-60
-35
58
29
-46
5
49
68
-55
-34
-10
-3
-27
30
-22
6
-18
-50
43
0
22
96
-17
-64
-47
-44
-17
10
-58
-60
65
-23
33
-33
82
-64
-82
11
-34
-48
-23
-24
-4
-33
-49
54
-41
24
-8
-67
40
-29
-119
-69
74
39
113
44
90
101
61
-48
-81
-87
39
39
-42
54
0
3
63
-36
-24
-31
21
33
-15
36
71
-71
28
-15
-19
-91
-79
26
-29
27
-81
-26
-77
6
23
49
-34
-15
6
122
-13
-21
5
-19
68
1
11
17
44
94
50
25
11
28
-57
-23
55
38
21
-7
44
-36
5
8
1
5
-87
-39
113
56
-113
25
-12
-40
-26
-22
-51
-40
-17
-39
6
-12
-25
-14
46
23
-10
-69
30
-21
-50
-46
14
-67
31
-12
97
2
8
26
-19
25
47
31
-69
-19
-85
77
-5
60
-55
72
49
7
37
-56
-43
-36
4
107
-60
7
73
5
-7
-45
2
29
-34
-61
-13
38
-15
-49
9
10
72
-1
25
69
-32
-103
21
11
-50
-3
58
17
-27
-23
-10
-24
-31
26
54
-4
56
-3
-77
40
-38
46
-11
21
52
-149
-12
2
34
-51
-132
158
-56
-38
-24
-20
12
-14
-86
22
-89
67
-18
-2
33
69
86
-43
-23
28
-11
-19
47
86
-25
164
43
-29
49
-55
38
22
-18
11
20
-64
114
-3
-89
-14
-75
-82
-24
10
30
0
-20
-13
9
-31
-10
13
35
-17
19
-28
-11
-3
-88
7
17
24
-67
-37
-17
-11
67
0
-48
-51
-55
52
9
-68
4
-26
9
10
-2
-101
10
36
0
-3
-17
45
-40
-31
-68
-15
-95
8
-61
67
-2
53
116
47
-60
-22
-39
-55
-71
44
9
-127
45
-44
-24
33
-126
-80
-42
68
90
-56
-30
-68
53
16
-31
26
-50
-17
-45
80
-65
-24
14
16
-57
-12
-84
-8
-21
-11
81
34
-29
31
-26
-55
83
90
59
74
-95
-15
-24
14
-48
98
-19
58
41
-104
-44
-34
44
-12
-62
26
-53
-34
6
-2
33
121
-76
78
-22
53
-1
8
34
-3
-25
-54
23
-102
-47
-37
-67
45
-20
-122
44
28
8
-35
43
-5
19
3
14
-54
6
0
-22
-8
11
-15
13
19
-55
-24
-19
12
29
69
69
-27
31
9
6
-21
80
-5
-87
4
-29
-30
-29
5
-6
19
12
-2
-21
-15
-90
-16
-12
22
32
-145
-37
-42
18
-21
20
-37
-42
14
85
-51
-40
20
6
-136
-50
72
-9
11
-34
105
35
20
50
82
-52
89
42
-3
-33
23
-27
24
9
16
-29
-70
73
60
1
-89
1
-15
-27
15
-55
-83
45
62
7
0
44
-80
115
35
16
5
48
-45
40
64
56
-65
8
-58
-14
3
-24
11
16
-70
-74
10
-5
46
-46
-85
13
21
18
49
-28
-40
80
2
-28
8
-66
-37
-53
-15
43
-59
-42
-24
95
-14
46
1
51
19
92
43
25
-33
32
21
86
36
54
46
-9
-34
-9
8
3
2
10
67
-12
62
58
24
76
40
-12
-30
-1
112
-15
33
-74
-30
-39
-121
26
37
-26
-59
34
59
-7
-37
42
57
35
25
-64
78
14
22
24
-97
-13
-61
-63
5
-57
-42
-9
-40
71
14
-38
8
38
-5
-15
20
-14
3
-50
-69
-26
-11
-23
-17
52
84
-41
7
0
-54
-47
75
-91
-31
58
-21
90
14
33
56
-26
22
122
-40
-33
-5
-23
29
-66
0
25
43
24
-66
50
-7
45
-21
-49
-60
-31
-97
-57
-22
14
-83
-55
57
46
7
-88
-8
40
-37
-5
-43
76
4
44
3
17
-10
15
-2
-74
45
-4
111
-29
-4
-30
-31
27
23
61
-88
53
-54
51
-34
-34
78
15
47
-48
-25
-12
7
8
-29
24
8
-95
17
24
-39
16
15
25
21
90
18
97
6
97
-21
47
46
-18
-25
-6
-3
-8
-13
21
125
-13
37
-15
28
-2
50
-52
65
-31
-41
-44
24
34
-76
-25
46
-65
-69
96
39
35
67
100
21
17
25
-47
-74
-7
-11
39
-23
72
-46
18
-4
-29
-23
-38
21
4
-52
89
-60
83
-14
10
11
-115
40
13
-51
-24
29
-8
2
-60
-77
52
-51
23
30
82
47
2
-21
-38
-15
-78
47
6
-65
17
-6
83
29
-51
27
-78
35
-60
79
63
-108
-52
-24
12
85
-78
-3
38
-3
50
4
60
-45
34
32
-57
7
41
-86
-1
3
26
-48
-60
35
-145
16
37
15
7
42
-101
8
38
-84
5
58
8
28
-55
-16
30
113
-42
-41
27
-17
-47
-87
100
4
-34
29
-69
-9
23
40
-85
0
38
-10
0
47
-41
-12
-21
-17
19
-108
57
-18
-27
68
75
-22
29
120
2
10
-110
-12
48
32
12
8
-51
32
5
-55
-35
20
17
-19
-2
19
54
16
13
2
39
-75
-46
42
97
5
34
-12
65
31
43
1
-87
-45
-25
50
83
9
-39
51
58
21
-134
-12
-49
60
38
-29
21
1
-92
2
34
-2
114
63
2
28
-20
4
94
-31
-25
-37
23
44
-16
-12
25
25
40
-50
6
33
8
29
24
37
48
4
-9
-43
62
-39
1
40
-26
10
-8
16
45
44
-31
35
83
-5
-72
67
-33
-35
-14
30
-8
-76
-80
-11
-4
30
8
6
31
-32
28
38
70
46
-32
-24
49
93
83
-119
-7
24
29
-26
23
-49
-21
-54
-39
4
-17
-51
-27
8
-18
95
-29
-17
-79
35
-6
-2
76
97
13
-6
41
75
-11
-19
-95
18
-19
-4
43
34
-7
-5
-67
12
57
41
30
-23
-41
-38
49
1
92
-32
114
17
63
33
46
-8
-8
-42
30
130
1
16
-54
52
105
49
-69
20
32
41
74
24
-70
-66
63
-37
11
78
-51
44
-70
28
-45
36
-21
15
-65
-48
14
84
-100
19
-76
-37
-33
40
-86
17
-104
53
-22
-40
7
69
-14
-61
-22
-45
20
41
58
-67
62
-27
-50
-23
-83
-12
-30
-43
-36
-55
-71
14
-53
3
-10
5
-79
-61
-56
-50
-69
26
48
-7
-34
69
88
-61
-37
-83
-75
-16
-20
-56
56
11
41
-1
-37
118
61
-59
-50
-4
-14
-19
-32
-20
-39
56
45
28
-59
79
49
-87
77
29
-26
-78
35
29
7
-30
16
19
12
14
-64
62
52
6
113
23
83
-30
7
-58
-44
-34
8
-86
32
-76
19
-9
-13
3
9
48
41
-8
-51
60
16
82
78
-20
21
14
-3
77
4
8
-33
-50
-46
44
-67
-17
61
-23
-71
-28
-44
-14
-27
121
-42
14
12
40
22
29
-6
36
27
-95
23
-82
-43
34
-97
20
44
44
40
-10
-18
-46
20
108
4
84
44
8
56
-60
-25
-24
-47
-37
35
-25
47
-30
-14
9
-22
86
123
-38
-7
-122
3
-84
55
96
-27
9
30
-2
-46
-31
51
42
77
41
-2
-46
-6
24
-72
69
46
50
-9
-16
88
-22
14
54
-108
-3
-24
33
-35
28
-44
30
24
49
-27
30
-77
-52
-26
28
24
58
47
-42
40
-18
-44
7
2
-11
21
-25
-21
8
-11
26
93
110
-12
67
15
42
4
20
-106
-41
-71
35
32
-53
6
22
-16
16
3
-59
-85
-56
-29
13
-7
9
49
28
47
-19
-44
-62
30
-21
73
53
2
-17
-135
-32
-3
-125
7
38
98
-17
-106
-37
-69
0
3
8
9
57
30
50
7
-29
-15
36
-68
44
-52
49
-18
13
3
0
-3
11
-13
12
-12
-58
-79
30
133
-21
-41
-18
45
-54
-91
-33
89
103
-21
40
-82
73
-28
-22
41
66
33
29
-14
13
-19
67
-27
20
-14
9
7
-23
19
-13
-89
-67
57
-31
-48
50
-78
-77
-62
-22
-47
20
68
-32
-39
37
35
-82
-6
-3
24
4
-33
-9
15
11
-60
-58
5
-23
6
23
14
-27
30
-5
20
-68
-18
5
58
-33
-15
-6
-64
21
-108
-6
-45
90
22
26
-23
-4
20
36
-32
-51
-7
25
-28
11
13
49
8
41
2
-60
88
-50
-57
-14
58
55
59
-34
-37
42
10
-73
-33
47
87
-15
37
42
47
-134
6
-3
64
-16
-71
-77
-25
-68
18
44
7
85
33
54
9
0
-15
26
57
-57
76
42
0
-63
86
-77
56
-68
-32
-47
51
46
-62
-157
-78
29
-2
-45
-72
92
-47
69
-35
18
33
18
-28
-29
-68
-13
33
62
41
-13
18
98
-15
85
-25
-84
-27
59
-65
69
6
-35
-39
88
-56
57
-28
64
4
-33
36
-42
35
-12
78
77
59
43
-40
-51
10
-8
-98
-6
36
39
64
-17
-41
-52
-91
60
21
67
-63
14
43
-12
7
-12
-51
-3
-3
-53
-51
67
-25
-15
24
21
-13
-51
-36
81
10
-79
6
2
-12
50
34
53
-59
-57
-12
-7
4
-23
48
-36
-77
-69
-5
6
41
-2
96
-41
30
54
117
-49
11
-52
14
40
-36
-1
-43
17
27
-23
82
-22
-62
39
-13
36
-45
-54
15
75
36
-1
65
-99
17
-57
-18
-55
-43
52
-11
64
-9
-8
30
-64
-44
-43
-40
51
-11
26
-9
50
32
-47
-1
-44
0
70
-14
-10
-156
35
-84
-59
-6
-53
130
45
52
1
-29
42
6
1
26
-36
2
-69
-20
-48
-27
17
-1
-87
-13
-59
44
-36
-30
34
116
14
66
12
15
69
62
87
15
28
-7
85
-35
11
-45
1
7
-49
-72
-46
-87
59
24
18
-28
-6
-16
6
-68
38
-23
60
-12
-14
1
-74
46
19
-8
0
-18
-29
19
18
-11
-20
-35
-89
32
34
-61
88
44
67
41
2
6
68
-24
30
81
-57
-37
-6
-58
26
86
73
-44
79
-68
-38
13
24
-77
-96
-28
61
93
-29
56
-67
42
-47
54
-12
22
-26
-22
-101
-36
72
-46
7
6
5
61
-5
-9
-3
-63
38
-36
47
-99
67
83
106
-31
-40
17
-51
-14
-24
-4
82
-62
75
45
-53
-57
59
-30
32
82
56
1
25
-7
58
-97
14
36
-18
-50
27
28
-80
-1
53
-52
-45
38
2
118
-114
74
25
40
3
-10
-113
28
-10
3
61
-27
-53
-39
-92
-56
-57
-11
-39
-110
-51
-14
53
-10
7
-33
-13
0
-36
1
70
-15
-38
-32
-78
7
32
-15
-53
-88
45
-37
59
-18
-51
106
22
-26
-74
29
-6
40
-29
15
49
28
50
34
98
-46
-41
1
-57
4
132
-13
-16
7
-24
-1
-49
-37
-111
-23
-46
125
52
52
8
-28
-54
108
8
-7
70
3
-122
6
-65
49
59
-30
21
-21
-34
29
62
20
-59
73
-14
6
-35
41
40
17
57
39
57
-58
14
-3
-35
33
70
-68
-79
-26
32
43
9
-34
-30
50
-30
-4
55
-13
76
-69
-10
-30
29
72
11
-31
-60
56
-88
62
76
-32
-1
-52
4
-73
-2
-26
41
72
28
20
-43
-32
60
22
-17
-13
75
-136
16
72
-13
-34
134
-67
-42
-17
-54
-32
-3
16
-8
2
-74
69
-21
-61
58
-46
18
-14
26
-12
45
39
10
-2
18
67
-27
-105
-16
26
10
12
16
-34
62
25
-19
45
62
-83
136
55
41
-12
-18
-2
35
-2
40
-19
24
11
-39
-44
-38
3
20
21
5
16
63
29
-33
16
-49
54
49
-24
-104
-77
54
-2
54
7
103
-32
51
14
-26
-78
6
-4
-51
-86
-2
14
34
-33
-68
-1
57
30
141
-86
37
79
10
-25
38
97
95
-7
-110
-4
15
55
74
30
30
-8
-86
32
-15
119
-3
10
-107
-62
12
-19
-48
-1
-91
-40
4
45
48
33
-32
41
61
-21
69
48
-133
103
-36
15
46
30
-14
91
-20
-8
95
-35
32
71
5
-49
-20
-37
77
-25
6
-10
-9
-104
-22
47
55
-35
30
87
-2
-4
29
9
-14
-36
122
3
163
-49
-41
-34
-79
-81
2
59
-69
43
-51
34
98
-32
6
18
54
13
66
-23
61
25
22
22
