17 92 196
0 0
0 1
0 7
0 8
0 14
1 0
1 2
1 6
1 8
1 10
1 13
1 15
1 16
2 11
2 12
3 0
3 2
3 4
3 5
3 6
3 7
3 8
3 11
3 12
3 14
4 4
4 8
4 12
4 14
5 12
5 15
6 1
6 6
6 7
6 9
6 10
6 13
7 0
7 14
7 15
8 4
8 6
8 8
8 15
9 0
9 2
9 4
9 6
9 9
10 1
10 6
10 12
10 13
10 16
11 4
11 5
11 8
11 11
11 12
11 13
11 14
12 2
12 5
12 7
12 16
13 2
13 5
13 6
13 7
13 14
13 15
13 16
14 0
14 4
14 6
14 7
14 16
15 0
15 3
15 4
15 5
15 6
15 7
15 8
15 13
16 1
16 2
16 4
16 6
16 12
16 13
16 14
54
9
76
79
70
75
4
63
41
71
14
30
19
83
7
44
59
3
35
82
86
24
40
46
16
29
8
81
55
64
50
2
10
34
89
74
69
48
51
20
28
17
36
31
91
73
11
56
90
58
80
0
49
87
68
62
43
25
18
21
53
47
67
65
61
39
5
42
23
52
72
88
22
33
6
15
26
37
13
84
60
57
85
1
77
27
78
12
38
45
66
32
131
-443
-104
-52
-74
81
144
-260
177
38
198
173
103
95
3
-424
-553
-318
-116
-88
-142
-93
495
263
224
118
-246
70
-44
57
139
214
450
234
-68
214
162
130
120
98
-192
-189
115
-160
-25
32
-415
-128
-116
-115
-176
-256
262
-202
-253
215
-185
-183
-79
-102
174
271
152
-163
-218
-170
177
-74
133
-252
-51
-106
134
153
0
-120
78
-179
41
155
252
191
-214
81
179
-54
-101
-226
122
-208
-108
-99
12
-100
-109
-10
80
-261
-97
112
133
7
265
-301
92
-72
187
205
227
-146
67
445
166
-391
185
196
63
-98
255
-114
-380
273
-79
-447
-7
20
-70
-252
-32
284
-217
32
-118
-103
-15
310
-20
83
-101
-94
209
-9
48
-10
-187
147
-467
-350
390
-166
133
-190
-139
-12
-308
-283
-249
29
25
-116
-207
448
-26
-91
-46
104
254
-89
-154
-351
-147
433
-290
282
29
86
249
116
32
-188
226
84
-50
-116
292
137
-237
256
22
130
-100
41
50
-228
213
59
-100
338
20
-25
-187
-175
-157
76
238
20
25
-58
-19
60
78
-266
86
-327
226
-317
33
353
-312
-92
345
-282
-462
-427
110
-108
-420
-79
-41
-111
193
-61
-90
412
-78
-192
1
-335
-201
56
318
-181
217
137
-72
177
-17
-161
45
-142
119
-367
-25
133
35
-250
279
-223
-174
-86
-56
-51
236
133
-240
-112
-123
24
132
-178
-268
47
-152
79
53
-7
2
281
-260
91
113
69
133
-220
344
69
61
-171
-79
-108
-34
91
70
363
29
59
-75
-127
108
198
297
295
-173
-19
-139
200
28
-90
12
520
54
89
-237
-138
291
12
436
154
25
-22
242
-188
-187
-293
-14
-400
430
-4
-19
12
52
317
139
112
-156
-325
86
-64
173
10
-4
-282
-84
180
175
167
390
204
230
-132
142
-181
300
107
33
-167
-114
117
153
244
-19
83
-22
-300
176
180
313
-138
187
-422
70
-132
129
-218
-250
-69
-361
161
-183
-72
74
-35
75
-15
524
474
-127
70
2
50
-74
-238
248
-447
126
181
-459
6
14
-269
-356
-118
96
66
46
-21
106
40
-219
-289
73
95
45
-125
109
-108
80
150
-228
171
77
-339
-57
-103
-15
14
-82
-437
31
171
-29
-135
-138
-3
-107
2
-76
361
-137
-282
207
6
-230
318
-191
61
19
304
-285
85
14
-26
403
-145
282
-64
416
-27
136
212
24
-76
-111
-144
-109
444
103
-281
-216
79
-62
-98
-162
-163
91
137
123
79
155
-258
32
-289
9
-113
-279
374
-241
-186
-19
285
-172
82
-75
271
-27
243
269
8
-30
139
7
67
-231
-134
62
-163
254
31
220
349
62
-98
57
48
-69
-86
43
383
-204
-217
-461
-281
-157
69
-68
172
212
28
-96
5
-297
32
-226
12
161
264
94
-217
-165
12
-144
66
-245
-195
100
18
28
-428
-109
-65
-196
120
359
78
-120
-39
100
98
-244
-78
4
-166
-69
247
148
334
25
2
43
428
148
-465
-166
55
15
179
-202
-151
177
41
-112
-414
127
-52
5
-341
28
-161
-124
467
-106
-144
229
348
-119
-297
-162
28
136
22
-9
-84
274
-109
250
118
366
-155
95
19
-241
90
-117
-150
-356
-28
172
-135
225
-186
-195
213
-83
121
203
-15
-144
240
-144
49
-174
110
278
234
-151
96
337
-8
-84
-404
-101
52
374
-357
-339
445
-127
-27
-342
155
98
257
-40
207
-274
-361
73
0
-281
-319
-239
267
74
-207
266
-124
-194
296
-95
-374
82
199
-44
383
102
-53
-98
-73
255
-75
107
-130
198
-18
-26
186
178
53
-207
94
222
-103
-86
-32
-233
249
56
-123
57
-219
467
-7
-155
-259
-181
-4
248
89
-318
198
338
458
-29
307
-15
169
-178
108
-352
72
-231
-208
32
-145
351
-77
-163
-9
203
123
-265
-204
1
85
-45
-331
-344
424
-156
55
151
224
-154
14
-134
-251
69
-143
-328
-270
-169
143
-222
231
-185
-243
71
-165
-174
-58
-378
223
138
43
-68
-147
-223
121
-268
-162
-72
189
146
8
305
79
-136
147
342
-267
-72
-14
-75
-78
120
-20
-215
-159
-262
35
-68
-213
193
62
360
126
111
83
-75
304
275
291
64
-138
-188
76
-34
352
-173
-12
231
-6
324
227
17
96
-257
-95
-112
419
-414
-222
-511
74
-17
16
141
-88
161
122
123
390
-334
-86
-157
60
24
-13
276
-270
97
-1
177
40
109
13
-83
224
194
199
108
30
354
-168
195
255
73
-106
-32
216
-293
97
443
-275
7
150
11
325
-146
17
-55
207
-256
-155
-101
2
175
143
-304
-317
46
-96
-103
-187
276
-71
129
-238
-7
236
-61
-146
-318
201
249
-15
131
64
260
91
-104
-20
-188
-390
-54
113
-112
160
101
-129
-329
-368
48
-7
-419
193
-307
87
-176
20
-200
-322
250
-137
-4
-433
164
107
-292
281
272
44
-64
54
98
336
-178
-40
-16
276
-34
198
-256
221
17
440
91
-227
145
34
-304
141
169
-176
127
126
-153
289
-340
-283
-81
-232
251
143
87
271
73
333
-134
22
-21
252
-498
-235
105
-10
-338
76
158
87
171
104
-36
-210
-140
-51
193
-145
266
-186
159
226
205
4
286
-145
-248
147
-8
66
175
-42
29
172
-41
106
-19
-17
340
27
-237
-97
-246
-331
-418
-73
-43
144
-155
227
59
-51
252
-46
186
-167
49
-115
-117
-136
102
-137
78
247
135
51
-61
-158
-107
210
-76
158
-222
-87
89
156
-115
313
-200
120
-23
52
121
84
-33
-399
-48
-205
335
-78
52
139
-227
-89
-18
-59
288
-137
192
-120
8
233
-643
-298
218
-301
146
-408
-31
147
4
-136
-315
-57
154
440
-160
219
-141
-183
427
-241
323
-104
166
192
-97
254
-34
71
-172
-6
-232
73
111
-253
-449
-120
-54
-225
434
-245
-5
196
-100
93
180
-168
-2
39
-163
62
-81
-120
25
160
104
124
94
453
240
118
129
-155
44
-102
-23
48
22
-142
-98
-336
381
119
-302
-98
-69
-161
43
-138
301
268
-309
-150
-136
-152
236
-11
-374
149
82
87
258
-253
-134
130
269
381
144
-82
359
76
238
-53
66
276
-14
-271
156
-428
-163
-133
405
126
121
-90
114
28
35
-41
-482
93
51
24
-246
-8
96
-166
170
-159
-54
-306
38
-138
-137
370
125
-72
-84
49
249
85
-58
75
448
251
309
-236
365
323
165
499
393
-364
-19
315
-221
226
-48
-297
-5
381
-147
475
45
144
43
102
-28
-18
-118
-390
-58
8
197
110
250
196
-14
-54
38
-217
82
-383
-199
-327
-92
-183
105
-237
-214
-260
118
-65
150
30
-141
202
80
161
-241
332
106
-234
-268
-165
87
-224
161
-213
48
-54
-70
-50
71
-92
-278
66
-215
238
63
-164
-239
-236
158
-45
164
38
169
257
-202
-193
344
221
173
-69
-419
-229
-429
64
105
22
-6
96
-219
400
253
266
-97
-362
-39
433
-18
-76
-338
-113
254
190
119
72
401
-55
108
-236
133
-172
98
-290
-177
18
-451
-234
-143
-127
-230
-132
-86
-231
200
11
71
82
4
273
53
119
-141
91
-260
257
9
-98
108
274
-32
-386
-32
516
167
293
52
-90
-81
-68
5
137
143
-86
40
-212
-101
-418
-39
-336
-317
10
-169
-125
-183
-420
82
-335
-139
151
48
495
-302
65
210
382
2
202
225
184
37
83
-153
122
-76
-43
-79
44
-89
-168
-211
110
-147
-117
-310
-182
-247
-50
6
-67
-43
-71
-58
113
256
48
292
249
382
310
-124
-495
-163
100
135
-169
48
0
71
-30
-229
-58
-273
-109
-218
-204
-180
-132
116
264
64
-200
201
-418
-12
116
281
205
-85
-237
-149
-79
355
-18
-255
-101
-41
344
-3
103
-86
-339
34
-19
-95
450
289
-144
-189
18
37
45
157
63
-204
3
-142
154
-246
121
-12
169
62
-78
395
60
24
-111
-151
-408
258
254
-191
-229
-352
159
-302
447
-308
-240
357
-145
-122
242
-141
143
293
140
70
427
221
97
-31
177
211
-125
-129
-206
93
44
-214
337
47
-132
197
11
64
-236
-15
-205
219
-84
236
-138
196
332
202
197
-215
-272
283
308
47
14
112
-158
-343
-28
-138
342
-32
-143
-232
-3
-223
-5
131
56
192
-44
89
-165
130
197
-136
-25
344
-204
44
-105
220
-133
35
78
178
-161
311
-369
102
27
-85
281
-51
165
140
-20
120
46
112
-505
-24
-159
271
33
-167
301
350
-166
-348
304
149
61
206
182
-356
374
-21
-216
-59
55
-574
-156
15
171
43
-602
-22
-66
181
161
191
63
-244
-136
-228
-258
266
67
81
199
44
-67
177
-64
-39
303
-176
-310
154
-90
30
-74
-196
-29
448
-319
148
-131
90
43
147
321
-49
41
31
-30
7
409
-114
54
-82
504
-81
-137
226
265
89
-38
-48
366
-87
89
235
-267
160
-149
-43
138
12
164
115
-14
247
-119
-269
41
48
95
402
39
-28
-58
13
-217
547
-107
132
44
438
131
-95
-147
-138
45
394
-45
73
95
-202
340
-60
-208
-140
-56
-42
114
-290
-155
-301
76
-6
138
91
-375
71
-265
28
-100
-112
-306
399
74
-94
147
-205
304
-55
361
-246
71
125
-76
85
-368
206
140
109
-54
-73
269
257
118
87
-7
8
-55
95
61
-200
198
-83
88
28
275
-124
-117
110
-40
-212
277
94
111
-365
-271
160
257
512
-84
193
-334
-144
420
-251
538
8
296
21
49
34
49
-5
69
50
-19
-54
-153
342
116
-119
-1
229
196
86
319
-181
209
-127
268
-103
262
-34
185
15
40
-112
-311
100
185
45
-152
-169
-79
-198
-116
-324
-141
-62
340
-121
18
36
22
-31
-404
388
170
149
41
107
-109
120
-170
331
99
32
-9
-3
-26
-72
76
76
-175
125
291
180
-52
13
24
160
139
-3
93
-17
108
361
83
-60
-283
271
106
19
-131
169
189
168
-43
-218
-91
-209
-191
-24
-61
21
173
53
-81
80
313
-88
-109
299
-4
-187
-339
-185
337
143
41
136
59
277
-151
-124
20
71
-187
-156
-386
66
470
-132
-90
215
-83
-95
253
-214
71
-5
-189
-44
27
1
65
70
76
123
-21
103
-472
-342
232
95
36
27
-376
179
65
15
214
-207
-143
197
203
155
117
304
-28
-5
-32
87
-255
-4
-287
254
208
154
123
331
121
-255
-82
390
-37
192
-185
271
-90
-373
37
-332
70
73
282
-231
-105
29
233
158
155
-34
-32
-112
-93
-191
-154
65
-227
-70
-47
244
-34
-15
-322
-28
-68
-2
19
-61
11
88
-14
185
126
239
66
-310
-231
40
-343
38
157
110
74
-67
-231
185
-320
123
333
-213
189
77
-429
-265
-5
286
-7
-136
-282
-261
-120
-168
167
-141
202
228
-135
-1
166
-192
69
333
82
-326
-137
-61
127
-76
-177
-75
-47
-420
-444
40
-63
16
98
88
92
-93
185
166
102
102
-176
-60
-115
199
-171
98
-263
238
40
273
-93
-31
-147
84
-105
-45
-1
242
100
-152
-27
-37
-105
-116
206
-146
455
-8
92
-208
55
105
116
-25
-80
345
156
-72
13
115
-57
136
287
-210
137
-95
-208
-180
-260
160
-135
184
66
232
46
-29
-34
271
14
299
-343
-85
-43
188
-134
24
-3
141
-174
-496
59
51
18
-14
-143
117
18
5
120
-408
-154
4
399
-182
143
-217
-102
-327
311
-200
-86
132
-152
136
-173
-316
233
-226
-158
-23
401
-15
167
-29
-136
-312
-293
290
66
-4
-114
-10
-148
158
171
-11
-20
-104
126
28
-490
20
106
-183
-8
423
-44
10
-146
-257
198
353
-16
198
55
177
-65
-62
-132
115
107
-127
-82
147
-21
-137
-25
-223
138
18
-152
-83
-16
-124
-173
-164
-206
-179
-224
-70
66
69
7
-70
-137
83
104
-284
123
9
-59
12
-17
377
331
201
14
288
-56
220
-165
-173
-200
86
125
-9
36
-59
173
244
190
-36
-328
-152
-108
-241
409
144
120
-66
-47
13
-354
7
-268
-10
-26
-155
-113
-252
77
-27
308
-172
-10
-34
403
142
-8
-377
-55
111
-176
-77
-199
-43
-65
-58
-372
-13
-137
36
-125
189
88
380
-37
15
-75
-221
99
-233
136
-115
-11
420
-80
-286
337
-35
181
-59
156
-98
92
239
-483
-120
-68
-4
-183
-179
286
153
-45
116
-154
136
-113
-258
161
-202
-81
-206
-17
-84
-46
159
27
61
122
305
-27
32
-18
-220
-147
-274
135
-341
-5
-222
-210
34
215
23
-139
95
-185
-113
51
-54
-65
215
-137
-14
-177
-186
-17
-24
-206
81
-364
169
12
18
160
-311
-238
-283
-124
8
-76
-5
-392
-225
-47
177
-226
301
262
-212
141
138
243
318
168
157
113
-122
-46
-86
51
306
-83
31
3
62
392
59
-62
66
-192
-340
91
101
212
-45
299
-21
346
-83
6
93
-294
-50
-166
-129
-301
-53
-214
235
190
356
82
-107
-200
-148
213
-186
206
-39
-105
-82
267
-210
-82
-170
27
-49
8
395
-86
66
-181
153
208
-59
138
-40
94
628
27
-125
71
-111
38
-255
-320
-1
-194
11
-151
-72
120
462
183
-496
-260
-361
130
-109
111
-189
-37
-197
100
243
196
37
128
73
387
148
-208
349
-222
-276
-37
-438
-25
-64
188
365
210
-517
-25
-303
72
216
33
-577
-125
43
-241
225
64
-123
-166
11
-333
102
166
-433
-230
270
108
268
59
37
-69
-242
506
-190
-312
-62
-14
114
-128
-94
100
375
153
76
276
-158
98
91
143
-133
-54
-131
-111
141
-2
-139
-511
90
231
241
125
256
-344
144
13
-150
238
285
-165
-7
216
278
-327
1
112
-128
136
-176
90
-70
112
97
-230
-162
-194
-63
153
-369
53
15
-135
-203
61
129
-31
24
-227
208
-47
-325
-184
164
-186
-153
205
171
-77
66
-47
-136
-142
-156
-47
-436
-108
232
202
-270
-52
-406
-462
-6
-640
435
385
-178
283
-239
-261
-102
502
66
223
-49
-158
229
-48
-114
-128
-105
71
-117
61
68
57
-282
-258
289
-413
16
-54
106
-13
-291
-495
151
-149
207
-108
-23
47
28
126
193
277
-359
-189
-70
-158
9
-18
273
-172
-38
126
51
-169
-75
246
78
-74
-29
158
52
-265
211
-18
-113
253
0
40
56
-145
68
-228
6
-268
23
303
325
-53
-37
-111
-45
-332
99
59
34
148
88
-208
48
86
-42
-306
32
52
294
120
313
98
73
-45
-414
-337
-32
247
-190
0
48
329
115
91
315
-52
-192
283
-50
183
-152
148
25
-117
-155
312
26
-265
102
-135
-223
153
148
-77
-69
78
-462
39
98
-288
51
-91
132
-290
121
231
-30
-252
22
42
19
27
321
181
134
69
314
151
-57
195
265
476
-311
99
-77
-123
-62
61
-78
20
168
253
204
20
32
140
131
-22
-718
-58
-38
302
33
75
-81
359
64
42
-46
144
-123
77
56
196
-106
205
-240
-73
-156
-141
26
27
92
-42
281
-132
47
156
63
-112
117
164
167
35
-207
88
-215
-81
-107
286
116
-34
-20
252
287
-238
255
350
177
62
331
24
220
128
18
-3
-23
340
-229
45
168
76
234
-407
-63
151
237
59
-163
12
225
300
42
92
-145
127
-406
62
120
-119
221
-125
-41
413
381
32
106
257
90
-80
115
205
-151
-131
-145
47
-298
-220
-250
405
-77
149
-244
296
483
79
-113
-68
-297
-84
137
-24
-114
-309
355
132
-237
140
252
247
-123
255
-245
-191
-73
115
-186
-63
-275
-53
194
-208
-153
-63
-66
-17
-330
-50
245
-31
-77
-70
-109
-78
103
293
-171
-34
-206
3
58
-70
478
-22
50
-111
-122
19
172
215
-183
-170
-37
288
-178
48
-277
61
48
-132
-107
-100
11
-177
-284
138
354
-310
59
87
130
-258
37
-199
114
-456
-160
105
-226
-91
304
-163
-13
-53
-67
-261
-60
-61
255
338
-113
-2
-134
-120
70
1
-299
-288
-298
55
-156
-39
-270
155
44
281
83
-22
-153
191
-187
-55
51
49
1
42
140
-82
-109
547
-181
333
46
-32
-432
357
-115
-124
-228
121
260
322
-68
8
143
-488
80
57
109
-97
311
-215
127
-110
291
-409
200
150
-80
-219
103
188
307
318
-40
185
-354
-409
405
123
292
-15
-164
308
-212
-310
27
-273
-266
-31
-39
0
-139
104
35
-74
-25
151
130
9
-214
-137
-69
21
196
-115
-119
197
340
594
227
50
86
60
-18
159
37
-145
119
-12
20
-51
22
-419
-295
-217
-138
302
282
-88
-34
40
-40
1
-97
3
-4
-7
183
-24
110
42
-63
293
66
157
-167
-42
-72
53
-58
-129
-347
111
-2
-251
150
-168
15
175
-143
-422
7
48
-292
182
41
123
310
-211
-327
-301
88
110
-212
96
112
-152
-394
7
217
-71
-101
154
-144
121
94
288
-87
220
2
-14
-270
-247
592
103
342
-181
-146
35
-189
270
-447
-80
122
103
6
125
254
265
-342
32
-223
366
-167
47
-96
228
435
146
-115
-7
94
-186
94
161
-138
-229
-314
-44
-27
-363
-284
-215
192
-132
-231
30
13
-258
-1
264
-90
-90
-113
148
307
382
-84
16
-263
197
-49
495
74
124
166
7
-53
110
214
-138
-99
183
80
249
116
206
-117
-10
-13
-4
24
-360
-89
-222
-25
-24
320
-150
59
140
-196
-193
-207
-126
-37
-183
-254
-209
5
-161
241
-118
276
-156
124
305
-140
-103
50
280
358
-222
-48
189
-2
309
111
-174
315
31
-56
-217
111
82
107
-21
-28
309
-260
-67
-23
134
83
-132
-92
332
229
567
-15
-307
-61
371
-181
301
17
-68
-359
-47
-123
243
-336
-117
-144
-226
-155
71
-128
150
288
119
-312
-51
18
-267
-100
274
197
76
54
-44
-29
-239
23
67
183
197
115
-194
-265
-165
102
12
-153
89
70
-200
-107
-64
-22
407
-417
-73
215
131
78
-148
25
161
0
-4
-32
-131
-28
162
107
-110
130
-57
27
-42
285
-86
-26
233
-272
-182
197
206
-64
17
41
21
285
-143
211
53
304
515
30
-27
210
-322
123
112
-168
29
145
-13
154
159
104
39
94
263
303
-285
-190
63
146
-5
197
-37
-18
-222
48
214
-1
134
122
52
-100
-12
-301
-222
78
-103
302
420
29
67
247
-108
74
-58
-72
-166
-385
-19
-82
247
198
-81
154
15
-177
58
-268
-443
-69
-222
63
126
146
223
-144
-306
-124
-275
371
-179
-18
-33
-126
167
-47
-121
-388
-155
116
64
-112
79
43
-124
-349
258
-16
207
-33
-28
-388
162
-47
-247
-92
128
80
-82
342
-88
271
-259
-125
-86
-346
-152
117
29
-105
-131
12
-196
-249
-121
59
5
-68
-26
-180
-545
18
-196
255
23
-215
390
36
-36
16
-189
-182
-41
80
49
201
-200
137
307
-155
-85
200
-123
82
12
118
-118
64
405
-310
-471
-28
50
-165
-1
-18
36
-30
-69
-69
70
-60
-146
-135
34
10
-161
147
-207
-112
215
-43
-287
135
38
130
-231
165
-111
75
-8
124
200
-7
32
-177
-72
298
286
-141
-163
-334
-104
73
-74
-150
117
32
-177
-40
169
42
-76
-25
146
356
37
49
130
7
210
62
-149
220
-474
-202
120
106
-42
-52
-230
-105
-20
65
89
-101
35
-45
49
-100
-53
-310
82
161
88
160
-435
162
-32
48
284
-146
-59
-198
1
153
234
-52
180
-42
-300
32
5
-268
-166
-55
-109
-33
450
55
43
-53
-435
-240
68
199
421
-168
-39
-64
20
183
-5
-99
-38
-122
56
-162
-160
124
-195
80
-85
37
-64
8
-188
-178
-17
-156
37
-28
-162
-757
-76
-14
49
110
16
-125
-131
94
-101
175
51
-339
42
256
-210
260
-330
-89
-147
29
47
61
-210
161
35
-85
-189
-52
-451
94
-238
256
-389
353
-277
-147
-453
-158
-165
90
92
-345
-365
-64
-52
193
42
-3
230
14
256
-223
163
228
-226
244
64
185
-249
-91
-291
-191
-231
78
-192
-62
-89
343
132
83
-44
53
156
-313
-15
120
132
73
-137
-329
-556
27
587
38
-77
-398
-158
-11
-419
37
-145
78
428
331
383
-5
274
24
202
-229
100
-142
529
2
-178
353
203
-145
-156
31
255
171
-191
-533
212
-8
90
104
-392
29
-360
61
-568
59
-82
-215
201
17
-222
-299
411
-23
98
-237
-246
52
167
338
-161
-132
-166
83
257
-243
-362
33
267
258
-43
-111
-56
-32
-249
182
-156
-68
33
-137
-120
-286
-45
20
-180
141
-305
-32
-29
-235
-90
-4
2
-8
99
-129
-284
338
143
45
-61
200
221
52
70
84
23
-220
115
-403
56
-100
-47
92
-487
30
-176
-66
-255
-23
-68
31
-49
-173
79
-232
172
-249
47
-99
-15
78
301
-7
32
-16
-24
108
-3
-416
-122
-169
-180
419
-402
71
128
72
-432
-388
-348
-188
-27
-289
-203
27
118
-169
63
309
206
76
59
58
53
-246
-101
132
-92
-11
-56
-16
93
-57
-206
-156
-197
-108
-67
-193
-136
-87
1
-297
19
295
327
-265
99
102
-156
-385
85
343
248
120
171
-145
-28
163
-179
117
-232
-18
-70
158
-76
-40
-107
266
-24
23
225
-195
41
-158
221
-225
74
-31
-41
-13
-391
155
-111
375
451
149
-77
201
-62
234
-178
-96
15
-404
-69
105
-300
-174
-15
76
258
13
-113
-94
225
172
197
20
81
-61
163
59
282
-139
-162
137
-126
45
-108
94
16
-149
53
-51
-138
-99
-188
-183
-227
-5
-20
-65
9
215
-119
-200
134
130
-68
19
214
-52
-23
173
-178
156
124
53
191
-15
9
-96
-156
38
540
100
183
-169
-119
-6
-272
-104
-53
302
-21
74
62
-88
184
86
101
12
-428
-566
153
-355
-191
-195
335
-2
-54
117
137
-289
67
-152
-105
-112
-231
131
8
21
-1
-182
-386
234
228
-53
99
103
-267
-148
-223
173
151
19
-58
-38
-226
-42
179
108
111
417
443
-389
-267
-151
10
253
3
-14
-18
41
-119
120
-173
-234
-37
135
37
-30
355
50
-119
102
104
373
214
113
22
349
-174
280
116
-99
194
80
58
46
188
213
-209
-93
-28
4
175
361
141
-318
-213
-54
-110
34
-182
84
72
220
-196
147
131
200
248
8
273
-31
162
-118
-130
-27
-94
464
-64
-115
-161
-93
-150
57
60
200
-114
-187
-335
316
-383
-135
-239
-136
88
-229
-129
10
-167
71
-152
197
292
24
-170
-59
1
236
-73
-53
344
119
-125
96
43
-141
48
66
257
122
-60
-173
-326
-491
-61
190
-90
-84
-145
-259
-427
136
256
270
-22
151
161
72
200
151
125
-116
-402
-122
-238
165
-130
161
-169
112
-169
128
-335
94
-224
133
49
-432
-529
143
338
120
-233
-84
196
-191
-160
-7
114
-82
376
48
174
166
-201
95
-119
-38
306
-75
137
219
-36
68
-127
-139
101
92
-499
-61
175
135
158
-21
-233
218
198
125
104
-211
-384
-241
-45
95
22
-44
-136
-411
-295
168
188
69
280
-107
-48
90
11
-376
-491
-105
194
2
85
269
-148
125
147
251
-170
199
-50
-148
150
-451
-241
75
146
-102
-134
104
-14
118
88
215
-73
47
-12
-102
272
28
75
150
-138
-22
-144
-132
-211
239
95
179
-102
-59
-184
-129
-56
-84
208
182
164
-75
124
-352
327
295
-181
70
105
-188
392
285
150
147
-112
-56
-90
-39
349
-28
-33
30
-210
-35
-21
293
248
165
204
56
107
-225
172
-70
122
226
-167
94
-161
-13
-195
197
217
-213
-573
78
94
323
55
77
-128
-8
-339
285
-185
-62
-135
-230
314
-48
-92
24
-490
-218
-94
201
434
-10
-102
-262
600
-51
146
123
309
42
150
-297
250
220
-68
-42
45
-295
-66
127
58
-294
409
3
258
131
-63
-408
-464
42
26
45
124
-143
-81
-74
-44
74
58
241
-64
126
-284
94
-7
26
-276
-45
-244
93
-149
90
-155
-14
-149
-160
-181
-8
313
-150
-345
-186
-53
69
24
-155
-263
-12
3
16
-32
380
140
5
42
187
182
35
282
88
241
19
185
-179
-104
-177
335
-1
86
87
92
-122
-8
52
14
136
-12
-23
24
-65
431
58
-220
-81
98
186
-23
31
-237
67
302
-8
-545
402
-163
-18
-288
287
69
-173
151
276
81
25
-31
58
-177
163
265
46
-127
-670
-121
-165
119
-128
67
-92
37
171
-84
-355
-187
-97
154
62
102
-87
168
-65
11
126
-20
154
60
-77
-191
16
190
157
17
84
-334
-115
301
137
59
41
-154
137
136
256
-74
23
50
199
453
-40
-24
71
-200
196
-164
46
83
-172
-70
-158
203
8
-155
-9
-141
-249
-35
128
362
129
-98
-92
-184
-256
310
198
-388
-43
-141
-437
233
42
256
88
-160
-457
96
144
-91
171
-297
-46
15
210
-21
185
184
-22
23
255
107
299
-14
-63
-180
-262
324
-306
180
191
43
53
-38
-20
-196
-174
96
156
-23
-126
-385
169
182
-211
149
515
-152
25
-97
-13
2
102
180
86
-325
117
149
322
-86
-195
207
59
104
28
-70
78
50
298
-71
-11
-68
251
118
174
-9
-313
-394
2
-95
-39
191
-137
222
-98
98
129
-1
-17
-285
-152
-35
69
31
-129
224
-101
72
168
115
-20
-94
-86
-167
63
-331
-445
-364
-10
272
68
-76
173
-143
-260
-319
-166
-109
-92
215
60
-243
156
139
74
77
420
-201
-113
176
16
-352
473
-22
-73
-40
-294
-165
251
215
289
21
220
-91
-30
-226
82
-119
-120
10
-14
32
245
129
-171
71
67
255
23
-301
156
-183
102
-63
11
213
209
-126
-298
66
98
-338
62
-156
101
51
-160
66
-180
-230
261
339
238
-104
-423
-196
156
-184
-280
246
379
30
21
-124
-131
-325
121
185
-137
44
-43
183
286
172
1
32
-38
8
145
165
-8
83
60
21
249
121
30
-294
-196
90
281
-214
5
-264
65
-1
240
-135
131
126
-101
26
-39
362
211
-3
-145
-52
-10
-156
42
-320
159
99
96
390
-108
41
-4
-182
-153
215
-292
65
-42
63
11
-101
-86
-217
244
-57
-226
-105
191
115
141
-271
447
40
-159
-279
-89
-42
-278
81
-178
-163
204
260
-139
-131
398
6
-103
-316
208
214
133
179
107
51
63
-89
295
228
-31
-455
-190
-197
-65
259
-70
267
126
223
-145
-73
-294
357
-52
-186
-18
249
-456
107
-61
273
-292
123
136
296
65
-271
171
-305
120
421
191
61
58
-268
12
-69
-123
-190
-270
-65
-169
-17
-148
-117
-103
123
-332
0
125
-84
-30
-201
142
31
11
-410
162
185
-137
-63
243
-120
-264
78
237
-62
174
-261
-47
59
544
147
192
88
-23
465
169
70
113
15
642
-49
-17
78
90
-35
325
50
-288
-187
58
112
-269
61
-104
-134
21
213
143
-54
-268
-73
213
612
-332
132
-151
-275
46
393
-401
7
83
-132
75
80
261
-102
107
37
-94
152
43
14
-282
197
25
-14
54
-187
-391
-163
-235
14
3
-11
247
110
-112
220
-153
-72
-487
-182
164
141
137
-210
148
133
-311
81
318
-24
-114
70
87
-579
92
-180
-17
-177
48
72
-122
-139
143
113
-16
278
-14
258
-196
412
-3
-229
-132
-201
57
154
185
64
231
-163
-68
199
120
430
-472
-377
-38
-174
71
12
423
-16
-55
40
-113
397
322
130
-405
-81
-260
-288
-65
101
-135
99
2
76
293
-82
-218
50
290
121
-5
32
-120
312
-15
12
88
340
258
-381
-221
0
175
32
-94
-112
74
-179
-395
-275
-338
122
79
-146
142
-68
-106
194
134
-226
-127
132
25
-155
-1
-335
-117
-35
-97
107
-23
118
117
-164
98
49
-440
121
-205
-3
-444
-51
-132
368
309
27
68
137
69
-297
131
-70
-41
-178
321
-64
-141
205
-131
213
-3
62
-239
-61
501
-222
51
-127
-102
71
-12
-391
89
260
-53
-19
154
-47
252
-10
-41
-478
186
-6
27
372
315
-1
225
-30
133
137
-522
66
98
-386
228
-270
121
-283
-54
302
103
-1
-89
-264
146
49
-228
130
132
-66
210
-177
-528
222
84
175
324
-43
-233
39
-16
9
92
-68
-161
93
97
304
29
76
135
96
93
29
-206
-71
-219
-182
-416
-127
-14
-87
-106
32
72
11
-295
190
-88
46
223
-72
-23
9
321
157
-33
246
105
48
-30
-164
324
447
121
315
-135
-5
3
40
-289
424
286
23
426
210
-26
-286
-57
247
-45
78
277
-246
28
300
133
-280
125
-6
213
36
13
98
-31
-41
8
173
6
-190
-221
31
145
-73
-198
86
352
-261
-13
-93
-172
-52
-113
175
129
16
-115
78
134
-287
-51
42
323
211
189
-9
-148
-110
187
4
-181
227
139
182
71
35
36
414
443
111
433
-382
-206
-145
-133
67
-110
482
-109
121
-284
-227
-42
-243
310
105
231
-108
45
-504
-155
-232
3
105
-6
-150
72
-195
214
-11
-361
161
77
8
96
19
-7
117
546
169
-101
-88
188
66
-1
128
-295
291
66
357
-46
261
53
-208
77
185
-251
45
-423
35
-198
-297
-31
65
247
-346
-77
-81
272
97
274
153
346
72
170
50
-154
161
-13
98
212
26
-237
-40
-241
-235
124
-128
-349
141
77
-127
101
21
-165
-118
-74
278
-118
-101
-152
101
85
-49
227
-150
349
204
106
-95
291
-2
164
-178
-182
-137
-91
28
132
24
-281
-182
425
484
-175
94
184
-96
-16
-79
-183
-95
112
-289
386
-183
-195
58
117
-189
56
-266
-164
-109
-196
257
54
17
233
9
-223
-34
157
-173
117
162
-296
28
-25
185
-174
120
258
39
42
-165
12
145
-18
-280
31
291
-204
287
102
-147
345
-226
275
-156
110
21
150
1
-122
38
-99
-189
-45
-86
-470
107
236
-181
94
-91
-242
-7
-76
-217
345
35
151
-27
-23
77
87
34
206
-313
-176
191
29
193
-238
-155
-45
209
-170
-43
-170
3
92
281
138
-149
-116
-77
-87
49
-131
88
8
63
167
231
216
-142
-1
143
109
-46
157
221
-255
110
-141
99
-228
231
-91
-14
-75
-145
135
98
-150
124
-411
259
141
-113
-132
-101
259
271
-193
369
45
-303
298
301
162
-180
-258
-132
102
264
55
325
-197
308
223
-87
243
-216
-138
-298
-76
-129
-97
140
-37
-193
51
-376
-267
118
170
111
210
-232
-157
-352
-30
41
-250
-30
138
32
-130
289
20
161
75
-313
140
-143
-248
39
17
-34
116
171
-115
-162
23
-374
200
-105
-213
165
157
-10
-154
-25
95
-5
55
-94
-74
-224
84
-102
-63
23
-369
-135
109
358
189
7
211
254
-176
-50
-119
23
-201
270
199
-78
-308
114
-81
-78
0
114
-89
-125
-139
-59
-293
-43
152
56
32
-78
233
-82
-336
509
79
-334
-219
117
45
22
35
-354
-90
-112
263
-144
355
-281
-52
-124
54
-55
25
403
-97
-84
-173
-217
-166
-114
146
89
-85
-13
-206
-1
81
261
125
123
-2
-81
65
264
186
-196
-250
-318
188
349
63
-60
-108
-127
205
172
97
99
99
-79
-164
108
34
37
-376
-119
-38
-49
-558
-68
10
80
80
-45
-270
-192
-355
-57
-92
-144
-177
59
-64
-138
234
-78
228
12
-332
-59
9
5
-78
328
143
117
-29
139
-57
-10
22
173
72
-306
-251
245
82
11
336
128
115
7
-109
47
56
92
181
-110
35
33
-4
-21
4
544
384
87
494
3
-194
413
-125
208
91
2
413
39
-90
-60
172
-87
6
299
442
261
141
59
-85
92
120
142
78
46
-66
-494
185
-113
-226
337
-337
119
31
41
388
-243
-160
-148
-239
7
49
52
181
-209
-230
-40
-13
-63
115
79
136
-390
153
-250
144
39
23
112
125
251
46
-149
-484
38
112
81
268
-69
80
197
-295
-65
85
-8
13
-176
233
65
-123
-69
75
155
-117
52
33
181
-194
413
119
-160
-75
-187
-12
-71
-171
135
119
-49
31
-227
-238
224
94
-524
-186
195
71
96
223
54
-310
454
415
11
159
80
-256
-161
-89
139
101
354
-58
112
15
-119
-41
92
72
-117
-139
-148
329
355
86
-123
176
-199
-59
98
-376
25
-398
-2
-24
3
-212
-201
-186
-17
-267
-179
64
-633
2
130
-158
23
389
-201
-24
-1
49
-120
56
129
272
212
238
-139
-234
-112
-85
104
-39
428
-43
-6
-269
133
11
-37
-148
-108
-194
263
-14
-265
-301
98
154
-226
92
-213
-48
387
184
127
106
-186
230
488
-19
566
98
-183
189
-48
62
211
-131
131
237
4
1
74
107
5
43
-124
-108
-98
-211
-258
-203
-94
-14
212
152
-86
-6
359
18
-238
-27
93
191
-277
-140
109
79
-130
3
-247
28
-167
-195
156
241
-155
57
114
229
207
-69
150
-101
-5
-80
-487
223
-120
-179
13
115
27
153
-132
-169
-234
-162
-203
179
-391
416
6
353
-220
-209
-203
198
199
-165
6
246
-126
23
27
-92
-37
266
21
-44
389
-62
36
71
21
-65
100
-60
-31
-268
145
-157
-138
91
-116
-137
177
-86
164
171
308
-109
-297
129
462
-108
-191
217
-30
-520
183
-72
-179
116
55
-333
116
17
-158
221
4
-137
12
-157
123
-85
41
-93
-326
-36
-190
96
0
-151
-250
-348
-221
-66
-113
76
-29
57
-179
242
-167
39
198
-84
92
110
-31
565
-144
121
-132
-115
-350
256
124
76
-79
145
-144
203
-176
256
-25
150
67
81
-92
265
-272
121
160
-72
36
-208
290
-198
-142
-202
-56
270
238
-78
38
32
52
36
-202
-150
-176
27
331
22
137
40
-37
154
201
-177
-120
32
-331
6
-320
-222
252
-177
335
-77
77
106
-211
117
77
113
-228
31
50
-50
-41
254
319
11
105
-205
68
-53
-157
391
154
-7
-109
78
24
296
278
324
-134
40
176
153
231
-61
124
361
-63
372
73
122
413
0
38
-50
163
-148
-172
-214
-72
-308
-150
76
-178
-129
-77
-59
205
-469
-111
-186
-181
92
-122
-143
261
-102
-148
-98
-617
-108
95
-70
-21
-288
70
151
102
-236
-69
40
28
37
83
286
-126
-24
50
-188
234
419
193
123
41
-229
-24
292
-132
124
-32
56
204
-193
-202
43
-79
-387
-2
-203
92
65
-94
188
333
154
42
79
-198
-50
-397
16
-233
213
-191
-322
-44
42
-280
-266
-131
-237
295
59
116
169
-100
0
185
-343
-280
-16
-368
273
196
412
92
111
-189
191
49
-163
353
99
102
-40
18
251
-21
88
-97
84
282
-123
-131
-93
-310
-139
-138
-30
-9
-20
-50
-123
-122
-187
-73
-196
168
267
-84
138
302
-372
-114
-87
227
-106
-26
248
149
579
-94
-252
-308
167
13
-3
284
246
-4
64
111
83
-120
101
119
236
-121
222
-322
-162
73
-205
-321
216
-37
112
304
84
53
124
68
-226
44
-154
178
113
-49
111
43
136
-84
207
-59
-83
143
35
-152
144
336
-59
203
293
83
8
60
-70
-89
-336
-146
-175
223
171
14
50
-176
-321
138
275
158
-171
-30
180
106
-159
-305
-237
-61
-261
45
-35
-14
123
-195
-170
-67
137
236
-98
96
337
-214
-114
166
88
104
70
150
13
-70
-303
9
47
-55
328
-167
-41
278
232
78
429
-166
-250
53
134
-228
281
222
-197
-198
-205
28
103
64
39
7
-163
1
132
-137
-90
-52
50
-67
-126
-13
26
-225
161
5
-190
19
4
184
212
-151
81
-101
7
-181
-67
46
115
103
46
-204
-80
-73
-137
65
-181
144
243
-82
125
196
174
406
-324
-300
174
-232
-137
-327
156
-186
-48
-296
201
68
28
12
19
-108
-183
-412
91
58
88
173
-234
-218
-224
205
-257
224
42
-495
83
-217
414
43
100
-259
-291
-30
570
-140
59
-59
-243
249
-79
468
127
119
73
23
51
-21
81
-1
-98
39
371
-34
57
71
-340
-7
73
-12
-5
-21
219
-503
158
109
-41
231
210
-106
302
229
-2
-2
-252
108
-319
-45
-52
-45
-153
120
86
12
-111
-36
295
81
50
221
-382
105
144
212
-208
311
108
269
351
4
30
42
162
323
-12
-101
-161
-188
-142
166
-248
76
-34
-134
148
39
-171
-22
44
-202
-182
-305
89
-4
-264
380
-21
165
147
338
-96
-266
-69
212
-119
6
36
-143
-148
77
187
-333
-64
-186
-349
163
269
-287
-124
-252
-287
-254
190
268
-63
-151
181
-24
403
17
-278
412
316
-213
-146
-156
141
-31
88
26
30
-415
226
142
376
-337
-43
18
-180
194
-56
319
94
-110
-377
159
203
-30
252
98
-173
-54
-100
-58
223
-82
184
-68
-170
-6
27
177
-199
141
300
-12
-266
185
-85
55
3
72
-281
243
-140
30
-266
25
-97
153
180
-383
-174
226
-381
13
-101
-111
-27
-426
-80
-84
32
0
-17
-60
86
-152
25
168
-21
131
31
-57
267
-116
36
-69
139
-345
59
291
5
179
-121
-88
94
-347
-157
220
18
-289
31
-47
-10
-25
-125
-121
31
4
89
-29
22
100
124
-17
-36
0
360
166
81
187
-137
-151
-251
154
137
186
-62
-327
-13
72
-63
-264
-148
219
283
-10
-103
17
88
311
-234
360
-55
64
6
484
385
267
34
-130
30
-352
-94
-226
-100
161
181
-156
60
40
-65
-10
-212
-126
136
160
94
209
-76
37
-1
29
-211
67
129
139
71
-41
-159
-45
3
32
-68
-85
-199
-64
67
-56
127
37
120
269
-141
260
-121
158
-229
-324
-320
-259
105
-234
-19
119
13
-54
-221
-86
-79
239
-237
-370
-149
-273
-102
-168
154
-12
43
-100
-73
-210
-198
252
20
-173
-295
103
150
172
17
10
207
123
109
-134
-193
202
-182
-70
420
-224
242
0
-212
-141
-32
-36
-247
48
214
75
130
-56
-136
-11
114
103
-95
-243
-250
-222
74
59
259
64
111
-265
121
-108
-108
131
-140
-167
-100
115
-143
375
-1
19
41
61
219
-40
-713
-686
357
9
71
-88
156
246
-394
123
155
-90
-159
-100
-147
-363
-94
89
441
-284
131
-325
80
-117
78
0
24
-246
3
41
239
-154
-171
-183
-193
124
15
329
354
33
-336
-81
-146
470
-44
-116
81
-248
-216
282
-52
-316
174
262
178
31
162
-169
193
-477
32
-206
-291
-138
-12
448
185
-240
-18
-112
470
3
-225
-631
235
298
-42
149
152
-3
157
113
410
-187
78
-337
38
-140
79
-8
-100
181
-256
62
-32
-138
-93
-12
25
190
-2
153
-64
-55
294
270
275
-312
-373
-255
-147
-171
-169
-98
21
187
-186
418
-151
102
161
173
-141
230
18
-108
-76
198
-460
-11
-226
-96
152
-28
-227
-435
63
-69
33
208
37
-187
43
-151
-326
288
84
-48
-285
146
515
-26
16
273
411
180
55
-362
321
125
-22
-249
-159
29
-79
-154
-327
95
-119
282
-13
20
73
145
21
-142
-35
70
150
-75
81
-79
-133
-307
218
-114
-208
-75
345
-69
323
116
110
-308
234
-67
292
-242
67
-2
375
-254
113
112
-261
300
191
345
-267
252
-507
-84
25
94
-158
153
-16
51
386
-256
-59
-190
213
52
-67
70
-119
-149
216
150
-145
118
341
-169
-230
103
314
17
-161
-357
-233
-79
-81
-442
419
-199
-12
-342
-87
158
223
166
203
-49
75
-189
87
-279
-111
3
-216
42
166
135
229
-10
194
-230
228
144
-166
-205
149
68
-282
89
-72
-57
121
63
233
207
-233
53
-211
5
-156
214
-115
213
-163
-118
-166
263
-198
273
82
46
221
171
453
356
188
166
-152
-2
-107
21
-267
106
283
-91
-222
-95
-143
195
-430
222
307
137
30
-111
272
-348
78
525
-101
150
-211
-119
81
6
68
67
124
601
-133
21
170
235
219
-95
-127
55
-448
-222
40
336
62
105
-148
-120
282
255
48
46
-371
-344
92
465
-85
321
-150
10
31
4
-108
-222
105
-144
-173
-354
-141
306
-16
17
-172
-316
122
-583
67
47
-292
-249
-66
145
-116
211
18
-202
155
-108
19
-219
133
-89
-159
39
183
521
-181
153
-167
-165
147
-128
173
108
-30
57
261
200
236
71
-37
-86
-216
-112
-9
83
366
-90
83
105
53
-230
123
13
-5
-236
270
-18
-397
-306
200
-13
85
-131
-242
-246
-79
83
-192
-45
-89
88
-93
185
244
44
14
63
58
-42
-14
65
-95
-35
63
25
-209
190
120
9
-196
-79
-368
-252
272
33
1
276
-191
20
270
222
-96
347
306
-104
403
-122
14
302
-17
-120
270
98
165
167
79
119
205
-73
-2
-205
-230
-289
30
46
221
34
-5
-52
433
-45
282
238
-176
13
467
227
5
237
196
-262
-272
-189
-278
87
-11
44
-98
-215
171
118
-162
256
181
185
-83
-167
224
265
-74
41
330
132
-113
83
144
130
-107
42
358
-66
69
219
49
-357
-184
256
-426
69
75
94
96
-332
86
171
18
-15
87
-107
-39
-34
230
118
56
50
45
-242
191
-367
97
-324
-234
8
-70
321
-228
396
-57
335
-118
-292
192
-132
-227
-337
316
9
272
-25
-429
-72
-247
-159
317
169
-378
-18
239
72
104
-561
30
50
-178
-153
-9
-198
-398
-184
-64
-36
-76
73
148
311
-56
-261
285
-183
-10
91
-105
393
-181
-340
-189
-10
349
-54
72
187
43
-396
49
229
555
-132
327
-160
334
-173
-159
-137
266
-230
-214
250
-122
-82
-226
470
180
266
-22
229
43
-34
93
169
-54
272
-159
-47
97
-224
183
196
344
-48
-318
-238
4
-410
206
-45
-364
107
-220
-62
-94
-313
-271
-10
114
-74
28
-440
74
406
-154
4
439
299
-150
224
220
161
268
192
-345
-310
185
-98
28
-14
-616
-62
128
-243
-340
-16
-157
-1
-110
107
-106
103
-132
147
30
-245
62
92
67
-196
-156
7
-217
-465
91
-50
-80
189
-226
160
214
-168
-305
-49
-285
397
-60
43
92
40
-309
-215
390
-76
-156
-91
-9
33
-239
-5
300
21
136
91
65
-21
45
-204
4
-359
-140
249
150
-103
-97
-177
62
-465
105
-54
-609
-212
-175
-127
304
285
0
-126
-267
277
86
51
86
-227
-86
208
102
128
-136
129
-151
66
-31
-30
211
-120
130
-125
-128
-198
45
422
157
-7
-263
273
323
-30
-402
-101
240
234
-186
-178
-9
-119
86
-50
-127
-230
324
-148
281
-380
116
198
222
-51
170
39
102
647
-130
23
62
-57
136
2
-18
249
8
130
-149
5
182
-90
-206
-53
-50
-62
12
-449
35
67
405
-98
-92
-72
207
112
-359
-26
-48
-26
-462
-221
-111
-150
-92
-201
-75
77
-10
431
86
123
-159
242
38
29
-127
-170
68
-280
162
447
-327
55
-149
-34
51
60
233
140
-39
235
141
134
100
-26
-256
101
292
-51
416
-164
-423
158
-214
-44
-233
-365
-99
41
53
145
-10
270
-29
-104
-189
-114
-358
-125
-61
137
110
147
-194
-27
106
297
-194
-299
31
-274
-75
266
-99
-195
89
-165
-88
103
110
12
97
-92
204
-210
-236
-18
42
-150
-255
183
-68
159
59
10
307
261
-143
81
55
75
-15
-63
262
277
-238
-35
-275
-152
163
-346
27
199
-31
-352
-91
131
-25
55
-159
-70
53
-210
-26
-192
279
49
-133
82
119
-73
51
103
-252
210
395
342
-313
-85
-351
47
-92
520
221
-238
374
-244
205
27
39
-223
47
255
-87
-148
-349
191
-91
116
29
-136
185
-20
62
-45
112
-34
-243
-635
404
-285
531
58
208
-173
103
98
121
-286
85
-48
-116
-60
122
208
240
-134
73
-209
-96
-208
21
238
197
195
-83
-36
179
-283
172
179
14
-184
306
-296
-48
102
85
-239
-176
-68
-288
-34
147
411
254
313
118
103
26
-28
-49
-303
42
74
167
-72
-12
-53
50
87
-116
195
-202
-115
-113
-30
119
193
-108
-346
-276
43
296
104
-87
285
206
205
-233
-25
240
87
-148
163
-141
38
25
34
-13
-54
-327
-186
-150
350
-55
-44
85
-77
-156
172
-140
-45
-17
313
351
-220
106
-166
32
119
261
-163
-135
-277
-47
1
-252
150
37
20
-32
39
95
-40
-50
137
469
88
16
-44
-79
67
138
-75
118
-1
122
228
175
-56
275
153
0
231
94
51
37
-151
7
-159
-178
-54
-269
128
254
114
4
284
56
294
-17
125
-80
138
-228
-73
6
-112
-21
113
321
43
-179
-33
132
394
-266
-86
321
168
-126
-159
-127
3
112
241
-143
-419
362
70
148
17
-203
324
-18
94
124
48
197
-150
-87
-18
145
311
301
324
-151
209
203
-267
-345
12
63
-76
-202
191
-163
79
17
232
-138
197
-58
365
376
214
-220
69
46
147
304
-318
-235
-24
104
429
221
-8
-231
-247
-143
196
166
69
-264
-316
4
33
-121
-126
-573
108
-40
282
-190
349
139
150
-5
10
-24
-188
299
-310
33
14
185
-160
-518
71
-38
98
23
-99
79
305
-221
-235
69
-156
4
275
23
151
-167
82
-92
-93
276
23
51
-129
33
161
25
122
403
-81
-157
217
-49
148
-143
173
56
48
239
-36
229
-338
97
55
141
-332
-31
352
85
-173
332
221
63
-71
-77
-298
-145
-75
102
195
-463
-188
-93
53
65
-311
484
-304
-64
68
-207
-39
120
-327
-77
16
-19
-139
-140
-181
-215
156
-320
7
-267
86
-321
15
-336
152
-39
-75
134
67
-53
-74
-115
343
-128
433
160
24
-31
-26
314
109
114
-188
-194
273
59
-259
112
-159
29
-304
-73
-301
-129
161
-174
-214
-50
171
-42
62
197
-2
12
-107
-13
246
-136
343
-21
-7
117
138
112
-199
-259
177
-22
-71
63
-16
-14
-215
-47
-301
-66
-146
379
364
217
-300
304
80
211
-83
-106
-27
-140
126
-450
-145
89
-106
-53
39
-25
-22
381
47
-287
15
332
16
11
-359
-87
112
383
-187
217
-119
102
-26
-103
134
112
-62
73
6
-126
297
-27
19
-356
-127
-136
147
-105
27
-426
-200
-120
68
183
132
286
74
113
-171
21
-390
-355
95
127
-36
-194
-63
-90
-17
384
-442
82
224
-418
-301
-230
116
135
214
343
-97
-288
64
-119
-1
326
21
198
238
33
-52
20
382
27
-12
-221
-32
327
13
28
202
115
61
354
374
-697
-176
-135
72
-250
-394
-291
64
-66
-29
-12
-52
-44
39
-189
-37
-94
-212
100
-213
83
160
-17
-53
101
213
-87
-13
131
-272
-38
46
409
-123
211
-313
-10
48
-37
-74
79
-67
73
-343
97
-49
-20
8
288
0
-86
239
-45
102
-211
-77
-202
-194
-159
-45
142
-214
117
1
62
-354
161
46
-35
290
175
62
-14
164
129
-46
188
-263
198
24
74
117
232
186
394
41
6
-104
-272
40
-148
78
-40
18
-217
-134
-176
227
399
-96
176
-106
-28
102
123
-61
-77
-197
-135
-222
-241
92
324
395
-113
214
-128
54
-75
-451
-127
-83
21
-168
-187
-207
-17
-346
35
294
-168
-119
-227
-84
189
-67
11
-145
-32
25
33
-231
342
-165
81
212
-15
-48
115
-37
334
87
13
-188
-44
104
-482
27
248
-5
209
121
-33
-198
-183
208
-69
-220
64
162
58
-91
235
-67
-106
34
138
-58
-118
-211
330
-18
-185
-18
345
-14
-219
-68
2
-168
-267
217
-187
-260
203
-14
-350
-81
-106
-215
17
-358
112
72
-2
-77
48
-256
175
52
-215
-37
-272
130
415
11
215
152
63
33
20
2
65
-355
-124
495
-34
425
131
67
137
-339
-22
-29
-77
-13
-371
154
-342
-32
135
67
-228
-126
71
-206
261
51
168
-265
438
20
-90
354
-58
88
66
-48
50
-104
-391
-330
115
111
80
213
-95
112
-87
2
47
-49
317
-288
181
-70
157
-125
-25
142
73
343
19
-122
81
-251
-58
-230
278
-404
-285
105
214
265
339
103
156
206
-392
-17
29
196
-509
-13
-293
332
23
505
15
-423
-93
-126
-123
227
163
304
246
42
-128
-14
214
-173
315
-1
-60
148
160
4
344
193
336
-174
71
417
72
-74
-100
-510
-136
-250
-285
-245
-103
158
127
20
270
110
-80
-56
480
-256
-366
17
-263
107
63
-287
-254
-51
28
136
46
304
-56
65
185
157
246
52
189
2
124
249
207
170
192
12
-115
-273
-37
-86
-167
140
-149
34
112
167
213
-77
-169
184
179
130
-84
64
21
-177
8
-175
-581
196
-34
-88
274
-11
-139
110
-185
107
-83
52
128
204
-128
291
-39
181
-160
167
-355
52
-358
-99
-141
155
-71
250
-47
170
150
-298
203
-109
14
-180
-22
12
-123
-186
225
-373
-705
-336
-101
58
-19
44
29
83
190
49
-208
-212
-403
-260
111
139
94
164
-68
149
-30
-175
-285
147
-141
-135
-9
52
80
-124
-282
-221
-375
-295
484
4
-12
-50
200
-144
110
23
-130
346
-142
-358
-376
-129
9
10
-155
86
-7
-219
425
154
-47
-227
-211
428
-62
329
-53
-137
-263
169
4
95
275
-61
288
87
108
-120
-211
98
40
46
-23
-101
30
121
-25
120
59
48
-270
-361
-258
377
8
62
-456
111
149
-68
117
172
-269
-1
105
54
147
-81
-186
92
83
-17
-430
335
100
-83
28
-304
38
-372
-255
65
-185
-203
3
93
75
-408
-69
125
87
18
-59
77
168
201
338
72
93
170
-7
-275
-179
-137
-129
179
-86
-135
-193
-194
257
-71
-136
-111
-24
44
-177
12
-129
-327
341
185
250
260
122
241
131
61
-477
-368
-96
215
-13
22
103
-85
-56
-307
54
0
433
-155
-305
131
70
-86
106
-75
-72
-94
-181
-110
2
-99
170
207
-208
-93
-123
-118
-29
-248
240
185
-47
-170
412
67
64
286
376
-174
-67
406
174
16
-228
-210
213
184
-203
48
131
296
-91
-174
-107
-316
-43
112
-94
-17
-263
-65
144
358
260
-256
98
54
-229
62
141
123
33
-188
452
187
130
-64
89
144
-69
65
-98
300
46
-161
425
198
51
51
182
-132
-80
-155
289
52
279
144
398
278
375
-150
60
-272
-69
277
-105
-29
-205
245
-70
-81
-143
-284
151
30
-364
-229
22
-45
-139
381
-28
71
32
-263
270
-171
111
-142
50
38
479
438
84
153
-106
-153
-73
606
-203
-17
-138
-28
-86
-146
-69
82
-121
97
-67
-36
169
70
189
-178
102
160
253
-80
216
-425
28
103
-147
64
-20
217
-183
174
197
115
-63
-242
-68
-139
-24
186
31
116
18
292
273
92
-104
105
-73
275
-396
179
147
104
213
99
126
-108
-66
-122
351
-4
-402
-106
-151
-190
75
155
-262
125
-369
-4
222
57
43
-122
-70
180
15
-291
-418
-93
-337
15
97
-261
146
188
190
264
7
286
-112
-221
-221
-106
-210
202
261
238
-157
115
144
60
84
-202
338
336
105
2
-86
227
16
39
-76
189
185
-9
-128
-51
-157
442
-169
30
262
357
-38
79
211
-17
-7
252
340
-101
82
85
26
-40
47
176
-143
137
-142
-248
12
11
-44
24
-110
45
-5
184
-396
296
-276
143
7
-17
-261
-56
-117
-251
-26
-245
-17
-100
79
-113
130
246
54
508
373
107
77
56
-89
194
86
356
67
296
159
-89
117
149
21
28
-186
-30
-408
170
12
-16
-19
-157
-121
-261
109
68
-21
-23
398
-296
-269
92
-258
109
306
-54
-412
142
-184
347
-108
133
-104
36
-83
-1
-20
-506
57
-23
287
-156
94
-158
-41
-86
80
-48
180
108
21
-351
-47
469
166
-294
211
-210
-75
137
-16
190
419
282
-6
-315
-313
29
-59
-9
-56
1
-183
223
83
-213
33
-115
126
-96
-51
-26
-8
127
11
-202
31
-131
-356
29
-13
-135
-369
-126
287
142
369
-14
-391
229
200
20
-55
4
-110
273
171
158
-231
87
-135
26
-235
-415
-8
-145
-387
-406
49
349
-114
-348
-202
-176
-157
-18
33
-308
78
-102
187
-133
7
209
-501
-184
195
-45
-44
-138
95
258
6
-2
-8
144
371
-153
254
111
-150
-226
214
44
113
165
-196
291
446
-91
264
123
146
5
-96
8
136
-507
212
-41
155
-239
143
-85
-71
9
178
224
110
-197
1
9
-402
-66
519
154
268
-276
282
-24
176
-324
10
-300
-133
114
-155
19
9
266
-90
-159
-63
304
-158
-211
-109
-220
-266
-235
56
-435
-133
-59
112
-85
316
-205
108
-28
-28
160
153
-37
355
-79
-11
1
172
-92
-48
-183
-96
204
171
-75
159
-166
-33
251
-118
-9
-199
-169
61
-211
150
248
39
70
-155
-235
25
-107
113
-44
-121
182
-420
41
-13
-132
157
-167
43
-144
-245
167
-342
94
107
-32
43
-144
10
142
-358
11
-125
32
-1
286
51
-177
592
-93
39
-307
-49
74
174
-62
145
36
155
-13
45
178
-8
-54
