37 72 625
1 24
3 8
4 8
4 36
5 7
5 9
5 12
5 19
5 23
5 25
6 0
6 25
6 35
7 8
7 16
7 24
7 34
8 15
8 20
8 30
8 31
10 5
11 2
11 14
12 17
12 23
12 24
13 3
13 30
14 19
14 23
14 24
14 31
15 16
16 7
16 19
16 27
17 2
17 6
17 14
17 27
18 14
18 18
18 21
19 4
19 8
19 31
20 35
22 9
22 18
22 28
23 6
23 32
24 9
26 12
26 23
27 13
27 32
27 33
28 28
29 9
29 22
30 16
31 3
32 15
32 23
33 0
33 5
33 26
35 0
35 5
35 27
35
62
70
67
45
39
42
21
44
36
23
16
33
54
26
25
2
34
68
8
57
0
32
52
28
49
69
18
30
64
17
46
3
56
10
43
40
47
61
24
5
65
63
27
59
20
38
41
9
12
14
11
7
37
48
19
31
15
29
71
66
58
60
50
55
4
6
51
22
53
13
1
331
708
1265
-745
-203
-467
-160
137
732
840
144
-309
161
471
697
995
-414
20
184
-846
96
593
119
153
572
-666
516
746
616
-352
-115
-302
494
-1660
-283
-223
325
218
-383
-485
-596
32
-87
-333
-729
323
798
261
489
-92
206
-865
326
-674
-823
-387
433
-941
-187
155
-508
-197
-378
158
-248
-858
-106
-336
466
-1097
689
-272
-335
350
215
129
354
1278
-678
-29
774
-222
-88
-92
1073
1119
-345
237
1115
551
-162
1047
156
1521
727
1267
1015
-22
-1065
-732
-9
-112
1
205
-906
284
-1177
-508
-300
-477
-277
887
-1046
843
107
329
501
-1083
475
324
593
923
459
353
-276
-631
-74
28
487
320
644
-254
542
-112
651
-305
-752
-517
456
53
-917
661
110
284
455
152
949
1133
902
-382
-325
-1132
43
-683
-238
339
-10
1518
-386
549
106
175
-332
1175
283
631
718
1159
-234
1193
-432
1092
773
-638
-411
-53
425
-870
624
356
-213
614
-306
-659
-636
-534
-976
-961
1045
1234
1098
87
-1193
-473
-1050
1072
-593
-159
-218
259
446
550
-467
-322
153
538
862
-801
545
-97
-23
386
222
148
633
839
405
-141
-158
-231
159
-580
-303
-337
-722
-636
-522
633
-450
301
1114
-335
342
221
319
-31
525
-646
-146
-374
-110
248
-781
-851
-893
37
-391
-607
-13
-635
272
796
-161
-78
-371
-193
-937
473
58
-289
238
289
581
-722
153
-541
-526
134
1384
224
379
257
632
294
1599
-955
1168
189
-185
191
-209
180
420
282
-325
-545
851
-455
-1045
529
-96
487
-72
495
405
42
1063
-19
218
88
542
783
-43
-214
-669
364
1400
1292
61
616
-482
-1163
-631
328
-454
-186
-196
-201
372
427
-1263
381
655
819
-326
22
71
-619
134
616
-78
525
-546
22
694
444
419
462
-87
1058
302
26
-350
377
-389
-307
-1613
1152
211
-1287
-288
264
-106
526
-638
855
-948
211
-1261
637
-386
104
-613
389
-900
1182
-695
560
832
670
168
-1162
521
-275
700
311
-834
-490
-232
-744
-285
434
-385
-24
-807
188
572
437
676
135
-360
299
83
899
-2
-459
207
-718
-406
-468
1636
-633
-343
89
-255
-239
149
-111
203
-189
635
689
-158
-386
-183
-382
481
962
1753
-367
-253
311
635
1127
156
867
-983
405
-141
-778
577
901
455
175
-910
-73
-393
298
-133
-173
719
-530
-285
491
-192
723
238
-161
72
-81
-506
-269
480
803
1002
-488
-589
640
1355
440
-632
801
59
-500
131
-195
605
-145
-307
682
-1202
520
-54
-109
-360
-444
126
260
-63
-1439
-660
207
-785
579
-121
398
275
1116
137
837
-1189
-235
-65
-147
-122
431
815
1275
395
-305
678
106
144
357
-610
-428
-800
81
297
-1127
728
-1130
43
322
406
-489
187
1049
175
-416
-94
-319
560
-86
826
1659
546
-1604
-1174
-1306
1069
354
-220
-122
90
582
1339
42
675
-186
-83
-230
766
119
-426
1190
371
-1280
-407
-348
420
541
912
-71
-39
-670
-491
571
571
202
-20
-296
-786
-342
-103
-1004
-311
524
518
693
436
837
-178
-385
274
654
-9
380
799
-826
-273
772
159
-363
191
-468
-410
817
463
280
-129
1152
57
-10
-1684
899
348
-691
364
-571
246
144
-134
-564
614
-139
-117
-258
1039
-611
1291
121
-170
386
212
472
404
-1295
-437
-226
277
1785
-329
382
-516
-221
190
-1161
462
-171
336
-653
371
753
-728
-568
52
39
1031
-583
-135
70
-189
-753
314
-603
413
221
-394
-345
270
115
-1090
-330
-1360
-102
-1530
57
603
655
-13
116
-317
-1198
507
739
-96
-133
244
-242
-438
-305
-160
-1115
58
-833
0
909
211
79
-105
-3
-516
-35
605
-366
258
-786
953
-331
653
-214
660
-864
-916
373
-4
-807
-419
587
-916
447
725
15
325
694
131
549
684
1
-908
-224
-456
-435
-126
-426
-379
-667
-225
-1023
251
-1331
226
509
60
769
-507
-360
146
75
361
-366
-361
-326
541
-727
1080
-324
873
-8
-228
301
-820
-259
-278
905
443
366
-293
-734
8
357
721
214
-1147
307
-883
213
1623
386
-132
-83
-254
1141
299
-790
731
17
838
448
-379
126
1155
-790
-94
-752
589
-377
-371
596
-360
905
-326
-500
1409
304
-19
-371
-460
-1013
627
-912
-1466
291
-581
182
-885
-558
-149
1007
-12
-699
444
410
-272
585
586
49
-77
-226
184
772
127
891
-634
64
-724
320
-473
1512
221
-767
7
-902
-683
-216
164
797
-97
-484
825
-135
-280
-595
-583
-960
667
-63
-324
505
633
-405
-919
-300
454
-317
-590
-1109
449
-109
-348
-39
307
763
418
67
-814
-243
443
49
-879
-517
-456
190
-253
-897
1266
106
500
-5
383
769
-1101
441
625
1449
723
671
-209
87
-613
1013
-241
677
-99
-1055
774
-624
464
244
528
780
162
-182
191
-621
-430
-808
-387
-626
-158
-70
781
0
319
-823
499
-87
-139
480
-559
-207
271
-143
-415
-278
-355
1426
-516
105
-380
-488
-951
588
68
-808
59
-633
408
-12
-1136
-619
-221
1202
72
97
9
-762
177
-144
252
-132
225
-618
-434
1111
1059
469
490
-1070
-442
-80
-248
424
749
378
-85
-77
969
441
-176
-488
-660
-295
-199
-69
-140
692
236
939
1278
-108
-729
-167
426
-496
-112
335
-115
146
-23
-1314
-647
516
1364
470
-991
-300
-396
-126
103
248
-180
-289
-977
-191
-359
-130
-782
131
531
18
34
10
1437
-1074
-222
903
807
539
-89
-257
-726
-492
-683
-301
161
347
-436
-176
-183
122
-84
-1093
682
-383
564
-462
1
11
24
-146
34
-918
-689
-636
173
387
44
636
-1209
-698
-561
31
-978
243
-121
-598
563
229
1342
-490
111
107
-838
-277
496
335
-582
-1312
-1370
271
-577
1614
559
367
690
15
151
-544
-201
-3
-158
-51
433
-1038
-400
399
-414
1276
450
-1022
348
90
-603
-243
-1005
1212
-63
1089
-687
-1334
-447
199
-293
-27
-620
-973
814
481
-538
578
191
412
-685
113
995
102
-201
-719
169
-13
-966
140
433
-68
723
215
979
1277
-235
-884
255
211
-873
-232
137
696
-66
656
726
-275
598
772
-1154
-618
-1005
274
376
693
-300
103
-284
834
-1441
-650
-440
880
-1174
99
-522
-615
-1117
-901
742
-422
680
-29
439
368
493
-109
523
-241
-116
59
-325
-159
206
-71
-234
-61
-820
-476
1217
647
261
-334
1234
-546
669
295
-619
-265
-700
-118
-526
21
566
2
610
-243
-416
-128
838
916
1082
-325
-825
-210
-653
359
632
-434
517
-134
-452
-222
-675
380
-1340
-889
179
-623
802
96
327
1168
-35
1246
-213
-160
-809
-185
-372
-359
816
1174
-750
128
1234
-425
507
811
581
26
-1530
-109
-1286
570
424
-250
-9
777
-935
25
1514
-122
-731
-996
139
435
492
658
-152
538
-195
757
-298
-304
374
100
-598
-1299
742
-942
-167
-58
345
-514
-596
157
-215
162
-317
441
28
-373
-349
306
-275
-349
93
-125
142
-531
1053
-951
-287
-8
258
830
-886
-891
-937
-966
-486
-240
-913
775
-724
670
257
718
-828
-283
-17
-497
-90
563
-432
205
26
-426
-619
231
-230
-26
161
-812
-22
248
916
-295
-907
-733
-1159
-685
-1177
187
-741
-1222
-126
124
159
-87
122
-869
348
157
838
379
-251
-241
-135
-272
-504
-554
-275
-221
-645
1009
454
85
-190
-843
686
-133
-616
511
-1160
-688
149
-225
-173
7
491
-1042
-1445
622
649
-1465
321
295
547
263
-728
540
315
-876
-1676
-213
127
564
-62
-753
524
614
-1223
60
-793
1180
-1024
-1798
-1037
-68
991
-120
-624
-1044
300
-804
254
802
257
-484
-696
24
-757
-298
138
551
-171
396
244
-528
-676
285
-48
-212
-583
263
117
-355
619
761
-118
476
1072
1192
483
-257
532
-655
-822
36
-3
-289
157
-259
43
-678
-125
-460
-227
314
-1075
-891
-499
-1089
990
-1258
-273
-594
406
149
-476
-735
-676
78
198
186
285
479
-21
-218
-480
671
719
947
236
503
178
280
-266
-671
452
-1992
-286
9
219
500
696
-222
-706
-37
491
-548
433
1152
241
282
145
-241
597
-325
-709
-257
-1363
-597
537
-1292
455
537
565
-601
258
-426
103
-148
291
-1049
1181
-307
992
333
92
-651
246
267
33
-627
-731
115
59
-661
145
827
-456
-380
1185
-486
-692
-355
78
-105
-1293
-518
257
56
571
-14
-241
-378
324
-183
222
-443
124
-726
707
270
-877
911
-65
183
557
-624
-245
-1516
82
410
966
-145
-471
246
-179
611
-736
450
-1541
74
451
-307
-1489
-1085
-356
-611
682
1609
272
788
463
-942
947
-481
-177
180
585
217
813
-400
-261
-449
555
154
15
134
113
-467
-1154
-1590
-318
-336
-27
174
7
-719
474
921
-336
1329
-898
779
70
-1098
-978
1259
-60
-825
714
-412
180
-410
480
-797
65
-791
-540
-1010
-809
-621
863
-475
-26
-393
-158
-270
-318
614
-472
470
303
119
1000
-397
-1184
512
83
-138
-436
121
-1290
843
-157
-397
80
-900
-650
255
341
-130
536
156
-269
-87
659
455
1203
1071
165
-1
-116
49
-176
-248
-253
368
928
-211
-446
350
1150
335
-1079
-1092
781
564
431
446
-84
129
-189
95
-335
127
-695
435
-784
-213
778
1367
609
-224
217
-663
-829
658
121
-39
357
355
276
-1158
295
-61
-713
-930
-473
928
-560
988
151
973
-1288
-193
-294
1165
-498
340
245
341
-784
911
-678
683
638
-57
625
-630
960
-88
6
-580
697
929
-46
-363
-375
-102
-671
113
-9
-576
-414
141
1079
-215
408
746
852
-116
312
272
-315
-503
-1295
-100
-112
1123
485
170
-620
-844
239
-258
454
355
759
-642
-179
-712
-835
-222
530
-37
-1515
4
-479
-194
459
-394
93
-476
-477
290
375
648
890
496
-1224
1598
-291
-500
-87
1185
-789
579
-134
-763
-1058
-343
-56
-708
-406
175
386
39
253
96
-121
385
-1284
688
-610
1074
-1395
-681
641
185
-206
631
523
564
845
548
672
-369
-570
623
338
-388
-89
133
465
-471
596
-464
-46
508
453
885
1218
1167
-487
-505
869
253
-319
-16
-253
-477
457
459
-936
-325
-145
-603
1122
-552
763
908
-37
496
-98
404
380
177
-804
505
-1316
-751
1032
429
-1178
115
800
1225
-12
620
73
-274
32
701
-442
180
-1024
622
721
724
-339
-458
-319
-439
-1497
1382
303
-108
682
-898
999
492
778
1054
-269
-152
185
-918
3
268
-1034
1529
-399
-367
152
-604
515
-32
-963
-106
-931
-923
-350
1597
357
133
-553
-905
-673
-192
1801
1236
265
-486
-1325
384
526
-960
-125
405
870
935
629
-1269
-19
312
187
156
193
422
430
211
41
-928
81
-961
381
-213
-1009
-40
-278
126
396
-95
-216
-195
-1109
152
477
294
187
1262
418
-1713
-412
-201
-16
812
-736
1292
381
-916
401
617
-886
405
-338
-700
-547
481
1012
-691
-419
325
5
246
648
578
449
375
309
732
25
-461
-128
256
759
-708
-55
-601
-409
-289
-134
1092
-616
263
197
109
-1210
38
710
117
1044
484
258
-1013
520
58
1330
19
-1180
205
477
-89
279
-478
7
638
722
-310
-427
1144
239
184
1556
226
1001
-22
-421
-470
909
430
670
917
-470
-1163
-813
387
879
161
-183
-462
-160
691
189
-140
-264
217
72
814
1167
384
29
633
-306
-703
744
-146
-535
137
-233
527
811
207
-104
909
1101
27
-43
-955
615
33
-594
619
-185
-1590
-487
868
-989
398
-1036
631
730
-580
203
-1563
871
-767
-431
709
-786
-1160
447
373
-258
374
-688
-1040
989
-567
-512
1057
-44
-239
-384
-365
-440
1133
-610
-109
-1361
387
894
612
-232
-610
-96
-135
724
-534
-270
-699
375
-562
-337
-121
-294
-239
-526
-956
14
-53
714
-249
170
62
373
-394
159
208
-333
-131
1071
-282
324
763
786
1094
689
-365
-231
380
206
-533
490
209
1114
-827
1140
1496
-550
-220
-759
-473
-16
-62
-516
266
-376
1012
-602
962
-266
-88
576
-68
-694
-212
-593
71
535
1441
-720
278
386
1026
1248
1264
-537
241
-625
-59
-129
116
-90
84
124
-233
183
-242
672
-890
-360
36
-512
-901
147
-650
-596
-1467
-914
-1354
-398
-794
139
-558
-212
649
-12
-352
76
-338
-499
178
-92
-159
246
192
280
11
683
999
165
390
-718
-819
-674
593
-334
395
1378
160
692
44
-371
-232
-26
112
512
549
1248
215
726
275
859
-403
423
-1204
925
631
166
-345
-669
-582
-772
1074
1391
232
1809
1280
570
18
932
166
-158
-359
897
-720
-438
-206
-271
-541
1059
1216
441
576
266
181
-339
574
-103
-736
-260
576
83
-139
616
283
-386
363
360
-106
366
-645
415
-88
564
-586
-1207
65
1239
-392
434
-413
736
-500
94
-135
924
-732
-312
-45
-355
193
-109
-960
188
-643
1053
392
171
744
-1159
596
-1398
349
-213
-839
-1168
-214
-70
-804
1410
-407
461
427
9
232
786
1562
-137
-567
303
-562
478
1236
-201
77
-563
-793
-605
354
482
-133
-318
-378
487
-1473
-64
198
-52
-54
1591
322
-407
516
1077
-389
-368
175
847
-66
-373
217
762
645
542
-671
490
695
583
599
-451
97
604
-662
590
492
-1293
-1187
755
-203
-786
-63
169
-296
-196
101
346
-572
100
-218
-77
613
685
682
-1121
45
372
-449
-246
777
39
376
-362
-797
871
1131
-872
770
-1074
34
-590
-310
-1340
-627
-855
537
-291
543
92
704
-602
279
-651
1055
291
208
-999
-124
1077
-119
-1454
1403
-1857
461
-1219
13
906
697
762
961
-318
321
335
-938
430
61
-693
104
902
-408
624
-437
749
-1020
-201
-579
697
479
-1287
-39
342
-911
-163
501
-138
653
45
1307
-933
-1683
-479
-1150
683
-13
656
637
-505
-812
344
474
-2
-270
781
-347
-324
-1083
847
61
-972
569
-889
324
-636
546
469
-471
-1414
-548
-174
963
1444
2056
251
-527
-197
185
541
-301
-201
865
811
222
-659
-888
678
243
247
398
-264
1103
177
329
-469
731
182
656
139
1599
775
-790
1277
-12
93
-672
131
188
-484
-769
-50
751
111
-206
172
-362
1395
166
203
582
61
516
-165
131
605
-179
390
709
439
616
-578
-205
-1097
-715
593
1054
20
-287
760
-397
-72
13
-1000
-491
-454
-1376
-45
-215
-11
1598
-900
-266
-1302
-457
85
949
312
-917
404
579
335
261
1018
-605
-765
306
-298
396
95
315
633
-430
-1097
1495
-354
-96
-160
-190
472
-1399
413
-504
-816
-1224
-105
106
379
-178
82
448
722
19
6
274
274
-1159
-375
479
256
-10
-1215
607
-909
1064
-60
335
103
-99
520
-1005
524
-244
928
-780
527
-1164
655
869
-62
-552
-156
-90
-364
808
693
525
-156
-330
149
202
886
-395
-754
381
1126
219
851
-517
924
-154
-192
40
-217
-954
1132
194
-198
-333
1268
1503
483
-26
320
876
948
734
299
518
-10
637
-4
-343
-435
537
-1149
-410
-323
667
-441
-608
539
1311
291
-1305
813
-514
-672
23
485
-980
-37
-153
738
-122
349
71
57
-314
-334
509
-549
187
-203
1244
-1413
-483
70
12
792
-80
-33
189
344
905
-377
1655
-65
-493
100
253
-217
-914
1189
-316
-452
-825
-945
-1016
-105
-727
481
-250
198
-25
-657
-249
801
-449
-390
-267
-82
981
280
-145
-715
408
-720
475
-97
753
518
-647
-423
137
291
-603
597
-128
339
-4
-110
-482
-957
204
-450
-860
-30
35
-334
-58
471
129
1032
-816
175
361
1217
327
611
392
1283
-1287
43
-297
16
-1010
-1542
698
-60
-453
-385
1471
175
-210
-598
894
-437
406
-739
-739
-565
-747
353
886
933
-214
-222
1154
418
-453
-486
158
946
301
-588
-664
-662
-289
242
149
-84
438
-1491
-764
-646
1129
-1553
-1130
-1204
-204
571
914
938
50
-391
358
315
-327
326
-969
166
-659
1149
285
-403
304
-881
549
1034
-691
409
-135
3
-464
387
697
266
310
561
329
-22
-819
1427
-199
-1225
-165
622
630
-91
-253
-564
-675
784
561
-1238
-129
51
-926
-632
-927
232
-32
899
846
-434
22
1169
-131
1361
-966
-355
-603
-600
-1744
-60
259
824
-169
218
1011
-190
708
-136
-108
-569
-419
-564
-288
-49
-880
-528
418
-935
85
258
-30
-1022
249
-488
752
644
1016
528
-1440
-393
-611
167
299
389
551
514
394
323
12
-139
249
1123
-131
-140
-1
-986
400
-1008
-1222
-223
-69
406
1121
23
-565
456
563
772
525
-1252
-766
68
-184
367
676
928
-321
45
411
258
319
-945
1086
474
-543
-299
475
342
-375
492
-346
-1078
186
-277
446
-520
20
1330
1066
-758
-480
837
-766
945
38
-613
-531
189
614
-739
-45
258
-346
-340
952
341
772
-15
-279
-580
1146
-9
1020
-223
-622
847
689
-765
653
1046
-547
762
241
-483
-13
824
190
-888
1000
-947
323
-723
421
448
739
-270
1209
-60
-190
-187
-716
-795
-78
54
700
445
28
393
285
980
-1453
86
-153
159
846
-769
225
-690
-163
47
-596
-538
1115
-417
-538
14
-906
-652
-1159
-246
132
491
1387
745
-49
-125
246
-12
797
954
-29
21
-172
15
26
-920
-14
1709
-230
452
174
-599
-300
566
-503
167
-149
-820
150
-1276
399
-635
1760
36
1110
1060
106
-4
-674
570
-1187
1167
399
-2056
276
110
-399
74
-1360
-739
495
-629
-687
-783
-96
68
814
-460
-488
58
-47
90
263
-584
315
-19
246
278
13
251
-341
355
104
293
94
441
-9
21
-40
391
594
11
-802
-266
-371
493
-518
-349
83
-398
504
770
-113
259
97
-26
-944
686
738
-289
9
623
418
-301
-359
-227
-42
-147
-810
-769
-643
415
163
230
129
816
12
289
-746
502
-19
-47
64
323
405
-202
-397
-415
-1384
896
-698
-1438
-234
-1072
313
-1900
1151
-38
-715
848
-467
165
74
-666
-424
550
15
-261
287
-420
28
365
46
269
-172
699
543
91
558
824
487
108
-257
-65
-316
-585
-630
145
58
54
-105
-937
-958
-1399
73
146
711
-361
-318
1034
460
-505
296
472
224
198
698
338
657
-96
-828
50
477
244
115
238
-392
605
-623
808
-368
1352
823
-1772
-640
-337
186
-232
1162
-1172
191
-955
-736
231
-1053
755
202
-9
77
390
560
-738
-488
-426
-568
902
-999
1355
-641
254
530
278
336
-387
611
-20
1046
451
659
-434
1006
894
-370
-200
-386
798
226
720
-650
184
111
892
1485
-772
-280
910
514
-53
233
-451
-950
282
119
718
-596
-983
537
-208
943
-603
328
-383
676
-116
383
-383
234
-849
-399
-529
-241
291
1779
62
-509
120
334
237
-84
-1944
563
-557
-298
798
131
45
760
-191
582
-1028
-329
-691
730
-1017
243
-27
1148
-713
-1271
-1100
-114
-93
-36
-764
309
916
22
957
-123
-245
207
811
-303
176
536
-267
-1234
-683
349
730
1439
-612
-699
922
-5
751
385
62
-76
-673
-986
254
697
-695
883
-26
-259
423
-496
309
-1026
-356
-727
185
434
432
-340
66
657
689
1353
-393
-23
-857
24
-101
-687
494
-647
378
-149
512
-183
-927
162
835
-541
-227
47
-406
-479
152
-803
651
824
164
338
-538
642
464
409
-268
-591
6
-39
-81
-478
182
-307
-734
-1222
242
-508
-802
642
172
350
775
-777
-1199
-350
-197
-125
371
-131
817
-325
-345
-603
-309
-953
1818
-277
-306
-614
-782
909
-1198
786
-902
476
571
-152
-33
1536
620
-176
-476
-168
-1173
-1188
259
-240
368
48
-1188
449
-586
-242
1049
-1339
-1498
216
509
-525
-1141
-12
-294
399
-949
354
-87
-167
-15
796
-459
549
689
163
755
1254
-711
36
561
560
607
-388
-772
1361
-706
0
-10
-523
-268
689
513
-409
501
48
-938
-916
15
-654
235
-462
-593
125
-813
-66
-249
404
6
-1080
-847
749
-370
-500
-1018
-1313
118
-386
-279
-358
-90
10
-234
-832
1405
-486
-291
252
-1906
229
-699
1459
-2
382
-841
-709
35
199
-732
-151
488
-354
539
-1211
-80
64
-155
113
212
14
186
286
-89
-243
508
404
656
150
-683
1209
-431
-612
951
805
-131
505
546
849
458
430
135
30
352
656
-573
446
120
922
-438
-1057
-238
1072
-18
1209
-297
137
681
-1029
-1002
716
836
86
-111
-409
-182
-211
56
-189
-100
585
734
868
-404
-645
532
1030
962
486
-237
-325
288
-180
-384
238
319
1940
183
196
847
173
439
577
591
276
327
-459
-372
431
1157
386
-467
-330
80
171
-692
-344
334
761
-940
-388
-729
-1508
340
300
7
588
203
759
-508
-734
-81
185
535
1518
-253
-198
-197
-829
29
1014
-520
-1093
155
-761
-243
562
208
163
-155
823
-450
-509
-120
715
255
-295
175
-631
-1373
100
671
758
-403
-1264
-47
-929
505
697
331
153
-862
525
-387
-13
-104
335
111
-56
990
70
19
-189
-400
-228
596
-407
1146
1519
-984
614
-436
14
-659
-138
153
929
-50
332
-194
-24
-833
-21
721
-111
15
938
448
-1179
-334
-227
345
1000
570
379
-204
890
-477
460
1092
261
1208
-509
-526
43
-1053
100
688
905
-1245
-1316
-945
230
305
259
-930
-127
-440
299
-1059
475
214
12
173
-207
-163
-259
-745
-287
32
603
-278
274
374
532
256
174
552
-290
12
-525
-44
-415
930
-62
-458
170
49
333
-125
313
-545
750
755
-1181
89
-389
-841
1107
662
-127
439
825
-1127
353
220
1376
-57
747
13
420
331
72
1006
54
150
-843
48
-1011
427
943
550
-245
-1028
548
-1049
367
-171
-340
-154
640
-1055
962
1059
-853
57
-1204
598
741
571
329
473
-165
128
-695
-157
556
-505
706
862
744
85
1244
790
-711
-99
207
576
-1248
605
249
-540
-229
672
172
558
-327
-887
410
-185
-593
-135
316
563
-594
-380
67
-537
-965
-60
910
-573
-135
-1341
743
350
659
-34
-734
711
-595
-849
-884
46
-167
87
-242
-603
408
537
-232
785
851
-640
-588
-406
867
659
533
-721
-744
-545
169
66
-582
-608
1088
-765
434
1039
884
-440
379
800
447
171
153
-558
-211
623
581
-896
705
-297
507
875
-929
36
-2042
-1582
421
-173
129
1629
690
484
-498
468
335
-497
462
570
-169
-1638
1556
501
-83
-1686
-484
375
-171
-1025
1123
-437
163
299
375
-1077
-449
-382
-293
-329
-205
-800
-338
-688
819
-748
-198
381
-86
403
210
-957
433
-33
-710
1294
705
-92
-590
929
-327
429
-40
559
-176
-96
-840
-1611
-817
302
970
-25
167
-926
-144
-729
207
-930
-991
403
43
-168
149
-116
-322
-3
129
-184
192
-408
252
53
-594
-1190
-696
-575
-770
17
1587
369
-338
1145
141
-510
163
-11
-395
-77
-611
548
218
114
-376
-494
822
351
198
-616
-595
-1236
-95
-229
-569
-121
329
429
-1752
-156
-194
543
-161
-1375
-67
956
372
34
-309
261
-1325
-509
-597
-855
479
1076
-254
645
-383
-687
-340
357
1189
146
438
575
950
-88
438
-373
399
-1132
-192
-1604
-938
-208
-343
-59
-847
518
1347
-347
203
615
1695
-235
138
318
-900
626
-1106
685
-1076
201
-405
-345
-170
1027
120
-241
-498
-248
881
151
-798
426
-1326
2216
-929
-577
-997
286
-593
703
-506
273
-291
-535
9
-1201
591
-812
148
-497
-229
-760
-496
621
-603
587
-31
384
240
-251
735
300
-43
1135
-619
-69
732
305
-135
-1045
-733
-486
660
-40
168
147
-110
-1135
235
752
912
-1060
428
288
933
388
-230
33
-439
79
-597
300
-352
-27
-10
-425
683
-78
-758
595
-82
-462
556
711
621
-190
-293
375
397
180
-71
-496
-40
-406
1081
-248
-381
-475
-571
-243
365
-240
-653
-140
37
-592
931
-410
-82
-118
310
232
186
58
294
334
-1089
2
-316
-1307
-112
569
-273
1344
-59
-1386
-221
14
193
690
38
-1129
-219
-18
222
-265
1002
-384
76
-245
611
-131
-153
-56
-837
-194
717
30
-217
-209
891
-647
-391
-189
307
-22
398
-58
1207
151
1171
-182
-448
22
702
398
9
-51
1473
-358
829
325
-269
153
-114
-207
453
-258
351
539
-192
-145
-62
202
871
356
207
692
-581
1285
-33
-1858
-1603
141
-513
508
173
-546
1236
-673
95
1263
1014
80
-71
-40
-1540
166
593
-3
29
-1161
-268
-945
-434
1136
-107
351
-1540
107
-342
1357
698
-106
627
650
924
-1163
267
-239
1077
160
240
337
907
120
-17
1050
418
554
-158
-484
-608
-755
-59
703
601
-498
190
-435
-14
2235
355
592
466
1275
1307
781
-895
412
-576
299
-180
110
-723
-183
-411
-272
-564
-261
395
-483
-75
397
941
109
-699
-204
33
162
1043
1192
123
-1112
293
996
607
412
-190
889
945
267
-558
1761
710
77
270
-943
70
-585
-371
432
-346
24
-357
861
-279
668
787
-629
434
1253
-278
253
-98
-804
244
-427
167
-505
-126
1108
-840
185
-364
-660
1043
-229
852
-117
842
-55
-602
403
-84
-368
-137
-744
1008
-377
-1222
-261
-40
-395
-394
394
-294
-54
-169
-320
808
94
-1227
-477
1432
1435
-883
1271
-97
-1798
688
-135
673
-146
-494
1041
16
-192
1345
-304
-148
-480
-143
-476
-284
312
-754
-299
403
44
190
-398
-262
97
358
103
-111
305
723
217
-408
181
-128
-161
1246
-963
509
-22
422
-844
-190
-350
-931
100
378
582
-348
-428
24
-222
-115
248
448
232
46
1119
127
9
167
-799
-97
278
-721
-1732
215
-1271
282
9
-76
398
-133
-961
787
318
66
793
571
736
820
-563
-852
274
1034
48
-231
-154
-189
96
23
623
-113
592
-528
221
-979
11
-178
-77
525
236
-85
-219
190
-123
-958
10
878
164
646
748
11
65
239
-89
-30
66
-553
885
-479
-631
288
624
-1689
882
-592
1251
-198
-625
324
-553
844
480
-180
-44
-307
-608
170
14
-451
309
1138
405
-568
-113
545
-456
1056
645
-1245
631
-622
801
386
45
828
-894
87
813
-233
-307
-118
17
1296
-141
-545
-133
-958
1100
212
442
548
852
55
96
243
603
1368
-2
-701
-313
-354
-268
625
109
478
-192
588
730
-50
1010
799
899
643
-275
763
534
-500
-1002
-879
-14
-367
-850
-491
-43
-346
-677
200
-266
125
864
1605
29
-266
1122
75
-799
-333
806
577
529
-313
354
-350
338
1202
-877
753
1277
-37
339
373
-97
-631
-102
-368
-1565
-1245
-27
-383
29
-729
1184
-5
-434
302
-196
-337
-509
38
347
-1040
576
-382
-529
-15
806
-405
-1213
-937
150
-1357
149
155
-370
-173
-123
-168
-298
430
-919
-588
-1068
-19
-15
-132
453
-515
-731
-93
-1496
-46
124
-127
317
-249
-111
-499
-190
-575
1089
101
121
-909
-1295
-58
1361
-183
-684
-484
-80
639
-29
-267
774
-565
347
-35
-508
-507
613
967
-576
29
-577
816
38
-86
293
595
305
-1558
287
-938
-286
-841
463
-1004
-497
-179
1204
367
231
669
117
938
-128
90
-989
535
849
-258
-581
536
-668
1800
641
815
-881
-659
1173
-729
-3
-26
572
-1282
-586
-610
-493
-375
-1435
-34
1455
349
-11
-198
-645
-962
-926
-892
32
-42
2
-121
-182
822
-254
-386
-410
-327
539
-292
-77
-433
-415
-385
1065
588
-691
103
-934
-498
54
22
504
-861
-256
626
-786
-122
311
480
-304
703
647
286
-818
142
-116
-165
1414
-649
-524
-354
-691
258
-508
673
1176
44
294
494
-552
-228
-227
-189
-347
-1419
-83
-506
-211
13
-299
430
59
-718
147
-157
-334
343
533
-967
-751
1086
-766
411
-309
-657
433
-214
146
1268
-90
-82
45
221
-12
-939
49
90
332
-481
-162
-98
1350
-385
1599
-601
-120
-445
-132
727
162
337
1097
-138
783
3
-623
-123
540
350
1483
603
-486
1212
-1136
248
-457
-343
250
-626
731
32
66
-2136
-147
-475
-340
461
-388
-756
93
-199
-172
-1230
1040
-163
753
126
53
513
1070
931
-1668
758
-343
1087
-318
392
-1563
-271
-234
-646
-558
108
-562
1741
-569
37
-198
363
-512
-116
309
-508
-555
875
-267
-825
336
-49
-437
-142
565
582
373
161
592
-443
135
-113
-925
576
-497
-236
257
-524
579
-385
330
-438
371
-85
-49
-440
63
1109
-328
399
97
79
-24
-247
617
1010
-99
514
-900
687
295
-241
-352
-4
54
-978
-727
-262
107
-156
98
-696
-276
-194
-160
452
898
-108
141
-792
264
273
-559
1686
-393
668
-486
-572
166
449
22
-1494
748
580
-942
216
-930
223
959
723
-916
-373
-416
1432
107
271
57
71
-316
-970
38
938
363
1785
471
-1238
1245
-566
-541
46
596
427
846
-153
896
-182
-313
-535
-265
-508
1040
-121
-22
546
501
597
141
63
-125
-6
-544
604
981
-244
40
-1327
565
-1303
505
-110
-929
376
-521
-334
1745
171
-76
241
-753
-825
247
-308
728
938
100
139
-280
225
-854
286
286
-525
670
-814
-142
221
474
313
-1370
21
-49
-1027
-1016
-569
449
-96
705
213
1224
-973
216
660
-179
113
348
-738
-43
512
-395
-70
368
100
752
214
-1147
-882
-1056
310
-677
1189
1186
923
464
-62
-857
-317
559
888
-120
-511
-270
-378
62
271
-56
1189
-479
617
-168
552
553
-1379
527
-390
40
93
-685
-726
189
108
644
-151
138
-667
-739
438
242
451
-610
-6
199
622
1335
847
175
-331
343
779
282
-317
1070
-24
-262
108
-693
409
59
-258
624
781
-709
-152
-105
443
-122
985
-364
-546
-63
-411
-500
78
130
-483
-6
-337
-624
286
820
604
388
233
526
-239
558
-105
314
-5
-167
-478
438
264
-309
-176
423
487
65
187
832
-373
850
655
-103
657
292
-1408
-1035
-24
227
-1402
-220
1085
97
4
239
676
-849
-1208
718
-1015
819
-370
-269
781
625
392
-168
448
-538
-1163
-983
-28
-847
109
202
-233
-351
-1421
-422
-1211
-600
712
-591
-899
-87
772
589
-272
294
179
-359
-2
-745
658
-391
-321
-423
1460
-204
703
460
329
-621
-483
-917
-928
665
-124
-423
-232
-1003
50
607
-299
-1250
61
108
496
102
-19
129
-257
-187
-1179
1140
-90
285
-960
-293
1553
-973
-548
928
470
492
-20
-469
1047
-39
351
-288
409
631
5
-741
-937
181
-77
432
-499
1348
-74
529
352
-92
203
549
-783
2
1150
409
513
-173
271
1601
2
59
289
-30
84
-82
830
-508
-1528
558
629
397
-570
935
-111
-706
179
-151
608
95
138
52
-12
-270
-753
422
352
-1727
761
-310
867
-1504
399
-1158
992
-1165
960
-315
1139
1149
-414
341
567
408
-64
-238
-446
-875
-460
784
724
1196
81
-80
152
-718
429
107
-628
-7
-107
-744
800
1300
134
-890
-143
-963
-194
-527
797
-353
209
-378
-226
181
897
852
1810
-281
-1359
-1577
-457
-176
-577
164
651
-409
-433
1275
-643
-1006
-645
703
-153
-75
389
845
678
912
319
-972
-456
-86
-514
-777
444
662
140
-1009
55
537
-512
672
-326
89
277
106
-241
-800
-651
226
81
299
-570
-51
-1040
-547
303
26
639
1414
489
694
-989
434
-459
334
196
1290
524
104
-987
632
-321
-92
-354
-558
1034
815
2
-360
466
-534
445
-26
-640
-431
-516
-275
-119
-232
-114
985
-147
1271
-1082
-626
740
-1116
153
-68
627
-823
-48
-899
158
-83
484
-998
331
709
319
838
-663
-365
-223
528
1076
-52
1185
226
269
-558
243
417
208
164
-580
472
772
129
287
-260
1207
811
-41
-596
-356
400
-385
370
38
662
-611
859
-84
-408
417
-1182
-36
221
274
557
662
309
-56
-393
841
-581
-1076
672
100
-491
1010
442
-958
382
-580
325
767
463
649
-417
-894
-630
-160
608
389
-514
197
175
638
97
245
-1076
-970
1395
-112
1094
325
-240
-120
-590
245
-616
350
568
-650
-289
-137
-81
-301
-602
-555
183
-424
-29
-291
-152
-334
131
979
-877
795
-459
-193
-507
154
17
-764
122
84
-1154
-338
-544
-637
1025
-1033
-155
-435
-379
-223
-871
-401
-1281
144
-896
-726
-944
52
1154
-920
-856
-423
702
873
-614
-768
402
-372
13
-87
628
-503
906
114
-149
462
892
56
161
-422
1192
563
-229
-543
1047
642
458
299
-949
-528
108
-190
56
-516
179
670
-179
101
-706
172
-755
458
142
-317
-797
-612
581
-627
128
190
-208
-244
1066
-360
244
134
430
253
713
1025
-933
-309
575
341
304
-947
-659
588
822
-162
390
746
-459
941
-83
1172
472
-674
-22
-1238
811
-136
357
379
-487
125
-10
8
171
-235
-709
-612
86
-672
-266
87
952
401
-186
242
-239
179
107
-800
-164
-1033
-400
-118
517
-199
-620
-243
438
-429
580
458
-1861
583
-1090
561
-332
-290
-431
528
-457
13
-606
420
-73
565
-2
978
288
559
-574
-467
217
-902
627
-801
-303
869
-426
0
-166
782
973
373
406
797
-681
-472
559
767
-274
-458
-346
202
198
1295
-939
-101
345
358
448
838
-559
137
-111
726
-423
-56
-524
-281
-24
231
-241
-416
322
1495
332
-648
-950
-539
-232
-531
-439
-209
443
-524
-42
1146
-83
-564
-455
-1000
183
916
399
-546
332
-1196
185
362
382
-1157
468
-856
-359
-521
-430
180
162
-96
-1240
-1191
691
-522
386
2
-690
-1163
-551
225
490
109
545
-526
85
-1038
70
195
-705
286
409
240
-424
-164
714
24
284
496
783
252
486
-232
-748
59
588
109
953
208
-417
-188
-659
-520
-600
-231
-464
59
356
-301
389
-91
-19
123
-723
990
430
-183
554
-383
273
52
107
613
-50
-631
-512
602
4
-138
210
-284
-562
-203
173
379
-1292
307
545
583
219
699
-44
-156
-61
-823
-494
-784
-921
-28
591
-36
596
-147
1406
583
-771
87
-367
225
-272
645
935
449
-276
178
659
261
178
-243
-571
-1125
200
367
497
-372
-80
-490
357
-1704
673
1
-67
-489
-461
-707
461
1043
-27
39
-17
1507
-1830
-276
-629
-728
-259
453
496
340
830
177
446
-253
466
529
-306
196
251
-77
468
-204
345
-116
-1299
-693
-656
-771
469
-40
-1414
-1078
261
482
-192
-624
355
400
-30
-759
210
151
-92
743
-1057
-214
-297
710
-127
-1242
877
-460
325
-578
638
-489
141
-227
-127
355
595
810
582
1350
517
-1355
-239
-240
-356
-764
-946
258
-396
-53
-694
-696
147
-580
-780
871
169
-795
828
-5
284
-1092
1166
-560
33
1265
26
-274
-178
-297
-635
-28
251
-236
-436
63
-352
-717
6
179
-431
-297
180
-219
315
38
130
-31
42
-189
348
1116
-331
304
315
-144
582
-110
521
749
-369
133
-25
-339
759
-981
-223
888
592
1149
501
-779
190
200
-493
571
149
483
-648
1237
622
259
-444
-828
148
-558
864
-621
-214
-929
-402
12
-1234
-132
96
600
666
54
-182
-1047
-1251
-59
-1034
462
98
-129
-547
293
614
33
69
562
-1059
409
-918
-614
-304
-1272
1089
-592
412
-167
232
263
560
891
-788
1399
-963
896
583
-1082
225
1553
303
-449
62
-217
1183
569
676
-682
1250
373
-209
-112
-434
-353
757
48
-298
-86
-750
-528
-110
156
921
-454
315
-1125
-133
-1045
-407
354
426
419
-353
-355
-441
816
293
-276
726
-216
329
-486
15
604
-426
109
626
787
716
-427
849
371
102
-594
-33
685
13
201
869
77
474
-242
-619
617
-3
-264
1605
-824
86
633
450
-467
-880
-422
-763
35
788
422
-1016
1004
32
-322
-511
696
-1452
-374
-746
1217
-36
814
181
125
-566
497
323
125
247
-249
-520
-453
-117
380
-87
-68
-347
-181
1502
-1316
155
-83
-174
959
-34
-6
677
1318
693
-121
258
321
140
19
-51
-443
-336
-920
-461
966
1064
-619
-238
221
960
-13
930
498
-210
512
-1325
169
1112
-298
-886
817
232
-99
-165
-289
-353
22
-370
-361
941
-403
-189
-746
63
342
246
-315
1042
-149
-550
22
-930
-293
787
214
-694
-92
-677
453
407
-553
710
-494
-78
-9
648
-377
794
974
-84
-883
600
481
-574
-287
-1608
512
-358
531
-1264
-664
1149
-274
337
-153
-393
703
-474
-130
-409
-337
198
-470
-836
657
126
-156
-149
-1560
45
-545
-1217
-71
-757
504
524
-397
446
-97
531
-488
-295
253
-771
39
106
-1561
760
179
741
-1136
770
-183
405
523
594
-1131
133
875
258
-129
-70
-1092
675
626
1102
-503
531
-238
-325
-776
-534
-136
405
168
113
416
434
537
-37
1380
-216
-569
-372
-86
-551
-88
-97
-120
-253
169
-230
228
-586
869
522
-86
709
-1687
598
396
-297
-73
-175
64
-26
1002
320
566
-88
32
-68
-115
505
1231
-347
-490
122
-37
327
-984
-632
574
173
1154
-392
659
-301
-121
13
415
-721
441
-1098
419
-1232
447
-487
-9
761
805
683
127
-1554
-510
-3
193
-803
-853
-145
-214
-318
-503
506
516
-692
275
727
32
-1483
336
-1145
-870
-142
1095
-137
922
-152
25
466
65
117
489
1022
848
-62
249
79
-1088
797
-191
-197
-30
-596
-663
-44
1325
-631
592
-305
-864
850
-8
390
632
1019
-904
69
-291
1036
-465
-228
-428
-466
259
-427
-332
876
667
448
-152
610
1621
-230
-425
-115
-139
-507
374
-532
265
-368
394
-1016
1013
120
808
249
-915
563
-210
250
-565
1952
136
903
970
628
-1481
130
18
-603
-813
-471
723
-587
-448
150
-89
357
1057
-516
-167
-694
137
-219
656
654
295
112
-64
143
396
-203
-385
-493
-763
363
-841
53
325
-382
-491
127
376
401
-464
-885
-86
-203
266
-255
76
1349
-946
-406
-287
725
-965
-732
421
-550
572
-469
-1126
353
-133
115
29
-410
-263
289
1287
-533
778
46
310
163
-270
-385
52
-1347
-772
393
134
-466
1220
479
13
-284
-1437
354
-198
302
334
-687
239
-1080
-185
-1344
-1487
52
693
995
964
-483
-381
937
82
-148
297
-918
-1101
-288
163
-250
294
248
-715
-1377
-553
-107
-31
-377
-158
-545
3
1061
256
17
456
-680
-1194
706
69
-620
-451
-61
1189
-797
-698
88
1062
650
409
378
-267
-904
85
-1006
520
1001
182
-898
-310
-430
-890
308
-110
658
-358
625
829
55
259
60
959
427
-211
-794
-583
2
738
275
706
618
179
-720
401
358
-346
1366
179
-209
-423
-933
349
969
701
-180
310
75
-985
-594
-1125
296
339
319
1138
-1291
-29
32
-425
-317
101
-218
1065
-89
-227
1225
-217
-334
-674
73
-872
678
2
220
711
-621
403
-910
376
-814
283
252
-252
337
-111
193
-388
-678
-550
9
1061
-261
90
-136
-426
-72
-1004
1084
-216
1814
249
660
-91
896
486
194
-330
-344
403
-173
33
410
-717
-608
199
54
-621
-531
63
-257
-793
-209
-1743
366
164
-481
370
-410
-675
-569
-429
-121
-371
395
-1038
763
543
-124
195
-504
803
30
138
-370
-505
528
865
56
-1285
42
-5
-211
1520
-157
215
417
400
-103
-450
276
-528
429
1332
-627
-924
-65
-885
-305
-649
463
403
-287
614
-352
-292
483
634
633
674
-686
344
-236
-251
-380
-541
1206
-446
965
-335
-574
-108
-303
-769
-475
1480
-944
48
-1685
-986
-483
868
64
593
1006
-351
324
-62
427
-203
1062
235
-889
420
178
-1277
436
9
-950
-537
-582
833
-876
-1201
-9
274
386
-355
-715
-366
446
-105
-119
81
-162
319
148
-983
-451
165
-451
94
-58
317
-300
340
657
-434
283
-894
-463
-367
887
362
-85
526
-122
-660
349
250
-388
623
-27
-157
771
-160
-803
237
-154
1139
1301
1248
1237
-298
140
-263
-580
-356
-658
212
816
-254
-78
410
128
29
164
177
459
-1461
131
-224
114
-336
19
172
631
-773
418
-643
-410
-1149
976
230
294
218
519
350
8
-448
-230
-266
-780
-260
159
-188
283
698
1258
22
1441
-599
1051
-593
844
-400
-401
-80
-738
306
-1084
712
1177
-1437
93
-274
-602
-246
-232
448
653
176
510
39
-174
-462
119
-672
-1244
966
556
1021
584
-321
-103
586
-43
171
-986
-787
-458
-156
-398
-35
-728
313
710
26
1713
-346
109
-122
-317
513
949
349
803
-714
-1017
-357
159
-97
-368
671
967
133
1205
-32
-741
1252
-1216
-651
-1004
261
-530
132
37
-771
226
-602
-1089
-777
-291
1080
-492
393
-770
-68
1509
4
-442
1349
211
-706
36
75
-1427
325
-5
-774
27
-885
-361
-149
1065
529
-380
207
-409
-925
-10
84
788
1099
-1331
266
-338
51
153
1209
222
54
333
-413
1020
785
683
-650
-390
920
1137
-1521
1638
105
609
-173
471
95
114
-888
24
28
149
-408
469
-1037
532
275
-445
146
-204
811
201
20
-95
-27
-267
-1300
-812
373
190
603
518
636
-34
145
-523
-493
-503
-321
538
662
-256
484
350
-977
-261
56
1812
316
57
-890
-423
149
131
-34
792
-831
-375
839
-271
-397
-611
-415
196
-1439
1122
922
681
-575
311
242
-369
90
-128
78
1172
-143
-25
-163
-245
-540
921
-162
-21
-969
279
-277
304
1212
-340
60
795
-251
-21
1864
-926
176
859
89
952
-713
162
-56
-279
660
-684
-398
553
217
-405
-280
414
-147
-67
-98
512
516
923
377
857
-1384
-188
-465
1022
-48
616
-592
-394
-360
-324
127
-632
-177
-964
-87
400
483
550
-1250
-249
383
-278
284
-66
415
-549
165
-395
775
-1401
-707
-199
94
590
-186
764
-343
-642
-254
158
151
-467
-683
32
-42
696
-187
-896
997
293
736
-188
858
-107
1
-41
1500
-771
125
920
-887
27
-350
-647
545
778
-306
-93
620
599
-429
694
952
-150
-284
-39
1191
1069
535
-529
-636
43
-94
-1548
826
1189
491
-1163
81
-812
386
-70
1156
-5
131
551
-51
-186
-363
436
-1393
-1410
-215
-266
817
-912
-962
-608
1261
-232
300
-493
-387
-588
751
-703
828
807
157
508
-903
-31
-165
-509
299
6
-324
662
-335
-583
705
71
679
481
252
-698
206
-129
-683
429
1180
-84
560
-1267
-144
170
399
-73
755
390
-245
-2
-183
723
691
57
620
771
826
-264
-538
709
-1273
632
-1307
697
-563
-621
1225
-585
1
429
427
314
-389
-137
320
229
1158
3
-212
-1508
-286
-946
333
-573
550
-723
654
-97
378
-643
-553
-479
-378
-694
-1061
680
728
-248
193
1002
195
436
207
-273
-710
-521
-1252
-34
60
-745
-559
1003
704
347
230
-248
-376
-425
-187
-1200
473
269
454
943
-798
-183
872
114
385
-1124
-263
-751
911
558
216
-622
141
-75
345
-226
238
-761
297
639
-148
350
-3
919
-724
1096
-231
54
57
122
81
-1101
627
426
793
-96
172
381
150
269
129
-754
40
-612
473
-633
-123
471
709
19
366
28
-301
-379
-224
-210
87
-1641
-382
63
-340
648
-1415
283
85
106
13
-953
-293
338
-1050
-1038
-799
-41
-1242
114
364
-645
-163
1007
-162
171
-454
-654
-284
-254
-263
234
-415
1003
749
424
766
-286
36
290
193
-422
-590
576
280
-1013
971
-48
116
450
-567
1319
215
244
408
1005
1713
-167
-664
51
-1562
-431
226
113
-605
-65
268
-303
340
112
-626
-10
517
-16
-630
960
1166
-194
888
210
265
722
-994
-343
933
-27
274
-184
522
359
-134
-1393
-264
658
-740
305
-350
-767
375
-573
-656
981
232
493
501
29
-1095
562
-552
-1093
-390
-444
-7
-571
-780
-396
-261
-300
-900
-548
-165
-342
-733
539
-682
-114
-222
997
-382
833
-962
589
720
-444
-480
-202
803
462
81
492
-205
-197
23
-834
364
-696
-31
-191
1011
180
33
-446
-105
16
-278
807
-1795
26
61
-264
190
-636
738
149
890
288
442
263
-836
-341
874
601
2
-803
235
603
-332
-151
273
413
312
160
-650
995
-47
497
417
-386
529
156
-193
-162
-676
176
892
-774
-456
-456
1141
152
186
60
375
324
534
-764
-428
-930
897
268
-324
34
-89
-143
-494
88
-350
-924
-523
-541
-913
337
188
129
89
-300
370
621
-86
180
1380
114
-403
-374
-842
-370
116
1311
8
-443
232
44
490
1373
289
434
-170
-1492
403
381
1195
-976
-252
-311
-608
-279
-273
137
134
-543
1192
547
265
809
1273
362
421
-651
342
-780
-49
518
487
-1337
1487
490
-298
93
-158
118
-1213
-303
711
20
301
-186
1703
-568
-170
148
-364
-959
-856
-1124
1017
-211
-702
567
504
-766
-181
-811
-33
511
788
758
-420
855
233
798
-1309
-331
286
-735
-1549
-602
568
223
-484
344
-550
-117
147
534
-88
-260
449
-935
-1184
-737
-68
-178
724
385
908
272
361
403
-721
-344
181
181
-193
412
-28
492
801
206
98
-35
-500
196
-342
236
733
232
-1047
80
-602
-387
64
414
658
-47
-183
-404
-431
1001
-48
570
-1242
-470
-128
346
-466
1556
880
-1390
56
75
-670
1056
563
-646
545
527
-359
896
-1021
-643
381
272
-36
608
897
688
243
307
-330
-459
781
72
452
1053
24
599
-245
917
-163
-477
1226
-449
-1020
-21
-289
-281
1151
-64
-757
-687
603
998
21
-15
205
-133
-182
488
401
-239
36
-667
209
812
464
1464
728
423
-18
-1195
49
-570
-415
-448
149
-228
-1267
414
-730
8
1254
407
-318
-57
-401
785
108
252
-1883
836
662
-236
126
692
381
31
-1038
-202
-879
-220
835
-282
-289
819
-633
560
628
-121
-1221
116
641
346
32
222
-175
496
-771
291
512
685
418
823
-184
546
479
40
-488
602
-251
-900
-724
-66
-772
437
-552
-535
-210
-32
-647
439
-1420
637
-707
945
-215
67
-479
95
-828
300
-750
-25
-420
-858
-51
697
310
-29
-980
476
541
1329
-656
-650
-295
719
-799
-324
-195
662
331
11
-783
266
-280
-194
429
-1073
536
64
569
-765
537
-1478
523
-792
189
-223
111
-314
332
68
-193
643
397
154
-604
-500
-556
-954
-252
-567
-1186
299
848
604
920
-544
825
1034
1758
372
494
275
1263
-602
111
-1734
1688
647
48
-449
-103
-521
123
673
-883
77
-802
-379
-319
593
333
-195
704
-397
679
510
890
-1012
801
-10
370
-176
-615
493
-294
-50
-1008
-811
54
-1213
762
-29
386
70
568
5
2468
-455
886
1539
748
-801
575
-646
874
-995
-1001
282
-199
-690
1150
1709
-31
-183
-1070
305
-963
613
-81
-393
352
-515
-115
112
-1034
215
777
553
852
-224
-2
260
1067
-30
156
94
739
-573
-288
23
-1186
-782
-336
-187
-167
-75
273
-1990
610
-420
422
-422
859
331
-1217
464
300
826
606
-877
-1535
-434
293
-860
-811
493
-1484
29
221
-609
312
-510
-569
164
-577
491
-528
344
832
-693
-206
632
888
-892
-34
-1049
-15
54
1431
784
-247
713
55
162
268
-939
-754
-620
-790
802
642
-487
519
363
135
1001
241
-1453
-354
-634
-948
829
-516
-336
1310
-428
79
-803
646
-399
-209
-527
-3
33
514
-319
13
-525
12
207
202
-1041
325
-152
371
112
-723
283
870
182
1073
158
301
-543
-445
430
-9
-366
276
314
-137
-1008
315
-699
705
-518
-537
-540
1302
246
810
578
-518
-1096
-315
246
592
-298
990
-824
-1144
-228
-1117
1583
710
-1099
356
687
192
1193
-276
-532
703
653
603
135
-153
-494
19
90
1341
4
1135
-606
-422
331
-1134
357
-1020
380
517
-27
-634
-423
76
1382
-937
974
-104
414
958
-815
1086
915
540
315
189
1272
792
-321
-442
-251
-652
285
421
-521
-270
892
-394
-326
332
104
-317
-110
-46
201
-123
-27
-439
369
1052
835
53
-2041
-62
-618
-241
27
-338
-22
-372
977
-665
-78
161
-68
327
-35
-611
-213
-149
-516
938
-310
458
1323
865
-952
526
-60
991
-485
915
-465
531
101
-222
-35
492
1227
514
544
231
499
74
795
-138
250
9
-453
580
-63
194
-200
-299
18
-115
351
98
286
439
1622
1264
-488
140
-968
122
571
377
-243
488
198
387
284
18
-573
-123
559
-1062
-560
-344
-467
-87
947
916
750
644
202
-190
-993
487
-94
-729
187
-637
340
-481
235
-246
134
-625
188
-71
836
-572
536
244
813
193
-461
-118
-513
330
291
11
158
692
175
351
-491
-327
723
707
-810
419
509
-1158
221
12
139
1027
-562
669
494
970
-650
-1150
-759
289
920
-290
59
-973
261
1287
-769
326
-1763
373
176
399
-521
-592
-184
893
-676
121
695
199
24
1376
97
-206
-69
292
-294
315
1131
483
182
-628
79
124
-180
1091
-1067
-888
596
628
514
88
433
583
-338
-47
576
718
983
-274
60
-297
188
-154
804
808
538
647
420
-604
71
-857
-23
497
899
-89
-1236
129
953
647
181
439
-687
14
-837
614
-233
76
-640
215
-351
518
-379
-968
793
836
136
-45
143
-579
-606
612
917
243
824
413
-710
454
-938
901
-312
159
-237
-519
-52
457
565
244
-1219
-778
-307
652
-126
-595
948
675
5
-546
171
-151
587
-629
-731
730
-794
262
997
246
-32
-24
1281
286
694
191
858
-204
-533
-1055
-1243
475
1679
-19
-419
-499
-122
-463
149
333
213
-1466
-797
574
-872
1007
-672
-1348
-43
1039
-841
1061
274
-872
260
-167
-475
422
468
80
169
545
404
-207
314
475
-133
623
-176
-663
737
69
-130
-144
-912
-105
-285
288
354
-290
10
317
15
701
-69
482
-282
35
-725
-1391
-201
-436
319
-263
-491
457
-1368
1182
31
-92
517
-612
900
401
-356
1133
357
492
833
501
-658
310
-373
633
690
501
-590
403
312
-81
593
5
121
273
-331
690
423
-499
344
461
521
37
860
782
-299
-620
-956
-290
-1035
-533
507
-109
-18
-114
-586
-355
296
494
-183
14
-7
8
310
588
-391
-48
744
484
-781
-550
-991
-78
1493
-44
-596
-293
-278
-528
114
-71
-96
79
-1189
816
813
428
566
-1351
-139
-945
-133
16
-110
497
94
427
-473
1083
-103
175
111
-101
-833
-1285
-395
-56
-103
-604
-450
43
-784
393
-298
1250
-1651
896
878
-585
-259
120
-933
790
-892
252
-1560
-555
-37
-228
1001
-154
435
2136
433
-1333
593
990
-577
-179
787
-681
491
1034
538
276
-314
-511
-31
-30
-112
-442
358
-724
-326
1905
-877
340
-1643
1044
-1174
1052
474
-336
1786
-545
1109
52
-237
576
-50
-1421
-386
-50
76
-384
-502
-863
643
-577
-329
-431
539
-15
-409
105
-1037
784
506
613
-646
-147
59
51
-697
-207
-325
1130
-545
570
238
-7
-157
335
-1201
933
-801
-237
42
-1034
-710
822
131
219
370
1059
-454
1159
-658
-1563
-589
-211
-305
-841
516
360
-453
1384
-100
783
-238
27
-761
-24
1593
102
-795
750
-7
440
-1579
222
-405
1149
-64
158
-1296
-504
152
307
-318
183
38
268
-349
-252
642
1017
49
598
959
367
463
183
436
160
-496
6
635
708
1022
-565
912
-513
-752
-227
985
739
-1174
-359
-313
-963
-1156
332
-161
-521
-619
-350
-505
801
830
-996
976
-884
-45
-114
547
-994
605
1256
1066
-334
-580
747
159
241
308
-464
580
520
125
-813
829
1054
761
40
1287
-106
-494
1301
5
1308
671
-239
188
-1031
727
-217
-1427
557
36
1107
-130
-935
550
-250
194
285
-78
920
163
1362
-886
1472
957
269
-657
-224
-325
628
-1195
433
-138
-1018
-320
-288
1229
38
-181
534
-589
-16
509
96
113
422
822
733
-588
121
-424
962
269
-494
334
-125
-302
-323
580
192
182
-491
210
-651
511
271
-285
130
-662
251
-629
58
-432
-49
-914
-26
-148
-1058
845
-641
621
315
82
241
-258
255
-384
-956
-188
1568
-100
-704
-609
400
143
-38
-667
-879
1089
884
492
429
-424
486
11
-1077
-394
860
-348
-642
-729
-320
1044
-1077
-209
833
-92
823
689
-463
643
60
335
179
-835
592
-119
-934
-1305
-575
-279
955
118
-91
-516
-611
81
884
1026
100
339
785
-284
562
-700
1260
254
-664
917
-564
-78
-15
-377
135
761
134
1
439
-302
353
231
804
-87
587
-504
869
-137
-732
33
-519
975
-843
-32
1227
-281
-1298
760
-65
-126
75
-386
-432
-1028
255
-492
-937
-47
490
-312
-75
282
-727
1520
29
90
-982
-606
23
-1001
-383
313
459
734
164
330
-556
-198
339
-61
499
1407
1083
336
-796
-314
-283
-962
-33
-949
-449
-18
433
1240
-1181
-146
171
-249
914
-256
-357
495
-742
-610
1122
566
-305
-76
157
386
1025
784
421
-2114
-637
-1656
-81
259
-267
-36
515
-767
-751
-9
1715
426
-698
-1044
262
-318
-322
-44
331
-227
-408
-538
-585
497
238
-457
539
651
-780
-1400
-292
720
-604
789
-659
-117
-202
-333
880
341
877
162
89
-361
-57
-263
354
-420
-239
-775
248
665
-310
-650
-331
763
578
518
-280
-377
-571
184
-1653
607
-1335
-657
780
480
-257
43
1110
-782
-29
-262
-181
-743
1012
-299
793
-447
266
-660
-465
-1140
319
-1043
873
-1688
272
-673
426
929
-1336
-771
-24
-1483
-180
99
-57
51
300
-168
261
522
-289
1084
-514
673
638
614
998
-123
-208
1148
-411
671
-168
185
-488
554
-619
-417
1152
87
-559
-593
28
670
-1081
-372
-488
-1598
-181
127
291
921
273
285
232
1152
-406
384
769
-188
1352
1004
2
252
-1187
-957
438
-752
473
-438
-1012
234
-369
419
-310
-56
-479
503
-578
282
1253
-240
687
-173
720
896
13
825
-480
-80
-814
-202
478
-201
390
354
234
1049
-382
-277
-1035
-747
-591
-96
-324
-35
-122
-432
-169
-449
-663
-846
163
19
13
-40
655
-1099
134
-29
376
-496
416
-775
-496
308
-735
617
-28
466
264
955
613
-616
-142
59
-94
-962
-338
-55
-623
71
57
-719
675
104
-744
-590
606
-639
112
-385
-705
-481
153
-232
-161
415
18
385
245
-936
-775
-763
-154
635
454
-1527
-625
-793
-77
-622
381
365
97
-564
-1300
-486
-590
720
-33
144
-68
425
648
975
396
142
-223
-56
-425
260
-180
446
-592
-129
151
-129
717
-207
-487
563
444
-205
-583
268
1
21
-21
787
291
-225
340
-236
355
139
150
-680
264
-1163
-173
-94
-108
174
668
388
835
483
-518
24
205
-738
1128
783
-114
651
232
-96
-550
927
450
1362
-635
-228
219
435
-245
-336
-292
-732
-454
-85
291
-929
1010
711
-920
1031
52
-655
-497
-1429
-627
54
-385
482
-357
304
316
-53
785
430
1297
-80
-745
558
-159
137
-91
-194
-342
686
-200
-242
134
-445
-854
244
559
-86
-534
-131
1187
-286
-371
-1258
869
69
-598
176
-378
-71
-1688
495
-43
733
1207
-2031
-491
240
320
-40
235
567
164
162
-567
505
604
-953
-396
499
-1426
1259
-261
-152
-279
-497
-96
