50 69 324
0 19
2 11
3 28
4 33
4 48
5 4
6 22
7 27
7 43
8 8
8 12
8 27
8 34
9 47
10 13
10 45
11 18
12 27
13 7
13 20
15 44
16 15
17 30
18 12
20 27
21 5
22 12
23 1
24 13
25 29
26 22
26 35
26 41
27 12
27 18
27 39
28 20
28 48
29 14
29 39
30 4
30 35
30 37
31 42
32 4
32 26
33 7
33 20
34 46
35 27
36 14
38 7
38 27
38 39
39 35
40 2
41 19
41 39
42 28
43 44
44 12
45 24
46 19
46 20
47 19
47 22
47 32
49 35
49 47
54
12
15
23
34
3
16
41
64
50
51
7
2
32
60
48
68
55
62
4
46
45
6
52
22
61
53
24
26
59
67
44
43
1
37
0
8
27
47
9
33
31
63
35
17
30
40
56
57
20
36
5
21
25
14
66
38
58
28
42
11
19
49
18
29
65
10
13
39
408
333
-196
676
459
-909
-183
496
-164
-133
-81
-164
-222
-88
-13
-133
467
162
627
160
269
-40
767
-423
425
-156
-231
121
-280
-295
16
-336
141
-185
365
113
-397
-148
755
89
-60
55
40
73
-195
-220
-202
75
515
-123
318
201
-269
-22
-54
-487
-250
-141
-858
-19
197
-518
-447
130
470
-92
-577
179
-387
786
-190
302
494
-200
-15
-533
-428
-95
-241
169
85
503
-383
-78
-282
-142
331
-229
20
-479
298
646
41
-439
-311
-209
500
187
-853
433
599
-620
-460
-141
-143
533
-360
160
508
238
-117
-153
399
267
-73
-1
577
169
-426
-344
-142
-111
-42
-410
-1016
206
218
248
-404
-220
77
677
-236
-48
-188
-20
858
-15
45
232
-359
191
200
-266
624
153
-235
-163
240
-530
341
315
-320
32
-153
407
-296
-289
90
-496
-193
-120
-288
157
90
-215
-291
-10
176
-16
219
-235
220
467
466
675
52
107
-353
-184
-26
572
-347
457
147
53
259
-601
-12
36
-327
-286
-351
-60
-412
-552
184
77
-381
-240
237
169
-256
354
307
83
-448
737
-50
289
-329
-429
27
372
-22
442
145
-135
232
-266
-202
328
127
303
-192
47
12
-190
764
-339
3
398
195
-94
-239
-45
-656
240
167
98
125
-530
-553
178
231
-57
-517
91
-570
10
-266
517
559
-281
-410
17
-15
-80
353
7
644
395
-275
-408
-2
179
4
-158
-147
433
9
446
-750
59
-60
398
73
-102
-333
-149
-757
581
-8
-313
403
-196
113
-105
-207
399
315
-417
-144
-272
-265
-286
-430
395
-242
235
-493
536
-128
228
80
515
-441
-113
573
-98
337
-210
101
105
329
-322
107
-417
-184
595
-667
-346
-103
426
386
-576
-377
-146
382
-459
592
-74
306
-832
117
41
-73
-85
-75
304
-63
75
-467
502
-220
-231
123
-65
-468
163
-223
565
-595
-149
-395
235
60
-78
162
-357
-355
-71
-228
-119
-544
10
33
-44
226
-83
-353
137
182
340
475
340
730
124
1159
-240
-207
120
-650
104
286
241
437
-208
25
91
-351
279
-6
-934
599
436
-229
-197
-242
694
-120
391
609
33
-135
317
828
710
723
263
-123
-416
265
159
169
-225
117
152
-509
254
-272
-540
-48
161
229
-365
80
417
-622
-71
507
-147
36
163
-216
313
247
-108
-129
243
303
-495
-176
197
-83
-431
-186
166
-169
-170
81
237
174
27
19
-393
-362
-205
125
50
664
422
397
80
-44
324
-276
-96
-234
-515
289
-531
-52
154
-448
151
-542
245
-345
387
-150
20
221
186
-193
-641
17
767
-215
-173
-268
111
-85
41
277
25
-508
-232
300
-51
-85
959
-318
103
458
-440
37
-554
-235
576
-581
-191
209
143
418
444
538
475
365
-3
43
-28
-21
-319
-475
414
414
20
-155
196
93
198
128
-17
377
-135
-380
116
217
29
202
-548
-165
-154
-175
302
-13
132
-306
-257
653
-56
785
7
-162
598
477
68
574
34
-496
22
-351
-13
136
-156
-83
-1110
207
225
419
306
257
-265
220
-55
-352
256
429
139
-789
-263
-231
97
-332
550
-66
101
85
-148
-440
-36
-111
-392
511
-74
167
-82
-175
341
92
155
-462
-254
-643
137
515
115
343
-150
36
151
112
30
426
16
88
-188
-318
-239
44
-167
133
509
647
-72
259
375
-152
181
-51
377
-106
-356
302
579
-191
-11
313
-330
-149
325
-548
-169
-228
175
182
-118
-212
-85
-404
-182
315
-54
239
-181
128
-106
-126
-461
74
-84
-219
534
-668
692
321
-180
-449
613
339
608
165
324
-20
-290
-417
249
103
-310
-559
-319
309
720
290
458
-364
381
-433
418
-254
-283
-304
105
-505
627
-582
331
-700
-296
165
224
-196
757
-108
109
13
124
585
417
236
271
-402
-544
-652
149
403
-630
21
439
-205
294
-286
-52
-534
-62
217
42
-48
474
-455
-108
-241
-199
128
-92
421
-59
-22
-511
141
-29
-8
564
59
-621
224
41
-41
440
-13
-538
-195
-192
-14
-68
-754
16
-3
296
-229
269
384
-21
56
168
102
-251
-128
35
-133
-208
95
-264
86
249
512
105
-13
-349
239
302
-371
235
-50
201
382
-199
268
547
-516
-159
-158
356
344
-269
152
-722
-100
269
134
-93
-38
185
-92
-391
489
199
607
-123
-188
-288
-523
391
464
-62
-141
619
-175
26
55
-252
-227
36
79
39
64
-597
517
-103
229
132
213
-114
-146
-56
-40
301
286
-422
46
-137
122
195
307
380
-80
-63
-187
-66
-736
-258
365
391
752
-196
545
189
-91
-99
7
-152
-2
357
-344
470
-579
-13
-73
-207
369
86
626
171
236
-209
-225
147
-652
525
477
-84
252
287
-701
41
214
-392
-578
-258
-307
-404
347
-143
73
387
401
-82
-578
-86
-16
-641
709
501
261
-12
-276
95
63
162
289
-172
-278
-98
436
452
102
175
-57
90
-3
-378
240
156
-54
115
58
-463
52
-165
504
500
-524
-218
23
-36
-484
-119
-217
337
341
485
-169
-307
58
-269
378
-583
-29
223
-258
-151
45
269
-19
-19
-542
221
107
-53
342
216
-3
617
-225
-90
347
263
-270
639
256
200
-469
1120
-92
345
83
-402
165
464
159
131
-168
601
134
94
523
-291
77
320
-167
-689
-782
32
231
180
-448
-609
49
-94
-299
443
329
67
140
167
-548
-321
-246
125
273
312
111
-335
408
-163
-452
-16
-950
-82
228
-598
-440
304
-501
364
-73
-385
233
-161
646
-458
-29
-669
540
-232
602
116
226
-35
287
-45
76
26
-62
80
131
-406
-190
-62
-327
472
171
-160
14
-541
-155
-603
-145
-45
-199
-242
135
-206
-788
425
-75
-141
82
457
-508
-419
140
-266
-10
180
-285
327
-247
-189
-73
81
939
244
-355
321
-355
-197
-4
-171
506
96
99
-20
167
-22
-274
127
-260
-190
77
133
244
-244
-343
412
-387
-299
-181
349
67
291
-143
-73
261
-288
237
151
-490
-270
-648
108
-128
-167
-341
-113
-99
570
-333
84
-210
-534
-543
-34
454
144
-37
12
-623
249
-348
298
45
213
-134
86
-137
266
-173
309
324
-91
-598
338
265
188
76
113
-183
262
-99
374
-108
243
245
791
-17
505
601
-71
141
368
-937
55
191
83
-375
-108
71
-42
-449
24
-415
-250
-159
80
-130
164
464
176
317
120
-250
-404
-194
451
-37
289
-164
-397
-832
340
254
-478
116
168
-100
-185
272
55
-377
-588
127
459
400
129
-28
34
2
739
-246
169
-576
461
-494
18
-155
-49
-291
108
-342
248
81
61
-227
575
-84
39
192
-229
389
-325
-55
-204
-670
-341
661
-1
20
57
21
401
-236
64
74
-37
-350
-198
-77
47
-98
216
221
-317
-100
297
-247
114
-246
-284
481
-146
-242
358
46
87
-117
47
-172
-74
21
-739
-391
449
-104
4
-339
51
255
169
40
-43
-76
1130
684
42
25
-175
-226
-219
-382
-334
83
140
-74
-278
-468
-401
465
198
-50
-311
57
-50
-240
-339
-223
-159
-203
467
64
-396
-643
141
271
-228
26
153
177
278
-98
404
77
-270
-202
124
-75
896
-763
87
252
-60
-261
442
164
301
-57
135
-239
468
131
-20
-42
30
222
-40
-92
-473
-108
303
-74
-160
-273
-409
-330
-309
-36
-61
-90
-48
164
97
242
-692
-117
-38
10
41
122
0
-198
-63
85
-215
-51
256
188
-599
-236
446
326
137
-422
50
28
-93
142
-169
-258
288
557
20
103
-680
68
-314
-120
143
-362
-246
-296
-359
114
-399
53
264
163
251
-95
-209
27
-202
-713
-7
-5
424
143
165
656
263
-180
-50
-219
-173
-525
126
241
106
456
10
168
180
-3
-123
-319
-127
-347
7
98
40
117
80
-81
-123
-178
-108
79
-212
686
-16
571
214
-243
128
-160
-142
-488
397
178
-618
-1067
-594
410
328
743
464
-253
-317
431
-532
-162
-44
-305
-181
-26
-92
652
-114
-149
-591
-539
511
-258
88
426
-400
-52
60
-239
302
7
234
-184
99
182
172
382
22
-252
-388
464
69
262
462
66
680
467
25
750
211
-151
349
350
-234
-487
-158
195
-34
-135
372
-72
457
-332
-231
-298
-668
69
130
-124
-340
-161
125
36
-500
255
406
140
-340
156
882
-67
68
68
45
50
-35
-694
472
232
-592
-486
650
128
-191
41
63
111
156
73
-142
553
-419
-11
156
-218
8
-190
52
331
285
-431
70
-541
7
-13
-1
21
-45
-91
-116
-79
126
65
-489
326
-42
200
259
149
23
-180
401
285
-235
-220
23
-296
250
420
133
-28
-491
253
274
292
534
-559
423
50
154
-633
-348
214
92
331
708
247
105
151
-81
-24
357
405
-109
-381
175
298
-492
-187
-35
441
-387
-258
54
-280
-178
344
-138
18
-253
491
314
39
-20
412
-1029
158
190
253
66
-717
306
-386
-22
-268
31
-499
574
203
573
239
273
47
-115
-333
342
96
-423
-392
-58
210
-3
101
401
111
52
-69
-351
351
-69
-160
-283
-35
9
-258
410
76
-147
-624
343
-166
-154
311
213
-351
-98
382
521
-813
93
391
-80
407
31
505
-243
224
767
-66
555
177
703
-27
509
118
642
33
-431
-246
354
812
-187
-349
-105
-395
-120
-407
-4
-385
681
711
224
318
-277
-310
-251
-354
-356
-190
-490
461
-158
132
-430
40
-17
240
341
-68
21
52
115
-206
-120
-281
-217
462
350
242
-358
553
19
-108
333
-77
123
715
-5
99
-709
-477
-681
-98
267
345
-750
291
167
-196
280
-268
150
-143
-252
247
-431
-94
-208
-163
360
-126
280
-476
474
596
547
-125
553
122
-288
-122
502
136
-52
-133
146
-151
-31
456
163
-168
-220
-132
-346
257
-268
-64
-113
2
549
199
-446
139
340
-335
-43
-166
-264
344
75
80
364
268
-6
195
-95
343
-178
-200
-592
-33
-820
-531
437
292
-401
-117
-201
270
352
135
-3
-125
644
-317
-93
145
83
451
34
202
133
394
-286
-370
-46
-309
-370
-329
101
196
77
-894
-545
765
-76
-78
-498
-323
674
90
350
334
-95
275
514
-369
1
-77
199
-621
-148
38
281
-217
-47
-310
-47
475
33
-276
-28
-274
-51
8
-378
124
-173
-400
118
184
-657
41
-220
-188
-32
-420
234
251
-284
-172
68
32
-239
117
125
-142
196
286
-339
202
-279
195
302
-75
586
-117
496
-146
-95
134
-52
-68
40
312
616
-241
-220
-83
105
-45
91
-216
-299
-108
-68
266
-423
-813
-19
-259
-352
156
734
156
-30
55
-172
96
-487
139
-9
-200
101
-424
108
-349
19
497
115
75
-515
39
681
-59
-78
166
792
125
493
-53
-628
-359
337
103
-256
111
-381
-41
-614
194
695
153
115
-16
-586
28
-106
39
184
341
82
-671
-200
15
-108
82
-28
-14
-177
-157
50
-7
-485
-326
-189
-146
46
-231
278
-318
-36
92
19
99
-521
-326
31
-802
-233
161
-309
-652
262
276
305
665
114
-55
-536
83
220
-311
-483
-188
-51
199
125
252
-163
27
-17
499
-703
45
-305
-80
562
-164
-269
521
243
319
597
-258
25
362
153
857
539
-182
-447
135
-150
399
352
-608
108
164
865
-243
192
246
-125
353
310
128
-235
422
-165
-156
275
-160
0
292
-333
-605
-49
224
-195
-90
179
-120
-758
115
-433
-753
-93
228
81
-179
182
146
45
72
245
73
459
178
-48
-445
206
-817
-268
-109
-72
-315
979
-61
-95
264
-342
-212
147
780
45
-230
-436
284
126
-21
93
201
34
-186
332
-435
-517
-390
-19
-197
-95
269
117
0
303
-104
-240
-493
-94
-781
219
-356
-373
287
-263
248
1062
328
321
260
180
-105
440
-46
-343
-106
-82
97
-483
47
-234
-185
-498
92
145
122
79
-147
261
26
394
211
505
-319
592
18
188
-398
196
-303
-320
309
132
-441
-146
-494
-57
305
-250
-301
867
108
260
-374
88
212
-83
486
-26
-185
-99
-645
294
7
75
-58
-6
128
710
783
-143
-270
-635
96
276
130
21
705
-102
395
670
129
-216
52
166
553
333
222
303
35
-900
-443
-15
116
333
85
-17
-159
-669
181
244
-282
-227
-615
653
-305
290
-381
-11
-99
136
339
211
-320
40
533
62
-219
-179
598
30
14
188
-534
-136
138
-311
53
-335
50
-85
323
-207
-323
-182
93
30
48
-78
254
469
27
69
-14
-7
310
234
519
544
-97
82
610
-356
-347
-172
-203
-11
207
423
218
-20
661
169
325
267
137
92
258
-23
-96
671
-68
-323
118
-683
-183
311
-137
241
-91
95
483
-190
-226
-75
502
566
8
-22
317
-169
-155
-190
171
-668
-388
-257
-265
61
585
52
-325
197
282
411
-52
-203
-408
-105
95
-390
236
-278
-701
55
-656
87
57
119
-495
125
-556
-91
-608
13
690
164
223
281
-144
-156
-432
385
-278
182
88
-178
-378
-433
445
370
-245
316
599
64
4
362
-132
-16
-444
406
-469
-75
-5
-21
178
-128
-158
-127
-499
486
219
499
-653
-202
-369
-133
158
-849
266
108
-249
723
631
-440
-282
-242
188
419
129
-17
700
-14
-292
236
-117
518
140
127
158
-68
174
219
392
-140
345
-44
-85
12
183
-175
435
144
-238
-165
62
560
-501
-53
-196
-201
186
401
-198
349
467
-50
4
294
468
114
246
135
-373
-48
530
36
8
-331
5
-442
-182
-583
235
18
315
-413
-4
157
282
-568
-286
243
399
-237
128
-151
105
281
-219
-79
-7
662
-231
383
-8
-349
-388
375
-419
111
178
-514
435
-425
183
7
-212
-118
347
-61
132
-212
-313
-205
-392
95
391
303
135
-331
-130
133
152
-277
639
16
-66
373
9
64
-377
222
221
180
-118
221
-31
-179
646
65
-215
-107
35
144
-288
174
376
66
533
-648
-650
-117
335
218
-82
820
-384
256
-331
-57
-134
-455
-582
5
206
-603
131
507
-373
308
-270
-678
-321
25
-264
154
142
-19
408
119
416
-568
-456
-3
264
185
-50
478
546
-317
-294
241
-610
226
-411
-21
232
669
63
-223
-336
307
-240
150
-176
82
-297
197
239
607
14
-144
190
278
-48
-511
433
415
-517
690
-338
155
26
414
-131
-133
-246
392
-522
-385
-229
123
81
-75
-348
-197
260
-464
-207
675
-97
-114
13
-187
33
67
209
279
-121
659
232
64
-411
-540
-154
-173
-401
-252
-100
-116
-576
-220
-371
-589
133
209
299
-280
-312
616
-17
279
99
-180
-74
46
321
195
-472
-138
14
-126
225
362
-192
70
283
92
-418
400
-264
-9
-558
183
-245
-369
13
-106
-208
-322
54
259
170
-298
-204
-36
319
-202
796
1018
-390
-153
-178
567
420
-203
-14
-248
320
133
189
-447
-100
-376
-176
465
30
167
365
133
253
-158
497
138
-320
-427
277
-630
-246
-500
769
174
-89
29
354
-516
110
-73
-231
136
487
-8
-248
-258
172
-241
101
-46
-159
-112
-292
-46
143
414
467
70
-156
108
367
69
-474
-464
-269
-96
-409
-259
6
-213
247
265
21
-653
160
95
226
-223
-237
-87
363
-279
294
150
-297
-1
-113
-366
310
108
-340
374
-205
295
-381
-267
-37
241
-24
113
-147
232
-157
-206
-248
61
821
338
-2
32
-118
481
357
559
261
-151
67
265
-256
-498
138
-412
-73
5
78
197
-138
137
-279
302
378
597
-417
468
347
-227
177
369
-47
-257
333
129
-360
562
344
27
67
-29
-375
-88
480
-522
-55
103
449
221
-30
374
-304
-74
234
-132
508
214
39
555
-208
-321
243
478
455
11
-201
-481
345
-211
498
470
-544
227
-447
-407
-41
-500
-50
58
-153
487
-284
-435
-140
689
459
-245
173
-366
133
-185
97
-52
147
122
393
75
-10
-76
-170
-76
267
385
-681
-115
-60
-455
100
-369
-71
-448
-816
205
681
1015
-91
277
-113
458
221
-192
-2
-496
204
210
-237
58
-328
-169
-366
-274
395
-310
-346
-258
102
107
12
-62
-394
302
218
127
-1
362
55
-337
-21
-92
79
452
-732
656
217
-289
-101
367
-484
696
104
592
-106
324
-177
390
-321
443
-301
-409
-381
-111
-422
214
-197
-12
494
418
-48
359
-175
-418
206
-269
-223
-282
385
207
-422
24
423
-46
193
62
-294
596
209
236
-424
164
209
-18
490
13
152
547
-39
-118
210
0
-189
645
-190
281
-499
-192
-203
-461
-91
-135
662
47
416
476
-58
-375
-141
-135
118
80
-407
34
-221
440
-204
598
142
-54
-471
-569
-188
241
172
61
-312
-275
75
318
310
59
266
147
224
-216
201
-117
-250
-9
734
212
538
-558
-41
-38
86
-279
237
-111
111
343
206
483
-176
-653
132
49
-509
-211
-47
510
-242
-457
-10
55
-304
-104
-79
-244
335
-27
308
-28
-301
90
-487
-353
690
-215
91
457
59
269
-53
-372
178
-177
180
63
-133
257
371
-262
378
-469
280
-125
-48
-67
-607
51
392
-156
233
-160
213
-360
-63
20
-239
0
-522
-571
2
279
50
-620
-119
478
-591
-10
-165
-58
503
-56
24
279
239
-210
375
53
-346
-129
-508
141
-194
-289
141
487
348
-289
143
-293
187
376
-140
174
141
-218
533
402
246
13
-294
-578
788
-422
-335
-441
50
-454
-266
-202
-238
-335
-56
-499
537
-222
-216
-528
-226
-399
40
-52
-116
49
-50
77
12
-547
207
578
-168
61
676
749
-8
466
162
-482
-338
329
-245
-135
424
275
112
499
-36
288
1
332
-299
-160
297
6
344
211
-408
-527
-411
344
204
-580
108
725
311
315
308
-235
-579
-204
261
234
-242
-310
112
10
450
-403
268
-350
16
379
446
-305
-231
-7
-1
132
74
351
-157
-67
-44
-175
44
-469
86
-143
374
-472
364
379
-83
460
-236
80
-76
-185
3
-160
494
-760
-232
-46
-395
-282
-364
314
45
-1049
-203
-418
-32
-649
444
-350
218
574
-290
53
427
-248
397
-269
337
729
-475
-101
-409
456
476
658
-152
183
-286
185
-203
-253
67
46
-558
396
-499
89
207
-17
-155
324
624
266
138
67
450
-284
-100
-453
-250
-676
-95
264
-55
-34
-83
126
-38
-188
-227
-3
295
162
392
285
-172
157
274
-29
492
388
-600
480
-686
362
358
-338
165
-52
-254
216
-160
280
82
96
-197
-285
-22
39
-97
254
-380
-256
55
548
-433
226
13
407
101
149
199
616
80
54
-256
162
-12
80
-415
207
75
99
246
452
4
306
-508
89
-116
67
172
13
-651
1046
-423
317
-558
214
-52
90
-213
3
40
-137
-100
100
-82
-84
312
-157
386
-780
-52
878
230
279
50
162
-57
40
-238
361
125
7
-116
79
91
-476
-218
115
-220
-60
-429
19
-255
-74
92
224
44
-284
-160
510
473
52
-373
34
-508
448
-142
136
119
61
115
356
-291
-86
198
224
135
-79
218
-25
644
-579
44
-366
-150
-829
432
286
-889
69
28
-312
-240
-304
745
-527
35
-90
235
82
274
269
26
-248
-73
161
-234
109
326
-204
638
-130
-674
-77
410
-209
-58
-58
-197
126
379
-272
10
-224
-283
155
-509
577
199
104
223
-15
-288
710
-434
-51
-296
-278
-1
-27
126
-469
-77
-500
-252
-292
40
-145
197
-190
106
103
-294
-134
43
489
265
-266
-476
42
217
167
332
-540
74
-175
519
308
34
-203
78
116
329
-541
334
198
-65
-87
360
346
-69
-221
-253
72
220
-323
-104
150
-80
326
-615
641
-697
148
328
-375
-216
238
97
-153
165
-891
-2
73
321
-59
-67
-3
-249
49
371
-155
682
332
-56
-405
-73
-13
13
-126
166
193
-182
-3
200
936
194
-110
-105
335
-452
-309
-400
-48
-341
230
-639
-32
-66
-384
453
233
186
337
-202
-137
-150
-35
-446
-255
29
270
-92
278
277
-93
372
-497
-68
419
16
-107
157
477
127
-286
440
-416
333
122
15
525
-380
321
330
-2
95
85
-292
284
-37
242
284
646
-10
-179
-360
-16
468
-193
339
-589
103
-336
-305
-176
-299
-146
-13
13
-123
-257
-740
147
257
-425
207
-87
-391
-8
184
644
201
-292
-60
-135
90
-179
-361
218
185
276
80
-547
-123
490
-104
186
-511
127
237
-48
255
-343
-95
-81
-277
-180
226
-158
-411
-229
44
-248
375
-46
-142
-217
321
-272
167
222
-51
-370
-521
-449
148
-678
15
-660
183
-434
-13
306
-512
-204
-96
151
-32
-37
-132
47
55
55
6
82
-285
-286
355
135
-459
-667
-182
530
367
-75
57
128
48
455
73
87
609
-352
-262
80
343
431
-395
723
-17
94
37
-664
214
-221
145
199
-224
567
-98
-104
-55
287
218
135
54
-222
-236
-98
-168
741
-132
491
22
41
-53
381
-152
-379
-162
503
-39
-159
-91
-435
112
-10
384
-325
-260
-235
-154
70
-20
-49
-244
-134
-272
-235
-121
-290
232
272
453
-91
174
17
11
-242
-380
506
-285
166
279
137
633
-223
163
-17
240
-193
-543
-134
190
293
346
118
500
-198
109
-80
193
320
-445
-134
339
117
-306
94
254
193
-7
98
-14
-164
665
-94
-205
-93
210
-433
200
-516
301
543
193
26
-338
6
-338
316
95
20
-163
488
-31
175
64
-193
491
-135
204
-837
229
-566
999
-547
93
-365
-510
-119
-23
293
501
97
523
152
-266
-517
-349
-146
-432
-262
34
3
46
210
-338
331
28
20
-455
11
399
696
260
-22
-4
-435
-542
-54
-85
495
220
-191
-179
528
-229
158
-284
-219
-227
22
234
621
-303
-3
768
-10
14
471
-47
-729
-288
371
-840
299
496
-121
62
21
-34
-156
-235
-84
-340
9
170
-253
-122
-628
111
348
-134
106
263
116
-318
-273
43
16
73
-448
-456
-57
174
-88
325
-200
-446
97
-38
-549
293
-152
-106
365
-279
46
-157
-68
160
375
11
-71
231
-170
122
28
237
80
-284
215
341
495
72
-117
-140
265
-102
-14
79
417
58
622
-847
-284
178
-132
512
53
91
231
-160
304
355
144
-101
146
7
131
-558
350
-89
185
-317
159
140
-479
265
-695
150
168
0
-64
-203
-409
-292
341
-251
63
-151
10
333
348
163
3
377
262
-280
54
272
-634
-428
453
75
387
-586
-231
228
38
545
369
630
292
-299
153
607
-291
-448
-72
194
-310
373
-45
603
-853
-256
-474
194
-253
5
108
299
-166
180
-197
-413
189
56
55
-254
287
-225
314
-298
40
161
-57
-249
-658
114
-66
384
-12
-174
96
727
-404
231
0
26
501
145
-651
-86
-87
-18
-278
-211
-338
356
104
-248
601
84
-101
189
928
563
56
600
-213
304
-671
4
34
-180
14
146
-10
-266
-99
-316
-295
325
160
-319
-496
471
-80
-446
646
228
-178
-276
56
413
501
-101
138
-117
-209
347
34
-192
269
-656
-132
211
418
276
-440
-248
676
-132
-117
586
140
186
-78
543
212
764
163
-225
570
132
-139
384
431
141
-68
-173
-790
116
727
-361
279
-29
-293
-548
161
-193
83
168
-169
-2
219
-70
346
-796
-96
-38
118
623
-145
435
-148
-197
173
146
-524
-67
-239
616
55
-27
-180
203
-418
-206
118
-37
-58
288
-190
172
-404
-15
95
515
-194
286
288
250
278
121
49
-134
-217
400
250
-70
-338
-642
109
-237
90
-436
751
176
139
-188
82
20
-16
-158
68
-618
-168
-373
-250
-66
-269
-78
26
218
569
131
9
-11
-29
382
76
-559
5
338
-9
194
407
371
-631
-423
-31
217
514
-269
-481
1087
155
-243
96
174
19
-248
111
41
-310
138
533
-77
223
194
76
-196
-290
-188
469
-214
-444
350
-514
-12
114
-126
-670
130
-50
-280
173
-291
297
703
-658
137
-391
320
-14
-96
-262
-49
-78
-2
-451
365
-599
-484
-237
-354
131
-41
-79
333
-475
172
-3
212
-191
-300
-135
-199
26
6
-183
558
-440
-413
46
174
-79
393
139
-166
574
-376
573
364
708
252
258
234
-236
118
-59
-424
-40
-182
432
194
194
34
345
-917
324
-117
686
128
-36
-451
59
458
76
-121
215
300
353
-36
163
10
-36
215
306
-388
353
-374
-610
-656
282
-97
-445
-366
164
-389
-223
-108
226
183
682
14
129
-79
163
-487
333
205
-100
335
729
-293
230
58
331
-163
-117
-79
-515
-294
-73
-335
-543
-314
305
170
-541
-476
-19
-633
374
-11
272
-314
113
228
264
-247
-125
-44
-227
150
-250
-77
-438
-870
456
220
-224
890
266
257
144
122
449
19
85
112
-201
114
716
5
-3
-453
690
-122
-680
-366
-539
63
432
-236
290
-149
-190
424
-331
-110
-301
242
-705
-318
101
25
108
736
552
-307
509
8
58
485
311
19
76
-340
-481
439
308
-89
-497
-7
-9
270
-424
-154
-124
242
212
119
-122
-520
17
120
-434
168
-124
910
202
-402
307
-597
-294
-79
-87
527
-362
140
34
365
357
512
61
-47
-197
-867
32
-193
105
-161
344
-290
-330
-346
-248
221
343
-335
-79
-27
-80
-147
-274
526
-431
59
102
393
236
267
-171
310
-182
-92
160
-540
-37
311
196
-360
-256
530
706
329
-221
-137
483
-443
381
-389
-5
-150
-201
-627
-362
27
-371
-222
46
-80
577
-384
-277
90
119
-138
57
83
61
-33
607
-237
185
-685
434
-7
-401
-170
326
-919
575
-262
-912
167
30
185
-388
-816
69
574
163
228
-391
298
-973
328
-601
-102
19
174
-156
-234
-384
324
-208
413
249
106
222
374
264
41
519
156
-254
-560
324
-24
-124
-157
-59
-103
549
-62
307
249
213
-47
231
410
-50
-87
306
-100
516
35
-22
246
131
-298
150
641
194
381
-354
20
295
304
154
509
235
-210
48
-116
143
39
107
-80
427
-171
-57
-212
-16
-752
-203
-254
-278
-593
-775
249
-168
42
-1
-206
-134
297
21
205
270
26
-598
612
288
-185
-217
432
-238
-794
198
572
-411
43
478
30
485
-954
177
183
40
258
-205
781
-327
838
-29
447
496
48
-116
105
59
418
-25
908
195
-505
170
-492
-517
115
-206
-228
-104
660
-315
-472
-3
5
-290
-103
317
37
-360
77
-285
343
-167
-57
60
97
-314
-52
-250
84
-238
-398
216
-223
-309
-227
414
-145
686
409
-244
-484
386
-137
89
266
25
-92
-49
303
-272
-78
28
28
39
62
-248
-28
-29
746
-74
260
93
625
146
-50
92
-686
90
75
632
-432
-41
646
-19
326
175
-13
-313
212
-433
-487
520
-213
-221
-153
665
99
-647
6
287
-57
344
-58
241
-383
308
-1184
-457
235
220
-213
-836
-53
-80
383
-2
-88
-653
-7
415
222
-147
-234
-246
-86
-862
-122
544
-31
-715
-6
373
137
-206
406
66
-126
136
88
69
144
-61
367
-155
-132
-32
497
429
5
325
320
-205
187
207
387
267
-660
-133
-396
-19
-209
340
214
-192
153
43
62
96
-258
-440
204
221
-142
-114
-326
-171
-489
-567
137
306
416
-195
-508
-590
271
311
64
282
143
102
195
-490
-439
-172
48
-237
299
-14
-614
-432
-379
-567
99
145
-213
111
-249
-370
200
273
328
-177
-65
17
-366
-26
-346
415
-69
-182
368
-385
45
41
223
99
-509
-416
1106
-475
-54
329
86
-77
-920
-161
596
85
-325
-149
250
-243
-562
13
-312
83
85
-72
392
234
-27
-41
-66
-577
-613
-167
29
-207
-24
52
-271
-433
89
-303
-141
-80
244
-31
-428
143
-211
503
-33
88
-415
-191
290
91
199
-16
-217
-143
114
-667
-22
-306
-446
255
-11
-284
-82
83
-73
-225
85
358
213
59
-218
-526
-67
-387
289
366
294
-73
-160
140
-293
138
92
172
-382
-341
189
187
-227
62
-252
-391
-256
183
296
-31
-242
-270
-128
2
415
458
152
-398
69
413
454
135
-423
452
-536
311
298
375
488
279
-324
-133
79
94
229
337
305
211
641
-74
311
176
39
219
-208
662
-58
-184
-135
303
-56
190
60
-283
-65
-73
498
36
-212
149
-19
413
331
-323
93
271
-476
-587
77
-125
126
-378
46
471
-30
-147
236
-673
-322
631
301
531
-95
254
95
-90
70
-14
-190
282
293
-137
-3
-41
195
-562
293
122
485
512
-235
247
-389
186
-393
-277
-265
276
-444
233
157
-246
274
-123
93
243
-253
45
-379
-78
-176
-466
23
-191
37
209
216
-318
549
55
150
-726
-65
417
-97
50
-572
475
173
-279
-151
-433
-439
215
177
264
180
-99
117
591
120
-359
441
654
-22
402
-74
-200
230
15
201
126
457
85
52
-278
-580
-306
538
-304
542
303
-371
-12
-296
-214
233
-494
-495
-37
-224
-485
66
86
-386
96
223
-777
293
-12
-4
539
-129
223
-765
205
-430
-193
50
322
198
-225
-141
309
-321
711
-218
-105
-531
-280
173
-424
-52
-59
-136
-3
-141
14
-130
27
55
12
-26
137
-215
176
30
44
426
-659
98
-330
-26
-238
-470
-542
409
-74
-400
-492
18
260
434
173
-20
-464
-346
77
504
243
-456
202
132
136
307
26
-219
144
-172
148
18
20
181
569
123
-409
275
1293
599
-183
603
-300
-489
-524
-68
216
60
85
622
-14
39
-379
-467
610
-269
216
181
202
-181
247
-9
1146
960
34
-125
-86
-122
959
-260
529
62
-163
280
-688
-105
-410
-761
224
91
-96
-447
-659
340
219
-12
-196
-47
488
-101
31
-77
-275
-3
161
51
-365
139
71
337
242
-171
-665
302
325
-103
353
-515
-804
-247
121
-430
-182
-10
-88
-52
-516
-455
-179
-356
69
-119
-86
-104
493
-204
94
281
-53
-149
413
-175
-651
-137
-54
363
86
281
57
-349
265
-106
-392
-400
-32
422
-504
349
103
-585
138
164
-229
-170
-107
-18
388
-480
-235
397
-176
-125
-133
-283
240
-208
-182
-181
-872
-240
469
-327
708
154
-227
-422
116
232
-198
212
310
-28
628
-371
-264
186
202
-310
500
-397
261
-226
-273
-264
-292
2
105
656
8
-376
409
77
-153
18
167
549
37
-544
-290
-244
-142
216
-259
-15
-264
236
-510
152
249
545
273
525
-51
316
79
-113
218
-611
519
-418
397
-39
178
-126
421
-288
179
252
159
-80
-122
-600
404
-173
53
217
246
-168
-103
-174
-48
85
330
-296
-139
-226
-103
-139
652
300
756
210
-430
105
-427
-185
335
490
402
227
-55
-153
10
-184
54
-87
-30
59
384
452
6
-166
378
144
-68
56
200
102
104
12
571
-385
159
49
343
373
73
-129
-299
261
-397
-606
-108
258
-8
-77
-488
-192
104
-51
-327
-454
-275
361
-318
79
14
325
13
370
-663
-37
-74
-259
225
-138
-406
479
-271
583
-50
-79
-183
-10
-184
359
277
-88
433
654
313
209
-500
610
684
419
-313
-368
524
-160
88
-38
-78
305
-77
316
-150
-217
-138
-332
292
945
-313
513
-322
148
323
-245
-903
-314
-755
70
-167
228
95
-300
407
-356
-24
-49
113
72
12
226
141
592
36
106
227
-167
-212
164
-280
-544
-344
-53
128
-302
-150
-229
-34
176
128
-133
-387
419
86
166
110
-182
-180
289
-429
-96
157
164
-20
62
-32
88
2
653
203
302
208
452
-244
-200
412
-277
89
-196
-241
-48
57
815
112
-345
129
-147
-59
-403
103
261
-394
217
-309
311
389
71
-288
77
28
-674
-139
-429
61
224
569
-60
421
203
158
-174
-316
339
35
-147
330
181
154
-463
167
-177
-415
-170
183
616
-84
-873
-226
-363
-522
152
716
-282
-463
30
229
203
-340
413
541
-53
-251
-324
-260
226
846
-62
405
320
270
189
145
-380
-210
-204
-691
-105
-278
-151
-233
754
73
252
-632
-498
108
652
-237
-18
-243
-155
-563
352
451
311
-195
-309
313
61
75
372
639
51
251
21
-504
-321
-44
-354
-45
359
-260
334
298
478
310
-365
224
-210
646
74
80
194
337
-239
523
-56
915
204
-690
407
-441
-132
145
364
345
109
475
-30
-109
140
576
681
-808
333
100
-131
542
-646
-149
183
104
-180
-41
-309
-503
-195
665
673
32
-732
-416
-261
56
-19
-59
-207
120
28
609
-205
138
542
-107
-101
-220
-124
64
-314
413
-471
-70
-19
-82
-238
287
-464
60
-186
-329
-226
-1
-312
363
84
245
-599
2
105
482
-171
214
119
344
-343
-106
238
573
171
-429
-539
-235
87
-259
-626
-205
316
70
164
-34
39
-138
545
-46
236
-11
37
164
-92
114
426
298
197
-259
-173
239
-186
161
-171
243
-463
244
-371
-426
-266
-26
-317
-173
73
-451
-483
-46
351
108
-350
244
644
495
-871
-179
-186
-206
379
135
89
-715
-58
-18
111
73
221
223
-425
-385
473
-136
44
-415
31
14
9
-201
171
-166
-186
264
-152
-329
-170
197
-8
-314
-148
-107
199
336
-180
-334
259
-381
-17
-135
158
123
280
329
631
-268
-797
-150
-203
535
41
-201
-451
334
-105
-224
-289
-453
240
334
255
479
-386
62
508
-244
-49
147
-101
83
-234
201
-405
117
184
-58
124
-353
213
-54
470
-369
154
-134
-21
-14
-104
-178
-146
314
59
264
28
2
617
434
150
-68
-173
-365
275
73
536
252
407
24
-61
323
133
-223
-70
-33
-443
382
34
385
-190
-133
49
-774
140
392
212
547
-115
431
-142
-173
-135
-766
-493
-284
215
73
145
-613
-178
185
116
380
-85
540
-2
473
155
-570
-142
-677
-214
95
-141
109
-443
-293
-75
191
150
-757
208
-175
-57
501
25
-132
-137
-113
-27
-877
-17
81
-474
198
-50
105
-617
-344
-174
-489
-28
-462
333
595
-90
-174
-336
-480
-432
23
745
-84
2
-322
-78
26
-184
-150
-174
57
517
-124
209
-375
467
701
189
509
-4
-75
-179
326
496
-299
-171
282
411
-445
-329
99
-43
-148
-229
-182
246
-54
-269
159
98
7
147
-233
-121
-138
-67
-233
348
204
555
897
124
-250
-317
129
-388
292
-317
183
14
-58
-121
-126
-79
-214
-29
-15
-215
316
14
183
-215
-805
-435
-28
-464
30
236
303
256
252
-276
-429
234
104
473
210
78
111
296
-430
921
-178
33
-337
18
240
575
162
461
150
345
32
256
52
532
-394
421
130
-72
-323
-105
-341
252
-24
234
-211
155
-72
120
-555
-112
267
-363
125
-311
78
314
-106
-180
94
-434
-176
-365
304
-719
-65
-9
146
539
-141
-362
-583
129
-203
360
314
216
-324
44
-113
302
465
-417
132
143
609
272
141
694
239
-517
58
30
464
275
643
-337
31
604
38
-68
-124
134
-872
119
261
-129
237
-186
63
15
-505
593
67
-30
-707
-210
46
-308
-185
55
-88
80
73
-690
153
-374
-277
162
130
-368
-44
313
-230
100
-115
223
166
462
-205
-197
2
-67
191
-150
293
-377
380
489
-53
132
225
-382
-547
-189
315
-45
160
-18
-157
137
513
-357
-363
345
170
-301
-370
49
386
150
-149
-596
414
-204
261
-145
-797
-752
417
161
-52
-38
-416
306
-259
-396
187
-270
224
754
145
-393
530
-144
-18
-419
408
-69
675
-262
-229
-400
-476
1
-279
-33
-114
-174
-147
41
-323
-451
84
499
50
-326
23
215
32
465
578
738
-477
136
169
-631
88
-490
332
329
-616
98
210
188
-66
0
754
-76
-256
133
353
469
228
-290
174
260
396
279
-490
123
84
315
-200
32
181
473
-630
387
-115
39
87
541
-3
-471
-87
-274
-300
-164
255
-35
-348
82
-425
-21
-31
-139
412
272
464
-189
187
-305
-582
211
-103
15
19
-329
119
73
256
-189
-231
-218
538
675
-302
28
-270
-428
665
418
-120
68
483
372
-184
286
429
325
-307
-344
146
-76
140
126
-89
735
-95
732
155
-106
189
-224
-175
102
-316
447
-193
104
-442
83
104
265
182
-238
-138
112
-218
-139
302
-264
295
243
-51
264
194
-51
-346
91
181
104
-70
196
-1
89
-136
264
-134
-72
138
255
-429
-345
-26
294
177
585
-153
-38
-16
-203
476
143
362
631
-129
-96
74
-245
828
-218
479
-110
298
-316
-556
302
220
226
611
274
-186
-27
-75
80
370
42
-702
720
428
7
739
239
92
632
-58
-98
-686
-280
490
231
268
211
84
-106
48
-261
452
342
-389
160
-76
50
51
-25
81
184
-321
646
514
441
126
-84
51
13
-380
-92
-288
-55
-101
-127
316
165
-79
-451
-637
407
-210
131
-377
404
304
383
-703
196
-904
-179
-446
89
369
-52
89
-262
-311
-117
164
833
-354
318
566
153
101
-561
92
398
318
-981
113
499
644
-378
201
-97
25
515
-372
-32
-51
-14
-253
-123
-242
-394
8
490
354
-271
-535
-675
173
317
157
-153
-235
-2
258
133
189
-344
-226
-327
-268
223
-124
-114
423
-318
-454
-103
-35
192
306
-415
-80
275
662
109
-20
7
-284
-19
59
-269
-390
284
-177
-246
-94
404
-9
395
387
-126
-737
-697
114
238
-263
-6
-33
179
134
-165
-29
-159
286
280
-67
409
92
-244
199
-549
-101
663
300
191
-547
156
90
-354
-319
-11
-256
-226
-129
-271
347
-258
-90
-119
367
476
108
-267
-277
-133
-274
-103
19
-252
-37
300
-413
-202
-491
-753
185
-45
593
190
13
471
347
-220
-104
-8
-426
-334
-108
-273
135
409
-67
-366
-469
336
190
20
-115
-204
191
-618
-113
186
-31
-60
-580
81
75
-196
-339
11
-238
-314
-238
58
452
-163
-14
-306
280
-329
42
-111
-466
-614
-30
-37
-219
173
85
-124
251
-215
-176
-31
280
201
-101
100
-19
198
-218
-171
-17
66
342
-168
185
240
-45
148
-303
617
-97
105
-241
281
-184
38
-252
207
116
44
114
-537
235
210
-76
-29
384
-143
622
495
101
-18
-409
-172
427
351
167
390
-86
297
-392
40
194
-252
-265
262
55
199
477
90
-95
62
-562
-71
-110
-192
-103
-136
-33
334
307
220
-75
93
-64
-91
-124
162
-146
-62
414
-625
327
516
12
-2
202
-153
-76
155
-18
475
21
-98
-279
138
-107
116
78
-325
636
-20
372
11
-273
95
219
-153
662
-130
-217
-533
426
-880
-48
186
-184
180
91
-132
-249
-7
-224
-313
-215
432
505
776
292
-534
-425
-406
7
-424
393
804
25
-178
-192
-713
-57
884
-66
410
281
168
-199
401
-608
-12
-3
-318
-42
66
8
-63
-134
456
-536
-384
50
-271
-67
-409
275
-13
622
-238
140
-251
-273
-81
-363
95
289
-53
-403
-262
339
270
363
192
-861
710
113
295
154
-57
228
-597
255
126
-786
-17
-853
349
-419
433
362
-336
-345
-126
-97
129
-579
-58
-76
-353
-563
48
12
135
-479
-376
-178
-291
42
-492
192
-13
-472
-102
183
64
65
-17
-9
-442
-313
137
90
144
-199
-4
-10
-14
-189
32
-32
100
517
380
-253
474
-175
1020
-449
356
-178
-453
-171
-716
434
657
14
-338
-442
21
215
-121
424
-411
216
96
407
-75
77
45
51
202
-281
-187
-828
267
-2
518
-56
-43
-162
-48
-679
-428
223
-34
-315
243
53
-190
-289
-11
247
486
133
-253
74
-246
-145
230
-370
-543
444
0
-311
-235
-337
391
145
157
-609
-165
1
624
-138
442
360
151
502
-369
46
-239
-182
632
140
910
58
490
-90
-401
275
-395
112
35
455
-262
-257
287
-602
13
-204
428
210
348
-81
501
289
296
-217
-205
-166
-57
-181
-682
-58
70
203
-49
54
-242
101
-576
-330
-149
-536
-166
-50
294
-687
128
-865
12
-138
362
407
8
255
-26
365
135
172
580
263
-443
143
93
215
321
292
167
-90
14
-245
-20
675
355
-429
-373
213
524
107
148
-439
382
-8
49
318
227
304
-356
-327
-318
39
-418
314
-162
325
-407
-352
-341
-456
-46
-13
131
9
226
-671
265
269
152
-267
287
197
-400
62
119
-28
-204
-234
327
-136
98
277
-205
-98
-368
82
538
276
-305
-4
374
-45
-78
361
382
54
-137
592
181
-208
-499
441
345
280
-240
112
238
414
591
-118
586
158
229
341
-89
-249
-48
-151
95
314
194
421
61
-156
-266
-433
-98
83
51
-134
-335
112
-321
-414
-64
198
-518
284
226
664
587
-47
152
-70
138
28
-59
-340
28
326
-162
-299
-205
-238
82
210
-479
-530
-58
117
-112
167
-292
11
-455
-33
865
-553
369
-73
-329
-503
572
361
-213
463
117
-246
32
-140
-207
-503
-14
26
167
95
383
470
-181
500
-433
749
-49
-552
228
-322
-386
538
58
-147
-13
-208
139
418
-36
38
-443
-13
-3
854
11
221
140
-203
-77
489
228
-81
141
151
37
-232
744
244
-109
15
60
66
-110
773
338
209
323
-438
108
-370
-173
-18
124
-273
268
-265
54
235
-3
-78
50
-364
17
80
-493
-355
-32
-163
-219
233
336
-194
491
-490
53
-370
403
180
98
-45
80
-31
210
205
-64
-554
-51
-551
30
129
-204
54
74
134
161
-364
151
69
-375
-117
850
382
144
82
37
202
-96
-296
-270
-315
-155
177
-558
14
335
-60
-532
-435
-827
244
-44
133
161
-90
269
73
4
-361
220
166
-512
-301
33
-264
52
-368
-158
531
215
-67
-537
-46
-488
560
-474
11
-262
252
647
567
283
676
-601
-200
283
224
-268
-160
-19
-164
35
-345
-787
360
-465
487
-407
357
318
-163
78
213
99
345
58
601
-346
-186
207
162
-71
-67
-234
321
-497
56
584
-286
-163
-90
98
102
-356
424
631
-342
-75
-308
-303
-148
-319
-113
68
328
-358
489
384
-294
-347
-5
-106
-19
-431
-174
-148
-97
3
374
171
-237
4
443
-134
-418
-162
-328
571
275
222
523
143
-340
16
621
381
-798
-174
335
-3
-482
-125
165
-407
561
-12
170
299
111
-314
12
319
296
-43
-236
409
189
70
-7
177
30
-283
56
-185
-42
574
-176
-248
-70
-13
-160
-129
-51
-170
-151
-141
-242
-520
221
85
-181
-416
19
-95
-175
-400
568
-100
-475
300
103
-169
317
-86
167
-48
220
379
516
-289
504
410
-639
-436
45
-46
408
374
173
-14
-224
-254
-55
-283
-31
992
-230
66
401
-265
-171
-39
-111
152
315
-65
-266
62
498
-80
104
229
-288
102
-361
-333
-341
-49
-103
402
-106
-433
-40
-364
223
397
116
323
-457
-203
11
-238
-226
205
119
2
-320
26
168
-57
-294
-232
385
335
655
-270
232
-116
-369
-233
-212
348
310
-119
265
688
184
-89
-111
-248
-28
155
-7
402
545
-143
604
154
-327
154
-249
598
-13
-316
-211
-1500
465
297
277
-198
701
126
586
821
-152
467
-114
88
655
123
488
-403
116
34
54
299
36
204
26
7
144
174
364
380
-267
41
437
216
-49
-327
110
46
-210
-92
-90
-355
367
-790
644
11
-358
-483
14
-235
114
-1
-624
-354
-117
263
678
-112
-446
162
221
-173
283
-24
191
67
-304
-357
-445
-205
-113
-411
-171
-125
84
-232
189
69
-118
-273
42
-215
469
-961
307
398
-179
-61
562
-53
235
-155
-807
103
29
758
-279
446
445
75
523
196
99
205
111
-326
-72
-142
323
-116
-237
214
-478
16
85
396
240
363
320
257
-191
7
288
351
-532
-300
-88
-344
-167
-66
-369
233
523
570
-156
9
-453
532
-634
46
24
422
207
197
-200
-18
390
-443
-221
375
-299
-95
16
-57
502
-572
172
-395
-49
-262
286
686
-160
-349
55
73
346
143
-184
-222
-166
141
47
-102
-23
-692
48
396
383
250
101
-388
120
198
-451
43
-163
-163
261
-21
170
125
-131
-376
57
-49
-165
-161
20
104
-324
355
-500
-983
-46
217
-209
9
134
137
-458
220
-8
817
584
-434
-96
-684
-50
30
-206
519
165
427
69
-85
-122
-369
51
-274
85
407
-376
-51
-9
-47
183
192
-567
-353
-3
308
297
287
-155
401
-315
184
-351
114
-162
591
-552
140
-119
-295
-159
-94
-65
-268
97
-144
4
-193
427
-240
-50
167
229
-107
-250
43
33
130
-195
219
-53
61
-503
-87
39
-111
-453
-560
151
276
-176
-731
-265
-205
218
149
-268
38
-25
-3
-554
30
-344
278
-233
-319
-534
-2
-503
-48
-512
184
67
717
-791
-458
116
233
-31
-607
562
-563
-141
-199
-236
146
403
-37
270
19
514
-144
-155
-730
-283
257
-518
125
-77
-69
-295
-197
97
-96
570
280
-297
-305
-94
378
-163
-172
143
-30
-466
-474
162
-177
69
321
661
421
267
-73
419
215
-239
-578
273
142
-252
-266
221
367
273
16
1
220
137
187
-16
-678
-275
-139
-12
875
257
271
-109
-163
428
265
-164
355
100
-269
-223
285
-64
-204
-215
-98
265
-138
289
-272
-429
70
548
-351
-77
-499
282
213
299
-56
-62
124
161
132
168
-116
-321
291
209
516
254
257
-370
61
195
-123
-125
186
-266
-31
-445
118
184
-107
-73
93
-339
807
-287
60
364
-180
-12
-29
-231
418
-120
-56
515
487
-139
350
-196
-235
301
-357
-437
187
393
49
357
261
90
-2
-896
-748
-672
35
-332
-132
-379
-113
258
-379
271
-386
-279
-488
-7
-162
8
110
-38
-450
376
403
574
-428
251
63
295
220
-34
277
47
-238
-152
89
-76
-330
258
38
-205
53
94
-153
-130
-205
693
285
-342
-320
480
39
472
283
-273
-8
-93
75
-80
35
92
88
20
14
-378
-232
-184
448
-30
-15
176
-367
305
-217
-593
-346
-117
737
-180
474
33
218
-185
-215
833
-700
-298
401
273
-370
-414
80
-357
57
384
22
495
-210
-39
15
57
-59
-354
111
-280
-143
438
-435
-358
324
435
229
507
416
-252
70
196
34
-94
-105
-57
-273
-144
274
37
332
-244
99
-433
461
575
479
232
140
-660
111
474
-55
301
282
171
199
-197
-27
-188
-87
-38
-325
131
121
-1
332
183
-371
-227
-420
-525
102
-308
-710
-16
-286
-650
-176
-171
-281
-444
-172
-489
-176
340
127
-426
24
17
471
-453
242
205
253
35
-430
-359
-711
171
739
-811
-346
-332
273
474
-58
276
-104
-154
453
516
33
290
14
31
-572
187
239
191
420
-432
481
283
-198
-250
143
-415
184
180
-203
-469
2
180
-38
127
-80
826
81
210
-151
-412
460
313
244
246
-722
532
-60
96
-425
310
273
0
645
-112
99
183
441
-128
699
-88
105
-375
-17
-60
405
9
412
284
41
-430
-523
-157
150
-89
-395
-495
169
-752
-269
-216
-219
-44
97
-350
-56
-101
-32
-467
127
-203
21
166
227
-283
42
-301
106
-150
-702
-233
99
-146
-276
452
-80
100
-355
-108
-223
-177
55
-156
331
-240
40
-55
-181
487
-368
-360
341
-15
-49
152
-405
131
408
14
319
338
14
-11
122
-432
-206
-56
292
34
463
-39
44
-7
-300
-63
547
-79
404
99
302
-57
-71
9
375
-168
-655
183
203
100
-380
177
151
-278
339
17
373
379
173
-34
8
-470
812
256
-153
-197
-276
-361
238
-357
-328
410
-112
-15
-87
850
174
-298
-169
63
250
-80
386
586
23
-418
633
117
151
50
-163
-155
-556
-549
330
306
-60
165
-260
190
-331
144
-163
556
-63
48
-306
715
251
151
-258
28
-177
374
-123
127
18
534
-115
155
-155
-21
-482
-200
-290
-684
289
471
-222
-67
86
-360
64
368
502
-312
-322
421
-78
45
-222
177
753
42
-137
235
-80
-85
-78
-326
71
327
-203
-293
-504
-555
121
91
353
8
367
-437
396
593
216
12
-5
-72
-453
-220
487
696
-429
242
107
-55
75
308
-208
3
-190
501
-212
-227
-60
-116
-478
287
-528
-179
-826
140
-157
541
-228
-141
-154
226
982
308
-315
-221
-369
-161
54
152
-45
-211
-34
612
47
535
-318
-226
593
197
-142
72
-505
339
-222
-245
-637
-424
148
922
279
-180
146
-11
-99
778
196
-402
418
-415
685
371
299
-408
223
-165
162
375
664
205
301
-417
-292
-313
823
-172
-104
136
-271
-262
115
-217
-441
-209
-441
-207
167
-332
-416
-52
218
208
346
-339
-335
93
209
-158
-276
140
255
379
-499
546
-63
-408
734
-191
-45
-500
-461
-243
143
-716
-512
-427
-107
-107
12
47
511
348
-449
-528
-319
237
-504
280
-356
422
-115
316
-1
-334
42
137
257
-151
21
-351
307
150
-182
702
-100
575
316
-364
520
-240
46
354
174
-151
-635
-119
-472
-544
40
429
-317
789
-280
79
-356
-556
-550
33
215
9
-345
-18
-106
53
598
246
308
300
442
304
138
368
-676
30
202
-252
483
129
118
-417
41
197
-395
-269
-100
-186
-146
527
-411
-61
-548
-82
517
83
-265
545
230
-98
-182
-77
-149
-458
-16
273
361
332
-186
-269
-11
364
-61
-444
-294
-124
40
-186
-2
-104
-90
167
118
-616
-450
-566
300
343
-105
-413
-4
-50
75
225
327
-182
521
-604
26
162
-644
-401
-32
241
82
-406
699
19
84
-6
-239
-431
189
50
52
337
-94
270
5
238
-79
65
-6
554
581
-238
-402
24
-190
411
-105
4
-195
-16
131
-701
-542
-157
-433
-127
338
205
-412
-471
463
3
478
-12
97
216
-120
-351
320
-167
379
279
-320
112
-255
-183
343
123
-313
-691
-24
362
-534
-176
218
173
-450
351
4
410
-176
-391
-176
263
110
-203
327
60
187
-74
129
-134
644
-128
-194
102
-572
-278
115
-127
147
-252
51
-378
-79
426
272
-366
9
108
-405
-357
120
382
-444
-148
79
-34
-286
500
312
-132
-68
577
344
391
216
517
-320
-23
-9
-266
-85
4
369
-662
-177
-131
312
229
472
58
15
84
472
-375
20
-389
-317
363
54
-229
-470
347
-275
-287
-28
-177
-138
-308
-349
-299
-257
-462
192
-481
348
222
318
370
-498
158
977
-105
-354
-327
521
250
-568
189
-175
-285
285
-282
191
-261
104
627
-168
-258
-343
-47
-234
-66
-58
-13
228
39
-116
-298
324
179
-84
874
-22
-550
55
745
103
-538
259
-59
-200
-170
-423
330
90
-102
-380
-93
179
438
-133
221
-456
-714
121
-189
179
818
135
496
204
-58
-180
96
463
-174
339
-700
254
-9
-11
-104
9
16
76
-102
-274
-40
-219
376
-130
462
110
-56
102
-67
205
493
230
-108
-396
426
364
153
-480
93
141
-239
-219
-267
-67
507
300
83
-143
146
-302
-113
188
-540
-230
-325
522
283
210
-221
-13
-303
-128
-28
231
80
56
141
261
-356
-177
293
-315
-109
266
-270
-421
641
-297
55
391
162
33
-195
311
-70
-220
448
-436
-273
35
-487
-642
-548
38
-327
8
-678
172
709
-240
-330
-525
49
356
-507
-35
-337
-90
960
-545
-142
-326
422
138
-275
-331
-150
190
266
-172
303
-82
300
-515
-249
138
104
267
217
582
-699
58
350
122
-145
533
452
-434
408
20
-311
125
-171
20
256
345
512
-68
136
330
62
-528
-323
161
-148
-313
-35
-278
-83
68
327
412
272
-459
-338
368
-84
-518
-21
-547
-244
553
537
-403
375
-176
60
-27
455
-9
-283
-604
538
619
-497
1123
-275
-190
-300
162
627
-383
-407
239
193
128
55
579
-202
-269
252
489
-116
-7
456
-40
1196
-235
-551
21
-183
-118
-246
-13
28
-312
239
610
84
94
-415
67
-18
-41
232
-11
-219
-430
-402
-26
361
173
-482
66
-178
-174
153
-506
-221
-751
169
598
-215
352
135
-353
345
-84
-308
50
-215
376
-171
299
83
52
113
733
-448
-146
-514
521
516
-44
223
-279
85
-39
83
44
66
-465
-255
712
133
-329
-269
-380
-495
152
540
281
367
-88
-127
-214
79
154
-319
-145
171
-262
130
-216
529
60
454
-433
185
-100
-123
251
-215
8
86
-236
-415
375
-15
-21
-468
-193
-570
-115
161
-466
232
-135
-614
366
234
572
13
-535
-384
59
601
79
22
89
-365
46
-766
395
-325
306
-139
183
48
139
413
-25
-68
-294
-49
200
-96
-179
105
-13
24
-837
-492
357
-157
385
917
-329
147
-240
-170
-486
-222
636
-196
-431
142
-599
-244
-534
440
-204
-86
918
-114
143
96
-505
-304
391
170
196
-212
73
624
55
302
-120
166
-154
97
-240
-372
272
124
-285
7
-76
-6
-73
222
-460
-816
-214
-7
299
-165
531
-30
424
259
458
-70
210
-227
-178
-406
-210
257
380
231
384
-286
232
109
73
-403
-69
-412
-169
244
433
-512
4
465
-284
189
-406
356
364
986
-273
147
278
-260
505
261
134
-95
-52
234
-55
-113
-426
-142
570
-35
-460
-260
21
-408
-178
57
375
-162
-115
57
323
100
-479
307
-17
-319
-88
53
-554
-170
-272
-85
-482
-354
67
234
4
403
524
80
120
147
-20
587
-282
-388
-254
-582
241
174
278
370
184
107
225
-279
180
-39
597
-165
125
-46
193
276
-281
136
-401
107
138
-179
-25
-345
564
18
448
-97
-86
11
-53
-4
-86
-734
344
-257
-190
579
-47
197
190
-323
377
81
439
-37
-477
180
-74
161
-176
161
205
34
-109
-183
-470
-67
244
-259
-422
282
958
251
-782
341
510
-292
-265
37
120
449
-114
-439
-3
359
102
363
-82
174
-113
63
177
-117
-410
-117
112
576
41
742
39
897
-450
227
569
-62
-34
39
344
-352
-92
63
-144
-45
-521
459
231
-991
490
-271
11
86
-61
-211
-55
-226
-194
-147
-369
276
-221
126
-259
602
-137
99
-159
348
133
-264
-113
229
-218
167
-427
-391
