36 81 144
0 29
0 34
1 7
1 25
1 29
2 18
2 23
2 24
2 29
3 1
3 15
4 1
4 10
4 15
4 18
4 23
4 26
6 18
6 34
7 21
7 23
8 31
9 6
9 24
9 29
10 4
10 12
11 29
11 33
12 33
13 0
14 4
14 8
14 23
14 27
15 10
15 25
16 24
18 6
18 11
18 12
18 13
18 28
20 7
20 14
21 12
21 32
21 34
22 6
22 14
22 21
22 35
23 25
24 7
24 26
25 6
25 34
26 3
26 7
26 24
26 29
26 30
28 3
28 25
29 8
29 14
29 17
29 33
30 14
30 15
30 33
31 10
31 33
32 7
32 8
32 22
33 19
34 28
34 34
35 3
35 31
69
55
40
18
57
58
26
4
70
7
0
19
39
28
67
10
66
74
5
68
53
1
54
44
14
80
41
15
42
8
64
43
45
16
37
60
48
32
75
76
51
17
65
38
24
30
9
49
73
77
23
63
47
46
35
56
27
52
31
3
78
20
71
12
11
61
29
50
33
72
6
21
25
36
13
2
62
22
34
59
79
-140
151
113
19
75
-327
-137
-115
-111
27
-151
36
193
-127
82
-267
-176
63
64
74
-246
-145
137
224
-7
3
68
-178
-37
-243
204
-38
-14
76
-214
-293
-113
95
265
-7
168
128
-75
338
2
194
-46
-35
49
-92
34
-90
-117
143
-80
95
-13
39
-211
-181
21
-161
-196
70
-75
228
-276
159
-195
-153
149
-84
134
-220
96
207
291
163
202
257
-7
-97
154
-147
93
-30
-224
-198
-64
-11
274
18
-107
-88
104
-166
46
-230
-52
-194
90
-3
-64
-136
-140
-59
62
-211
205
97
94
-153
158
-81
143
85
-22
-148
114
63
461
-122
7
245
-4
-243
-63
0
-149
198
-146
74
-175
-117
12
31
-149
42
84
-25
320
176
148
117
-264
1
287
-170
-41
-95
-211
143
-108
27
-192
81
81
369
-85
-9
25
-21
-19
-153
-158
-49
-76
-35
-78
110
267
176
-57
-8
165
121
-164
123
88
-229
-112
106
71
71
-63
-15
-262
209
-100
-182
143
-147
49
50
-105
41
276
-4
38
46
-23
12
-121
79
25
231
89
44
39
-110
68
-211
204
39
91
127
-253
-253
127
-54
-100
70
52
132
72
123
-116
84
66
20
-2
24
-51
59
232
54
64
99
10
296
-55
145
-3
-232
-14
-131
-51
-107
37
-59
-133
-12
-189
114
-195
-111
6
-128
-15
177
-45
52
-70
-68
-165
107
128
47
6
-114
116
134
152
-37
-38
12
-140
-47
-193
-25
304
121
-39
-179
-234
-81
16
-102
-178
-108
-30
46
-144
95
167
151
-89
-61
-38
-164
-122
-45
-184
65
85
-111
68
58
35
-211
73
-133
112
-111
-188
172
193
-208
-114
42
-113
81
-13
-226
304
140
56
132
-135
265
165
-100
82
4
36
144
-89
92
-60
-36
-28
-48
333
115
30
-102
-88
31
-46
26
-253
25
196
-49
158
-7
-211
78
49
-107
142
84
142
-89
-150
152
65
-265
-16
-14
51
-154
90
-51
69
-227
44
-64
-226
49
-333
183
-202
-103
-73
286
93
235
-282
58
34
39
-114
242
-180
74
-122
199
21
135
-335
-311
199
115
-106
32
77
-139
-67
-49
182
256
340
-50
-41
2
-270
104
384
-210
-77
-182
16
-45
46
94
27
-1
-71
137
37
84
-44
-172
-97
161
-71
-183
-25
-77
-23
-165
22
203
-23
-356
-200
-127
-102
-56
-105
-106
-102
137
-11
65
-13
-119
8
191
81
-28
132
-347
264
-255
-67
-25
45
-12
223
33
73
-209
-137
135
-44
-19
-264
44
113
256
28
6
-62
-363
129
-68
-284
60
400
32
-109
66
45
41
210
-153
-263
111
-209
-130
42
-62
182
-193
80
-64
59
175
456
-84
-333
179
-262
-68
116
-89
-51
141
-16
127
157
107
-25
40
-144
-52
-239
-103
-18
-191
88
-127
17
-20
80
-45
127
144
31
-64
203
-83
185
161
98
-48
129
117
-172
25
-2
143
-139
166
-288
-122
-65
53
-45
-125
4
69
103
-239
-75
118
-12
198
-116
-99
-80
-60
-56
80
231
-5
145
-233
-128
-259
85
-145
-17
-208
-143
140
70
-154
-118
-22
-94
283
-16
108
-187
222
51
39
-238
-153
-85
-16
166
73
123
-31
185
82
-92
26
136
42
60
101
-70
4
79
-52
-175
-141
-175
103
113
15
52
20
-169
132
161
165
-32
-164
57
36
-24
-368
51
-118
115
11
89
-34
-119
13
67
-173
-195
39
96
146
114
139
-25
82
-30
-77
-29
-94
29
-52
142
-149
-94
-35
-216
319
-161
79
-178
115
-194
-93
-120
153
-33
134
-232
44
213
-65
2
-77
-233
132
-92
-3
13
-14
-135
-17
26
58
-230
-35
120
121
-140
-82
-33
-31
-232
194
-70
80
62
287
-15
74
-130
-170
109
111
-152
93
58
80
-54
-17
27
-277
171
-19
-167
-271
120
-140
18
-94
225
60
-96
-45
143
-39
95
291
-100
57
32
1
-56
146
-108
-75
54
173
-25
-200
-23
198
-296
-159
252
153
-161
161
-178
69
25
-7
314
-96
-67
16
-185
-112
-103
25
86
-72
13
374
-269
-7
-165
39
-231
-140
-296
-88
-124
10
-113
189
-38
-166
53
-16
89
61
66
-7
-47
91
-235
-125
187
-119
-205
41
195
1
-17
55
-11
74
-82
-217
21
-116
-113
13
-4
-58
-101
63
28
-89
24
180
-123
-131
-191
-29
-124
-290
94
181
-120
270
76
-164
105
184
238
30
-64
19
38
-33
318
-155
-79
22
-197
97
-113
-43
135
-212
22
85
124
112
-171
-198
-25
-14
-227
-68
6
24
49
20
-1
48
57
84
-9
10
121
137
-7
-23
95
247
334
-115
-291
142
-127
179
166
-2
-216
25
-207
61
110
31
-51
-158
15
27
129
59
-101
-185
316
-102
-197
103
137
214
-39
29
-192
25
-294
-21
-33
165
10
204
82
192
112
-27
291
-53
3
13
119
-46
-61
-41
88
-93
156
58
-167
-114
-82
-13
111
-102
-15
-91
52
134
-347
97
-295
26
-124
159
-154
-179
109
-122
-219
-22
-404
242
-273
-81
201
-185
-57
-177
-150
123
-252
-99
-260
-191
143
208
75
24
-99
-195
-251
-256
-62
-31
36
-123
-212
-20
130
157
14
-318
48
-86
-235
-137
-36
-36
202
232
-8
119
154
-93
265
13
15
133
229
41
70
-204
-67
-116
114
97
-27
13
198
-132
40
-71
6
71
290
-95
-82
-58
89
46
147
7
98
99
354
88
137
-61
266
-104
-1
38
459
-221
-51
-411
-246
-50
-93
-325
-139
-404
180
-105
-149
-194
-62
119
54
-309
104
82
-196
-236
60
-282
17
-103
171
8
-260
-79
-186
-107
163
-164
15
-5
-21
68
122
107
-65
-27
-89
-195
-45
14
-245
322
-23
44
-189
1
31
31
45
195
-11
81
-9
334
-179
83
58
-21
-28
-167
-120
-54
-293
40
57
-55
-99
31
38
-89
-61
-29
140
33
29
-95
-19
-135
-178
-71
-112
295
38
-43
-90
-61
18
42
-4
22
357
-33
-268
-142
-38
80
-33
118
120
-5
125
-84
124
168
-5
-6
-42
-213
-57
-201
339
-55
21
-107
-76
120
18
81
138
19
162
28
-92
-85
-33
46
45
-124
187
332
-218
60
-195
50
-23
23
-223
271
-66
-109
-116
-33
-99
-131
134
-30
127
174
61
166
136
-121
130
192
102
186
-55
109
161
47
-129
163
36
-185
24
-112
-243
180
-141
-217
91
22
68
109
-205
-75
-71
13
-261
345
-143
-2
-290
74
68
149
98
53
465
72
56
-57
62
130
104
94
-163
-342
-290
279
31
257
-154
191
-72
-54
149
208
44
13
-70
-68
237
355
119
-46
-136
25
96
-222
70
-246
92
-33
-357
1
-248
124
33
-246
107
-106
19
99
186
-95
12
-27
-50
-161
83
122
76
-275
-41
1
286
-149
-104
202
-20
-194
104
-106
263
126
-114
104
43
32
79
228
-115
-67
-215
-31
6
-114
105
-24
55
-53
-49
175
-69
76
-14
-60
13
-140
-66
117
27
-40
269
191
68
173
64
23
-73
13
630
47
-70
-186
36
24
-82
269
-36
45
-72
248
-4
8
-6
-288
-237
-19
33
6
88
-75
137
-151
38
58
6
-46
-23
-40
11
-87
-79
-11
-293
-98
-94
70
-64
107
248
-170
125
205
112
-5
-23
-328
-17
-11
-168
180
111
-46
129
-17
75
-124
-98
152
136
45
252
-258
-118
-256
-184
194
-237
-88
-256
79
280
-347
135
-75
-30
-261
227
70
-148
-304
-44
141
-22
-52
214
47
116
52
-14
-140
-206
-52
92
-143
163
-31
-139
-105
-138
-110
-199
-266
139
52
-90
-106
-337
-15
-148
51
297
3
94
120
-31
-319
-238
73
146
-51
-47
26
-96
-7
-90
-147
96
-168
-13
77
-196
-67
3
177
45
-17
61
100
15
71
89
-37
29
29
195
-145
9
123
147
177
31
-79
190
329
318
120
-59
-409
-248
-163
-41
57
-67
266
80
-21
-29
-138
-187
139
-12
17
128
-313
-241
-331
41
441
-31
-108
-43
-167
41
-380
46
-145
-96
-237
28
30
133
10
-34
38
190
116
48
132
-228
150
217
-80
210
161
-240
-159
-2
-9
-203
-116
48
50
279
-24
146
248
19
-162
-307
-187
2
101
-101
-55
-195
31
25
42
121
-110
-40
-240
172
-16
-65
163
-35
-306
-94
-130
33
-52
43
-11
111
50
149
119
123
53
-41
-14
17
-103
84
35
119
-43
140
-302
-17
14
65
-37
300
-88
-143
-319
164
92
-26
74
125
95
-28
72
-143
-171
-294
-248
-145
97
-172
-196
-10
194
74
35
10
123
117
86
24
-53
-141
149
68
-85
-271
46
276
97
193
59
38
-276
-67
-229
-58
54
-111
93
153
125
161
48
-14
78
-18
-173
61
-130
104
-32
116
152
88
-25
77
37
174
-22
-50
-332
-172
203
-45
-135
-162
69
-215
187
102
-31
143
103
-248
-19
102
118
154
107
-306
-93
61
-52
-169
50
68
159
56
-29
-96
46
-228
-103
206
53
51
65
-52
41
-186
-244
-44
-205
22
111
-65
112
188
-84
291
-3
55
172
187
-139
-162
-3
-185
65
-82
-59
-257
-125
105
245
-12
465
22
73
-181
6
115
-200
123
-97
228
-39
-144
-86
-20
-42
14
166
82
211
39
-73
68
-222
87
168
75
-215
332
-63
-73
-164
-213
-130
-228
101
76
-253
271
202
88
25
3
69
20
-90
138
71
153
-225
65
334
-188
227
234
125
93
25
-18
-98
-64
-6
76
127
62
-16
-1
66
33
-231
177
276
-128
-85
13
-259
142
69
-64
-360
-20
102
-59
-190
-61
103
42
-120
153
358
-186
-95
122
-117
-349
-242
118
-25
-110
86
244
63
51
202
-134
71
-290
-64
288
-78
-258
50
-84
138
-96
-78
82
-52
212
-3
-124
48
-70
7
-271
-111
97
74
-63
55
108
-47
-217
-119
-60
213
-139
14
-88
-212
44
-21
-94
180
-280
-32
-56
-63
-158
12
277
-78
-378
-51
-7
-154
19
132
-68
177
315
34
226
92
5
101
-3
-123
-125
139
58
116
-88
-41
45
-145
6
-143
34
-142
-123
41
-20
45
-39
-175
-151
207
-28
-49
-24
79
-78
179
21
178
47
234
9
225
254
-286
104
-32
14
220
-46
-24
-87
-197
78
-124
-99
6
-43
107
-109
66
-30
-97
-38
155
-192
20
95
83
18
121
-130
-49
-61
-76
164
73
-18
-102
93
-130
156
-124
9
-57
-66
72
74
-83
36
-126
-252
58
-82
-59
-172
208
26
-39
-339
-13
-36
13
-42
84
146
247
290
47
-83
-112
205
204
161
-2
-50
15
126
-163
-169
27
228
-409
-48
-70
-234
70
-165
64
-91
164
-5
107
116
-169
341
179
55
98
24
111
-62
-15
-108
135
121
16
138
-51
159
91
8
74
-10
-205
-241
137
-200
-138
-102
-35
-133
131
-18
-83
43
212
203
31
-23
-100
1
1
19
-42
-219
-65
-3
125
261
-164
148
-163
-27
206
204
54
52
252
-251
-134
-62
46
-168
-26
84
150
182
-31
56
-107
-27
-137
-155
-169
168
128
46
-25
5
-20
405
-259
84
18
63
-7
27
54
119
154
143
-104
-231
123
-87
-346
226
-264
240
-22
305
-72
1
-77
-229
-103
-29
-97
-133
-36
-25
99
-189
99
99
422
72
130
100
6
-101
-7
71
50
46
-7
228
38
-216
-180
44
-171
109
-69
-315
202
48
-8
121
189
-91
-56
80
44
-145
66
-484
151
-43
69
371
0
-109
109
18
9
-144
-27
102
50
25
-142
241
-250
308
170
205
-57
-16
133
56
-157
-40
-51
-35
54
31
-137
-124
30
111
48
-48
159
111
16
89
91
161
80
70
354
-46
-8
-173
-204
-100
4
38
300
9
-7
-183
-91
-35
128
246
107
184
-117
46
-113
111
-332
-197
11
-8
72
-84
-130
45
-133
53
-420
-64
339
127
-29
158
-297
-240
-61
227
95
-76
-176
249
37
-127
-58
227
305
-168
-304
-33
89
214
-93
20
-134
-70
-135
-113
223
-38
210
-31
149
-72
146
-178
-29
17
-79
-40
95
-55
-195
-82
-286
119
-226
-95
13
-51
147
-215
52
-144
25
195
-75
-11
-177
353
130
319
113
82
-27
59
78
-112
189
152
-46
-223
165
61
-102
-138
-129
267
139
-5
-158
103
12
-108
-119
-2
-74
159
-118
-192
-224
-257
182
-7
94
-146
82
12
367
43
-97
147
-96
176
-142
19
81
-144
167
-104
225
-151
21
171
34
31
122
-104
-73
73
-205
-223
-136
252
122
78
-62
-267
30
-37
-176
-136
200
-115
131
15
-75
105
180
-132
-176
30
62
-27
67
25
-45
-82
-89
81
-67
-109
-55
-9
88
87
-20
-106
-66
-79
58
-112
32
22
-81
191
113
-109
-4
213
227
60
-100
-64
-231
-168
-3
-98
68
-212
55
15
-59
6
117
271
-154
83
95
396
-274
-156
-93
-120
-86
-43
-238
237
58
17
41
-319
-9
-41
16
-170
71
150
-27
-17
-236
-123
5
-127
10
-94
-33
-131
50
-74
8
-35
-93
-55
-154
-95
-94
-188
-144
-238
-37
-230
-107
-26
50
233
-41
4
123
-192
175
37
290
38
-155
-140
40
-157
263
-264
-16
297
-52
294
-85
-223
71
-90
73
196
37
127
230
152
35
-88
104
-84
294
135
-193
150
47
72
72
189
-95
-79
22
-214
-126
-10
123
-101
72
-72
142
-125
-8
-212
-69
234
37
-38
-175
-31
14
166
10
-33
-64
-43
-350
-65
-11
13
-78
47
157
152
16
-34
-114
-92
-157
-100
-225
144
-300
-164
88
34
-58
-319
108
115
-70
109
149
-183
-35
177
68
-342
-79
-237
115
121
-111
6
-98
88
-31
-24
-83
1
100
-253
-192
-68
-63
60
-288
112
-5
211
110
151
-115
-96
-133
-113
-2
-159
-170
13
-23
143
247
-71
1
316
131
67
160
-93
226
-165
2
93
-33
-83
-105
68
56
-60
221
-268
-179
180
-137
89
-43
23
196
-43
-47
47
88
32
-93
-30
-132
-18
-49
121
-99
-230
380
19
-211
92
-125
293
27
155
-40
43
-80
108
51
117
112
126
111
49
91
-286
-50
-45
-1
-243
-158
7
20
71
169
-34
54
-205
183
-188
-42
204
-66
20
-15
-174
267
-73
-204
10
-119
169
-104
-128
211
-166
213
-15
28
100
-295
-9
6
-417
-9
-157
-165
-42
189
-157
23
-80
-9
-112
-22
-27
0
144
74
-100
-43
189
56
121
-365
-87
340
299
19
121
91
-202
-204
-134
35
-129
-109
314
-211
26
-69
-45
53
163
-77
144
-120
-73
223
-179
46
-124
-184
-26
-148
249
25
-185
113
-114
-204
-72
136
-189
168
-27
-92
23
-30
108
169
-238
-78
322
-179
-112
-92
-114
23
152
162
-296
-80
-234
-49
162
198
-65
-94
22
220
21
116
139
173
-328
230
200
33
189
-147
165
-159
364
-80
59
-180
133
63
292
89
219
-24
-285
-389
-80
-98
18
48
-162
195
-206
-45
126
49
29
159
269
-164
-261
28
29
0
34
-115
201
-92
148
-40
188
157
-170
260
-4
193
41
-46
-119
44
-146
165
-123
44
-24
-97
70
9
-26
-125
85
118
33
93
119
17
145
188
178
-19
120
135
-188
95
-338
47
-41
-37
224
137
15
28
89
-188
-193
-13
40
142
16
-203
-30
-227
22
113
-40
-56
-45
-11
-114
-72
-3
35
-80
-11
179
50
-137
218
274
-55
73
3
-112
-87
-66
39
-184
183
-39
-59
9
128
-105
71
12
-23
-36
-33
-238
50
27
230
44
29
43
7
67
-80
-98
-72
232
144
27
-285
-336
-30
150
255
-220
-41
-232
-162
194
124
242
-370
190
-106
-71
-228
-124
65
-200
-54
279
-228
8
-182
-15
258
535
47
-4
-58
-214
-25
-107
-66
289
-161
-27
-1
10
162
-24
125
-197
-28
110
187
-8
202
-174
147
261
76
-105
7
-193
-38
22
-196
-154
25
134
124
-135
-12
-341
-129
238
-25
193
-80
-5
-104
131
43
97
-296
-261
-81
-216
-128
-16
66
-101
-184
-133
-28
-101
214
-188
3
55
-78
-132
19
-187
-49
45
-58
18
-17
-137
-105
-193
-61
-60
-148
-54
-245
-42
312
-78
21
-97
-80
-128
-106
-145
-108
-7
-229
213
-69
-69
-124
-121
34
-131
112
-138
42
27
-81
230
174
174
71
-178
-129
-275
69
38
-49
62
-184
-3
194
112
88
61
192
-56
64
104
43
-12
-63
-117
-357
-64
-226
158
73
-18
-27
-16
36
54
21
352
-65
130
132
109
56
-195
14
92
-83
16
67
-133
91
104
-90
-121
-93
-48
-61
-287
-176
20
-93
-192
106
70
-168
62
-54
-12
301
-266
-172
75
41
-82
103
224
61
199
-51
204
-131
-98
-3
-74
236
-45
-162
-141
-196
185
165
75
1
65
12
-15
-122
185
30
23
20
-136
-9
16
-228
-137
-50
-12
321
-79
-117
-129
-47
-96
31
-1
136
-20
209
220
-214
-345
-48
-41
-81
-350
-51
92
231
360
104
205
-105
-179
-101
-192
-102
-25
-282
35
268
167
-74
162
43
167
161
3
45
54
120
-6
58
22
51
-53
130
-166
95
-197
-85
-175
-446
172
162
70
223
-268
-120
-246
243
-189
36
115
35
-67
-80
-139
-52
61
177
-75
-168
145
-54
-166
-103
153
72
176
-66
23
-158
104
110
73
-73
94
120
-285
41
-134
-46
152
-138
172
27
-72
-97
-124
-42
100
161
-139
7
280
153
171
-15
140
91
-49
-135
-167
205
-103
-124
132
180
-166
-79
27
-5
93
-140
-223
-522
-187
-55
5
136
6
-68
275
-7
375
-170
-308
-51
1
48
-1
29
-82
-66
-142
135
-65
200
163
-252
145
29
32
132
-203
-64
-14
-94
-81
-193
25
9
312
200
220
46
159
-169
-185
-129
-73
-203
-174
-140
-126
-33
-113
-38
-81
226
-190
-305
-9
-114
-96
101
15
96
87
16
-241
-44
-304
-147
70
47
-78
-239
0
-185
-87
175
170
-206
222
216
-305
-212
-78
5
-20
77
32
-125
230
238
-95
-165
12
-253
-120
30
215
-22
153
150
116
70
-233
91
62
-30
-343
-129
-46
-73
182
9
-118
-168
-152
217
26
81
-183
-67
264
131
129
48
114
71
-28
-106
145
-54
144
16
-139
43
151
-37
-178
-188
-143
-121
-62
-123
35
-81
141
-344
-218
-110
35
117
174
76
260
38
123
159
-189
178
20
-139
270
276
-74
71
-316
-19
69
-236
409
-279
12
174
128
-65
203
86
87
-10
-127
-69
-42
125
130
242
-188
-128
-132
-93
-103
56
67
127
70
-115
240
150
163
-199
72
-215
14
-21
20
77
29
-168
-215
93
192
84
-196
50
-224
73
-114
-66
216
-364
90
25
75
92
-132
34
-115
-234
-95
-157
-25
16
-100
201
95
59
136
108
82
-3
75
59
-66
13
-156
-143
-71
112
48
-66
61
95
164
-58
247
-80
-64
184
210
78
-301
-250
-15
65
65
78
-140
92
27
-44
-13
65
-24
78
38
-172
12
-142
-254
-193
165
205
27
129
-52
14
119
210
86
185
-134
191
-163
-64
244
172
-145
102
49
212
-415
-53
-45
6
-370
-93
-27
217
-51
47
-86
86
-2
-43
-86
49
286
2
49
13
-135
69
-110
-75
-65
160
-224
-122
-18
-132
-332
185
-55
122
132
-2
12
52
52
69
44
-156
159
-85
40
82
18
-119
162
-248
118
56
-235
-164
-1
-143
-277
108
12
248
81
80
188
-294
187
-37
-150
-67
18
-106
-181
-145
-141
90
-40
-108
-40
-251
-72
135
77
-180
-58
343
-8
76
240
78
56
-137
324
65
-184
103
-85
-134
143
375
111
245
46
-169
93
-213
-12
145
-113
-152
-37
209
125
268
-43
311
114
-158
102
-47
31
-26
-122
3
144
5
340
-203
-149
115
118
-121
-87
69
-141
-59
59
159
226
188
209
47
188
-31
-3
220
-145
64
-85
-251
-213
-76
-204
-174
318
130
103
-59
127
225
-200
19
206
23
-179
147
54
5
-86
-10
-27
75
228
80
41
-53
104
-130
87
-50
45
-128
66
-69
-222
99
85
44
-123
-1
-21
-242
-85
96
-21
-357
198
50
51
-53
-11
132
-236
-59
-123
121
202
-196
-16
65
269
-186
117
-52
-19
66
-159
-28
145
112
-15
-27
97
-22
-252
99
69
-134
112
-104
261
-78
220
195
126
-157
-73
-207
235
162
134
-57
-152
23
-9
-28
-102
-151
-16
12
49
-131
-107
170
-131
-59
95
83
171
251
-115
-90
217
-258
89
138
268
55
-50
61
-232
205
136
-180
16
214
34
82
-229
-25
-30
91
-106
-61
37
168
-81
-126
30
-227
46
-112
348
-74
-70
46
33
356
-34
-17
-164
-115
354
132
-13
-142
96
-213
29
144
-222
-246
36
77
23
65
222
-46
-207
-329
-66
37
-265
-61
-139
81
24
-186
136
-91
43
434
119
48
-57
229
245
238
43
104
-105
-5
-30
139
65
-56
207
-42
91
-126
80
10
136
-123
-313
250
-80
75
-208
318
-36
-226
134
-105
-58
-28
9
120
-136
153
-32
-91
-214
289
294
-489
0
95
-42
-124
274
418
86
247
-262
-259
108
78
136
24
-60
6
-317
43
-123
-143
-75
-146
53
-249
92
-33
-5
-127
-106
145
-21
-75
-67
-16
-145
81
7
-14
-95
139
146
-226
60
115
-68
-52
102
191
-62
-1
78
71
-127
-123
-214
-58
-97
503
-148
-58
21
0
156
125
-230
-242
-21
-36
-60
-140
75
39
-168
-33
-65
297
172
167
-329
-9
128
261
-156
-149
198
233
-20
-123
-129
156
-127
0
-5
48
-135
-56
-27
-191
63
-67
76
-128
-180
3
159
-118
204
44
-66
-97
-20
-136
9
67
-34
-262
-133
36
-316
73
-50
-145
97
255
58
117
188
78
-112
-181
115
214
74
149
-29
-322
63
-23
47
-96
-52
163
-67
-66
-235
-62
193
-18
23
-2
-47
-103
-242
-263
-184
136
90
-11
226
-16
84
73
205
-97
58
-155
139
67
69
-177
147
64
-18
213
72
-19
111
106
-57
-4
159
-127
4
-20
205
34
8
-110
-77
116
-8
85
-116
-178
37
-43
-148
-18
-120
-73
71
95
-113
69
-198
22
228
-110
129
44
215
-199
210
-160
37
11
-13
29
-99
-31
3
-91
-93
-198
85
36
-55
122
55
-9
93
309
151
10
-17
171
159
98
180
-200
337
-15
161
-442
80
39
-83
-2
266
-21
-49
17
-75
32
-22
22
128
196
21
1
-221
53
-69
-56
-57
96
-129
-142
67
-196
-17
-58
126
117
150
-120
96
245
94
70
-32
63
-121
30
96
-4
165
112
2
-345
-45
66
-93
72
150
101
-24
99
-102
178
218
-67
-79
-138
-61
35
-144
-1
50
113
291
82
-282
55
-116
-15
81
-219
-137
82
-177
71
20
-2
146
-33
116
99
35
-68
173
-17
216
-61
169
-37
3
-23
-175
292
-163
123
-120
23
24
90
-15
-16
-136
-187
-15
28
100
-176
257
-43
-191
86
-99
98
239
114
-125
127
-259
42
-277
-142
18
343
-141
-167
33
-176
-331
-185
169
-219
106
-70
102
131
8
113
-96
341
-54
34
-131
66
36
-159
194
-58
-64
417
-73
415
-39
50
144
-61
72
234
188
166
-104
-106
17
-204
-231
-139
10
-1
-184
280
217
172
33
18
-133
149
257
1
10
-43
-170
288
-61
57
173
-120
-169
-57
-49
50
-35
-189
-233
-7
-34
35
14
-84
-251
6
93
-10
-84
78
-22
66
-252
177
35
106
-159
148
133
-7
-220
-25
-26
-142
-186
58
-159
-202
-195
123
-130
-22
-238
-2
-125
132
-255
-93
-97
-90
87
54
94
-76
169
37
28
270
64
136
-88
36
-141
-190
-223
-23
67
-98
-54
4
-45
34
92
-315
-163
-67
150
-90
154
77
29
62
46
34
243
-63
-96
170
-59
-87
-89
-39
-70
252
-31
-58
7
-171
-37
-190
-160
-40
-64
-223
261
40
44
241
-313
-64
-234
-61
249
-17
-26
0
13
-219
-115
0
-30
-79
-34
-143
132
-20
-74
-72
-92
-45
-32
136
-80
-21
-219
-23
15
190
-73
-26
52
4
-50
-50
115
-38
103
-178
-276
33
-36
-210
-184
44
-225
43
37
-134
-187
277
77
-102
-148
-34
-138
181
195
23
316
-158
282
-66
-207
-163
168
-66
200
-109
89
-25
249
-205
-84
43
-46
-74
-9
-80
-61
-129
268
-59
76
249
-160
41
166
-105
52
135
125
141
36
-124
94
-58
85
-63
160
-178
-76
135
-137
-53
-22
130
-176
22
145
101
34
213
210
75
-99
-328
41
335
18
-112
-149
80
-277
-117
91
-170
267
92
27
-10
-124
80
-82
160
126
-33
102
100
-271
-150
16
-319
-29
9
48
114
34
-77
137
112
78
94
-18
-143
-55
15
-226
-49
89
-137
0
-22
-230
20
-181
62
290
254
-33
191
110
-210
141
40
-143
-29
69
-38
183
33
92
-52
-35
160
283
-8
-47
15
-148
-31
-69
-55
-110
-30
-264
-61
-51
134
33
-153
-144
-6
251
-67
0
139
81
-84
-90
165
58
87
-18
-11
71
7
-51
130
18
38
56
-39
-5
71
136
6
-221
135
112
77
151
45
76
-127
-308
206
-241
89
193
-32
-193
74
-120
0
64
-153
-456
199
-124
151
58
15
-152
-6
283
-216
-65
-31
43
11
-21
-73
-128
1
155
2
164
217
412
51
3
-223
-241
200
11
138
-67
30
-278
121
-113
273
108
-71
62
228
14
8
-10
315
-174
111
212
-56
-81
42
-259
108
-275
-114
-83
179
10
-148
-103
-170
-129
-36
-151
-168
-26
-99
78
-59
68
-72
14
107
166
-350
-48
-203
39
-107
193
-37
185
-257
-50
-236
-98
165
-51
190
-224
89
170
-15
-109
250
104
129
-58
184
-38
-93
-126
-236
113
96
83
131
-137
-69
134
-100
125
-49
155
42
-70
334
-119
162
59
154
174
161
309
-160
-279
-18
161
80
104
-111
-7
-8
87
156
98
71
-133
-89
133
-10
-226
-238
-34
-139
105
198
-37
11
-138
275
255
84
12
-66
76
133
-39
104
94
-124
21
-136
216
86
77
204
-7
22
102
-24
79
194
107
161
109
144
-24
169
-30
127
-58
-211
-61
68
-40
-236
-92
-85
-8
65
-222
-123
-60
-195
12
-117
53
-93
56
254
-121
-57
-115
92
343
44
41
7
57
-135
188
-130
206
27
174
95
-6
71
107
-164
74
253
201
-82
-88
57
-58
35
64
186
136
41
-282
293
-164
95
162
-108
157
-72
-131
203
-95
-270
-148
181
-330
-35
119
-10
-105
-80
-311
104
27
-19
-25
143
286
278
-9
-174
-165
63
119
100
-197
240
-161
90
-126
91
-186
-143
-113
-74
-110
-45
47
-165
-52
-141
159
-167
-159
-146
-9
-40
-266
7
-225
102
-60
205
48
-26
-162
132
56
-473
247
-279
-9
-141
-66
14
-187
-289
-98
-85
101
33
48
-135
22
-30
-129
71
-148
28
-34
70
-88
185
45
-130
194
-28
-83
83
401
-136
260
-209
-32
-68
-42
-127
-342
160
202
132
-104
-62
103
124
-288
-31
434
-11
235
-3
88
-58
165
90
117
-30
-101
73
-142
148
162
-126
-4
70
-239
-197
114
-51
61
85
-261
-85
290
-166
-11
51
-101
10
-27
-110
-218
-64
199
52
-157
67
-59
1
-9
8
-241
42
-184
-198
-143
62
-236
108
-114
-133
253
-254
-45
233
-66
-221
-111
-30
28
57
-39
13
-177
88
-63
94
38
-68
-34
33
94
-179
-91
-157
30
77
153
-111
-92
-107
-191
-253
11
153
215
46
-71
215
101
45
-25
115
-198
-41
-13
82
-166
60
-26
28
-160
-151
-86
82
-17
-24
60
9
-200
4
-74
-292
161
-426
25
-72
-102
-186
-255
-140
-91
-98
109
110
-126
112
-51
-119
-51
106
-254
50
-71
-102
-54
59
202
284
95
-134
-320
60
0
105
133
18
57
135
14
131
15
30
47
101
-76
-142
132
-43
111
241
325
-134
33
303
205
-30
71
-169
159
406
-75
295
62
-17
-107
-103
-89
51
236
-99
-93
77
-203
221
-352
-50
-110
31
-125
-84
69
113
-239
119
112
-13
-182
-31
-134
-40
-121
-226
-180
96
-37
32
-273
-268
-77
-17
223
99
147
114
123
-41
-118
-125
-23
-100
249
-68
-19
107
70
12
264
12
-15
-24
196
171
65
105
24
40
-1
213
128
-34
-16
-57
-145
-195
-109
296
15
19
238
445
13
98
-120
-48
12
13
-79
115
-305
-39
-101
33
-27
36
-96
47
-156
189
85
-112
25
105
143
10
274
-94
22
133
-86
150
-14
-160
181
-201
-214
-201
91
36
-229
326
142
-30
-120
224
83
-283
-181
133
104
-15
-125
13
11
139
-111
116
-305
33
163
-41
162
184
-100
-82
24
-64
-13
-127
-88
-215
-11
-10
-3
53
-76
-118
109
132
220
35
-47
128
-123
-46
-112
-52
83
237
243
30
42
-16
69
38
160
-66
-12
117
-124
-68
-270
-41
209
49
158
-70
212
17
-178
70
31
-112
17
51
86
13
-241
-15
-69
-41
217
-95
-47
30
44
99
-62
-90
139
295
102
37
-74
157
20
-223
146
193
-126
-18
7
63
114
-70
161
62
-90
-31
-79
-106
258
84
302
42
169
-176
-16
193
-55
16
-99
312
-100
-115
119
111
-206
-93
-101
132
136
117
84
29
169
116
292
51
41
-27
-89
-100
102
-278
49
-14
-105
-23
50
111
-62
-107
189
166
-156
-272
12
1
-115
-359
46
-96
68
25
-28
-74
-145
-75
140
25
-119
96
16
115
-19
-84
-95
12
-29
-66
-113
-188
140
142
-86
-34
114
126
-86
-51
179
-110
143
-10
186
15
-4
137
314
22
-212
89
17
-231
-147
172
-60
-33
-151
32
109
56
124
-131
29
-7
213
37
151
120
130
26
-39
-21
156
-15
-16
-255
108
-116
141
-25
-75
2
32
-42
47
35
-36
280
-276
18
129
-190
129
210
161
122
27
77
-218
21
55
111
125
-112
-73
-125
-140
-89
-222
-105
-34
-198
-134
36
-26
-140
-119
-49
-65
376
-241
-310
128
28
18
108
-142
96
-277
145
66
68
27
-81
81
353
-120
162
-110
484
-151
180
-81
263
-109
-83
28
-442
-147
138
288
-114
-25
-9
-67
-70
-50
-109
-168
-278
-40
-45
27
155
13
-103
52
23
95
-142
-65
76
20
-74
-304
95
-268
-161
-94
-180
255
-204
-61
160
40
-207
-26
-285
152
59
-125
98
-79
56
32
-19
-63
-77
30
-158
106
-187
121
-127
92
-88
-91
8
217
-253
75
-244
170
134
-90
95
-10
-279
-131
-167
-164
140
-174
-26
126
70
-34
144
-90
76
143
-9
178
102
22
141
302
-11
-8
159
-410
-132
76
45
57
101
-15
-32
-148
-22
8
-19
133
-8
-30
49
-112
95
162
-86
20
-43
40
201
-220
22
155
-143
-4
-208
224
-248
-38
-14
-150
-20
56
97
35
-196
333
55
224
171
-42
76
-95
0
25
-17
-94
129
-179
99
-185
299
48
63
1
127
-38
94
-278
-105
-124
314
-178
-92
310
-83
152
-55
172
400
-247
-102
124
0
-206
-169
-53
4
105
213
3
6
-4
-43
-108
-159
-65
199
83
38
-169
175
147
58
-112
54
54
115
-18
84
62
-165
51
-108
91
-85
9
-75
-26
-73
-187
-84
-1
128
-173
-370
-38
-89
248
-44
212
-69
100
111
-99
83
138
378
157
45
141
-224
8
-243
153
195
15
212
-235
-69
-153
9
8
-149
103
-117
-152
-134
-244
-80
-259
-100
-100
292
-105
-155
-11
20
19
-38
37
65
-96
-58
118
321
122
135
-5
-61
177
77
-66
110
246
139
99
147
78
74
-161
96
77
79
21
184
300
173
-203
122
218
39
-89
-19
88
-236
139
-92
92
-68
55
65
-229
12
135
102
-150
169
119
23
-77
97
108
-272
-108
-169
31
188
-183
-252
12
-48
-240
156
312
-154
-127
127
68
197
118
260
56
18
143
-86
70
36
59
69
31
211
-179
-49
-118
-249
283
-64
-54
-22
227
91
303
-173
222
-113
68
310
83
-190
-135
-399
48
-360
47
-114
65
352
-127
177
-71
211
-251
7
295
275
79
-57
-162
-73
234
79
-285
275
-113
-164
-253
-92
208
166
-5
-132
216
21
90
-363
138
53
-144
58
-34
120
317
30
18
51
186
178
138
-197
-188
6
-3
-222
-68
-46
84
-48
-57
-108
-86
-154
-84
-181
-132
-187
-6
-140
-77
-128
-199
67
-53
192
-21
18
-51
107
161
-17
-209
28
-75
-103
-19
176
107
-283
146
107
-93
-42
9
232
-107
-151
72
36
-79
-30
31
-35
89
242
103
-34
66
-3
62
228
123
100
14
3
19
222
200
233
-259
206
49
-89
54
-171
166
17
80
-114
-51
-2
110
-171
34
-146
54
-102
-51
-47
6
-137
108
-45
183
-56
39
-76
-262
21
-19
-56
-114
165
-57
237
-131
-198
169
-19
-84
-140
-99
278
160
56
-103
172
159
72
-104
9
-158
-240
19
-62
-154
-77
33
219
263
35
-157
12
-126
-256
91
93
-17
-34
146
44
205
-104
-48
-114
26
63
63
-13
-346
28
122
13
109
13
370
-85
166
-31
-256
-84
45
-33
-20
-6
19
134
-129
-18
66
-184
-298
-21
102
134
-256
18
-107
35
-255
58
-38
37
14
-8
156
-159
-200
144
-42
111
-129
-4
-231
-128
-14
-186
245
-159
161
-131
-483
-45
21
-229
313
180
-16
15
73
11
-25
85
-49
69
159
-68
65
-112
165
20
-344
-125
-175
69
62
-44
-12
217
282
109
89
326
103
76
-116
-97
-233
179
130
-208
-419
62
172
-136
359
123
-114
-29
-60
192
-276
23
-154
28
29
-27
263
-186
82
-82
-195
49
-205
3
-74
107
-171
-34
128
26
16
36
86
15
-126
250
-282
-37
183
59
-98
14
116
-279
-192
150
219
8
-23
167
39
-138
-173
-184
-98
-165
185
-40
25
116
-175
-269
-57
59
306
-108
-160
-15
196
77
-63
181
-235
-345
-59
26
-73
103
-59
244
85
-201
102
247
20
159
-4
-156
-60
68
90
220
17
45
220
-148
-47
-144
117
208
-118
-206
12
-303
-44
226
-53
-122
127
-65
176
54
-152
83
9
-18
82
21
-212
131
-166
-98
28
137
156
2
78
-45
15
340
86
-5
148
186
-107
-110
-151
-127
28
-209
-89
-117
14
233
-282
-126
-15
60
8
-253
-36
-43
-151
-23
131
-41
-255
122
-63
-37
8
137
359
-275
116
-156
253
-181
11
171
-59
-35
-88
28
-168
99
78
49
90
-222
-68
215
-259
239
160
-170
-36
119
38
-209
197
39
79
-103
46
-42
176
-317
121
89
-209
18
310
-96
114
135
-32
-295
191
-331
-60
228
-19
-100
-118
-142
310
109
79
51
-5
138
47
80
255
95
285
70
-160
4
-98
-89
-121
126
-95
-21
27
238
-65
62
-108
88
-42
78
45
25
-16
25
-136
158
143
86
-141
46
38
72
259
-16
-99
-11
-45
272
45
-138
141
362
315
182
76
-6
196
-201
89
-43
-278
59
-71
-183
-220
-141
-11
166
-369
18
9
171
-3
-27
-47
29
-124
-133
185
-105
46
314
112
344
59
-2
-133
-71
134
-73
-171
87
-166
-270
-127
-145
-174
-8
51
-210
80
118
158
117
-45
-115
-24
-261
-71
182
199
-19
-1
120
-47
-26
142
-174
-43
-59
58
83
60
314
-493
196
256
-49
-46
185
-7
238
200
46
74
82
-57
-89
-15
-227
-28
324
-259
34
140
12
169
464
-150
-8
-248
106
-110
117
-6
58
71
-104
58
-78
-140
-77
-85
55
-106
-15
79
-123
128
-12
-160
-67
-115
126
60
-169
36
152
0
41
86
-442
105
-149
294
-165
127
159
-217
-121
-176
-6
-13
243
134
-38
-215
-132
-85
35
-1
105
41
-47
99
-102
-210
228
-61
-50
-106
57
-66
106
-12
13
-203
-18
-188
104
-108
158
-34
-18
62
-24
-32
32
-22
415
-117
-147
190
-21
163
299
211
-72
-148
55
31
-67
173
41
71
-40
-70
-240
101
-222
-260
6
257
-127
166
58
-59
-14
81
-158
109
48
102
-159
-5
-121
-47
-176
187
131
265
-187
112
-195
71
-202
56
100
93
154
123
-71
-4
-134
161
28
-23
-8
-263
136
75
-122
-211
26
-155
-82
159
198
-109
152
141
128
120
170
10
194
-227
265
-24
-33
-74
-62
28
-68
-1
95
-107
271
-159
-23
-71
-111
51
-214
-270
-100
-147
10
195
156
-79
154
44
-75
137
-102
-48
-101
-126
39
-181
1
-168
42
-146
-189
-69
211
20
-36
-273
108
137
47
221
-170
-102
78
429
-73
219
134
-76
122
-59
158
17
107
-35
195
14
44
215
-7
1
95
9
-47
74
68
-86
-21
-47
183
389
40
-148
230
-70
-56
175
-3
-96
-74
-37
51
-143
94
2
54
-68
-117
94
-213
162
-24
133
-134
-148
16
-37
-107
13
53
19
73
99
133
171
18
96
-235
242
167
71
7
230
10
26
-22
-68
-84
-53
-90
18
-72
2
-94
-320
-4
-29
118
78
302
147
-93
-18
98
-208
-14
-70
32
466
43
180
123
-181
-126
114
49
141
113
-171
9
96
-130
366
-39
33
124
233
-54
-69
-228
-90
-5
52
42
67
170
80
-336
-195
-4
-183
127
232
-118
348
-389
-26
-18
-140
-251
54
-88
4
-249
187
41
17
184
121
43
-11
120
318
-20
94
78
262
-46
106
-249
-27
-3
26
-106
91
11
-66
-115
192
10
119
308
-72
110
91
148
45
155
80
77
-123
261
94
32
145
50
109
-119
74
-147
188
-106
-62
-167
-4
-68
51
-55
-159
34
92
-173
34
-172
101
282
29
-97
-142
271
257
-347
-180
163
31
75
-59
147
-116
-80
-74
-270
-17
107
135
-50
-157
-83
-175
281
154
-341
64
-101
5
118
-123
288
-155
199
51
130
11
56
74
193
-57
-176
15
-34
322
38
-53
-30
-93
170
69
169
-112
267
-15
-186
-119
277
159
-83
226
34
82
-60
151
8
194
204
146
353
-88
-56
183
-124
28
121
-344
207
-90
51
171
-229
-92
-101
-215
-79
-18
65
-259
-50
-57
-122
-144
-102
-139
-106
79
290
-143
146
-58
78
51
90
-12
-75
30
-169
284
147
93
3
-113
173
-17
-199
220
211
-135
-27
-49
21
-236
313
188
-64
121
-261
67
396
0
218
-39
-305
22
-307
12
-315
58
60
13
-60
217
200
-257
158
-41
-451
143
227
-126
170
-188
307
-284
52
139
197
-189
-68
29
-381
347
-56
-135
-137
104
16
112
-40
258
140
4
-237
53
111
-20
-74
-73
168
-43
257
-115
150
-43
-204
207
-22
211
-54
-129
89
79
270
-184
-44
37
122
-8
-2
-48
-273
-57
304
-197
-35
148
0
167
-112
43
-198
-72
-126
-153
155
63
21
83
175
187
28
102
-212
-109
-55
-104
-56
-61
106
-131
-343
-157
28
-24
-3
60
-57
225
-66
117
93
22
54
34
-34
302
-10
-38
144
-40
-186
-30
42
162
21
145
185
66
-177
154
202
-112
-61
-124
-113
59
-134
-160
166
251
126
346
-4
-67
-76
-228
-206
23
2
-68
-423
-108
-237
225
-42
59
125
54
-279
-1
128
109
-25
54
129
97
-103
132
-153
-127
-141
33
-92
189
4
-346
-13
-27
-153
-187
-153
-59
123
-145
-12
-169
-137
134
12
-139
-36
-315
43
-141
60
75
38
-142
-236
-175
202
-37
-111
34
-88
-328
-68
-100
-236
-103
45
70
148
216
-142
155
-226
81
246
-191
-110
-77
51
-14
-155
8
-19
105
-36
30
-2
125
20
37
136
-121
163
-80
213
-68
-306
-49
-97
-74
-5
66
42
302
112
-199
-52
59
-116
-92
-18
24
-201
69
206
242
65
-78
11
123
85
10
70
119
-236
96
-311
-61
-112
247
-124
9
-162
30
-20
-66
195
181
-46
201
42
211
-25
-90
100
132
-369
11
-131
-43
159
177
-173
-102
192
-21
-199
31
-63
2
-24
-343
-235
230
46
101
98
-90
-6
120
98
-62
197
-238
143
141
28
-31
95
49
-67
-280
-100
-8
-169
168
-130
27
86
19
-33
76
70
113
64
75
-77
-283
-221
23
14
217
-222
-170
-1
-125
211
-225
-30
-38
-53
1
-78
28
-120
-148
110
-101
-74
-156
160
-89
86
94
-135
101
-98
12
55
-228
255
125
231
167
263
-201
-69
-488
-239
-136
49
-7
26
-67
-92
-27
155
307
254
51
139
164
-140
101
58
36
-194
-231
96
57
122
95
203
-153
-14
-78
-76
-56
24
85
-170
-303
207
134
-146
149
-74
35
13
-77
-68
109
78
75
30
-184
-126
305
-56
12
-123
34
221
-225
-54
15
168
-194
-68
-113
-34
-115
98
-6
169
137
235
199
-202
233
174
-83
-205
98
-207
-46
-137
-61
-73
182
10
-298
44
-128
-137
-136
-187
-236
15
181
82
6
108
186
-84
146
-72
2
-250
-135
34
5
-49
279
156
138
-141
-122
-199
33
175
340
-219
25
-14
54
-106
-58
-69
51
180
-8
-134
212
-209
-149
-48
24
-145
30
-68
185
100
-12
-78
-50
-160
-151
-221
70
111
-212
-89
16
-36
176
168
224
13
37
150
-199
286
-317
315
19
68
266
235
30
-60
-302
-225
279
-103
223
14
-37
-292
-79
-91
-14
-222
154
-173
204
47
-53
195
66
147
7
101
175
25
-16
-392
-208
-167
22
74
-16
1
3
-43
-116
-276
-67
-141
-179
106
-72
153
-11
-59
-5
-77
-237
134
-200
142
-24
215
107
-360
-68
-152
258
77
-89
88
194
15
81
-235
-120
-163
-113
341
-14
0
-120
-81
-65
-35
23
44
-233
40
149
-110
41
140
231
-83
-169
51
-25
100
-113
-59
67
140
-4
-48
80
-17
-6
292
-55
142
177
38
-47
-30
-38
214
6
-16
-62
-148
207
185
-9
-112
-302
-246
-3
45
-291
-169
143
22
-89
97
115
6
-6
244
-127
125
238
0
25
102
6
-10
144
-118
18
43
-22
-124
58
13
35
-127
-146
47
80
-179
74
-97
396
-145
-218
234
-165
-168
-131
-203
154
-102
-239
141
51
-86
-50
151
75
282
-8
-152
-6
-85
122
156
314
-40
-71
-34
253
-182
168
-10
-93
16
-23
47
315
177
40
124
-97
28
-14
-23
-43
-148
-19
280
-25
167
321
-144
-229
7
56
-111
-119
127
-254
33
-23
-214
59
96
-157
-94
-64
-167
115
142
-214
-161
-31
-4
-241
203
84
424
12
-141
52
25
38
57
192
175
122
-177
-148
-30
242
3
-166
114
-83
-41
65
270
250
-112
-94
303
38
302
-274
-264
-204
-13
354
147
88
271
-141
108
50
148
105
-35
21
26
262
65
-74
-238
17
1
52
-37
28
9
58
-30
3
79
-264
79
81
10
76
178
127
135
-64
-273
-48
-51
144
67
0
72
107
-45
-63
72
63
177
22
55
-69
244
-233
203
50
73
-67
67
17
-103
9
-98
-223
111
353
-43
248
-71
6
101
-142
74
-140
-176
264
9
-93
2
-239
177
-47
-187
-13
-8
139
202
-229
107
-225
137
-61
139
219
88
142
-39
147
68
-163
-19
-111
301
-80
-4
130
93
-21
95
127
136
105
264
56
170
18
-135
280
-23
46
-12
-247
-117
-243
-15
-147
193
-59
-77
-197
-369
-128
-15
-26
172
-31
34
-16
103
121
-142
-50
248
17
-107
-115
-179
-126
254
73
-112
-86
-21
32
90
19
82
-141
26
-111
-286
-55
41
-72
-97
-136
-121
-137
-91
-175
-62
-207
-117
-62
-132
50
203
-94
-128
201
-25
55
-241
147
-127
215
-57
-77
23
-20
-10
-147
75
170
-404
-1
-22
8
-105
-159
-100
-33
-126
-18
50
-158
-164
43
-7
-162
-166
-74
101
-287
-138
-175
102
-3
-249
36
138
-79
-293
18
103
-285
159
56
102
-169
-192
67
32
-79
30
-232
-277
-7
-60
-21
148
98
-222
-16
-50
-44
-53
-4
130
-257
50
89
8
63
94
11
-93
84
396
-14
-249
123
217
283
92
75
183
-186
0
-46
121
-197
135
34
452
257
38
82
-32
173
137
-120
-39
99
81
201
230
-141
11
-22
-187
-177
-120
-202
157
100
-201
164
-321
-136
216
105
96
-92
214
-114
-42
56
-119
177
24
62
190
-54
-145
-89
-178
58
154
-175
-1
158
35
67
98
7
-104
-48
35
-60
153
212
84
2
66
-31
-20
15
-152
-12
-64
-53
-357
-120
-31
65
110
95
-161
-269
-88
218
-92
30
228
39
12
194
-207
-31
-272
-50
64
169
-7
-137
-32
301
-22
-250
-229
175
-8
-10
21
-50
277
13
-59
88
163
-3
-121
57
111
239
54
-62
75
193
-74
-41
1
50
152
-186
-39
-128
95
-15
241
-122
249
-31
287
89
237
121
3
-110
-146
-151
35
95
60
72
130
-49
81
55
73
32
-197
86
118
-53
-111
-147
214
-152
144
23
84
153
64
132
160
-160
78
207
15
98
111
-96
286
43
-17
210
-126
-24
-76
150
-105
241
172
-55
-234
-7
-67
-116
-177
2
275
-262
-122
-141
-40
168
-79
-182
-106
-37
33
65
128
283
10
146
62
-53
141
-95
-122
-353
-182
-81
132
-3
-160
-35
159
-34
1
513
-51
62
164
-85
202
-157
186
-38
-93
-28
12
-45
-304
-180
81
125
-98
-184
106
42
-2
81
169
-41
-74
21
33
-99
52
-206
-60
79
-158
103
-3
131
-31
-8
98
-102
37
-57
49
-163
-76
-217
-115
19
-13
129
94
235
-287
28
281
-279
-249
77
27
75
54
-229
24
14
-360
44
-109
110
-6
-56
8
-15
117
32
-320
-120
108
-103
170
-118
84
-105
64
-94
-250
-151
92
-29
-185
-22
-19
303
-115
180
-92
-15
-4
98
52
42
-106
-237
-113
6
-105
132
77
26
-30
127
-145
141
25
142
-276
263
96
-73
-20
90
-286
195
73
-46
23
74
265
253
-38
46
-157
-55
-125
231
49
65
-43
-72
-99
26
-30
113
15
107
301
-246
153
84
45
241
-126
-330
13
145
-439
-183
239
28
-74
-74
196
-157
8
-157
-15
161
-46
-59
44
-134
-145
203
-213
103
-123
132
130
-61
191
196
-185
99
-47
108
135
-27
-79
359
196
232
-76
-157
-75
185
-124
-30
182
41
175
69
74
-70
36
92
152
-63
68
165
3
-10
9
-327
-69
47
-27
47
265
-293
-15
-67
-145
-12
-47
-235
67
-154
-72
304
-208
-167
-61
107
-22
147
25
-121
-160
110
30
-158
80
123
-57
-278
100
112
-323
-109
148
27
-241
-51
136
223
-74
-65
-14
-106
63
-309
86
-131
0
-70
140
-47
17
209
222
-95
52
-213
-85
-16
-84
-55
-179
-121
-46
-97
-155
329
110
24
-175
186
513
-115
-133
0
256
43
44
-111
-197
21
27
-117
-29
-1
-65
-67
99
95
49
-201
252
127
-115
226
-242
-126
164
-188
-18
21
-49
338
-7
257
-57
247
178
-128
11
68
28
-199
-67
3
148
71
83
-12
40
95
-19
-160
35
-32
87
-22
-22
-47
116
226
-93
20
136
-95
-10
-60
139
-187
-136
-36
-24
278
-259
0
-41
-100
-54
-81
167
-72
-135
30
-118
-250
82
78
-208
1
73
158
-61
5
-108
298
-54
-43
90
-337
20
220
-73
-104
191
-9
-153
-104
-156
-156
30
53
190
-92
266
324
-36
202
285
-216
-193
105
-123
66
-85
-78
-11
22
-55
-16
60
-72
-282
6
93
-8
23
152
87
-246
142
9
40
36
-336
-47
-121
-292
28
-1
238
10
58
162
-68
12
89
-4
13
-96
273
-69
221
-87
-126
302
-17
29
214
-77
30
126
180
234
166
101
-10
-63
-113
-343
-72
-55
54
-452
-38
-149
12
318
142
-109
211
-63
-132
33
156
-97
-12
-20
-188
185
-266
53
-118
53
-69
55
-115
203
-49
179
-51
375
114
-98
-221
158
-34
-103
83
-124
139
-21
201
-76
169
-207
-278
-114
-87
60
129
-66
167
-120
-158
-235
-68
266
-110
-220
-162
-168
17
271
-11
205
40
-254
275
197
40
-25
151
57
-10
-107
-29
-164
-373
-437
-79
-40
-156
12
66
-144
150
-256
-21
110
150
30
-93
145
-30
-218
-188
58
273
145
202
39
91
32
-89
-14
-152
-264
50
14
132
-11
119
-355
-140
194
-188
-117
-40
-213
131
-165
114
101
-300
33
-162
-230
-210
89
83
-8
-270
-225
-122
-139
3
26
-88
-137
87
-4
-28
259
78
68
-85
71
134
106
-19
18
7
97
-86
-31
-85
100
288
218
-16
102
-98
203
55
-114
-199
139
-324
71
-29
-323
-382
-59
107
27
155
-5
-92
32
160
294
92
-51
-128
86
71
-31
-197
-63
-82
67
182
61
131
181
-46
-122
82
39
-126
-102
177
110
120
-13
124
-105
7
-336
57
-122
-38
-357
54
9
-47
0
-66
233
92
-107
238
-156
44
307
62
-71
2
-112
52
-304
-21
-18
75
108
-25
127
46
-53
95
12
-162
-4
185
-114
-30
7
-61
-24
-156
21
173
102
-42
41
99
-134
167
-28
135
213
90
55
-92
-115
226
59
217
34
-21
140
95
140
-40
147
60
47
119
-100
-25
113
85
12
18
-241
-89
70
-52
277
-65
-35
-88
106
199
-173
142
-233
136
76
-76
40
28
64
76
76
-95
191
-231
95
-61
-92
-27
26
-91
-62
-90
148
-7
-117
-139
111
-154
151
242
241
87
122
11
-70
-208
-83
-54
100
-22
184
73
-85
-300
-107
104
-248
-194
42
-332
-151
-140
109
-16
-155
-187
-58
-60
-160
216
79
166
32
47
-122
-115
-157
146
25
65
61
67
-3
265
-72
106
-121
-6
-34
-409
267
45
74
117
169
24
-369
-111
22
-223
189
117
-151
70
-139
147
-26
35
169
135
115
-58
10
16
-93
43
-143
-114
-34
157
45
-9
96
-168
206
80
-232
-200
18
-51
18
138
-184
43
-103
-167
-91
11
-78
116
115
-52
30
31
87
-12
-11
-107
264
80
56
174
-8
-35
45
-112
-21
0
81
-191
-56
-29
33
-263
-56
81
46
-241
-59
167
79
-47
162
-5
-257
67
-10
142
-35
-24
-166
-84
-303
-54
-88
149
-51
-21
18
-75
169
11
-77
82
-51
152
32
88
-139
126
-15
185
271
-42
23
103
-84
152
-12
-2
71
130
15
-86
-78
287
178
-237
64
-142
-1
73
37
126
-299
-48
73
195
216
-104
91
-175
9
-118
51
-41
-80
53
100
16
52
-124
155
81
-29
67
63
-19
-47
-42
292
35
-52
86
23
73
92
65
77
96
53
163
89
74
17
-37
-78
229
-15
2
76
-286
-38
1
-141
-68
-110
-256
215
85
88
-207
-12
-79
98
-75
107
156
-71
-45
-78
-62
29
85
-60
249
-185
384
-106
-7
-147
25
28
-269
97
-39
-57
151
-129
135
-247
-188
48
-228
-283
-154
60
151
-59
-220
125
-146
240
-21
-172
58
-92
150
102
-3
93
-54
-50
-72
-144
-77
-36
247
6
-161
238
-106
246
296
-26
10
165
-417
245
28
102
-221
-112
286
307
107
-101
-27
-89
53
-26
-35
90
31
36
-196
5
-227
-218
-34
152
-163
-204
123
-137
170
33
252
222
2
-357
98
311
-49
-72
7
9
-170
24
-134
131
318
-191
-192
-143
-8
-199
-67
145
75
115
38
-151
-220
87
91
-239
234
-18
-90
52
222
94
-57
77
-38
-10
158
24
-338
94
93
75
-114
164
-217
143
257
-102
122
-72
135
-39
-46
83
-109
-26
164
150
40
-46
-99
98
-277
130
42
-47
177
148
227
126
-2
193
-96
63
37
78
-432
-80
50
-325
296
-129
-125
285
24
37
-4
-94
82
86
-13
-62
251
113
62
132
131
-85
-40
-21
-28
-116
-31
-163
-288
-11
296
122
85
120
-172
109
-45
-283
-26
-149
147
116
60
-136
172
37
-119
26
184
182
-73
152
92
88
-63
100
34
-137
-115
-222
-18
153
-63
213
191
-109
-108
-194
-75
16
-113
190
33
66
-73
-114
-261
-201
-5
-91
51
11
-107
185
239
-44
130
54
50
-130
-15
224
-84
131
190
257
8
-80
-124
-149
11
124
-341
232
-16
88
9
-53
-249
-141
-73
91
36
-162
112
42
92
-91
212
42
42
63
-141
-179
-3
-175
-154
82
41
139
38
-21
89
-5
-113
-14
108
275
-169
112
-115
-44
-50
163
-160
-213
-137
-219
-240
91
-163
-95
-2
348
98
131
-116
129
196
-62
146
40
-17
-126
90
-6
-17
136
5
102
-35
169
216
59
82
122
-316
52
87
206
-110
120
-13
-176
4
110
-150
-6
-22
95
-190
187
-234
261
-290
304
-73
58
34
-40
227
-89
-12
-107
59
14
-53
2
-247
-163
-82
-249
230
-22
105
-41
-198
-214
320
-359
-54
278
-34
30
-216
