32 64 289
0 9
0 14
0 22
0 28
1 5
1 21
2 15
2 28
3 11
3 19
4 5
4 26
5 13
5 14
5 24
6 21
6 24
7 29
8 9
8 29
9 12
9 21
9 29
10 15
10 27
11 8
11 16
11 21
12 2
12 18
12 29
13 9
13 26
14 1
14 9
14 20
15 11
15 17
16 23
17 3
17 17
18 31
19 21
20 6
20 19
22 7
22 11
22 12
22 15
22 19
24 7
24 13
25 24
25 28
26 2
26 12
26 15
27 21
29 18
30 7
30 21
31 14
31 22
31 23
56
38
8
34
52
11
61
42
28
41
50
16
13
5
25
18
45
43
3
59
10
33
23
40
2
19
36
55
12
46
49
30
22
63
57
37
31
44
60
62
7
9
21
48
6
27
1
53
0
17
4
29
15
35
54
32
20
14
58
47
26
24
51
39
126
-104
140
-65
-96
155
-13
-394
40
-5
636
-76
39
218
-374
302
-578
92
-91
-159
-156
-48
70
-50
-529
-128
-145
267
-101
-107
153
-289
575
-389
641
363
39
-126
-106
-165
100
-423
-12
483
324
-267
357
422
114
-205
-525
565
8
167
-140
-96
428
518
297
282
420
-85
308
-218
12
442
-192
-145
215
-107
-168
61
-236
40
152
286
47
-257
209
-61
467
132
-380
294
-131
-46
141
-611
84
158
322
-147
452
145
-318
-160
413
324
73
452
-66
-107
243
-378
261
56
-20
239
321
245
-188
276
141
-591
432
127
33
297
-111
-97
300
11
313
-119
124
-398
331
38
429
-216
363
-259
34
124
46
-490
70
451
499
-91
-457
154
-67
71
-209
-272
-175
-426
-71
31
430
63
304
-26
359
55
-131
-387
1008
-83
157
-493
-64
653
-18
-243
109
-279
463
307
-495
80
404
133
-354
-551
-186
-199
99
-116
194
795
-257
256
-161
179
-122
-360
65
-238
-308
-278
26
291
-221
175
-260
173
-269
-565
-75
192
498
260
-105
228
-106
314
-317
-125
4
111
15
337
15
-13
198
39
-538
-519
-157
-47
-85
-36
86
-34
-270
-275
94
175
280
452
-644
-1
331
449
-96
-138
-200
-417
266
-412
-4
101
713
195
437
432
-91
125
-809
231
-215
-112
91
65
59
-180
-327
-475
-325
75
-427
-107
-15
-186
142
-220
153
-64
-63
-103
-379
-493
-97
-46
-22
-381
-267
-278
420
-395
-104
-63
-68
-53
227
-851
17
-220
507
-161
-69
-244
-810
-589
339
-384
-215
-452
-139
95
-195
37
-247
-144
93
304
-209
-378
-217
-35
-411
389
586
-26
-285
589
113
-144
-459
-222
-194
528
97
31
-73
36
-362
-56
9
1
-124
29
-430
-163
-558
271
-248
310
246
466
150
-210
61
-290
-294
199
-91
-184
155
68
14
94
-178
227
-73
9
362
-47
271
72
276
375
231
-236
-157
180
-11
-631
-168
-368
138
134
-128
-27
-203
314
218
-74
137
226
503
-212
-177
-120
-421
52
596
103
-489
-224
-178
543
-48
-202
-37
35
278
-171
-155
-166
93
133
81
160
337
295
291
-346
-653
-366
428
-249
234
-24
-436
389
58
-165
132
-102
165
-518
-184
-120
-180
75
264
-410
-146
43
13
72
-100
487
117
-279
40
22
-325
-371
361
-560
-275
-30
200
80
-468
-165
-72
-69
-153
-541
-145
170
-205
361
-180
256
349
-154
-121
-19
54
-533
487
-148
-45
150
293
166
186
-648
315
-260
96
511
-115
-253
-287
193
-376
436
-509
-187
128
315
-291
-198
62
-431
632
140
-52
319
383
516
-3
-175
-192
250
666
-424
48
-127
15
-417
28
-26
-15
37
-79
-258
-351
35
-443
-19
535
25
391
223
-377
43
196
295
-287
-192
128
-281
93
-195
-117
-434
166
180
-165
213
-496
318
-44
-19
-234
-476
-267
-642
-8
-116
-94
-150
110
106
-221
-165
543
-54
361
130
59
-33
785
-321
429
169
-358
745
128
546
-383
-147
-31
-141
178
149
-162
63
155
-171
-203
636
-145
-84
33
-340
-91
58
-80
-204
-243
493
787
-94
-230
-250
179
-226
-170
-453
-33
-183
384
76
52
-79
34
-64
125
387
38
-658
137
-390
146
15
252
-371
1048
355
-142
154
-93
49
-172
293
183
103
462
340
-142
-663
172
-96
-183
307
66
46
47
343
-362
-117
-120
290
242
-388
-128
-482
143
-80
-104
-57
-235
-96
198
-45
133
37
359
-173
-121
-182
188
69
35
-570
-613
-248
-611
-230
66
101
110
104
-366
-37
-168
607
305
261
-187
-422
-72
-270
-215
-133
201
171
393
-573
162
-96
232
-184
131
-162
752
-14
-57
221
-62
237
-353
138
-387
-610
-200
296
-100
197
217
198
-528
210
457
-159
-202
445
565
-303
-616
-181
-553
-215
110
107
-122
758
-47
385
-77
-20
350
-73
157
349
263
382
-31
-242
159
190
-358
-263
-20
71
223
89
413
150
-345
-245
-349
280
-58
-18
-155
54
-68
-185
-20
240
-168
15
-30
524
-485
-68
-380
165
155
-95
405
326
-298
182
-289
427
61
400
250
-288
282
-76
32
144
-358
-326
278
-110
213
-199
-700
378
2
241
-286
223
-38
-478
-176
-259
-289
-116
118
162
-223
56
76
-197
101
-68
260
-2
131
149
1
-559
116
165
-175
-5
-665
7
11
-280
137
75
215
256
372
-517
-53
63
383
-145
16
-172
-75
-141
221
28
-351
-382
96
354
-25
261
270
-155
359
169
103
-655
-110
-6
-271
184
405
-298
-74
36
-250
-264
-323
224
-187
802
-115
80
-120
-551
282
-258
241
-42
79
96
312
279
192
30
98
377
40
-605
99
-4
370
569
-19
106
118
-237
-551
-7
-469
-14
300
-502
-101
-4
-297
-65
128
358
-361
-182
-77
166
382
183
3
-245
-169
-541
-45
111
385
112
-383
161
-121
237
85
-581
-234
80
88
59
-97
-65
781
265
-538
-195
-572
471
-61
-241
85
-176
295
-42
-42
174
-466
-39
175
140
622
282
171
329
235
145
61
94
-248
88
-173
287
687
260
-129
19
303
-212
-140
-14
6
296
602
3
521
-173
33
-283
-529
280
170
399
-511
355
-117
504
-209
-72
-9
-83
-177
-173
106
-349
51
281
16
144
346
103
110
-682
-151
-287
-292
-308
-222
-101
-73
-205
547
234
239
42
-141
-306
-136
-203
96
520
25
368
186
-27
264
-179
-101
-87
-260
-169
-9
61
-439
-130
-209
-608
15
-45
-403
302
439
-472
525
-291
-229
367
309
-382
239
272
300
432
-392
336
179
130
-19
20
-306
120
135
-474
191
6
102
-58
-61
381
74
87
-215
128
-323
-555
60
-74
-113
-277
-598
261
35
395
-421
-58
156
49
-378
170
-18
-5
-235
279
-10
-42
148
-53
424
265
212
-127
189
378
-104
-343
28
-213
-632
-212
-252
-340
-531
131
-253
357
212
200
-23
-408
-253
465
-290
-503
-71
-316
-492
-211
-371
-344
-78
-113
-155
-179
143
-32
39
-1
-130
-320
212
-167
-77
-96
-226
-327
-150
198
96
-563
59
-72
-257
153
199
-492
-348
-185
-261
343
-265
-236
85
78
235
-124
-114
-156
23
-588
328
176
449
-6
174
62
-211
568
-197
359
509
-95
244
348
87
342
-172
-336
-133
60
-535
-246
-623
-28
-269
-356
183
464
-280
-181
681
245
247
435
358
367
75
-311
-687
-395
-27
-114
-268
-652
-261
-331
40
-121
-551
152
-693
375
76
239
248
-140
-77
-80
25
-56
-5
132
-107
-190
-140
-305
401
-27
-198
123
69
11
-377
317
134
-54
211
-364
-150
-158
168
115
489
-33
-322
268
-36
-1
107
250
105
582
-60
234
275
302
-410
-179
-79
-82
-74
225
-204
-16
-176
372
321
-145
-26
51
251
410
-199
14
72
-175
256
135
-442
-132
249
-197
-169
450
289
399
251
-32
-267
71
-173
274
-180
151
164
-131
402
-240
339
-131
263
-453
224
170
121
-326
-128
-211
-198
63
-196
189
158
15
-61
77
-44
-411
92
253
413
282
474
3
-72
-106
305
219
199
74
-534
-19
62
-138
-333
378
252
-46
3
-357
-94
-291
-104
-250
94
-94
148
10
-1
347
51
25
271
333
96
-649
-133
-19
13
-58
42
29
-354
310
-970
-64
295
-129
322
38
-45
-275
230
172
192
-195
371
271
144
215
-325
187
6
553
238
331
251
12
-161
-196
161
-144
-95
44
-14
-96
-78
260
653
354
335
-59
-102
-281
27
-63
673
39
30
-192
62
259
460
-357
245
-313
-343
-59
4
-373
-428
89
-393
-580
-239
153
119
1
-14
867
-573
-419
26
54
-112
440
-57
151
7
69
-46
-538
275
-49
177
-43
146
-231
-302
45
-208
-293
-260
-222
-106
-372
-348
245
-240
-47
-171
13
163
432
-396
-90
142
215
-208
-166
-213
-207
227
-98
980
102
129
58
-60
71
24
1
-406
215
-527
-231
620
-255
264
187
-66
-99
79
-480
138
174
227
147
-293
118
-275
258
-7
-137
197
78
27
-573
-201
-87
-285
-134
-46
145
-219
-120
-680
141
276
-636
-154
-196
-732
69
217
-252
132
115
174
-199
383
-323
37
-276
-80
143
-493
219
46
89
-65
42
-36
110
-70
392
-15
351
143
527
-104
-158
325
27
157
-232
-155
135
-38
-482
99
-387
-8
178
-143
-169
174
-98
285
-112
153
299
68
-188
-210
124
5
177
-122
-95
213
39
92
-8
139
221
256
-187
63
280
145
89
75
-423
-198
309
-178
-816
-483
-445
-249
-362
-147
270
-424
342
204
-221
512
57
-175
-98
209
472
490
95
284
-282
-254
685
79
203
132
173
-88
-199
375
-402
187
-580
266
-399
-105
213
-67
-193
-58
-339
-373
316
-216
-236
-231
-265
380
405
-210
-61
-445
-242
-145
183
329
-315
-259
373
-647
-46
-336
-65
-303
-526
-417
-469
-302
133
-222
-30
-28
-46
-10
385
-271
531
458
484
-68
-60
319
164
396
145
-528
325
-38
607
-134
429
65
-178
-511
127
-539
427
200
-166
431
101
262
297
626
62
96
-377
318
-160
413
74
322
-309
297
74
764
279
649
94
197
-12
185
42
-205
53
188
293
92
313
212
-386
627
414
7
212
-227
-34
49
-22
123
152
-298
-368
-31
-112
4
-351
41
114
335
-285
387
-287
-42
91
-341
3
39
-185
68
125
99
126
377
-19
-571
-335
-144
-29
-182
143
-52
-291
160
259
-289
-59
-498
-199
-243
-444
-433
205
-116
252
-101
21
283
19
337
90
244
481
97
121
611
257
170
217
38
-63
570
103
456
-184
360
456
-319
-188
71
223
16
312
197
-304
194
-82
190
53
-317
175
472
193
-269
495
252
-429
79
378
-330
-91
-208
30
332
-84
197
-118
-19
264
136
181
-652
-73
298
110
422
123
-70
-44
191
-416
-20
-192
-49
139
-104
220
-711
-426
273
-167
3
-180
515
-181
-393
409
-69
-278
799
-388
-50
80
182
-217
-317
-39
105
-158
-219
18
13
-402
698
18
-311
-750
-41
-233
16
128
244
567
461
-293
-29
-62
112
319
-263
183
-380
-229
462
157
187
-231
-28
-572
199
-138
190
-160
-37
284
-672
149
-163
247
-104
-92
23
83
140
-777
374
237
-371
-484
-233
458
229
-384
-40
-366
-254
327
396
24
-37
172
368
-809
-213
557
134
377
-53
-184
151
5
-75
38
298
207
386
459
544
-356
-472
105
-345
-289
-707
-31
-40
2
45
496
279
251
116
359
59
-402
272
657
165
-179
-459
-232
-282
351
104
20
23
89
-370
34
-31
369
152
251
-256
192
242
208
42
16
136
-198
0
-239
-4
55
-113
88
-309
-108
15
92
-225
278
286
353
-210
261
-203
-180
332
51
-168
-36
-303
353
-579
102
-336
311
580
209
-103
-56
164
-95
189
-397
659
269
-127
67
237
432
-222
-82
-251
-271
583
93
-202
-80
354
-267
61
-22
-401
175
133
-336
-535
37
-16
281
-341
16
70
366
179
41
220
344
149
141
448
34
190
544
50
-307
91
636
246
40
-512
-115
437
-228
290
-44
-282
512
-18
431
142
-373
459
45
-61
-628
79
-258
215
697
6
165
-257
-196
-487
198
80
-417
-41
-47
171
-153
320
433
316
577
-248
-272
-35
-68
328
-46
401
-250
18
315
288
-115
-16
430
426
173
194
-296
595
361
-214
478
18
267
74
-81
-355
-198
313
-56
-326
142
-232
-489
-223
-58
62
576
-62
-356
313
-498
165
49
254
-588
184
-150
-232
93
742
357
-76
329
-111
-130
331
-304
-167
-405
417
36
210
8
-98
182
258
-408
-311
-97
175
153
-373
-436
3
102
-436
-9
-256
163
-205
3
-376
-268
-519
1
129
26
-315
475
253
-316
349
-49
76
15
61
269
-190
139
110
-117
-251
154
274
102
-263
-415
-370
14
-56
-369
-228
-44
-355
69
209
427
-546
148
-99
-225
-169
-248
-152
21
-109
254
30
141
511
340
-126
475
270
-84
1
257
-23
-57
-183
244
-445
-201
-153
339
-16
452
-199
236
263
-185
-61
-231
-305
-418
153
91
-386
270
-175
-410
141
302
-208
-133
304
98
311
-324
115
108
169
-453
123
-320
-140
247
518
379
-381
251
-240
-251
-139
-137
-149
339
162
132
235
319
-81
-189
-226
-798
-276
-130
-269
-202
-50
-23
236
-182
54
5
50
63
81
-451
316
-326
488
-192
332
-383
7
-218
335
-473
52
-232
284
-215
-777
-223
199
324
-96
180
152
-4
49
172
-220
464
509
-285
-108
-747
80
-479
-122
-191
172
343
281
272
474
220
529
324
55
-47
-306
-88
-84
284
595
-82
-650
321
-178
150
512
-269
123
508
-465
448
-313
480
-128
70
763
170
-286
-86
61
27
530
-153
274
-116
30
-150
-89
-131
-314
325
36
218
231
69
-555
-29
88
260
360
186
389
-560
-117
-221
163
-243
-12
45
7
-103
441
215
243
6
-357
-138
520
548
-42
-184
193
-221
-14
-207
288
298
401
538
-38
347
425
214
147
-70
431
-832
-143
-536
282
463
-248
-201
27
-296
283
-362
-727
283
-7
197
174
-551
-444
-27
85
363
8
-179
44
283
332
182
-175
527
-217
0
-335
-208
-135
-229
17
-37
-73
-252
463
295
166
-399
219
240
122
593
507
-334
86
-22
119
222
-354
-330
-39
-236
269
-104
182
54
-195
-99
184
38
22
-66
8
230
352
372
34
126
-31
116
-212
635
13
-131
-148
-48
-429
-363
168
22
-49
-81
405
-30
645
-500
359
-323
-17
-168
26
-3
-298
-6
188
-695
283
-102
-120
-44
-349
-140
288
-3
-783
542
368
918
-92
257
108
648
-552
182
-264
292
246
-200
205
155
226
-105
214
657
267
-714
219
-387
355
-194
130
338
-161
-90
173
341
91
107
213
85
29
165
135
-172
-182
-85
-308
-90
-411
400
-101
360
-56
-200
724
-165
-468
28
-82
489
-125
568
166
-433
-399
178
356
356
-8
55
-122
59
153
447
275
-236
95
89
-287
-290
293
101
30
266
489
-377
323
-158
-125
188
-20
119
153
167
425
-77
-95
-36
505
-604
516
-13
-44
652
-559
73
-168
298
-621
-76
-669
-144
-450
-86
184
-251
67
89
-27
505
295
5
101
-391
-55
52
367
378
-342
-320
456
-86
288
176
-205
-2
-94
-479
-69
161
120
-71
-256
-21
123
-30
119
-139
-42
4
87
205
-157
448
89
-593
-599
-406
338
163
164
-35
74
242
-103
-72
34
-4
558
66
-208
-225
-263
-65
-22
66
181
188
23
317
135
42
156
177
-357
-69
115
-353
172
-226
-327
47
-127
-106
-450
424
-313
-470
-108
267
59
341
-39
-129
-210
-61
377
-506
31
179
62
106
-128
-183
-388
40
-138
-238
-86
-330
-253
209
-557
-54
-114
-240
-213
68
-428
-122
159
-91
181
494
-102
633
-302
-116
-328
19
-138
-7
235
-201
-3
322
-358
48
182
382
-64
-97
266
6
490
-60
-250
-564
289
-143
194
-293
-99
-387
-257
-593
-250
-156
812
463
-417
116
54
136
73
485
693
149
70
29
223
98
8
-22
-46
243
-137
706
5
-79
410
-156
692
267
374
-2
225
-224
-497
507
-9
12
339
388
323
369
-122
160
-276
-138
298
-98
-537
355
-51
-78
-45
185
-120
683
-454
-180
349
-429
198
687
-228
-456
141
134
-50
325
-463
196
13
570
-261
-488
186
216
540
268
237
254
-730
-35
68
-241
636
328
309
-246
139
-123
-392
-425
253
115
-244
-252
-76
493
-602
108
-678
0
-96
-192
34
-295
53
-374
-440
293
215
153
283
236
348
-100
-240
326
-72
-313
400
213
-352
767
44
137
53
301
432
47
73
-262
148
-272
64
-163
958
-36
-327
-362
-81
193
-578
-382
110
69
-169
-191
297
-171
-475
431
-195
-25
-70
-60
-93
139
44
210
537
-280
-137
-201
165
-26
187
-111
-56
-185
-91
-153
-423
-3
4
57
-197
-115
-62
221
266
-196
126
103
-82
195
493
138
272
-227
-370
224
-29
-386
-251
192
-252
17
112
-140
-438
272
-210
-460
-360
-312
71
-149
-80
148
409
-161
95
108
74
-41
-495
-7
384
238
-62
52
388
198
-199
712
42
-103
-107
-40
-477
486
-481
51
-263
164
90
-436
370
-64
451
257
-211
-364
145
-120
232
685
9
-64
17
69
241
-255
491
-410
42
474
-29
27
-176
-65
-225
-67
-65
347
-4
-265
442
-583
434
-535
98
293
329
183
245
666
-564
-526
-419
-157
-358
682
260
-311
143
345
79
-252
-100
-445
270
-317
-111
-25
-73
-57
156
-341
-99
-289
-105
-61
170
584
199
23
-442
348
-281
-212
-539
-392
575
-109
-383
258
258
-661
458
-162
8
324
-523
56
-253
197
-85
-189
-113
269
-230
-100
-15
187
-163
-83
91
-178
-111
7
-511
-591
106
-120
24
-438
-92
90
29
-221
268
-8
298
213
45
-386
-26
28
330
550
511
383
598
663
348
-225
90
112
-1
-43
-85
226
29
208
-218
-45
61
316
-276
-323
-367
-183
45
238
148
-87
-316
629
-212
192
185
64
29
-13
-95
119
-118
-419
326
381
366
421
60
-58
-368
163
-120
80
-77
476
-152
54
-106
192
-189
-112
-431
-797
-208
-465
380
135
442
-279
328
-72
-190
307
270
204
-57
242
4
134
72
60
592
-179
125
-269
-199
-239
-26
-144
655
512
-195
212
398
-81
86
167
-271
46
304
373
88
13
368
3
-262
171
147
349
67
53
-127
41
-246
13
229
-18
129
-273
127
-151
-13
497
-236
-471
114
-92
355
-165
9
-166
-187
-432
20
-242
-47
-120
-131
-141
57
-549
222
273
-38
-82
150
709
97
133
130
479
-367
116
92
58
-343
-34
79
65
8
-285
52
-53
72
-46
-393
206
-393
-138
-62
134
-155
-160
-182
-456
251
-101
-6
259
334
-685
65
-238
-170
-100
238
-413
67
111
-331
-243
-425
-49
693
370
154
-145
433
576
4
-169
-452
-136
230
-249
208
205
-88
-446
-154
355
115
-210
104
162
-103
294
146
367
-175
-97
59
-395
-31
135
-450
273
175
-209
384
-145
-209
-263
-385
449
-408
-18
233
222
469
-145
154
-318
350
39
644
279
-189
27
263
-248
-10
-330
24
-816
78
-180
206
162
67
-109
87
-86
-557
8
-549
41
-71
-153
-98
645
206
-679
-38
-31
465
424
-153
-77
456
-262
71
13
-162
-15
-393
204
392
415
-114
247
111
-9
-152
213
67
-232
-592
-242
63
-149
-488
131
411
-51
90
206
9
465
364
-179
8
-310
325
496
348
-99
-102
-65
104
601
-135
203
-317
-33
-235
28
-118
160
187
-539
-523
400
-544
-81
627
-414
-352
-362
-300
107
-246
-286
-138
-561
-210
117
-10
257
71
-28
-34
76
-89
-10
-244
-179
-32
-167
341
-5
-220
-171
-642
-386
197
-387
-74
-170
308
193
272
-235
503
-55
-413
-218
-97
334
-259
-426
166
-351
-68
-33
498
117
-295
-173
-22
-100
34
-72
253
240
153
-305
254
100
-137
-350
62
-128
269
-237
-647
87
164
236
291
153
-26
-260
-215
-320
116
380
147
-563
-422
-219
21
17
-78
-273
-136
650
146
-104
-92
106
150
303
-436
117
447
-60
-199
237
117
-430
-156
-237
526
291
40
-61
56
242
206
-5
171
-10
-240
219
158
-62
340
214
-533
320
36
-81
69
-100
327
94
-469
-365
511
143
331
-274
-308
344
9
57
139
103
485
312
196
-71
-51
243
190
-60
471
-108
786
-6
273
280
-53
-711
-479
-32
78
47
-140
21
-71
-222
-95
-321
203
339
183
474
249
-654
-505
-117
74
-230
-169
155
-256
-69
56
-206
16
-465
-66
-93
-434
-86
597
246
339
146
107
2
-279
14
-33
208
-114
-516
-406
-368
223
459
-87
775
465
118
-177
-285
-221
-434
-465
-312
-299
-9
142
671
20
47
-43
342
368
-54
-10
-140
-142
52
465
47
-32
236
-35
-120
300
-385
404
-576
-438
199
146
-715
-334
-422
-787
-401
-418
33
30
294
91
-110
-47
-82
548
-186
-152
-194
191
75
-238
-206
8
-172
134
263
-196
-64
-798
-330
-352
-295
6
-127
99
-42
129
-282
-35
239
264
-518
34
-133
287
213
-191
10
308
-86
355
-53
-559
-104
90
102
288
27
-243
-155
-277
107
-15
2
460
-8
4
165
257
-476
120
101
-228
-246
-223
9
-152
-51
-58
318
-37
288
-495
-66
-432
40
290
121
-248
-55
5
68
-284
-406
10
-16
-147
138
-296
206
-190
-583
594
-364
127
-8
304
580
71
214
-299
-184
243
-279
739
-558
-316
500
-277
-273
-402
445
-257
-531
-250
505
-14
172
54
-199
70
363
-66
-380
-163
-356
-196
-86
-420
192
-428
-258
134
-276
154
-176
228
2
85
-89
-560
-117
2
177
63
-27
-193
-330
133
-3
54
126
82
-298
-377
198
-283
-468
76
-211
347
-165
-11
176
207
-161
-255
79
158
-112
-315
-454
-69
-31
-163
195
241
55
-354
634
-454
38
529
47
144
429
564
-205
428
107
-427
202
-529
-272
232
94
-68
154
33
527
268
-97
-150
510
-255
-106
-420
10
-35
604
-591
-235
-46
-409
227
-115
-557
-238
167
503
-60
-287
357
180
-11
-186
-94
-11
271
-382
-103
863
167
461
268
-509
-632
-18
-135
-120
868
-151
-341
75
13
122
-88
249
461
135
-512
-439
-216
-90
166
456
49
91
-72
-592
201
420
598
180
-155
453
-81
773
63
-31
-383
816
208
-451
-220
78
-338
-238
455
-194
87
-172
-385
-299
72
-107
385
-162
681
-286
103
21
-169
-158
-73
346
497
-112
-99
-43
20
191
253
-474
-49
-123
288
-44
392
-97
-77
132
264
74
-99
-106
-29
54
32
-242
46
22
72
-251
-365
26
16
72
92
77
-133
146
-138
-663
-179
-170
31
-421
273
-17
321
234
-108
-216
-333
-134
-172
-26
-366
190
331
-245
-252
-73
-179
-217
186
-43
412
-522
528
66
136
-350
437
262
-330
537
374
806
-225
478
-297
141
396
13
-302
-136
-204
522
214
-538
464
-577
82
-267
234
255
-10
-77
-148
-67
37
-135
175
-134
420
93
88
-158
-120
274
-169
-257
227
431
-110
35
138
418
-402
97
419
-7
174
-532
-20
-264
70
-90
50
208
-333
228
-251
274
-515
-51
-12
-56
-373
-45
-45
228
197
-112
317
317
-704
-56
-95
76
69
-474
609
508
71
175
282
98
-226
-15
236
221
174
-85
-113
247
-87
-7
229
139
-409
242
226
569
-363
-221
-132
-37
-812
87
-282
265
-566
-163
367
-438
151
225
-409
-215
-147
-366
418
-297
352
-69
112
2
-52
85
-173
-370
-28
-40
-6
-260
-487
-251
411
-342
-171
-122
183
7
-159
33
-230
-433
344
-146
219
202
473
133
37
-207
-83
-554
152
-19
160
410
173
-220
659
-58
30
-14
-55
52
-7
194
173
29
-390
171
212
299
44
181
-140
178
583
-371
150
-93
-354
273
426
-328
44
-84
-435
294
-122
294
-245
523
45
-138
276
-326
-329
-305
-16
476
-180
54
238
-4
136
-375
403
131
-27
-105
-2
-29
-124
-154
339
240
-76
-334
331
-125
-109
297
149
478
-247
24
-283
-321
355
237
157
257
64
435
168
-289
11
587
-193
-40
-507
242
442
-547
-189
210
141
-20
-291
-571
-253
113
223
-354
17
216
-454
-333
-17
-64
-181
-626
23
118
145
3
-56
-242
-366
-305
226
340
-55
-128
-263
-135
182
15
507
72
-77
436
520
514
272
-174
-73
240
-187
187
142
167
46
-444
-72
66
256
165
-117
84
336
-279
-136
-150
145
96
-371
-126
4
-540
230
-57
104
268
-160
-124
214
-404
260
-604
203
-227
-347
61
179
-155
-219
-315
-219
-20
355
178
105
392
-238
43
6
8
395
586
-187
151
120
79
-285
7
188
-179
161
-87
-395
-383
140
47
29
-76
58
52
20
-91
75
47
45
54
-145
148
408
161
68
348
-70
171
-99
-263
-188
658
134
136
333
116
141
-192
324
211
-61
593
37
-207
-529
-117
5
266
45
-105
-142
51
-86
-216
243
-191
115
455
-185
-184
-272
154
-195
176
-1
423
42
400
-544
276
105
-145
-190
20
285
-81
547
-488
-141
305
300
97
-228
549
-110
256
498
294
469
-353
-28
102
60
-440
-519
-197
-62
-69
-419
127
-173
-591
29
-337
-80
-259
170
-189
-204
-131
-421
138
415
-450
-21
-317
-30
-301
474
346
99
47
-151
286
-200
-56
-227
414
168
525
-89
-321
192
386
172
158
622
-396
18
-288
-238
37
-563
-212
-80
530
-337
-242
447
25
209
-100
349
-166
66
600
-171
-273
427
-439
-73
29
58
237
173
-102
397
490
490
57
567
-318
-400
-207
305
186
292
-452
-334
-60
-295
-335
628
4
-275
-49
147
106
-210
-63
135
59
55
176
200
-169
-412
-116
126
-293
242
183
176
73
-174
-240
-675
112
252
-212
437
-164
-586
53
-6
334
-370
-197
-13
-511
-138
12
118
161
-104
-176
248
17
5
212
825
-289
25
39
124
58
-144
30
612
-63
32
-649
-122
-219
592
366
17
-344
52
352
699
-189
150
186
-54
338
-150
-73
-22
-344
-145
-260
533
175
-303
93
281
-142
578
257
9
379
-202
204
76
-310
-593
140
-267
-38
103
-111
174
-749
-28
490
-5
147
-332
-170
170
-137
0
-869
116
-269
160
352
-12
137
-56
158
-300
97
296
-715
46
-177
6
938
-243
93
-90
-185
-989
-225
271
161
-97
214
-366
-355
-511
417
148
370
200
-106
-138
91
-90
-546
-452
-269
29
-210
-36
71
120
-750
-192
-180
-118
-207
-78
333
200
49
-73
322
-460
30
-353
374
194
650
-248
405
73
109
45
-142
-418
-65
254
361
400
-18
72
135
283
221
-189
-120
267
-15
-164
-5
-366
380
187
363
97
-176
-184
51
135
-169
-101
232
-20
-666
29
325
411
103
545
174
-27
160
66
-2
-79
176
-252
-142
124
9
-45
255
-290
-287
294
81
-380
185
240
263
96
10
-163
-453
-234
-353
570
-178
-257
-3
-317
-234
389
-127
-175
-143
311
129
-14
-289
-321
175
-163
-254
540
95
210
-175
-73
-214
-277
-138
144
124
441
-36
314
20
-123
-386
-84
276
360
98
-144
268
-478
141
-321
-579
-224
163
66
-178
-217
-182
391
-251
-375
16
541
-183
72
145
266
42
-112
-169
166
-240
123
-84
-17
-173
241
-166
-276
328
468
424
-215
224
442
-47
144
-94
-216
58
-83
-351
-58
633
-352
60
91
-241
360
-530
193
31
-257
63
-535
-257
525
-310
271
-527
-199
-571
209
319
309
120
329
192
-236
-61
-394
60
288
65
302
-35
-335
-177
-251
-8
-128
471
-115
-574
-142
-27
-517
46
-727
-305
111
339
146
469
-228
-266
265
-289
330
60
-131
145
375
381
-256
-106
-394
-94
611
250
74
-305
-81
219
-435
-415
380
-269
-577
-413
-207
65
-333
568
563
340
-324
-446
110
-69
26
50
-271
331
410
23
347
247
-383
479
55
-412
224
182
-474
-471
482
-104
-186
-362
-244
566
-25
-500
-247
-142
65
-201
-322
-82
-312
-91
259
-375
-168
-114
124
-161
265
649
-133
-170
-262
-796
167
367
-40
257
-463
342
295
-324
20
15
-70
198
23
-229
-360
-284
177
141
-407
188
-227
64
-414
355
36
275
433
-35
-318
-153
-21
-181
260
-34
203
-69
362
-310
94
239
-45
56
500
719
489
145
114
31
19
-145
-198
-31
359
-246
-33
-578
-5
-33
-25
46
-41
-56
-197
-21
-172
188
-20
-30
-5
372
-249
174
164
182
-272
-141
46
-246
-275
-43
-715
252
-17
-370
-112
106
404
-433
193
518
235
43
82
335
-60
-198
-449
193
175
462
98
339
-247
-340
-431
434
453
113
-460
-189
-297
593
220
294
-260
1
-305
-253
-511
20
-394
-56
-201
119
765
-11
281
36
318
197
-320
310
235
353
-16
364
-175
-402
298
144
-83
-77
-231
121
-118
-190
250
-296
55
-71
110
-152
-67
103
5
-308
-112
137
-9
256
293
189
-196
-260
136
208
-874
-452
-435
92
-96
177
2
-87
-141
53
132
-283
72
371
-135
-183
-97
-15
-212
180
238
225
-744
630
-26
105
-449
209
-56
16
-280
90
203
-83
83
-183
83
164
321
169
67
-352
213
-226
18
105
-362
133
540
318
-179
399
180
21
-235
194
-492
242
-178
-129
-89
-371
260
836
-589
269
-132
56
580
288
-48
211
-417
-301
-393
373
541
-209
149
-360
36
297
249
502
-505
633
317
173
-200
328
-313
-699
87
376
-261
69
-169
-17
372
-264
81
269
9
218
75
7
-399
-168
-449
497
90
-223
-136
-412
223
19
25
287
465
-229
-183
79
-64
-177
-210
228
424
-131
215
-143
458
-462
-287
-61
-292
279
86
-198
-428
-321
-276
-163
102
-498
-164
-148
-254
-31
266
-357
-604
-223
1
431
-244
-45
434
-25
-466
57
-240
-344
260
230
-334
-117
-419
-341
-167
343
-154
326
-480
-80
145
512
-471
781
-268
-268
215
-144
364
439
-236
533
356
-391
377
-216
-61
84
-206
-104
189
265
557
-155
-17
65
457
-699
-169
-427
113
-180
339
-607
636
-252
137
-553
54
127
-101
-89
290
47
247
-341
27
-196
-67
-26
-265
-254
-71
-519
5
108
272
362
-427
-347
559
10
392
-204
-368
272
-499
147
182
460
-413
-164
268
233
-67
-406
154
-204
-44
-179
-28
94
-125
-27
-220
-728
139
149
-205
-448
-130
71
2
228
66
561
377
-486
-226
87
160
-350
-114
-383
-123
-102
-401
162
-131
12
-16
108
-140
88
181
-127
832
-212
-256
373
-176
-183
9
-7
528
-2
-200
-28
-63
-186
196
-154
-367
-322
-28
270
-549
-707
554
171
-604
72
13
-263
20
-346
-133
-133
190
152
-14
61
95
-135
-360
-115
-672
361
600
-421
317
480
545
197
-8
357
-25
-395
-75
175
282
-548
-468
482
-673
239
-304
213
-79
287
-360
-96
-93
139
-345
-497
-139
-138
377
-112
166
190
-264
508
225
110
331
157
206
56
-435
38
317
39
199
-71
409
-1
-153
316
-346
160
59
141
66
429
190
303
143
-360
-194
-263
475
-158
-236
-51
149
203
-197
128
-214
138
-123
211
-285
141
283
-771
-91
22
-272
87
494
-107
116
-101
97
-254
116
33
255
-293
-2
25
-75
-26
-55
-501
34
467
68
169
10
277
404
-284
-112
11
112
-296
-455
161
-416
-355
-90
-543
226
286
-313
-6
-222
175
306
-391
-33
289
134
526
367
243
285
-153
86
397
40
-114
-77
416
503
447
159
1
-189
195
-253
8
-101
-248
-263
475
-196
312
-158
92
-348
-632
79
-368
114
69
174
-17
362
-129
-113
263
-173
-388
-320
-391
334
-56
354
645
-461
412
115
-319
157
-427
364
-141
-130
68
757
-83
-267
203
621
283
-309
-80
322
-305
-341
267
-162
79
211
-219
-119
182
341
-123
34
-237
392
-119
-410
461
-442
-511
585
-139
-315
-106
-260
49
202
-353
226
2
-688
-459
395
114
58
124
-415
-316
183
832
5
6
324
350
-38
167
-120
93
66
138
23
-468
-8
-735
-430
-173
351
304
806
12
-484
301
269
-258
670
-223
89
-160
143
361
-217
-71
-268
159
564
346
-72
-152
-655
899
-558
42
-50
-596
60
183
185
80
-45
423
186
55
187
-45
234
-65
544
-64
-298
65
-110
265
405
-14
286
-221
296
-158
-58
-250
533
265
83
-79
-519
-239
-259
353
-214
215
-522
-164
-218
-140
17
-406
-154
-362
561
-259
343
-73
270
354
-307
-408
412
282
113
-77
135
7
50
74
411
-260
240
-6
-87
-286
179
578
-217
631
201
-105
27
95
43
-54
484
-5
491
-85
93
103
69
-104
109
267
-172
27
173
131
-319
543
147
344
317
-331
749
-281
278
-127
-433
-135
189
593
674
-20
202
-203
-145
102
-406
-209
70
-325
47
-414
-196
-65
-342
246
-366
40
-135
-259
-317
-278
60
-65
-277
-194
-357
140
-574
-41
293
29
-252
-79
1
276
-257
-44
-240
428
187
147
343
563
100
160
-213
75
-377
76
-336
108
565
164
-218
-120
159
208
59
-383
-135
46
100
-238
-263
-414
249
141
496
39
-29
572
37
-406
-196
331
132
-392
67
-182
-173
-51
214
-1
-41
-66
-76
189
37
-277
-238
345
-65
-75
-40
-235
220
544
423
-395
266
29
-79
-842
181
0
115
-405
254
41
-499
72
176
130
-176
208
-57
-226
470
272
278
542
-206
219
-100
-186
-140
116
138
7
140
329
833
279
182
6
217
-324
-404
-218
628
373
-172
-5
-43
138
-31
-77
255
-150
156
-40
42
-137
372
4
-128
-212
144
-275
236
701
-271
-496
348
76
-49
165
-694
77
225
221
296
-113
-154
14
-114
13
108
-937
300
137
-74
-462
-292
-147
-35
23
-168
-231
-154
-154
-33
451
70
-181
127
-775
-233
-406
-373
213
-414
-120
-31
-159
-135
112
-308
434
1
172
21
1
-202
182
159
66
215
-268
-479
31
-77
150
-35
-245
-243
-27
22
-233
-50
319
-193
272
242
-63
-64
-289
70
-145
85
94
-107
-281
-192
-576
238
404
205
-304
32
66
505
-369
281
285
351
-454
-238
394
-149
367
-51
580
407
-137
329
-343
-8
161
-1
-267
-689
131
-215
210
415
205
9
-69
371
184
-170
512
1085
-525
359
196
292
-103
312
-197
-53
528
372
-411
82
-118
329
49
-6
-252
-137
-442
392
182
-18
-26
288
474
-175
-332
-682
13
52
562
317
86
-225
208
-250
-397
-102
-628
60
-109
-512
358
245
-210
416
-104
130
243
-16
-303
26
-88
-172
572
543
377
-57
79
438
-147
-367
-358
-37
-58
-22
840
-428
-191
157
270
-58
268
18
460
13
137
-208
103
-50
334
-445
-13
-32
-506
-52
-132
0
228
-373
311
-512
-293
80
-57
-505
-40
55
795
-115
-90
-42
-42
-369
257
185
359
8
-388
-149
-118
353
-403
51
232
-10
-178
-610
254
229
-235
293
-697
-496
171
-308
105
-97
37
-514
-93
684
70
-38
-275
-141
17
-197
-13
-399
-90
-378
295
-218
11
77
-662
-95
-223
-283
-27
246
101
-257
179
7
-391
-154
92
555
744
-627
-84
-87
370
396
-467
539
415
-213
-381
-150
-300
-113
-277
211
-266
128
403
24
-104
321
-258
52
-334
694
-104
2
-113
-151
134
244
-237
252
98
171
-313
-58
206
-68
184
-171
615
268
31
-95
-121
0
-277
553
269
22
-278
-342
-362
298
-201
73
156
219
-18
-11
89
7
1046
-308
-17
22
-607
134
141
-197
-77
-217
-90
-167
152
-198
-159
-172
483
297
-282
-423
-251
-46
337
-182
-452
488
156
321
-235
-165
-118
-208
46
62
-39
106
-20
27
-293
-176
-206
222
53
298
241
-98
-177
-29
-119
133
477
-86
138
-224
-493
-223
65
337
82
-76
230
-281
256
-473
155
502
41
20
-507
-285
170
198
-675
-174
278
-249
94
547
499
-615
-191
-103
-336
-10
-35
-302
-239
-458
176
-18
82
134
-34
-101
-164
330
537
632
-213
-15
318
-147
11
272
328
-342
-130
259
463
531
238
119
64
-51
-185
-459
-492
-16
390
-458
-472
239
-425
-328
277
-374
358
-87
101
285
184
-221
-680
-657
31
-262
-248
176
287
-69
-52
-45
-132
-271
53
-240
-350
318
24
34
407
76
-506
-317
-330
214
196
305
-490
-909
-135
183
180
-34
205
217
-334
-694
-574
-238
18
5
36
-480
-257
54
248
-81
249
58
595
63
175
177
-539
52
-164
665
-198
-212
34
95
669
25
-352
147
-30
644
265
-194
-21
-309
227
197
390
101
17
24
-527
49
-430
176
-30
-196
-7
-209
-49
282
21
-609
-349
132
28
-201
-214
194
201
73
136
-602
-134
121
-172
40
318
552
302
355
-307
88
215
71
-383
262
-358
251
47
69
50
465
-301
278
-126
-139
203
208
654
677
-138
271
-323
-79
409
57
228
80
292
139
13
455
151
-257
-99
523
-179
198
40
-273
241
-166
50
92
-244
-66
-389
-126
-188
124
312
-298
65
-249
-288
-300
-418
-626
-543
634
-150
130
-334
-10
2
45
6
213
-58
451
-407
143
-210
-232
309
-11
121
136
125
-127
76
-87
47
181
-389
201
346
-147
138
321
-103
-69
68
277
211
143
79
69
228
-296
354
-313
145
163
253
49
281
361
-269
-344
58
29
-68
488
-277
67
-195
163
-805
276
-315
294
39
-364
-208
196
-88
274
-115
448
276
39
209
104
-243
716
-128
42
82
146
284
277
-213
-146
-274
204
-285
-4
577
-89
8
205
93
-34
-166
232
362
243
-120
337
55
-634
-445
108
254
-414
-183
-424
-10
-131
90
461
329
495
517
137
-893
502
-551
-32
291
-60
625
-270
519
51
-105
18
-483
59
-316
-294
-483
194
16
-50
222
33
-56
-126
-597
190
373
-320
165
-583
262
1
-45
305
-108
-200
164
347
-304
-93
-37
-220
129
-243
-132
-29
152
-205
360
305
107
206
313
241
-56
508
-136
-608
-278
-8
-89
-225
263
625
-93
-254
-461
196
-285
157
5
490
-330
85
-318
153
221
103
201
27
-41
-543
135
59
-120
-178
577
247
257
152
-39
309
348
-36
-31
317
841
-277
287
315
-832
718
590
420
-276
-866
266
135
217
161
282
576
-19
709
-379
359
-89
-59
-137
31
-79
-61
-624
333
281
139
142
-554
-113
-148
498
207
-72
-167
68
24
-507
-206
-203
130
-336
143
-102
-2
-38
-298
187
146
-65
-367
274
124
241
-155
581
120
157
7
55
156
-47
-319
546
228
-49
208
66
-15
373
9
-146
281
211
-245
-115
-219
135
456
-267
425
-234
908
-863
168
-260
322
-664
0
-226
201
-206
-192
-10
251
-372
75
394
289
-278
-55
-212
139
-18
-123
-96
-492
-367
-6
-45
300
-196
-88
627
231
-48
759
725
-201
-587
66
-50
-564
21
-74
16
-262
132
15
43
-92
45
37
-150
-577
125
-479
119
-52
332
-442
394
144
552
-245
198
-144
55
115
368
-136
-215
438
-273
315
-55
149
-558
88
994
218
119
367
79
220
-211
-201
-390
-108
-221
-391
325
95
-105
-130
-166
-37
-250
-450
-182
-414
121
-203
-53
169
-238
0
-23
179
247
-69
342
-270
-123
-30
189
-141
44
-283
592
564
-287
128
312
-367
297
-101
396
-201
-15
-27
-637
242
109
-61
-183
298
-16
-255
298
73
-74
149
-14
-93
-40
337
86
-184
-91
161
3
-652
-595
-120
160
-95
-376
244
-239
-185
17
1
29
272
-356
587
-33
687
397
-178
464
-78
-390
-356
-114
18
-18
-7
-431
-292
434
322
335
-65
-27
-113
-100
-368
518
-282
129
148
-309
-188
201
-155
378
103
277
417
-251
143
352
5
-355
-274
163
676
92
84
249
205
61
-109
6
-420
244
-198
184
273
356
59
-242
-214
62
-565
-262
-160
-81
362
-354
-245
348
-239
728
-308
27
185
176
318
-213
-175
253
-202
-173
150
17
-82
203
535
-109
-120
-327
59
134
389
312
-327
233
351
-338
-492
-96
124
-130
-12
55
-135
-213
565
357
-231
496
-257
-442
66
-363
-288
403
504
-210
556
-35
301
-333
264
719
38
-83
-80
300
297
-11
-444
110
-345
66
-29
-416
-332
-94
199
154
-203
85
-33
-316
438
-38
-27
-186
-55
-78
-524
8
-651
50
357
-163
25
300
-670
-15
582
5
-215
-191
12
533
394
75
-4
-1
299
381
-344
163
-218
409
-366
-73
-33
218
-121
-83
129
-559
-632
73
257
-49
341
88
-377
384
110
118
40
-432
-582
-181
-151
12
317
-389
384
173
75
-91
-162
-66
154
22
156
293
58
441
622
-134
-316
437
156
28
-393
-366
25
-118
-176
-136
-642
-287
-568
187
-630
-174
-150
-176
-81
80
248
-44
-302
-389
314
-317
-216
314
-355
48
-122
225
258
303
-71
17
110
-166
112
-351
-136
11
202
448
229
185
496
95
278
394
-215
-357
-109
-425
-44
-187
171
-303
-724
-4
46
-14
141
-112
-115
418
-58
137
9
-62
18
-10
-5
-351
858
-361
-48
332
-285
459
295
260
-377
-76
92
223
339
648
-443
-134
113
378
256
402
-138
219
-173
-82
254
55
-9
173
-148
214
-391
38
115
216
125
580
-368
24
126
462
-151
-28
-201
264
352
216
157
-495
-201
-262
265
705
-252
-64
183
570
-301
-28
33
-98
-430
-120
113
107
31
156
175
249
174
87
-190
473
288
57
-388
-163
-216
-147
-156
-255
-281
156
427
-142
187
-126
-496
174
470
212
440
-269
-233
-432
-438
69
-763
383
-68
305
-274
178
386
390
-199
194
-455
224
82
250
159
243
-1
169
152
-8
268
14
497
-370
18
49
-171
161
920
349
98
-134
81
734
650
-341
136
269
55
349
-441
-411
-507
-118
228
-218
488
-397
-327
-43
-50
120
284
162
-470
-473
190
-60
-298
-65
58
-54
-135
-103
415
-71
379
-583
215
309
140
69
-206
-176
466
-461
-135
182
154
161
228
-285
-104
186
146
445
424
197
93
93
-170
465
428
145
-336
59
-400
-161
-229
29
102
-420
-66
-383
-297
-10
-295
344
59
-94
-71
-24
-50
192
-219
-187
143
527
102
-644
347
94
238
63
520
102
444
-135
-235
98
565
24
251
-192
735
301
-125
-219
216
100
218
143
40
419
160
359
-318
75
-25
-10
-65
10
246
92
120
-181
-238
-134
-552
-353
-367
17
727
-613
-338
-370
-538
-121
354
191
-184
75
55
-148
439
54
31
651
-450
396
-505
-181
-126
340
-16
-234
-279
-446
-32
177
519
171
216
-167
-15
162
-223
-238
-286
267
-1
590
-263
-497
-379
-58
276
584
-352
94
-292
-51
-29
-270
-72
-110
97
-403
-203
166
-164
-59
125
-179
-158
-384
-643
-168
-53
-66
-212
-598
652
56
331
382
-197
-100
292
-130
194
121
12
399
-360
-77
-297
294
-285
-56
100
-220
-583
-232
-35
-837
-397
-425
437
-146
-271
335
509
-192
-43
162
455
503
-172
219
-382
-169
-342
-85
-220
-315
18
-48
-87
147
263
54
-113
315
-313
-178
128
84
442
246
193
328
-28
474
-605
-564
-63
-24
-176
587
257
150
212
161
-231
-530
-223
-191
103
-173
205
-322
-568
278
52
8
-202
113
-185
-50
-150
171
67
175
308
374
-429
99
524
-1
444
-434
-320
-567
372
16
423
459
136
615
-525
62
17
152
-226
-137
-121
266
-113
18
-75
-38
-170
274
-551
38
-106
-103
-14
-488
-79
32
-219
-115
-27
410
-79
-16
-207
-278
-192
-45
-56
-60
-37
233
37
399
-286
-156
-17
-1
384
204
-52
-429
489
-266
-1
20
-269
-242
-167
110
118
335
193
284
243
455
-934
312
51
349
52
94
-402
321
103
-60
326
269
299
151
185
-428
104
-5
185
-231
300
68
424
-385
-243
-26
50
-109
-359
-624
-261
411
405
-128
587
204
421
158
-105
73
-329
90
-22
271
42
-204
87
11
316
5
-116
-383
371
-80
50
-445
237
89
579
278
-46
212
-30
472
147
390
-113
25
-80
-39
277
228
-169
-389
18
-211
386
55
-230
156
-345
-202
-88
-202
-361
-280
-46
263
-313
-35
17
195
-372
60
55
157
467
464
-173
-296
-149
-465
55
248
101
-247
124
142
-285
-245
32
274
-213
-10
246
184
9
-172
-37
422
-8
104
45
-198
-259
183
9
-146
104
-147
-154
-165
43
379
151
327
13
43
268
258
265
-507
22
-144
-356
-107
-340
249
50
244
-565
26
196
-329
32
-328
-253
48
389
-178
371
434
482
-238
-742
455
-277
-326
-6
326
122
439
118
-164
-67
-280
-265
27
-546
345
139
465
494
-19
-69
274
-197
-44
222
221
-80
87
161
-486
10
397
192
732
-94
660
167
-111
-257
-379
376
429
-28
-373
-95
367
-769
-114
625
-115
-149
-555
-629
104
58
-28
77
126
-2
-361
-100
256
-3
381
-377
-155
-203
438
-283
-306
-355
448
298
137
270
-634
-228
-114
-159
65
-131
542
178
114
-290
-141
-45
39
240
304
-505
574
37
157
-19
-524
219
-238
96
-309
-64
-522
6
316
-255
329
39
-761
-207
-167
119
243
46
73
-56
361
234
386
-42
-113
-85
373
70
67
369
675
219
-13
17
195
-13
-617
-95
-306
-684
350
-193
-274
496
7
11
-650
-625
317
97
116
-28
-250
-233
333
-111
262
347
-304
-48
-321
539
503
-512
-261
-318
204
66
310
226
262
-137
5
139
-205
-60
517
427
116
-379
-144
-37
-7
-284
132
147
282
192
322
-49
-174
-356
-9
43
-420
300
-132
371
-257
-189
-127
32
-168
153
59
-619
194
351
-180
59
226
274
129
25
37
-325
402
-127
-135
-289
-188
110
322
377
-306
-194
383
344
-518
-120
655
-239
273
-102
55
-199
-81
207
-291
234
-9
-64
90
170
190
247
329
-164
-122
311
4
-50
-295
350
-255
281
-11
318
-515
-70
188
-53
235
177
-309
-220
102
-279
157
63
34
469
-71
82
-38
-298
359
791
406
116
302
-683
-116
216
17
-390
158
-737
16
-76
-87
-490
-306
93
143
183
-116
35
-578
-86
-214
-170
59
-39
-329
-411
196
8
-248
-123
-333
283
42
608
-76
-8
163
352
-15
-50
-89
-387
312
550
189
-198
133
180
160
151
-109
-131
351
460
71
270
38
-534
640
-210
146
141
-141
-456
155
118
614
-316
-379
424
225
520
53
414
-196
-239
342
-154
-415
80
308
477
-41
-114
-356
-405
-410
-235
-168
-398
-122
-114
454
4
-184
-44
342
500
162
418
-15
-14
-213
-61
560
185
-40
-649
27
-73
-115
6
-163
214
-334
604
-425
-180
-159
93
-229
303
380
330
-139
500
209
-78
-78
27
67
494
-347
309
612
-226
-318
-13
-467
-180
-217
316
353
-591
113
189
-117
406
500
-591
133
27
-33
-5
55
-184
-245
181
-441
316
-146
333
80
-339
-87
-348
54
-340
251
229
-182
-451
163
249
-290
119
152
175
121
179
261
-121
-114
83
-75
262
-279
205
-165
200
627
-299
-135
497
-107
0
-128
34
-48
135
-3
274
-526
394
-271
-351
-322
-271
269
-440
-154
126
-32
-202
-478
151
-21
336
-44
-100
-96
419
-348
-382
-102
-102
115
322
-381
299
-151
19
87
338
-130
-60
240
214
-147
105
261
118
-49
-12
-133
124
3
-254
282
-474
-132
160
235
-85
422
-246
207
-94
109
44
445
-149
380
105
165
-156
715
-15
19
-141
-30
439
-12
-140
79
804
-94
153
-2
110
176
138
218
375
-666
-338
-45
-376
256
-64
235
84
115
549
88
-235
-489
145
120
167
-721
20
-409
384
-33
-11
-298
-590
-432
-39
-97
104
163
74
-269
-448
-71
-284
181
186
281
536
-259
-292
589
448
-261
-620
613
274
184
259
-82
-23
-12
21
-141
-55
-145
132
224
51
-503
-185
470
-147
-377
-253
-119
28
460
444
159
162
-179
-86
-39
-191
443
-626
133
168
-607
100
45
-18
-497
-151
207
-106
-293
-230
147
-83
477
-1035
35
-148
242
-245
-93
-240
-107
-464
493
-107
-3
-241
148
6
90
-18
25
-98
333
-196
299
67
-559
-247
249
-32
-434
70
337
514
43
98
316
179
-118
486
-81
44
-269
-17
109
86
192
-211
50
-25
-186
74
-230
308
-122
432
588
-424
-469
-692
-14
220
-319
79
-43
-490
22
-341
-387
-44
1
170
466
221
-38
-347
-10
57
163
2
158
75
-53
194
-213
-26
82
-119
141
474
-154
-202
-87
-6
51
29
245
47
26
390
-307
-11
-286
-325
219
-151
-464
244
-143
-69
109
-427
689
-364
-386
-552
92
-139
743
586
221
-154
85
133
-554
-85
-118
81
-82
-201
-127
175
-165
-43
383
8
116
-760
-17
-330
204
-479
-376
45
23
608
-354
-72
280
-246
292
296
-249
-74
850
142
-556
-118
-267
9
298
-258
126
-440
244
-156
-181
-358
-412
369
153
-521
-354
-265
-218
40
70
-358
-98
-68
378
-2
279
226
-526
37
68
108
163
-436
-287
-226
-2
20
249
-414
26
78
214
310
-166
215
139
107
16
-10
-259
3
129
30
363
325
-253
-531
142
73
71
-45
98
238
-171
59
41
-428
-149
17
-284
249
308
119
-233
39
-11
-158
546
-64
94
-255
-177
386
244
91
-479
-179
43
111
-17
234
126
233
-247
87
100
189
112
-310
320
367
-79
720
105
-462
5
131
-247
94
358
214
-215
15
-343
-180
119
-384
271
140
-569
371
-330
105
301
19
-42
-204
-145
113
115
-96
287
-314
162
259
-179
135
-135
-61
-236
-581
49
197
-155
180
-6
383
-183
88
257
-78
-35
63
-214
326
305
-80
-336
20
-592
317
-81
83
-358
-361
240
676
-217
509
-13
358
352
-346
-613
159
120
-208
350
-96
-177
694
-12
-229
203
-137
528
-116
128
239
-425
-500
-556
-154
-419
-97
-505
-356
163
-203
108
660
359
209
-146
-307
421
487
-6
-481
-189
-202
510
199
-146
208
-72
-399
-303
-259
152
307
144
102
-316
209
-99
358
-30
705
-83
-176
-469
-35
-169
-196
567
-543
-505
177
5
249
-112
583
-83
-525
162
-68
-595
7
-830
102
-18
197
253
-197
-662
291
295
89
182
-138
-225
152
330
-65
209
-18
-39
-45
16
-272
-183
192
252
77
-282
752
-727
-429
523
175
3
397
81
-473
153
-15
51
328
-30
-119
-140
158
340
325
324
85
190
361
-407
269
83
209
-349
375
243
367
259
286
0
2
704
-307
41
222
-203
115
10
-93
4
-120
186
-675
-131
134
158
-513
31
-288
179
319
346
-35
424
-202
-63
-136
168
126
318
-91
-101
-165
-114
-340
-112
-414
-330
-139
-259
189
319
-108
-164
-212
-113
514
175
93
27
-101
-232
-195
119
129
126
312
41
60
-203
-300
164
36
-84
511
-199
391
-1
170
205
58
514
-325
167
-233
491
239
597
376
-255
64
-80
-215
15
-455
374
163
-174
687
-34
-442
0
255
-97
52
303
-155
-553
472
25
-156
-409
204
-93
165
328
168
124
532
295
25
357
118
611
-240
-350
-123
192
-311
-69
-94
-57
-347
3
-230
-200
-321
15
-308
226
364
118
-40
208
413
171
-674
-258
-74
222
-246
-304
-357
-245
-627
-516
-113
399
257
-441
-439
384
-199
483
-174
283
204
142
-346
-62
180
-120
209
738
431
373
-125
-117
-255
307
-170
-503
309
157
212
88
88
-13
56
-72
334
-554
277
-282
-81
-196
-611
319
-222
74
-366
675
83
-121
80
109
42
-182
-121
576
423
-527
-123
475
563
-106
-119
-224
425
420
-376
-299
274
-148
521
-188
-17
-94
337
58
-404
-233
87
307
29
-55
-131
371
-184
-55
223
-61
-50
93
227
-104
522
-194
155
-156
17
25
165
93
-627
-62
-149
-172
61
-207
35
-360
-159
340
-138
186
-6
-100
757
-505
-401
439
-150
-21
-132
-43
179
151
-63
-175
209
496
286
-375
-196
69
-82
3
-338
-358
-79
-94
-130
74
157
-645
76
213
-166
-42
216
115
-602
-476
77
219
-358
-212
-241
-92
-146
-627
12
158
-332
128
105
399
148
-43
-119
162
266
114
41
-162
432
225
20
-85
87
-144
-129
403
-84
-19
-437
113
-123
122
59
-86
208
-25
-349
-653
-103
166
-626
308
-150
156
262
125
65
238
-429
39
-364
-117
-8
-116
166
-549
494
95
-183
-207
513
-205
-265
234
-186
21
633
170
-291
-260
-180
323
-46
-48
131
-354
-217
-49
-213
-65
460
14
-182
445
-88
-251
117
3
-325
144
-305
6
-39
271
-125
135
-418
-350
-35
-63
-10
-414
-130
194
-243
69
-294
421
184
-304
-63
-323
-89
-399
135
-320
-473
721
-4
-166
134
418
78
-25
105
-205
324
-28
-188
97
-431
36
-367
429
-95
-214
-142
-272
-599
15
186
429
14
239
126
-62
182
258
73
-477
-223
28
-350
-150
-302
-907
335
97
-346
3
129
-21
466
-87
-244
226
-90
-252
162
289
533
-242
87
148
169
-95
39
-203
766
468
34
-133
123
-120
-215
54
60
-34
413
216
-36
-100
91
-98
92
0
-82
160
-74
204
139
630
65
-335
-53
18
341
91
539
242
104
218
263
-506
-61
-157
261
142
527
106
52
117
518
-128
-167
-131
-381
211
23
359
264
-6
-232
737
130
-178
162
509
-342
-54
34
-396
-21
-81
123
-37
553
-187
195
54
-289
35
35
153
-63
301
-614
38
-470
-43
252
-53
-287
218
-343
-193
540
-190
-219
-142
253
409
-534
503
-287
-510
-55
-407
-68
63
343
-268
-67
405
58
-3
-128
-352
274
269
146
-461
98
-62
86
-51
-304
-182
83
128
149
-86
-227
133
330
248
105
15
90
591
95
-461
-231
30
621
-58
27
-501
327
393
-91
-143
11
-109
-59
-227
-86
-58
-80
-663
722
-176
-28
-35
-139
429
252
-212
-105
302
-25
-93
-452
-28
131
332
394
45
317
-323
398
31
-205
-14
-183
141
35
262
-85
-424
-315
75
24
-393
-304
-150
-453
0
