45 63 841
0 0
0 17
3 37
4 44
5 6
6 9
6 30
8 9
8 20
8 26
9 10
9 20
11 16
11 38
12 22
12 27
13 19
13 21
14 25
14 31
15 0
16 9
16 11
16 19
17 42
18 5
18 11
19 0
19 15
21 12
23 27
24 27
24 43
25 3
26 11
26 19
27 28
28 19
28 26
28 34
29 15
29 28
29 35
31 37
32 31
33 10
33 16
34 10
34 39
36 7
36 42
37 18
38 6
38 41
39 9
39 19
39 39
40 32
41 17
41 24
41 43
44 35
44 36
8
7
25
12
2
48
45
57
27
60
51
14
34
13
4
59
55
17
5
50
6
29
41
32
0
52
35
28
26
1
43
9
39
49
19
46
54
30
20
61
37
15
21
31
3
23
47
36
24
18
16
62
44
10
11
22
38
56
53
42
58
40
33
711
-195
-124
-1443
496
-1495
-482
437
-1262
809
-194
6
-442
-190
167
-880
652
204
195
-1192
-271
-820
-1252
-172
-324
19
497
403
286
-21
385
-650
-1058
-549
396
1719
566
-601
740
-448
-71
1158
-972
-581
1308
-366
986
-532
345
548
23
-290
-213
-947
1303
-451
-1221
483
165
-388
-715
51
1719
105
805
-340
719
-160
-65
-1605
262
629
-203
642
-1421
806
272
917
765
-336
71
-195
379
766
-642
739
-1763
925
-33
-265
981
556
-118
-854
1447
1728
1197
-946
-688
85
459
-526
316
-1407
104
-1758
-1372
542
458
152
-387
219
-111
-1498
-57
9
1129
382
-323
638
-1382
-875
979
-791
-350
-953
-11
-460
-125
-207
382
-634
706
-91
-450
602
-513
383
1056
-507
559
1438
100
-142
-580
821
489
-400
1184
-918
-374
907
469
-438
-1483
230
-401
9
-1852
1142
561
-1087
-36
-149
-699
979
219
-223
-266
-677
109
203
327
-529
-339
1145
-1106
628
-1532
980
796
1307
-409
145
-992
-1171
-671
243
238
-560
343
-1062
-63
-35
-379
857
1556
1196
-623
994
-362
597
890
-950
-39
842
-51
27
-326
352
-1612
649
-535
91
-357
558
171
1551
562
-1079
-1223
-396
-418
851
-221
1205
842
-964
-1111
-735
-978
647
-33
146
-1515
-289
27
89
-1699
-134
-627
40
-1078
-1165
329
210
-163
-203
-1846
-522
-702
2007
723
-968
34
-523
-128
1230
748
-78
272
266
-677
-413
656
-293
437
-1384
-1444
-374
-642
125
-470
134
-140
-284
-244
1427
280
155
406
1056
-444
136
-200
-68
79
945
-8
-1679
-661
-568
1419
790
1613
-485
777
-1467
-289
-701
-524
1299
-403
805
-229
-460
805
-481
143
384
-613
-732
336
456
311
-1380
1081
818
350
-164
1589
-276
-192
1474
127
383
-1209
-734
-387
986
393
218
-95
-978
1754
1156
788
-552
-690
301
-949
-1024
-314
-895
-1071
-191
-1250
288
-508
1799
451
270
-972
-1332
-256
-1090
-878
1107
-687
-68
1110
57
229
-470
-603
-42
216
590
599
2585
-498
837
349
-1174
-481
-320
63
118
1222
423
-1018
525
-642
623
1056
995
997
727
-474
-434
635
1903
-64
339
742
881
1729
322
-548
90
354
617
1036
-660
334
-185
184
-147
-204
-1380
564
-207
1
-1520
-241
-130
478
-1408
528
611
-390
1443
1031
-415
1838
530
-216
1264
-1354
-1757
-1432
-1012
1241
-1564
-275
-1973
-784
-1082
-1171
246
573
-775
-583
-1177
826
2099
41
1009
910
-170
-1242
1061
-895
-373
153
-524
49
254
320
14
279
930
1061
1283
-507
-755
-260
765
434
939
-49
-1276
562
886
1075
897
810
85
-104
881
1429
-341
7
-2124
270
-1692
-734
-1523
-634
-402
1539
1303
1318
927
-443
-1364
-261
-340
162
-26
-701
1527
1039
-1570
976
1036
-1050
56
121
-924
-865
1062
-1056
-124
-169
716
-337
961
-2149
-982
572
1278
1220
19
-704
-171
1990
-128
-1423
636
149
718
872
261
-25
629
815
-1845
627
20
639
473
85
394
-2068
234
75
141
-981
-813
40
972
354
1910
-665
1271
-368
-1136
-444
-307
-1652
-420
141
-687
-1163
-1244
-93
93
-467
196
-141
-65
978
-2
242
-1
-825
523
1251
-1487
-707
1215
-529
240
1049
156
-365
-691
1120
209
-285
1044
-618
-191
-83
-338
-298
-1043
-864
1510
-383
-1666
-1585
627
-221
-378
-1280
-317
-765
-1243
-1511
34
542
-49
1079
-319
-248
-517
736
-496
1432
893
-1223
-686
271
2486
-321
-22
-450
630
112
479
-11
783
414
70
104
1158
-1394
1157
711
198
-394
-1353
-114
1583
1649
-295
327
1098
658
-167
-1444
85
877
318
-416
-1688
431
-1852
-125
513
406
107
-1584
33
636
455
540
-530
493
-190
-422
338
-1
228
-737
-355
-473
219
-44
-123
-124
-1371
-614
-18
-858
1470
1048
-393
-1030
-393
182
-918
-520
1010
-555
381
-16
153
-333
-498
-664
485
-775
783
935
-228
-584
-1254
-300
-381
1513
928
273
-215
-98
362
-493
1445
733
-277
399
-97
1909
51
-527
2155
-295
-278
-44
638
445
282
77
-709
-1733
-565
544
-61
490
20
-460
831
1039
526
1007
310
-448
-125
716
782
-127
-495
912
-804
-282
-2105
-670
612
778
273
-115
-221
-508
484
782
274
832
-324
-977
-1103
545
-2028
386
1475
1068
801
-1002
715
-13
-707
-1233
-845
-110
-208
-1010
24
305
796
-780
197
-1246
336
1015
1621
-183
-717
-1119
-76
-747
1890
1363
111
-206
-753
991
1012
384
876
-388
180
522
-573
12
-396
288
1241
-510
-1880
773
-742
953
545
-425
1181
-962
-34
-471
352
453
-1301
977
-380
-533
371
179
161
357
1078
-455
595
-330
-1031
192
-190
112
-752
115
-602
-538
-292
48
31
-203
372
-320
-174
36
342
1026
1393
1260
358
1357
624
-820
-732
494
2091
-185
263
-760
-318
6
1684
1426
28
-367
-1546
-137
-948
576
933
-177
960
-1301
2161
676
-798
-2223
261
-2186
469
301
-3164
91
-431
368
1002
470
-719
-1643
-1147
-608
1580
424
-1847
-577
829
-597
-1618
-233
-133
443
-969
-434
993
-55
190
1783
1414
-327
947
-193
1775
-526
499
-591
250
136
522
278
-2398
-150
594
-452
1453
-56
-566
85
-513
2409
-501
515
-6
-363
-1423
1217
-1010
19
-259
1872
821
-804
-1193
0
239
326
707
-1070
-829
43
-283
351
383
-478
-1268
-502
-33
439
647
-1515
-1518
365
-794
468
653
1283
574
105
485
-290
-110
594
433
435
476
1071
-242
370
-859
1713
-110
2160
824
-771
-8
-247
-1207
22
845
1812
390
467
-345
-657
1644
-430
-607
-431
-108
489
-343
-765
-192
110
252
633
269
-1397
-1018
439
397
968
1035
-720
323
70
-822
-164
162
-416
94
-542
-261
389
314
280
-650
-179
-1105
275
-712
1122
-1156
-76
-975
200
-796
-1253
82
-444
952
137
-527
569
484
-1103
-1010
154
-209
167
-54
659
-546
1712
-1015
1136
-544
-545
-821
365
221
137
237
244
-1064
911
1218
-997
-606
248
171
1276
-410
-1026
469
-935
-2001
348
312
1212
-1462
-1420
-396
1050
81
-863
701
-40
575
-728
-68
-242
-911
-54
-1276
-1293
-238
113
-596
-1
99
162
2270
-913
-283
21
913
-1141
67
712
522
-812
182
230
-54
1572
227
-68
-736
889
1626
-1232
-437
-1213
-716
503
1217
276
-719
-263
-354
-1904
137
167
826
533
338
-909
-1357
-636
-872
-78
-48
-257
-765
-1013
-878
246
-502
-1318
-432
-979
1290
1345
400
-51
90
20
-886
726
1352
872
-170
387
1392
1152
-177
1423
729
950
1713
-500
-2
-165
786
-1780
432
-1448
-453
163
609
-856
235
-1184
470
264
-460
1483
-736
-1571
-487
-535
-298
-653
-462
-1126
157
-1198
-436
500
-1050
-914
-471
-411
-80
-1377
-247
1897
4
-1085
-152
-82
-411
1259
1272
1354
-1073
512
860
-160
-424
-1139
380
-479
1967
-760
-684
573
-35
-3011
-696
648
-883
-681
-1021
32
75
1059
745
-361
-850
-1422
-128
-1013
-76
-400
1360
93
-237
696
109
1662
-420
-1631
-162
799
443
156
109
799
-278
-628
1000
-309
434
1609
224
-69
-1225
-203
537
824
-707
-490
202
181
2127
1190
-112
1874
-73
-304
-753
753
-1124
-2517
-419
623
1051
-319
636
767
203
793
-534
239
1129
17
1016
-1679
-517
-867
-380
113
612
-538
180
-669
163
505
-836
-804
1358
-47
-566
236
1005
421
1748
95
-761
-53
1473
-1126
964
714
-359
144
-931
-93
710
-1902
699
852
1227
105
-432
-93
11
-1047
1112
-185
-677
641
-274
-1479
231
-375
183
-1249
-1315
835
13
-1754
-1354
111
1052
-25
-858
905
-980
-930
809
-353
-172
-1262
-1357
935
783
-2131
153
-510
-528
41
302
1147
-948
-843
105
2129
-1686
-944
-1080
-986
881
-973
-220
1736
-606
-1261
-310
-625
-2161
547
71
430
1423
1329
1604
20
81
-156
-931
-1304
162
412
492
122
-728
-1877
-247
-795
-1244
874
971
-417
329
-239
430
689
1391
536
-910
-545
538
-1910
18
-388
95
-290
-222
-978
-1711
529
-301
422
446
5
446
-963
-534
658
-283
-1495
339
-372
818
-768
-92
-1164
-86
930
1674
1990
1914
758
1048
1309
-1279
1269
73
264
-522
235
1023
-310
-543
235
-1018
4
-542
557
1320
403
1668
258
546
808
939
-612
756
383
572
-438
79
-903
38
861
-385
58
-257
817
-922
1
-127
1568
226
-841
951
0
1801
1087
109
-1465
624
-1860
403
-470
-848
-300
984
520
-243
-719
-198
-193
-6
-965
392
-2049
-437
-191
-10
-1395
-1146
-1026
-131
-223
-841
1687
-43
-664
-1020
-553
368
-645
766
-689
-620
514
-560
1167
761
309
419
2125
107
670
-425
-230
2003
95
-996
-1044
-655
-1304
120
1610
-170
-540
-766
-287
-1161
498
834
-741
390
28
-347
-433
263
-505
229
756
-266
-765
-608
176
251
-941
-171
-1153
736
352
-953
122
433
572
375
-97
782
-934
857
-1173
1592
-19
-680
600
24
92
-1758
-1526
1683
2160
-436
1992
-1099
172
593
540
-445
56
393
1118
454
-25
58
445
358
706
894
-590
496
-971
998
-5
511
-1160
-1297
-534
-742
47
2203
781
-1019
45
-51
-1031
-1951
-372
52
-2150
-419
803
309
615
-357
190
950
477
8
-169
395
-538
37
1959
433
-1650
-476
-160
-303
818
-1177
897
-234
600
-534
-2046
-218
-960
652
-285
-731
35
154
389
231
152
1200
-832
673
616
713
613
-1505
-892
912
-98
-631
-350
-383
1187
1102
503
-839
-912
-1463
-859
91
19
589
-710
-536
-437
-187
610
-1209
-888
-687
-349
-786
-381
-826
-2269
1085
22
-680
825
1212
-129
7
519
290
68
-491
-241
-496
1399
862
589
537
86
196
1009
213
-413
378
537
-84
552
-262
27
1237
-445
-322
497
145
-257
521
540
-513
-414
340
-2026
-525
480
-46
453
1521
31
-361
1577
-418
939
-19
-1566
474
-1012
1733
282
-999
-635
-926
-320
-488
280
-440
-270
-890
-440
962
990
220
1033
26
1898
-974
1219
231
1237
94
571
2186
425
-945
-1747
1280
-1602
-1138
-1595
21
-635
-422
956
-1011
516
888
391
632
161
-679
471
458
-616
698
-227
-174
243
1574
-36
-376
407
72
1586
-626
-528
-746
-982
1064
-388
-1394
-83
-434
204
-289
158
-62
1892
468
-402
683
401
-345
706
-544
-1188
-1439
-408
-198
1412
534
1136
1058
1999
-606
1211
-248
-779
-529
-582
-922
87
-702
1314
1508
154
-1233
155
387
854
-547
93
545
-138
703
-13
-609
1274
-306
899
-238
628
-52
369
-291
-1919
-1748
637
585
18
1517
-342
850
188
-153
349
2267
583
-107
346
-882
884
-428
709
-483
1006
885
-1931
46
2142
165
486
914
-65
-1152
-1828
-1181
-754
-680
269
-219
-984
1018
-15
730
-929
-458
440
612
-77
480
-586
829
294
-815
896
-308
-89
-715
-149
149
-728
-109
844
433
-359
783
-964
113
-1332
-679
271
81
-978
-390
-1814
-740
556
490
-901
1051
419
474
643
1178
-879
-487
-1139
-633
1127
2324
-818
29
383
-481
324
448
1152
735
-1101
298
-319
349
368
688
-1004
-746
1283
-451
-590
-64
-607
-373
16
-31
-1219
596
465
-355
-1434
882
-951
1109
-1108
-475
1513
-349
-557
1019
-202
1256
232
1528
-1220
874
-403
-832
26
94
-12
1326
1462
937
-1002
479
1003
393
197
-442
108
-697
-293
-76
45
-798
-577
-52
-1081
-1235
-1653
4
-1830
-236
1458
-618
135
-59
142
-789
812
-539
-282
363
-741
-669
665
-362
1380
1098
292
-1108
-584
-243
-544
319
714
733
1209
980
-1197
-419
834
-152
1207
1024
-31
-1066
-1129
-684
529
1548
135
-1687
1204
726
699
777
1299
-804
11
1354
536
-720
773
1773
-158
-1626
-479
483
1815
524
-569
883
-603
752
1196
-996
987
-350
-930
316
-34
1491
-148
-564
-435
-549
-462
-244
-262
-42
-143
117
-49
481
-603
574
-330
193
-156
167
207
127
1489
-428
-1349
-460
1408
-711
-263
-394
-200
-784
-122
-93
679
-1307
-373
-274
414
842
71
764
217
-307
-923
367
-59
-934
1084
854
-1034
-475
599
-1055
-76
711
-1592
1616
479
-839
539
-148
403
-20
265
-153
1
14
1234
-988
819
-1395
844
554
675
-895
-1334
389
1436
1204
-376
-151
-463
1068
-2429
554
1627
1265
1309
-1152
-857
484
1250
379
-207
-161
-73
-281
-1440
-433
-587
-929
62
-407
1408
864
-216
1779
549
-424
-551
775
-1587
180
306
-402
-106
-771
653
-724
1213
-1855
671
479
-1361
-43
596
753
-1730
-147
173
1164
754
-759
144
1126
-925
45
376
128
434
27
477
-394
344
599
785
568
-24
-182
-1403
-74
-679
-527
192
336
336
31
641
-731
-315
-169
-33
628
-309
183
-395
-817
-602
-665
357
-866
-41
131
1605
17
625
557
1305
-245
-9
-1156
4
1366
-629
36
543
280
-44
-399
-280
-599
-50
1564
-2501
-156
752
-667
-662
130
-1461
-503
957
1051
-65
39
489
-397
-641
2200
-379
-641
-333
-295
-427
146
406
129
302
6
663
-197
539
-194
378
391
-730
-979
-875
-1006
390
-794
-2231
-1045
1127
-1658
206
663
1024
195
77
-1077
-254
41
929
-438
785
627
-400
-799
-374
856
242
798
934
-439
145
1145
366
86
541
500
259
54
-747
-695
-343
221
998
-995
342
-792
637
275
-168
-1102
-331
285
-218
1121
-182
-1310
296
-36
704
-906
-565
637
-340
599
83
1373
369
-2598
-2143
58
1539
691
-950
-700
1395
223
-1132
-1532
-482
-1799
369
-214
414
714
-785
1066
-420
-281
880
117
1760
-1282
-889
104
-157
-647
-918
84
2013
-395
-1392
-1563
-50
540
-245
888
-708
284
-864
-1955
312
-1838
189
2070
-166
-352
2264
1252
-262
119
-532
-1071
-306
-1647
1094
1610
276
54
502
-808
386
154
-806
-1643
-399
-1004
281
-672
428
513
-83
102
1053
359
12
-436
-379
-909
2565
-951
489
6
1150
-98
117
-1066
892
692
-884
313
932
375
814
929
872
-115
747
1516
1340
1277
1532
549
-354
-924
-1164
-1697
421
1082
505
-1648
649
1656
-942
989
407
751
-1140
723
-569
-618
1342
82
1622
-477
474
-90
-1283
1498
29
-188
-979
11
423
132
483
-91
-711
746
-258
347
-712
-1826
-227
-127
-23
-797
149
1293
-34
-103
-601
1617
337
1095
-213
-1712
877
-945
-85
91
1568
-1757
669
-1103
593
-1336
126
616
446
1094
-75
-91
892
921
1990
-1010
73
-197
-1102
-261
202
-982
1377
551
622
771
-581
636
835
-989
1057
-559
-686
-723
1043
-222
15
240
-774
-536
230
133
877
-521
373
1026
340
1059
316
-648
-475
-805
-756
-818
1158
357
533
203
577
253
861
-197
473
-264
-125
-565
-879
-891
17
-134
447
-418
-805
134
1336
1318
-123
268
-2
787
143
2122
29
168
214
505
-245
-235
-1251
-1206
355
121
-551
-779
429
802
-1348
-724
-469
57
-935
-1040
125
2004
290
-831
867
-512
-1324
-148
-856
1431
1260
941
870
510
825
-1292
-773
-522
819
-267
201
1453
429
-91
-461
-704
-2706
800
583
-539
683
-533
-885
1115
-992
73
-1178
-1471
973
623
1010
1189
467
78
-727
-46
-461
-501
-209
-161
512
365
79
-203
-191
-1420
1862
-868
38
344
-100
-920
-1034
-422
-60
-312
1822
43
-860
-1467
507
-98
-1025
-126
256
-625
-12
-658
-91
309
-1169
-311
486
226
169
-354
529
-434
198
563
-981
-372
-680
-777
906
-370
548
-792
-70
214
-1709
-610
445
514
577
-165
-518
-245
-495
-2343
87
238
-1595
-474
-458
311
-1095
1670
-1397
417
-1089
-826
-411
-69
386
-644
-316
-600
-748
210
-233
1780
-197
1209
-127
-651
1470
-135
-425
1443
-1385
374
-179
1375
-193
-464
-598
-1085
-277
-798
1521
235
-1352
-463
2304
1132
-920
-1029
157
-4
-174
-1417
-1429
1803
-237
-1139
-1286
953
776
18
414
-172
-1234
858
-245
666
1944
181
-1249
-476
-565
-549
234
511
-735
462
430
-278
267
130
-300
394
201
780
-97
879
361
1382
-1547
300
392
252
-1050
-312
36
142
327
-282
871
-1003
656
-722
324
-383
1173
583
744
1688
330
312
-812
-413
1368
-1446
-1117
235
529
468
-438
1749
170
252
-759
469
-342
-519
-1465
-7
-1261
-368
1009
381
885
1029
-1027
449
465
64
680
-748
1746
-284
467
-629
731
357
-982
-460
794
-9
-548
1000
92
320
831
1573
1128
92
186
171
-854
281
-1013
499
814
69
1221
2078
-410
-1295
556
413
23
187
1009
603
-131
9
-953
-1041
-788
1236
-395
-275
-645
-1885
-291
950
-472
585
-856
-130
220
-69
-1494
-694
-150
176
-1329
-545
-956
882
-490
-410
1613
-116
226
-880
-1474
-53
-937
-516
-312
-1348
395
266
1003
-486
-1350
-1098
529
-581
-516
288
388
267
-615
740
-300
-351
1312
-370
-929
1006
1287
62
-1958
896
-229
1844
-509
-131
-797
354
-671
2333
-739
492
-434
-406
1381
555
-1765
-758
-1273
688
-683
1893
140
1080
609
1480
353
-1088
-279
563
469
577
-483
-265
-1216
322
270
795
-91
1379
1014
-236
262
-6
537
-1019
820
83
-306
1246
-338
1036
130
-269
-528
-1517
-854
19
-159
4
-907
310
253
-647
1478
-123
23
-405
-335
155
181
619
-249
653
-462
-588
-542
-1165
144
1159
-74
104
-780
479
144
-2449
1417
1270
1235
-1032
-24
87
-448
793
48
-682
-787
-2122
-1018
1682
659
-417
1000
1234
532
533
-187
-795
-246
-160
-906
376
-557
-663
21
-495
651
2288
-1531
-1286
1083
1316
53
469
-113
-76
1570
1198
-901
48
549
746
-602
1527
483
-264
18
-266
2233
-1160
178
107
-1069
-1485
532
-980
637
161
956
664
151
873
-1154
182
-2815
-550
119
268
1045
-897
-1538
2081
86
-194
912
755
-96
388
-2036
1566
255
236
-562
309
-145
-1316
382
-607
-247
759
-2259
-1088
-187
-453
1094
-151
785
184
676
309
242
-393
1646
1161
406
583
1335
-229
353
100
-232
436
-922
-331
-255
357
-633
55
318
-414
343
-340
1670
-747
981
976
480
242
873
-1451
-1391
-491
194
-357
-677
189
-604
817
1034
1195
309
245
-986
1312
433
518
78
-227
-1072
-241
23
493
119
61
165
1487
-1034
-283
-723
-173
305
-882
-248
273
337
302
312
-575
-1477
971
-1159
1281
-213
-1468
-757
465
487
-141
980
466
852
65
512
1439
-553
109
959
1259
-1196
1437
247
1146
738
-650
212
-57
-1321
1780
-806
-1075
-553
-112
-2097
331
-1239
670
1340
861
-2037
-619
609
-154
243
1060
-69
578
615
1417
1161
110
440
167
455
701
1437
531
104
-589
318
335
-1019
1318
791
-204
-1497
887
-301
1517
797
-571
487
882
876
-1291
-23
-75
-1310
-6
230
1300
-139
1086
-1846
-1258
884
1683
-637
-611
345
66
257
629
-874
-586
-383
944
1068
526
943
132
-1107
349
1022
191
269
-185
256
1259
-1926
566
-713
308
281
-256
-1411
-58
-22
-1577
-635
738
1414
881
812
-880
-747
35
159
1036
199
437
325
1009
-61
1053
-255
-822
-2157
-1095
-148
-11
-239
-801
-151
455
-738
245
632
283
-134
-536
-407
-481
295
-1040
-1079
-356
-358
-736
127
1028
944
671
593
894
677
-1507
-531
-782
605
824
-466
310
-353
410
-1133
-758
-9
1151
-421
64
-1193
1552
-104
34
-276
460
1714
1412
-1140
-1341
-643
751
-344
-900
-176
1848
-176
976
1058
-1062
84
-60
-52
-245
293
-336
-21
-932
545
-380
-1010
1649
641
-318
2209
-284
-548
-676
410
301
-1288
-1302
65
37
-141
653
-852
-514
-1197
-952
-1592
-375
-253
873
-52
598
-407
554
-1124
284
-392
768
36
238
-99
-195
-752
841
1137
-262
1075
-715
-498
251
450
404
342
307
-730
326
-602
792
-84
775
-334
71
586
234
-1029
-143
1762
-346
902
1050
23
-1512
-733
-308
-1167
2093
-777
-536
1202
333
-512
254
-1012
-921
664
-368
2392
-625
-499
-1256
869
-248
551
877
-580
-817
816
1170
-1138
-277
-786
-1093
-1557
-871
1002
-2215
724
606
296
1878
321
-423
-71
2043
-1495
1262
-538
-380
565
-220
274
-925
493
-535
683
-1118
230
83
-196
-261
-17
194
-715
-1316
152
-31
-308
476
158
1226
608
1062
-899
1024
64
326
-752
-524
-1100
-537
42
-931
1057
1740
-813
-846
-1112
-1207
461
1342
-157
-1214
1014
-941
105
1080
-1611
1473
-90
-605
-428
1358
653
575
-364
1910
816
1051
-396
-70
-1139
98
585
462
-94
-734
-2062
-59
1103
-358
-1185
211
-803
-1177
-1172
-176
168
-286
773
346
260
-979
619
-1215
-410
-1663
184
-202
1265
787
-424
257
-632
-480
684
-1010
-520
816
-111
-546
1020
1373
-1574
1015
-512
1636
477
-1134
-406
572
248
-301
525
444
-694
-968
-70
2116
1033
-173
338
-190
-967
-121
378
-954
1749
-98
867
1231
681
-1237
-2244
-1086
-550
242
753
-200
-60
-208
-215
-1199
525
1031
-345
-323
1094
-104
-393
552
-993
-100
-183
517
2436
-63
1002
-60
206
-723
563
-35
-1325
1102
51
1749
679
-614
485
-775
-342
-13
-397
-1288
-296
-502
43
-290
-726
-338
445
625
-827
358
-222
-77
-1096
-377
-188
984
-1483
-1519
-1420
1532
-2133
2189
707
899
230
243
720
-772
1427
-413
-647
866
823
910
170
782
-209
-396
978
-371
290
162
-318
-1159
1617
549
-548
-825
522
-91
-226
365
1234
90
-588
-45
-228
-409
1140
-220
1461
-107
-493
1173
-704
527
184
1204
192
262
-564
367
999
1081
-626
-335
495
-1383
305
188
1634
-1909
-573
-116
9
-285
415
-1450
-1994
-566
1639
-248
-421
1636
-66
-987
592
895
-512
137
1137
202
242
-225
315
561
-269
-69
1192
-1086
617
1531
-58
-725
622
432
-1726
1935
491
-192
-785
-2001
-176
1277
640
-539
735
-957
697
484
240
910
-1314
2011
636
-1426
-624
656
-303
-562
-1007
14
1379
77
-99
961
1021
720
680
50
-272
-331
-490
-164
-527
1093
24
-263
116
280
29
223
775
-467
1542
1244
-1148
-611
104
253
413
-1417
-607
-1170
416
-1223
353
-750
-1152
1190
1448
-134
285
1071
482
-706
946
164
-1356
-124
-821
-121
628
988
615
-871
179
-1058
-767
-704
-1324
-923
-479
45
781
-506
-1015
644
269
-356
868
-344
-114
299
1243
783
-980
1719
342
-583
772
-409
1052
-15
-336
9
-667
-563
-411
-763
-1374
972
-765
2140
865
-236
154
617
1442
925
1334
923
-86
25
-1354
583
-1531
509
-395
332
2625
-238
-644
185
938
-1282
1302
863
-220
983
502
-118
-523
257
-1347
416
-190
903
-831
-959
-1117
-690
1244
126
1626
-540
540
894
-829
-626
-1029
902
-67
-479
276
1684
-753
1346
795
713
-1128
687
-191
-1848
-183
-1504
-342
916
988
-459
-1724
340
-25
204
-57
-53
423
-738
-82
-203
151
511
-265
-31
-520
193
23
-182
-76
-513
-509
193
348
653
-372
-179
-304
170
-477
-757
-1382
-976
-192
-682
296
-110
670
-307
-1551
-308
-1563
872
-1035
-154
1880
-887
-446
1759
-938
-455
-1765
1251
-413
-608
542
-26
-67
-456
498
-127
-432
638
-276
447
998
114
-700
1828
1986
2425
484
708
911
-517
-1305
468
-620
-118
-635
455
680
494
-1002
389
-1094
71
-721
-88
776
48
-391
-286
-1256
-554
-422
-823
-75
-386
14
1217
-203
-861
-320
140
619
-349
1470
112
1686
2291
-1918
-2136
1361
2083
178
610
-780
-203
-531
-224
-660
-1299
1094
149
-331
-195
-1665
613
684
1551
-349
335
147
35
-447
340
-1023
1203
152
-422
-1004
574
1149
-938
-474
-1175
121
-1634
-81
1119
-324
-372
-1377
1386
-629
1644
-190
-1679
610
1511
918
103
335
-224
564
-1126
-1220
1941
-881
-296
-279
-439
-1443
596
175
-1763
689
-811
1696
499
-350
271
1210
344
-787
121
314
187
2482
-452
1139
-774
-162
1534
203
-450
-357
697
-1273
1179
-743
1409
353
619
-521
-231
-42
368
-2573
-575
-490
593
-516
554
-1677
424
-383
134
723
246
-677
755
615
513
-574
-539
303
797
824
-329
218
-406
842
-1479
-543
191
-563
355
-1405
593
-334
-325
818
-305
566
430
1330
-791
-79
180
-914
1198
730
445
-694
-804
460
-693
280
1230
-213
-1089
7
-298
-1191
-50
788
-655
2092
-1003
142
-962
579
1146
83
-1295
-2098
610
-111
-2350
1066
1603
79
602
126
-347
-846
-406
-42
-210
838
1113
-1736
-1573
736
-369
-572
-953
-281
-54
231
110
-432
213
486
71
-905
-1760
301
711
-600
351
1098
-174
-856
-393
985
-90
144
85
-1139
1381
-310
-1549
308
-887
-1005
-972
572
-264
220
-381
1534
-794
414
-216
-495
1395
-270
-830
-1057
-2164
557
111
443
347
372
-694
1299
790
-575
662
212
-1066
376
-1023
-1841
528
-254
462
-2024
555
47
-570
647
388
1306
740
132
373
-576
1382
904
-805
-524
-811
61
63
421
552
419
537
589
715
-1877
-413
185
208
-33
-940
-283
456
-1421
1368
229
686
-263
-20
45
-155
767
740
-2190
-245
-106
612
-1209
-737
1331
330
-849
-697
1399
790
-1197
-38
913
189
491
146
119
1086
-1308
321
-137
137
38
-485
740
-468
-539
215
1261
1029
164
690
-349
-772
162
-270
-190
1162
256
400
589
-262
156
768
1193
-899
-1018
1427
-873
-612
-327
-20
-418
-412
-2757
-490
696
536
171
-545
-39
-1187
-108
1111
-1951
-33
-194
783
-701
244
-570
1162
1578
-538
-765
-1980
-217
-221
-985
-333
166
313
633
168
-188
1890
-209
612
-873
744
694
1278
-1066
633
1153
-1061
405
673
802
-90
510
-1677
54
-1343
68
626
114
585
-170
1149
-1120
222
279
68
-919
341
1799
-48
840
1650
-338
457
-241
-877
2301
605
221
322
341
2789
-20
-620
-92
193
-119
-87
-416
1250
-1210
-285
1183
1015
-146
420
-274
-358
-994
1257
-1124
-1790
75
-285
-431
-381
397
195
-321
-273
281
-1561
-1581
1129
353
1554
780
659
667
-1430
-139
1540
-551
229
-14
873
1416
-207
1288
29
-1230
-264
-1023
-621
354
311
144
891
-79
-436
1014
1642
-661
-138
-173
-914
-1162
-576
100
-1280
1310
250
1352
1270
-658
-1589
548
575
-135
-1147
-1286
-837
43
1489
-754
-596
-629
-1016
-1475
-267
-166
-1420
-526
-81
130
1585
1193
-409
-90
-802
514
1812
170
1614
-223
789
383
1275
917
738
1592
-1165
20
829
-448
-192
-54
-222
222
-374
-104
-341
-555
347
-609
-864
919
266
-233
-1394
445
-2123
763
1533
-217
-358
-1627
-656
70
-1131
1098
529
-395
183
261
-786
1045
876
-796
120
965
821
-954
350
-2288
-824
759
-1373
-70
-210
-263
-305
-1069
-820
-1917
188
-355
-33
-416
-246
-36
71
546
183
-172
1878
51
-392
-652
-1291
-262
-550
569
-65
958
642
8
-758
743
433
-395
32
1483
272
-300
-584
-2291
-1362
-383
-1301
1252
9
-813
301
-117
-573
322
760
814
-959
-453
496
141
576
1168
679
212
-951
-481
-1375
2246
449
-331
-936
1248
-497
-20
855
-370
590
616
1383
-579
1060
-610
279
398
208
1170
346
-58
676
-995
-1679
805
19
259
-68
1050
156
-1143
788
-548
544
1227
-518
759
329
32
909
-770
-999
100
-216
-1890
-1292
-955
-299
381
-1295
-913
-735
31
560
-413
-185
820
-62
-1424
498
-179
1805
-1602
184
-1351
54
-282
-946
394
1404
-999
373
688
-159
163
220
-702
-503
-935
-1077
-162
2017
334
-916
1453
1498
346
385
528
777
-365
-1527
318
986
240
-510
407
-870
-1420
-517
-198
-539
-44
-760
-665
-638
-683
370
-287
-198
429
495
224
296
-1622
-418
385
-848
273
-684
514
-559
-45
-1291
503
143
-421
54
13
1271
-1101
446
989
-921
754
-1555
-196
922
503
-227
29
763
-1136
-239
215
1421
-254
-1241
-267
1295
356
99
-642
1100
-1144
-237
1091
766
237
664
-398
447
518
19
157
-318
-1149
3033
-1497
-945
-889
-733
-408
313
22
451
-499
-138
59
-475
242
-845
1106
1435
1241
-1352
650
1115
618
344
891
-146
450
-1004
923
652
-699
565
-734
-55
-178
-1606
-1267
1936
-71
-943
1109
-441
39
562
176
1124
-338
-741
-213
-919
-882
-31
-784
-1253
328
-50
1146
680
290
173
76
-283
266
530
869
396
-541
-558
-449
738
-330
-2141
599
46
-474
841
734
-658
797
-375
48
368
-39
175
-1302
219
635
-891
127
836
-803
-399
-432
-1414
842
1476
-697
643
106
73
3
-1121
268
171
-16
-323
-261
238
1185
-237
-792
-184
811
953
-1091
1106
-61
205
-1103
-883
534
938
914
-1359
1217
366
-1053
-610
-1022
1284
-685
-867
-968
-1335
46
-970
1225
-819
393
922
-143
-186
486
1255
47
-1211
167
-383
53
-1001
-889
-1027
-1444
234
682
-987
-142
-661
-16
-140
1025
380
-81
-858
694
170
-461
144
-376
474
-313
-175
101
958
1072
79
-140
1664
-1073
-520
-107
-614
-669
-43
261
1314
-33
-1257
-176
183
-619
781
818
1455
402
-114
-1061
-755
-68
61
1003
-1501
-97
655
-386
445
136
1124
1385
-946
655
-1382
947
971
511
194
-1237
-192
1445
-1699
165
1355
-1191
-1147
876
-1027
-828
279
-85
725
-326
353
360
-1243
192
-1648
711
-668
212
-166
259
1182
329
7
-880
18
1491
-51
-1046
-777
-266
604
1032
-201
257
-1371
-416
-72
-168
-750
756
-555
-268
-70
1327
-92
1157
-552
-1034
156
11
-405
-122
-182
118
504
-245
-903
-1560
1707
-744
727
983
130
1395
1062
987
1020
-560
435
-749
-750
1168
996
-801
229
-845
597
303
-25
1017
540
1044
-684
107
-372
138
-1230
278
-294
-499
892
779
-251
-81
-611
822
-584
-282
-682
103
-1167
819
-130
1442
473
229
463
-419
-171
356
-1140
-212
871
-1638
-125
431
854
-340
-544
-1306
-1022
927
843
-711
-252
-817
1701
85
-158
-513
-611
-83
-1301
1041
-562
373
8
1330
-496
-707
-1223
-1878
29
573
910
-658
328
824
37
-221
930
72
458
136
1431
131
572
1764
-599
-294
-493
1023
253
-619
-81
-403
-390
-489
74
117
204
-192
1258
1524
92
732
109
167
-806
1447
683
-699
313
309
175
-413
-1566
-471
-523
-619
956
1065
840
1892
-655
-1160
614
-911
-676
-639
-151
-1910
1210
967
-648
-873
257
-225
-130
536
-1256
-335
529
1057
413
-928
661
-299
1099
-130
-736
419
1492
477
-194
565
-283
47
-547
823
538
152
-1820
-1174
-10
189
659
517
-1029
934
311
616
-498
524
797
-300
388
-83
-732
734
308
-1008
-131
318
999
46
1202
-218
260
494
811
75
-1247
-813
-1363
-339
539
-60
63
246
-1665
1482
581
917
-29
-1020
-577
236
189
419
-19
-634
106
31
-259
599
-128
335
-95
458
90
244
-171
-1530
-1425
912
237
-780
527
193
-172
-432
7
-246
-1263
881
607
-693
-582
1350
-94
-370
481
876
429
298
-381
21
-728
220
2675
305
935
851
742
1874
1274
-515
940
172
917
-785
487
-1664
-664
-7
-708
-348
-468
-4
-124
831
1034
-250
163
286
-212
1168
39
-375
-1446
300
-1419
-686
-436
392
-987
-523
-467
-225
-320
-618
89
824
-261
1132
-1896
74
861
651
-350
184
348
-660
-873
2300
-77
-1728
41
-376
-891
-660
416
161
-171
263
661
94
433
-832
-514
-573
2105
1832
-67
-295
-843
-958
514
494
-1100
142
-936
971
561
-1242
-169
-1302
1635
370
-501
111
542
-383
-66
686
-140
-255
1035
603
-29
594
-1078
-995
993
-427
19
-680
-969
712
897
-1157
-643
63
686
204
652
-250
830
701
-238
-536
422
-1283
-333
-739
-185
-801
-19
-653
-895
-2178
285
-1112
119
283
-85
-937
465
361
577
297
-249
-784
-422
180
717
321
202
-712
-367
1011
244
926
598
-264
-1063
1022
-1384
-562
-358
325
536
402
455
1144
908
-1531
504
784
-902
262
-356
-260
201
-116
385
-1085
175
-121
591
-526
-129
-367
18
284
-1201
-165
-374
645
762
152
194
-657
1193
454
-297
-999
9
1229
107
-1588
-490
-565
-805
1328
-322
-1530
-400
1013
-1528
938
-1209
123
-1229
-492
626
672
453
-804
-1148
-20
-1857
1230
-1346
275
-977
162
-174
-789
-406
-924
137
1268
-607
-700
-217
752
-52
317
-1065
857
-788
252
194
1007
1099
-1171
-1421
239
-357
-1319
852
1203
-949
-135
-429
-142
-897
711
1298
-775
-731
104
-1149
1506
540
-399
-378
504
-538
2539
381
-1003
784
329
-305
-874
-582
187
-342
-886
-891
-1426
-116
236
1762
-363
257
668
604
1092
-291
-265
-103
1527
577
466
420
184
-2879
-976
2290
0
908
1339
1231
-1486
1036
-933
-386
-291
1011
-334
-736
286
-1410
-340
72
-2297
99
315
189
-86
74
-379
-1405
-391
169
276
544
1020
396
-384
-287
-1
-1266
-589
527
-452
885
552
-138
257
-833
145
-175
-794
-507
-553
-714
-123
-404
-856
-245
446
-239
-1136
-260
708
-41
1478
1363
1461
645
625
-108
1935
-499
781
309
173
1193
-433
190
-646
166
-696
-1115
48
2466
-1045
-737
-134
-409
963
161
-1139
1538
341
574
-1459
85
-270
-436
178
405
813
-27
-6
202
-755
-790
181
154
1346
-1225
2158
-1110
1366
-544
225
-227
647
-436
-202
-644
-8
711
-291
652
-876
1377
-922
266
-116
-183
439
341
-450
-1183
-511
1633
725
401
-1059
698
605
394
-1219
164
926
-785
762
-418
-949
-1066
-1104
1060
1221
808
133
131
1330
-478
-495
460
-99
-25
778
1435
-363
393
1412
185
-680
-1833
1218
-256
72
76
1234
-442
-441
-405
1042
-974
255
-110
-247
-186
1194
-56
139
466
-198
839
1664
-947
-1508
-40
1594
1216
72
-2747
-944
-922
548
633
91
-135
-626
-202
1299
-864
-820
1456
577
857
-44
-1542
-150
415
245
-442
414
1153
-202
1668
1170
1600
729
-2530
603
-1118
-1471
-350
-495
547
94
-5
-366
405
-1146
-1366
-473
1396
13
-96
1277
310
-198
575
1893
369
1212
-289
-218
-208
358
-425
968
-103
-1030
-927
-190
1076
500
-2419
-559
-201
1035
498
-1012
815
-1181
-952
681
-64
470
51
560
-486
-189
1161
268
-210
55
307
2590
592
-274
-74
-1000
1531
247
-544
-242
-1156
-13
-55
988
-381
555
-1122
840
-930
331
-1416
-113
-150
-498
455
759
1003
366
1608
-220
-890
182
18
-115
141
241
-425
494
567
-1028
1095
455
1684
-428
-1043
1036
768
613
651
864
-271
-215
-243
316
-1411
356
135
152
580
420
474
-642
-588
684
585
-1333
-695
887
131
244
-838
-37
-712
500
-331
141
-392
-413
-346
608
83
565
-236
1117
285
204
-347
-618
-141
1028
874
581
-1163
671
-940
2
-265
337
-153
-496
-607
-443
1090
1012
1224
-97
-248
618
234
-314
-518
-151
122
-333
-1153
1748
-89
851
910
-1464
386
522
281
452
1928
641
783
-54
969
814
-804
1770
-171
-277
-830
2105
1382
-384
-371
1113
849
-1807
-538
1316
256
829
538
16
462
-534
-121
-1606
-2034
-611
-201
152
48
253
331
-404
1333
213
873
932
981
360
-1900
-281
789
327
839
-790
-1230
79
-743
-314
313
322
754
-278
-14
671
-874
-539
-1462
187
-20
-800
1036
-444
-855
-547
-423
564
849
749
280
278
-1364
1591
-123
395
1679
-162
-210
428
-333
1379
-9
325
-477
-715
-857
-1727
594
-216
-393
231
1163
-647
395
13
852
-773
-539
353
-247
1124
-257
1397
327
-912
36
-145
1603
66
-47
185
824
2122
-590
-940
-1717
1422
-227
-919
278
-793
308
551
308
-916
607
414
1003
1222
629
962
169
-588
52
-275
84
-16
-1224
135
836
1152
1371
-1846
-1226
-904
-221
510
354
-343
-187
667
-1664
1027
-105
154
566
-458
762
-466
153
478
746
743
219
261
-685
-1742
1432
-1133
1174
332
-1023
-1535
544
-894
-859
-1488
-700
-376
-328
-74
-376
1498
-553
1368
-311
-462
-1764
259
103
-888
-1196
-80
1352
225
1407
-431
-326
-1144
1326
751
289
-503
-185
203
-34
614
-808
337
239
-68
-395
-248
867
-347
-607
-949
-820
493
-780
-1051
1184
977
-105
188
437
51
1611
365
1049
467
-1706
-121
427
-487
-1165
-23
1144
132
623
595
-583
810
1180
215
-517
143
-1040
-845
-546
-42
703
-1139
527
-400
609
-159
1052
-127
989
-958
916
-123
-818
-114
-469
-1523
-202
298
604
-186
353
294
-14
698
-487
176
-874
-977
-225
957
968
480
394
203
1356
718
63
101
34
438
-874
-713
224
308
342
128
284
-237
717
886
-364
33
639
-645
903
-1930
112
435
1073
-2788
1686
-232
-533
-1228
796
-668
-558
528
-866
640
541
1467
-383
-161
-175
689
-660
236
705
-1211
89
1248
-301
-195
-1050
-1393
92
618
-475
-287
515
-247
-1090
-1012
452
-432
-606
-2626
479
-1345
-1242
-45
-165
-351
-2329
34
445
253
-159
-46
133
93
904
-807
697
-2122
-1145
416
-265
-835
243
668
-535
714
-1178
958
912
405
94
-905
1259
-25
-1593
808
-229
2119
569
146
-876
-863
586
176
-240
-461
159
-447
-1526
339
-21
160
1761
299
-1183
-1222
1071
-563
-160
1106
-1206
592
1892
829
-811
452
311
634
460
-45
1226
427
-436
2041
502
697
-582
-1355
789
-224
-274
-1227
-794
1083
-672
-54
-874
756
-1275
-1229
435
-305
131
-97
-240
346
-739
-68
-544
12
65
-817
-63
-59
-459
370
-748
-86
1452
1717
-942
-466
-329
-445
342
505
402
-452
-207
-1179
1867
1679
-645
-916
273
-412
392
382
1052
316
993
-790
756
-461
-390
-342
323
-333
1153
1173
591
-1040
160
370
-1551
-139
176
-308
-450
833
509
-581
-1318
1545
342
-810
473
-391
357
-597
473
-711
-79
-583
-1012
-852
-710
1604
166
1737
130
1431
-879
-901
-645
1208
1699
187
-2208
140
888
227
1352
35
-1998
-376
1498
-177
1017
720
197
-247
-5
-471
-1218
-411
1225
-480
-1058
-930
-951
-359
-377
-1310
-378
675
-110
253
-54
-184
-1611
-972
2017
-588
27
-1128
548
236
-974
-1528
-905
550
692
-1844
214
745
658
-396
-327
-804
-458
-516
-829
-237
-294
-1038
-434
-367
286
-378
-234
-246
-181
-110
-962
-161
-859
202
-638
-83
56
152
-272
754
510
189
1314
-874
-1186
-2231
1411
-468
-52
-679
384
-406
710
-1502
-5
412
-228
-607
-192
847
917
777
1203
-958
-148
83
728
88
332
-591
85
-249
376
404
-1025
707
-714
-88
-999
386
-920
665
788
211
176
849
763
194
1295
-500
10
-866
358
-494
-68
-220
-199
-975
-133
-223
-1209
-766
-446
372
-161
-338
-1135
395
-894
552
-955
-1150
-576
-547
-157
217
-1386
-1377
256
-474
-450
-103
-65
-42
252
535
502
317
-4
846
-758
604
106
217
3
1601
-766
-296
220
-1404
797
-948
-1088
-846
772
-157
-2053
-313
208
-423
1692
149
-1267
443
-739
-662
142
-278
577
410
-754
-978
1005
1288
691
293
-139
-1672
818
-1121
923
-798
-592
1263
63
1443
-400
1084
-632
774
-1031
1330
709
-174
-144
157
57
-516
-749
-763
-1931
-504
-216
1485
-1240
1535
-39
968
-237
-69
-1019
-251
-701
-1081
169
94
176
-1822
676
1381
-1238
-320
-237
775
-141
1038
-930
-1309
-44
-469
379
-672
656
-540
-365
351
-714
192
848
-1458
-146
-1205
-336
1085
-672
-489
-632
1539
518
-399
887
-2219
827
-1051
-23
933
106
680
506
-1230
504
-43
734
-187
-852
855
1191
141
994
-386
-901
-388
-394
-363
287
-6
-145
-1609
201
877
-335
-425
405
540
-341
899
-1274
522
6
-1310
1488
1692
-561
1491
-128
-865
-709
320
-236
-75
-2369
308
-543
-748
-1802
-200
311
-521
814
1510
-1810
-174
-575
-861
543
735
1490
91
-129
-1110
-150
-763
165
676
540
453
-109
786
-58
498
-865
-987
675
-483
-51
88
-237
-706
433
9
1785
-791
-4
572
-460
115
455
-1651
330
-78
81
218
-28
300
-828
334
-657
-462
-181
-159
1442
-738
596
-735
246
-142
1172
-895
-370
-546
271
-962
-417
469
-317
-1071
407
-817
352
-758
778
761
614
-1305
1247
-522
-626
432
-687
112
-636
348
-8
-58
-215
17
851
-381
-2054
-821
249
382
1074
-827
1204
-735
-479
1601
-618
-859
-290
1083
391
-1118
-1592
1163
-571
197
936
277
-963
336
168
-936
-1380
-254
-1460
270
-689
153
-784
414
363
-123
1133
406
53
-980
768
386
-28
-624
406
439
1032
-1038
105
-770
-76
333
626
-963
-103
576
2021
-249
761
-441
533
1382
984
-209
-967
-599
-521
-589
-139
961
293
516
-735
-1517
239
-109
-293
-762
583
-252
-1019
598
-598
1077
311
1129
48
-955
200
-7
850
-543
910
-816
-456
2145
592
-416
179
-107
-536
304
-120
329
707
114
-801
-524
538
3
-1062
142
-1880
-807
464
937
484
190
-808
-1171
-1121
-12
-159
22
444
214
-1161
-394
-715
1397
1396
-976
-745
1653
-1258
715
78
-8
-616
159
-83
503
496
465
-630
1245
-906
-727
-211
-988
960
262
-1165
-999
-1624
417
533
-1013
-402
743
500
520
-732
-187
1026
-455
232
189
803
922
-5
363
-1298
-365
-1208
1320
24
-2112
1234
96
-970
-553
-249
-744
-211
439
1135
1219
-39
1826
-1166
1115
-1732
-232
911
-231
688
1473
1094
135
-384
947
-235
195
-402
183
1014
-142
-335
-84
-527
220
110
-607
317
81
-67
354
-654
-1328
902
153
-187
-1411
2167
-56
-1174
960
-521
-920
825
371
263
558
382
-934
582
-1200
861
-960
606
-729
-70
746
997
316
224
-833
-178
-64
-226
-1260
-45
1565
1248
-708
-432
1594
-513
-675
2073
-1
361
537
866
-36
1837
841
-1387
-1140
-61
-512
1510
1053
-649
-1397
-737
1777
-623
1315
-1507
149
-335
39
-1152
462
63
-259
437
-327
-1187
-272
23
-842
507
458
740
185
62
380
-2013
1197
-521
1019
427
-912
894
-852
-516
719
278
610
107
-619
702
568
180
1008
-930
143
-600
605
-224
-334
-553
14
-1598
717
208
-286
-543
175
-496
393
595
-454
865
313
-1102
1729
1368
-1592
-698
-594
-387
444
1140
1618
-639
-966
-25
1438
61
-242
304
-44
111
-395
808
-128
810
71
-206
1247
441
814
-659
1096
271
986
-423
457
835
-855
1
-819
-222
-996
-1113
48
124
225
541
888
-844
364
-1428
835
-760
359
-587
-658
175
446
-282
1159
-945
1004
394
-397
-400
-253
-662
-289
506
-655
-472
700
-425
740
-171
-1765
-1350
-1365
-913
1324
-1533
643
270
-572
-308
-856
-126
792
958
344
1081
-225
351
1185
-324
384
451
-631
-1350
376
576
291
324
-336
-828
-734
682
833
-1843
73
-747
-42
203
-401
-622
-214
804
615
-943
598
-717
208
626
-172
-1190
-428
-680
-2898
596
-276
-1290
-1167
1324
599
-1027
1372
-532
-590
257
93
-659
-514
336
-909
-328
358
-904
2286
841
-65
-1642
973
743
-448
729
-479
-618
-635
1
640
-225
1068
-337
-950
-205
315
-276
552
-85
1358
-753
-1275
171
514
764
78
-284
-280
-234
-742
601
-547
37
319
1621
-444
464
-434
692
-430
1025
-1907
-919
953
-353
368
-161
-430
-1058
678
852
1465
1052
-88
-688
205
-211
137
201
358
718
1318
-815
154
252
-1343
68
-344
403
253
848
833
-2148
1220
-45
645
1383
152
-14
-1481
27
1061
-1381
-1841
-425
591
159
125
1372
-412
380
787
1636
293
154
1257
-1117
-316
-4
-392
87
738
-147
-1699
-391
-401
695
-700
-600
76
160
320
450
672
-483
237
845
-648
-74
341
955
-206
452
214
2057
-1977
-700
-161
-1152
547
-608
-1395
113
-281
-551
1736
611
-8
-374
-582
823
300
-5
-536
188
248
1038
-799
-1106
1151
-834
-1515
79
-1268
-625
-638
415
1014
1626
-35
-189
834
-89
-165
-666
-433
-625
1165
-1036
-371
-1591
-422
1172
-2400
35
376
-918
149
-1163
1185
-415
-1235
501
99
-235
-902
685
-595
1406
-814
-175
-1661
-667
255
301
-576
-860
-671
-186
-357
388
1302
-956
-694
298
-917
9
-1038
466
-138
618
-441
1267
1796
208
-1647
-788
-13
-432
597
1001
-102
-584
-121
81
613
257
-376
676
-543
-1897
-1141
1604
-3
-171
441
-637
-928
-462
-13
2
-255
1505
-584
-768
437
1035
303
887
-730
-493
-546
-526
196
-300
488
1718
-954
94
125
566
1437
-504
-346
-1152
-508
-303
-28
-81
-515
1126
-1729
-275
119
-447
495
-1905
207
-403
-653
-337
-443
-476
-326
-734
445
208
-128
-1055
554
-705
2230
88
-213
229
-6
767
54
-963
629
339
-349
140
1045
-133
-912
-539
908
-517
-346
-955
-240
-266
-262
305
334
-250
-1288
430
2011
859
-116
-238
1644
-89
-234
-586
-466
3
-957
227
1009
138
1101
-1446
-942
-1013
911
967
720
-425
-763
-1388
-106
-99
-232
820
-899
-596
-1527
-8
56
-718
-671
-250
-1012
451
-597
-509
1749
-226
-569
-786
-438
-199
970
-148
495
8
-626
1778
172
528
-37
-358
-33
-78
-350
-784
769
-48
-1015
214
-255
-459
876
513
-333
219
254
-556
1159
1198
-1305
-86
35
818
-1048
-2406
-1028
885
-288
550
446
-115
420
-233
431
1301
-221
205
-1168
-1346
786
702
-386
-165
395
-13
-422
1581
763
1444
719
173
1209
-1009
-614
597
-859
2
-305
-1358
-277
-124
-3
-787
2164
-394
-1050
-1120
454
-85
-288
1034
75
437
627
1210
426
28
361
-383
-815
330
876
-46
10
1619
588
353
648
-352
-1728
-974
-669
-781
-151
595
559
-159
-803
-1500
1600
119
-285
46
-104
-402
143
714
-895
1294
-456
-1254
-1256
682
-273
-1391
-1658
-248
199
-2042
-220
873
20
-525
1278
-1772
1202
380
1136
180
5
88
1288
730
601
521
802
-39
399
666
-469
1508
1232
-902
-383
-1007
563
-2872
-591
-575
304
644
1723
-193
796
-426
647
1405
-95
-340
389
-597
-1147
146
17
-1066
-65
329
-765
106
-1274
-636
-442
1098
500
-2018
121
46
812
482
725
-1155
-112
-654
827
-1365
1191
773
110
821
-510
-153
398
-424
823
202
-294
554
-119
666
-799
361
-405
-1284
377
997
-1532
-930
57
-1478
297
384
-130
-291
-1242
-756
-43
1037
-612
1051
530
343
-901
1182
-114
-1366
-491
-549
-340
340
726
-121
280
122
-422
-317
117
665
-929
699
667
1531
-1182
-770
-644
560
-405
1139
-325
205
-1723
529
-1202
670
311
1824
-750
1023
-589
454
-683
-814
534
276
-644
-1120
721
819
-237
381
421
240
1392
502
220
-1276
-436
-515
-1463
394
-188
215
257
-1058
209
-1419
-1180
907
2365
448
-455
-167
1230
332
-66
-941
-469
1553
934
-743
-130
-722
-788
658
577
-83
-309
1824
-2039
-783
-347
633
22
843
-1519
90
583
537
164
-173
523
946
2118
-360
1019
817
-444
769
-700
6
256
-806
33
1236
1663
-1085
233
94
402
644
399
-799
1032
164
-989
92
839
103
-161
-313
-1595
-1186
-764
661
445
-790
1103
-628
-78
276
-1390
266
-594
-661
-485
1122
-1678
500
-483
437
-1846
-1203
38
13
156
965
118
750
1587
-899
549
-695
71
-1529
344
-71
53
1510
-833
-472
1101
235
811
181
1172
373
1368
1202
1802
-874
89
242
134
270
-257
-583
1181
437
619
-616
418
1452
-280
-819
-824
-439
-308
-712
-191
-996
10
-673
556
1376
397
-603
1094
-436
312
723
1847
-929
1265
996
-413
-476
353
374
-1011
-604
-335
-191
-76
-770
113
-669
20
-222
739
-679
657
2018
18
-651
139
-250
156
824
-831
446
1489
742
171
515
238
281
-3013
324
1480
-452
1125
-447
315
844
1454
-159
-840
-1275
-186
1286
1442
161
-1150
69
-164
457
-415
803
-1739
-944
-1680
-949
53
964
362
1404
-823
671
756
376
-1735
-800
-1106
-186
-335
104
-354
-474
95
357
1778
1429
-622
-1213
-624
717
-508
1262
1810
-926
-49
-56
-990
1165
117
-547
877
-2786
-1977
52
557
-814
-672
185
-112
364
427
-470
-417
-1338
-70
-1240
-38
-1390
-1102
-932
283
535
390
935
-830
-1390
-589
644
-791
519
0
18
-26
541
-567
-738
161
-199
-603
939
106
492
1472
516
-1913
250
1451
-276
-1442
518
-22
-651
377
-411
578
695
-47
211
564
489
-1839
455
735
587
426
-614
-735
415
840
1120
1062
730
483
-871
185
436
-1200
-844
153
-287
-2145
856
-191
-83
-780
-714
-1046
1136
-436
-589
-156
1205
719
302
127
-217
282
293
734
1218
73
-2698
213
-138
292
1111
386
-1058
-1139
355
1122
-1593
162
1109
1210
167
-1561
1504
1498
1383
-57
112
-1422
-532
331
43
1728
2014
-239
1342
-103
1637
-1075
-1009
-452
-671
-667
181
850
96
246
-916
161
-1524
1251
-962
-1570
-429
-630
-1364
-739
-2036
768
-1517
-427
749
1226
-1258
-500
-566
-1616
-745
96
147
1062
-576
515
-2111
-436
201
-25
-224
-916
-605
-690
-659
210
986
-157
-76
1365
-2308
-364
207
-26
825
802
-678
80
-1186
-511
-584
-188
-1737
-1140
-396
620
-603
324
1619
-2846
1032
62
-732
-328
-322
150
227
1220
1318
-1513
471
-580
218
1113
-311
-104
-1194
-320
748
-671
-387
-239
-191
628
-165
-565
-133
118
1408
1334
-599
-588
-1080
633
811
-252
-1157
124
652
1026
-897
670
-112
-1283
-402
-271
1967
1242
335
-2019
1586
561
-529
-661
-714
1080
-905
-164
522
438
1476
-432
832
66
1671
1696
181
-551
417
-2308
-684
1217
-357
1168
-422
457
930
-1121
244
417
807
-802
667
-1953
172
386
-1082
131
-2044
425
1128
-232
1787
-597
619
153
109
161
-651
232
28
786
-499
183
236
828
827
405
-1127
-1124
154
555
256
-1869
-818
-1007
399
-285
-839
-684
276
298
657
947
-668
-472
1136
-629
1184
1417
-181
-1006
-714
333
-602
-381
794
260
1
-499
455
1063
276
-584
495
82
888
2417
-2298
-567
-513
642
203
-1002
-2341
-559
-751
-371
-364
439
-693
545
-96
-1710
730
-2372
747
-370
1193
-223
533
-137
90
-837
191
-26
235
1046
599
-706
338
-993
-148
366
-38
-38
1023
228
-1279
564
1134
-344
-96
790
327
-2117
-35
398
-190
487
58
852
-906
1595
770
-1322
441
-197
111
-1890
1971
732
1350
-110
-110
2310
-15
269
1291
1043
-10
974
1307
686
-292
-502
727
-804
-404
-611
1071
-167
923
1157
470
132
555
-36
-54
202
1275
-995
131
80
-1246
91
-48
49
-495
-1976
1198
954
-265
1080
731
1019
-53
-822
-687
1132
440
219
1405
523
-1667
809
1822
-31
15
54
1263
-9
143
2082
49
-798
-736
85
721
-859
-1008
-602
-551
1867
229
-176
944
117
490
249
350
1138
-104
1195
871
-1015
-49
679
-813
-1080
432
-1698
-300
-564
1323
909
-118
-348
-103
-250
-49
-1064
-479
1824
517
-287
1229
213
-299
642
-706
320
71
-1014
-347
642
-1569
-1370
-907
223
-856
-878
229
1867
-112
342
79
107
473
1087
-58
82
-277
-1419
-86
-977
619
-928
145
226
37
-1881
1219
-114
358
-392
190
1425
-365
1674
881
318
277
934
-360
-470
328
-2425
-131
216
-173
193
-714
-71
674
1265
900
-578
67
1182
217
-76
-415
763
440
256
-598
18
-404
-633
-859
493
-2048
1805
-439
-11
-858
-872
-1242
48
192
794
-616
684
-74
-1288
665
-680
580
-476
260
-1039
228
174
617
1767
1640
-563
-697
-643
1370
-425
-1395
945
2013
-384
223
-322
-1106
229
-228
1518
620
934
1850
178
-1239
-475
721
237
970
494
-2093
1419
-215
-1195
942
905
1172
-999
258
-179
-635
1402
209
266
-124
703
1047
46
704
952
-1654
-188
-881
-82
1344
-538
12
1254
210
-287
26
-198
-102
-345
14
-127
-1103
-187
-41
-497
-516
1647
930
-44
824
849
-414
661
1551
1115
896
344
-981
406
93
1632
-1162
1381
522
-1190
-1266
-873
-673
-1721
-606
-1821
356
-375
-1250
605
1737
-333
-898
891
60
-305
1833
575
-987
1177
-262
-1477
-73
-340
-300
588
-221
668
1261
380
-437
-77
1231
-356
-1312
-2032
652
1096
175
180
545
-1284
-86
-1797
375
1477
-1511
-734
940
154
379
-326
222
333
372
-564
74
268
2015
-551
302
-72
-580
-141
229
-1266
-1325
-703
396
-626
-684
607
620
176
-217
-1516
2615
1180
-219
-440
256
2116
526
1482
1153
-313
844
716
-966
-238
-227
-275
-1230
-287
492
1794
326
909
-354
31
1551
-39
39
-251
-1145
723
-1186
-27
-856
81
-979
1037
1704
768
-240
-604
-902
850
375
833
-79
-197
-615
1456
-353
-597
-107
1085
329
2046
-653
-976
-124
-925
1289
-1490
967
-148
1366
-146
1628
478
-695
-1117
-866
-412
701
-491
913
912
-1127
-432
-382
161
-830
820
-1378
-108
521
-160
-1111
1071
-230
319
541
1509
-625
72
155
-177
-129
-658
1214
-28
1643
715
474
472
505
-1107
-534
-133
-435
-965
1447
-519
-551
417
-775
580
-1252
396
-492
896
-1238
-172
406
512
535
12
-78
-137
-440
330
-1700
-812
1325
-1170
-399
-942
-416
-816
-281
1104
-1366
-1212
235
253
463
-440
-1612
-615
-440
-855
2289
508
-630
454
552
-523
-321
1307
-614
-1133
-985
423
-402
-332
-673
1345
-672
-1103
-881
-2309
-898
176
1017
-368
-866
507
-685
-231
-1168
614
478
-89
1659
-1095
-504
-916
-1281
-452
-232
48
-294
694
614
-1280
-984
-1149
-143
-191
872
1111
-1226
1434
512
1786
4
1158
-98
-656
-413
-170
355
818
707
1116
-189
-1330
-899
-83
-688
665
-702
-195
596
-488
-1492
639
1038
-1670
-1166
-974
661
292
-123
231
-1188
-775
-256
348
2036
-317
358
-732
-636
-698
531
-872
-604
949
-1241
-209
55
-747
-286
-1110
985
773
630
1001
-1081
-873
-303
22
350
-630
550
-70
178
-737
252
529
-92
-306
289
445
-374
-1076
714
-741
1039
-496
439
-208
-897
706
-1570
-472
-710
1041
1106
780
423
210
-188
-2005
763
-834
13
1423
-610
93
-265
-843
-787
-1247
1195
759
96
-236
352
937
-298
-1478
110
550
-529
-1186
925
1011
383
-908
524
-555
-209
1679
563
1660
493
-607
618
1360
-802
126
-724
-1459
-964
256
-111
-1247
-193
-1237
-1044
-95
440
-1114
401
-997
207
-247
275
840
609
-1400
-161
584
730
-688
1087
687
-1503
-1328
-611
1202
-475
537
-613
415
669
-909
-1433
686
428
-63
459
-589
-425
871
-189
-1209
2299
68
354
197
-323
337
60
-563
110
999
-498
-82
476
498
706
1987
-395
-3
1548
-892
309
-316
23
1641
274
-633
662
1295
651
-725
-1728
-362
919
-740
277
506
223
-738
-207
1206
1052
-1278
452
51
-515
-1126
933
1178
301
-726
857
-276
-401
-977
-280
-1430
-948
427
603
1599
203
-841
-15
-1236
-252
805
497
73
-1278
872
532
-389
-662
-812
-297
-49
-1176
-526
1159
-170
-594
-1679
705
-2190
205
395
-158
277
-1416
382
-107
709
-1111
220
-633
-1608
653
-486
373
-396
415
389
94
194
92
572
-730
1087
-834
-413
29
-1250
-45
-759
403
573
-1364
-655
639
1235
-1157
414
965
1087
481
-1094
-1201
-1424
-768
303
-89
-870
-521
-1117
2222
1160
-308
1223
-1138
-586
-365
-1229
1
-175
-379
428
-167
678
-420
176
-141
75
436
-527
-428
-1099
-38
-270
441
948
-354
5
2109
715
-1516
-1431
442
188
-1065
111
203
65
-1430
-115
-368
-128
1272
354
-1360
783
-664
196
328
-303
638
-29
-618
943
-871
-834
-865
901
1655
111
-852
-650
22
576
542
-570
-182
52
-917
343
-481
228
514
2482
-357
749
913
-274
-215
-837
428
753
258
354
-13
261
327
1247
-507
-710
-76
-674
121
-66
-275
-295
-876
537
1434
-470
2124
1401
-1168
696
-144
536
216
449
-441
-1084
-826
-603
167
579
684
-324
1864
-954
-251
-24
-77
452
-801
570
1376
