48 96 676
0 3
0 9
0 40
0 44
1 22
2 17
2 40
3 16
4 26
5 7
5 29
6 7
6 22
6 25
6 44
7 24
7 40
9 19
9 29
10 0
10 13
10 44
11 22
12 35
13 0
13 22
13 28
13 38
13 46
15 31
16 25
16 35
16 36
18 36
18 47
19 12
19 13
19 19
19 33
21 41
22 21
22 33
22 39
22 44
23 9
24 11
24 21
24 24
25 6
26 27
26 37
27 5
27 17
27 44
28 1
28 2
28 4
28 9
28 15
28 31
29 7
29 13
29 16
29 23
31 1
31 4
32 3
32 11
32 25
33 3
33 11
33 46
34 14
35 47
36 1
36 26
38 10
40 5
40 35
40 41
41 22
41 26
42 13
43 13
44 6
44 26
44 38
46 2
46 8
46 9
46 33
47 1
47 26
47 29
47 36
47 38
66
4
10
27
49
70
60
55
82
26
28
63
52
54
14
78
9
91
50
12
89
86
25
6
13
44
68
77
58
7
24
30
5
71
8
18
85
56
39
34
36
16
80
33
3
2
74
45
20
67
90
15
32
17
88
53
81
73
75
94
46
76
57
59
69
61
37
35
51
84
43
40
62
93
29
11
22
31
0
19
64
65
83
42
95
41
21
79
1
72
47
23
87
48
38
92
115
428
-1221
419
34
56
-318
740
-246
-673
414
236
957
-535
0
418
-746
-590
-46
-187
274
-300
24
-220
-214
1024
117
519
976
248
-122
-1913
-908
-147
-63
-177
530
-580
248
-801
13
1125
-385
-986
-363
260
463
313
194
-2
128
1633
1746
-365
44
-299
92
-489
513
146
1217
838
-71
-286
7
-277
298
368
892
-362
-1183
-573
219
-287
-69
0
-989
-1074
17
141
-630
97
-359
695
-44
-1144
300
942
-418
-940
350
-527
-777
399
57
665
-463
-1301
867
162
-141
-700
-338
27
-537
963
1116
-1320
-85
-965
1773
106
-316
-935
904
115
-647
574
147
250
-888
-274
-299
125
775
282
1091
859
-430
-979
-310
-1213
-74
544
-168
-646
-505
587
374
-543
756
-602
751
-590
-897
98
1063
811
-382
1198
26
-180
-947
193
723
-732
547
-728
-623
-356
-135
1542
641
333
-1267
201
-108
606
-536
-692
272
347
-602
355
-1107
-138
-747
1116
-320
512
-782
44
516
525
-10
-595
542
-92
1337
945
-314
-9
759
-604
-445
1184
340
-1212
-896
336
137
-68
-284
-372
-1475
-1565
-824
-783
-536
137
969
-581
546
523
905
1675
-1350
853
-151
487
48
-490
430
213
-693
-539
149
-821
-248
-1029
760
-392
-280
607
-21
30
896
139
345
-485
-285
622
-1440
310
526
-208
-462
605
61
1930
-830
-450
795
-813
137
-1662
568
-242
-93
423
927
-1060
-591
1020
87
246
444
586
735
-821
-81
-301
211
365
445
-298
316
-937
-605
-917
-740
295
-101
454
800
714
-79
721
268
342
-636
-282
610
23
703
654
-734
-122
226
358
-177
-329
-1547
-252
46
1055
198
569
1924
-558
330
952
250
967
386
-215
-476
-156
-19
-174
-1148
123
155
657
998
-42
-997
-356
52
-534
-463
-420
1251
-347
121
445
656
-254
717
-910
-160
-711
69
-345
-243
-433
-826
-850
-82
-200
-22
292
-408
-909
132
-981
-385
163
-412
216
-139
422
118
-658
739
156
-283
-895
53
-92
-108
-222
-222
636
-44
1210
376
324
1430
-483
357
-1606
420
1263
-484
-561
1108
-311
604
407
774
-578
-358
-667
327
829
-693
-77
619
-68
-319
1227
453
451
189
184
-472
516
74
884
-164
179
-663
-202
-211
877
401
436
-592
529
-615
552
-670
821
24
-531
101
-338
-334
925
-1119
1114
-1
-145
1729
425
204
-1081
-1125
-1012
-359
-46
18
-151
-123
-98
-488
1121
-92
-1310
-491
-1130
-504
602
773
-606
74
-505
-16
185
947
221
899
1075
-282
419
-669
349
-242
-1501
802
20
234
-26
-356
-780
-72
-1138
-284
1121
85
-329
-5
296
-949
-710
-512
169
305
605
321
-594
-296
-49
587
364
732
108
-209
-87
-35
562
278
24
1479
209
465
-466
-82
98
-517
-284
421
-212
159
1323
-1017
-407
340
-500
-511
585
444
-1013
-1256
-24
1264
-861
-1333
-1441
-895
-128
-357
-113
435
-958
-522
-702
-285
513
623
81
472
-210
-1114
331
430
-705
466
50
-283
-616
210
-696
-2064
793
44
736
-120
5
-515
1106
793
1085
-393
964
-238
336
-1000
532
-851
26
-427
-403
4
-335
656
741
-422
-530
-781
215
-788
-252
-717
37
1060
49
-452
-336
563
-419
97
525
729
183
93
-2061
-1351
-124
-353
404
-1021
-184
104
1543
157
-967
-400
635
-587
154
468
-324
281
128
690
762
-151
438
-311
502
435
1002
-134
961
-381
-596
146
-345
-438
-810
-1156
612
-111
-478
-36
223
-335
-669
459
-1033
-376
-471
148
-717
961
710
74
-392
-629
-591
-98
285
-608
821
1302
613
-547
658
-742
-221
-1211
358
-998
-828
91
337
-867
-1150
-955
665
-332
915
-880
-1970
183
144
-1324
-55
273
885
-277
488
-133
-1419
73
-542
-1460
567
1039
-566
-454
-80
37
53
-173
-841
380
-742
250
1138
-91
33
52
408
318
-212
-333
-918
126
-446
468
1072
779
-662
272
-701
-1
-350
265
80
-1513
-260
179
-577
-63
987
-819
-780
706
271
583
-799
-400
454
-869
783
809
-1423
773
308
535
-813
-316
262
896
306
164
-203
-144
385
321
435
761
-1767
-731
-934
389
-2
131
-555
-1069
955
652
-537
-898
175
-585
604
-464
-235
-164
-215
145
21
408
209
-1395
-457
-1082
1111
-296
293
-156
1071
-646
-62
-159
10
-391
-277
545
-542
-154
319
214
464
-284
1292
-444
225
216
-1113
-164
1640
1038
295
1028
-886
498
265
-355
6
367
611
899
246
657
666
-281
931
-372
433
620
90
540
-1593
568
384
-775
-569
230
-198
-95
417
-15
-162
769
-109
767
415
-1236
970
-548
-1139
-727
339
662
208
625
936
820
-349
-455
-725
1313
558
-50
-456
815
-259
-349
676
33
-23
797
128
-205
841
-255
-229
499
-621
-1237
-740
-750
214
1813
493
1657
957
331
80
-654
175
-594
203
-777
681
-306
-651
1215
-898
-215
-1037
-58
-458
849
797
27
229
1113
224
-638
627
-375
1081
193
-1
-206
666
-1176
-409
-277
481
-1302
-572
-596
126
399
416
-509
130
-560
469
709
1057
-650
-1763
-45
537
555
-204
-101
-637
379
1222
-64
584
-1331
-452
-583
-286
-27
-152
988
295
-175
-27
390
98
162
272
375
-2013
319
281
66
-552
174
254
-818
-141
702
514
363
125
-409
71
151
-660
-432
-876
-65
-1070
175
41
-335
453
-384
-111
953
830
-537
-606
577
-478
-490
-308
-903
886
-630
506
132
-126
314
325
-99
979
-457
458
428
283
-478
879
541
91
271
531
263
-743
814
-707
819
-362
525
146
-509
-349
388
37
930
91
943
1317
117
163
736
-669
-619
-26
70
-600
-1795
-294
-437
-843
-282
-356
163
-46
-522
348
-53
238
-424
893
536
912
1188
-619
90
250
285
622
129
417
194
185
1086
-318
57
842
-23
-1047
761
-12
-1053
467
-641
-1016
-508
-49
-890
143
1194
543
-38
505
1472
-884
-117
1522
-194
585
-359
-230
229
256
39
672
-108
-573
-574
-102
-283
379
462
651
-1144
404
-676
-170
-44
364
-1506
504
713
-63
269
574
-191
-1292
-203
-151
30
426
-85
837
630
-236
540
149
-1129
-185
1283
79
-116
-371
-1931
372
-344
-26
-256
3
1270
673
1454
-95
-993
94
557
-49
357
126
-812
593
-960
344
-165
82
-407
-3
-257
-985
-113
679
-450
-337
-597
70
860
237
-48
-79
-127
290
256
516
227
-220
-36
-1192
271
718
900
-618
-660
-453
-327
-430
-149
947
672
570
-1202
778
659
-313
719
1230
-622
42
-1637
-205
-216
-408
-1280
-1141
-693
-425
-300
-371
88
783
615
487
461
368
358
-72
-412
933
-1053
128
-35
552
585
496
-258
164
492
1364
-577
90
903
-134
205
-6
882
-44
239
-1007
1235
470
279
-1128
-400
-919
545
-1182
967
-888
-819
1056
120
-310
-839
143
-855
19
983
403
2096
637
268
-510
-435
793
-69
657
748
-741
-143
-262
-666
-879
176
-180
-355
-503
47
-344
-269
712
142
380
-867
463
-90
191
-1158
165
-85
-962
-701
133
394
-605
-553
-560
-51
52
-775
-119
-651
-444
28
-207
218
275
401
-1339
-470
242
-666
1745
-893
694
125
1063
263
-412
630
353
1479
-1022
-801
-519
1154
889
102
271
67
793
406
402
694
172
-5
131
-341
-5
-18
602
-615
-6
-649
377
161
-412
791
916
-204
-37
-35
270
871
-318
-1055
-341
1027
-241
-326
-677
105
-1213
352
-97
-926
783
608
306
559
123
-556
694
-493
259
-208
-326
-277
733
-505
-589
800
-1060
-991
60
555
484
-7
89
-303
-72
677
942
627
151
970
-1048
-805
682
-12
-716
-372
1564
411
648
-837
-800
223
-612
195
2
-188
-627
19
1569
-332
-655
450
-1007
-419
571
104
334
-235
149
-889
-1765
-1586
599
483
-440
997
-793
-383
-286
-415
-451
-505
698
-603
612
138
-257
-1124
225
995
-511
-214
-386
1220
1062
-21
917
297
-404
-495
-935
-1094
-340
-353
338
-744
126
-118
234
230
907
-1163
0
343
513
-1128
-304
-506
-197
17
-78
-870
-141
239
371
846
299
271
336
-746
349
217
-918
-715
-279
717
127
-340
-1064
235
-585
460
356
891
143
-705
1688
633
502
-1352
1198
291
749
-535
-203
423
-958
-1405
-56
-109
-941
221
125
969
68
889
641
96
59
-275
-23
780
-443
-449
-900
-247
-314
-173
-1177
772
-290
284
-1305
-241
1144
1311
-833
-1094
247
-370
-1358
54
-896
909
502
1211
564
-911
174
-461
167
113
602
747
417
-166
-47
-946
1217
254
319
268
43
-306
1543
-451
1118
710
458
480
352
674
393
144
-53
-1133
-105
218
1473
-725
-749
-1143
-486
-386
-41
119
-316
959
809
362
-7
357
-797
-408
1557
-192
-196
379
-811
846
-809
987
226
159
462
-173
-666
36
-157
362
-573
-168
894
1482
-114
-227
-543
-1987
-568
1102
807
-474
-67
-5
620
312
-1016
77
1143
259
-842
-491
-173
-234
82
167
-565
-776
-231
30
-536
455
-288
-432
1072
-6
471
-77
99
62
-16
399
42
-333
-216
281
-384
-810
1198
346
322
-347
-459
-59
414
-1035
-42
-461
-691
-787
-123
1063
479
-865
607
-595
-548
-755
-894
-727
334
438
633
-336
-752
830
692
-977
912
-966
705
196
-1834
65
-926
-1074
-662
487
669
-518
680
-1457
1120
697
126
-352
526
-370
-230
627
-440
-1452
-304
-784
-757
573
-243
1286
1649
-573
854
116
-164
669
878
691
1346
542
694
-704
-148
-465
-829
-377
156
1440
464
-307
-469
248
-1369
-562
335
-523
437
110
-595
-26
-285
142
-119
-755
194
-1232
193
167
352
160
138
-227
1186
-1139
1123
-179
449
305
-322
-1075
-385
-1
-540
29
-224
-574
-7
-758
-69
679
1506
-280
197
-616
-293
349
1168
440
-639
-1196
-769
263
-645
604
994
1424
73
793
-738
-416
835
1138
-495
-32
-347
999
-175
-401
565
597
-1901
-183
854
-686
208
-1487
469
-92
-222
187
233
831
-501
-320
-300
-513
-33
254
-117
-525
-275
-609
590
-202
37
-444
255
-370
87
-859
1329
-43
528
-377
941
521
-294
320
136
-355
-252
-291
-184
-515
-1585
-372
-150
193
-528
-1095
134
1279
-937
1108
-1340
-414
691
-369
5
-82
754
470
-440
258
469
139
664
-267
-794
-83
-436
-124
866
41
-352
-2056
-51
-541
-688
25
-1508
423
729
738
774
1136
333
399
172
-75
-260
-143
707
-1214
-667
-175
-526
-588
223
732
-1310
-455
984
-77
-957
472
-1063
113
-186
410
36
1220
191
444
814
-128
-657
-940
-670
1121
-720
-104
665
371
42
-91
-414
-929
-750
216
899
413
301
-931
-39
-793
-416
-986
186
-596
205
-319
1397
283
-261
775
-702
-147
543
-215
675
431
-813
-589
1131
574
-328
1612
412
179
-69
-717
63
260
-469
-198
-283
754
1257
-158
-121
-608
-1834
1359
279
609
158
269
818
-155
666
-166
-724
1182
601
450
1356
367
-53
2
671
753
-797
827
-342
-884
-366
539
482
386
-479
-859
-8
394
-44
-413
-815
-329
-449
-183
-484
-233
7
-1490
-259
-144
642
170
-80
1044
502
-736
375
843
-200
-636
698
-510
-491
-1147
-737
-379
-591
309
199
75
-87
51
1168
186
427
590
-21
-1319
-1212
957
-1193
279
247
734
992
15
-1670
780
527
528
559
-1428
-537
-205
-22
280
-347
55
170
-364
-407
1040
-460
123
-105
-421
-540
-137
-1014
-399
102
-404
-532
-553
690
332
-577
1188
339
-47
-28
273
-487
-590
-98
-1705
847
-1173
38
189
563
-134
271
-556
636
73
-361
77
1288
-779
-283
-1047
-777
1045
-105
253
775
-449
318
100
565
-218
258
639
-191
660
-507
97
245
212
426
-164
-749
207
-634
275
-35
409
591
-623
-530
915
1150
-999
735
132
-213
-267
1027
245
-374
-377
-898
1076
-654
-460
247
-836
573
-231
805
-434
-1293
61
-422
-1419
631
-965
1032
-320
281
113
-240
-366
100
1175
258
-1127
132
-385
497
868
823
932
-1382
-794
-157
648
902
-727
-80
-434
-531
-1186
-1240
569
1101
1009
255
-69
-850
-1517
355
-54
1527
320
679
348
-702
-244
-1208
251
-1007
747
1
-536
1608
63
-228
830
-716
400
-806
-942
-604
4
-348
930
-313
-92
-101
334
71
279
338
216
-12
-52
137
861
-978
-601
-804
518
-41
1867
189
-168
-1244
212
433
138
-32
420
-290
-563
-706
-460
-666
587
-618
-902
-59
1314
-1515
184
-523
-738
-222
-453
-158
406
-1860
-191
468
1860
385
93
-361
749
-347
418
414
-334
-1020
1223
-389
-596
575
978
-213
1514
-834
-478
-380
-713
149
86
-31
-712
288
-951
860
1205
-446
381
-339
-1131
74
27
322
724
-508
-348
-457
-220
754
-57
-872
553
-1027
1622
1085
-859
-529
760
-219
550
66
-188
-626
-286
-533
-513
613
-93
-714
-527
663
119
510
162
825
1772
197
305
1464
-747
-370
-28
1397
765
730
-1062
418
-71
57
-253
71
-104
490
-530
1009
408
647
-321
5
183
733
-1595
-630
1317
-224
497
-282
90
317
523
-856
228
-443
942
778
-1350
-569
-1142
1301
-537
262
-21
1382
-72
1281
-1000
1635
824
-206
317
-433
730
-451
-60
540
-959
635
580
216
-287
-356
-468
231
-806
-95
-1309
-13
-374
-1126
451
-790
347
214
-135
-28
1974
181
-297
-134
-59
-123
10
95
-175
780
1079
-826
1105
563
-537
-66
588
-273
413
-226
-596
-780
1633
337
859
332
-540
-497
-504
-1533
269
-592
-248
-582
-926
-55
-840
-560
701
-658
332
699
-1056
-1401
-108
-1649
-865
-157
148
847
-45
-48
-386
-595
253
-23
-1468
676
-232
899
144
-281
-122
589
-492
1030
-1410
-100
100
-347
414
701
-104
573
75
-1585
-894
156
-406
512
468
163
312
-128
-109
-1975
1139
-679
-654
-404
-303
-549
-141
-1044
-522
328
-125
-779
303
-864
304
1244
271
-624
-272
-85
1765
235
77
675
-1110
240
-436
689
699
-128
-683
-194
516
-1249
-486
-265
-197
-169
-931
329
-159
-342
-528
319
-185
108
-540
-516
984
518
-455
639
-125
-663
138
477
407
165
-554
-98
485
596
-598
187
-509
-674
-448
37
959
-1507
742
418
-54
442
770
-592
359
-125
545
-42
-845
-448
-39
-211
-65
251
-1295
-1255
-706
113
-71
141
-1089
213
-209
645
738
-649
-191
-498
-740
-502
-493
-143
-573
1291
-343
-12
-443
-843
621
613
619
238
955
1211
3
-564
-356
-743
497
-730
-247
-589
-87
-189
-319
-623
492
743
-599
-808
231
-660
-1217
-320
-1178
-409
-200
345
293
-104
1291
-79
1114
-654
714
-272
393
-776
-296
-103
222
-512
-1020
-977
-325
-113
-227
-167
310
235
-425
-570
-599
1117
61
849
84
726
526
-386
45
-310
270
-661
622
-109
991
-143
-963
269
-906
-468
-945
-105
819
266
1171
-435
1615
-821
-1005
776
-58
144
-1113
-876
397
-377
514
349
758
-135
-343
-44
-42
1307
-467
-694
226
531
842
-92
-457
-39
609
-720
146
687
-682
-1137
-394
-960
620
40
-1565
-636
1100
-1057
1550
-106
-416
334
-629
-65
167
-1496
188
431
-170
198
-676
149
277
856
1533
-22
-414
200
-527
638
-263
875
-463
-750
852
1549
229
-473
-933
795
289
153
381
1232
1661
-220
112
-213
594
-1217
-1052
1871
-328
187
-399
-148
76
658
-225
638
-600
-887
1026
695
-914
-1371
869
-883
202
-397
674
-378
776
903
227
-470
-1138
-1992
62
119
-85
-11
-419
1046
-221
892
-857
-42
591
1226
-461
-131
-230
-385
-136
-1677
139
1121
853
-122
34
-1831
105
1241
855
-969
812
-36
838
270
905
-1525
752
-90
-740
1612
723
0
-220
607
1640
-443
65
-2508
-1338
108
890
-128
30
1847
248
139
-225
445
612
-310
-832
152
-1445
39
189
-929
302
772
677
-421
-746
666
-283
129
586
542
658
-51
-1155
92
54
-142
119
1047
1498
-511
641
-341
889
344
-519
-60
498
67
1044
-193
656
270
54
84
157
-208
558
85
407
308
803
-48
-3
-238
-656
-59
-178
54
-831
-625
673
-666
864
-2
1329
519
-696
-359
-589
-569
-446
528
19
-1029
-380
-138
823
80
-129
-523
552
-432
-394
-436
355
-1402
71
108
-484
1086
167
-48
673
271
-230
454
-569
-63
-531
-798
-985
34
512
137
-109
64
53
-32
22
-551
-752
-95
969
537
-313
-141
71
-201
-260
-167
-1478
-1032
899
491
521
586
595
390
-444
-207
-626
540
691
-1162
847
1022
-231
515
-893
68
631
-543
571
1483
-529
-1263
547
558
727
-645
280
-15
-21
-361
1042
761
-238
-275
-478
-608
1165
-612
-507
-511
68
46
522
812
399
-648
-313
-1030
773
1182
129
211
658
-237
1222
937
896
-271
-655
-1714
758
-561
1567
671
-739
-225
-1058
-150
-1247
239
-96
353
-394
605
-772
360
1460
786
-878
-1455
-225
297
-445
1413
151
-81
356
-1462
-358
-80
-173
-704
74
-1735
300
-987
471
-407
322
-435
177
517
-1018
-809
-613
426
348
52
-233
773
-1080
495
791
-205
-76
-368
626
318
-233
-449
601
-718
-428
-208
-505
-784
491
-1304
9
1501
267
-252
296
103
-1325
758
71
-149
1270
250
645
-1283
-383
-285
548
244
-446
-485
100
467
-283
457
384
-294
104
-85
-259
109
-248
77
806
212
301
-907
-805
-1748
58
1208
-622
639
-546
679
707
973
-443
272
-874
-391
-685
841
826
-94
-279
640
126
589
-385
20
173
763
-298
735
175
-144
-597
-739
207
517
331
-26
427
-1256
1036
-48
1167
-6
-474
538
-1051
193
-1177
1590
110
-316
747
246
116
-1234
-946
-73
638
868
407
1461
669
-610
-161
713
-191
-552
-664
990
-746
71
94
1425
366
132
-62
6
-679
-162
61
190
1505
723
-368
260
-969
223
1692
201
349
-168
-363
411
-153
84
-173
277
72
-468
380
51
-133
238
229
-1062
491
401
1479
224
-703
-1029
101
-1080
-59
143
-53
321
1486
161
-565
-55
645
-1038
-433
450
-294
-665
-633
518
565
619
25
210
-208
349
-477
41
772
-74
-378
213
849
1317
-219
-185
-851
-396
1047
147
163
123
1469
-143
-950
-1314
-251
-146
88
983
-1107
-924
-192
-50
186
489
-148
-780
-603
273
-88
-239
-974
-96
320
-596
331
-1021
-1015
-1644
240
744
111
131
159
-30
-313
-27
208
-270
219
883
-901
-944
-54
162
810
-535
26
143
-274
1265
-201
294
224
365
-455
294
-500
-330
676
-216
-158
471
975
674
901
-948
769
24
-430
-1138
590
815
-392
-1073
1448
227
1269
-105
-20
170
-544
1127
158
363
355
354
321
-139
-930
215
109
-367
679
-926
1285
-1421
-1167
-788
-516
-207
326
-615
1445
-797
-126
883
-295
386
260
-82
415
10
252
-64
951
-350
380
-187
64
1128
-795
-1577
-403
4
228
6
-526
-619
-140
324
431
375
1009
-804
-803
763
189
-1098
-186
-147
-204
-474
285
259
1328
742
7
-742
334
210
-607
-1233
-193
-415
239
926
728
368
-25
450
-1111
-276
626
-361
227
916
-547
-1406
314
-709
842
496
1260
-101
709
227
-1614
421
188
1316
-20
-2743
-439
395
191
1787
682
80
-191
494
1198
216
-681
167
596
18
-736
-846
-669
404
-300
739
-278
486
434
337
105
41
394
128
-352
-191
341
-1220
-399
-703
-178
916
-807
252
1422
396
-164
107
32
-559
-204
418
62
1066
-171
36
-432
-567
-138
204
225
-575
-130
352
28
-147
191
-309
206
212
-204
794
100
-723
-159
-333
986
-384
-170
-350
332
465
-277
-499
203
496
-313
1987
-595
360
697
-788
-813
137
-168
-48
1140
-244
-1031
-621
1002
922
194
-100
-469
176
25
-941
134
721
1459
-164
-213
-265
-1120
232
414
-387
60
741
886
-219
755
-159
36
1075
-310
-429
-111
-1027
147
429
-625
1299
-611
-540
-41
-9
678
13
-380
-214
353
-831
-1599
-286
-839
1375
889
-16
0
-22
733
216
-1171
-283
756
254
745
-216
-624
-237
-605
1053
-169
-404
190
767
-444
10
-176
231
503
207
-17
668
463
-239
-467
636
314
1078
106
-514
-278
-238
71
-1303
824
680
-773
-302
-504
-226
196
-868
226
-251
267
463
593
460
1329
1487
646
654
413
-2
397
-191
420
573
-1005
-298
-150
87
189
-129
-126
93
-280
-153
94
-468
-356
345
18
-6
-1110
960
1190
261
68
532
4
744
317
299
-305
-419
297
259
100
301
113
828
72
-626
321
1397
-43
-179
214
441
47
-404
90
847
221
-835
649
-146
1261
120
660
214
69
1120
-521
398
62
378
679
618
224
192
-756
-539
-802
-853
-744
810
717
575
-503
-790
-40
-1258
-279
-232
-91
116
-363
-126
516
480
28
-96
789
808
151
1121
166
595
-733
-323
-748
748
434
-277
-47
-477
283
150
-1784
273
67
634
-3
1768
323
-372
239
326
1658
-1103
969
-148
-167
1265
-378
-740
-1620
-1268
-1054
195
-373
-591
-533
-724
-1295
510
968
-1261
-118
-170
1160
-197
-1565
-436
228
-367
791
-492
140
-434
192
-900
-806
413
883
1039
-1098
594
1058
169
-915
572
-247
-918
89
-446
404
-125
-454
-310
532
-798
-416
-116
-525
-399
737
-1576
-203
84
-581
-158
-1080
177
-1022
1756
-299
380
-302
-292
-173
264
-277
493
-490
-272
1173
-158
-1379
1668
1025
1465
635
-308
519
114
-542
-391
-613
-1011
177
473
704
1847
420
73
443
59
-243
384
1398
1295
900
-633
803
-535
72
406
736
128
-54
207
-411
846
627
946
1089
-1151
2
-394
473
81
730
162
-1157
-203
956
17
-106
2167
178
700
-689
132
865
-961
-819
686
990
1112
-5
-185
-34
-29
-320
986
771
66
-711
-229
787
-302
990
-111
425
456
-647
-959
-683
1028
-720
-212
376
16
1076
-520
-548
-558
-82
-304
-638
981
56
616
96
1018
793
-602
-1179
-971
1247
547
206
308
-85
-285
-1036
-39
-226
-905
175
-914
995
1078
1
108
-579
-916
-724
-716
-636
-736
175
-322
-818
-91
531
-5
84
478
-423
-303
281
-455
93
-1182
481
101
-156
-431
183
-494
-1119
-456
22
-257
-605
949
1140
381
-59
1020
1042
203
-1041
-186
-1183
416
919
-3
-132
346
-664
-83
-107
-983
-373
-809
-480
334
654
-335
248
-99
-182
-428
-461
436
-55
-353
-324
-85
-318
-860
394
-1032
-1127
-523
1078
-156
-168
-117
-641
-290
-783
78
-41
-168
-179
551
-266
808
-375
-208
351
-751
393
-237
90
-310
-1658
-1552
1460
-103
-372
-636
199
-460
-384
-205
-377
343
-1167
710
-670
-763
468
-680
905
-306
-146
-1261
878
-409
-292
910
631
-84
-184
-412
-1648
-249
-538
-923
-139
1191
-699
1571
-811
599
239
-38
-95
967
-318
466
566
-17
539
-661
1074
555
-453
192
174
865
634
493
407
-427
186
783
-46
320
1
532
-202
-384
-616
-712
-718
1004
-46
681
1219
-84
639
-531
946
1030
910
-1104
343
-501
369
-67
-373
-146
1342
-560
760
665
545
-600
191
231
-1328
-47
571
239
1067
-122
201
793
181
-1090
-1107
978
-235
-50
-2055
-127
97
108
-576
-79
-103
675
697
-1001
-150
-1239
761
-1715
596
472
269
-701
726
-1275
-325
1043
-473
-127
-929
-643
-1013
1060
-53
1075
-320
-984
-839
-804
921
42
-540
-652
-557
-436
-985
-122
-1132
300
-20
1233
490
129
-512
-19
-204
-135
-232
572
-258
-1132
323
-734
1241
-477
-543
-39
-720
135
362
-214
-190
320
-363
973
-234
527
-216
338
574
366
-562
95
105
-1072
1050
-105
928
-904
526
23
-625
717
637
-993
-1454
16
69
275
-283
-440
140
671
-518
785
464
-35
-706
-887
629
824
597
-284
-40
-800
15
-134
232
555
-136
-776
-189
-394
79
-1260
92
-738
-492
343
-527
876
306
1679
474
740
182
861
-897
-481
-41
-266
623
-587
-12
-917
326
-286
529
-554
-661
-102
-1252
-946
-114
-513
-834
-19
-594
-778
-526
430
677
-82
129
644
735
854
-385
293
-737
1183
533
-1254
-406
787
-738
862
-31
850
212
995
1601
-37
135
-375
-162
-708
605
155
315
-1317
-80
198
139
1181
350
495
302
112
-83
712
346
1922
1273
365
431
-542
848
-341
123
-189
-57
200
-1034
1077
-26
766
496
646
844
647
356
396
-1385
208
-265
243
-23
739
1074
-2130
445
-162
-717
-233
568
29
-171
-360
414
-571
117
935
1287
694
-480
1073
-414
1022
-554
619
-645
1517
675
328
-263
182
862
-789
-112
-564
1085
1448
-1042
-1366
-1393
203
285
-56
-146
478
-95
-314
-1401
1961
-385
-356
-17
167
198
-509
-840
-242
806
1256
-494
-482
-9
-370
-56
-51
-611
-165
287
95
969
214
382
-89
-57
471
514
-756
-158
-1285
-199
-1239
1457
-562
480
-974
-786
197
-960
-332
-169
291
-943
286
975
599
215
-112
-734
580
1564
231
979
1416
1392
-162
480
-657
-340
936
379
-643
-511
429
-375
407
-222
30
30
314
499
-183
-1648
-146
-1247
484
48
-287
-134
-315
685
76
665
-455
-434
8
-967
-774
-93
120
-687
623
-31
915
1346
657
72
893
1009
518
-617
-419
1038
480
198
-478
-566
127
-1411
-854
-942
-438
1343
1151
1537
-673
-222
386
16
-185
-487
576
798
-228
608
-791
251
-392
181
175
-633
-372
-105
-539
163
-323
-585
779
-317
-459
418
87
-635
-406
-451
170
1334
-324
-493
151
-443
726
284
-364
433
356
-956
467
79
-988
654
1240
-545
-144
362
594
-320
-272
1141
631
163
493
519
-57
67
-738
1404
-96
-794
670
-579
539
497
599
101
73
532
1223
-839
1202
330
-279
151
355
361
407
649
-427
225
1110
-30
-13
-918
797
448
260
-324
507
-614
387
-480
807
-435
274
281
-144
67
-59
-411
746
723
336
-724
-319
1158
-691
303
166
183
1300
-941
-205
715
1083
-184
-10
-429
554
-453
-599
-259
-758
180
-474
-1054
602
800
163
485
-89
-733
860
502
278
738
-360
-172
-942
-625
-399
-1053
-531
-722
-998
80
-312
-81
-336
-569
1227
-970
287
1532
-64
-52
-583
392
206
671
333
-28
-341
-367
840
-126
795
1422
-1203
-265
102
-459
161
-674
-364
-500
-672
-1146
1047
-1068
296
306
-171
-974
119
290
-168
164
208
858
44
563
-745
377
-527
1327
-694
-1254
498
417
-15
-1051
282
-730
483
226
-152
-51
-36
-582
-1336
114
-1488
894
-456
-280
825
409
296
195
-9
334
741
-186
-472
294
116
26
-10
-303
-939
1453
663
-381
1346
-571
1295
-1095
-835
-133
131
-193
-768
163
724
-665
-137
494
342
-439
737
-53
-15
600
124
-247
714
-169
-872
-598
-309
185
-169
-632
105
-129
-28
74
-780
853
1110
-1280
27
-976
-1776
-1677
204
760
228
1256
-324
-757
162
591
719
338
198
-917
467
-617
373
-720
654
37
-259
1632
-336
-524
-532
379
-154
495
-360
-272
1054
157
109
720
396
-1407
156
-396
-170
227
-1348
-824
-444
-34
759
-116
139
-90
-226
83
-355
653
-811
523
115
1239
-716
122
249
756
-267
1095
-365
-1115
99
-574
-329
764
-1195
614
-280
-653
-1002
111
835
-188
575
-787
-230
1275
-99
343
871
287
-559
1566
1568
6
-466
-354
-937
-281
-895
304
58
-390
47
-257
-419
-24
-573
1083
1299
-485
-763
-122
-182
1454
582
-364
-1482
1548
337
-657
56
-1043
-448
-320
354
509
-397
-259
-1146
-147
-478
165
481
-1501
663
-160
-441
442
-558
-925
-250
-655
-443
-838
-129
201
-672
-997
-624
662
-198
1092
-23
135
-243
-131
102
-208
-807
-503
772
-177
-470
-509
659
-586
-85
-156
334
19
28
-351
1698
-342
1030
-95
145
703
-740
1442
631
-1216
-394
-131
-1183
4
299
605
-1283
744
154
-423
-241
38
1677
-252
-733
-500
-1352
514
-196
-714
-617
49
-355
-115
-619
318
239
269
-1345
138
332
357
-201
-805
-709
929
307
-189
144
-649
347
-313
1314
182
-350
63
1168
-297
884
730
-390
456
47
405
331
-453
116
1606
734
650
980
-481
-41
-1300
430
446
663
2067
507
841
-504
1033
-129
166
291
105
-79
17
28
-642
-135
-25
267
-464
970
236
-621
-93
899
-1059
-388
-871
222
-370
-889
-381
-10
-25
1200
-715
-1156
-7
248
-186
676
-60
786
261
1842
16
500
-1186
93
595
158
-464
786
1004
262
-481
-727
229
-619
500
612
-87
-511
-13
-46
-102
-201
160
40
1186
481
-478
608
-597
453
573
773
-195
329
-1172
70
-127
-356
-1631
-758
-76
-325
498
178
-204
970
388
-477
-1029
690
-376
54
761
-834
-331
98
61
735
-274
501
430
772
-925
-1017
286
40
-21
-230
-411
255
659
139
-664
300
564
584
-558
465
313
524
1438
-143
325
594
-198
108
-559
-1120
1020
-801
-426
438
-185
566
1685
532
767
940
-1285
557
734
-438
-135
-337
-305
-154
-861
-361
-767
23
-1069
-261
-636
-140
349
-124
-394
89
-388
-285
-1665
891
-1266
-289
-817
-502
-515
1308
-544
-532
335
893
333
-796
656
-1051
630
-59
-76
-1088
367
1048
286
735
669
-446
-462
1093
531
408
-65
-763
298
-617
195
-814
-37
72
-283
-419
349
-649
-787
98
-412
28
-475
1390
84
276
390
-25
490
245
-556
1356
600
-468
-259
-476
746
-5
49
-1031
666
-219
491
-327
395
1155
-362
-1259
974
784
316
496
573
-157
-609
292
-582
672
769
474
-729
-187
-356
-753
1031
-293
-777
-943
940
971
-884
548
1018
-598
-9
779
679
31
-797
-628
-713
818
-357
-662
-102
981
-1059
-2368
-1187
-1100
1113
-475
-657
-10
-898
-276
-1061
10
-970
1110
-2059
165
-68
-1861
442
-232
-814
-350
298
-164
248
-248
-149
-460
-284
-473
-560
-719
12
-125
657
-486
386
1
-26
411
1106
779
-361
-511
-32
-41
1311
185
-32
-1266
-148
286
-150
-22
-671
-1079
-603
150
-549
668
473
-1735
185
-233
501
-579
1805
-600
-228
-394
-347
1422
453
114
79
161
-328
794
-358
475
-1345
-393
-1782
-104
462
-837
305
-357
-205
231
779
1354
1385
-154
490
1102
676
716
-649
-72
-159
-225
853
-199
596
-360
-65
634
-127
-1654
841
624
-11
-407
1201
-762
396
340
502
-974
1011
-423
-81
-320
-368
864
686
4
646
57
-355
-57
-516
-390
105
-975
-339
-985
112
-64
981
-1462
1053
-71
930
975
139
-364
-42
781
255
-430
-350
294
1042
-89
-627
-352
868
1056
379
799
-1310
250
1124
107
143
924
398
1264
726
354
90
-40
-475
-190
-1208
862
-436
50
-329
-1023
418
-339
468
-98
67
-186
-337
-719
-134
1239
-275
-800
532
-208
905
1202
248
-497
264
-816
-537
502
848
-327
-382
1010
-1514
1116
896
-1032
356
58
-1000
1142
-923
983
1113
-635
-1272
-366
962
-530
154
-17
380
-1539
-542
244
119
536
-345
-1723
572
-1417
-932
-484
-439
-937
478
962
-335
-264
-1415
1441
-237
124
-110
-24
125
265
511
-1266
876
291
-103
-394
-822
204
660
499
-779
220
1520
-610
-262
491
-137
-492
-777
-1513
2
-436
-894
-528
601
788
378
64
823
446
388
-144
-144
-289
50
-723
894
677
347
891
668
56
57
736
-675
-575
-425
-811
-237
157
-390
1144
607
-255
-816
595
1217
-661
-910
-143
199
-31
-376
-624
-546
143
814
493
-333
497
-36
-311
-1414
1
-453
-516
-1098
84
388
606
-508
1299
-403
-353
1517
228
598
-500
-797
385
110
1184
-633
337
-108
-465
624
159
381
52
324
531
236
1186
287
-142
-869
1455
615
-457
-532
-20
-742
-144
409
72
-155
1074
-156
-1497
-114
427
-125
472
-873
751
-431
-1255
-333
366
259
217
-21
-467
-695
57
-680
-1478
-52
1559
748
12
970
140
227
-1000
302
-72
-39
554
85
265
232
-465
-998
-916
146
-947
-538
-515
-54
774
710
-229
534
1044
-337
-36
412
374
857
-469
692
-681
-1233
480
-362
449
-179
413
-515
-1662
-1577
-383
57
-298
-1010
-375
329
510
-84
376
-468
-307
-86
1033
722
-53
590
67
897
-792
-185
1127
200
-520
-370
-249
347
96
-1112
235
-756
-492
236
-1003
330
710
-56
1496
-185
263
804
-312
6
1005
-780
-585
454
-495
25
72
-253
-774
1145
-119
189
335
-140
-78
-1107
-168
381
329
-1037
638
-63
-1278
-553
-825
-470
637
-935
1071
1298
307
430
-400
-822
-204
808
-799
263
-843
-434
244
-260
275
200
714
-230
-894
241
-55
-90
183
575
297
-840
247
424
-626
-431
564
791
390
-1290
536
546
583
-117
679
726
679
167
275
628
-511
-247
1579
1631
-788
-71
-160
868
1047
89
-1137
205
478
1069
-325
1192
-1015
-610
-46
-24
859
882
674
-450
-897
885
555
182
43
1111
-842
207
74
961
1110
465
-288
-90
310
1006
512
1370
-814
-391
1411
-1517
496
457
-577
-484
-1003
-296
211
-1015
-209
-735
-1168
672
1113
-594
-623
-1529
-745
-518
-79
-627
693
172
204
220
-207
-807
-29
42
748
695
-270
-260
517
-282
-515
-503
287
750
780
-71
-78
360
-1284
668
407
682
-1256
897
516
205
-325
215
-42
13
334
-1383
-716
1176
426
-27
205
720
-246
-223
5
-2
311
252
134
-328
371
1055
1328
799
-112
-227
-103
-1023
-412
-380
355
-173
-268
1079
587
684
275
-391
-329
-24
667
-740
-611
1005
-392
-569
-704
-304
1443
1262
-492
129
915
937
-1357
-388
173
-454
-108
530
-591
-1504
-690
-100
331
1540
-412
326
519
305
351
202
-723
1565
-472
124
-558
533
-282
858
-5
-142
-140
-1372
-1325
245
-247
-557
280
-128
-1129
1391
-584
-234
-662
-418
1181
-371
-208
-621
494
613
-351
-291
13
535
31
-400
603
-144
-102
-1882
-1536
754
-35
-792
427
353
-31
405
-851
828
-535
-889
-772
95
332
1204
-68
-487
-779
827
-488
-6
-537
-130
1058
-644
-563
-355
801
-714
1154
856
-99
415
-435
644
410
56
-636
300
-279
-569
592
-668
1116
-1147
681
487
-234
-426
-696
-1040
717
-213
-730
761
829
-529
-96
822
-336
-540
532
52
720
-128
-763
1011
-678
174
-834
197
865
776
689
-292
-161
-1183
-1099
-323
-92
-1922
322
665
-829
161
-479
1626
687
496
181
-716
-269
613
779
620
1385
425
-423
1038
-31
-465
-654
1064
389
-898
189
-294
-270
-69
-799
83
886
1129
-681
264
-841
-564
1208
290
-399
52
707
-73
330
-613
196
278
-286
-869
-631
480
475
-332
500
-567
-52
1480
-354
91
468
-330
-776
515
539
1011
-1346
-200
1113
744
780
-276
-617
239
431
312
395
121
326
733
375
979
1226
830
29
-1187
-631
737
-247
-286
1378
-513
-851
-34
71
533
559
-512
-1469
-120
602
-131
425
-692
89
996
120
-151
-162
-195
1025
-23
-248
111
143
-1038
-115
-25
34
1831
-455
1322
464
-715
1559
451
-205
630
-556
800
-647
-815
739
11
-408
1165
701
1250
-442
988
197
886
1039
159
-12
-640
-35
123
705
34
30
707
-66
-214
-1072
1077
581
896
-455
826
-143
-713
-84
-212
206
378
-18
1530
-874
604
-251
-149
-761
978
405
-729
644
-417
848
-469
-554
107
-384
-210
-327
579
-53
10
-135
274
536
528
-89
-111
283
547
-723
-606
648
-719
-749
215
971
7
655
-365
776
469
570
361
384
-46
-140
569
996
-971
727
-749
782
298
-1054
-698
-906
1271
-1083
-78
191
11
-3
22
-43
-234
63
234
-853
-1073
47
506
1094
857
658
1172
-277
81
408
-1300
356
-341
-904
-169
-239
17
-329
852
-645
379
-889
318
945
373
-102
1241
232
-197
362
502
-420
-355
192
-650
427
1026
-151
642
-414
-64
-530
-889
153
-1048
550
245
-1353
-510
-659
-14
377
622
200
186
-556
-467
-28
-275
1196
395
-568
664
-140
335
1387
447
426
1684
770
1550
654
116
850
47
1530
-406
117
-397
-1159
630
434
-712
66
-837
-472
-144
283
998
438
1100
96
-269
91
-351
-37
-265
380
-365
508
-254
-140
-581
487
168
1094
1061
261
-346
-425
-370
-363
-654
678
-634
411
173
939
134
-411
-920
537
-803
-306
-613
-362
38
-1411
791
-1084
-229
-681
226
201
-71
-306
888
-65
770
60
47
577
219
381
-756
709
438
546
-310
920
603
-851
54
967
-211
392
1256
-238
-692
-354
229
1398
-625
-385
250
25
884
-1449
-182
-290
48
665
-139
-301
286
1168
414
863
158
504
-702
-728
408
242
-126
596
639
653
293
-251
354
110
705
224
-568
-798
-1176
323
353
538
-527
1299
400
17
-803
-401
-35
-993
293
721
-215
-1074
-194
-129
705
-300
-254
-757
-850
1608
-752
-59
1058
-97
-234
-264
-486
60
-733
-871
259
998
-944
24
-244
-925
-600
908
46
1132
839
664
-308
-770
718
-841
-916
40
-25
1455
309
356
293
-4
481
1126
-1226
390
99
-540
-74
-1037
-650
64
467
-836
-259
-95
10
187
-1369
627
-1049
670
75
115
676
-652
79
794
-405
-471
-595
-637
-497
-16
-2058
-488
-85
434
253
225
270
94
233
-348
-523
-817
-55
-376
-813
-1059
315
609
-83
-957
-23
318
136
-1036
72
515
48
-363
-1693
593
-341
-52
-1508
-304
-554
-1064
-671
-159
635
269
844
1354
-787
-175
1180
-1110
569
1398
128
-24
814
-507
19
473
701
409
-614
511
-1181
-116
-1175
-1288
-845
1553
724
234
-532
45
343
40
-72
242
-434
508
-497
-4
-967
-197
757
192
384
-880
126
272
40
406
752
-954
-769
234
1525
-884
730
-700
-13
365
1600
488
744
347
-268
-745
-897
-196
-634
62
-1442
-189
-486
587
99
-471
-695
1556
-30
-120
-278
315
19
216
-609
-817
516
-1412
349
319
-61
130
-181
-185
-1327
-757
78
1349
-578
1204
-939
337
210
-158
-407
-718
1646
-1332
-173
384
-19
-1351
-1121
-479
-1011
995
-7
-601
-1039
658
-1015
348
-243
804
-884
732
-93
-179
643
358
-511
90
-373
722
-422
-691
1230
1755
84
-346
598
-1691
286
351
-854
-817
-1474
172
-800
650
-653
196
-173
957
-1353
1494
-23
1875
55
467
709
-1528
-107
-231
-293
910
991
-757
242
762
-566
164
-394
-434
-102
1286
-137
-118
208
273
24
-971
-494
-306
1529
700
-31
-573
942
-98
61
-101
633
702
-357
631
-630
-398
-966
1101
164
-161
94
-118
-1321
-222
547
-362
-125
246
-536
-25
-422
-446
-97
-160
-134
811
646
-956
330
1185
-1334
1086
-643
146
-453
821
-343
-815
-84
-1161
289
128
1062
-286
501
-12
-849
479
1719
-1114
-55
435
1166
-954
695
976
784
680
-176
-592
-394
-124
-56
-433
-224
-280
871
12
123
168
656
-856
186
123
-440
547
-313
203
-496
-60
742
-103
-465
413
-448
564
595
-430
-817
582
-923
828
152
-616
-134
640
-314
84
-1269
-1095
-196
-483
-446
1164
1090
-192
919
214
-430
757
-621
-310
781
-768
-1499
-648
597
1316
-879
543
1412
-459
1390
703
69
206
-871
-468
-1552
328
-407
-624
174
908
286
423
-1760
-366
259
-387
954
-263
65
-1429
-710
810
-751
-1114
-68
545
1148
-94
1249
-589
837
42
-361
494
1214
-187
581
1007
-201
443
-41
563
-127
-614
914
477
458
-542
-14
-797
-1341
408
-1523
-260
761
-119
740
409
596
-218
-202
71
309
-250
-249
348
-1004
-193
952
-763
-1233
-583
440
-64
-914
-150
1054
-299
27
-412
214
-1110
-326
143
-876
-264
852
-375
22
-61
-1282
454
-800
885
-654
660
-619
-141
-110
-832
-126
329
-1063
-511
578
458
1296
-574
-536
355
1438
-692
350
836
1361
1092
-690
-553
-265
1333
368
1756
-95
-252
327
389
-929
568
-570
-1358
-144
-367
-139
30
-5
982
-375
-698
-347
48
-181
690
-54
101
-978
-675
-375
555
811
806
-68
645
259
-745
784
95
1368
-702
1048
31
-1353
-974
689
-660
-206
-963
817
-738
-980
-1003
-647
627
-15
-154
-56
609
862
-576
-1917
215
280
-39
211
-97
-347
226
497
1786
-162
1352
163
476
21
-540
-416
709
684
22
1019
10
-282
-1623
-671
-758
124
-388
-81
-309
1805
-709
592
1271
-115
-424
-810
11
1026
432
456
-95
1017
532
-1083
94
-251
-286
545
245
-1436
635
-684
-372
51
-453
742
1118
468
469
-540
147
-1001
314
-332
-271
279
-448
-649
871
754
257
437
709
-419
-268
344
1388
-528
1260
5
351
-993
240
-697
-532
-1276
-238
-119
-185
838
-393
-1764
900
198
637
137
-84
172
430
236
442
-660
316
1746
860
-514
-893
-1136
-87
-1506
-383
-127
610
469
-473
902
-868
-151
156
-63
1104
285
-239
-763
1307
-1012
-299
-290
412
1052
-4
-318
668
-601
-225
669
-1400
-947
87
-1759
-616
-198
276
-290
-229
1114
-229
-330
100
-132
68
-616
347
-942
-579
-166
-721
173
648
-526
56
-915
183
1052
1050
334
202
36
705
284
-462
-1429
678
-69
-243
205
-105
-542
-279
1478
282
265
-309
-456
-511
-175
69
-332
-411
-403
124
840
73
583
-431
618
19
385
-771
835
398
133
-1132
75
313
-927
189
295
-1223
481
16
21
460
631
845
1346
1009
-956
-883
145
654
462
174
-50
-956
-740
-180
635
458
372
106
604
586
240
-275
-115
1537
-149
-246
91
-191
301
917
-296
922
-296
-1415
836
406
705
677
-844
-1631
360
-206
988
800
-623
-438
-206
963
-77
-463
-344
-928
271
436
377
670
-902
21
564
514
-536
-1042
587
-1059
917
131
311
543
19
133
1018
-728
-82
-804
-382
487
287
-502
-341
796
-464
-116
-1307
-384
397
403
-29
835
843
220
-324
779
479
84
709
483
370
68
697
1431
1422
-95
-937
36
740
-71
190
-104
97
97
-434
1568
145
-1011
604
51
-137
-855
-297
607
-370
74
608
-211
899
159
188
-181
-396
571
-106
-458
-773
618
-464
527
1772
-139
233
937
-5
115
47
-81
307
1287
-739
204
101
-721
1033
-218
-739
738
-413
262
-807
-305
660
592
478
438
-1336
-613
178
-431
-4
-157
-317
995
-1683
1634
-591
587
-233
206
-794
-691
835
-88
442
876
-797
169
666
-401
-760
-517
346
-548
736
-156
-293
-905
27
-681
1383
-58
-491
-746
-475
163
-582
-858
425
-114
-732
927
1068
314
292
-649
-304
-213
-610
-103
572
258
-650
-246
-357
1343
1143
-530
433
-523
518
-218
298
-1863
1045
1305
360
-1564
-960
383
-648
245
637
-127
472
-169
443
1332
-405
-176
44
-590
-1508
-754
62
-553
213
-571
-616
-293
-336
-766
159
-1122
43
-469
416
811
311
577
51
1397
-1030
-561
-1315
-156
-1437
-521
-246
-835
-410
313
45
-778
731
-1101
-600
781
-857
-45
255
-841
48
119
-742
-651
-13
-220
478
-80
-1206
532
342
475
-778
371
-383
-475
-814
444
-1034
743
-226
-649
-136
-118
-176
-490
-469
393
1087
-715
-42
-208
120
-312
-171
-20
-6
1119
1879
18
135
-507
-452
-69
-645
1041
693
1878
-592
654
789
-367
-983
586
-571
-1035
384
-1238
524
810
226
-896
300
-579
-86
234
-433
-287
47
-944
586
-178
-1131
-517
-467
-147
982
593
88
196
-405
-1548
-515
153
336
659
-289
137
380
1006
281
103
714
-847
160
1385
921
-605
789
662
-345
584
88
-1729
-300
-251
-278
-153
571
-1056
102
-151
-371
-1002
31
920
636
590
98
-796
-352
-105
-750
814
243
-873
102
141
-31
-80
-1038
252
423
-28
-1099
273
-276
-157
1176
-502
846
-390
-39
744
-1728
404
-708
-745
-650
-190
-1174
-207
-193
-541
-1135
-309
414
146
649
-320
-382
826
117
-493
-590
524
-660
-377
214
-395
-359
-503
188
-1008
-208
-387
565
-227
-1310
2229
-1559
-291
54
-394
494
208
-97
328
-615
1189
134
-1332
960
-53
-360
-1075
-406
-1443
790
-318
845
-655
-224
259
-227
798
-720
127
-367
405
228
688
-431
73
333
618
-530
40
1116
-145
-598
337
549
-93
-512
133
-301
-338
-739
166
7
-1032
-836
418
404
70
214
518
316
1888
286
-60
1133
-127
430
1172
775
-165
-135
-1264
-34
34
-853
-312
-424
158
707
-137
189
-463
164
1485
-645
-1040
-57
-237
229
-258
304
-606
395
-898
-926
836
671
1534
-540
1064
-518
25
-775
400
874
902
450
-1217
-483
352
373
-1381
1182
663
311
-81
-22
626
-69
209
967
-421
739
276
-9
259
658
286
113
397
-354
612
95
492
-101
-874
-1095
217
-13
1004
177
220
804
-114
603
340
-143
-217
-201
-598
1170
117
-711
-100
-491
-1229
915
-689
339
189
402
58
-319
-95
-728
-253
-203
84
-311
1408
-511
-812
-616
-1040
593
-297
-218
758
-721
-2264
258
-641
233
758
-424
635
-563
512
1226
572
562
947
-386
-285
302
1422
-513
-290
520
-222
-123
-975
-304
940
-86
-352
-257
927
448
-86
-662
763
959
-171
-93
-627
134
744
-275
241
48
251
10
666
806
-187
81
-221
-551
-401
907
-585
786
552
-427
-131
1363
-777
700
230
225
1213
-324
492
649
212
-587
-391
-504
1424
-171
481
-53
562
-695
321
227
401
552
770
615
-314
175
-430
1191
412
798
-652
-353
-561
600
327
-519
-573
345
135
-809
289
631
807
573
-723
-546
-76
72
149
709
482
1514
-400
-927
-280
-1076
-252
1568
-469
-786
797
1008
-1388
465
-605
519
837
-361
-751
614
-892
-189
-781
115
189
-81
-105
711
-23
214
-27
984
-563
342
170
-748
738
-229
263
684
292
323
-380
800
245
707
148
1331
8
571
133
305
-244
-798
198
-1149
680
1462
-445
-1295
-79
-1608
528
-1437
1307
-220
-300
115
610
-543
223
-218
-75
-160
247
946
929
21
826
1179
611
10
23
593
-38
-26
-5
-96
-300
-784
-1285
266
386
548
-536
-675
-827
-81
934
326
1003
99
-223
273
724
22
731
-33
830
1223
1105
-1425
-44
-901
-1009
-648
1551
692
45
766
-1216
-331
388
-631
-451
21
430
354
-710
-175
-21
250
420
12
-43
-958
619
-128
807
347
-549
-557
-544
-1101
-774
701
-203
112
289
-208
-59
-69
-564
-833
-580
-71
61
841
-227
-470
20
1306
-696
663
-338
1150
209
717
228
-1004
86
226
1196
1054
351
541
188
-887
-297
161
-424
-43
1211
-424
993
-595
-572
-287
122
1270
189
711
12
1491
-430
-589
-189
-104
49
-210
-822
-112
668
330
1085
812
232
722
390
660
443
-524
-1161
-31
-65
-527
-519
383
1319
-1743
474
887
-382
-586
-191
-150
449
553
521
402
-1261
-560
-955
-227
-539
-449
719
221
-504
921
-72
49
744
-413
-299
-1358
-105
-6
-254
-132
268
948
254
1154
252
-869
-123
-554
1558
-555
-486
133
216
-370
491
-1103
7
663
-249
664
707
-1022
344
-901
625
487
-266
-625
-466
120
167
806
473
283
-487
-70
713
-363
-405
125
-707
493
-980
816
1894
-465
-413
800
91
1348
592
672
-146
607
-808
-655
-181
-1613
521
-19
8
341
560
-186
-992
-645
-1313
587
734
-512
993
783
529
-134
-776
-481
359
198
-803
125
378
-596
-649
-345
1733
-506
22
-131
504
1165
442
-84
-26
-234
715
-162
-324
961
-575
783
35
-1792
-684
1246
-187
-709
462
74
-236
-51
701
-742
153
189
1037
-147
970
-165
-925
-80
417
284
163
-755
-664
168
379
449
711
-181
-74
1197
-775
214
620
635
-571
-660
23
234
997
-429
-1561
531
-615
1273
1927
-783
685
572
479
-107
-785
848
-204
3
-159
-265
-605
1110
1135
424
-488
848
-509
-405
299
-339
-720
-411
-60
32
-216
-504
54
-453
-259
690
-339
-758
799
-685
-96
-237
299
190
473
362
-1118
-396
665
658
-728
114
-537
37
-268
-397
342
-492
-128
-109
42
116
-1790
1168
473
15
-714
-229
-584
340
630
-777
-1179
-556
802
-58
1008
-98
-884
334
53
-289
-446
35
-705
76
-1364
-384
637
1170
193
763
-180
-1016
302
658
-186
-31
291
-758
289
74
-267
569
-499
-159
-909
-473
39
-922
-868
-357
-28
793
-578
-1881
794
-528
-83
190
197
285
-975
293
-991
-1019
-45
1033
-287
-464
328
-1349
470
98
78
503
-708
720
507
-621
-711
427
388
237
629
664
430
-1068
-2
-326
405
-41
-204
-552
27
-371
402
943
304
283
1953
331
-178
802
-665
324
-48
559
-159
101
-827
274
-230
634
813
-1601
482
-556
-374
2115
-491
-711
905
143
-338
-191
-290
696
-252
-178
577
548
357
-1181
-428
402
190
-671
-458
-710
-525
-869
-39
452
106
561
425
1402
20
70
-859
-330
113
-515
-135
-413
1029
284
398
350
-257
-634
239
51
-192
-83
-184
-1018
-148
130
751
1442
207
-102
318
-236
999
1185
59
56
116
-114
771
-430
475
218
219
833
682
334
1428
-1217
-576
316
-739
296
-1085
-1012
269
832
-1032
1083
610
709
-401
522
-400
-562
-1038
-166
-555
169
-444
-706
387
1471
-636
-1052
-1747
949
-365
-4
-105
838
-729
403
233
339
-279
210
-606
-784
-674
-194
67
682
-770
-868
-496
-751
-333
287
56
-75
1553
-490
-516
1106
-823
-179
756
-266
-299
170
-1339
-667
191
-575
124
192
-347
-961
-460
-267
-66
809
1101
-309
619
774
-398
1015
1176
-290
-498
-481
-912
204
-113
110
-503
-587
480
-90
-1035
-784
744
591
-29
-725
915
-505
-110
-36
-885
-466
-51
249
-795
-729
-1891
248
859
217
-29
825
1597
210
1365
121
246
-865
-653
383
194
199
131
257
-5
375
-995
-31
242
117
214
-775
-536
-454
330
891
-698
-1029
-511
569
-940
640
-130
154
-287
-439
693
725
791
14
517
-36
687
847
-775
-974
-144
-225
637
1139
1169
-951
1498
-58
-102
-32
-621
-503
-262
529
-852
-163
-148
33
-288
-1241
1090
491
-985
-150
-20
-616
825
-1133
1163
-671
23
-849
-224
328
990
187
707
297
-392
1983
-332
-1078
-1341
-473
-480
-1494
415
1070
-816
676
-1014
-218
774
-287
320
-130
-863
-98
-88
871
293
-274
654
327
-374
-636
1264
-343
-950
566
1184
-202
960
-1226
674
694
-168
-167
343
-271
-481
549
-899
916
-325
-246
-280
-90
156
85
-240
-950
-117
-671
-1031
-1667
-2
188
-142
-1161
-217
-815
769
441
-2104
1539
-485
1040
855
-1047
206
-27
512
-530
-297
-733
-66
321
553
-472
1039
-1445
255
-300
171
-1179
607
-213
175
-1
-941
-135
-604
-111
-9
987
-347
-496
-77
833
-35
71
1611
-1034
-150
-180
-80
-190
53
-815
-110
392
969
83
660
-526
-187
-1066
-783
-812
-951
125
-381
-26
-1040
-156
-287
-229
113
-278
548
-50
529
-808
707
32
-258
-787
160
-195
-511
298
196
828
-149
70
-419
-179
-607
7
-423
-25
-169
-1026
253
681
717
236
-133
-1246
-271
438
752
690
-514
-1091
932
805
310
-468
1181
779
63
609
553
-615
-997
49
-686
-551
994
-652
-1074
-617
-585
-419
-898
-82
-350
4
-1481
-328
-659
32
-37
85
-1214
-485
394
4
474
15
-1484
95
-213
213
589
-175
-60
284
96
-1316
-945
811
268
498
-504
-410
-114
-602
323
1920
-1155
-544
-279
587
-428
-135
-865
511
107
1150
-1006
-600
-345
-26
380
237
-1250
-112
-222
249
69
-873
-950
-375
106
-1206
-38
1034
-202
76
-568
261
905
520
-34
-465
189
-393
110
-575
-101
-64
-1125
180
-873
-708
64
917
1642
-481
136
398
-378
-449
734
639
880
38
-805
198
-226
-77
-688
-418
-1156
-294
1811
-575
601
-538
-1318
-198
-903
-74
276
-106
-205
-123
-1223
262
4
283
-21
-742
-874
-19
310
1622
-1375
-287
-458
163
-1012
9
510
-1365
-315
-128
-362
538
1173
196
1617
660
221
148
-277
-170
364
-1059
589
807
-141
-391
422
499
341
-800
1612
-185
-487
-574
-967
-592
-241
-34
-285
-657
-54
-259
430
-435
-131
-787
-196
-471
95
-215
-278
125
-187
214
997
-532
-301
-662
35
587
378
433
-395
192
-59
-537
-3
-168
-292
649
-771
42
201
546
-355
-484
-649
674
-1140
222
-651
-616
-461
699
-866
-153
924
570
131
248
-48
-1501
-501
846
72
422
360
170
874
1134
833
671
137
284
167
-705
-848
-839
288
160
185
-655
-998
-1278
324
1453
577
109
-297
675
-69
1292
-10
358
-1115
-876
-18
654
-465
-714
-98
-833
234
-912
-199
1467
703
-676
-563
-381
13
649
-24
582
-78
427
312
-288
385
-194
-875
-225
-400
-258
738
-277
79
-299
125
-498
33
621
268
539
54
193
892
1027
463
233
-667
-568
708
1040
465
211
-551
27
252
-656
1002
360
631
-824
380
-492
1141
-440
-1037
828
-870
177
380
-332
7
106
-1483
-410
202
-576
53
576
-909
-76
479
-306
412
-187
355
-359
444
31
-90
-393
-1242
419
486
43
365
-615
-636
-116
878
408
-995
464
174
-306
494
61
-192
-286
-83
257
242
-13
1576
305
-50
579
-603
382
-236
-321
806
65
1076
-806
-1467
-395
-128
21
733
1080
-689
-948
491
117
-547
-924
-316
809
-345
125
364
704
-215
-1669
416
371
-95
155
771
703
1008
-1131
352
94
-420
338
687
-244
-1376
-50
68
-756
-975
-474
383
-1214
-1215
229
138
251
-962
720
845
-392
249
-385
223
184
112
-310
-13
21
55
36
348
-40
745
-559
-131
-77
-6
1172
-861
841
716
-203
1287
-1376
-589
278
-1087
83
-1043
396
-188
-665
-769
745
656
735
403
797
-2
864
973
344
-100
-636
672
149
25
-451
-1097
-351
-609
133
-1528
1433
210
-332
-94
-31
1200
-88
-189
-1328
-667
-283
2058
87
-140
-84
202
-909
133
-901
-522
355
-352
508
-79
531
1432
742
217
-469
1166
366
1604
-394
615
-646
704
-110
36
365
-188
662
-434
-1163
-742
-16
-286
425
385
-247
-749
382
-433
26
-1015
-768
244
-652
-896
1013
-597
-48
817
-948
-303
-776
-223
-260
478
1625
177
378
419
-970
-254
1032
-453
757
-628
230
165
36
-1012
-265
-1194
-1717
405
621
-714
-863
-406
803
333
-545
-274
-203
519
233
-637
37
-257
168
-1085
-282
-745
-611
-336
164
769
278
373
405
29
-1432
351
-1467
119
-818
122
83
219
86
211
-1080
-34
240
1526
430
257
-366
-1797
-627
442
1893
-623
286
194
-358
509
650
-469
307
769
255
-654
-126
178
-199
-509
196
565
-294
-15
1372
85
254
364
-115
-1162
712
-194
217
889
-1287
-423
-975
32
66
-1289
405
-208
583
785
-683
503
-310
575
484
268
-113
57
-918
-1161
-255
742
564
1408
-251
-238
1431
-136
-551
-1192
-142
-54
-416
556
-642
72
391
-171
446
165
792
-97
465
-306
368
-499
515
403
752
297
-317
122
994
126
485
-321
86
24
104
-243
-534
435
704
-181
1533
-1080
1059
631
-496
805
711
275
194
239
-208
-304
683
-412
126
-581
-16
-1477
793
-290
123
322
-344
-523
-217
505
638
611
776
1106
