16 62 576
0 5
0 10
0 12
1 7
1 9
2 0
2 7
2 10
2 12
3 0
3 1
3 3
3 6
3 13
3 15
4 4
4 9
4 12
4 13
5 3
5 11
5 12
5 14
6 10
7 10
7 13
7 14
8 0
8 1
8 5
8 6
9 0
9 3
9 5
9 9
10 3
10 4
10 8
10 13
11 0
11 2
11 10
12 2
12 3
12 4
12 15
13 1
13 6
13 7
13 10
14 2
14 8
14 10
14 14
15 1
15 2
15 3
15 4
15 5
15 7
15 14
15 15
38
4
35
1
42
48
33
46
39
22
0
43
52
8
3
28
6
5
7
11
49
19
57
55
37
53
2
41
20
17
18
54
45
14
36
30
26
59
16
60
58
50
40
56
15
61
25
23
21
32
13
47
9
29
31
12
10
27
51
44
34
24
594
-150
-56
-473
1262
-502
-1081
467
447
-1696
29
-783
293
-15
303
-292
-931
41
-181
-753
-831
-1197
-591
-1021
902
-347
382
-834
704
376
-590
-1010
519
544
1161
-162
569
258
159
529
-729
-282
81
106
-460
778
-1448
191
719
-242
-400
-993
-901
-362
-596
387
889
-591
296
-478
-283
410
277
407
438
941
-350
51
768
-616
-365
302
46
-799
-196
429
-616
276
1942
-910
834
957
1314
-513
-272
-83
28
95
-1692
116
144
221
46
555
137
527
-464
-417
378
198
-389
-356
137
101
-501
363
-53
-832
221
-202
972
868
1306
-732
-628
1040
89
324
371
-580
465
-83
21
-592
-363
709
704
561
-314
731
-257
45
-684
-383
114
194
120
-403
281
-54
888
-147
678
-108
-184
-119
278
-259
1032
-610
1092
391
-318
273
689
-614
-242
-1454
67
-1116
-225
-245
-457
1238
-609
163
372
326
-379
-487
-651
-457
-979
-228
-304
-690
489
-320
6
-281
54
-593
-95
945
-811
1273
-57
-534
1045
160
1020
85
506
214
825
677
-1489
552
-557
-955
-127
-191
78
102
663
385
241
633
182
-44
323
650
-388
-110
357
-577
182
-290
409
-135
-834
-1239
740
-118
-560
-538
177
-652
-718
-161
373
1157
1075
844
1939
165
343
-444
-1174
43
-735
-566
-257
-54
-499
-754
395
1739
44
42
-197
862
-508
242
-507
-45
106
509
225
411
707
166
-751
234
-370
-230
591
42
1425
-92
960
-882
576
-414
420
-1113
406
520
359
-1062
-219
-640
-272
-212
1054
711
-120
-64
1508
-592
-605
-331
183
-68
-493
-97
-970
-627
-478
308
697
64
246
-181
-89
608
74
643
-926
-125
-454
-221
462
816
-657
543
538
451
-672
793
-163
315
276
772
-369
-480
-491
475
-134
-137
946
330
-537
-174
220
701
-473
938
-158
-172
160
434
-1042
-354
-219
-835
-681
-553
210
576
330
-193
-432
142
-930
485
-534
762
190
906
-1375
500
55
-231
1156
155
-288
212
189
205
-312
282
-607
939
60
-1362
-504
-197
-406
-728
364
408
-633
-111
-53
-384
-394
557
-321
628
472
-154
750
-217
-616
-306
910
-220
-314
-498
658
532
-472
243
-572
-963
-1205
-252
-140
456
726
536
443
-238
580
371
-609
415
15
-217
-1251
-713
50
20
-561
-182
-49
351
54
-557
552
185
374
-273
804
192
231
449
-388
890
780
-621
942
-10
72
94
-818
-291
-32
458
-816
-52
340
-157
392
-1128
-54
-201
462
-254
-204
-39
-414
842
253
-707
233
78
364
-801
-1042
-883
-352
692
660
-495
-569
-163
-228
213
909
-130
-307
876
-76
-172
-301
700
-818
236
-316
-618
-39
159
-199
451
253
1040
-407
-262
9
-963
238
13
420
-131
-1
-6
-369
-464
-437
71
44
486
-797
-101
-46
-312
49
-610
-1181
-58
601
-187
403
-233
-174
92
-640
-306
-42
932
71
-794
-992
154
612
-238
-168
406
-427
-775
686
-456
517
675
-450
609
87
326
-77
281
410
67
135
-263
-991
1048
734
-383
-522
166
51
-20
-247
474
464
-131
-106
613
-291
103
483
30
-609
-167
1174
-279
-925
18
-205
118
-286
671
541
474
-369
851
-813
-145
638
283
737
-615
-929
402
807
-236
501
-266
-458
-159
696
304
-517
-394
219
-149
-76
366
503
-503
267
-774
-279
598
688
-100
1348
81
627
601
-804
479
-200
471
-1666
-726
-686
840
-450
1088
-626
-80
123
-277
143
-1180
-634
392
-302
57
156
-489
838
-570
236
307
45
662
-891
-91
88
-741
104
990
447
654
884
-919
117
-417
-882
504
-402
590
-133
133
-251
1153
-598
51
411
169
-209
-127
625
-94
-331
78
127
-107
-92
9
679
537
436
1231
-160
-325
-486
-116
-670
227
-586
193
-921
-819
-335
-219
-361
-332
544
618
-796
96
913
41
-780
759
-111
-506
542
1537
-653
-333
109
-350
12
-359
458
409
-309
-30
921
-142
-891
695
217
485
527
534
-79
-343
-66
-1059
27
429
438
-810
632
48
365
23
-124
-318
167
100
-108
532
-178
527
591
479
129
526
-456
-350
-13
-543
-118
1010
-300
-511
-1020
-123
411
-458
-960
742
136
184
-317
-12
-401
-443
15
-159
-646
-1318
-771
422
-465
63
-343
-273
-281
294
-63
394
-90
789
256
-141
489
730
1059
484
92
-186
-488
702
167
-124
-1220
824
-269
-146
144
992
463
733
-96
-841
-307
400
284
-865
14
-529
610
-1053
190
-765
337
-63
101
-472
-357
-730
225
718
-789
1038
-246
-340
101
-427
1014
-500
44
-200
-8
-87
838
121
258
-187
345
-956
20
749
-382
-236
-251
595
510
-328
107
-461
143
726
-575
20
-139
830
174
-512
46
-784
137
330
-843
539
532
892
-368
124
820
-447
-1001
-225
44
364
56
-563
-76
22
612
180
521
-116
-719
-165
356
-306
-318
210
947
-848
-706
-298
635
16
646
331
-183
-67
429
-127
-791
-558
-421
370
701
-1351
-546
630
800
244
-790
-386
-401
366
-584
1737
-375
321
62
-68
128
69
-376
-724
387
-1023
447
864
285
1430
985
-1311
-97
-126
-239
-316
-746
77
-580
-169
294
-769
-246
42
-159
1128
-269
-339
1358
-981
824
-81
1606
420
622
-873
-860
-506
-67
424
69
14
1230
-15
-147
-669
88
548
108
919
-419
804
175
-109
577
-180
-1231
455
473
55
504
-145
-643
252
948
-43
-123
150
614
988
294
-597
-336
-95
-196
-206
-413
-412
-250
725
-321
-101
-335
-221
472
-261
362
-573
-574
-79
-121
-191
266
-848
343
-275
-565
-52
-238
966
350
-7
944
1189
873
954
437
453
-645
462
484
-19
222
436
1346
-321
-104
668
732
-83
-101
506
-239
-118
-487
-58
1244
98
235
226
683
-536
905
-597
530
757
-101
194
491
130
-565
380
218
-1188
-739
817
295
-91
182
-917
-365
316
-201
-538
-137
936
-742
-185
832
-175
781
501
-491
-870
-163
609
509
-1022
-480
259
298
488
-464
25
-14
42
89
-1996
-1543
159
429
843
837
176
-223
-21
-516
160
-347
244
-933
978
-176
370
-500
-271
487
718
-723
1385
-481
199
674
-100
948
377
173
-569
-691
-119
26
-966
244
1293
-780
-29
-78
231
479
-253
-352
-595
-976
623
954
-839
425
-502
-398
-738
102
490
49
-658
597
-251
299
75
-12
-315
-654
106
-32
44
-191
619
558
-760
-257
-252
217
-242
125
-279
-874
107
-433
644
258
289
1038
-305
-100
-575
-393
-375
-771
144
277
-510
-410
-814
633
317
131
-15
93
-906
-148
-409
357
-1006
560
367
-456
708
-975
182
41
-111
7
-569
-606
-242
184
-219
246
-660
830
-9
-219
230
-611
290
598
-1184
79
223
172
759
150
379
307
651
313
252
136
211
929
1101
-337
-687
1643
555
-356
526
-538
-367
185
0
-130
77
-818
-206
1190
-616
-427
110
983
304
303
-916
396
-574
-187
-421
24
1695
-615
-1066
-968
-58
-348
323
-454
656
-174
-22
-122
817
-622
263
1140
53
332
-831
-49
-1041
-757
-785
1818
863
229
-662
-608
846
315
-283
433
-96
921
-297
225
-319
459
52
-27
-403
-592
-300
-544
764
-786
-195
-98
6
69
-167
1110
236
284
344
-365
7
-212
-55
-408
235
-591
-781
298
-485
930
307
474
1569
1307
-474
-462
50
-662
-524
902
-868
-675
514
-739
335
355
-1154
-522
-261
-2
-104
1452
-579
91
-693
-273
722
-139
1015
-455
-43
827
-421
-110
-423
355
427
-498
111
384
-557
-294
-107
-220
431
-26
-85
-289
198
-486
-371
-547
562
-162
188
-83
-656
397
-631
232
-264
360
-767
307
-452
-1155
-53
-850
-294
-275
628
-15
-268
-782
99
-92
462
601
95
419
-1136
-241
-667
80
593
84
118
6
354
1111
-732
12
-838
789
169
1202
-96
-52
-9
134
478
376
-260
-609
-636
-108
240
-1080
298
257
365
-545
-693
98
-890
-184
845
-151
497
209
1171
-51
249
-536
123
526
-637
808
213
-16
981
-883
-103
-198
-754
-969
-1181
135
593
29
-268
-521
-230
938
231
706
-396
-160
-167
-16
-224
1447
225
763
-327
-164
-507
-166
-252
201
-90
-64
136
-69
1050
-473
391
541
550
-823
269
395
396
81
-9
294
796
421
-1166
625
-515
-74
556
-110
-172
144
186
-500
-1814
674
-296
-556
999
-295
279
674
82
-1205
-445
357
700
-473
350
0
-543
-508
696
668
-263
-873
-506
58
-470
-42
-266
1212
-107
-846
85
-143
184
385
754
150
140
-245
492
330
-562
-525
520
-336
-692
316
324
564
-96
481
319
-1472
-558
518
503
862
-662
-537
-802
183
-312
-176
652
-378
-135
800
955
-1013
-396
128
-148
206
584
504
143
651
373
-787
357
149
-272
-31
-957
-1050
-190
-483
188
-164
1075
-275
-444
-365
93
431
388
27
-778
-845
186
-822
383
110
462
-510
421
-344
378
1042
-14
-202
-886
165
236
5
304
887
-510
425
682
-92
-84
-107
440
-1
-603
-226
-86
692
-129
472
138
-711
-631
-380
733
387
1064
-586
119
-108
-845
16
-1364
312
176
-54
580
-835
922
760
-499
-975
463
1274
-1270
-493
-1081
-436
-180
-309
-208
22
775
188
-127
-3
-400
249
218
207
802
365
878
-495
14
-473
388
814
468
-328
-309
-1088
-747
299
282
210
-193
395
-709
-1209
-181
-298
-66
-883
-790
242
473
-375
-355
188
328
-3
604
-104
736
130
268
844
-162
184
-426
-85
-68
1006
780
-1199
-543
60
-22
315
607
-259
-239
348
-659
-222
93
14
-957
-315
-661
589
-1497
-44
456
-12
-598
-918
-70
85
595
-356
355
28
365
-443
-212
-358
-55
774
375
159
-309
121
491
157
413
-675
227
-158
700
297
598
-168
161
-31
-245
-52
21
-1638
-84
223
416
425
-306
162
-126
-217
209
140
-33
-629
-588
1215
1044
1074
816
-994
-15
-679
662
-64
-366
997
-512
874
562
55
85
-641
764
303
682
-150
-391
-382
-647
-200
30
-34
-50
848
132
-1059
699
-578
279
-705
923
318
-211
57
-361
1052
377
1192
-17
-90
35
-890
-1336
162
-105
-1667
-520
-270
134
376
-513
232
1326
25
-53
-1850
-255
22
-364
127
175
535
-415
-620
-644
675
-77
457
59
371
-149
291
-657
-639
-276
592
913
556
263
324
-1581
-363
654
517
114
-549
-99
-335
-815
693
-1104
1191
441
-363
591
-339
-52
-125
-1316
139
-301
804
308
-520
-396
-403
777
-328
350
124
555
-1002
-274
-82
-599
861
-459
-484
315
-670
-485
-312
-46
751
-1367
-379
403
1321
124
-487
1480
-495
-1777
-193
627
-327
-580
-44
445
-1165
-697
-190
-526
310
-871
127
-1282
-1860
221
19
208
812
-617
-722
-235
112
240
-767
450
-1427
757
-48
-931
1109
-373
346
31
-561
60
-12
-622
231
307
192
-380
-525
207
962
1354
-957
-2
466
94
-462
-540
-31
-376
1470
-1009
1164
131
84
-322
0
-249
-326
-169
-215
264
582
-22
-905
-618
-516
-93
74
1133
913
312
-81
-568
-75
-95
676
-362
-19
-475
970
291
-595
295
435
-1272
443
977
422
182
246
-375
-741
-487
-634
-68
-1081
-366
-182
640
-524
-27
651
-353
-886
2
-663
-211
534
454
214
873
-459
-406
-670
-217
-133
464
-35
175
-1
-517
-875
380
331
93
370
-523
87
-203
-320
-259
349
1125
-369
300
-148
927
597
178
429
-77
-223
652
786
-255
-243
-81
-509
453
194
-491
-261
-327
643
203
113
-190
-185
-96
138
1687
-62
-330
335
-110
-437
895
685
271
-139
1204
-6
-528
628
52
54
115
114
-592
1046
-557
-235
-660
199
-63
344
-135
1692
518
-1112
-440
-506
286
-171
-561
240
-66
-315
-561
278
324
-583
193
-125
-435
-147
-305
-673
-279
-724
219
-319
-426
-128
952
340
266
77
488
-63
-24
513
675
862
767
1174
898
52
686
992
554
314
-165
231
-1378
836
-554
463
-577
-1
-325
88
-144
478
548
-585
-213
-806
766
977
-119
320
-84
808
-66
159
279
218
-1287
-136
214
135
58
155
167
114
-647
574
495
257
-1039
119
-293
8
-29
125
339
393
648
-662
261
267
-878
217
77
186
829
-323
248
-631
466
-914
-739
-300
148
32
-520
-517
261
-607
-340
778
703
-202
566
784
-489
-331
-317
27
89
-158
-1006
501
798
35
-36
-1036
817
1070
-430
-1492
-110
306
-1120
-10
-135
302
-399
175
-234
16
21
-624
310
-360
-351
63
611
-455
131
-613
110
-703
-322
257
-1243
191
75
-482
-166
-51
-161
136
243
-1028
-351
-592
-199
-1200
207
427
201
-247
119
-325
694
-673
291
17
-546
652
-4
9
4
739
-375
-188
-174
326
-569
-936
-75
90
4
48
433
789
84
352
622
179
-748
-323
-1067
-222
-348
418
87
622
-609
-248
283
-1057
-1003
303
-478
-863
845
181
-157
503
-741
855
1043
269
727
884
-458
-277
-168
-639
433
489
-1499
142
-639
-412
366
195
330
545
-654
618
-716
658
502
-101
1542
684
-941
150
-812
149
-188
-287
584
655
162
-709
76
-437
-76
608
900
-177
-208
-458
352
357
129
273
258
160
152
-728
-238
-186
304
-1022
251
-476
45
450
-312
-334
-622
547
309
1360
20
-415
-980
1182
193
-400
241
266
-803
-133
-73
-397
-535
-231
776
-1636
-101
807
-1241
83
-282
-196
338
265
412
505
488
179
96
-26
794
225
398
-51
-175
-561
56
310
-247
90
-241
-100
-193
-311
-115
88
-324
1030
-333
-306
-592
738
-1071
-829
17
-257
-550
12
-578
-226
-461
165
124
-397
867
329
406
-473
-374
-213
1288
-782
-205
1430
299
-337
-262
635
-318
-315
-134
-224
-584
-219
93
-208
-427
-67
-45
-750
-24
-331
-245
198
230
-575
-532
618
-661
62
1524
-1276
-902
-249
442
-678
-14
-108
43
-110
-179
-234
1130
531
-226
-559
-670
-386
811
280
203
816
1019
406
-472
106
949
974
-739
1261
-787
-101
-539
-464
573
-596
1775
-416
-378
-125
717
-167
40
-235
191
-63
-1125
935
733
1173
-469
314
569
551
-524
723
319
913
-550
331
-174
-483
-439
-768
562
78
-636
228
-1238
558
166
-39
226
143
-461
-961
445
-811
-478
-235
-197
261
-145
-523
-272
-886
113
865
-931
516
-596
181
-501
-465
434
389
579
-369
1165
-295
451
-605
155
-360
-429
-379
229
-593
43
-291
879
235
165
-1031
-666
-224
-193
-648
-848
-348
-92
-321
499
148
-641
-30
1052
-277
-11
213
376
-1
168
-254
532
-416
-682
-160
197
-256
-713
-649
253
116
-436
-483
-887
-280
731
-276
-178
-1323
465
539
888
-197
-745
108
615
458
37
141
-891
96
-760
143
-6
-179
622
-33
582
-832
171
-443
20
266
83
-331
456
449
385
464
1224
-891
191
633
-103
-1783
478
-43
-195
630
350
70
-23
1057
458
-203
-444
-253
618
832
498
109
-294
47
-899
-261
507
247
410
827
-765
183
636
-679
19
-640
-113
-214
458
-280
-812
-281
316
-347
-301
226
-690
-401
-261
-1068
-151
-142
-95
-241
-181
808
679
1283
245
1091
-179
-369
-250
-1094
869
-792
219
-430
-1499
508
146
287
-346
723
-655
-443
629
65
679
81
-334
-359
199
-716
378
-455
-573
-821
-698
267
-996
220
404
390
-213
-1026
644
-624
259
56
63
819
-755
696
104
207
-195
655
283
-10
-211
-884
211
135
536
152
94
-582
330
-697
113
-498
675
-384
1022
76
422
-380
-400
717
83
1125
-606
-1066
878
628
-197
-788
275
-122
97
-607
430
-470
-255
-213
508
145
-863
-189
674
566
-68
-347
269
156
63
-405
197
140
472
-1910
443
44
-606
-47
105
356
703
-927
370
-153
857
787
678
-607
-766
282
-882
268
-827
227
645
-695
-492
482
-652
-86
8
237
-862
622
-537
-219
842
-573
-55
-411
-420
-766
727
688
51
1333
-197
-518
352
2044
-629
-497
-589
-12
-307
206
-241
-36
-392
-106
-128
265
234
-356
-355
-556
-86
-1112
-238
-42
-39
-475
78
968
319
-25
-481
318
-616
-689
214
1243
106
26
-809
-640
-56
-31
428
-831
-1628
715
-14
1051
4
108
921
409
-296
392
74
154
11
1182
580
415
-1249
456
-1019
-114
-583
-558
-356
-529
-388
-1076
-394
-111
-621
-237
-18
-151
302
162
161
-1156
-809
246
477
-228
-409
1298
138
-4
212
-57
309
-264
-565
246
142
-176
-57
-598
-710
57
924
-112
1310
-941
-1056
825
-119
360
-186
285
447
-1403
598
-253
-423
202
177
129
151
-608
819
-931
610
7
-238
1014
154
-629
-193
-945
-428
-91
-209
-278
-570
-201
122
-671
356
237
-295
-67
203
-612
140
213
584
-30
-476
-785
-376
-391
673
-194
470
-334
774
-426
-19
1372
905
-836
112
-596
32
331
129
-551
-818
-244
597
187
70
-465
-995
-195
304
-926
-75
-860
529
-1022
7
-396
-592
910
550
651
366
562
-147
-160
826
155
-632
1243
-324
121
403
22
-218
-58
-486
342
-532
-415
-505
899
-594
-562
-758
-587
583
1330
158
456
-124
568
62
767
-602
-568
-1072
-353
-124
468
-149
50
1248
-356
-692
88
-373
-209
2
-52
290
-170
137
-580
-589
-527
993
-254
781
-329
-870
-681
732
-861
-144
276
-722
135
319
239
-207
-731
645
-1062
-531
47
32
-1022
-937
-738
27
-537
357
993
2
601
-69
-668
-173
-427
314
817
-570
395
282
-32
583
-664
581
-980
-699
-747
-408
-413
-1126
665
-429
964
-596
512
211
129
427
-656
-270
-812
-508
482
-75
59
290
248
-1033
331
-1123
14
-306
-18
-203
307
1025
50
94
153
399
-379
573
166
-882
-608
-397
311
495
-180
149
-601
-552
-399
-589
347
808
306
-256
-26
496
309
543
-695
-334
-177
-158
124
-532
186
41
-23
-1011
-1154
-123
625
-1281
1042
251
-1011
-1264
240
346
-793
672
1892
1718
-53
-129
-414
148
999
-726
598
515
744
-27
115
41
290
-631
-628
113
-558
-640
158
363
788
917
-1297
-185
-607
-508
570
597
-386
399
-256
709
672
-334
-164
-439
167
-282
368
736
-506
-127
26
-67
398
-189
-594
-296
-269
-29
687
54
295
-82
387
169
-872
39
-95
-363
759
757
269
273
102
530
1316
-216
119
-1331
-294
336
173
45
649
149
524
133
-849
-75
-606
179
-179
-990
1972
257
-445
968
-1017
939
-346
608
-16
272
-284
-292
164
-371
-928
-218
-151
720
1906
-288
882
542
687
-55
-1007
373
675
-681
-477
-199
-644
603
-750
-261
-24
376
97
651
-573
-783
196
232
-234
-226
799
-169
479
115
-612
381
624
65
-203
666
-1730
520
-1104
406
-767
-373
520
-626
-126
785
-145
103
404
-434
-57
-596
-435
64
605
-562
-58
-1079
-538
534
351
128
-59
-403
1475
29
21
-640
434
-122
-293
617
-321
1124
409
870
-17
-1269
298
323
-112
215
118
-766
425
67
-1
-760
112
948
650
-379
-637
649
-340
150
-411
885
533
63
204
57
788
367
129
-493
319
-53
511
-536
-154
594
-184
677
-407
-1369
174
-486
107
-1360
-847
-65
-67
991
832
466
-382
-853
-135
266
-537
223
329
444
573
336
-319
-233
518
-646
-844
840
530
165
-11
-798
-861
-451
331
307
-481
198
160
-12
-73
184
-102
-180
669
-762
-40
188
639
49
-627
-735
-130
-262
-512
-874
709
417
-393
836
-751
-35
-773
-719
398
-473
-368
-925
-1775
-32
-114
1917
-29
296
-131
-167
-436
660
-632
-197
387
247
39
755
-719
519
-214
-107
74
-16
-223
-465
-469
-837
-419
-519
171
856
-12
-390
562
-1009
419
387
-705
-885
-36
-37
-1741
-1022
-130
-386
-117
-313
-131
-699
469
894
44
-34
-233
1346
-148
-840
786
735
1123
-444
-352
1871
-101
-212
325
-2
1163
28
826
682
-417
595
428
209
168
481
823
600
607
364
679
234
-43
-134
-504
-184
-456
-429
-202
474
598
23
-565
-359
-233
-676
169
-295
448
-380
153
-585
627
459
-523
-932
20
-538
323
-197
-170
-638
-185
-1111
2
-561
-388
221
-546
476
425
-598
-322
183
-165
-954
-246
59
-418
297
803
143
-533
-730
470
179
-489
184
53
39
344
3
334
-31
-286
355
218
-540
-374
-33
554
133
202
-472
-403
-1898
134
93
1481
-65
-101
-111
-680
339
635
-326
-661
-313
-601
-80
-523
970
819
424
620
205
-546
108
-574
700
1079
73
-480
-124
-564
-379
249
169
-827
681
-825
601
-443
-364
393
-864
-155
66
164
-723
-957
937
775
-724
-403
-368
-57
605
474
152
-564
-16
1050
-282
-42
-299
189
-303
-912
748
-747
1224
91
699
-87
-875
-91
925
735
807
-634
803
-106
374
29
351
-157
-545
697
428
-358
261
-55
409
204
990
-658
165
-904
-671
188
625
-1950
-769
287
-938
184
-335
273
-1029
718
-104
336
267
-143
585
97
-256
-334
-743
-653
446
-32
214
-902
-517
157
652
64
-727
-955
354
848
477
169
415
-462
-343
-623
826
957
401
-77
141
-741
-279
-612
18
-1000
-1114
474
709
190
-436
507
893
1192
730
-303
-394
-10
-19
416
364
-612
1153
630
-370
-118
229
389
-87
501
186
-631
-680
272
-247
-777
303
-124
-115
-213
-1312
-267
724
372
-591
-357
554
203
-38
-483
690
1023
-270
967
579
60
26
-171
41
295
-846
1024
-548
-695
-587
-866
-303
-596
295
261
-412
66
-1042
505
-355
-463
-749
-352
-1176
506
-413
230
6
307
504
-297
-939
817
-158
704
207
150
-323
-767
119
750
71
-334
979
-398
-4
38
649
-770
1431
59
-642
-1681
-667
-675
68
-795
-942
-449
-412
391
230
-839
76
-511
-88
1141
-621
-235
975
-223
-254
-410
493
139
244
-521
-382
543
759
182
-39
-700
-545
-862
-766
-583
959
-319
-178
438
160
-746
525
2
775
232
-98
586
164
-838
187
-598
295
1296
132
84
-232
-770
571
460
392
124
525
823
-9
-966
-590
354
103
-478
368
-187
-173
-301
-182
-262
286
43
269
-750
898
881
-556
1006
-22
514
351
-1037
-620
589
-1171
291
70
610
343
-228
1146
-1060
-293
-284
-63
-760
-185
-516
88
-911
-1001
-589
-187
253
-211
-367
-510
65
269
497
955
335
457
-968
327
-1010
-323
532
-301
522
701
-499
-647
328
1370
559
-697
475
-190
-859
190
933
780
889
513
410
-152
-1084
119
94
261
857
-435
-151
-407
-343
-85
82
373
87
121
-286
-141
-155
645
-434
-565
-358
-131
37
267
517
764
123
-250
268
-233
-190
-15
655
-503
933
-822
488
-734
142
-527
-304
-1216
67
662
-31
-365
251
591
-866
133
-636
88
234
-609
-195
-111
65
459
241
808
-389
-62
705
297
469
-202
-42
-152
-1883
9
-356
242
461
403
-667
-394
726
-408
-80
107
1471
333
-305
670
606
180
403
461
366
-694
549
543
-277
284
-3
830
688
-593
384
94
-144
25
468
-196
130
3
-1145
-534
430
647
-206
194
403
-156
8
-809
-408
203
-756
-140
330
409
544
-345
-36
554
371
-500
-284
-35
181
476
272
-831
-740
37
-1098
484
198
-29
118
-27
-5
756
612
116
-245
517
-540
306
164
-974
-176
218
-469
-167
-249
374
247
255
591
147
1064
341
-214
442
49
-744
1112
-48
120
-73
-408
810
259
-121
441
55
-733
-168
196
-1123
-469
484
-344
-448
447
561
404
861
577
-11
-399
999
-389
354
-826
265
-256
331
128
-86
-482
364
53
429
-754
-780
303
763
-4
1122
-367
872
1458
-89
604
27
-434
-60
13
32
-593
514
-603
472
97
388
562
617
898
244
-188
596
846
-769
100
282
46
1327
-277
-77
608
-272
-519
-247
-455
-301
605
-884
-1201
-570
-620
270
1018
328
520
158
-391
690
1189
-142
217
209
508
810
583
454
-443
-206
-382
-425
-565
-159
-318
625
311
283
-607
-896
522
-610
27
200
-180
-29
810
148
52
709
588
-1014
-1020
17
-245
319
-377
-436
-23
-552
206
-1072
-906
-341
511
139
-384
546
127
270
742
-34
1060
-289
-226
1022
-890
82
110
-471
-416
-128
-439
-493
-450
1012
455
-466
-410
599
-646
-1085
565
690
-994
-526
-209
-542
283
-915
480
279
-85
119
-258
64
-630
182
-179
-491
684
-445
951
-322
239
876
635
-223
434
-1139
-694
263
72
-56
75
220
106
-721
-206
313
211
-1349
230
-1251
267
94
-102
-1308
645
-32
-758
87
-58
-1176
191
-874
-59
476
-259
-419
-118
-155
535
-801
-957
-523
781
-881
1290
-483
-430
-147
-233
594
-17
767
-656
620
643
-628
-223
793
-193
-105
684
304
1054
879
-901
171
-707
643
137
-869
67
571
1458
-355
-446
-551
-960
-25
-265
70
-160
345
566
-465
-379
689
491
-531
-176
759
-128
614
-253
594
-281
-377
-363
281
-536
-88
-407
53
12
-673
1060
202
1007
-854
-346
-744
125
-931
-547
27
-424
557
-144
-313
-41
-623
429
479
-196
-490
645
357
-202
969
150
-1283
172
-495
-165
-410
-699
768
-16
-854
410
97
201
63
-528
-106
388
-102
-384
479
-986
-49
673
-453
-754
130
673
157
144
468
278
369
-269
-870
1072
243
567
-110
-409
-1362
258
-121
-48
-985
-214
699
-209
1071
226
-113
-802
36
31
1420
1354
-433
-323
592
-278
-387
-771
-155
18
403
16
-537
-214
-136
334
302
-264
-325
72
-53
519
445
-315
-349
-813
3
-174
220
-75
-412
-285
529
83
-86
-686
1080
698
-321
865
-227
1498
-182
325
-120
206
574
365
-271
-379
-566
-20
-470
65
-846
-562
-558
708
213
-800
-430
-183
-216
232
-1008
1456
464
57
-434
1351
1081
-229
-103
105
-123
-526
-516
23
681
-502
-183
287
404
-539
153
243
117
-319
784
-1079
186
-215
-87
462
-598
1074
-897
245
451
-1511
205
70
687
-166
-666
441
-908
-1082
-1358
870
-682
-202
-191
374
748
397
-358
-692
-667
-629
930
204
381
-594
84
15
190
542
-226
-739
611
-105
53
-784
-505
-270
224
81
626
789
658
-241
-979
581
-637
428
1002
-750
324
692
201
285
408
1795
483
-186
26
547
-591
-231
192
356
-413
192
-402
1198
-687
368
-462
814
-607
149
-383
-170
274
-180
-9
-309
358
42
592
325
-316
560
-597
-97
-537
18
-210
-141
10
-497
755
724
447
-423
409
-230
313
893
-92
-338
835
786
21
-80
-735
582
-665
260
-1231
16
391
-376
336
-427
94
-512
-547
-347
-482
-23
-702
-191
13
116
-10
200
318
-313
418
-119
79
316
-35
-365
858
309
-59
-672
70
1325
1582
770
788
343
-88
74
1239
-54
1574
-741
53
628
-196
76
89
343
-784
-11
342
269
78
819
-110
-96
1045
349
-1192
-638
-100
198
-528
-384
759
-407
1272
246
-887
779
-6
434
-579
-30
779
1439
-550
-544
-1230
-435
-624
-1157
199
732
707
355
790
101
777
849
-523
291
-537
-36
1058
-39
-370
-209
255
-136
-661
-304
-1175
1135
557
-562
165
470
388
-272
674
655
-396
712
-585
431
709
15
-90
-308
-41
-72
123
-389
131
-808
-723
407
-537
580
-642
914
-572
100
940
330
844
-767
-288
31
-1165
-344
125
117
51
1374
-157
-468
-758
18
472
-1260
-219
97
538
537
-347
597
-830
606
-312
754
-774
880
-115
-185
587
195
-615
342
-292
-572
417
-58
367
398
168
-817
820
-894
-500
-210
1028
-1478
-218
209
-884
80
173
-869
-247
914
18
-707
-378
-302
-1245
-432
249
743
78
-686
-325
-162
239
-1012
-469
-745
52
834
-1081
277
-641
-1224
-265
-497
-631
150
-45
-564
1011
225
-274
-1083
-78
-69
-190
556
-269
-185
365
168
-537
-32
-73
119
284
271
461
-5
-121
630
-853
407
-493
90
-21
1110
-803
436
1150
-236
7
367
686
175
542
500
332
-246
691
-130
-181
-1176
-118
1179
997
-394
-316
-299
-204
-389
291
503
-99
-32
544
670
-536
-278
-829
124
-440
-248
468
-241
842
1256
-237
-203
908
-537
503
-162
-403
-663
-968
-263
718
1031
1206
-85
959
-654
382
242
3
-70
165
446
-550
219
626
-371
-428
766
-739
1514
580
371
272
-781
451
-818
535
-1117
74
-577
810
158
300
-476
758
445
-1175
-988
-172
-532
540
688
-531
-530
210
972
1718
155
93
-233
-270
-742
495
-313
-174
-583
225
-93
454
-25
-5
510
-65
-315
-36
694
517
1004
272
219
-1
-818
-425
-25
-175
-114
-509
378
431
169
-347
-240
-330
-267
1287
-16
-63
-334
-720
-548
524
699
-565
-732
-1667
965
165
-79
-468
965
697
-181
-97
490
471
-546
709
428
1178
-30
-744
-911
-395
882
-40
507
89
703
-765
-790
-402
-695
758
30
-38
-25
801
1139
404
-556
1361
-325
-38
-418
168
219
-947
-1044
528
203
-50
357
183
-33
-263
-33
1035
454
672
-689
270
-472
-112
411
839
472
290
-350
-530
685
6
-3
-744
-420
-129
91
-915
-560
819
-647
-895
356
381
399
-1118
487
-336
-191
-71
-713
402
-699
-1079
912
126
228
-1005
293
-359
-559
-93
-602
595
-345
624
-791
928
131
-582
58
-258
244
-283
1030
676
716
1104
-443
1142
-132
-1105
110
-595
225
-133
208
56
70
85
-583
677
-107
-908
578
182
413
-1133
51
-741
-663
852
-76
-461
-371
-1507
-1351
-135
816
-688
-1104
-813
653
187
773
418
-36
649
-693
-328
1029
-740
430
351
207
-405
-901
389
-408
-146
-122
255
977
-605
-175
-706
283
1462
-362
-222
1087
-1011
-485
-722
1442
33
-31
-266
-379
607
781
-257
-333
106
-702
-85
172
49
781
770
886
-86
-139
433
112
-1187
218
543
778
561
-645
-886
-415
174
353
-29
-272
375
298
1242
122
70
-578
479
295
450
-163
205
-115
-65
-942
-917
713
699
724
190
620
458
-694
-222
839
468
406
-105
115
-657
-217
-175
99
-19
-154
-66
49
666
849
-411
-370
534
-815
136
-326
-98
613
-221
580
167
514
-749
24
1063
508
404
980
-1252
31
-162
429
476
-235
59
-130
366
-162
-266
353
-868
173
-75
364
-417
122
398
756
450
297
-72
-374
-60
354
414
226
442
84
-407
574
380
111
592
-434
340
-95
408
2
-1221
268
433
218
-224
-235
-142
-929
846
84
765
192
-79
542
-177
-168
-198
-121
-293
-279
39
120
301
863
1058
324
713
182
553
160
234
312
-237
-23
-297
392
19
196
-435
-174
459
-1051
-155
-90
-589
394
1097
444
-302
271
-431
-543
-72
-497
-276
131
-558
-1655
252
427
-202
5
626
-306
-216
-257
-294
-459
-640
93
-33
-655
203
823
178
-268
33
-484
-588
-550
-184
-110
-638
-863
753
164
-820
-704
-205
-81
-1053
-335
573
694
992
140
-29
-47
366
-891
-395
266
-362
587
-1507
-976
119
-563
412
-130
327
64
248
-860
604
-199
458
678
23
-500
915
864
-884
-450
360
188
-466
419
-720
-642
-498
-462
823
395
-510
702
263
1147
276
290
502
-40
-314
543
-849
-13
-805
-119
-146
-139
-226
-256
68
-285
-235
-504
168
2
1
-1091
335
-571
-734
-585
-35
-147
-570
-457
-532
-141
477
-531
158
366
-1134
-281
128
13
-871
-6
-751
-64
964
-494
1305
-565
709
-505
-290
780
135
977
-503
-189
78
431
-335
-13
-487
403
-107
308
748
393
-830
-334
1306
-650
-50
169
-263
-152
-748
-109
-594
108
559
-343
-33
-585
-1061
-423
169
-284
-99
368
-713
-117
-61
-642
-68
422
-52
-755
48
653
-592
-422
874
651
-338
476
499
-215
224
775
48
372
127
-691
-198
357
454
320
-6
-536
-136
-181
-226
290
-654
-527
-302
258
-968
1424
-1319
47
56
757
-266
-252
-416
256
-363
-110
109
-593
560
-387
-400
774
-131
317
-426
-526
-7
-262
-171
165
-134
165
174
-87
490
-149
-223
114
601
498
-123
-251
1693
-52
-802
271
213
534
594
462
97
-280
231
1045
492
531
291
-497
-457
351
-33
-143
818
-143
509
34
583
-164
583
-124
871
-345
201
-355
-257
792
368
280
459
-279
1499
-50
580
-55
-296
141
-590
-185
508
-1005
-226
-513
-15
-555
13
-563
447
548
341
-433
46
-875
785
1117
-404
852
-151
-2
-106
765
-42
3
-273
654
660
318
-289
-154
-666
-538
-468
95
139
186
232
541
-372
84
154
-592
-164
17
456
246
-77
-332
489
51
554
240
-165
132
624
910
532
-294
-560
209
521
129
-1885
294
-405
85
-201
347
-591
-137
404
723
647
210
162
-826
-418
141
178
325
-973
-219
531
-597
509
-160
755
-234
-270
-1395
348
-1161
-1446
285
727
-127
-145
-178
-164
1197
-913
980
604
-27
986
257
1096
-246
-135
-765
-209
-450
288
499
-242
-479
-432
-1003
935
189
340
672
207
-595
980
-67
63
-90
-392
338
-827
-973
118
156
-23
802
156
189
-303
527
520
-921
-119
-388
-1135
-940
-81
-302
229
-264
1001
342
-72
264
-88
-381
-327
211
-268
38
-989
902
102
181
922
1055
-522
-1110
-20
-40
-850
420
552
-258
171
962
-1115
79
-407
-790
-776
428
139
-824
826
-1010
156
-1357
604
343
-277
405
-490
-26
28
698
44
-576
-391
117
588
179
-508
547
200
61
919
-425
-585
291
263
-93
-52
-534
338
1214
-530
345
607
-423
494
-97
229
527
218
-608
14
787
-833
-136
673
-261
138
-1006
824
1705
4
-362
825
139
471
1207
-177
673
481
-389
-600
-210
127
-197
-207
460
381
-171
-300
460
227
-350
485
-548
-91
-633
-145
-940
165
-297
89
8
-648
-239
556
226
-631
-634
1220
267
219
-297
7
-400
573
749
704
-303
385
-145
391
247
-176
1033
-475
-113
333
590
95
339
367
26
-302
-52
786
1118
808
-735
-280
846
-652
91
362
-1252
441
362
97
509
60
-565
143
-497
655
-999
-21
1350
-692
-33
-30
-1154
958
205
-519
-530
388
181
-497
722
433
13
239
112
47
-443
19
143
618
81
7
-1
814
328
253
53
-449
924
55
-697
-100
-1047
-304
381
-149
709
-464
-261
440
113
-217
-492
-49
-1410
460
587
259
-38
-950
687
-315
89
253
763
-1112
807
1447
-63
-1068
199
60
157
679
215
128
-410
265
-402
236
-416
-139
-348
108
500
777
-203
8
-599
39
-465
-416
738
19
204
-27
-971
207
36
620
766
-886
830
-301
-158
770
-968
-74
456
367
-117
1413
490
340
122
380
432
801
-124
-219
-1139
376
52
520
-221
-707
-565
-98
-413
979
320
1272
-875
-396
730
-67
390
-260
710
522
-207
-203
503
102
-21
113
-226
98
-552
-737
-525
-386
-97
340
-281
978
-401
521
-267
-1014
-755
553
146
280
-1428
-407
582
-556
180
-288
-565
883
161
384
103
760
-627
797
465
-144
211
-543
1627
1350
1069
504
425
-234
-178
407
-71
-661
761
-255
268
-241
246
456
549
-1159
590
-1173
178
-391
674
-8
228
-739
-522
229
179
295
-95
335
102
81
813
131
-471
-1064
195
1491
279
-686
-153
-1032
282
-261
56
248
671
1140
231
-874
-927
74
276
-8
-563
47
582
431
-519
-1013
127
201
-34
120
-230
-662
529
151
-599
-129
-293
585
-563
1008
-267
135
-52
473
-184
-194
-2185
-257
-72
273
1187
1071
-147
220
773
-751
-433
709
1333
-458
568
-656
882
637
-405
-340
10
-98
741
-376
701
-713
-528
198
-426
-589
-235
-25
749
415
-1088
-338
-257
-499
850
-179
-312
-549
-155
-178
-129
26
-300
-332
-271
257
242
357
22
439
-533
-748
-293
863
1111
-512
204
-512
122
-330
-793
-485
826
857
-624
-76
-91
205
-774
-714
-119
37
357
-407
237
-476
-281
434
406
-53
57
20
440
-4
95
-612
934
807
784
-331
204
-608
-230
841
556
-56
873
-543
-3
523
-399
896
616
-804
-705
-95
-1005
356
306
158
-191
-567
-168
-13
594
-37
190
662
990
-137
1195
-911
-780
-10
-491
272
1167
-1097
778
-390
802
140
165
-332
443
-707
450
480
163
-318
-575
-1127
-592
-247
-57
3
162
547
-850
-106
143
-402
63
461
144
214
-567
-367
-458
-662
1406
242
815
391
705
-737
-384
-172
680
240
838
220
-230
-1225
-162
199
1047
757
-311
-1084
-353
810
-1052
261
33
-673
-1189
306
-519
-257
-133
869
-407
-750
-853
63
-106
-196
-1033
-161
575
268
394
-508
-138
455
272
-242
-231
-60
-1177
438
-41
98
-1264
258
-393
-105
565
-1064
-562
150
-1044
-82
824
227
58
-782
67
-89
1107
-426
427
-582
-426
151
297
75
994
1264
22
-488
91
1013
-1426
-288
-456
-64
-898
189
44
-111
109
439
281
841
-103
-789
53
-234
-551
-169
186
539
-294
679
168
-771
321
421
-736
-21
-25
-209
-220
-123
-178
-855
325
1233
570
624
-569
532
-110
-51
517
333
-7
39
872
-812
-353
1252
-3
168
136
953
78
955
-44
-490
-637
581
619
584
-246
65
-375
-131
-218
708
-375
890
-721
-156
-518
-380
-7
869
-438
-60
779
-366
134
-969
-494
-542
96
259
-911
-254
1022
-867
-88
257
477
-111
47
-1259
584
-34
339
-38
805
-453
339
119
311
-994
-653
76
-424
-871
127
62
-58
-187
591
171
-157
-262
-135
764
734
633
94
-310
-287
291
563
-122
-411
-545
-531
5
-132
516
-214
404
384
362
-990
-37
210
495
274
135
-122
935
-654
516
29
-266
147
228
-251
-15
134
17
407
1079
1115
1001
113
1173
251
580
118
-213
493
-1197
-831
119
106
-741
-94
-533
207
-622
-15
-597
539
-68
-534
-1077
197
-209
845
-814
768
-113
473
-476
917
539
103
446
-172
288
725
90
593
-84
946
196
-384
24
-545
108
483
-266
117
322
535
-752
-103
-196
-536
343
240
-248
680
-166
-551
971
-8
71
614
-1111
143
-883
-311
486
-174
-840
-6
0
-44
-296
689
-697
755
337
523
-208
839
-257
76
266
912
1193
-169
744
-1372
-238
883
442
-326
-1061
23
-677
182
-190
684
-437
192
65
-352
316
-1065
213
-241
4
-490
40
872
280
158
-644
-171
994
1018
282
-264
659
1042
347
359
-378
144
523
798
-560
528
-207
495
346
-1114
348
-629
565
300
-627
-809
-1115
-1205
-214
465
-995
-101
-753
776
494
-608
-287
587
209
-122
245
908
-1005
563
115
-201
-108
-192
197
50
178
157
-87
-230
-441
1071
969
485
-1269
263
-59
-480
790
581
663
-29
1
810
-462
-401
523
-295
-133
166
-163
1442
-728
-1067
-180
-366
-655
69
-430
-194
-136
-682
-107
740
-298
363
311
346
-920
-15
152
-1018
-191
1440
-891
198
-366
-364
473
1457
-614
503
236
194
-431
-3
135
858
1330
260
260
-519
-219
150
-988
127
333
908
-344
431
6
553
-66
-301
768
-150
532
205
-360
791
-526
-4
317
-197
281
640
319
677
-87
225
697
-131
842
1269
1418
-418
405
-51
-601
130
-38
253
235
-284
-1002
-1487
-162
310
134
307
-248
-756
-278
521
2
-317
623
707
29
332
290
296
-922
-314
730
-138
994
520
-160
395
-393
-665
-365
-114
210
529
178
-150
-212
-203
91
724
541
32
28
-412
-56
-334
96
788
676
-332
-447
74
465
-294
248
-382
-582
249
-422
292
874
938
-424
48
-456
332
323
-577
449
182
-483
-469
116
-955
227
-125
-305
422
-876
-510
252
-90
-49
-50
301
610
1206
51
-14
131
-190
-397
204
-316
92
-45
-478
-61
1002
-877
-1140
-312
-698
672
-28
611
243
459
-400
-527
-663
32
-662
-362
339
-250
-300
-402
-731
-405
-302
707
1059
-1398
-331
276
333
-32
-649
901
-989
-409
91
-29
45
-423
-149
-142
332
-10
-18
417
0
-351
571
-17
-45
-127
327
572
914
-39
-785
-332
244
7
-49
-235
485
-182
-893
486
-223
-152
-269
1043
696
465
-1065
175
-392
452
1524
335
-321
13
-89
120
-1067
174
696
-315
163
124
-837
-120
-693
1103
-52
92
-172
-829
233
321
380
192
511
580
800
602
870
-117
-309
388
-1397
-673
-109
760
-765
529
226
-468
-793
461
480
457
-709
192
651
-612
1916
-240
-628
-859
-824
79
367
-335
726
653
414
451
376
-308
-171
1444
-711
-845
13
-167
362
-674
-1487
-636
-324
-407
-46
505
-833
995
0
-367
-358
-434
136
-153
417
514
118
-54
-631
-673
-312
-706
-1000
-956
-770
23
96
483
208
74
-674
-377
-589
312
-46
14
103
-147
-52
-78
524
68
588
-30
915
-524
-34
296
-151
-164
80
827
-52
508
-44
-97
220
-132
-576
3
916
-808
-465
648
-800
439
670
-188
-1647
301
189
-1036
-505
-411
917
142
-245
686
-58
-129
-417
24
-338
86
537
-986
-70
280
-561
-533
15
-83
-544
301
34
455
-206
246
703
15
280
248
-297
-471
-1036
-405
186
-150
379
-596
-124
-322
-289
215
-245
15
-817
275
-555
879
927
-180
585
-19
-447
67
50
-976
302
228
319
594
-1313
-303
-140
-318
-218
-122
294
-162
-1184
170
544
160
-257
837
-221
-243
-282
565
1062
163
752
-807
9
277
-927
934
-9
636
786
436
499
389
1125
546
146
-279
-17
-388
-121
-551
765
214
390
-29
-1023
-204
-109
31
880
1206
-275
-170
89
385
-554
-148
-672
615
145
774
366
-273
-936
652
-133
38
-174
357
-895
-770
-437
395
1166
1221
-101
-32
405
758
-601
614
-1128
859
-1284
871
-819
405
-265
-449
594
81
-688
341
-414
-133
-290
484
-731
-1133
73
-510
254
452
70
-809
-25
-110
612
132
-1099
441
-417
-667
199
805
-520
293
490
-843
930
1606
1163
-115
324
461
-408
12
-758
309
-491
-203
1279
154
1340
-23
734
446
75
35
-774
1121
1208
-534
464
-369
387
-668
-501
33
203
932
-621
-434
60
344
612
565
-683
-184
652
-539
668
-19
-741
-711
1113
-525
-397
-289
-945
304
37
-1163
-220
-364
87
192
306
-102
-59
394
-74
4
-56
638
-1103
732
602
-398
542
1267
1556
463
-761
868
-998
-762
299
161
-1389
-657
-15
586
96
-530
135
792
442
-268
-334
-373
13
150
220
-1079
-756
130
1355
-1108
-112
-498
412
-486
241
-582
-700
-421
-450
114
30
649
-1302
-611
114
-89
-839
216
600
-274
118
-916
-259
503
-458
-361
26
566
-440
465
-529
-513
-363
176
-209
-484
-271
512
709
-194
62
721
-290
-775
710
550
-347
-409
122
784
145
-60
971
466
161
424
517
603
-727
-322
1486
-388
-676
809
266
-163
206
111
-265
-364
468
59
-1263
567
-74
-413
-495
357
595
-944
363
-367
-11
-1187
-581
1573
344
-115
-151
-178
-295
567
-673
-702
86
278
-715
-496
114
491
81
-664
-593
-664
389
216
440
-964
100
259
587
-1237
330
-207
347
-74
169
-1134
470
233
-142
145
-14
-543
-1127
414
245
404
539
-660
787
891
13
779
705
-203
492
-562
-623
-249
-554
-104
333
-386
-397
1105
-365
750
394
110
-422
110
572
-1388
1025
632
239
1056
808
-374
401
-99
-72
-511
-529
26
-743
-927
1260
-318
366
585
387
-222
-213
-129
-42
-487
698
1322
453
-62
159
-1108
-994
893
56
-1296
-47
-902
450
666
-987
-1269
160
-42
235
-282
33
-189
-176
188
424
-315
-491
105
163
385
-417
-479
-405
160
-670
-148
849
388
-55
-814
-560
-513
-312
-297
567
-577
213
-430
291
93
-806
-394
-782
165
-11
-74
-177
553
127
333
-236
1019
251
-34
49
503
-355
-774
306
317
160
-48
548
228
291
-1113
479
-614
299
542
-797
-309
373
6
-388
134
983
-31
577
-771
637
-141
-191
1181
1712
-618
-258
868
492
258
339
-652
832
-407
735
176
-284
236
-188
-347
484
39
432
114
-1108
1140
-41
-125
-631
-647
-485
259
649
-427
-1212
217
707
-214
671
-673
-455
-420
22
296
193
-258
-136
-156
1122
-392
160
-776
1011
472
240
698
-296
-152
-786
-149
574
208
-55
-202
123
129
396
1506
247
-259
442
363
467
-858
719
761
-1066
356
132
-271
94
-368
7
-946
370
-840
-1196
-27
223
380
-591
393
-684
323
465
-47
500
962
94
17
-343
491
69
955
294
23
-7
204
238
305
426
684
738
-767
-1157
-157
-288
-189
-142
630
260
835
619
282
484
1319
244
1222
785
202
-607
268
-666
462
-778
-385
241
430
-137
-71
420
-1182
377
-600
237
-175
-50
-38
-588
-120
800
306
367
388
504
-116
706
-269
482
164
877
-1123
-86
392
4
-84
924
311
-765
-432
544
1096
281
1371
-298
-1464
87
738
321
-702
-705
614
-368
383
386
-193
516
424
137
335
212
-103
-659
-792
-3
-972
1065
271
168
-324
461
764
-136
-457
570
-415
265
-31
591
-430
508
-147
1527
-98
903
-792
349
116
16
-207
78
-622
111
-487
330
-249
-222
-1041
-135
-262
-854
-269
-824
-1166
-100
860
-1378
317
913
-651
563
352
146
-410
185
-169
-548
-358
300
347
498
234
-838
470
251
820
-363
-829
300
-304
-194
64
644
-416
-287
94
-149
106
986
290
-468
-343
-354
172
602
-341
-674
-274
-125
395
-419
197
-178
-237
725
255
-685
-159
547
760
-852
-250
861
-268
-869
-205
-712
328
-1012
-636
-72
-43
269
-3
163
149
338
239
-783
199
-959
-325
368
271
-490
-596
96
-588
122
-900
512
61
312
70
68
656
-1134
479
-401
-694
-306
-187
-464
-406
935
707
-422
623
-93
-1063
-301
588
-209
154
993
-716
-172
373
917
596
-410
891
-1072
-44
-158
-85
-305
-1471
-580
-38
7
500
826
-276
276
416
107
-535
-62
-87
82
-14
318
-64
389
-5
353
-140
-498
-50
-213
200
-729
428
-190
-897
-79
-202
618
294
564
217
128
-103
551
-541
-617
758
-467
516
258
513
185
140
56
357
180
581
360
1105
-324
-75
-266
244
-1157
63
-787
-61
648
1133
259
-766
374
61
405
144
676
755
-542
-501
-304
422
262
112
618
-495
-584
225
157
175
816
427
-890
-11
447
-71
-29
-568
-269
-84
314
-881
-185
-384
-475
-908
-184
398
71
-210
456
773
11
-177
-755
-170
196
168
-115
-425
8
-134
-290
-858
-383
440
134
-26
-670
-695
180
7
177
300
110
-15
-634
2
-505
-842
1344
165
-285
321
1161
473
-476
369
-793
511
-168
-93
374
-170
16
-196
336
-162
-369
-356
-406
297
-494
2
-455
-255
-248
172
820
412
1077
-916
-317
-133
-454
32
570
650
596
256
176
45
759
203
407
635
-583
255
334
-140
-431
629
233
-1642
143
521
-823
-503
297
-1424
-23
-902
563
-821
2184
-722
-570
64
551
332
-4
-227
-6
421
-443
525
-230
-521
-887
52
1445
444
-87
784
-47
518
442
-299
1001
652
16
419
-566
573
-599
-454
438
-3
103
-304
1030
-343
1151
-267
-79
122
-508
325
400
-1105
-642
-224
-39
3
190
-92
89
-97
-237
-594
96
-600
-825
554
12
-495
-759
-358
315
-363
-1068
-364
775
723
-175
357
-916
-262
351
-624
-141
558
-321
773
-135
-453
-514
-803
457
-264
-194
-257
410
673
1256
2
792
531
84
-16
-1355
275
-303
-75
-550
-273
-112
-581
-735
-287
82
-236
-617
-375
205
238
72
216
131
356
-692
199
-46
378
-82
-209
-247
-43
-1074
581
1080
-867
303
764
-722
163
-58
-335
783
-235
1048
117
-115
-721
777
365
432
-165
-760
314
-1356
988
248
-302
113
-561
-246
-101
-31
-452
-718
501
-687
-687
-869
917
279
75
-560
1343
-506
-269
386
980
90
-1360
149
-1069
1145
-895
250
369
-384
1834
551
-173
-818
-232
-429
539
-538
-478
522
405
-987
326
-478
295
-369
299
-46
120
334
-543
-949
-178
203
255
513
-465
-477
311
19
-19
-1534
593
-309
94
970
662
335
559
435
142
29
-21
92
727
-740
184
199
-183
-315
-431
-1071
-911
349
582
188
-1018
-852
778
119
-277
-332
598
-89
725
-500
459
-152
-637
-316
-456
-127
-445
349
212
405
-1233
294
214
-784
405
-836
54
59
855
-36
770
-501
528
-679
-575
-538
-332
94
732
740
195
533
1030
193
-745
-190
489
-547
-404
-235
-206
-343
530
-66
1055
911
558
-41
407
-355
537
97
453
1167
26
1214
1143
-73
464
-369
516
-646
-580
695
-152
-134
501
-186
1054
120
334
227
-302
-85
510
-597
29
1610
187
1021
-1113
346
681
-425
-639
-73
-316
-277
-1076
481
497
-435
-680
374
-570
-274
789
78
323
33
-52
-606
-127
-765
383
1291
-293
-200
591
222
296
-77
-122
-38
530
1461
570
-510
-366
-609
71
304
-318
179
336
-606
-583
188
0
-46
1142
-230
-1205
-19
-368
592
335
816
-557
622
-342
-268
113
407
-32
-1001
425
647
129
384
-10
527
406
-670
-1186
275
709
-196
97
-646
234
-91
-68
36
39
-1
-432
-305
-389
-747
212
159
401
370
326
-703
-7
451
-1332
565
-587
88
-429
-233
-588
-127
479
-551
-889
67
-529
32
-385
91
577
-929
-308
-831
65
158
-406
229
300
105
-893
43
786
-86
401
-818
260
326
853
251
400
-69
865
189
510
-1498
-267
59
156
-178
-223
106
13
118
7
1273
-76
-62
309
-584
847
7
103
-894
-855
747
805
-777
-170
605
-1284
584
491
30
416
122
-9
784
277
423
-427
-273
-1286
726
-879
-544
960
-441
-536
-207
-424
336
356
-661
-911
-218
-749
477
1491
-96
1116
-749
1013
57
881
4
700
1417
28
-672
305
-302
173
-338
-128
-296
-706
565
-473
-342
530
159
304
-619
40
1258
316
590
-248
77
551
381
699
784
1138
528
-222
1273
-1000
250
-605
490
-401
-356
142
-355
-883
353
-272
-200
-346
182
-383
-913
-74
-1012
271
-196
71
-378
-593
-293
580
-103
1048
529
736
-256
-295
-634
1626
-1431
879
-183
-630
-751
-1101
479
-940
-1340
1029
-302
-132
390
-617
531
117
706
661
769
-63
-311
1156
289
349
-404
522
-1534
-745
-629
1211
-72
-1586
117
173
-752
-821
-1033
6
120
-811
326
-397
233
927
-25
-230
-36
-687
-249
-89
-265
1029
385
-1587
-433
1269
-30
415
763
-104
325
259
387
879
370
-929
531
438
1229
649
347
-1014
342
-179
-794
327
176
-605
-160
129
889
-257
228
487
360
710
541
-857
-201
321
-357
37
-418
-48
-397
613
356
-279
11
-162
936
-523
482
495
487
593
50
93
642
805
739
826
-816
-739
245
47
34
-1192
-942
-993
-133
267
512
-566
-174
-462
-612
643
-781
-769
-1028
-142
539
-165
725
-187
-1201
228
1122
31
-511
-241
1610
744
720
56
133
-282
589
-131
-860
-324
362
400
241
-1051
273
-207
345
-722
-329
-48
-431
297
-391
5
319
767
509
397
-553
-688
-52
-359
-1010
-569
-204
59
-48
-754
-171
128
-926
-492
189
-989
78
-325
39
295
48
-8
670
241
-1493
352
-537
92
280
-2
-215
-129
-342
411
-609
333
350
-437
168
291
-193
1014
543
1157
1007
710
-375
395
-137
-343
44
-261
596
1242
-56
179
363
-267
349
-458
-493
-381
-946
-721
-31
-312
-243
-336
-150
-156
-460
-158
161
289
-62
-53
1300
213
-222
-277
230
655
351
-69
838
-340
-607
145
-376
240
-672
414
351
580
731
1269
665
226
-380
-226
-153
169
638
152
-536
-33
-575
199
-208
732
819
1014
80
436
533
-470
-671
-370
842
-32
-167
-383
-5
-488
1316
-78
-71
-202
-461
-366
-161
-155
900
-404
-862
-190
318
-25
-701
-358
297
-607
-255
423
-815
990
-385
-576
-1063
-759
-1156
-65
314
-329
410
13
-647
-385
1227
-586
-690
188
-1329
-85
-248
283
776
497
-701
-283
1646
-121
-433
382
788
393
-96
120
-109
781
446
277
34
101
-1226
456
17
134
-1161
-1347
152
-385
1327
1021
-819
457
291
1147
1109
243
681
-529
590
578
451
-1010
132
140
212
477
-885
-268
1291
281
437
-873
281
-372
143
101
330
748
-87
638
74
81
730
-115
-301
-804
-251
-884
157
-125
183
76
414
-7
793
-295
-82
-812
52
357
-88
800
-6
-615
-406
-90
-128
100
-1227
331
-424
300
-158
-948
-461
385
396
694
-1405
-67
290
136
-411
-188
336
-336
971
636
-330
361
-547
808
-54
-1085
325
56
-35
-156
152
-506
39
495
-353
-636
98
-407
664
59
-120
-201
-640
-291
-68
241
451
-612
-578
-169
138
75
-14
-474
704
-271
-180
1030
-372
-745
2
32
-861
585
-325
-208
600
-910
287
286
582
-327
366
-135
79
-1695
313
685
294
-843
791
-96
385
413
754
394
-866
313
-736
-320
-393
-367
-497
-2
697
573
-315
140
642
-79
306
569
-710
-762
759
-844
304
128
-102
-613
1032
578
233
289
-1282
1317
-360
-690
-190
353
-503
-207
-204
492
837
-133
273
234
1080
-198
-560
355
588
-491
144
191
303
-81
-493
-171
1243
350
-776
-895
196
-601
814
435
184
520
14
-233
-456
375
-1134
-427
-35
-1422
78
291
-399
44
232
-413
-14
-78
-417
183
813
-144
919
-1274
-276
-527
159
391
422
-286
660
585
142
438
423
514
259
-100
-11
46
-1055
985
597
516
-442
89
1504
-306
-253
816
-759
-317
-467
-896
-494
-151
722
686
-680
469
987
460
274
-329
1037
-1193
-730
-1043
324
-746
803
542
-299
-315
1088
-469
-473
197
756
150
-335
605
-50
-517
-626
263
258
-458
-12
508
904
-644
-105
620
14
352
192
800
198
-253
-697
85
-293
1797
13
-1
-588
-383
-242
92
-697
-1073
428
-323
75
606
1053
-218
347
253
685
25
289
-48
119
30
843
-411
39
-658
-152
-66
-803
709
-236
716
-466
31
-35
-165
-52
132
-111
-383
-119
-689
509
319
-767
-20
94
-383
-745
481
460
68
681
35
733
-80
-353
204
301
957
-140
194
302
-923
324
215
651
664
-136
-588
1131
-527
244
-9
165
356
-322
-303
-491
615
948
-101
-717
314
640
207
687
-801
-429
1689
-467
339
916
1147
-166
1265
410
-49
-397
106
162
459
-352
98
-584
279
-578
216
-918
-70
301
-338
-128
-478
-1141
-954
-615
271
368
387
532
570
48
-498
698
-180
-1050
-541
-564
109
203
237
-1096
583
692
-995
-360
-38
-592
-78
-255
887
304
805
15
-700
171
-227
574
549
568
-33
776
411
264
-293
-575
