24 70 25
0 3
0 5
0 10
1 11
1 20
1 21
2 8
3 15
3 18
4 0
4 2
4 15
5 0
5 4
5 11
5 13
6 16
7 9
8 4
8 5
8 13
8 21
8 22
9 3
9 15
9 19
10 17
10 19
12 0
12 3
12 13
12 18
12 19
13 7
13 8
13 17
13 18
14 1
14 4
15 5
15 6
15 18
16 8
16 11
16 16
16 18
17 4
17 8
17 13
17 18
18 9
18 11
19 13
19 22
20 15
20 22
21 4
22 6
22 7
22 12
22 14
22 15
22 16
22 17
22 19
22 20
23 8
23 14
23 15
23 22
34
30
54
1
66
6
16
35
57
37
22
42
40
55
62
56
15
46
33
53
64
43
7
60
32
67
17
28
49
58
8
31
2
19
5
23
61
68
0
38
13
69
24
9
39
25
4
59
65
27
52
21
18
50
12
29
36
63
11
51
47
10
48
26
41
45
14
3
44
20
-24
1
-9
-45
0
66
17
48
24
24
-15
-24
33
-4
-26
19
-8
-6
-15
-34
35
45
13
-10
27
-7
22
-32
53
54
-34
-1
-17
0
-4
56
1
22
34
20
77
15
-12
3
-2
53
-33
-4
-10
-14
-42
30
-8
79
50
10
17
44
-10
-39
-63
29
-11
-28
-16
2
-5
8
8
19
21
30
-49
-11
-13
45
-40
-8
34
-7
24
-51
-34
-7
9
-9
26
-22
-35
0
18
3
22
33
50
-25
20
-40
24
-22
65
-22
-3
2
7
20
-7
7
32
33
8
-14
9
-44
4
13
-8
-6
-8
25
0
-37
-36
-36
6
49
-6
-6
-29
3
36
2
16
12
-45
-2
1
8
11
6
-4
6
5
-16
-2
-7
12
-39
-17
9
-7
-20
-16
1
-32
-3
26
-2
-1
6
5
-31
-13
3
24
-85
24
46
-41
5
-20
8
13
-11
29
36
-2
37
55
27
-14
-33
-35
-55
23
43
-21
-38
5
-16
1
18
17
28
-37
-16
13
45
-2
16
-8
40
78
-40
-32
31
-50
27
1
-20
-14
2
-28
38
14
-11
33
-34
-30
39
-27
-19
-14
-19
7
40
-26
9
1
43
-9
28
3
-32
10
6
-7
34
4
-1
16
17
38
20
-6
19
11
-8
-6
46
-34
-23
1
9
-12
9
-6
15
3
17
46
8
-38
-42
-11
-28
56
43
31
-41
42
12
3
5
-9
17
19
18
-13
7
15
-14
33
-7
-16
8
12
-30
-1
-19
36
-10
0
10
-8
-16
-64
8
0
-27
19
-22
-14
13
-7
3
-20
11
-29
-14
-26
21
-14
-59
-17
21
-9
39
69
40
-56
-21
40
5
-9
14
22
-9
-39
12
6
73
-15
-11
19
-3
-53
20
-14
-49
-9
-9
17
-7
28
0
-23
42
-46
-14
-13
-24
-30
29
18
-41
0
-44
27
42
1
45
-37
-2
-32
-8
7
-24
25
33
-4
10
0
-44
9
8
-20
-65
-19
18
-8
-43
5
-41
-8
-8
-7
-17
28
17
-20
-4
-3
31
36
19
-5
4
5
8
-27
-40
-1
12
-3
-16
-30
-21
28
-8
-19
6
0
13
-10
19
28
-6
2
-47
-20
-30
42
34
-11
4
-36
16
15
3
9
39
-8
20
-10
10
-17
42
5
5
36
-5
-24
-44
-34
25
-7
-64
-21
-14
-27
-23
16
2
-9
26
-30
-24
13
-1
38
-23
-42
-9
-13
24
-11
3
14
-5
12
-46
-31
10
-6
6
-20
-11
32
60
31
35
-12
-41
-13
-3
-6
25
-16
37
-38
-6
-23
22
-17
-15
23
-1
30
-38
-8
-5
-48
0
59
-47
-39
-43
-6
-40
-24
13
-25
17
32
-29
-19
28
46
28
-9
-22
-19
31
-19
39
30
24
39
-20
-43
-26
-9
-38
-42
-18
10
61
-23
-31
39
-35
42
7
29
-11
-28
29
42
-1
21
-1
23
-12
31
10
-44
1
-1
18
9
19
-22
-2
18
10
30
28
25
25
38
14
13
-29
18
29
-15
26
-21
23
-22
26
-7
-51
-3
-15
1
-1
-33
36
15
-41
26
-38
-21
9
3
-4
-5
12
-2
-13
-45
-15
13
-53
-2
65
-13
-14
34
-15
-9
-21
11
12
31
10
28
8
19
19
-8
16
-27
4
-19
37
21
-16
9
7
-34
9
-25
26
15
16
37
-4
10
14
-2
-73
16
-3
11
13
35
14
2
-3
-7
-11
1
-3
12
15
-15
-1
14
9
77
46
19
-6
-11
21
14
12
-31
63
69
-12
-10
-41
-25
18
-7
15
-3
-6
8
10
5
-20
25
20
21
34
-7
-9
-27
-25
2
26
-21
-4
-15
12
29
-32
14
0
29
4
-21
-16
16
0
-32
-34
18
-5
16
4
20
1
14
32
-84
-7
38
0
-25
1
-36
-2
8
2
-15
-29
-6
-29
-11
-14
47
-31
0
-37
-15
-22
-18
8
-14
32
-10
22
20
-6
15
-38
-44
9
18
6
39
4
-6
4
-35
55
-55
-11
16
-2
-11
21
20
0
3
2
-15
-30
-18
-21
-3
-5
13
20
-11
39
29
8
-52
-26
19
-13
-29
0
-43
-49
18
7
-11
1
-32
17
-63
-7
-4
-36
-32
8
14
-10
35
20
-15
57
-22
2
-13
25
36
28
15
0
-7
-18
18
11
2
-4
25
-58
56
25
18
5
4
30
11
-48
-14
-7
-9
9
-4
37
-25
18
14
-14
14
6
32
5
7
-1
-5
8
-9
-36
10
23
2
-17
40
14
40
6
-22
5
51
-14
21
-53
-25
18
2
-4
-46
-2
43
-31
-5
-4
-8
8
-18
55
15
23
16
-26
5
-5
27
-11
-46
41
-48
17
-10
16
14
16
1
-22
21
8
-46
-14
7
-45
12
-42
-36
-45
-49
-6
51
7
-11
26
-8
-36
-41
10
33
27
18
5
19
-2
-32
21
31
-13
3
-4
27
3
31
-27
-10
20
10
4
-31
1
30
-24
3
49
17
0
11
4
15
5
35
11
-29
-21
-18
-34
32
-30
-25
-21
13
-52
-10
49
-16
38
18
11
-15
12
15
42
-10
-22
-26
15
-5
6
-58
-28
41
-16
-3
12
12
-41
-31
-26
-50
12
-5
-18
1
37
-27
30
-11
-25
22
21
-30
16
-30
-31
27
-3
16
-11
11
26
-7
-14
19
11
6
8
-16
10
31
-19
-10
-10
-21
6
6
-20
-6
4
-13
37
-38
-12
10
-10
-21
1
12
11
1
16
11
32
8
-28
-35
-29
28
-23
-33
29
-23
-9
-9
31
-10
38
-26
2
-3
-6
-27
5
-29
15
-38
55
-15
-33
13
-7
-40
11
-14
-28
30
-11
6
-9
66
15
-7
-19
-17
14
-2
32
19
-13
-29
62
17
29
22
11
-29
31
46
31
-27
-10
18
7
-33
-16
16
9
14
10
-8
8
38
7
11
9
-34
5
3
-38
-22
-37
2
-33
50
29
10
-28
8
-16
2
49
-13
-14
12
-14
20
-34
28
18
41
-34
-3
-43
4
-5
-24
29
-18
20
-36
40
-16
6
32
-6
15
16
5
-15
-15
-26
7
1
5
25
-53
3
-14
12
-17
47
-14
-72
15
-39
4
-20
-36
-3
-23
25
-52
-43
15
-18
20
-28
24
20
-2
-28
-9
20
19
14
3
-15
7
26
-5
14
-9
9
-2
-42
20
0
-44
46
5
-17
-1
19
57
-36
20
-14
19
17
18
-8
11
51
21
8
-12
-4
-37
21
-26
0
4
-19
9
5
45
-30
21
18
-5
-23
16
21
2
1
27
14
24
-2
7
-51
0
17
17
22
7
6
10
-23
27
16
12
6
-14
-4
0
-6
47
44
49
4
33
-44
16
-33
9
-7
7
-56
6
-38
-4
-37
-19
8
20
-4
1
-13
-16
7
29
19
28
-19
13
21
-8
-28
20
-11
2
-34
-4
-23
27
10
-4
10
3
-41
-9
1
9
-50
1
1
-41
2
-6
-22
-32
-25
-30
13
-46
12
7
-12
36
12
-7
16
0
56
-55
0
9
-5
18
-9
15
-28
-9
2
45
11
11
-9
-26
-18
1
25
-18
-56
-9
-22
7
35
-6
-3
25
-25
3
29
-40
50
-30
24
40
27
24
62
-57
-29
-20
-20
-18
5
10
20
4
-12
-2
-28
-58
29
-6
15
4
-20
-7
-15
-40
3
10
26
7
-28
4
5
-9
27
22
2
26
-18
-3
5
-16
32
-2
-37
5
39
13
28
10
-25
12
31
-14
-1
30
2
-2
-59
17
24
28
26
-24
-29
26
-14
-31
22
31
-3
22
-6
-11
26
-23
-20
42
-8
-1
69
9
27
23
0
-1
-24
40
21
8
-21
44
-3
3
22
16
4
-3
-20
21
-27
15
-23
10
-5
-36
16
-24
26
21
-38
23
41
-25
-18
-14
21
10
-11
-31
-23
13
22
27
4
-6
-37
-28
3
51
5
-7
-43
-4
8
-55
-5
35
-20
-1
27
11
-32
-2
10
-35
-7
-3
19
1
4
-13
-27
-43
-12
54
-6
-1
45
-35
-22
-6
3
-27
22
-15
20
-30
22
23
16
-27
23
34
-50
12
2
28
11
-24
6
-35
-5
15
-15
-5
11
9
-8
-25
-8
4
-35
-18
-13
2
-16
17
9
-3
44
27
-60
-14
9
-36
-20
9
12
-8
-31
17
-49
-26
-11
-35
11
62
-12
-1
-14
-4
25
-11
3
-25
3
41
-43
5
9
-24
-17
-32
33
9
-9
-13
-52
6
14
-1
37
-22
30
9
-10
-11
-21
26
14
-25
28
-6
6
-11
20
12
-20
-10
14
-3
-40
21
19
-9
10
8
14
8
18
-9
27
-19
39
-18
-5
13
-31
-1
-36
22
1
3
-34
22
-1
-9
-4
1
-56
2
5
-4
8
-2
-39
-23
20
7
29
-9
10
-14
-5
-46
-7
0
-19
53
23
-22
10
5
62
4
-24
24
-63
-34
-13
-29
14
-24
25
18
54
-19
-16
-1
-3
16
0
3
-5
14
-8
4
41
-34
31
-22
57
-24
35
-6
2
6
12
22
12
5
46
-31
-8
2
10
-34
-3
-21
-13
-32
26
-31
-12
-2
-10
-63
40
-6
14
27
26
33
30
6
21
-8
-48
0
11
-1
-8
14
13
-15
45
-23
-40
-59
-35
26
21
43
33
62
-22
-19
-9
8
-2
-6
-16
0
14
-3
-14
-40
-20
-11
5
55
-17
-9
24
-2
-28
19
14
25
37
14
6
1
-14
30
21
-54
-6
7
10
-20
-26
-8
-46
25
29
2
-35
59
37
44
3
-20
14
-1
22
-21
6
27
-21
9
32
-16
10
-28
1
23
-6
32
26
47
-18
40
-52
14
24
19
68
12
25
-34
41
-2
-32
34
-6
27
4
9
0
-12
-26
-33
15
28
7
-32
4
-15
-16
-24
4
25
30
-54
10
-4
4
3
-12
-6
15
8
65
-15
8
-22
-28
-5
10
9
-7
6
7
-9
9
53
5
-14
-12
-21
18
-47
-24
23
-16
-26
-1
5
3
-44
9
15
-38
1
-1
-3
9
38
-1
26
15
-17
-36
7
29
28
-2
17
-43
-16
-16
-14
13
29
13
19
-10
-41
-3
-19
4
31
35
18
-24
24
23
8
17
-2
14
-7
13
-10
-1
21
42
-27
13
57
-28
-20
44
15
20
3
24
22
35
-28
-8
1
5
-47
-4
-15
-6
-16
18
-11
5
-34
26
36
-43
32
-4
-9
-13
-28
45
-14
-42
-29
13
-3
-1
-3
18
44
-46
43
9
13
-28
2
-60
16
-1
17
-10
-29
-10
55
-11
-21
28
-65
20
-55
22
30
-27
-8
-3
7
-22
-1
0
51
17
-32
4
26
16
-10
-16
50
16
0
19
7
-9
19
38
19
6
-29
19
-27
22
-33
21
-36
16
-1
-9
7
-9
17
16
-25
-20
24
-31
75
22
-62
-31
-9
-13
22
-9
-11
-48
-11
-10
37
9
-46
-27
17
46
-9
-10
19
1
-9
33
30
4
-40
-18
21
69
-11
26
20
3
30
12
-5
40
14
10
12
-2
-9
7
31
-35
1
-37
-3
-16
19
14
-15
19
-41
3
4
-25
-22
36
6
-38
-9
-13
23
36
-49
25
-14
-43
-43
-3
-17
2
-17
-37
22
7
3
45
0
-13
6
3
28
22
-5
1
12
5
-17
-16
51
23
74
9
10
-7
26
-58
-50
-6
10
-16
3
-18
-31
6
-4
22
4
-1
3
-14
20
-30
8
-4
-1
-19
15
26
35
4
-29
-28
9
-5
6
-15
24
43
28
17
12
1
4
19
-27
-17
-30
0
-10
37
-15
-61
-15
21
-13
-24
-24
31
16
9
54
3
1
-27
-22
19
25
16
19
-42
0
18
1
1
17
24
-12
7
29
10
-5
46
-17
8
-45
-8
5
30
8
4
25
-22
2
-17
-21
-18
-30
18
10
6
21
-15
14
-25
-48
0
-8
37
35
15
26
-32
31
26
11
33
-29
-34
-3
-10
15
64
23
50
13
17
-3
-11
25
17
20
-20
26
-3
20
-6
-31
6
-55
40
57
-24
29
26
-11
-28
17
-3
2
28
34
23
34
-37
26
45
31
-62
32
-3
-8
28
6
-8
-43
-14
-14
-7
-15
12
-14
10
27
-19
19
-8
17
-9
-25
-35
39
-7
-2
-15
13
-22
38
-29
15
-15
-26
7
20
-11
22
-34
-19
13
6
2
-9
27
26
17
-29
47
1
-47
39
53
-58
-14
8
-13
-9
-6
25
8
-30
14
-15
15
2
16
-17
-4
48
11
-22
-11
-4
-20
0
-5
35
-58
16
12
-9
4
23
30
-6
-19
23
-10
0
-11
11
-34
-58
36
38
2
3
16
17
25
44
-5
-10
28
-29
-49
3
-29
9
-16
-29
7
-28
25
-1
23
-11
1
0
-1
42
10
-36
-8
33
-28
8
1
34
-21
-20
10
-7
22
6
2
9
5
30
-17
-31
-1
-5
-18
-22
6
28
31
24
-7
1
26
0
39
29
26
11
30
-22
-41
25
-54
-22
12
-5
-1
13
14
-6
38
-1
-18
13
-21
34
-27
58
-5
-39
31
17
41
8
-11
-31
-37
-23
-2
0
-13
23
12
-4
16
-29
23
15
-38
18
-9
12
6
0
19
18
-40
47
-7
-14
-14
26
8
27
6
-60
-13
-46
12
-2
-14
27
11
-47
-28
5
20
35
-33
-14
45
-6
38
6
-25
48
46
-47
54
15
-10
-17
3
-36
-5
8
-32
-2
35
22
-38
21
-17
-5
4
-16
30
-4
3
37
10
4
19
1
-16
-30
30
-16
-12
1
-5
8
-30
-6
20
-18
14
-46
-7
18
-39
-41
9
16
-9
4
-10
-22
-22
-12
-7
7
-5
25
24
-4
-64
2
35
-2
-45
1
21
-2
-7
-31
25
-25
29
-10
-30
-30
16
-18
-17
4
1
9
4
38
0
39
4
-33
7
-41
9
-16
-45
37
11
-16
47
7
50
40
-21
27
2
-19
-3
-19
-58
-32
12
-6
30
-15
-9
-8
-35
-25
18
-30
10
-25
18
-5
-14
18
70
-15
43
18
9
19
-48
-13
-33
-26
-5
2
53
23
-24
-2
-41
-1
5
24
13
-1
-38
-8
-22
4
48
-3
-25
6
38
-19
-6
-8
30
-32
2
9
-41
-30
-21
9
39
24
20
-7
-58
-6
-19
-1
-2
-8
-29
-41
3
5
4
28
40
-4
2
1
-5
6
-7
-65
-20
44
-22
7
1
7
14
14
-5
-10
12
-30
2
-23
-35
20
2
-9
53
-17
-6
20
20
-8
13
-24
13
26
7
-25
5
6
-14
8
-11
17
4
-20
9
2
13
69
25
-15
-5
22
-30
-7
26
-21
-16
-7
-13
-30
-18
-16
43
4
46
-9
22
22
56
17
-3
2
-9
-61
-29
20
47
-25
16
5
-20
-2
3
5
-2
-33
31
-3
-29
0
19
-32
22
-21
-7
-39
-4
-15
-16
31
-10
-7
-16
26
10
-4
-13
-30
-8
-35
11
-36
71
-39
20
-4
11
-15
1
38
11
-22
34
-13
-24
16
11
8
6
-23
28
-26
-20
-58
-38
4
11
-30
-63
-30
0
-35
28
6
-6
18
10
16
-9
2
14
-29
-20
-6
14
-6
71
3
-19
16
-8
31
12
-18
30
-23
-7
-4
-18
-33
6
-19
-49
-18
47
-20
0
-5
9
12
-13
-53
37
-8
-1
-6
-46
-25
-9
-11
12
-55
2
17
10
-26
-34
-16
-26
-46
-8
9
35
15
-30
3
8
-48
-43
-5
-17
4
16
-21
4
28
30
26
26
15
22
13
2
32
34
4
40
-3
-26
18
6
-33
-20
-37
-2
-16
-43
10
12
2
-26
-18
-59
28
-2
22
23
-3
-36
33
7
12
6
-1
33
34
-13
4
-20
9
15
-22
18
19
-29
-14
-13
20
31
19
-10
-55
-19
-2
47
-33
-20
73
16
-23
-29
-3
16
-43
6
18
14
1
-9
-47
-4
28
29
-12
11
4
35
-5
-9
-23
-13
-21
-30
13
29
23
-11
28
34
-11
8
-10
-1
32
26
28
15
-27
-12
42
47
-29
-13
-23
-4
-33
6
-25
-18
-26
-16
-14
-7
-18
7
-22
17
4
-3
21
24
-17
-2
48
-4
41
41
-29
7
29
-36
-1
-22
19
-20
-10
-17
-9
2
-18
31
-10
19
4
34
-46
11
33
-12
-10
47
-2
5
15
12
-42
8
-44
17
11
7
-17
12
-14
23
-26
-1
9
-10
-34
-28
-12
7
36
-17
-15
-13
-30
15
20
27
18
-42
1
37
13
-13
6
11
18
-15
17
-17
-22
10
15
-49
24
-7
-49
-15
21
-5
-2
29
-7
20
-44
-6
8
-19
10
34
39
-22
-24
-35
-19
-11
-30
-24
-46
-26
18
9
-59
23
2
-1
21
-9
-42
-31
45
-33
38
-13
-25
-45
16
-11
44
-42
-10
9
40
-9
24
-17
-19
8
-13
-6
10
6
-39
21
5
-5
37
12
4
-29
-16
-39
-2
6
-4
-12
23
0
9
10
13
-31
-27
19
6
-37
-13
17
-13
-50
34
-4
-17
28
25
-6
-7
17
-35
-8
-15
-58
-19
6
-1
13
-3
2
27
-13
27
8
-13
61
18
-44
5
-21
-15
-41
-4
-59
-27
34
-16
21
-23
8
-12
-70
61
20
24
-16
-1
-33
-7
31
-5
-31
-16
-5
26
39
-12
-56
-10
-16
-42
-45
-56
-7
-27
-31
-38
-7
-9
14
-3
11
19
-19
-19
-2
8
6
43
26
-35
0
15
27
11
-31
1
2
21
27
20
-39
-33
-50
-17
8
34
-7
0
27
23
-37
-40
28
-11
10
-12
5
-22
25
-6
-13
-29
-32
-26
-7
55
2
-16
20
-14
10
-22
-14
30
12
1
-31
-15
-1
-45
-11
6
5
30
-59
-1
10
-19
5
-36
-62
18
1
-11
-12
-11
1
5
-20
-8
35
30
-4
6
10
-13
-30
6
13
-17
-6
-20
13
-33
34
-7
-56
54
-19
1
32
12
0
-5
-14
1
17
-35
7
2
-42
28
24
20
-43
23
18
15
-2
-38
-8
40
-8
14
-35
-26
-30
-42
14
18
34
-11
6
9
18
28
-13
-17
-31
-8
12
-10
0
33
31
-24
40
48
3
16
-26
-42
14
12
-3
35
5
33
-18
14
-30
-2
22
-32
11
35
15
-42
30
-40
-14
26
10
-3
5
-33
-8
0
9
-31
40
21
-19
2
-6
-26
-35
-20
24
-35
-14
39
-5
14
7
33
-11
-1
21
-38
-22
23
-4
-13
-34
-9
-32
13
-11
-16
16
23
-19
2
17
-11
-66
-21
-2
22
26
-10
-8
10
-21
-17
-9
40
20
-3
1
-3
-11
-12
0
-11
34
-23
23
57
-20
-3
3
0
0
2
7
-14
-23
12
1
-18
7
14
27
26
-5
10
26
12
-19
-28
1
0
-33
31
9
7
-60
38
3
-27
9
21
23
-32
-30
23
0
-23
28
-33
-15
-21
-15
35
-33
-5
5
55
3
30
28
13
-39
-20
44
-27
19
-4
-16
-39
-35
-38
-53
-12
29
-44
-27
46
16
-15
-1
-10
1
6
-27
-11
-17
11
50
-13
35
-15
42
14
65
-6
-10
29
-19
-28
-5
-15
-44
15
30
-33
5
-16
11
-23
-7
-14
-53
30
-7
-13
-34
52
3
-1
4
19
5
-40
-33
20
-17
-24
4
-13
42
-16
8
-17
-14
-3
4
-3
41
10
-17
1
-10
26
15
-29
62
-13
-13
-29
34
6
0
-6
22
-57
17
52
12
7
-1
19
6
-43
-22
-26
-15
-30
-9
-58
-9
1
-1
-20
-44
11
3
-18
-15
16
34
5
-12
4
2
5
-29
29
57
-26
-9
-13
-31
2
-46
0
-16
-5
-42
5
81
13
-28
60
-10
-59
-24
18
7
30
-28
-37
25
-16
-47
9
15
5
-1
-30
-43
-36
-53
-17
-16
-7
-30
-19
15
-20
-21
-33
-56
-17
-42
-7
6
41
1
-21
31
-9
-31
-23
-29
26
-20
-36
-23
-1
2
-21
-9
-6
-10
7
16
23
-13
16
-55
-49
38
28
-16
3
19
-5
40
34
-14
16
-18
-21
-9
-31
-7
-18
-36
23
7
27
59
19
24
-16
-5
-5
12
-27
-40
19
-35
21
-9
18
-18
-27
13
6
-32
34
9
-4
-17
-61
15
38
7
19
-54
-26
25
-14
0
-14
8
-7
5
25
1
0
57
8
-21
-16
0
17
-37
-21
-55
-1
19
1
-24
-11
24
-8
42
19
-34
-5
-30
-44
47
-10
19
4
-4
-40
-27
-28
7
-7
10
15
-8
0
16
0
10
2
-15
-34
34
-21
22
9
-15
9
-1
-74
-6
37
-40
21
-10
19
14
-28
0
31
56
-44
36
21
5
24
-17
-52
15
1
15
-14
0
-24
-10
19
-5
-31
-14
-3
12
63
21
43
71
31
33
33
4
-40
9
20
1
15
41
-52
-50
-6
31
17
23
-24
-26
-37
-1
23
-46
4
-15
12
-2
13
-4
-4
2
-17
34
-12
6
-1
63
-67
-14
20
7
28
-60
21
-54
21
-5
12
-16
43
-15
-4
-4
-22
2
-16
-25
7
53
13
-38
-5
-87
25
12
0
-2
-8
-2
17
-14
-22
4
-12
14
23
-45
6
-14
11
21
-9
-15
17
29
-32
-1
-3
43
-37
-9
-7
25
13
30
21
18
1
4
0
-19
-34
28
24
-35
27
-34
16
51
-3
-19
38
-17
13
-4
5
-67
0
6
22
12
18
-24
-59
-2
29
8
56
8
11
-6
32
-7
22
14
-27
-5
68
4
-30
18
-29
-27
-23
-31
-10
0
13
-6
-2
-12
-5
-56
-18
37
-10
-6
2
58
-2
33
0
-11
-38
-4
-3
-22
-4
-9
18
38
-2
16
-1
-2
3
-1
-6
-58
-11
-7
-13
-45
-5
-8
-19
9
-9
-6
39
-10
-12
-18
14
26
2
44
15
-23
-6
-42
-23
-27
-8
34
12
22
14
26
14
0
-47
-21
-6
-42
25
-3
5
11
-51
6
-13
-1
-8
56
-45
31
-29
22
20
-59
44
2
50
-10
-34
27
15
-17
-21
1
-20
5
-37
1
-12
20
12
31
12
-14
-7
-12
-9
20
-29
31
33
34
33
14
73
-8
1
21
-2
15
-46
-18
-14
-34
-2
44
-31
-34
48
17
9
-10
25
-19
33
25
22
59
47
21
23
6
-8
5
-53
6
-26
9
17
46
30
-20
-66
-14
0
18
18
12
11
-10
22
29
-44
26
24
25
-26
-35
5
-25
-57
-9
34
16
-14
-6
-6
-20
-45
3
37
0
12
-7
5
-16
-30
61
-46
-8
-8
-35
-48
-2
26
57
1
9
10
-14
-15
-2
30
-9
48
22
-33
-35
8
10
-1
29
11
46
27
33
-30
-13
5
24
22
10
-21
9
27
-41
18
41
-19
22
-29
-19
-38
-29
19
13
9
-31
-7
2
-8
-9
-21
-37
-33
14
38
8
26
-1
-21
-34
31
-28
-26
20
-5
0
7
25
23
8
27
-12
-14
-19
5
40
46
-33
-18
-21
-9
-22
-23
-16
-27
-9
6
30
10
-58
-20
2
0
-2
-15
-2
17
6
-17
1
-44
-10
6
26
-12
41
14
-9
-36
-7
53
15
11
16
-22
6
6
-20
-15
-13
7
14
-7
-89
14
-36
29
18
32
7
-2
26
-3
-33
11
-13
19
-9
8
36
7
-7
26
10
-5
-42
30
-15
-9
13
34
24
-23
-22
10
12
-36
-6
-59
7
57
-4
0
-34
27
-3
41
17
-1
59
27
36
-24
11
50
25
-17
-21
47
13
26
-14
37
1
23
-11
19
-31
21
22
-11
0
-58
63
-9
7
-34
36
-18
-27
45
21
-43
8
27
-21
-10
27
3
25
27
-12
23
-20
-47
41
24
-29
-58
22
52
-3
-18
-12
29
-2
45
-15
31
42
8
-27
-44
10
1
-9
5
-37
13
29
17
10
-18
15
37
38
29
12
29
27
14
-7
19
29
-25
9
28
-11
-57
-26
14
11
24
-9
-6
41
2
54
46
21
-56
-39
17
-14
11
-13
18
47
-2
-23
-13
-32
17
30
29
-21
16
20
-16
-8
16
4
-22
-8
10
29
-12
3
-16
-13
-28
-16
24
11
-22
0
-7
-3
-5
-17
44
15
-16
8
-17
-33
-42
35
-43
13
-29
-16
21
-7
1
0
-14
-18
10
0
20
14
-22
-22
28
-35
-17
-14
49
-8
-44
29
22
-7
44
-60
-28
-14
-6
18
-9
-6
33
15
32
-37
-13
-6
-1
-44
-37
-14
-41
-4
-23
12
8
10
-17
2
-7
-5
-45
3
-46
-1
6
-11
-55
-14
11
39
-59
-21
-14
10
20
8
-7
-17
-2
-11
-2
52
32
-30
-16
-13
40
-44
0
35
0
2
28
14
46
3
1
-13
0
-59
24
51
-15
17
12
0
5
50
-5
6
-11
6
7
19
-38
-3
-3
-34
5
25
-6
28
-23
-37
0
-19
-16
-43
11
24
-6
-14
3
-28
8
-10
-24
5
25
-13
15
-28
40
7
25
-32
30
-42
-29
3
-7
-10
-29
-14
-6
22
-33
-56
22
-50
-9
27
-25
21
8
18
6
9
26
-2
0
-35
-16
-27
3
-17
37
-17
-3
-13
17
-16
15
-11
-27
40
43
-25
20
-10
5
-4
43
27
-24
-9
-4
-25
-10
40
32
-1
4
5
22
14
-18
15
-64
5
1
-20
29
0
-5
1
-6
0
-24
-16
4
47
13
-7
9
9
3
-8
-18
2
-41
-1
-14
15
9
-18
26
33
34
-1
5
28
12
4
-15
-49
11
34
5
11
-15
5
76
-9
3
31
-38
33
29
19
39
34
16
5
-10
-7
-8
-24
2
-8
9
3
2
19
0
-19
-21
-73
-31
-37
-4
-30
4
-7
-70
9
6
-12
10
17
-9
-16
0
32
19
4
5
-9
-29
-2
-3
3
-33
47
-71
-21
-4
29
33
18
-13
-21
-6
42
3
25
24
-6
8
14
16
14
3
1
-42
22
-34
29
-22
-14
-49
22
0
-6
-42
44
-28
-1
13
-5
-49
24
14
6
-39
-14
23
-17
31
-21
-1
2
15
47
30
7
-41
-6
15
-18
15
-61
-10
-6
-18
-25
-19
16
-46
22
-6
-9
42
-24
-29
0
16
34
-19
4
50
-13
-30
18
-5
-39
13
17
16
16
21
-21
7
42
4
40
44
-17
6
-3
-65
7
29
16
-7
32
-16
4
-18
5
-16
7
-15
40
11
13
-23
8
6
-1
0
-37
39
11
19
-18
-39
-28
-23
-31
46
-11
-29
-4
21
37
-6
-12
7
-4
21
-54
-12
-19
-2
-6
-4
-33
24
20
-23
-15
0
-4
17
-47
9
-7
-20
-5
37
2
-57
18
7
26
46
7
-30
39
-19
19
41
-19
-35
1
-59
14
33
-8
-5
-21
-5
41
-32
25
4
4
-6
-51
-10
-9
3
-5
30
9
-22
-64
14
-34
33
-2
35
-12
7
13
2
-1
-21
22
-8
16
-3
-9
20
8
-27
-27
-8
-20
-9
1
-4
-17
3
-33
-42
-16
28
6
-8
-11
12
-18
-11
42
-31
12
-63
21
-65
35
7
14
-23
18
-27
25
-4
12
-28
-32
-21
-29
6
-1
-26
13
-56
19
8
29
34
5
29
1
27
-40
26
7
52
2
34
-2
-12
-21
-9
0
25
15
-8
1
19
-31
8
39
-41
16
-17
-11
-23
-43
-38
-7
10
-18
2
2
-19
7
-30
-50
29
-21
-30
11
7
41
-21
6
66
-12
-20
13
5
-15
-23
-8
4
30
20
17
-4
53
45
35
-32
-7
-35
-10
9
-30
-71
-2
-36
-22
-32
21
-26
42
-16
-2
-1
1
6
39
-28
-21
24
19
21
-28
2
15
47
1
3
-14
-23
-1
17
-10
-13
-5
-58
-10
17
0
7
12
21
3
-44
39
-10
-32
30
-32
35
-34
20
-10
-14
11
1
26
49
1
-12
39
27
-41
3
-1
10
7
49
-31
-54
35
-52
8
-24
7
-49
20
5
-32
-6
-21
3
3
-2
-44
12
39
-5
-57
-21
3
-20
-39
30
-12
-13
25
15
-12
-22
-20
2
-26
40
-32
-12
-24
-3
-48
-13
30
4
-14
-16
3
9
-6
12
-10
-52
-20
-2
35
4
14
-29
-25
30
-1
19
-22
16
21
42
35
-14
14
-20
-27
-4
18
5
17
4
16
43
-10
-21
0
-16
-39
-8
0
20
61
3
39
-5
-21
-6
-16
-1
-21
28
17
4
-44
-41
13
10
-27
-41
4
-5
-22
32
-10
21
38
32
6
48
24
4
-23
-37
-21
43
23
-42
-44
11
24
-17
-18
-13
-12
-13
-23
40
-21
-34
3
-44
-26
49
-20
-43
-22
-4
-1
30
-18
30
28
-17
44
-4
-10
-38
7
-34
23
23
-21
-10
-22
-1
-21
-15
-1
-17
-16
-53
-16
49
-26
37
16
-2
23
-2
-37
-1
17
35
22
32
13
-20
-27
1
-27
-15
-49
9
45
-22
51
0
-6
7
-29
10
-66
-26
-27
21
39
2
6
-6
17
-14
72
-6
-4
-28
7
12
33
19
-20
25
-17
-31
49
11
1
41
1
-9
-16
-27
-46
22
25
-3
-31
-30
7
5
48
-23
8
-21
-5
-33
31
-7
8
33
26
-24
49
11
-9
-7
-34
-11
6
-21
14
-21
1
-35
14
45
-14
-33
25
35
52
53
9
21
10
-4
-26
-24
4
-25
-4
-5
7
18
-17
-13
15
-8
4
13
21
0
-39
-37
10
-6
16
20
-19
5
1
19
17
-24
-6
-25
-7
15
-37
5
-7
2
50
14
-39
22
-10
3
-7
-17
5
19
10
-1
9
-14
-44
16
15
-18
11
-2
28
0
10
-15
-17
-49
-16
-25
5
-35
-36
8
-17
15
-17
-18
-7
17
-11
32
-3
19
27
1
-6
64
-26
27
-16
10
-7
-20
8
-11
-21
-23
26
29
17
28
-10
-24
-17
-27
13
-28
10
-4
4
11
5
-25
10
-12
7
10
47
45
-14
28
-20
23
13
-11
22
34
26
8
-10
-29
40
20
11
-34
-6
-56
-9
-31
-19
-7
-24
3
-7
-9
18
15
-2
-60
-10
14
-3
-27
-6
-43
30
7
-33
29
-6
-14
-33
27
-63
4
16
8
-48
27
25
-19
15
29
11
-20
5
16
10
-6
45
-14
23
-34
3
10
13
-6
-53
14
-8
-10
-26
-17
19
33
-23
-59
-9
10
-19
-34
24
19
0
11
-12
-6
-3
31
18
1
-13
48
-75
9
-19
-5
-22
-14
-30
19
-18
-10
27
2
12
22
22
-31
8
26
-13
-33
-38
-19
10
-26
3
24
-3
11
5
37
10
-9
-21
22
25
26
-12
4
-27
23
32
21
-30
-33
-11
26
29
34
-13
20
-7
4
-18
24
-18
-27
32
35
6
-16
18
23
-24
23
-14
-13
2
32
46
-49
27
25
10
-25
-32
8
23
-37
-20
7
28
-6
-2
14
14
-36
8
-43
-6
-17
-7
-10
-53
16
24
39
9
-1
16
-40
6
-30
29
-45
37
-9
-14
-6
22
-18
30
-16
-25
-10
23
-22
-8
39
38
-45
9
36
-54
71
2
14
-9
-18
-1
11
48
-39
-5
9
44
33
7
-22
19
62
-4
-24
3
2
7
-47
51
3
30
-10
10
21
8
12
35
-8
19
-13
14
2
29
8
27
-17
2
-22
-6
-26
52
44
18
-35
13
-2
-29
-13
-13
0
-2
-2
37
-5
21
4
-23
10
41
10
-11
-33
2
-19
4
-29
1
-34
-7
40
-27
-3
-4
16
8
-59
-13
20
10
29
17
37
28
24
8
-12
8
18
1
9
13
-9
12
35
-16
13
22
15
13
6
9
0
21
1
-8
-24
-9
-8
4
-38
35
-22
12
-1
-8
44
61
11
-3
-40
-13
20
48
-8
-19
23
31
-8
-1
-3
-16
-21
-2
-41
-3
-5
5
-2
8
-4
-16
-1
-27
25
-9
4
22
-23
-3
47
15
7
-16
-13
7
19
-32
15
-19
15
16
28
35
5
10
-60
27
-24
-19
-21
42
-47
20
-26
-4
42
-17
9
-2
38
37
-28
16
-6
-12
-7
-17
-7
19
-22
5
1
-30
-2
-12
10
13
8
-23
40
-26
30
21
28
10
0
2
-3
-41
-3
-38
-27
-11
33
13
-2
19
33
13
9
-24
14
37
3
47
-55
-20
-44
-39
3
-3
26
29
-2
9
8
-3
-4
24
-29
-11
9
21
36
8
-5
-11
-14
47
-17
45
79
15
13
-54
21
37
-6
10
8
20
-38
-5
3
-49
23
15
5
20
2
-17
20
-18
-5
55
-6
0
16
4
-22
-11
6
-18
-9
8
32
6
-2
5
18
16
11
17
-38
-36
-2
21
-7
36
-1
-29
2
-3
19
42
-48
26
17
-6
26
23
24
0
25
1
36
46
35
0
-21
-7
-18
-26
22
-2
-22
-31
-43
-10
4
46
0
21
5
-38
7
-2
-16
17
-7
28
34
26
6
-5
6
36
8
3
16
31
16
5
-14
-42
-14
5
-29
-30
-2
-15
29
-7
-6
16
-33
-10
2
14
-40
32
23
27
-19
-18
7
-12
0
-18
6
20
17
-22
14
-12
-33
-30
-5
-24
39
8
62
9
-2
-1
-14
3
-25
23
-31
-14
9
17
-18
22
-20
13
4
41
-11
-17
-8
29
40
28
-8
-4
-35
5
17
-59
-18
-2
-12
-17
-10
-21
-31
-13
41
14
-19
5
16
28
6
-11
26
5
4
41
-6
-12
-9
24
-10
-18
14
0
19
21
-11
16
15
-25
-12
10
35
2
-11
-9
-7
24
28
7
37
3
-20
-27
2
-20
-31
24
-29
20
24
28
50
-20
-12
40
-80
-10
14
3
-9
19
-41
-15
6
-39
-20
19
-5
-21
-18
25
20
10
29
30
1
-8
-18
16
-12
-34
-9
-10
8
5
15
-13
-33
-4
-42
8
12
-21
-13
-13
-10
-25
-33
8
-26
49
-4
41
52
6
26
-34
16
9
9
12
25
10
-24
27
11
9
2
30
-25
5
-20
7
-21
-5
4
11
29
-16
5
-7
23
-63
-3
-25
-2
62
21
16
35
-45
30
-24
47
-5
40
64
5
8
-21
-29
22
11
-49
-12
-16
-16
17
-17
11
-23
36
-45
-38
21
6
-7
17
7
-60
12
22
2
-24
0
13
3
3
23
-39
13
-22
8
-31
-44
11
39
-29
22
19
4
-18
-15
11
28
34
42
-31
-2
23
-5
-12
-9
11
8
-38
-4
11
-1
40
-10
-27
-13
-1
11
3
-28
-28
30
-17
-5
19
-5
36
69
-24
20
2
-1
-6
-17
6
-13
-28
26
7
-10
-24
2
-16
-27
-30
4
-5
-1
21
-12
1
36
22
6
16
-7
20
-24
9
-32
15
34
6
-10
4
-6
51
14
-23
8
-14
-5
-1
6
20
48
-11
-20
20
-24
14
6
-14
8
-31
-44
-29
26
8
19
-50
13
7
-4
12
4
-17
-50
-16
6
34
-2
33
24
-24
39
-32
-24
-6
-24
-6
-39
-9
-34
3
15
-65
-10
13
-22
-22
-38
26
26
-18
-10
-52
-13
-3
8
27
-7
28
-22
-29
-38
27
-21
-16
13
14
-34
5
22
32
-14
10
-54
17
-68
-1
-27
-7
5
-14
-9
0
-26
5
30
18
-17
15
-17
-27
35
2
16
7
22
-23
-13
-12
-28
25
30
22
-31
-14
11
15
-26
1
-26
-6
-14
-20
-37
-7
-8
-8
-15
17
23
-35
31
0
0
0
36
23
4
29
73
-25
49
11
5
67
-4
-25
18
-38
-48
-12
-1
20
47
-25
-75
-11
35
44
37
-12
29
10
-4
-6
12
-8
7
-10
28
-13
11
21
13
-20
7
0
-2
3
25
33
-29
-1
16
-20
17
20
-2
-13
1
-42
-4
-11
-24
-3
-1
-58
-5
-30
34
-9
17
-29
53
-16
20
-31
49
-21
-3
58
42
-30
-46
16
37
37
27
13
-32
24
24
-18
14
20
24
50
80
-14
-22
13
12
-20
34
-53
-19
-36
7
0
-18
53
9
-4
63
-3
-13
6
30
30
6
-28
2
-2
0
28
-1
-57
-33
-7
19
32
-8
-20
1
-5
1
-10
-15
42
-28
20
5
60
8
36
-31
31
10
29
40
-33
-1
-11
-46
24
37
-44
-19
-12
6
-19
-34
-25
2
-27
-5
7
-4
55
31
-25
-10
14
-31
-11
25
18
-13
31
-8
39
6
-44
-15
3
-4
0
-46
-3
-15
-8
-15
-11
-15
-22
3
-20
-41
-26
12
32
35
36
-16
52
-5
30
18
14
-18
34
5
-14
29
-35
3
-46
-47
-33
5
1
-71
16
-26
0
-39
-14
-26
-39
-24
-8
-32
-1
59
55
7
-30
48
-2
11
-4
-20
29
-16
37
36
-11
19
-22
-35
-5
-9
-50
0
18
-27
-25
-52
21
25
24
29
-4
-12
1
-4
28
-9
-8
-3
-21
0
0
19
-40
27
45
0
-39
15
27
-12
-12
-45
-42
5
-15
-6
-7
-8
41
-25
9
24
0
41
12
1
55
-20
28
31
-29
-4
-33
4
-19
5
41
38
-18
5
-46
42
-9
29
-27
23
-46
31
-14
36
-25
2
10
7
7
-79
-14
-30
-15
-15
-19
-16
4
-26
-46
5
-35
17
33
2
-6
-31
-1
-41
-19
18
0
-10
9
9
-37
20
-8
-28
-4
25
-23
31
23
-10
-48
-50
16
-23
28
2
-24
21
63
-5
-21
-21
-13
-7
-64
-27
-27
-1
1
41
21
40
30
14
24
4
-13
23
-11
14
17
-36
-11
-40
24
26
8
13
-20
-5
-16
-22
14
6
12
-8
-21
25
-11
-7
-30
-10
16
-14
-1
15
14
-3
3
-30
4
-25
-6
20
-33
-33
37
10
-26
-13
-6
22
-40
15
-4
-36
0
-4
26
-50
-19
9
41
-32
4
-3
-46
38
-12
-38
23
-28
-23
27
17
-1
-32
15
3
-6
20
5
-23
0
47
-28
23
-2
13
-15
34
-37
-4
22
0
14
-4
-57
44
2
-6
-1
21
35
-51
-24
-12
-3
22
0
8
-34
12
-10
-4
-10
12
-1
-39
7
46
-28
19
1
-28
-18
-25
-12
-5
41
-45
15
-6
-24
3
-1
-32
0
-4
-1
-10
9
-19
6
57
-10
-9
-9
-9
26
31
6
-16
-8
5
6
0
12
-44
29
15
57
-45
-57
-21
30
-1
5
43
-23
13
13
-30
-8
0
-3
-4
-22
-66
-37
-28
-11
-44
14
21
-16
6
0
0
4
22
16
-11
22
-24
-39
28
17
21
22
4
-40
-21
10
27
4
23
6
14
-28
-18
13
-8
27
12
-14
-8
-7
-10
4
-17
5
-6
2
-1
-8
-21
-4
43
-18
6
-17
4
12
10
13
17
8
60
-41
-4
10
-12
6
-5
27
21
6
53
26
2
34
-43
37
-16
6
-14
-7
-16
-2
-61
36
7
-25
-8
8
-27
-6
-8
-41
-4
56
18
6
14
-33
1
6
15
-30
7
13
26
-3
55
36
-9
-17
-32
-36
-15
-1
1
22
-26
-14
-46
-31
29
14
32
-25
-19
-7
-15
22
18
66
4
36
2
5
31
5
-39
-13
10
24
12
-38
-31
-34
10
-42
9
-47
37
22
29
-53
6
13
-11
7
3
-15
10
-15
22
-64
-4
-37
10
-35
42
-8
8
6
-59
8
14
-5
57
20
-7
3
19
-40
37
13
-16
1
3
-6
-3
36
9
-10
1
-13
3
11
41
1
0
12
-33
12
-14
23
19
0
-24
7
-11
-17
38
16
27
12
17
32
-2
-27
8
-4
43
-8
3
-3
19
5
6
-8
8
10
39
-23
32
-9
9
14
-43
7
-8
27
46
-62
2
20
-6
4
0
-20
-10
23
31
-14
-48
-15
-11
-18
49
-3
-12
41
-11
-10
12
9
14
6
-32
-21
1
-27
16
-7
7
-6
-35
8
-36
-3
18
-33
-19
25
49
14
-13
-23
-7
12
-10
2
-15
-20
19
7
-13
39
-20
-25
16
-14
-7
19
20
-1
28
2
1
17
0
-24
-13
-26
33
-13
-39
2
25
14
-11
-4
17
-24
-30
25
26
53
30
-30
-30
45
-59
-22
10
48
-2
-10
-15
-28
-31
5
3
17
0
22
-16
35
-23
47
11
46
7
68
-14
-57
-14
-44
9
-37
-11
16
8
32
-24
22
13
3
-6
25
-26
20
24
-42
10
-16
-18
11
-1
-4
-6
94
-9
-17
47
-28
-25
-21
-25
-5
-2
-12
26
-4
-39
31
-43
-7
47
-33
37
30
-27
5
36
26
19
21
-41
11
2
-6
-33
-7
-29
-9
8
-21
29
1
-9
57
-19
-17
-3
-14
-40
32
27
22
6
-11
-13
5
-22
-17
-13
-48
15
-1
23
30
-4
-15
51
-69
-9
-23
25
-7
29
-43
-6
-18
-19
-7
-22
49
-40
63
2
25
-40
-3
6
6
-9
27
22
21
19
1
13
40
-17
4
36
-10
-18
-20
-21
5
-2
16
57
-34
38
-50
-12
-8
0
-18
-8
-5
4
24
36
42
29
-27
-4
-13
9
1
-6
-28
-19
-5
17
-27
-46
7
-12
34
34
-22
-23
-4
12
59
21
-15
20
0
3
26
17
0
30
-8
26
-8
-21
-40
-13
-1
23
5
4
-16
16
38
-7
26
-10
-44
-21
-3
7
23
3
-41
1
-31
17
0
-35
-28
5
2
19
24
-9
22
-13
-7
43
-7
32
-11
23
28
7
28
5
37
-3
-20
-28
4
25
8
3
-6
50
33
12
-10
34
-1
-27
34
-37
13
13
-33
24
6
-13
3
51
-15
-24
-32
-15
6
-23
-6
20
-35
19
27
37
0
-10
-2
-19
7
-8
29
27
-21
23
-22
2
11
0
36
15
17
2
4
23
8
25
-25
-26
-5
28
26
-9
-13
38
-31
33
-1
30
4
-42
1
-18
-3
22
7
21
1
23
-25
33
32
42
-1
4
-1
6
13
-6
-25
-49
-18
-59
50
48
-21
-1
-49
27
-37
-41
-32
-20
-13
66
-53
-3
-33
-29
34
-10
-27
-5
4
-18
-4
-9
12
21
59
35
-65
32
5
14
-22
-9
3
-56
51
25
-32
-58
-11
6
-35
8
19
43
-19
38
-26
-20
-31
17
20
20
-6
3
2
17
-32
-4
30
3
-2
25
-35
18
27
-10
-11
26
24
49
0
9
-31
27
41
-58
-33
32
-6
-70
37
-12
14
4
29
14
-1
11
-1
-1
4
-41
1
-11
10
4
-10
22
-9
20
-6
25
5
45
13
34
-14
25
-33
44
-24
-2
-10
11
-5
-30
29
-6
2
19
-25
42
3
17
0
-19
-57
34
28
32
-13
39
5
-37
25
30
-17
17
23
-18
-8
-15
0
12
-13
-16
13
-25
-71
6
-9
3
-9
-9
0
25
-6
-41
-58
13
-47
-11
16
41
-5
29
5
44
49
-5
2
6
-36
41
-53
-7
-37
-44
-33
12
-31
-18
13
21
7
28
46
-3
-21
-13
-3
-7
1
7
-37
25
30
-25
-12
-11
39
30
1
-16
9
1
-10
-29
19
11
20
8
41
2
-10
23
0
48
69
-1
-15
14
-31
27
15
-8
15
-24
16
-19
15
4
-6
29
20
-34
-8
-33
16
20
-6
11
-61
-28
-62
1
28
-82
-16
0
36
-34
28
8
5
27
-44
-21
54
1
-24
8
-28
3
23
1
-8
11
-31
-22
3
-9
-27
-35
67
-23
-19
-13
-3
33
27
20
23
-12
-1
-20
-4
-11
5
7
-17
-45
-31
-42
12
-22
1
-1
25
-16
-31
27
11
-51
-45
-42
18
42
-18
-37
3
30
-1
30
21
38
45
18
-5
0
9
14
-32
-23
38
-41
15
8
-12
-11
-10
6
-5
-11
-32
-32
8
30
-2
-38
-10
-40
-19
-24
34
-76
-44
25
-33
24
-24
-25
-33
-11
6
11
-9
16
-1
37
-26
16
28
-33
24
-58
-9
-14
17
16
6
14
8
34
-20
42
-4
18
-5
-33
24
-14
6
9
-8
-5
19
5
-11
3
15
21
12
26
1
52
-29
6
12
42
-8
22
14
-12
0
-7
9
16
-34
55
-11
-10
-37
-36
32
7
13
26
35
-22
14
51
-19
5
-5
-8
-23
0
-16
-21
-47
1
-3
-35
-18
2
18
-17
0
23
-9
48
14
15
25
6
-61
-19
-43
10
-31
-34
-6
15
1
29
-45
-18
30
-11
34
-15
41
-1
3
-16
2
40
-60
28
-10
12
-2
-36
1
20
-6
-54
-4
-8
3
-14
-43
46
41
-40
-12
-28
-35
-2
-17
13
-5
24
-1
-8
-6
20
33
-40
11
-15
8
-6
11
67
24
-5
21
-5
-5
-62
10
11
2
29
51
-37
-6
-5
4
9
-17
8
47
-4
31
38
40
-51
18
-4
30
13
-34
-33
17
1
-3
-26
42
-18
-25
-8
4
41
-10
7
-4
-19
-13
2
29
-25
-25
12
12
10
-43
-44
43
48
-12
-2
31
-15
17
28
-31
-51
30
3
-32
-13
55
24
-43
19
-20
-13
-12
-23
6
9
-6
16
-5
16
-4
22
-28
35
28
-36
1
2
25
-4
58
22
-15
42
30
27
28
35
-15
18
-42
-79
-28
19
-10
10
6
-4
-2
11
24
4
-7
3
-17
-21
-25
-1
-4
17
21
53
9
-33
-12
-11
5
-21
-44
12
-15
-1
13
5
-25
-37
30
23
-6
-33
-13
18
6
21
-22
15
25
35
-47
-60
-22
-13
-10
-37
24
10
13
-77
53
35
-4
22
20
-21
7
-2
23
-12
-3
-16
7
-7
3
26
11
-27
-3
38
25
54
-40
-11
-1
28
-31
15
7
0
-51
-2
-4
-21
-23
37
-11
-18
-21
-2
40
19
3
10
16
-15
38
-50
3
-9
-4
35
-27
-3
9
27
20
-43
44
-10
14
32
-11
-35
-29
-13
-20
-51
-1
11
3
7
23
-5
-7
-6
14
58
-11
-37
14
-48
13
32
44
-2
2
15
-37
7
-16
22
-26
28
18
-11
16
-19
-20
38
-24
-23
45
21
-14
-36
24
-5
-34
-24
-7
-12
-3
45
34
-40
-36
-33
-38
23
-11
20
-3
2
13
-41
33
36
-22
48
1
37
-1
-24
-10
45
-7
-24
-4
-23
-51
-11
-20
48
-26
-7
5
-5
24
-7
-29
-9
-2
21
18
26
-8
9
16
8
26
-43
-45
28
1
1
-4
-60
34
21
36
26
9
17
31
-13
-18
-26
27
-4
2
38
30
28
22
-8
-20
3
35
19
-5
6
15
-23
-4
-25
-26
-26
-7
11
1
-19
-30
48
24
23
19
20
63
-38
-20
18
-24
-6
35
18
0
-9
55
-35
65
8
-38
5
85
34
10
1
-10
-12
36
10
19
-23
-42
21
13
-8
-5
2
0
50
39
-24
24
0
-51
5
3
5
38
1
-25
-10
-79
-36
12
-12
-13
12
-9
-4
-4
18
-8
-7
-37
-64
-16
-9
-11
24
42
-19
-21
14
-15
-27
12
28
39
-48
29
-10
-8
39
-11
51
-39
31
-35
21
-86
-3
30
29
21
-2
-6
-16
-15
-13
13
-13
1
-41
-61
22
-26
-7
-18
10
25
-32
23
-26
7
-29
-5
-54
-7
-1
16
-27
-18
-9
-8
21
46
40
-37
-12
-13
-15
12
30
10
8
9
1
50
-17
-21
-64
-14
35
1
11
-14
-16
6
-13
2
39
-3
-14
2
23
-15
-8
-23
4
5
-26
38
12
13
2
62
-34
19
19
15
13
24
-30
4
-16
16
-3
-7
7
15
-28
18
23
4
21
-11
26
-23
-29
17
9
-42
13
-35
27
-1
31
52
15
-4
33
-32
5
16
4
-24
10
11
-12
-29
-27
5
17
-14
15
11
-19
38
-40
23
10
-10
27
-16
-4
-31
-27
24
1
-35
-29
-8
-15
-36
-25
6
-8
18
-13
-5
-51
20
0
19
-20
12
-10
-34
-6
1
10
-24
1
-11
6
23
22
22
-46
-21
-21
13
36
-7
45
-35
47
17
18
14
-23
-56
21
18
-17
27
-13
30
-31
-48
-9
10
5
15
-37
21
2
9
90
21
35
-3
10
-24
15
0
-18
12
-20
65
-57
37
8
2
-14
19
-28
-28
50
39
-33
-16
9
16
-31
13
-12
-22
-14
-6
26
28
-7
22
-24
15
-34
9
-6
26
4
22
16
1
17
4
8
28
-5
-37
-14
20
-30
35
47
-19
-3
22
-15
-9
-39
-44
-34
33
19
46
15
-34
36
20
-17
-28
9
36
6
18
-25
49
-13
30
-34
-77
-14
34
14
9
3
54
-5
59
-7
15
68
-33
-8
32
58
3
-2
3
21
22
-12
-7
-43
-53
-3
-46
-25
-9
-42
-32
18
-30
-65
49
-29
-5
12
37
-10
6
17
-1
19
-24
-16
17
7
-7
2
27
-24
-12
-16
-15
-8
-17
-17
3
-16
-7
-30
11
22
-24
-24
8
-6
-15
29
-20
-3
-27
9
-9
-12
-22
18
15
18
-2
-26
41
13
8
44
-26
-25
7
1
-1
17
-24
-3
12
-52
-9
36
21
-6
23
-6
-58
1
2
9
-22
16
-4
19
-12
27
-30
34
-18
16
25
-12
-20
40
16
-28
-48
29
32
-38
-8
8
24
-11
3
-17
1
2
-7
21
8
-22
-18
6
-6
-5
35
-17
-47
-17
19
-34
-13
-33
6
7
-11
9
47
42
-9
7
24
-27
-10
-12
27
11
-5
-43
47
20
23
25
10
-15
14
-8
20
21
20
11
82
-57
6
-29
-11
32
10
-26
7
8
-3
-6
48
9
1
25
7
21
-2
23
-11
18
10
-17
-2
27
37
3
-5
-20
-43
-10
26
-1
20
12
-9
18
0
-33
14
-49
41
-25
-17
6
-38
9
-42
-28
-30
50
34
-4
28
16
-11
-13
-30
17
15
25
27
17
17
-12
6
0
-15
-5
13
15
24
-39
38
27
12
46
18
-1
-17
-7
13
15
-32
11
-24
-32
-12
9
-25
37
-9
46
-28
17
25
18
12
-22
64
8
25
-3
4
-13
-8
5
16
-5
-17
0
16
-45
-6
-8
6
-11
14
48
-40
-11
18
-32
-14
-24
-5
-67
-9
-3
-9
13
25
-1
-40
-51
18
-19
10
15
-4
-4
44
-1
19
-10
-35
16
-55
17
8
8
5
9
-9
32
7
-30
5
2
58
-17
-41
-35
6
22
6
1
-33
23
-12
25
-22
1
54
21
-26
28
11
12
-3
3
11
-16
-23
37
-5
6
48
-15
-6
31
6
18
-30
13
21
9
9
-7
5
-7
-15
5
-16
24
16
-22
22
-18
12
-8
-3
-27
12
3
-13
-21
2
12
-39
7
-8
3
36
-28
-62
35
-28
-41
78
23
3
0
-21
31
27
0
-52
-10
13
-17
-10
-14
28
-29
16
-34
30
37
4
5
-7
-25
26
-12
48
8
19
18
30
0
1
-26
-9
-15
-6
5
-8
-17
-31
-20
-6
-26
-16
-44
30
0
-5
-30
-9
16
4
47
3
-9
-29
17
10
-28
38
30
-54
14
-21
37
-21
-26
6
20
-7
-14
35
-9
10
-52
39
31
23
52
-16
6
25
28
-4
3
-33
4
-14
-22
21
27
2
13
-26
4
7
51
-30
13
-16
13
45
14
-34
-55
8
33
-34
67
-12
-17
29
13
31
-37
-11
-42
-31
2
-21
-51
15
15
-1
2
-1
-6
-7
-32
4
18
-14
52
-18
35
-23
-37
-31
-8
0
12
-13
-40
-45
12
2
7
0
60
-17
-23
-45
6
39
9
-50
7
-51
18
-12
11
22
13
-5
-14
14
11
6
4
43
12
19
-11
-17
-19
-2
8
45
35
-39
21
-35
-9
-3
24
-11
25
8
9
-6
-42
14
13
-8
29
-25
-27
-27
9
-18
16
-40
51
28
19
-7
12
42
-18
-19
-30
-28
1
-2
-6
-36
-1
-9
31
31
-18
14
-2
3
-50
-28
-7
31
-17
-25
12
28
14
-7
-69
-36
-12
-5
-17
6
65
4
46
20
31
-12
22
-16
-10
-15
-2
-18
34
16
10
11
35
36
-3
-36
6
51
8
-32
4
33
56
-36
-38
53
20
-7
-24
33
31
5
-8
10
7
-38
-9
-26
-14
-34
-27
15
5
19
33
-25
-16
52
34
-11
-20
12
-46
1
0
41
-12
46
16
7
46
-34
26
-4
-5
-28
-27
-11
23
10
1
3
38
-17
-7
12
14
3
-12
-34
-9
4
-39
25
-26
25
11
-3
-22
-22
-54
8
-37
-29
46
25
-11
45
-21
27
-32
22
8
24
18
5
-7
-21
28
-2
-12
0
-21
-48
14
23
6
-17
-2
19
25
-7
-29
-5
0
44
55
22
9
28
38
-3
31
5
-14
16
21
2
36
15
38
32
-25
12
2
-1
-44
26
-23
4
-22
-54
76
10
-20
20
-18
2
-16
-21
34
-23
-16
23
0
12
-27
1
10
40
