35 89 676
1 7
1 11
1 27
2 4
2 6
2 15
2 26
3 5
3 26
4 0
4 4
4 15
4 34
6 10
6 23
6 26
6 32
7 14
8 5
8 9
8 13
8 25
8 29
9 0
9 19
9 30
10 2
10 12
10 15
10 19
11 4
11 33
12 19
12 28
13 16
13 22
13 25
13 26
14 3
14 6
14 9
14 13
15 5
15 34
16 24
16 34
17 3
17 13
17 17
18 26
19 6
21 1
21 9
21 24
22 28
23 6
23 18
23 22
23 30
23 34
24 2
24 6
24 15
24 23
24 27
25 0
25 11
25 18
25 20
26 2
26 27
26 29
26 33
27 32
28 6
28 12
29 12
29 20
29 33
30 8
30 25
32 1
32 10
33 6
33 28
33 30
34 3
34 4
34 14
59
68
51
63
22
23
69
42
8
43
40
79
53
55
25
44
84
41
74
37
76
30
32
16
2
19
87
7
71
66
24
18
73
80
38
39
9
12
58
72
17
35
77
81
6
31
60
49
82
1
70
83
27
54
21
78
26
45
75
3
65
47
36
29
86
48
15
10
52
88
0
62
85
61
4
34
11
57
64
5
56
14
67
50
20
13
46
33
28
-395
-460
341
873
777
-240
-1827
-1543
-359
-214
-894
-292
-399
-5
-258
-1130
-215
0
-679
-742
1284
-1280
-596
1494
418
-474
-92
-480
718
-66
-258
-773
450
663
726
-1266
780
245
24
14
-610
67
1141
-741
-394
-827
735
37
-73
408
703
253
586
1442
-1089
-468
-650
114
-159
183
700
412
-470
-187
546
-254
351
-404
-207
-7
608
390
167
84
-626
-1111
437
-481
-468
-294
-58
-474
-339
-904
270
-995
-425
-373
-1738
655
-468
484
141
918
724
228
-192
-830
-234
669
737
1144
-293
-178
522
-1407
80
-1280
44
-905
-873
-22
-637
-249
1063
464
-841
457
-10
-360
-277
-890
-1102
-479
379
791
75
-516
-263
621
712
-740
-495
329
-761
-736
100
-406
551
1208
-2652
-313
670
-185
460
516
-733
783
845
-299
388
634
1011
-946
147
-516
-1081
247
279
-751
432
-88
-541
-436
-561
-474
-542
931
-1771
158
-140
-607
886
472
777
-478
508
-223
-527
852
784
472
453
-2081
821
70
965
1038
535
-693
322
1180
655
-34
181
-989
-326
610
160
47
694
-189
719
381
-67
-1074
58
1375
789
-537
-619
-164
833
-162
-1058
-234
101
-376
-1309
257
-1688
-100
-348
-61
323
-136
30
-451
25
241
-365
-240
-164
177
-133
-466
659
1249
681
808
49
-477
-430
-342
150
-1081
-551
1194
-873
-135
631
828
116
-1341
1150
417
761
1467
-267
-76
-170
-300
-820
-776
-475
-138
-943
-99
891
4
-387
-650
-904
196
972
-185
-889
-28
1597
402
155
-440
-27
75
214
-993
-624
-91
586
760
-1380
-1311
-198
354
217
560
1095
-141
-273
369
235
-160
-530
349
134
-166
635
51
-744
-154
1312
-401
574
719
-2
-412
-21
458
-955
-257
-42
-266
-175
-1164
8
-75
1052
-198
-156
-478
-605
-578
502
-1332
72
74
-516
574
732
-89
656
433
-536
-46
-2062
102
583
-624
314
-71
-1048
415
389
509
1115
96
29
1214
-951
370
1411
65
-972
101
-1562
-46
-182
-152
-1129
-114
-546
550
-585
-713
-577
-342
-321
-878
1142
-193
-502
-297
-97
5
-293
282
-11
-688
-591
1
-646
38
1711
161
235
-19
1182
-147
-177
269
-165
-580
526
495
-2048
664
-1027
648
-298
249
-1329
-261
330
-909
-526
-384
-920
141
208
-9
-169
-162
-111
202
-948
6
603
-280
1226
-295
125
-450
493
-827
435
620
-972
-604
685
-387
-62
-248
-425
-476
-316
297
-560
-477
-1461
508
-635
-1172
34
-62
688
809
-437
289
101
-305
-314
208
-225
-946
83
-542
20
225
-180
52
164
661
-227
331
763
-802
-416
-294
-461
1451
-638
-615
-710
-402
1054
-1426
284
381
-214
-100
546
-1682
1148
-504
696
1067
143
372
-133
-156
-471
801
-416
213
40
903
1241
-685
23
97
1456
67
450
-171
-535
575
289
-538
796
-367
106
914
697
539
1299
-8
987
769
-100
-436
111
-666
921
13
84
350
-351
-1140
-1014
-173
-768
585
245
1498
-638
-560
796
521
-215
1334
420
-141
-661
2273
-349
-470
176
605
871
-1094
-143
134
-45
583
-1421
697
1319
2414
-1795
7
-180
643
-366
-769
-303
-97
-646
122
1308
-1729
-133
946
-846
-173
620
-842
576
291
678
1226
-278
325
331
-779
348
717
-1263
1405
549
-734
-596
556
-1205
97
524
702
-726
511
-119
-225
-357
954
323
-232
-235
956
-136
332
735
-139
1800
-282
-542
176
-101
971
620
-430
107
31
140
202
157
-577
968
-95
-1037
123
-666
-885
534
934
-196
-264
962
778
-1314
22
720
-907
675
225
719
-485
851
629
1563
380
-115
70
-205
754
-257
245
745
782
1363
569
-501
138
439
108
-794
-888
-886
169
1306
457
308
13
-1064
-555
-412
223
-160
-75
1
473
-134
195
-697
171
737
-48
-101
-217
-616
-795
356
706
-636
62
863
1359
1699
1334
-280
838
-158
-228
597
-477
1043
-289
128
-207
-139
100
-302
353
-751
-2157
-603
281
339
-954
-345
270
666
-164
-703
-439
1035
-950
-268
375
787
-122
360
-157
639
-398
-55
-1415
83
-156
-419
421
-294
872
-936
299
544
73
351
-450
663
-159
324
244
1
-117
952
-417
380
-733
52
172
-166
618
853
234
901
-265
334
1209
-36
-319
1198
722
-734
-301
1470
-1251
-2194
-584
-663
579
-240
-775
47
57
-1092
-863
-623
228
886
86
-263
90
426
60
734
-468
59
-72
-130
1040
553
-729
475
190
-165
-276
-232
-1155
733
694
230
-408
-540
235
-707
-131
-86
-530
210
-413
-988
104
360
-1192
-647
68
-47
-43
769
470
474
8
132
-421
645
207
648
-772
-567
-1161
-49
1164
-24
688
375
9
539
-211
197
374
988
-1249
114
-77
489
-321
401
1001
-846
370
1316
768
-971
194
339
-980
-309
-546
394
-239
-71
-1292
-745
-396
-114
-807
43
-595
689
811
405
307
367
611
-56
2391
178
686
-672
554
-1108
-1095
-208
-72
1021
34
-710
-866
95
978
-467
762
1263
1169
-140
-293
934
-198
-770
731
-846
-35
-1434
556
-600
-240
-151
860
-633
-461
135
-84
-627
-47
139
256
709
-623
-469
-623
358
318
-273
-108
450
807
-366
-47
169
374
-1077
-201
-412
3
-93
669
3
316
912
530
-112
-487
-418
-751
637
792
868
43
327
-1000
1235
340
455
169
-798
-991
-491
24
912
129
-224
95
-729
188
-846
64
-187
319
-1087
891
-253
47
517
-1071
-204
-39
185
362
751
857
511
-910
-514
958
1209
-321
-307
-669
581
356
-437
-74
1593
484
658
1212
33
-111
-37
-168
-118
300
804
438
128
206
1107
-374
1382
318
-938
56
552
400
-733
739
-2120
445
-207
-197
613
-441
-928
603
-519
780
1440
-218
846
448
714
148
-1279
-539
-310
-399
-445
105
606
58
-208
-295
-1537
60
-59
-543
-246
-724
-15
90
391
-1156
-931
-562
657
-641
-761
294
51
345
1139
48
873
-274
-478
357
-835
483
-460
920
-477
-410
411
1069
594
1176
565
34
1015
-396
535
-202
550
544
938
512
-448
-434
-606
-1690
-154
402
1001
149
61
-437
-81
-747
-319
147
941
205
466
8
173
-74
1542
-130
-268
-820
482
517
-690
231
496
-917
262
-768
469
-392
514
43
-739
-276
-345
1229
8
240
1043
381
569
748
-642
116
-747
550
-1185
-349
-402
1081
-57
291
-30
-100
-1482
1320
493
592
233
-799
708
531
272
-407
497
-355
-753
-206
-214
369
641
337
122
-142
-596
266
390
728
350
295
86
125
394
1003
-530
-1645
1835
-411
709
-467
907
536
-443
-381
-858
768
-1156
278
-276
-316
-741
-389
-497
424
-162
-827
515
933
438
151
-1232
326
577
-543
1353
632
1482
507
254
555
-1094
537
430
-185
995
924
565
4
360
-969
10
-103
-132
-38
-71
597
652
-1154
1172
18
234
-482
398
698
-594
-85
-1806
89
-177
-4
978
204
-450
-227
31
-50
-706
50
-592
803
311
1448
-424
-353
-31
290
-695
1526
804
-98
-636
89
337
362
-739
-249
457
-1006
453
1491
340
-114
-1143
43
1021
-1325
-75
-569
214
-80
383
1146
-485
-290
101
821
-789
-60
165
-448
384
397
1155
278
1963
690
-493
-108
-341
-878
-645
-157
263
-970
-904
-77
-384
366
7
-273
-573
-221
194
32
844
-107
773
131
222
-997
-550
270
-107
290
-14
465
516
-439
258
-370
-1005
526
27
-191
-810
-608
81
-303
-826
-52
815
-704
-141
249
914
-629
308
756
-1066
198
595
1148
-381
-1286
-958
-556
-189
-317
333
23
-625
118
-1134
942
135
756
600
521
228
300
900
-317
-190
232
625
646
-110
-895
-840
84
229
456
415
-500
-165
1217
172
877
-374
-1512
-144
583
40
761
20
-376
650
-382
321
-969
-1379
778
-3
618
-1376
354
-276
45
-211
-272
-579
153
842
237
-1100
-123
497
-1580
-285
732
256
-251
-727
-415
1231
-1247
-211
-288
-275
161
1025
1398
-141
187
-316
184
-219
20
1165
-21
-171
-494
-1415
1
-749
387
-672
185
-1002
116
775
651
-287
-509
-1593
-365
594
348
-470
-138
123
123
473
212
-625
-7
-172
458
48
-201
-215
-145
1634
-255
-726
757
-522
-779
-1346
-613
613
156
541
332
11
-77
412
-179
-598
-153
-880
231
360
-280
-629
604
732
266
-790
-87
-259
-1629
650
-45
965
-859
911
828
-244
-111
560
155
-1984
-205
1251
-736
350
934
-265
172
-904
332
-101
354
500
1504
-1068
1300
636
114
57
5
475
381
-671
-17
224
-1238
406
857
1190
-33
-1415
523
-1092
-811
62
1056
645
56
380
656
425
-432
-168
-146
-290
-693
1106
784
-299
407
-172
219
552
593
358
941
-394
988
259
237
50
-156
513
-34
-1150
-481
841
440
1254
376
-285
137
-502
-477
-186
-62
-69
513
-269
-300
-118
420
-474
685
614
-159
-499
-92
-289
204
-572
1230
160
661
446
-71
-403
-1053
683
-740
-57
-371
-356
-145
1218
1272
970
812
-519
-497
-146
-571
316
575
270
447
30
16
354
-327
112
-658
215
-207
-822
-9
-215
1251
-5
-120
-334
406
198
-350
-1040
-294
-165
-734
-282
-907
348
811
-1672
58
1615
720
-492
754
390
559
1382
66
239
-858
1636
-162
-139
2181
1710
-747
747
-728
656
-215
-88
-1054
-835
-486
-227
86
898
612
217
-29
1600
-925
-719
-815
-727
-101
-521
610
67
-657
674
112
-33
901
625
-154
-212
-1515
-110
-492
-126
961
-654
-680
588
-32
234
217
-654
410
-477
612
-363
23
-820
-539
-1119
-1392
-1503
72
598
970
1031
1705
-386
-879
-198
-625
176
376
187
125
-478
1428
726
-1977
516
-674
-580
887
101
-652
-620
-663
50
-485
565
1343
-1083
-68
1370
676
1
-1007
-499
-372
57
-46
324
650
604
-36
1159
-547
239
424
-736
1478
-140
1590
557
690
-228
227
737
-324
-459
736
372
431
-283
446
1766
1383
-272
419
-1149
-731
-540
142
89
-337
174
943
1108
484
-560
354
563
365
-276
-732
750
567
91
-205
-1140
-287
358
-587
-296
-307
930
-262
-407
703
22
28
842
-1370
-511
-604
-362
1031
-28
234
571
566
1033
408
1668
-1222
-175
697
-1251
889
459
-577
-647
522
479
366
368
444
377
229
297
549
-24
-101
-280
924
849
-755
676
-854
781
-812
1069
305
1513
-283
142
657
-515
54
-352
-949
-25
111
121
-1308
-404
521
457
-31
-1012
369
1049
823
-231
-1279
-639
-856
-1647
372
-1452
-508
1013
-923
-1715
-429
377
69
420
-261
-184
-802
-36
-348
811
754
-790
573
742
269
-1077
879
1357
-517
-738
-586
-451
-34
-1199
174
-486
166
-34
33
499
825
754
419
-723
-320
-388
-749
-24
-238
324
163
-33
-25
-732
396
-55
314
789
-339
-964
377
371
206
-267
392
-446
-1092
255
-805
-707
483
-1250
629
-319
-555
26
-130
-51
-763
882
631
-382
195
-1129
-394
-509
-350
591
283
-971
1417
699
880
-1292
361
-233
1210
735
72
-938
-382
501
82
773
-237
293
-71
-810
-168
1144
-284
155
175
568
99
-515
495
403
-2013
136
-286
1196
-763
-92
6
-1349
-1142
-780
-611
-579
-302
294
-949
-812
-623
94
115
23
-170
1250
-7
-944
-238
621
151
-156
-181
-358
-1505
78
-108
486
228
239
191
504
1488
1119
-1243
960
336
1153
-605
-1558
-295
-71
-495
-1378
-458
565
322
-1375
187
-600
483
-63
1551
497
225
38
372
160
426
190
-98
-211
907
369
117
601
-714
-109
-468
853
-571
269
210
-941
493
-583
-787
-860
-314
570
-194
629
-302
-495
226
50
395
-693
-780
-129
69
342
373
1263
827
-718
-1147
-403
-277
-1071
-1220
-883
340
121
-408
-739
-234
-595
-612
-335
-630
-397
-25
72
-901
401
-279
593
-263
1656
9
345
-86
246
37
-919
98
480
419
146
682
707
593
-620
-88
656
778
161
326
445
155
41
-915
-906
1240
-168
-325
-306
106
-448
-609
650
104
474
1561
102
147
1178
7
37
110
1038
724
423
-105
-1054
-129
115
-317
-136
689
394
133
793
1153
19
-56
-645
-1156
525
1213
1111
259
158
886
-49
-186
-369
-931
-960
-352
444
66
348
3
407
-972
-461
-651
-212
-165
617
-916
-591
-809
126
-270
-246
255
-742
-1449
-336
-328
108
67
-268
72
948
324
15
117
257
402
-94
158
34
-130
-1165
359
967
-446
594
-434
157
1416
-98
22
373
-113
861
-5
1128
901
-301
352
-286
144
-245
-975
-342
-1237
660
603
-234
488
966
-807
-107
-288
-767
-366
828
384
834
-336
-869
26
-57
-574
-1677
-86
-395
-872
-549
-629
-710
522
126
877
-138
-204
414
770
-432
39
265
365
76
-190
-1030
395
41
367
1751
-385
1049
119
595
238
333
-891
-444
-321
-350
489
1057
888
1234
1675
-344
722
1067
-1603
818
-785
306
1031
211
-412
744
971
287
-45
884
-902
97
1218
658
-379
1407
-1925
-776
-30
1437
451
398
-641
-1748
1481
234
854
1097
174
-1137
-605
100
-109
228
211
-604
744
-624
-274
-426
-5
-283
-261
2
99
-349
-732
115
-326
742
-325
-347
353
-876
-146
-624
-481
-515
439
574
455
648
-1531
1891
-677
660
-644
-716
1477
-274
-325
-477
-474
1175
448
1219
-207
-821
182
-420
507
-554
16
-745
504
-26
424
-106
-154
-737
-397
-233
84
904
-246
339
-62
-164
1014
-128
-493
810
-407
271
803
7
-795
780
265
137
12
973
-785
-796
340
-161
-1248
-810
49
-635
108
285
172
589
-847
1130
350
258
-194
298
208
826
-301
1060
-873
4
970
328
-970
406
-275
-51
-247
413
101
-403
-57
-112
428
1035
-50
-577
-388
440
-177
254
-61
-1516
-415
1187
125
-1394
-204
223
-1008
226
420
442
-141
-169
63
515
392
-246
760
-1323
1629
309
-464
-81
-382
1326
280
43
506
-199
-648
479
1018
-1003
555
-728
118
88
90
351
514
335
-68
1078
1055
427
-125
1396
-698
-914
360
-13
-443
208
-1072
508
-450
747
-1045
-658
281
-979
-337
709
745
402
635
204
-832
-924
600
-1582
324
-1266
-629
-496
931
479
-1035
-1195
159
-247
-282
-331
963
-407
842
-102
501
432
346
-243
1474
-332
-870
-168
-111
978
230
-182
231
1724
449
-50
633
912
-734
532
1480
-467
-613
-157
315
-79
72
-334
375
-1126
396
94
-721
681
543
-965
-23
-9
71
416
736
202
-191
207
-133
-351
1269
1681
1273
301
1026
-550
-444
-327
-611
570
-38
668
-185
-465
1659
1138
-807
1340
694
-517
483
511
-932
-535
-175
-297
569
-716
-479
-1000
473
-527
-790
-277
1017
-647
-359
797
-703
315
256
104
-166
-1034
809
-943
-287
-926
-504
-463
-410
128
715
-230
-319
-561
-354
-1437
11
822
-869
1244
-108
-100
355
-581
-238
-493
210
2177
-77
490
535
744
-115
-1216
324
230
293
-454
623
-183
485
-1218
77
-521
-363
-305
-7
495
11
316
-104
540
-23
-483
-173
661
1010
621
177
-489
144
1138
68
-169
-725
-48
-1190
-588
334
479
1643
-454
-169
-433
-606
-723
525
174
-1200
-519
-68
10
414
-514
362
38
-138
-105
1532
-1430
-637
-803
-1122
6
411
561
378
-620
558
1122
588
-379
685
-1791
1558
-424
872
-57
580
541
1668
-95
295
834
-770
726
-107
-1337
363
-89
-230
814
248
-15
775
-758
-1108
1338
55
-54
567
-1299
85
843
-602
-365
-526
275
-208
-301
-1500
-36
-1430
-123
-70
821
-418
-731
-1027
-426
-763
-255
-378
943
-577
94
-580
190
207
-267
-1025
208
-699
811
-514
152
794
1609
1011
-719
175
-470
-1232
256
-496
789
443
-27
355
957
217
497
698
-199
513
136
-232
-1058
-593
-203
-183
424
190
-938
-480
-436
-320
-524
385
-226
689
1021
-614
342
-127
-357
223
-200
-318
630
-1147
46
576
334
-639
1096
-874
-277
-209
553
-1455
-185
-1135
74
22
-243
-88
-914
-237
482
129
694
-299
-406
-154
-441
399
733
144
-516
-349
-1057
-435
-158
-115
-637
-816
-277
-251
-565
532
814
128
522
-1157
-376
-749
-737
538
-2
255
1402
-46
854
183
296
-16
-283
982
-136
-131
218
877
740
-238
-45
-370
769
-72
-520
1254
-451
-591
-588
534
-247
-567
820
122
-644
772
321
-1013
989
524
579
-355
757
849
99
694
305
253
257
954
2
111
-4
-246
-240
134
-858
-390
386
209
359
423
-298
292
323
227
-271
-1017
265
896
-318
405
-611
375
-1436
1209
142
121
1266
-266
1476
-34
-456
672
-824
-767
668
-41
-393
-709
-334
-663
-632
1172
-1140
470
772
169
-183
573
-1
-1038
403
-162
-546
-1255
-49
-2
563
-189
833
60
-1315
-258
-112
251
995
-1426
293
-773
78
654
167
1044
142
-549
-262
357
65
1990
248
-335
-696
-653
167
-436
-346
37
-282
51
-159
-173
59
-118
-425
-367
-134
-316
163
346
-650
-436
-872
460
672
-1222
346
-498
-1310
412
-724
-291
-704
432
333
159
-532
294
246
-257
-177
585
1005
175
-503
-408
-782
-1325
-365
326
985
-204
539
-204
801
-388
356
-629
-1833
-1373
-171
-997
-1330
-51
1309
39
-1014
599
-394
-522
365
-305
-369
164
536
-285
-678
-522
295
130
348
279
532
723
255
-770
94
112
-480
-714
-1018
-548
428
178
-300
-951
169
623
545
278
872
-906
485
-727
-65
-230
-206
490
-120
322
30
313
-5
605
-627
-299
-520
-1149
436
-983
-1050
1026
-800
-98
805
-307
830
657
245
-841
-210
-526
288
-820
54
494
436
653
480
149
1862
-792
250
-475
-11
251
-166
-540
255
706
661
-31
230
264
-262
-436
-113
166
123
-669
74
624
-671
110
1406
754
977
177
-83
433
-961
-575
-335
964
1056
493
-147
1154
-22
-21
189
-164
-243
-634
7
-662
-237
796
273
-560
201
325
-513
709
52
403
-168
152
958
20
1484
-762
-200
394
-922
-1089
545
-462
-944
-483
-974
363
31
-814
-576
-174
890
-1001
-317
-240
47
59
798
288
550
-269
-151
75
1283
-392
206
-1035
-403
-918
1053
44
1071
134
-230
-218
1403
-148
-1379
-955
768
-290
-52
656
-859
-1388
155
-100
726
158
783
-1094
-1326
-666
1108
-377
-40
581
64
-956
259
688
819
-337
-224
426
-1185
561
-181
156
-602
-811
1171
-283
-62
741
-652
-121
-843
-1419
116
-624
-528
564
-394
-495
-376
1734
-97
562
1183
-606
649
-305
136
516
145
623
138
-551
-294
-1849
622
-376
441
-100
373
280
186
-953
899
597
-271
-320
-43
-1306
1800
253
358
-1079
-140
314
82
5
-369
-737
327
-846
23
1082
1022
2
-527
157
-1123
-179
1500
-793
650
-841
-162
-137
716
420
-250
-167
346
-805
552
744
-26
165
787
-520
617
-1120
573
-877
-1189
785
-259
203
744
442
52
54
447
-584
-646
-388
-932
1261
-313
-107
-877
-798
-580
1234
-504
-798
-676
46
-288
367
743
414
-165
-594
339
523
-667
-2
579
207
1747
545
321
-137
-75
-148
731
451
-1120
-126
-321
-596
174
-911
525
-127
536
-705
259
-64
-889
12
-824
118
-292
-200
-888
-63
-959
368
-1214
-1091
245
-598
-396
710
151
-1086
754
-390
-54
-620
-58
216
872
469
955
-505
153
76
-914
-287
-618
-181
-632
130
-544
272
276
782
621
-509
-605
-1039
-639
-116
-595
168
1229
-440
-403
337
389
-300
-639
732
542
432
146
862
1021
-745
-70
-1458
678
555
-397
-816
489
-64
-1364
276
-146
72
103
-179
522
-453
185
-544
-214
-1099
-229
499
101
1531
229
365
234
-207
-111
679
205
377
-532
1148
-290
472
37
-319
1088
680
347
-439
465
959
599
-284
40
187
-212
497
-232
-1204
305
623
-461
917
-535
281
-496
181
319
767
272
1129
190
-155
93
634
-696
-93
-1832
418
67
479
199
149
-409
828
228
446
1200
-754
-1089
-80
-967
1466
243
721
-232
765
137
-255
-494
89
-342
786
263
-281
1115
-257
948
1655
845
284
500
-380
-1426
-95
465
-600
-1449
1000
-91
1396
366
522
53
-898
487
211
374
-1064
-1138
-161
39
1115
-1408
157
-181
508
-263
108
-262
760
-212
-751
528
-341
-288
-851
-212
-1147
-867
552
-541
-1119
-1233
-14
-589
-1749
289
-522
-191
505
1644
-328
302
-833
264
230
50
-252
892
-201
555
18
-847
76
426
-442
736
275
-101
372
95
319
971
-1045
330
-501
-52
187
-261
15
-733
266
924
-402
655
-90
305
1298
884
580
1589
11
520
-154
-357
-592
-141
10
-396
235
-760
7
978
217
-580
-576
290
-769
218
-34
38
68
-240
-367
-579
-846
-528
-484
-51
-82
263
-740
768
932
716
871
263
-550
427
507
-82
1165
450
125
-1263
-48
26
-1246
1772
192
523
1011
-277
-350
783
-783
475
312
135
952
-1175
628
885
-662
15
-274
-10
63
-127
1041
310
743
-193
-515
-172
-230
-1152
-763
-889
-323
497
-365
-224
-460
-797
183
346
112
24
1116
-80
59
-452
963
324
371
-90
660
306
529
-1134
543
412
573
-33
-1192
770
-861
1500
-120
77
1109
508
308
-169
886
-274
569
-1088
-1382
737
-986
275
792
1058
-280
-1183
784
546
-454
838
641
-678
174
-102
243
852
-2
-2007
173
-152
214
811
-62
-1277
-1369
218
286
-358
207
1051
509
332
-662
808
1058
-75
-769
487
627
447
604
-578
1163
-573
-824
-285
-582
-1016
71
-1024
-509
-440
537
973
-83
1299
-784
-1863
-1172
-1188
-586
474
922
19
948
-796
-749
-94
-738
-43
-1135
560
-298
-344
-870
51
-2256
-542
62
356
745
-206
109
-552
-19
-173
-248
-437
-328
-552
-472
-1121
-1233
733
704
205
308
-237
109
266
-577
348
-554
-176
-63
200
-1713
-515
1166
-475
184
-365
-926
-519
1452
-352
-661
964
412
-427
-1702
461
-610
146
-912
1134
-856
-1122
713
-102
53
-429
-686
309
-1403
465
372
-629
1567
521
715
-191
-113
-87
492
474
63
-384
-712
-177
-712
-861
-612
-196
-1214
-767
-203
-988
-667
-80
-666
-188
29
750
-1065
-748
-999
337
-1713
202
439
-35
696
680
62
-609
-226
-1137
255
211
-715
-419
177
-1191
45
798
236
1181
902
-803
-654
-251
-377
-155
-854
-1272
1456
-379
478
146
37
-459
-457
639
-189
-144
-564
-36
-849
393
-146
-213
1210
-34
1105
774
754
675
691
-537
-76
827
-631
503
-604
609
-1119
-778
-1034
-113
326
894
356
533
24
-658
-366
588
711
160
27
665
703
1410
303
-616
274
-44
-757
234
-457
-472
-1310
-1230
-1366
-255
1048
-1470
260
-1109
-304
88
757
-858
-576
-1053
-569
728
-312
-917
-637
-88
-255
-215
1089
28
441
10
-14
591
172
-289
721
-196
-324
-137
920
681
-419
47
321
-533
1812
-1009
-690
554
381
-120
456
-1229
49
-256
2169
476
625
-1338
-1214
-735
-268
392
-639
-259
76
260
303
475
-689
5
-1174
-801
-804
-642
384
-711
-855
791
-994
55
218
-1229
-527
-140
-1359
314
-500
200
-185
722
-665
-187
-215
270
-1397
189
-1392
-1188
976
-1006
-821
195
1013
219
204
651
159
19
-576
-119
566
81
-830
943
287
1006
1409
484
-474
-1069
164
-500
-475
49
1385
-1602
-768
-173
-390
537
1097
224
-391
324
-1059
583
1274
667
-244
-228
-371
-835
390
53
289
428
132
-874
950
-534
-112
-16
-670
-1754
1075
116
610
-470
-742
-587
396
179
-50
961
-46
-852
-386
508
1420
473
397
-364
-447
298
-650
1045
640
532
239
-1464
749
-537
483
109
-1490
-987
-384
-5
-420
451
184
998
-398
329
-160
-291
-1100
-225
-298
894
667
256
-136
-235
-209
438
-171
-313
847
251
-999
-1747
-335
-689
103
191
-1882
629
400
-658
264
-15
-283
-83
1935
-832
-766
-362
177
124
-894
662
382
903
-870
352
-97
-575
-387
-63
740
648
712
-101
437
312
230
-657
284
-353
-1083
-1055
118
-646
-157
-229
740
-1219
-357
140
282
-465
-237
-89
786
-413
-357
-533
473
-124
-32
965
-380
-827
-38
-100
602
-796
-78
326
250
499
-145
149
-107
-7
-441
1445
-474
1368
1669
59
-363
-745
-763
-121
1354
-1053
42
825
-274
-687
655
518
-857
-532
382
725
536
-323
230
-359
-399
1093
-126
-541
-279
127
631
783
507
-823
345
-666
1035
-742
1376
395
978
-305
-614
-139
-248
-1803
-1088
-165
-415
750
165
188
195
1307
92
538
-505
571
563
-162
-1220
738
-43
-291
107
251
1254
-364
507
168
541
-243
-881
-108
35
159
71
362
282
25
-895
626
358
1017
-1640
-36
-176
-286
796
996
1207
5
-289
397
-967
-559
305
63
-347
-694
982
-682
81
449
-1243
-607
-162
-615
409
-764
-372
-94
99
-526
-865
873
884
-248
-131
2030
732
689
282
288
-554
-1593
-781
-133
-683
354
1017
-908
312
-799
489
490
77
225
1480
2
1492
-218
302
404
508
975
-855
670
-1000
69
383
-1195
-1059
807
527
-1000
-891
253
-657
-152
295
776
-539
1540
154
-343
-129
-603
-705
142
218
22
-1159
205
-82
-98
-468
307
-44
-604
-1353
279
-515
1353
-720
1055
1739
1013
-512
398
1451
63
607
1447
1191
683
-988
-29
116
806
-654
823
693
-25
-257
-64
360
-289
-327
-390
1259
332
959
342
552
-717
646
1624
-135
457
-780
-570
606
-1566
1192
-184
578
362
649
91
-234
158
-391
-577
573
-409
581
-549
696
-1434
-875
542
-452
-86
-586
-558
-650
142
-757
560
98
685
-150
-627
-685
233
-219
-832
-122
-227
325
-210
-1040
-1487
-7
-12
626
-869
325
133
1004
329
9
-385
1202
560
-626
-85
6
199
547
150
58
95
146
-958
989
-927
210
9
-745
-337
599
14
90
-18
-216
-1050
39
725
302
818
-584
284
1055
-442
2169
27
1012
-351
232
-491
1386
399
-76
166
474
383
-1014
-206
-1472
415
-1340
1086
62
-1496
396
-4
-229
492
117
-62
-38
-398
1069
-709
-697
-135
590
646
-594
339
-847
471
125
112
-499
-890
1317
-368
-241
-1669
872
1132
777
160
660
-591
538
139
-1428
537
-428
-908
-417
-1565
627
507
150
982
1264
700
436
-95
-689
-590
902
531
663
-846
-210
199
878
-1099
321
130
690
-803
136
-534
335
-42
-447
94
-249
-1034
-126
786
103
-1242
-809
1503
-476
309
333
910
-446
1561
-316
803
242
355
-265
174
-610
1051
-249
594
449
-1023
215
310
-599
553
668
-813
434
-555
786
-170
-336
-527
-353
-77
1535
-631
612
-33
672
433
-702
-658
-2119
-621
-254
-437
-1025
-740
76
-289
79
-251
-623
-1123
-312
-20
-1029
492
-277
54
51
48
5
-433
-133
291
-126
760
-702
-687
265
1520
-399
239
-251
50
-947
-112
-526
551
-21
-48
696
-177
-25
-1404
-767
683
-76
-897
44
309
-118
-784
1142
519
-383
-581
336
-379
-805
-1368
-154
379
423
-278
-240
-353
148
905
285
-350
386
108
424
623
-290
52
-774
-596
874
-920
175
-369
267
76
711
296
-1151
1307
454
279
-1039
-523
-731
-474
246
115
338
92
-193
79
1125
-656
401
257
1202
-612
-1170
319
-179
343
-533
-145
868
1391
-667
755
-440
-1360
-732
507
869
356
-257
-624
-107
760
1260
645
-1106
-897
210
253
-843
1555
-285
113
-958
1933
485
310
453
-932
87
1348
-691
145
67
-20
183
238
-424
-14
-948
206
-71
1448
-716
-767
734
-465
211
1221
988
-748
565
-803
111
917
-206
1235
-70
-734
417
1000
1307
-469
-758
-1206
566
-105
-108
194
-358
-735
275
699
-273
-976
348
-355
358
365
-425
-300
1376
-1110
-805
-612
-472
-247
365
660
587
837
135
262
902
-844
198
-359
92
357
367
-474
219
-76
633
122
1280
435
814
-113
171
-287
-678
-911
-306
-687
-19
-54
310
-427
699
-622
-777
-807
-980
-173
-667
-94
-642
-441
-455
-218
1052
-206
-26
-366
-681
-508
-538
-73
325
-710
532
-681
-278
1164
65
54
553
650
759
370
-239
-601
-1136
174
1205
222
936
161
1886
44
414
-559
1382
-131
1106
-1086
-880
354
-522
30
-679
87
-718
927
-509
-125
1073
783
-1
931
-2379
-97
256
-253
707
-1390
427
-809
-314
326
-187
-1059
1229
979
485
1167
-626
566
146
632
-370
124
-361
-321
-916
-135
1477
372
-130
-100
283
-138
143
-218
-359
-786
-986
-334
-709
-529
-560
1176
-17
54
-197
163
-1143
-552
-375
458
756
-1113
-1778
831
645
-1058
159
-616
609
-1050
-613
1113
-103
1333
779
145
-7
147
20
-380
-1062
582
-98
-357
629
270
-454
540
45
50
204
1089
-541
394
-162
-532
-487
-241
-959
-85
-27
1215
472
-52
-1115
649
-304
416
887
-215
328
-702
316
-337
-340
-444
-1307
40
-405
-692
337
797
-408
-397
-821
268
1059
55
727
62
1418
-119
201
18
-53
-176
-200
1034
-327
538
438
-126
-55
241
443
-172
-738
-432
1350
-853
38
650
-563
-230
-1629
-260
738
137
1672
419
-509
-941
-29
-81
501
771
-829
-226
-273
121
34
20
171
26
595
217
503
-248
322
29
507
-399
-670
-303
11
-620
1042
-177
142
-426
-146
23
49
-335
919
555
-248
185
-44
-270
92
213
127
-285
-388
-494
411
-171
-721
-288
476
-951
1447
-85
-343
-652
414
-1251
-339
-194
-94
-303
-541
-513
313
1217
1372
103
526
518
-178
138
223
49
-266
-150
213
84
784
315
-629
-253
-258
481
943
-460
-237
-421
-536
157
-637
-1105
-187
-782
-94
93
-862
-1
-31
1217
-616
-152
-343
-857
-1062
-102
747
-751
-469
-707
-91
-367
207
-883
-773
-274
-486
22
431
164
-418
-1313
80
-35
157
-31
-658
183
-250
-221
-204
171
-883
-680
1005
948
454
1073
654
648
365
1614
253
-106
-1493
707
-659
1236
-611
426
-1367
-599
-462
-987
596
-41
-564
549
442
15
290
-1543
-335
1212
494
-704
-882
-640
1355
-578
-214
-356
-1131
-483
739
1206
837
-252
-750
-888
292
841
-155
231
96
-379
113
829
704
-196
634
-182
-292
-304
1289
-198
-212
173
117
-245
91
450
741
659
-1182
1395
-220
-123
-458
47
908
-330
786
1158
-618
-519
424
-449
1217
301
-931
503
-939
604
-65
234
120
251
-151
760
354
278
-131
-588
716
333
236
95
-509
-448
411
1216
-555
944
-57
-90
-43
-1285
471
-321
880
464
58
-1431
151
-906
441
691
-1698
261
42
811
-768
-48
-1150
437
523
-174
-513
187
-176
-752
-266
-73
258
414
533
-5
-409
-1361
2642
-147
-126
70
829
82
946
-628
1213
-1154
-566
-431
221
-569
-364
-665
-734
-247
-955
374
137
170
-410
30
491
-143
-64
427
-188
-95
160
-1173
-561
-356
-1810
992
664
758
412
-843
1378
-1089
-333
-335
-470
-554
676
-466
-109
-300
-519
-5
164
540
364
-133
668
485
-1064
-132
-566
-127
-288
100
-532
-1789
-736
-173
563
-489
226
-281
985
75
791
-866
-189
474
-397
111
-82
1318
-434
-1952
-348
625
-805
536
298
300
-195
707
865
-534
776
194
1317
634
-9
-8
206
1602
-1099
-787
-657
-643
21
-1190
225
-541
-37
-118
-234
-1296
253
-209
443
-810
-193
154
434
512
-1694
363
805
-228
-497
643
1869
-1096
1144
168
409
-302
197
243
-413
-76
-371
-228
552
-475
406
71
825
-33
-16
1
-806
528
-1168
-316
1040
-181
380
1273
834
1169
806
271
-803
-1995
81
-665
-621
185
-117
-651
206
-66
-256
195
1008
392
-692
-448
-601
-289
211
-304
605
772
371
330
-1465
188
-1604
664
-677
111
-161
-212
-822
-482
472
57
-783
385
-505
45
194
408
-304
478
244
-112
1040
589
-482
509
1135
-503
1424
136
-618
1131
-346
118
222
-249
-1043
511
-204
-791
-239
455
-196
1077
1441
-569
-222
-212
-10
-275
433
-800
98
-639
274
80
198
261
601
-706
259
-524
-975
-266
-597
-275
1031
104
-1036
288
-128
1676
-590
324
621
-271
-867
878
-116
673
36
247
765
-1584
605
-1092
-135
-1431
-677
-29
722
603
-956
299
108
840
519
541
-1309
1081
-119
448
-82
726
-1970
561
-404
1536
-444
-467
-599
292
19
13
-996
-429
219
-1025
-1278
366
-770
-160
231
783
-41
737
-210
636
1790
-13
74
-1157
789
-357
112
788
1249
-381
-771
360
-411
-412
-1410
7
69
821
-618
489
-1339
-342
-1281
-313
747
-17
529
-464
405
39
-1335
44
876
1297
-661
381
1062
556
1497
546
-1050
-43
-639
691
358
788
-396
-756
-43
23
4
860
1
1369
708
405
-274
-822
-414
526
523
136
572
140
-484
128
272
14
-282
318
133
531
59
-565
-526
395
-758
44
-373
1285
322
316
-326
-498
585
-1012
114
683
-221
-239
1216
323
797
876
-685
-778
-7
69
-11
766
851
567
-69
-700
254
413
-390
285
340
488
-423
14
576
596
526
691
-508
285
-130
681
-122
-247
-639
1121
401
-567
1358
-317
-491
-315
1136
605
1045
-433
-187
-392
32
396
-231
178
-291
-668
-418
-781
-604
-1285
-509
-553
227
299
381
-877
336
-961
-780
-411
378
677
-186
-61
562
-434
-128
-174
-55
-1307
530
-863
40
-516
-537
12
-248
533
636
-187
-737
521
259
499
-49
-518
27
-726
265
-527
-390
1214
340
661
1015
-317
1400
-341
-897
840
-258
-552
-616
-5
-363
-780
-567
-413
390
-197
675
-699
-74
-819
-724
-391
-864
802
-1290
994
-2075
-149
-803
1363
1430
141
197
-732
-60
65
255
241
-1055
-621
-820
-129
398
-98
83
-759
371
14
1246
-1073
-14
8
-15
-512
-447
178
-745
144
453
473
-186
551
880
105
-556
426
-387
-818
934
1350
332
186
958
41
612
772
-1198
-366
-57
161
118
616
151
-118
-1290
1233
-505
-241
430
1185
524
448
426
-695
694
-110
-62
-293
-117
-1065
-142
-31
756
434
830
1263
1521
703
1556
-1211
426
496
786
-408
270
-1299
-488
-1727
691
-229
383
500
-742
-305
-479
543
1190
-78
-25
-543
331
262
1636
-256
-21
-193
-338
-241
1224
-1338
685
-804
618
-155
91
1117
-337
-335
39
-843
271
408
-143
-408
1111
27
-75
1038
542
-1012
-863
-470
509
308
1007
-153
-16
-1107
-60
385
-187
181
994
-393
-83
667
357
-4
375
-391
-182
1332
144
-400
584
528
860
427
248
345
985
-276
850
-741
-320
79
308
-936
-248
1130
-1309
793
-304
200
1194
-613
698
44
160
-102
328
-430
1005
140
-1021
351
168
345
553
-605
843
-931
-375
-1443
-766
-428
-635
136
751
370
661
-520
94
1004
-975
-114
334
-519
355
820
-1425
106
1636
-877
-614
-1694
-557
-136
1037
1473
690
-1157
-59
194
872
387
17
906
-202
351
-652
1509
646
473
205
-967
-333
-768
-609
185
-729
-920
-235
-58
831
383
113
881
824
900
775
-752
642
741
320
-436
684
-364
1016
286
-1150
854
-126
84
102
-1045
-495
-254
-323
166
-580
-215
359
-305
486
-586
590
-7
939
124
73
133
-239
-380
-727
-28
293
-281
-30
-253
-258
-478
984
-784
-789
150
103
-362
-1522
-247
-259
736
502
-1256
-78
-15
-57
195
-489
74
215
987
-1419
-71
1372
-1438
-2059
160
-324
26
-94
537
213
449
324
471
1066
-328
-306
568
560
-351
175
337
946
1266
-865
597
-402
301
1
-385
-738
1076
18
-321
566
146
1121
233
-1003
-1152
895
326
415
-1269
-303
-973
689
-273
-684
-269
-681
170
-954
20
-1096
-259
411
-415
-525
366
-646
41
322
989
347
-855
-135
-657
-439
815
-1032
-716
-834
-678
718
-1193
-259
-63
872
-804
172
-228
230
-291
-247
-531
-362
-530
-372
455
1181
558
-158
161
517
369
1490
-466
1202
290
163
-1516
375
-1282
-479
771
65
383
849
519
-659
1225
-1148
-1330
275
115
-1129
959
264
-921
589
-369
376
132
-56
-52
644
-309
-176
1415
230
-2206
214
690
-16
-348
-455
879
-129
714
62
-941
-630
-463
-731
1035
123
379
-49
-512
97
-879
859
-577
-305
48
148
569
1084
-156
-26
2
617
275
363
611
-669
654
545
234
340
-136
-831
41
-378
419
125
-159
389
-585
1660
-963
-100
-684
437
738
-505
600
1127
-83
-1152
-77
243
195
-1103
560
665
46
-521
-321
1189
-1187
1316
752
-399
82
827
-187
-625
747
-681
160
474
656
172
241
-421
-442
-287
502
144
703
956
-1032
-282
169
-55
-902
146
-119
-1058
-833
515
-1212
-118
-202
470
-651
-419
-459
609
-546
-466
-56
-556
858
678
-137
285
129
36
248
-89
-170
223
1467
292
-901
-411
-65
528
-1526
-454
691
565
604
391
-1213
-390
51
57
124
-730
-634
1220
-325
-565
-1174
279
244
553
-288
723
538
-292
16
1029
295
-819
523
-99
-465
-209
-19
295
360
712
62
-394
1492
54
898
258
305
-1143
-737
675
-487
-285
211
685
596
396
-492
717
-422
671
-435
702
278
42
-1082
833
-760
-48
64
-920
848
1099
-1006
-337
595
-229
928
-780
131
-18
-333
311
877
324
1624
-1055
812
127
782
-405
-169
240
-882
1218
756
-968
-572
-185
267
961
197
242
150
656
-777
-24
-1403
429
-990
-682
255
-304
1302
-126
-464
-42
-1228
-1182
80
-460
1238
1678
33
68
-934
-1956
290
-169
196
80
424
-329
509
-331
-48
430
-549
-438
-1515
-512
860
1059
-286
-695
-411
-1739
542
-149
288
-60
370
-1330
-138
-673
584
-603
225
562
-618
438
609
1268
9
-921
-383
910
-1265
-235
301
41
-1425
661
746
1264
926
1148
299
-1810
1286
372
292
14
-621
972
-636
251
1046
87
-940
-525
-706
740
538
297
-133
93
130
475
-487
-390
86
-637
516
1345
383
-528
247
-841
622
1140
807
637
-838
-212
-726
66
820
-605
-289
-556
553
-821
-389
-1263
1114
-1686
875
184
789
212
-41
289
-223
-1022
-657
303
-184
629
-605
-299
433
-98
234
691
-119
-678
-2000
-251
-987
-136
266
201
-409
1932
79
397
335
571
399
614
-265
38
-654
503
-294
778
-1529
-269
-259
279
935
22
-212
174
30
479
744
1670
-913
250
-142
181
-863
-504
-649
933
986
476
-1212
-818
-277
-370
1182
132
517
-128
211
-92
159
453
421
-197
-2147
-259
737
805
-122
-856
1235
-440
111
-883
179
472
953
-57
-557
678
-462
315
149
-122
129
37
-449
165
-919
-1286
139
-83
-36
-471
163
235
-529
-1222
-204
-604
316
1059
508
49
-213
-4
-511
1243
-616
-232
-1426
429
251
33
-258
426
-257
1376
-615
-625
-1241
-212
-2528
87
273
9
537
-187
-220
1165
-489
-681
114
-441
-566
278
118
783
391
58
1723
-632
-41
-906
417
1107
-619
-516
-235
681
139
123
-43
471
590
82
-689
570
87
-790
-524
-809
-698
249
473
387
467
173
72
734
73
213
364
45
93
377
13
-390
17
392
-1433
1375
-1495
-295
-559
-288
-728
-379
-405
493
-383
-379
-887
-87
-786
-65
-388
45
371
-1104
-1150
-474
-259
1315
137
-156
171
-1136
79
-277
386
-472
306
-252
-348
324
174
-154
619
-553
-609
219
770
597
151
-380
1094
1743
652
325
-438
300
587
-165
633
10
1312
-27
-839
-673
1604
-562
-304
-546
-777
1023
719
-301
1080
457
694
48
400
-883
1481
-1280
921
-77
-733
616
-509
-237
497
1525
604
122
1443
353
-477
-309
-20
181
919
-631
286
322
1434
89
-1022
-643
-991
733
806
456
211
-1785
-748
27
-410
627
-109
-1253
-516
-427
181
29
656
292
260
-608
-203
743
586
357
-785
989
63
-186
584
-429
502
-362
395
-591
-1182
319
106
-645
456
-164
698
-596
-64
-219
184
45
130
-53
98
-317
-269
-710
-844
262
-12
-188
348
-142
749
-164
-1001
649
135
-249
1132
-340
570
-221
-345
149
-421
237
648
722
1401
175
-602
271
336
-377
-716
658
403
-1602
-4
-30
-466
359
601
438
160
-910
652
261
-345
-39
-1038
-208
835
-775
-691
-112
657
512
412
-1079
-601
221
1093
-264
453
-188
-636
577
1311
-294
496
465
54
-212
-766
-118
-974
316
192
484
525
-533
-18
-1353
-815
1196
509
69
768
-33
210
-1136
-694
763
-1208
203
293
211
-348
-104
-1502
441
-83
-466
-515
-1075
272
60
-1009
113
1245
392
272
139
-225
207
-1524
-1209
-1158
-597
-5
-529
88
-37
-1719
553
-253
-451
446
-610
383
634
37
131
-390
397
424
35
595
-316
-309
272
843
933
-522
-427
421
-462
1096
-187
-11
-598
-339
113
764
-29
1046
-183
544
42
-139
-203
-318
-253
-301
238
869
720
-1193
502
293
-768
625
110
441
-685
-35
639
-420
-1073
-581
690
-336
40
-263
-372
-618
-242
-766
-231
-438
-372
186
165
-307
-116
-1564
473
-709
587
-788
-468
569
888
-867
86
10
28
-1186
1255
107
-249
322
574
225
-68
-1013
-665
794
179
1017
-118
-577
-337
-213
304
877
929
10
-204
1095
43
-344
309
-522
122
107
987
-990
487
210
216
233
419
469
881
670
409
-468
225
-802
-662
753
896
-966
-700
-1160
-770
-1139
405
1223
65
-7
1611
-1318
-484
-525
1515
-1097
-518
627
-292
-274
-642
-95
230
-1134
193
-2471
-357
614
121
540
94
341
-68
73
139
1169
519
-476
446
-1360
915
966
1024
435
537
1180
-698
845
-62
300
-1200
248
320
336
690
903
349
-1518
133
-1053
-1323
-117
-38
1040
-1530
-597
580
730
520
2
-70
-170
402
-717
1341
733
-142
-15
-296
-327
518
-665
1542
-431
-65
-1266
-176
697
-120
-369
467
948
913
-704
-1466
-238
852
733
-468
592
136
-129
-567
59
609
-144
-215
-333
238
-470
264
16
-32
948
-777
-28
-593
127
163
489
-519
-381
32
-297
972
-1620
-762
-885
442
-1325
428
1348
883
-550
-107
714
-552
1219
94
-548
-393
-973
1100
-871
510
253
466
-864
-545
-588
-6
-1211
-580
-186
-506
415
261
229
-971
198
-58
-358
929
361
1338
492
82
489
-15
-168
-898
-422
-1342
-289
-199
-51
-429
-454
-346
-474
-974
266
567
774
268
-991
-362
457
609
926
-142
-400
-1564
-1245
-90
238
-500
1104
176
176
462
67
-436
-266
646
527
585
210
-924
-398
1128
-1415
541
852
188
-8
-523
-456
-13
65
-679
68
729
959
196
-255
503
858
-259
-247
-126
-693
-290
200
22
575
408
22
0
815
-504
-1733
806
-75
-2
127
54
-1003
454
779
171
-1209
799
316
-101
1810
182
36
777
394
597
-491
-262
152
502
-74
0
480
86
-1033
-348
783
-485
1216
788
810
-612
53
-960
458
405
-786
-147
-527
55
1723
-970
328
-487
188
1033
-599
1610
-876
977
-954
748
949
-529
-790
-480
-824
-663
689
206
326
-454
144
226
-163
-87
-424
-496
817
609
-285
-463
-359
-348
-1138
-439
-474
-772
18
768
-457
482
336
301
455
-172
411
-646
315
244
641
4
618
26
674
1420
272
45
523
852
269
-616
-839
-766
-334
203
754
-1353
285
733
1887
204
-1201
418
-841
58
-218
-114
-158
257
1415
543
358
-377
-1052
428
-538
247
563
350
567
-443
-1561
-303
1328
-698
1350
-224
111
-223
-225
997
-909
-1176
279
-788
167
-819
-816
-1215
-1818
28
228
672
-751
653
-1141
-391
-326
-299
-88
-324
-803
486
-235
247
709
-966
-1254
-235
-31
510
-496
-468
33
387
-541
-675
-108
75
405
-334
-69
-245
381
85
-652
974
-137
757
322
-999
448
491
353
818
428
-364
1303
-258
-271
1873
850
-162
-111
732
460
-754
1107
258
-33
63
259
982
-76
-16
-633
1320
50
368
894
488
-264
-50
-12
56
-378
1626
-554
168
-381
-740
-73
769
207
92
1458
171
-286
236
-728
-907
1022
-452
-937
-47
698
1101
-579
1719
150
67
-574
144
-852
-1027
996
353
-217
-356
1365
736
-1380
277
261
182
995
-281
560
-887
259
181
-873
912
539
-239
262
-16
1045
49
321
-315
-1409
1012
564
-391
441
-12
-370
206
1938
476
712
-460
961
149
-662
-1171
-643
-228
-115
1107
337
1035
1239
-42
128
-535
258
-626
1291
272
1371
395
74
1603
-157
-552
228
692
882
-1442
-255
-167
-1715
92
499
117
771
477
-91
-837
940
172
34
-216
-340
-728
-415
-609
-609
352
-337
35
-154
166
271
11
-24
-53
-626
-733
238
-615
-306
-264
927
-51
223
974
786
349
-1504
1050
-799
245
-286
-221
-1293
863
363
338
124
-432
-355
-58
196
777
663
643
217
-203
72
1122
-1359
-198
-18
234
-138
-461
415
-902
80
-239
-60
-26
-159
960
-1151
-567
-18
830
101
-121
1268
553
1044
774
130
-618
532
-142
3
-298
72
-1054
-236
-1489
-410
-69
772
-1345
-972
-48
579
-175
1419
240
58
-595
-479
70
618
-348
461
1000
710
-454
917
-311
330
-333
-874
801
850
-40
-37
-764
-1628
244
-430
-232
-1161
645
-1370
127
-710
-448
-1089
-127
-432
231
1109
-1014
312
40
-426
-585
517
244
-118
-994
-110
330
-26
1956
-354
1136
-58
204
214
867
-15
656
238
222
-360
392
304
1044
-163
141
-375
-866
-937
2
158
-80
-21
-637
1134
-676
577
869
797
-860
-371
250
189
-465
-164
224
-198
589
104
288
1319
-285
-938
700
-512
-476
488
-994
370
1139
-1046
-31
-340
-389
423
451
-1204
319
-115
558
-1238
830
-295
463
274
-449
720
132
242
139
-337
-942
-233
202
-649
-638
666
356
-813
-1323
-403
69
-31
-973
-1874
-882
523
-414
-1147
383
-467
795
334
831
-511
193
948
405
310
808
-563
2901
1261
499
-815
-368
-910
-413
-376
-54
-266
340
-749
-734
678
-844
3
-211
-647
-269
1360
-602
-488
303
-132
-428
-799
366
38
574
315
-596
8
-795
-577
65
1603
-760
-164
1183
328
-237
1408
-1591
-67
-301
-696
266
-432
-953
-112
12
-286
369
-389
-829
775
-225
255
55
1347
1052
-752
-669
652
374
-304
-595
-64
750
1262
17
-571
-235
1512
-222
-578
98
-192
357
-227
385
37
344
154
443
244
-1128
987
-111
1084
-731
-851
1116
-1130
231
578
-1394
385
-293
-678
-430
-185
1220
-705
-485
842
485
-375
-800
104
-496
-957
173
-42
-318
-567
719
1215
741
1125
-267
-107
-729
284
-487
1303
533
296
969
-136
-469
251
194
1001
619
1115
-671
-484
556
-177
806
-1405
122
-219
-624
-1139
-284
374
930
-672
380
-477
104
1060
294
-1049
-23
206
-487
-559
-349
-1665
-516
-48
-648
-1103
-944
629
-997
-264
-170
-1155
-162
442
836
-92
684
-779
-1270
-3
354
28
-422
-99
58
-795
520
24
119
-649
488
219
-110
305
463
-716
-827
785
-829
-911
-903
739
1047
-102
203
-8
-300
904
-567
-716
-291
-284
724
-160
941
550
482
0
-331
528
-998
-774
40
677
-87
-1112
88
572
277
971
442
-517
-1307
1381
-791
-338
12
-304
-1329
-140
-1237
552
601
977
-845
582
639
228
543
273
-765
588
-1068
488
570
-137
291
642
168
-1119
-64
111
-445
-905
-388
-788
-1074
-688
-522
-247
-139
-184
-757
-439
-129
614
-676
810
-281
-368
881
245
-117
186
852
-318
1647
538
-176
967
-65
781
-518
-457
770
-687
-993
152
83
-354
-818
9
138
1631
-237
-187
-1028
-416
577
55
-344
-428
-1281
1387
1200
523
-982
740
-220
-562
-1357
-673
176
790
39
-862
-165
635
488
-970
765
1502
-940
-1378
93
-960
28
789
-371
-626
-751
-294
67
221
890
-180
940
-630
1096
413
271
1155
306
-1860
-1208
28
-1455
-507
-992
242
-522
837
296
-745
-239
133
-622
645
769
-225
-1606
1607
902
-489
356
1103
1023
-17
-1465
107
-768
-718
-526
-632
-15
885
451
-443
382
864
-1377
-1532
-809
-409
315
163
279
348
-393
-504
248
-46
937
-717
-677
-145
1362
-808
1305
-29
479
391
-102
1206
181
469
-521
505
-1237
806
988
-1029
228
-1008
531
-432
-307
-726
-67
-575
342
-234
-322
80
-952
453
1430
-620
635
403
205
319
779
-178
820
112
448
426
484
922
-31
-323
-2009
455
317
52
518
-242
-307
-28
1355
-1110
-309
-795
-243
446
-259
932
-1418
-769
-682
-644
243
24
564
662
312
17
-436
-1073
-65
-322
271
-1083
78
93
-268
898
-1204
9
558
-126
36
-876
190
-483
-706
-504
34
-683
-290
57
-33
606
-1322
874
-76
-122
-1061
-261
695
249
96
-47
-151
227
1331
369
-420
-1475
719
383
-262
-101
58
-126
322
615
1117
68
183
196
549
1228
611
479
-175
690
301
-277
484
137
1346
-988
-419
601
118
-948
286
65
1014
285
103
-630
230
498
1164
232
-22
-1077
-127
-48
15
-1364
-1326
955
1010
439
-429
309
-601
811
679
-220
-428
629
-72
387
-361
630
182
-959
-315
-357
295
-185
376
769
-122
541
498
80
-980
275
-1771
971
-1226
1041
-826
-276
-934
59
-523
-503
-55
-716
1649
-341
155
7
253
-460
-76
150
263
-961
692
337
-395
1214
142
-775
-243
686
-190
641
-545
937
102
2013
-307
-339
-526
-393
766
-1368
-707
-800
40
350
111
-73
-284
248
1403
-528
234
697
-21
365
-1646
542
-773
106
-302
1050
-893
163
-53
431
-596
-1113
197
-335
1712
648
156
919
-39
950
-962
1481
48
983
-876
731
8
668
-107
498
-748
783
-143
-609
296
114
7
-251
143
-924
909
81
874
-627
-418
618
551
-555
457
-267
-241
-154
381
1538
448
1100
-1036
-744
-981
-1086
581
156
105
-252
-439
969
-1268
601
-334
-105
-508
-637
-768
-850
302
-142
371
-931
177
566
233
291
-247
20
263
1312
378
-227
-694
265
-815
1083
-713
694
-74
764
-261
-113
250
877
-8
-519
-544
-762
616
1001
157
-226
-407
-394
565
-185
619
66
-104
-919
308
-36
-583
374
1500
-417
-382
63
-59
484
-102
-1028
1376
-304
-490
-431
375
-288
-1366
275
405
11
131
408
-351
891
387
127
-926
-520
451
-62
394
1320
-1242
416
-724
24
563
815
-1415
-50
-299
1661
-896
-318
-522
633
1619
52
183
-919
1157
730
571
-865
737
-321
-1265
690
96
-468
-166
-732
212
-537
506
160
20
-493
-202
-560
-150
-191
653
346
749
-467
-20
-304
-584
-1407
471
572
-742
1043
-174
881
285
-85
-98
21
-510
-16
-597
-345
444
-95
-792
-1335
-202
302
122
990
54
-545
-647
-99
-573
-1452
-1020
905
252
1076
315
619
449
-531
-34
734
534
55
826
-576
78
-763
-1862
146
-1297
-135
-861
60
-851
-161
775
-594
937
255
587
292
264
997
500
-1385
458
-802
158
779
256
-532
75
778
-468
-460
-593
651
-512
-651
510
275
247
1038
-464
405
259
-285
648
-122
-114
653
-559
1082
-481
-343
699
-386
511
541
-281
-114
658
-64
-727
387
-287
-419
648
-2
1602
671
874
208
-342
-132
436
-525
37
-262
-964
833
10
-756
-465
-19
117
-544
-266
-663
470
100
-1108
-104
282
981
-1094
498
827
616
-50
-321
-904
778
-103
91
246
-1564
137
-1198
328
5
-44
397
-264
110
110
-95
460
252
-305
354
603
38
-510
403
409
330
-316
104
94
-125
174
-734
76
-543
204
572
111
101
729
-1161
-398
-55
-372
-661
-210
865
283
-151
-381
280
79
-650
-298
66
224
317
1013
-499
1233
286
1434
848
988
-410
-108
-590
-1051
-453
1070
1405
-655
-78
-1995
-476
145
501
-250
-427
427
992
-752
318
395
-22
38
-183
660
134
-258
1342
2083
-1482
663
392
-1383
-373
-758
878
838
1
-224
819
1648
387
-102
630
924
-581
-439
427
-436
-289
978
1675
-37
149
1038
1144
1075
-961
-819
470
1359
108
-815
615
-435
-369
262
792
-998
159
404
-7
-1306
-863
560
46
1917
-168
-1382
111
-341
-540
562
-515
221
-399
643
-245
-189
785
-281
-351
-289
158
756
15
-463
-749
17
-1084
-1029
-259
-639
352
507
416
-641
1396
-779
-139
627
-1305
-256
-34
1043
-137
-392
486
-625
529
281
-554
-565
-293
-1012
206
-127
298
-291
-479
-1177
-564
340
-192
-933
180
-806
827
-703
738
147
-375
-253
-832
1152
692
-636
1729
-149
-539
-164
-957
-89
-845
-825
-30
-589
-117
-559
1465
239
-46
340
-1697
-461
900
-516
1656
-751
-57
213
-38
-1308
-1177
-671
117
1196
105
1270
-6
-729
132
762
-403
-490
-183
396
101
286
-307
175
287
109
1477
581
-384
-819
111
849
555
994
-1032
-55
-391
-730
-37
668
527
-657
-738
10
796
-463
-142
-309
-89
-581
-1012
-1521
-2079
334
-195
620
-255
441
649
1171
-1239
671
-25
994
-36
537
539
23
-582
-507
-92
119
-102
-720
-1229
1009
-1170
500
426
-363
-58
746
327
-143
-354
-897
320
580
116
263
-426
628
-603
-891
129
92
75
36
-415
-582
-523
58
111
-23
362
-451
-329
86
-1217
690
-225
-603
-1017
-122
1375
-239
21
265
392
-363
1709
-677
95
1094
277
814
-815
992
-1
-289
-419
-89
-988
766
-568
-152
616
297
30
305
-1289
-1171
-418
852
-469
-997
738
-183
-502
298
-991
470
920
-1194
-197
-1294
-965
607
356
-889
-359
429
-357
211
-341
638
304
-279
-559
-50
-835
683
-5
18
-445
42
574
1617
-793
325
-111
-552
-2004
-734
-522
518
-700
-331
-183
-267
243
-79
306
-836
270
-449
-543
583
-944
-372
785
-43
511
-797
-613
351
596
863
-809
15
442
-64
183
721
204
-537
499
38
-419
-346
-45
-739
-949
-249
979
-1285
-217
175
708
494
-809
243
841
-46
681
342
1900
-539
724
194
60
566
969
464
294
768
-46
-663
407
360
-339
892
-113
-1722
-633
1735
-115
-228
-939
-706
256
687
-958
-59
873
-614
327
-514
608
874
657
-404
113
455
17
-492
-922
1238
-181
140
-1038
1039
65
-1202
-279
300
275
448
-351
-560
-14
54
-1437
-11
-516
-271
396
-456
-171
-677
-989
56
514
478
-841
-27
212
470
-326
287
280
-487
-234
-50
266
-273
677
-292
-1018
67
-1217
16
55
255
262
-911
-72
-1020
-1260
67
-1456
-295
6
-7
468
69
-932
1086
-318
-141
994
-658
-1280
-464
279
75
122
-733
-266
429
-865
236
1121
186
-19
-96
-870
-431
901
1083
661
-1007
166
-1095
-702
-105
-1136
-78
-81
513
750
528
79
448
-1003
253
874
-90
102
342
-566
-349
-1168
149
-76
-612
-200
-268
363
1103
-918
-626
-841
-207
-469
-510
1458
-1846
-771
177
-474
-423
303
248
-455
-34
547
-377
-519
-312
-406
959
-808
-471
300
488
-779
-789
-342
-212
87
-607
239
-1020
451
-1180
67
26
-230
-167
-645
1375
626
-869
64
305
412
-423
746
242
9
-1318
385
-848
65
784
-705
468
1643
-737
-97
-74
481
779
337
669
1212
281
-1153
629
507
-54
383
793
1321
-646
29
-993
600
949
105
1140
450
553
-60
526
651
-61
1067
678
290
1198
354
187
372
26
189
825
