27 76 64
0 5
0 6
0 8
0 18
0 23
1 0
1 5
1 6
1 10
1 11
1 16
1 17
2 2
2 18
2 24
3 2
3 4
3 5
3 16
3 20
4 4
4 9
4 10
4 12
4 22
5 18
6 22
7 2
7 3
7 5
7 7
7 14
7 15
8 18
10 14
11 18
11 21
11 24
12 5
12 22
13 0
13 5
13 7
14 9
14 10
14 14
14 15
14 19
14 25
14 26
15 4
15 5
15 21
15 22
16 0
16 2
16 4
16 6
16 8
16 9
16 17
17 0
17 14
18 13
18 19
18 25
20 14
20 21
21 6
23 21
23 24
24 3
24 16
24 22
25 15
26 24
74
44
1
25
9
35
37
40
47
14
0
67
32
51
6
19
7
55
72
41
16
61
39
31
71
21
22
60
59
66
8
12
70
63
53
20
45
50
33
68
56
73
2
48
52
34
57
65
30
11
3
4
26
75
64
42
10
5
54
58
29
62
27
15
18
24
28
43
23
69
17
49
36
38
46
13
36
-176
-15
111
2
31
94
48
-58
53
0
14
49
12
-41
-37
41
-86
1
60
-31
-20
98
51
-51
77
-8
-95
137
70
12
22
-56
-7
55
80
13
12
-70
-16
20
47
-129
-8
-71
43
79
60
-7
-5
-9
1
-80
-66
-57
-35
-44
-81
-143
-55
53
-7
-15
-74
28
82
-66
-19
-7
-2
13
12
111
-46
97
31
-30
-49
110
45
-42
-36
5
-32
71
140
46
-53
46
68
-36
77
14
-41
81
-8
75
-49
15
38
-78
-9
40
94
-47
97
20
64
138
14
10
17
-19
20
12
-95
84
47
77
-60
48
2
106
-14
4
-74
0
-41
-31
-73
-88
33
48
-15
-90
-37
-131
-96
25
-12
-171
11
-74
83
20
-1
-44
-22
-67
78
-34
-22
31
80
38
-29
35
25
74
18
71
29
-29
-95
-72
84
95
58
-48
-83
-46
-80
22
-72
2
36
82
71
76
-18
20
-78
-99
146
-74
-19
-89
-57
-44
13
3
-13
-6
18
13
-119
52
-26
-41
-58
98
40
17
-12
72
-3
2
-103
-11
-3
42
-24
-23
-31
-41
-1
-68
-45
-23
35
149
-28
-37
-38
89
26
64
47
-41
-53
-78
-70
66
91
4
90
-8
70
90
-24
-69
-14
29
-67
-42
15
-43
-72
24
47
-116
36
-36
-1
18
-59
-50
85
85
85
14
69
-30
-47
47
48
-117
170
-75
-39
24
37
-75
-29
15
89
79
-19
-47
58
-22
-81
-79
-4
-67
-38
-14
-34
-26
-51
80
17
-21
6
-58
26
-51
19
-13
-6
-99
-60
-77
-6
-29
-35
114
11
-34
-90
-23
-13
110
38
-53
13
-34
98
-57
7
47
-32
27
-29
11
124
31
-43
-40
27
0
54
-53
62
-54
91
-32
-60
71
-14
-43
70
-35
-19
107
-114
-67
7
-53
-134
-9
-18
-40
47
-43
54
-92
3
-16
-3
126
-89
80
31
10
87
10
34
32
45
64
56
30
-45
58
-36
6
72
36
54
104
-111
-51
24
23
22
66
93
-115
-17
12
23
-78
-42
162
31
-18
-23
-14
-43
48
-54
-97
11
35
-59
-7
78
48
-48
27
-26
-20
-130
100
88
15
34
39
-10
119
-19
-161
74
-15
-10
-113
84
58
-51
-25
34
-35
84
-23
-69
-18
81
-20
13
-73
-63
-40
-69
6
28
-27
26
-9
31
-106
38
-75
107
5
116
-87
-82
86
77
-11
-52
8
27
-68
-56
20
-33
-80
86
111
32
16
41
-48
-72
-24
-101
-11
-119
99
68
51
-74
47
-10
39
-136
59
24
-4
-56
-72
-13
-16
71
42
-32
82
-9
21
-37
55
-51
-64
3
-53
85
39
-47
49
24
-87
-34
-1
-30
-61
-7
-176
82
-102
4
-115
54
-19
43
4
-27
-12
-18
-78
23
9
-5
9
-71
-32
103
15
-60
42
11
-145
-1
31
20
-19
107
13
72
69
-44
-100
84
-16
-19
-17
103
-48
-62
-7
11
45
-107
-83
-113
-60
27
-18
65
38
-99
134
116
-124
7
23
76
-34
45
24
39
-35
37
5
51
-13
78
90
-27
40
-12
9
99
56
-37
3
26
-57
29
93
-80
35
-23
-78
-71
-46
12
6
-3
-11
-87
-103
-102
5
37
95
-28
135
-13
-35
-12
-16
2
-40
-33
-70
5
-38
-42
8
-77
-6
12
-20
44
-29
-58
-83
-80
65
55
20
-14
-36
22
-153
37
82
-181
12
-3
-51
65
77
13
-11
46
-32
-42
-3
30
73
-23
-73
-4
5
13
-81
-53
51
62
6
-41
-62
-20
-66
17
-3
-130
108
-65
-7
-112
79
-86
82
159
-34
13
7
-23
88
-60
-114
-34
-41
-61
8
-4
-27
-61
-4
-48
70
29
10
45
-20
-161
35
-12
-32
-4
7
76
57
-31
105
-51
58
35
54
-54
-54
-106
17
-65
27
44
27
120
32
-27
-43
-37
-53
-38
-15
-76
-5
-6
13
18
-8
23
-59
107
-57
19
19
-48
28
44
51
2
-14
-63
-25
77
68
-26
-105
-60
-32
66
2
21
-12
-8
-38
-65
-40
14
-14
-111
-49
-4
86
-8
-42
21
128
-10
1
-81
-102
99
11
-83
47
61
24
-40
70
38
-60
107
47
86
39
40
-127
-6
-59
-69
-3
65
-38
-59
44
83
5
-7
-116
-87
14
-58
-25
-141
-86
-34
138
-149
-61
-34
163
53
-98
38
-12
-92
-5
23
-54
112
24
60
-22
-29
25
151
35
-45
60
30
-19
-19
19
24
-9
-93
-47
-82
-79
76
-41
31
64
-13
132
-32
68
17
-56
-28
130
16
-27
11
-12
-63
-67
-2
-52
-16
22
-42
-74
-50
27
-24
102
-2
52
14
-2
36
-8
-28
10
19
110
-54
-64
-73
10
-56
-110
-64
30
14
29
11
-12
-51
68
79
78
-39
-2
42
-30
26
-74
41
-50
-102
23
-20
50
-16
-5
25
-104
-3
17
37
-98
12
-5
-1
-13
-19
67
-53
4
-75
49
-45
-8
23
-91
23
-62
63
-20
48
4
-88
102
2
-57
4
22
33
20
25
-43
-94
19
6
-101
82
-98
-87
-38
-2
100
4
14
27
-1
31
-64
-33
95
-60
69
-68
102
-70
-117
-2
-2
34
18
9
3
-34
-20
28
24
19
80
53
7
11
-4
-89
65
135
-20
42
-58
-40
-37
-13
-55
90
43
93
12
42
69
10
64
-101
30
-1
27
-39
-69
-52
61
-26
-2
-9
-28
49
9
-94
-122
51
-25
-46
-5
78
-68
-56
82
17
-6
29
-2
-15
-7
-18
67
151
11
-41
-25
-7
81
35
18
35
-25
-72
-64
44
-161
-13
-64
-15
-13
9
-117
-30
-30
15
32
94
-22
-35
153
48
-76
-20
-21
36
71
4
-83
-49
-70
3
-16
5
-181
165
142
42
-156
15
-14
-15
-21
26
-25
24
22
-28
-29
13
-24
35
-59
-68
61
-6
-8
116
72
-33
2
5
46
14
-21
-44
38
-17
21
-25
-31
1
30
-14
37
-73
50
-49
24
13
68
-82
-31
0
23
-56
-31
-99
-120
-23
-12
54
-18
-18
-35
10
115
57
71
-31
-60
-56
40
26
28
10
138
20
-87
-70
-106
-10
36
56
38
49
-29
-131
-58
-70
-55
-87
-7
153
78
43
-33
-22
-27
49
-76
86
78
-21
-11
48
121
41
84
-78
10
-75
-82
2
-26
23
-6
78
48
-60
-23
-15
-58
-40
27
-11
25
20
-70
-71
-27
-116
-72
37
69
-5
-142
-43
-74
56
122
41
-28
-1
18
-4
42
-45
-22
26
-53
4
77
-90
-59
-165
-92
-57
-19
78
-126
-27
33
91
27
-38
-36
37
-54
92
120
25
-56
-22
95
12
-76
78
39
-41
42
3
58
29
-129
96
-55
18
-101
122
97
8
46
54
47
9
-25
27
-69
-23
-102
43
14
33
161
48
104
76
-50
18
56
31
20
-89
51
-54
89
-46
-57
-16
47
-149
70
10
2
70
-14
-65
-15
-22
36
-51
24
78
-70
-15
25
39
-65
11
-15
14
-123
-34
-29
-39
-38
42
42
-27
26
-81
35
56
4
10
-48
-51
9
11
-11
-42
-85
-115
-72
-58
10
132
89
-45
-74
-12
5
-38
15
46
49
-9
75
28
14
-38
-79
-28
35
-43
-20
80
-106
-42
-83
1
139
-112
21
-89
1
42
-42
-54
81
71
14
1
-33
39
-44
74
29
-20
13
148
81
-26
-15
-118
-41
72
3
4
23
23
78
-61
127
-29
14
-37
56
-37
-43
63
3
121
27
36
-65
3
-112
-3
80
127
-45
-22
4
-40
-41
70
-8
12
68
76
-14
76
-27
14
54
-39
8
-47
84
4
-22
2
69
-94
-93
-69
-71
1
-33
5
30
-27
-39
96
99
112
35
-12
47
6
-3
-55
25
67
9
33
66
-25
46
-26
10
21
4
0
-44
-60
58
-62
36
108
-30
17
-42
73
3
-28
-48
-73
26
36
-63
28
-35
10
4
-86
59
-131
15
-21
16
108
22
30
-106
15
-67
-66
-30
-6
-79
81
-164
-95
9
-81
81
20
-24
-29
-67
-29
77
56
64
-32
10
-3
39
-16
20
-6
-31
52
115
37
-59
-97
-90
30
-89
-116
-20
38
-6
10
-21
32
-25
-57
22
-141
-23
-7
27
47
84
33
16
102
-32
-29
67
19
0
-44
73
-67
16
70
16
-35
-45
56
51
88
-76
5
17
26
14
13
-25
28
20
40
11
-45
-17
41
-20
52
-128
-137
22
63
35
-18
119
103
-43
-73
125
53
-171
-4
40
-37
-5
-46
51
43
-126
-53
117
14
61
91
-53
-26
-29
49
71
49
169
-23
6
61
41
109
80
50
47
1
8
117
42
89
-18
16
12
30
11
10
-39
0
38
-56
50
96
-10
-102
21
-27
-78
-33
-101
37
-60
100
71
-12
-66
44
-18
102
94
58
-130
132
89
-44
-15
-24
31
43
109
-79
170
90
107
-81
-23
2
-21
15
59
4
-2
93
96
9
-6
-92
62
33
-51
-21
69
9
-54
-66
-69
50
49
-35
-64
59
23
37
-30
-99
-26
-59
-95
-99
5
-48
45
40
155
43
-28
145
-30
18
-110
-11
-121
45
83
-14
89
-1
-71
-74
-88
104
17
66
-75
-26
20
68
88
79
-79
-22
43
-8
-163
-16
-84
-38
-58
-149
1
-12
-32
31
-4
-52
29
-37
84
1
27
12
30
-1
-101
-108
-47
58
-89
-191
88
-1
72
70
-52
24
56
-21
70
-43
-138
104
0
2
-23
104
44
11
78
-54
193
48
-70
31
-129
59
-26
24
57
-78
-73
-91
31
43
-149
28
18
-98
-22
22
45
94
-88
31
114
-124
4
116
99
-1
-58
24
-79
47
64
-18
54
-36
-114
37
-169
-28
73
-39
-136
37
13
8
107
-13
20
55
-2
31
-23
-19
-76
-20
-12
-10
-16
-30
67
13
38
39
-50
88
102
-10
-53
-25
18
-31
-6
-39
-2
118
-51
16
148
78
119
-61
-59
57
11
-19
-39
26
-32
0
3
54
30
-86
-16
89
41
8
85
48
14
8
-46
60
38
76
-68
55
-2
116
-10
36
15
68
-77
28
-94
55
3
77
-72
11
-63
-39
-60
75
40
2
39
-73
-96
1
106
61
-4
-24
34
-37
-46
-13
-22
43
6
-65
-3
-58
94
-89
-58
-83
9
-36
4
-13
1
38
-46
-42
72
-23
53
0
-12
-6
47
-27
5
13
-3
-92
-27
-137
-73
-15
-47
59
15
73
-74
-12
73
-132
60
74
5
71
83
-8
44
-23
161
-12
-22
-61
-35
-45
45
-31
-28
-154
-13
77
-37
53
-2
-55
-40
-34
-43
-93
46
-104
-16
-11
87
-22
80
49
-61
-15
11
-60
43
-35
24
29
-54
1
47
5
11
22
-17
16
18
13
63
-52
15
79
-137
-125
-42
17
15
-93
-40
-8
58
122
45
20
101
-93
37
56
-92
-50
-64
81
54
-33
-48
28
-52
-24
-90
-34
36
-64
8
-15
-22
-38
-65
35
-3
46
-61
70
47
-10
-111
28
-5
9
-62
-118
-49
57
-80
-19
-5
-56
-53
40
3
64
40
23
-49
-3
25
11
-89
-64
-94
49
73
70
28
-44
-34
-91
57
-3
12
39
-10
-53
-1
-110
-97
48
-24
-5
1
-32
-5
-105
8
34
-1
7
-78
-12
1
-21
-97
3
42
98
-86
-43
-55
34
113
80
-11
107
60
-28
-55
-78
97
10
85
58
68
-38
-49
-165
-32
-57
-97
-35
-29
40
13
36
-19
-16
144
-74
-113
88
105
111
6
-68
-42
94
2
-77
-33
-29
67
-3
-39
-18
43
33
-13
-68
8
64
-41
-68
47
-37
58
66
-47
138
41
-37
142
-3
0
2
-50
-1
9
-81
-23
32
29
-30
-118
95
39
164
-119
53
-128
66
-18
-88
6
-21
-60
51
-111
113
-78
19
-87
72
57
-28
-42
-47
36
-19
20
-61
-3
-7
-47
8
-77
167
-172
4
-105
-45
-10
-23
-44
-24
149
82
41
-68
-60
-83
-13
14
20
-82
123
152
11
77
32
95
21
-23
30
33
121
-72
-21
33
-72
27
8
-26
-86
76
-2
107
138
63
-10
-35
49
-79
8
-8
-23
-43
-33
107
111
1
33
0
17
-11
32
-35
7
-50
-27
9
-35
-78
80
20
14
66
79
-168
65
27
96
-162
-98
-55
74
-52
41
11
37
-38
-18
-37
43
-80
-48
-24
-36
-24
-122
29
-10
3
14
106
63
-53
-120
-64
1
27
-76
-12
-101
-23
0
-65
-15
29
-54
-81
103
2
-36
80
-75
23
-3
-37
-45
-50
-114
-60
9
-11
49
-93
46
109
-15
-35
41
36
-38
-39
55
27
-62
-17
195
-175
-32
-78
-73
-76
148
75
-25
77
-129
14
-26
-119
-39
27
-117
47
65
27
37
25
-7
-13
-17
55
-61
9
23
47
14
21
-29
99
86
21
-27
64
82
29
27
-19
-4
-72
76
22
86
-93
-6
7
-39
19
-32
-59
120
72
59
-4
-16
-121
-15
-21
-90
-5
-43
-85
168
72
27
-56
-72
-68
25
49
-139
-132
131
-106
-54
37
116
23
75
4
-106
121
15
-108
41
-13
6
-64
23
-6
98
-56
-59
40
128
-113
-128
101
-58
-34
-137
-39
68
-106
76
106
132
12
-75
-75
128
-79
15
-67
34
-68
52
0
-3
8
4
-9
65
-89
76
-6
-64
30
43
91
-89
-41
-37
-74
44
-79
88
-15
16
39
20
-63
-26
-103
-63
24
-33
137
-96
-16
116
-87
-50
39
58
28
40
-13
47
-27
-48
70
21
14
5
-5
4
-65
27
28
68
-7
82
-49
10
-18
-4
123
69
-32
28
50
-72
-45
-28
-20
118
80
38
22
-37
-88
121
98
-31
68
-20
66
139
48
41
98
44
15
-157
6
-156
-71
-21
-50
-91
28
-104
60
-28
-86
-67
-53
-81
109
50
10
57
-43
-82
101
56
-86
-30
-54
-38
-46
40
38
46
77
-18
120
-39
11
21
-59
29
144
-54
176
-110
91
42
-24
-137
-18
45
123
-2
-60
-46
-80
-18
-59
43
51
85
33
198
-31
-12
93
-105
-72
-10
118
103
88
111
-25
-33
13
-77
62
66
5
28
18
-47
63
-37
114
23
-34
41
27
22
-50
48
-37
32
12
119
78
3
166
-27
27
34
2
-7
-133
-45
-13
-44
10
78
-49
39
-13
28
-40
63
-57
-48
57
-18
133
-65
10
45
78
4
-44
-34
45
-39
-31
1
8
0
34
108
-55
-90
37
25
26
2
-97
5
81
-74
-32
-79
-28
63
26
-29
26
-27
-22
75
-101
-63
-198
44
53
-142
-35
41
-23
-107
-7
6
42
73
-225
-11
48
58
-51
79
80
0
-90
-40
-42
34
-31
16
-28
78
108
40
1
14
-54
-60
-5
-71
-31
19
19
-24
-59
35
108
8
33
9
7
7
11
-34
-3
51
-28
-51
46
46
20
121
-116
35
-52
-45
-118
5
-139
67
-17
-27
-22
-38
-44
-100
-98
19
-83
-28
-27
64
-63
-34
-29
0
43
79
121
-23
-58
49
49
14
57
-75
-94
-6
42
134
19
93
4
150
63
48
-17
48
-105
-94
19
111
118
15
-29
107
-117
0
85
88
-28
-78
-31
-77
56
8
9
23
78
-54
-35
68
11
-73
59
-2
-72
-82
-36
-71
11
26
97
61
-51
33
55
145
-18
-46
-52
-55
-29
53
0
-43
-71
74
-69
-35
36
-81
-21
-22
-71
-45
19
118
-106
-55
88
49
-50
-23
36
43
-24
-14
-128
-66
-9
79
115
12
49
-44
-1
56
-65
-162
-25
-19
92
-88
34
26
15
-33
-54
-5
-20
-14
-63
-33
-46
-40
20
-106
-74
-61
30
-66
31
7
-22
-24
-76
-123
-39
94
-23
46
-133
-29
-93
32
-74
65
24
-114
-46
-49
-104
-129
72
23
-30
-27
-40
-31
-9
90
93
3
-75
41
-6
-83
13
4
-208
106
117
66
10
-15
-71
-109
-97
-37
-58
105
-127
84
14
54
-47
-95
102
83
-57
49
63
71
44
21
15
84
-25
-90
15
27
-85
-2
-75
97
-67
-1
11
-89
62
-73
-35
12
-89
76
44
-56
51
25
62
100
27
37
-30
-24
-11
11
-190
101
-61
20
44
-83
96
40
82
-55
-20
18
44
-60
12
132
-38
28
-13
-80
-129
-40
-28
-106
-39
72
-73
-103
-115
21
11
95
-23
-12
-20
123
16
78
-54
-45
5
36
94
3
65
-24
101
-54
-34
-73
-93
-35
77
-35
66
13
74
106
29
92
-45
-42
-138
-38
95
-72
168
-185
-81
-114
39
-2
-2
32
-39
6
40
96
97
19
-60
-7
18
-81
24
-23
47
-81
43
-40
60
-79
-69
79
13
-42
79
25
-81
54
27
25
-17
3
-63
-39
21
-84
-79
-65
-11
-11
23
5
-45
-85
3
-105
69
-1
66
12
-109
84
-9
-22
-54
71
53
-53
-1
-121
-9
90
99
44
43
2
-10
-56
129
-36
-69
-50
24
-124
-131
-7
-19
108
-55
-31
-38
-89
-22
55
7
-36
78
72
-51
-1
34
52
30
8
75
56
50
73
33
-56
-62
50
123
34
67
-36
17
-26
-6
23
-8
-11
55
34
32
-146
65
36
-63
-38
-93
51
58
-19
-42
-96
54
5
24
16
-30
-80
91
-2
34
-10
-40
-121
14
43
5
-9
133
23
91
-12
-41
-26
28
7
13
-190
22
21
-26
-8
-142
-111
79
-23
-130
115
-34
-54
-75
-92
-29
14
51
59
-40
-185
0
44
81
-20
71
-13
-30
-36
-17
-13
-15
19
25
4
1
23
35
-112
-50
82
-13
8
47
50
-21
-53
118
-9
-32
32
6
-5
-37
-30
12
-50
46
77
36
17
75
47
103
29
92
43
106
46
19
12
-12
-6
-27
-17
111
79
-15
21
105
50
-20
14
-25
18
-48
8
-87
-39
43
1
-67
-31
-138
10
-36
46
-83
15
-17
-5
-73
-12
-53
-91
-24
-35
-31
79
-103
130
69
-61
-11
-62
-67
-29
-101
7
5
-25
-27
55
-81
-25
-10
15
12
-50
7
-28
47
-39
-61
99
-11
6
-58
15
-35
48
-66
10
-91
38
-81
-82
-98
-14
48
-143
-56
34
112
0
109
34
-33
-34
-37
11
-166
17
40
-111
-17
3
47
-24
-106
27
53
17
37
21
-90
11
-103
-104
-22
25
1
11
-1
-14
20
-45
152
3
37
-60
-16
-36
-127
171
-24
-52
107
42
-26
-25
49
19
3
28
16
-114
-79
34
-81
-94
-89
9
5
136
-8
-47
-32
-2
-52
1
33
77
-77
-66
1
-25
124
123
-29
-93
52
5
-135
15
52
72
-11
34
86
19
-4
47
26
6
124
-48
-113
25
103
35
-96
-57
-60
-71
54
-14
-25
-34
-27
-2
-88
23
-91
-26
79
-59
-46
-40
-7
-73
-15
47
24
-93
76
8
-95
-54
129
-70
60
52
-12
29
13
65
46
-26
16
-33
7
-57
20
-26
-40
-36
89
95
16
43
104
37
-5
-16
-65
71
-19
56
82
13
-48
2
-15
-7
-26
-10
1
58
-70
61
60
50
-85
10
24
-71
5
9
31
-8
200
-17
-85
-33
46
-29
23
-2
20
77
59
-15
-4
69
-83
8
-82
76
29
-76
-67
32
17
38
-77
-3
22
-34
-122
21
7
47
-32
-62
64
-30
43
-20
-89
-78
-49
-34
14
82
-25
-9
-28
42
-50
122
-42
-6
25
-25
10
17
40
-11
190
61
22
48
31
29
-49
-32
-36
-32
148
-82
3
57
-16
2
64
80
121
-42
-44
-2
-28
108
-53
158
36
85
68
49
21
-15
33
-108
63
-6
14
-2
-40
142
69
-15
-26
-66
75
38
43
39
10
-42
76
56
-9
104
-5
-23
72
-16
-47
-19
40
-18
86
7
121
59
-32
-39
-54
-12
48
-4
-63
-8
27
81
-32
12
15
37
-33
-67
-49
-51
4
117
-70
-29
-54
117
94
-16
-20
116
9
-98
53
-73
-62
1
79
28
10
-36
-34
-116
-36
-122
38
115
-13
119
-35
29
-65
25
-71
38
34
-20
11
-37
-17
22
-124
-7
6
8
108
60
56
-57
-107
-66
74
-78
-16
32
20
88
19
32
-51
47
138
26
77
-66
-54
-34
1
24
-54
88
25
-63
53
-52
0
-38
-90
-32
15
-19
-23
-10
-102
82
64
67
98
-56
6
82
-105
-1
-59
-3
-2
-103
47
49
64
2
-21
100
11
-72
47
-73
55
-53
-61
33
81
-21
18
32
-6
-6
-35
-47
5
-112
-136
-28
79
139
136
121
-11
29
-67
-15
-73
65
87
133
34
-18
75
54
39
-38
44
-71
-3
-11
27
74
-39
35
21
42
24
13
69
17
39
39
-50
-84
-86
-15
42
25
-15
104
47
-71
133
71
-87
52
-22
42
-9
47
14
112
-2
-21
80
-46
-77
49
9
-40
-120
-61
36
-86
39
-46
84
63
-3
-43
-47
-2
14
-49
50
-40
-34
22
-122
14
13
24
-17
-112
-79
-82
51
15
33
-5
-6
-7
-8
96
6
-13
-22
-64
-57
-46
-42
-103
-78
73
-15
11
-15
56
-92
-5
39
-45
-127
-38
68
-18
-39
1
98
-83
128
13
-70
-22
-19
-35
-17
-7
56
25
-50
-122
-35
13
16
-195
-6
-81
122
18
-83
108
37
80
-90
-51
9
-195
-54
75
-14
-5
42
12
10
35
190
86
-27
-79
35
94
-3
86
-85
65
3
-35
-77
-22
111
-20
-40
-26
-92
-33
-65
52
-129
-61
65
-9
57
45
93
22
-15
-23
42
42
-120
75
102
73
-27
19
-75
50
-48
22
16
63
-2
24
100
-62
60
-33
34
31
93
64
-9
-31
-38
6
17
22
-66
-77
-54
71
-134
-46
49
-107
-13
50
123
3
12
-80
-64
-18
-6
-64
30
-35
-36
30
31
-11
-21
-121
10
30
83
52
-31
-89
7
-123
21
43
-83
-61
-36
117
1
35
20
-97
-23
-59
6
107
-65
31
-5
50
65
-13
-34
-42
-66
-41
-77
14
-57
-4
76
27
97
-27
0
-85
63
19
37
76
125
117
95
-13
-48
69
-4
81
-73
69
-66
80
-36
29
10
-60
-41
139
-40
-50
29
-27
-84
113
96
-64
17
-38
66
-89
95
-73
91
14
26
-143
72
-14
-23
10
-107
-60
-22
139
-23
-16
-20
-45
-102
12
95
-27
67
41
59
67
48
3
-10
20
-50
-38
-45
-1
18
-61
-8
77
71
-9
-9
69
-28
-40
48
24
33
75
55
136
55
-95
26
-119
-51
-81
-137
30
53
-7
-1
-12
-14
-2
-15
-12
3
-59
-46
-17
33
-57
71
-53
27
112
-71
-42
36
17
9
-134
37
171
21
-117
-51
11
39
-8
21
0
100
51
-15
42
-15
22
29
9
-31
69
27
-90
-50
-106
-45
-82
-14
-32
-116
-90
-83
-143
-63
67
-84
32
-50
-60
53
53
20
-25
-79
64
60
69
86
-64
44
-24
-42
-25
53
10
-39
-60
-92
-32
-77
38
0
21
30
92
18
-44
-35
5
-84
-212
82
-3
-53
51
-56
-158
17
64
-31
-27
69
8
-121
-21
20
-28
-36
-127
-39
-10
-59
-154
-99
9
69
60
63
29
-50
108
-47
99
-118
-5
-46
61
-23
11
-50
-76
159
-21
28
-48
-82
-30
-21
-22
-9
-1
101
30
-4
5
60
-19
-58
-22
-21
30
28
87
17
7
216
-16
195
19
29
20
-7
-76
-60
-62
-94
-46
67
5
36
-82
28
52
-67
-51
62
113
-48
-70
-39
10
-37
-61
19
35
-18
73
62
0
14
7
-5
-7
-4
37
-47
-138
-202
86
11
78
106
-30
79
-31
1
-70
-84
-104
-15
-24
-82
-49
3
-47
23
-62
59
30
0
40
-26
-84
-73
-9
-94
83
29
24
56
-26
24
-33
-18
-13
-26
46
17
17
67
-5
-56
123
86
-44
27
8
-72
39
-41
-13
3
-26
47
39
-50
83
4
-23
-41
28
-32
12
208
50
15
-4
-75
66
-10
38
-28
15
70
-80
-3
-88
-14
-128
-71
86
40
-106
83
19
98
-42
-9
-96
-29
22
34
99
28
-9
46
-19
-160
24
-9
12
-93
-7
36
5
5
1
42
-79
5
-122
-59
30
-10
18
15
21
31
-11
127
9
50
-7
-12
-41
63
139
131
55
31
63
62
-1
-139
30
44
-26
25
3
32
20
63
-6
0
2
-20
-46
-187
60
91
-30
-8
76
143
-34
-35
-14
-12
9
48
-94
38
-7
24
-7
2
7
26
-37
-43
78
-9
-2
-62
51
4
20
46
152
28
-42
-87
37
60
14
33
2
-45
29
57
-113
26
73
42
11
98
89
92
13
-38
-2
-64
-31
83
-147
-34
13
72
-84
-44
92
-41
-58
-22
59
-13
-19
-13
93
-55
-4
-21
-50
-61
-52
40
-7
52
-22
70
108
69
-8
-86
31
79
-134
58
-14
19
-72
14
-1
8
58
46
-34
52
-80
-7
16
74
21
12
-91
-10
-128
-89
-66
-154
35
118
-27
54
-46
103
-106
39
35
-64
78
39
-124
-50
1
-31
-33
3
14
-29
-24
-71
-54
-47
129
-75
-63
-75
57
18
-11
49
-22
-55
63
-130
77
-30
87
118
-7
-71
-1
8
23
11
-61
18
-100
36
-49
22
55
55
-13
-100
-167
-57
-66
-115
18
34
15
-75
-3
88
-14
-46
41
-1
20
99
130
-4
60
-27
-28
-16
14
-25
-86
-42
-46
56
7
-59
-9
74
-79
32
48
-93
-7
-13
-9
31
-107
-10
26
97
-136
-53
18
75
24
-11
4
56
9
-91
-20
-41
-25
128
-51
-71
10
-18
2
-100
-85
-100
-111
-57
31
-16
60
-132
42
3
34
39
-93
63
21
-31
17
-32
28
-62
100
10
108
6
-82
-7
-79
37
-99
65
3
-15
-74
118
130
37
-17
-95
-20
-59
-48
93
-116
-25
60
6
27
90
-27
78
-137
-131
68
9
-76
64
-75
-27
9
89
45
-29
-156
84
66
-62
-137
-32
17
-3
-28
47
-5
145
124
-6
2
-21
52
-124
132
0
-41
25
-105
28
34
70
-5
44
-38
8
-37
-72
48
-63
75
49
88
-126
99
-74
8
182
-17
-146
-83
-38
69
26
-87
-34
57
-23
-78
-10
-46
-70
64
3
-77
-48
101
-2
-4
196
10
13
59
130
60
56
-34
-40
54
-74
-64
-49
-159
-25
-52
-11
14
18
38
29
-92
-54
21
115
58
52
-68
89
33
-71
19
45
40
-55
1
-19
-49
-127
10
75
-93
-28
51
13
89
52
-38
-63
12
-42
63
109
-43
-85
-103
50
39
0
75
8
-57
49
18
13
-80
20
38
52
-22
3
-75
24
-1
-20
107
79
26
-68
-11
-40
-12
-12
-42
-19
127
123
-35
-64
39
-11
-14
-28
-55
29
-12
6
12
-104
3
70
97
-68
-47
45
17
-8
128
-13
-31
32
14
-61
5
-90
-78
-21
-37
51
-41
69
-116
-33
-4
-115
1
2
82
91
17
-8
-89
-81
-55
81
11
-71
46
-92
-45
-128
-44
45
11
60
38
21
-96
72
-183
15
-5
-1
-70
17
93
-77
14
-15
-134
5
-54
-58
-9
67
-65
-19
58
-1
-28
-25
14
1
6
-31
-69
76
-81
-11
-70
25
48
-19
15
37
-26
41
-52
50
113
30
-71
-51
48
-21
-32
5
85
45
-39
-3
94
35
61
-20
-12
-128
-86
-34
-56
-70
-7
58
10
69
109
-13
-5
-128
-58
124
-46
47
42
89
9
19
120
-120
22
-61
-4
59
-10
-16
-79
-19
-178
102
-42
5
-20
-76
-31
53
0
-27
1
-36
142
35
12
-11
86
-48
129
115
12
51
-113
36
-62
14
74
56
92
6
76
-77
79
24
118
-77
-10
45
72
18
-126
46
-73
-36
-28
-13
48
16
23
-30
130
-154
-124
88
39
-8
-9
87
-48
-27
-136
29
-23
-8
106
63
-7
3
-52
-138
64
116
-10
52
-26
71
-37
14
100
-7
90
39
21
-20
-42
75
31
42
-66
-70
-41
-42
-61
102
32
84
-45
5
-16
-12
-16
63
28
-12
-57
95
28
97
-20
18
-70
-68
-24
-73
-11
-82
52
59
11
-47
172
19
-162
-83
-60
7
44
-32
8
-65
64
-5
-51
45
90
-41
-13
-76
-11
95
-1
48
-47
94
23
175
-4
-17
20
-10
64
-30
-108
70
-17
-63
-62
-52
29
-3
109
-12
20
121
35
-72
-44
-21
-184
154
-44
-43
23
80
-24
-21
-22
52
23
-74
1
15
22
-9
22
71
-22
69
156
6
-104
-71
65
25
10
18
-43
-2
153
5
43
85
71
141
-109
34
64
112
49
-139
36
-53
-25
-72
-10
77
-53
78
-42
-33
76
-46
106
-74
-18
-25
86
14
40
-36
-85
27
-78
82
53
12
-21
31
-27
-145
-89
-87
-69
72
56
-2
-84
40
-31
8
142
-27
-101
-150
73
0
29
112
-103
28
137
64
24
22
-31
121
61
190
74
-6
16
61
-58
-94
12
-59
73
49
-59
32
117
48
-10
-27
82
102
-91
30
-44
36
96
-25
-38
-23
-16
1
-42
97
-11
65
4
-10
-34
49
46
8
-36
16
-92
-25
-105
24
86
-35
45
108
27
21
-25
56
8
61
102
88
24
8
-69
43
82
-109
-32
131
-53
-2
62
-40
31
34
69
-64
43
80
10
-126
91
18
-16
-44
-1
14
-1
59
76
69
23
-184
-23
-50
172
-32
-73
-46
-23
-4
-72
34
73
-57
-21
-18
38
-104
-94
-1
88
16
-155
-10
57
-24
-20
-86
23
33
-1
52
48
-5
45
-89
23
-27
-25
10
-4
49
6
7
-7
11
-41
-111
47
74
45
-45
13
120
-91
-126
60
23
-2
-3
48
19
-2
64
32
86
-39
89
-68
35
36
24
3
-26
-44
-5
-24
-6
71
18
31
79
-39
-103
30
-78
13
13
101
-10
81
-110
83
-132
58
75
41
37
-58
-80
-135
91
71
42
-117
76
187
67
98
-10
22
31
85
-28
-5
-2
-39
19
7
-23
-10
53
-15
10
23
20
-30
65
-32
-53
45
-95
37
29
-7
-15
-31
-29
-6
-2
3
-6
-139
-106
-40
84
27
46
-24
-75
37
-11
22
167
-29
90
16
127
2
118
-90
-17
25
48
58
-27
150
-100
-4
-43
8
-9
2
83
-29
22
58
65
-26
71
-21
5
-17
-132
-17
-64
79
6
-84
123
-30
107
-21
-31
-16
87
-19
33
-61
55
-174
-78
-51
-39
-6
58
69
61
-83
6
78
-46
17
23
55
-129
23
10
-106
109
30
-37
-24
-192
87
49
4
-35
-37
44
81
15
90
5
-176
0
-60
-39
-76
161
85
91
72
64
12
-29
-77
120
39
-58
-96
69
-4
-20
73
-58
-87
82
19
35
37
-72
58
-55
-45
-8
-135
-5
-61
-23
20
11
-80
14
-7
-59
-78
68
54
-7
31
19
-7
-86
59
78
1
16
-47
-2
15
-29
-43
-72
40
10
-20
-78
40
-32
-56
17
-32
-26
-10
73
26
-16
0
-21
-16
17
44
-26
59
-55
-28
19
52
142
33
-91
29
37
-46
35
-186
-57
34
-75
5
36
99
-173
69
21
-67
-15
-23
18
56
37
15
112
59
41
-52
15
-4
-39
11
-87
90
31
-39
-214
6
76
8
-58
19
97
40
-151
-75
-11
18
-91
61
-60
-161
-36
-16
50
74
-5
62
64
-45
55
-120
-56
36
38
-40
24
-80
-79
-114
-34
33
-109
4
-11
68
-87
-3
-96
-9
91
55
47
-55
-90
-30
46
109
-40
4
-72
-4
129
43
78
-82
21
24
14
62
36
-8
-30
-49
37
13
36
115
10
51
-32
26
-40
149
54
48
-28
178
-24
-24
4
6
-19
63
-31
38
66
105
-83
-47
-108
-11
82
27
-53
-15
23
-75
-39
-28
24
25
14
28
15
40
54
-68
13
-31
10
65
-16
-33
-20
-31
75
-47
107
-91
38
152
59
-134
97
-73
100
11
21
-31
23
40
10
68
-27
78
-12
22
-25
-103
73
-2
41
50
25
-37
3
-25
49
-42
32
5
-26
-42
19
104
46
73
-12
-116
97
9
-56
98
-23
-68
-5
-59
20
-7
117
-19
-24
84
128
89
-66
12
60
116
-60
14
-132
-35
-12
30
88
-7
45
14
-10
-76
-97
8
15
-97
22
-90
-11
71
67
90
-169
-63
35
87
-38
21
23
47
20
-54
32
97
124
91
125
2
144
-8
46
41
36
-19
-2
-17
-77
12
2
4
-56
8
117
-91
94
81
46
88
-23
8
40
-59
16
-156
-37
6
19
73
-38
-27
48
55
-19
45
-27
-38
26
-26
-77
49
-156
1
27
-5
94
191
49
87
-75
10
-8
20
15
28
9
-45
-23
-122
20
28
-23
-32
100
-116
-64
-57
-42
-142
-118
54
76
-113
42
-19
-14
-32
-56
38
24
-173
78
76
6
80
96
2
-27
-126
102
5
-73
59
72
17
-37
32
-47
-56
121
18
-57
61
-2
-44
78
-10
-77
-26
66
24
-24
19
-54
52
-121
-41
1
-47
-5
-41
-53
-66
-27
41
5
51
36
132
-105
44
-5
-77
46
-152
85
-79
127
4
-17
-14
-100
-49
-1
-35
-67
126
-49
-135
13
-90
30
-36
-46
142
80
-19
1
97
-51
19
71
-78
-38
-101
-1
7
-38
30
-6
-34
71
-9
-10
-22
26
-72
61
-8
-27
-34
41
44
-14
-85
2
46
-68
136
-9
-22
22
-42
-12
24
-7
43
25
96
75
40
4
-99
2
-44
12
-63
157
1
80
-41
-21
-9
10
-72
70
61
-5
-40
61
5
56
-59
-75
-113
-17
32
-19
22
41
1
-62
-18
-61
-86
3
18
-4
0
-6
-180
-54
52
-174
-66
-21
137
12
87
-13
-42
63
31
-81
13
-48
104
-101
-10
-71
-91
-17
20
13
-7
11
-26
-47
91
91
128
-33
-23
55
-136
96
63
115
125
-67
-64
-26
-22
20
-106
46
128
41
-17
32
4
-136
-123
74
66
11
38
-50
-28
114
1
-74
-33
46
29
-146
25
48
-5
-51
54
12
22
16
-10
50
-55
-45
22
71
-1
41
29
66
209
-45
15
37
-74
-69
28
-39
-32
-32
-106
-79
-10
-24
-4
17
3
79
-24
103
-33
0
-6
23
-32
-39
-4
-123
54
172
-69
53
-39
-118
140
147
47
-80
-23
63
-97
-3
-155
74
81
-87
-5
24
-26
-29
-16
57
14
-7
-16
118
-62
-27
-75
-84
0
-11
-31
62
-132
76
10
-25
-19
8
109
23
-39
-22
55
45
-89
83
-30
163
26
21
-124
53
-42
-64
-15
-51
7
-30
-31
-61
24
-3
-16
37
164
9
-37
59
55
111
-47
63
50
91
25
0
-85
8
140
115
-1
-27
-17
71
-6
95
125
80
44
-3
40
-49
-4
80
103
89
6
18
5
-33
-82
42
28
-45
1
82
-116
41
3
73
22
-83
166
64
-32
43
-35
12
4
-117
46
-47
-51
-11
7
-40
-77
48
-50
-38
-136
2
5
-43
-90
54
-82
-40
-5
81
-14
-88
-37
-41
-53
11
-67
-1
-29
-33
-7
47
6
5
22
24
8
-68
48
168
-86
61
-32
-38
-19
-75
60
26
11
33
101
45
-40
118
-97
56
-52
35
-26
159
97
16
26
42
6
14
12
-27
129
-43
-36
-39
-77
-8
-55
-39
6
82
-39
12
-10
57
28
-40
101
20
-88
-11
-61
25
13
61
20
-139
-161
-237
-1
47
-7
-10
12
0
120
39
2
81
11
96
-59
47
-6
10
98
26
45
-13
-55
13
32
6
33
72
-102
-47
-74
-64
-69
-113
-30
-36
50
-58
24
96
-10
0
-43
-60
63
76
1
45
5
-14
-33
54
-65
-44
-99
-92
58
47
57
-57
30
-20
-18
-24
-25
-24
8
-6
84
8
2
-61
42
-43
28
28
98
84
71
-143
107
-125
81
-46
-33
-31
102
100
-53
7
-48
43
65
-74
-100
-43
46
-74
-33
13
87
-96
-38
1
-91
-35
55
118
-32
-97
-65
71
104
84
55
95
-34
89
81
36
-58
-106
-94
164
-69
-52
-58
16
-65
-47
-28
-95
-131
26
110
102
112
21
-115
-4
-8
-54
-51
-65
-199
37
-62
-68
42
-54
90
-27
-29
-150
10
25
63
-31
26
-127
-139
68
-36
-19
17
87
-49
68
-110
-6
-104
-4
-95
-116
20
-61
-128
-67
-127
9
74
7
2
-22
-60
71
143
-80
-27
86
50
-34
35
80
-52
36
-12
14
-157
58
-26
54
-20
-83
-103
34
-73
-77
-128
79
-32
-66
11
48
-152
20
-24
-51
34
-3
-10
100
-87
-33
-10
170
24
-57
85
0
77
57
-106
51
36
-12
-5
-27
-42
-8
32
38
-66
-25
27
-18
-4
32
77
25
-14
54
-171
-21
-161
13
-104
-51
-68
22
28
64
9
-89
17
-60
9
-89
69
8
127
36
-11
87
-98
4
71
-43
35
31
25
-76
-121
2
99
-28
51
-70
12
11
-4
-71
-32
-55
-49
37
-89
-48
36
25
-40
29
-50
65
-9
38
-18
17
-17
-31
-11
78
40
-23
-51
-95
76
58
-70
6
40
-10
-103
40
74
-3
-184
-31
93
-53
-59
8
18
-135
50
-55
-92
81
-36
-161
-49
36
-28
63
-95
-36
16
96
-83
6
62
-87
-39
87
3
-142
11
-95
106
132
79
123
-35
-57
36
1
123
16
36
-41
-32
-40
19
-79
-13
26
15
-63
-14
-30
-103
49
5
80
-56
-44
36
-113
9
24
34
82
3
41
43
15
-7
145
-23
6
31
58
-38
36
-88
-31
-41
156
-5
-44
106
43
110
19
-35
56
-62
-38
98
56
110
48
-48
-47
45
-35
21
-61
-35
-89
-26
-89
-29
-39
-52
-86
-27
-168
-45
-68
71
-95
37
8
9
-90
144
15
-16
125
18
-72
114
-3
14
-57
-87
0
40
-117
24
15
-75
-17
69
-2
62
-9
21
-66
38
-55
52
41
-41
-22
5
-101
69
79
22
-26
-71
7
105
6
-34
11
-63
-47
32
-3
-5
-155
79
-42
-23
33
87
-67
103
-79
-24
78
10
-49
78
18
-38
97
20
-84
-36
45
56
34
51
22
-71
-124
-39
50
80
18
8
-14
-58
-26
-7
25
-91
6
5
-152
-118
-58
-121
-46
-4
-17
-7
55
-12
-35
2
-68
61
-53
-89
34
24
-94
-36
-11
-123
17
82
103
-20
48
73
53
-131
104
-49
-69
114
5
8
-116
-23
-121
-57
32
-54
105
-52
-46
15
-4
-64
73
-10
51
-112
-21
24
-3
-29
162
-33
-54
-11
32
21
-97
-21
-57
-26
-18
-62
113
143
-13
-11
-83
-54
-55
7
-28
51
31
-37
2
50
52
32
-96
-31
10
-57
-27
168
-133
-93
36
-3
95
-53
46
-13
137
-8
85
-5
-19
8
-26
-19
-38
-8
-105
18
33
-16
99
-12
38
30
108
73
70
-48
3
67
16
-17
-14
-82
-96
-8
-135
9
-90
29
102
5
-3
23
96
-43
55
-12
39
-115
-9
66
69
48
2
-48
62
-14
-80
-19
11
-12
92
114
20
72
83
-21
-17
-166
20
78
-127
-23
-63
64
-2
-36
5
-31
33
-53
17
57
-28
12
29
-35
-22
19
-17
11
41
69
86
-3
-4
27
-42
-22
91
31
-41
15
-54
-10
36
48
-6
-36
-62
0
46
-73
49
24
-5
21
-39
-35
-128
36
96
-16
-65
-58
-24
68
-35
-6
120
-110
-23
78
64
-129
-30
-111
88
-158
-53
-49
-32
-211
-104
-111
-47
81
58
41
-54
9
32
-18
-128
20
70
65
40
-106
-84
-151
22
67
-96
-18
-72
27
30
36
3
55
0
85
13
-58
-63
-29
35
-24
13
-66
37
-27
50
-51
33
19
4
-28
-68
-10
12
80
46
19
-21
37
29
6
87
-56
-15
-41
6
-4
-51
-33
-24
10
-54
-13
50
43
-93
-65
220
98
-27
160
-70
152
83
128
-39
-34
47
71
13
-112
10
-71
21
-51
102
54
20
33
-5
109
-53
95
56
-40
-21
54
28
105
37
2
-145
-38
15
-71
-29
42
16
-61
-36
-29
-35
27
49
3
55
-99
33
98
41
46
23
88
-14
-56
-50
1
-61
21
-8
108
124
8
51
73
43
49
-3
38
-58
-29
-63
-82
-43
43
74
-30
-34
-95
-56
15
46
48
56
11
-35
49
27
80
-112
41
-10
65
-44
-31
116
110
-35
-5
-16
-93
59
-19
29
9
68
-16
21
84
-68
73
50
-4
-52
-109
11
127
52
-18
-70
-89
-68
58
55
-80
-145
-48
-83
10
-33
-36
24
43
-11
15
-86
25
-32
48
-7
117
-58
25
-27
28
11
21
-8
-41
20
30
-112
21
-30
-6
60
-38
22
90
-76
-81
109
44
117
162
-82
13
79
26
29
17
12
-9
-23
53
34
44
60
-51
22
39
-41
51
-94
-10
14
-11
-38
70
-86
-3
119
-26
-72
41
77
-23
-25
4
15
-32
6
147
-65
86
57
-120
-78
-21
46
-35
-90
39
37
-39
11
-48
-60
35
-122
13
-15
-38
78
58
-88
-39
22
-66
11
50
-10
33
-47
-29
20
28
-47
-35
79
50
-82
6
4
-44
63
-108
-57
8
-68
28
18
-53
97
-28
57
33
124
-66
6
-10
-52
2
99
71
40
55
64
-39
37
-32
62
-74
43
-45
-36
45
-55
-3
15
-43
-64
-28
33
-22
130
-50
14
-124
28
-95
-66
6
-28
-45
-38
-59
-21
21
46
-75
-72
-39
106
-134
25
-67
-28
-51
-57
21
-19
6
-35
-81
-75
-99
-60
-139
44
-47
12
44
-136
81
82
-27
0
-10
11
14
127
25
140
-12
-74
-37
9
-32
-34
-83
80
30
-51
67
-3
-61
-53
-84
123
-6
102
5
57
-1
-54
45
-95
75
-98
94
-18
5
8
106
-51
-71
57
48
13
-77
-58
-55
71
13
-58
87
109
-70
9
84
-16
63
-18
31
-140
-46
-35
-5
-43
-90
-35
-24
-62
54
44
33
47
-34
16
-12
-4
77
-58
55
16
-67
16
-103
90
19
-58
61
3
11
29
60
7
111
3
-29
153
-80
39
11
-44
1
-14
-111
-141
-49
-34
-32
-73
21
16
26
-3
211
38
20
49
41
-24
43
-56
13
21
7
55
-47
74
30
-202
8
60
-15
38
69
123
-45
-26
63
-118
0
-15
-59
-58
67
22
23
85
-5
-23
-44
-47
23
84
-7
-16
-27
-52
15
4
61
-26
-17
-115
-15
74
43
-147
60
59
-37
-48
119
21
-9
10
36
46
92
129
21
22
73
-45
77
69
-78
87
-53
-1
35
-16
79
33
23
99
74
15
-17
76
-81
-13
-33
81
47
6
60
-6
-105
-34
90
42
-109
-1
11
-7
-148
-51
131
-32
-15
65
12
75
47
160
37
21
63
-142
16
36
-2
103
-87
54
66
-21
71
-40
25
-57
-65
102
-10
102
-25
-31
38
-32
43
77
18
5
-32
53
46
36
140
-80
-52
20
-58
-131
-51
2
38
19
87
-153
74
77
-74
-106
-38
-59
21
123
-132
32
-90
-59
33
-54
-92
-11
-52
-111
44
-53
-1
91
16
-56
13
-13
31
-49
-39
-33
2
-63
63
-106
-42
-49
34
100
-12
-47
78
-20
-72
-22
124
10
-57
135
-66
58
1
22
53
50
33
-43
-19
45
-54
-170
32
-17
-10
45
79
-71
54
-21
-42
-15
-34
60
-37
104
76
43
40
-4
51
2
-61
132
26
31
68
-145
-25
121
-6
16
-89
26
-25
80
-21
-37
32
40
-62
-24
59
60
-14
59
45
21
91
39
-30
-63
-76
-111
-56
-7
-20
40
-55
-30
-29
66
44
17
33
6
63
-14
13
150
-90
-121
27
23
-20
10
-71
-10
18
82
-5
15
-16
19
25
-62
-22
-15
11
-46
46
-128
86
-24
-69
76
-13
-50
16
-53
-30
19
52
-106
-16
-16
37
-96
-12
-70
45
71
68
74
34
-26
37
-22
-53
46
-13
3
-41
5
-9
-61
-17
76
37
-50
61
52
-59
38
-55
-13
120
9
-90
-86
47
6
-50
2
-46
58
-60
-33
52
-52
129
58
-72
-58
-42
66
39
50
39
-70
9
-35
122
-142
2
7
-67
-45
-45
54
42
35
104
-32
38
32
-22
-25
137
98
136
-262
-41
3
-22
-6
102
39
4
-29
-70
116
-19
-67
127
24
1
-58
-14
-13
-13
22
76
-20
50
4
89
-8
-103
-101
-5
105
-61
3
20
-15
-3
-41
21
-54
43
-30
93
27
-57
-5
-62
-13
-102
43
-81
20
144
56
55
-13
-25
-119
10
117
0
2
89
33
31
-168
-44
-63
58
-29
21
-66
-76
30
-25
-6
-121
153
-21
27
-29
-120
-95
-41
65
42
32
88
65
-76
124
-24
-128
111
107
65
-41
-31
-56
98
88
33
99
63
84
79
-4
-62
-76
57
-54
-37
24
102
-16
4
-7
-109
49
33
-21
-76
120
111
-68
32
102
44
25
-27
-77
-104
15
9
6
157
-9
59
-60
-20
-24
155
-95
5
62
37
-60
1
-34
15
-117
136
-2
64
-36
-30
-34
19
127
-43
135
127
20
74
32
-24
-116
126
68
-6
72
30
15
115
-64
38
-85
-47
-34
46
-67
49
-23
-19
105
21
-39
76
14
46
65
-16
-64
-110
66
-109
87
-24
72
106
113
-47
75
12
52
-53
63
118
61
-66
77
35
-26
-51
76
11
-38
-37
-5
145
-39
-15
-6
-41
-73
33
18
90
-4
3
23
-19
-128
-13
18
-45
78
-124
155
29
34
11
2
66
15
-9
63
-42
73
5
-68
-28
50
70
-33
88
-29
-53
20
-52
10
-39
-18
54
13
13
75
-115
20
5
0
-38
-162
-123
-25
73
-11
61
123
-69
18
-56
114
46
24
-35
149
-21
34
-13
-3
-13
-54
-26
67
0
46
-56
-42
-85
92
35
8
-30
28
-28
1
34
-8
-80
-133
104
-38
-97
-9
5
71
20
8
-20
80
-9
15
-75
-16
59
28
-48
-86
-7
25
104
146
34
-16
-96
81
36
-30
3
-18
87
-72
-44
134
-47
-89
95
-144
39
-39
-115
-52
66
36
-86
-18
46
17
76
-84
-65
112
57
-62
31
-62
-52
15
61
-53
-28
-4
83
41
16
21
4
103
-20
70
8
51
-114
28
-32
32
-62
-38
24
67
-42
-32
-84
-67
-135
17
-17
56
-10
63
110
7
16
-96
3
-48
-71
-41
-23
-80
-43
-33
39
62
27
60
27
47
80
-89
29
12
-28
-73
22
-152
-34
36
36
72
42
-36
42
99
-128
-84
-20
-138
-26
29
-60
-10
51
-3
-25
-25
-10
18
39
63
-4
100
-71
-23
-168
-7
-108
-33
2
-90
12
-80
45
33
-73
87
-50
19
22
-96
-59
-56
73
94
-61
66
-25
111
95
59
66
-98
47
-94
3
-56
6
-44
-67
-53
-8
18
76
-56
21
-42
16
45
-39
-28
-87
-135
0
-41
88
-6
30
-31
120
-20
24
72
42
-31
42
32
26
100
51
18
-2
-49
-58
-13
18
40
17
1
24
30
112
42
7
109
122
-29
-90
43
-151
12
-9
-71
17
53
22
115
79
-16
-1
70
-3
-9
160
29
-1
-42
49
18
-35
74
-149
21
83
-20
-100
43
-9
-36
23
-6
68
-71
-63
-80
37
-11
-40
25
6
-82
-56
81
33
-46
-42
17
-18
27
-2
42
-103
-37
99
23
-12
82
-68
16
73
83
104
60
-2
-106
76
73
-4
67
-6
3
20
-33
2
-100
43
-26
2
63
103
-50
9
-19
11
66
-61
-26
193
-61
-47
-114
133
29
-38
52
49
87
-31
-50
65
26
-55
-8
28
-89
-87
44
25
70
13
-16
-22
45
57
-8
-23
-29
-81
26
-89
-29
-49
61
-79
-230
-37
27
-20
1
-9
-44
13
154
55
37
3
-24
22
53
55
16
-47
-33
-10
-26
-43
2
89
5
116
-128
-13
-38
-133
-33
95
76
-6
-25
-15
34
49
3
-48
46
6
9
-31
12
31
-97
89
-68
78
-135
-31
138
-10
107
-48
-8
-23
12
7
77
29
51
-77
52
-96
-68
44
72
22
-24
97
-98
-79
63
15
-7
-35
88
48
-35
-54
-72
-46
14
95
-6
22
-24
-62
52
12
32
-135
9
-74
-12
-4
-22
-29
24
-57
-48
14
-73
-95
46
20
-11
-22
-22
-38
51
-120
-41
102
-28
65
47
-28
-42
19
-116
75
109
58
39
98
-82
19
-9
-48
-73
50
100
-9
7
-74
-124
30
80
-55
75
30
110
7
12
57
84
-168
-23
-33
25
-17
-95
-63
-96
-37
47
-89
122
-35
-69
86
-27
-51
14
-86
-178
17
50
68
85
-33
-98
34
38
-24
165
-62
-118
82
-23
-41
0
-129
-34
-69
-57
-54
120
-44
95
56
5
110
-58
-24
16
54
-142
-40
-124
52
-80
-137
-41
-30
-48
-14
52
-27
29
-61
62
-146
44
160
42
85
-27
58
85
62
-46
-115
-72
-64
26
-71
-33
-76
80
42
54
128
-51
-62
-28
-74
-14
-35
77
19
-29
-41
75
39
21
0
16
-97
18
-55
68
93
27
-28
-48
-165
1
-12
-129
35
-45
57
-22
-21
-21
26
-1
-11
-51
17
104
49
25
123
-27
23
126
76
-43
-13
-15
-52
9
-18
-26
7
-55
4
-4
15
-155
-34
-79
-100
-28
85
-4
11
-74
40
40
-14
-47
23
56
32
9
-2
87
70
72
-58
44
69
-16
-36
94
-59
5
19
24
-56
30
10
13
39
4
17
-69
0
-75
-3
8
-27
57
-110
49
38
37
-11
13
-3
-8
3
26
-23
-19
52
-3
-38
-20
77
-58
83
41
-42
67
63
-2
-119
-43
-101
55
67
-146
-36
90
-74
-18
62
46
-44
-25
67
-51
-44
34
2
-29
110
-90
83
10
46
-20
-55
46
23
32
56
50
-34
-68
52
-76
49
-40
48
-95
-22
-5
-55
-34
23
1
27
54
-4
31
-26
42
-25
54
118
-84
-16
116
-108
79
18
26
-54
-29
36
56
10
-87
-79
-7
-85
-25
6
200
-51
78
-41
18
-37
6
70
23
-4
119
-5
-27
-84
8
31
74
-85
-76
-76
-47
77
-39
43
65
-39
-56
-48
6
-11
68
23
-34
5
-50
63
17
51
-16
66
-12
16
14
-78
-28
-39
-106
-32
48
134
15
42
-20
19
2
-28
6
-7
-64
15
-16
60
-38
0
11
-23
25
-57
64
9
29
-55
31
35
160
31
12
39
50
103
0
9
-4
51
13
-130
26
19
-78
-4
117
-23
29
50
30
57
-87
59
-7
6
61
-26
58
20
54
37
38
-128
-80
-89
53
-52
2
25
16
-1
-20
12
49
-50
70
33
45
67
34
146
-90
60
13
-16
-10
-3
25
-31
-27
-80
94
-9
72
168
41
31
59
-85
-23
18
42
-76
41
-149
87
-7
27
26
9
-13
90
-18
56
-14
-15
20
-35
45
27
-88
28
-64
-19
83
42
-87
7
-25
-76
93
-39
29
50
47
23
-14
-53
12
-24
-37
-6
28
-41
-30
23
84
-68
-16
-52
-92
-40
-28
58
-181
6
-5
-89
28
-89
20
28
-73
80
-57
4
-54
-111
-17
100
-11
11
19
24
-80
-75
16
-53
-80
-74
13
-12
4
-5
93
75
-109
45
20
-10
0
-54
-121
38
-43
59
82
-53
30
26
-116
47
18
-5
-107
-67
-27
106
-44
-69
-69
30
12
-84
147
-61
26
-18
-10
-91
49
10
-9
-74
-34
-66
-15
12
100
-127
84
-18
103
50
-48
4
-21
-59
21
-94
39
103
-229
28
29
16
30
6
-28
88
80
38
-39
123
1
39
-181
-16
40
24
85
35
-83
31
62
-112
157
-2
131
-82
84
-1
51
-161
-105
87
79
29
45
-22
-107
-3
56
-9
6
4
102
-34
20
16
-44
-116
89
32
4
21
-106
25
-5
52
54
42
16
31
46
-19
-119
-58
20
31
-34
-106
-129
65
86
-13
55
49
7
74
80
65
1
-82
-57
-4
46
52
-110
25
28
-6
-25
-88
-14
59
17
61
27
9
-9
73
-35
-12
49
-37
34
-56
-32
-29
-33
6
45
-9
108
-40
2
-100
1
-22
40
115
-14
-17
25
26
61
28
-77
-125
31
41
-65
-10
10
-2
-24
-12
-6
38
-16
-42
-71
-37
-44
1
-11
-15
-65
113
-16
-9
75
23
-48
-29
-30
16
8
6
74
-7
7
58
114
8
79
14
70
-14
-59
7
21
-29
3
-51
118
39
-19
-47
32
83
0
-20
112
34
30
-42
70
44
-19
69
35
9
61
26
116
8
44
-39
-14
39
87
-64
-72
-43
17
-44
-45
-142
-64
40
-9
126
-13
23
-108
23
57
-11
-45
92
18
-10
-100
