45 91 529
0 0
0 4
0 40
1 5
1 7
1 26
1 37
2 18
2 39
5 4
6 35
6 39
8 7
8 17
9 3
9 8
9 10
9 37
11 5
11 26
12 30
13 10
13 13
13 30
14 12
14 15
14 25
15 21
15 35
16 21
17 14
18 3
18 4
18 39
19 2
19 14
20 10
20 25
20 37
20 40
21 43
22 2
22 7
22 11
22 15
23 4
23 14
23 26
24 3
24 15
24 36
25 3
25 31
25 38
26 20
27 26
29 24
30 5
30 31
30 34
30 35
32 8
32 10
32 13
32 22
33 0
33 10
33 37
33 38
34 43
35 12
36 1
36 9
36 29
36 37
38 3
38 39
40 11
41 6
41 8
41 21
42 1
42 31
43 6
43 23
44 6
44 7
44 18
44 26
44 36
44 37
1
89
29
64
14
48
52
61
21
39
73
9
79
75
37
30
8
51
28
4
59
88
90
2
77
23
65
85
40
70
74
7
20
22
43
6
82
5
31
35
45
49
76
47
83
68
15
25
67
55
58
86
60
10
80
18
50
72
87
63
54
19
34
62
57
78
66
71
38
13
24
56
32
16
84
12
3
46
44
41
11
42
81
33
69
26
27
53
17
0
36
-37
485
677
-646
-369
821
334
-411
-230
859
-1066
921
38
-487
364
207
-818
230
-332
-453
-277
-503
930
553
-709
-353
229
-58
-327
-222
960
948
-64
-239
826
-273
133
-6
1267
660
-834
-442
-122
53
151
715
437
598
694
-111
89
256
529
-123
530
-200
-54
173
-262
249
203
-519
294
161
481
618
101
174
-112
137
614
424
158
74
262
-474
599
-1065
-431
161
705
501
153
204
1053
173
-763
49
400
611
213
283
-311
862
-514
-204
498
-317
-533
982
-817
31
-777
-310
-695
343
-477
272
469
-362
285
-441
75
233
137
130
-282
-782
-496
761
248
-199
923
75
198
263
520
586
-214
-115
-665
-1477
747
-980
-836
-421
919
-405
-496
1291
-1017
747
-176
276
-457
808
-51
611
-720
-186
-485
273
557
818
86
32
-43
425
849
55
-662
-42
1168
-247
-7
-480
-249
-160
562
-62
-596
-105
342
-134
-331
230
-598
279
-690
-38
174
-234
-313
-256
-520
1199
34
-213
-54
25
12
-1482
185
-61
-213
726
-28
37
-564
-351
-118
880
-591
-139
540
-591
-202
207
-286
118
-494
714
-163
195
161
-1336
-200
236
691
643
-80
-6
382
621
-359
-1046
-355
63
-1630
332
-1267
-272
-471
-936
-97
1157
-366
586
-583
-385
446
-74
-868
207
1014
805
-327
801
223
480
379
-1173
637
-620
311
-13
389
508
817
31
-1110
8
646
-247
302
516
-153
-590
-404
-282
151
-165
-458
597
571
-368
-522
389
-287
-30
-278
205
-649
-714
-91
702
301
28
305
-384
649
477
-416
-462
-74
-730
-294
-263
567
-26
-612
-392
391
34
-321
-393
-303
251
550
-382
404
550
-96
84
-39
734
-34
-594
-7
55
224
915
-1178
-656
661
-204
191
-87
303
-127
-1026
-269
227
243
290
49
232
-309
26
57
422
498
-613
276
23
503
1196
-31
1546
-637
127
592
-104
-2
322
1095
656
-1136
695
-848
-222
27
-431
-350
935
-135
222
674
44
111
584
699
900
-192
-195
355
714
-124
179
-797
87
-156
121
371
522
151
-107
121
275
449
-582
48
-655
689
-857
95
-365
-23
-490
-345
508
140
503
345
-117
-111
-1034
-135
418
886
-397
479
608
-574
208
-1090
882
-802
-1255
89
-479
-1043
674
616
76
-200
386
187
-351
-831
-931
-257
-604
-897
209
81
699
-347
158
-172
-485
-230
-360
287
-266
338
192
381
-1246
257
614
-73
-299
-237
254
346
14
361
-340
200
-72
289
204
-449
364
-361
-267
44
171
341
195
-483
128
-144
259
-396
-291
723
294
-34
1171
445
-1143
-54
-91
645
-257
428
-640
154
-388
-259
754
-48
-831
753
239
570
-264
377
665
218
-135
315
-737
993
115
-89
-170
778
-211
534
-192
-254
-453
-419
155
782
-85
781
524
-97
-653
-776
-342
-651
-1101
433
-239
-138
243
671
-417
-350
-55
-486
153
267
-368
-3
-510
-766
-521
12
-852
-394
513
1733
146
694
-222
668
529
231
-100
928
262
-214
104
517
1194
588
633
61
-404
95
176
329
-600
-723
186
761
221
1173
705
66
181
-587
88
287
-1376
236
137
-167
-179
-295
588
34
50
829
-631
-251
35
780
196
23
603
-247
-674
179
108
-208
785
-58
-2
39
-592
-461
-407
-73
285
87
-1176
-136
90
736
858
-572
79
-121
-283
-118
-523
-674
-337
618
551
418
70
-247
9
-411
641
-1355
732
904
200
613
-483
-441
80
-158
776
356
186
704
221
-1121
-446
888
-265
-296
1459
-110
-35
-38
-1114
760
-51
893
-1040
428
604
-1413
-544
-11
180
-570
554
476
-381
-262
89
12
-120
-532
-482
-603
11
-452
719
-581
-566
671
-20
84
-799
777
190
-136
362
342
-313
317
-58
363
210
363
-32
488
12
297
918
208
83
459
11
-41
147
735
-289
785
-595
-169
491
186
126
-212
126
-499
115
178
-346
-117
625
1240
-685
573
1429
-186
-430
427
85
497
317
-671
-1520
-767
127
-897
-59
-98
794
-16
-1130
-589
1
-608
13
-430
1076
-170
-732
405
-957
-91
-155
354
-136
-98
-15
-872
-93
70
-735
-978
108
651
-98
-563
-433
-182
-1867
859
347
644
-1147
837
-635
367
97
232
-120
271
-59
460
314
-715
-247
608
368
-472
233
-483
-42
-273
-221
-245
39
403
-495
661
-922
1167
-201
-255
681
-403
188
166
-123
-397
-162
594
227
-262
405
288
-38
-608
563
-330
-560
-190
-555
554
-311
304
-425
500
-355
-309
-1134
351
892
-91
339
-72
-78
-112
565
-477
-602
-448
400
220
-139
972
-929
-533
-92
-629
155
241
-110
69
352
566
-499
-591
-50
637
-855
-649
-116
119
-209
268
-480
11
255
-208
-452
-12
-271
-464
-44
253
408
164
135
-279
1000
-675
807
211
807
-356
-301
220
-371
275
-230
-61
-822
-684
51
562
-130
466
-500
-365
513
428
344
258
1039
-679
660
-467
-668
-534
268
-218
68
-426
-683
362
137
497
696
-1188
268
280
1022
932
315
-690
-303
-356
-309
-133
-199
-407
-559
-414
-666
-854
497
216
60
-195
453
-604
805
64
481
588
-671
-22
94
488
-658
-405
-527
-232
116
315
-504
-440
-674
171
-287
583
-77
649
834
-557
-1103
-327
-149
422
-1103
-960
-325
1084
506
55
-17
30
111
-192
-51
149
-217
-226
-182
1857
120
45
526
-243
277
577
820
-1123
87
-752
247
-753
-664
1352
24
225
389
-1
-226
-258
-460
543
370
-152
30
-1083
309
-175
-341
-412
-4
396
-154
-187
53
-435
-297
-39
-279
-53
581
-828
-264
58
-754
56
-1008
116
855
-990
-1003
628
865
277
-233
39
508
111
450
311
651
448
-202
-323
370
-172
1306
30
14
906
-122
-212
81
-351
57
-749
368
38
477
32
-413
985
1342
431
-289
689
-198
364
285
86
-802
-308
-422
296
1400
-163
455
-674
-1258
-596
69
1107
583
-1064
-327
147
-673
-803
-712
-283
856
119
231
-180
94
-103
803
879
680
-186
-65
-278
938
-895
931
-619
-113
185
-573
527
762
-688
416
-188
791
-16
160
163
791
-692
471
795
-12
123
-370
-166
593
-1022
329
-179
344
51
-693
-443
-23
915
-411
-288
501
268
-170
116
265
420
175
-484
-339
274
-189
260
-887
-558
-370
455
428
-208
-232
779
-269
-222
117
39
105
-1175
326
-1011
76
268
56
1104
-310
-436
744
352
-400
33
-292
-271
44
342
15
-205
-206
-232
139
1318
103
-1057
136
452
-270
1007
716
-168
-776
493
-40
-58
513
-619
598
8
701
-95
383
-514
-434
-135
573
153
-645
-98
574
116
374
-187
-553
-100
-679
552
247
-389
-658
580
448
-69
696
-583
-54
-951
361
-98
-228
540
-570
1014
-175
-1197
-444
-345
-395
325
-889
712
-182
529
-644
456
-544
-570
-400
109
187
-513
46
1014
-467
163
800
729
-807
-322
346
207
-1056
-463
-104
-348
-241
247
532
-56
44
1046
-916
-638
-780
-568
642
33
-116
285
769
113
-931
-30
-859
523
231
-219
221
-417
237
19
-512
-195
-131
-72
1287
-1422
-88
-1743
-237
-90
-192
-904
-58
-140
-510
-375
599
218
-292
-785
308
-198
-198
-230
-645
-396
22
362
-1204
-160
429
320
333
-538
906
102
-429
-10
-630
-910
136
-470
173
449
175
515
846
321
-389
-19
-231
-851
-103
-763
-548
-184
345
-165
-108
-503
-370
628
-403
-999
-339
146
-158
-791
-523
772
-83
71
122
163
-559
173
-202
-175
-654
-11
401
111
-199
433
354
544
527
-336
-44
36
-758
272
-631
412
-1492
-549
937
191
-91
43
376
353
-702
102
-186
-798
107
475
-441
110
-397
-273
-53
-635
-184
231
-36
144
347
156
-393
505
-296
13
-617
-463
-311
-55
-627
-15
575
204
-860
-657
106
257
-488
228
-157
-89
442
-140
27
6
726
-68
362
329
799
-384
223
-177
-434
-233
-185
613
31
-264
68
706
-276
599
-1416
4
-62
-1290
-486
-787
1179
-155
410
164
468
-442
204
-298
-306
722
150
-748
97
766
-582
924
-328
-123
-785
318
194
163
-50
452
-258
298
275
-158
-405
-766
-245
-290
-354
-357
-74
-995
1052
-600
-208
468
313
128
-74
-745
-592
-420
122
-155
-142
1044
-668
368
352
32
402
-440
40
-357
-146
63
59
-11
487
916
1198
-376
-381
-277
-490
-340
561
489
-594
252
732
813
192
-193
-846
73
389
190
654
405
-291
-263
424
379
155
-380
134
790
-189
48
491
-529
597
800
-420
436
583
-403
295
-674
299
-723
1117
-112
76
64
-507
83
-140
90
228
1538
-114
-75
27
-287
-471
-363
506
517
-926
285
509
26
-595
1204
-582
348
-35
-670
442
73
317
-236
258
-204
349
341
-993
785
-143
282
324
25
331
591
-334
-317
-631
-135
-571
-108
-1076
557
-418
-261
5
329
-603
290
-484
1194
-1037
501
456
187
168
427
96
-199
-214
-135
167
-334
43
933
-416
-156
94
-565
-339
-59
-502
-426
249
-410
1170
389
-51
97
-61
-79
244
-771
-1030
-569
-174
-646
570
-574
752
14
-225
162
50
-47
754
209
-628
105
-258
-389
-182
343
94
38
-365
113
110
-129
824
1487
-871
508
880
-55
472
-1164
47
-111
207
-1471
580
-46
-319
-391
266
-210
118
-464
-537
-854
-356
836
-448
-431
682
-231
-231
-261
-737
247
-296
924
691
-113
-115
420
1041
1226
997
438
232
-468
288
-52
-40
-449
-538
-611
286
1008
-643
615
80
290
-782
586
518
-700
-595
798
175
-195
328
539
-280
-292
-20
-276
-989
-167
447
-57
194
-406
166
-671
538
84
86
-780
189
549
230
319
-99
-50
243
-216
266
827
576
-139
1060
240
-27
215
-394
499
131
676
442
-1093
-907
-735
1429
476
697
560
-13
-183
838
232
-461
-1079
-517
-200
-460
633
-438
-1116
983
343
219
-224
-892
230
-352
-362
8
-953
-1173
-17
-146
-352
556
7
742
-118
-783
-323
506
31
339
169
162
381
681
788
-390
-287
-873
694
163
-70
148
159
-173
388
36
152
-547
-139
103
-429
1624
-1078
-672
723
88
386
186
1118
-561
25
-410
-102
568
280
174
-19
-617
898
-228
939
-328
-378
-812
219
-575
-703
-574
589
603
-1176
528
1068
173
-353
2
-101
-511
-85
-362
-392
558
-314
-104
981
-1044
482
279
80
-59
451
-61
-354
117
-767
369
-52
-116
-29
-51
385
327
90
-155
224
-671
393
-206
-84
-833
-92
155
759
184
-109
-23
-605
233
-497
117
371
560
-600
125
279
-146
620
-861
-181
469
-441
-550
453
290
329
-284
-396
940
-633
123
-224
-501
679
625
572
414
-54
-402
288
120
-664
-906
-51
-29
1629
631
-912
-863
-227
737
-176
-782
-520
355
-35
373
-566
850
204
1194
91
-88
151
529
-199
1146
285
556
595
-658
61
-747
-306
-263
97
-375
-702
-416
-169
115
563
275
288
299
17
516
1512
500
253
-456
-530
-409
1064
700
-563
773
366
-7
-80
282
320
854
200
421
604
-62
-587
-227
289
-335
258
255
-143
150
-318
178
-342
-677
-410
-532
-507
467
635
510
173
495
1070
82
-974
475
146
516
-686
143
335
-657
-168
-186
109
-681
-115
233
453
-170
-244
-121
274
158
147
523
723
284
192
-57
-919
1226
214
450
905
-497
-805
574
715
-617
-300
-391
-344
-415
-1187
44
164
-789
-285
-425
-254
-169
-900
-465
-454
-281
884
-262
924
-44
516
107
590
961
-723
392
-175
-807
-532
892
-1194
-341
-222
30
-2
90
524
773
-711
100
271
247
776
679
-791
-458
26
-197
-264
225
170
-181
-177
-661
186
-890
-350
-73
39
-704
-50
-636
-208
345
254
671
236
-79
-720
-365
303
-453
837
195
-700
-591
235
185
-325
-535
755
685
197
-555
200
39
718
300
248
-235
-252
-656
-619
-1079
479
270
102
-44
431
-414
-15
59
-469
-11
167
866
-225
-605
163
86
-660
-479
-1013
-91
-348
75
460
-794
-487
-606
209
819
-435
-92
-415
1115
-123
262
-296
589
268
702
-98
338
-408
-378
-36
-62
-148
633
63
749
704
612
-2
-630
9
528
777
1356
-551
628
-291
382
383
-146
-926
-415
-191
1310
-583
-61
-424
77
724
358
-48
558
-462
-152
-845
-220
-391
-486
-3
440
-552
686
153
-476
-683
223
-28
4
-73
136
-395
-170
-258
278
1141
-561
-609
-803
-238
169
564
-592
-1159
1096
-192
-278
-887
-146
-658
-351
-662
519
-337
-83
379
279
102
254
-335
-178
-516
-209
-36
576
257
-625
333
-220
140
330
424
-172
-220
809
-909
369
-20
222
1365
-1031
-466
-432
591
803
-906
980
240
-51
-173
22
-172
-133
416
297
302
312
-153
-826
169
-493
299
208
176
680
-213
-535
521
819
597
-427
333
-744
297
-386
-254
51
-1095
-159
-1299
501
239
237
642
272
81
610
-767
-316
124
354
259
-777
460
-181
-236
-463
136
-547
183
-427
-549
4
-211
364
-509
181
952
-364
901
655
-65
-89
-320
-203
-66
-231
-57
-365
810
155
-315
45
-90
-406
507
124
-554
305
-593
103
936
-696
-523
-193
105
165
575
660
468
337
130
118
122
-539
-821
-285
-326
-440
-118
-71
378
553
946
306
-430
-112
207
-153
-763
-498
-69
36
246
-422
-167
-980
74
53
378
660
313
274
-328
-169
259
-834
-181
909
-254
-356
-660
1143
99
-698
85
-317
112
193
1304
20
427
210
-2
146
-32
-95
557
-946
-488
-272
1416
59
-1067
-540
401
533
-470
232
199
-125
846
129
739
-294
-23
-455
-365
20
505
-236
401
126
-102
107
-72
59
1747
92
-328
-74
146
-221
-825
-571
-360
-300
978
-361
338
-553
208
909
322
-468
-394
-1404
69
515
503
-805
-356
100
320
526
458
-799
-44
-170
-149
-10
-940
-27
845
-171
-8
-96
174
-115
568
548
-518
-874
526
-641
606
208
-93
-110
-8
794
-667
209
464
-449
-234
-109
-217
501
12
-829
406
-352
115
-78
1144
-62
969
195
26
-505
517
86
-534
-129
-157
657
424
-422
1154
-518
50
-539
72
268
-16
-63
-229
683
683
-305
455
-1638
-960
-229
879
-279
66
871
-237
-234
95
263
-645
-4
617
637
772
-209
-763
-635
-1164
116
96
-310
65
279
497
-195
889
-596
86
-293
124
332
-43
212
-455
112
-235
465
747
904
884
-390
-145
1291
350
50
660
343
781
203
-249
-225
-539
58
-199
32
-495
-967
457
-421
255
-1115
174
-666
481
-469
-153
171
213
-113
-649
-433
463
309
224
-677
239
199
-923
406
734
464
-46
-739
606
-84
276
44
226
459
252
715
-307
-323
-215
248
747
533
465
629
557
793
-368
-636
-1
142
76
210
106
-565
275
-444
276
-566
-670
636
-439
-39
241
-262
-463
366
-9
-99
361
3
207
-746
164
862
105
326
265
442
397
-753
-504
89
142
-1357
-600
274
-137
-83
-49
-48
466
-413
-141
-139
176
32
-92
-322
692
771
152
708
451
-439
-230
20
-695
-54
-222
-460
-259
-896
-798
377
-331
-318
-48
-425
-785
802
140
-577
5
742
-134
-352
-757
-1340
830
172
837
141
-270
-118
520
-522
315
-911
-244
-29
-143
-498
403
-655
-694
-24
446
-70
-215
371
-1065
267
661
-348
-14
-748
451
524
-616
-311
-967
-174
356
387
454
-400
140
725
-1087
-1246
353
-188
205
-800
99
-671
40
746
-127
-29
-464
-294
-156
837
672
156
164
63
1068
-937
136
161
-741
45
-564
96
81
1
5
194
1000
478
189
144
875
458
-858
327
735
222
-173
-472
-408
-438
342
74
-134
1042
397
-130
-428
754
784
-807
766
-447
459
-95
-547
-79
18
1247
375
86
605
1044
-1170
75
-494
-95
1031
-441
-487
-776
588
232
830
484
384
400
-1540
482
479
-1005
1
-1156
-59
692
-95
-133
868
118
259
-461
898
816
246
-348
1042
-60
-570
332
-848
342
356
438
-226
332
-1153
371
-1041
1041
433
16
59
333
-114
-90
671
0
-502
-622
-1280
146
593
-476
-20
-361
287
742
-744
750
-17
-571
399
683
-424
-234
445
-13
69
-46
-151
111
-941
237
-240
1244
60
194
-141
-154
395
-264
693
-1127
-45
-241
-542
848
-662
787
246
-317
31
-769
577
-500
-966
384
879
74
-62
-741
1085
488
-231
-20
-635
-727
-1584
-658
-169
-1313
1134
-874
377
-52
-407
-211
750
344
582
-360
150
-857
48
-244
-449
-644
282
301
-287
-718
-566
-742
-658
-477
124
-218
126
948
-575
-743
79
205
450
-648
-488
-349
749
660
79
-1342
-786
-48
-1154
-329
-300
324
-1
26
859
-293
438
631
20
-554
-35
231
-585
30
863
-404
482
168
456
1392
-658
587
276
767
275
-440
924
-813
882
-540
-14
-720
521
160
-162
82
-528
654
278
481
-456
-724
-431
727
-547
23
-588
-173
361
-244
480
-1048
97
80
-437
-280
-389
-1021
41
599
1095
-186
-354
218
47
65
-249
-702
-603
-326
-770
165
-253
-519
-532
-585
304
-530
715
-60
-41
518
-745
-915
222
243
-333
3
339
-828
-450
-909
339
5
-529
234
4
46
-97
-737
-147
-400
517
-289
327
66
541
75
-216
-521
-1319
301
-567
-6
-625
925
-745
-167
686
-552
-213
951
65
634
-588
-198
-656
-1343
375
623
67
674
-347
-341
-142
-806
-442
429
516
-841
-217
-199
912
-336
-1321
655
267
1029
-518
345
-380
-119
467
210
-572
-1500
334
282
-26
-86
-160
251
-479
-723
-781
-43
-554
-389
567
195
302
454
-869
-44
-684
1332
-180
-104
61
249
-132
-74
-454
322
197
356
-297
-692
475
-340
-97
-921
-766
-704
-1129
620
-343
928
641
-416
511
-663
-261
-372
558
307
-105
293
-357
-269
750
-327
373
-108
-455
266
-781
1270
-26
-293
-948
-1361
-562
490
-684
-84
48
191
213
755
322
-881
-63
-66
686
-1025
593
-143
506
989
-231
377
-71
-685
-289
-43
50
149
-612
-385
-1000
-29
537
540
-26
898
-781
-346
-36
-580
-514
-312
-224
-323
375
13
129
-420
-69
963
-237
-350
-635
-107
-155
504
264
827
789
-561
-267
1249
-146
-224
-132
242
-1472
209
-185
-171
279
155
-580
444
602
189
187
174
118
8
120
197
-157
93
55
348
314
-115
-249
948
-759
937
-593
576
-11
-872
-1232
-144
284
-1305
-63
17
4
-336
-4
-435
268
-300
-1036
-277
-470
-753
-360
465
209
575
-251
-545
-534
658
32
-105
309
-724
-450
255
290
294
-347
-731
113
315
455
143
1128
-774
885
557
-14
-52
228
-123
-339
374
-402
-706
-591
-151
-129
24
545
154
-503
337
-978
-92
978
-117
-520
185
-403
-53
218
-789
255
417
357
203
313
209
-33
-209
153
352
836
-498
-792
-50
-926
376
-614
183
126
467
150
9
-428
511
1015
-266
-233
-1411
997
408
1168
326
-38
-274
-46
168
232
905
249
-419
-1232
201
17
-53
458
-910
551
303
-755
78
-613
-648
335
48
-213
266
322
841
-300
-217
1297
-319
128
481
139
23
596
-195
746
766
309
-428
-988
90
-631
282
-889
286
-172
81
-210
-110
724
-56
284
171
-160
343
134
-1006
-434
137
-232
485
494
-21
686
-908
225
239
100
34
349
838
-402
-139
197
89
-7
95
-81
-361
-57
-31
-94
79
749
-115
-32
-395
303
-105
60
-73
83
764
-381
-1002
-110
277
70
243
186
-87
854
-438
-174
-772
-10
-1032
474
-584
-102
770
697
-33
12
-370
147
-31
-229
-308
-21
-430
2
671
455
-83
34
-174
-564
633
-1592
446
-433
527
181
-10
303
-1149
-876
239
78
-588
-328
-600
873
892
746
87
259
-26
67
21
230
-351
467
575
-149
-608
-107
508
-91
209
-145
-663
-546
-494
178
-55
-308
555
-404
257
907
-1009
-131
136
-206
-317
1079
-603
-199
150
-825
-336
265
-102
-466
766
-118
-244
-340
3
-78
697
306
-572
-419
-172
-959
-254
963
-157
-1004
-365
-16
1506
423
671
-304
345
438
-132
561
363
389
-991
80
419
-172
-305
-74
428
84
-621
192
-558
102
-739
3
972
1160
664
1153
-122
-429
112
657
-596
320
-744
1137
745
36
681
-21
-168
626
465
32
-68
-504
297
-323
-537
-250
-420
1192
271
-78
19
556
118
284
-614
-422
897
398
-114
-101
-146
612
-345
-267
404
518
-40
497
1160
-758
538
231
-363
425
-447
178
-219
792
208
-378
-345
409
-412
-187
187
1082
-663
-182
529
334
-26
539
978
-762
852
482
-384
-133
588
1795
-481
-650
57
107
-1052
-234
282
-264
-111
-111
163
407
41
-148
-1314
-635
1212
-153
-42
-260
-77
676
-1549
210
990
33
829
-917
-249
-637
-715
340
-432
349
344
180
-67
228
-78
-68
208
115
534
422
714
-1112
-428
398
1227
5
-706
-582
129
27
103
-158
-588
-568
548
-351
305
-340
-27
179
759
-894
175
-174
84
428
559
149
406
-70
-573
160
170
-131
15
912
1261
-65
658
274
1002
266
-228
-1637
-255
210
-981
-124
-1008
165
-695
119
66
100
89
-879
292
-896
-92
-386
237
-440
-113
-31
1390
649
95
-595
-171
-160
922
136
-429
-22
33
-533
-990
532
676
-409
350
-280
-520
204
815
-70
264
1034
506
446
506
584
-1258
-604
-439
-224
64
479
-21
182
-1522
-795
-65
-333
-28
-580
-250
558
29
572
-429
60
374
-433
-201
-188
-855
-862
1411
-459
8
-157
27
880
50
-301
247
-659
-3
352
-77
548
72
-5
471
-200
35
-55
675
-629
-1833
129
859
-586
468
934
310
-822
-460
-66
196
-39
-721
482
356
641
-520
366
492
-413
49
99
168
-658
177
296
-350
-518
-104
-147
-23
-94
-537
554
1046
-229
204
-297
654
-1262
7
343
1436
-578
-167
-751
192
-764
868
-214
-441
1219
271
53
-759
1190
163
534
-62
-314
-114
-369
-18
-244
165
359
319
290
385
-403
362
1251
913
-659
-631
-621
437
-541
123
470
60
462
-238
293
1181
-1146
462
-159
-137
216
677
-380
56
328
-7
589
900
-268
338
-978
-112
183
311
-248
-432
287
-391
-188
-70
-1266
709
947
-802
-818
501
-171
122
-490
-570
320
-284
-21
-385
406
-1542
125
89
-234
-364
293
114
-297
132
-792
157
1036
-653
290
-8
-15
-849
188
123
458
-60
855
891
-224
209
741
465
-236
62
-457
976
-77
236
93
-127
183
166
-895
780
-474
1022
-1379
862
320
546
-100
-475
631
-260
771
225
-508
-694
-288
59
-111
-51
-593
-144
442
233
-875
-603
-37
107
108
-462
-97
397
-297
-776
251
-1120
20
236
-536
636
-574
380
246
1
73
-415
1027
9
485
-864
-229
-37
513
-1076
-151
-979
-513
-578
-108
794
219
-1133
552
-590
-151
731
242
-421
-268
-535
470
122
851
119
231
-667
1163
-220
-362
57
-45
464
468
814
-608
-379
-64
-430
557
-1
-80
317
269
-554
682
202
-108
-1061
-1400
-332
910
-440
359
-689
-975
-390
-294
527
801
-306
773
-419
-644
517
-1054
1214
-47
937
814
23
-331
845
264
-195
-7
39
389
43
-55
71
-610
-447
181
350
-281
-458
783
318
-343
-408
240
-682
43
-991
-132
540
-15
553
474
-308
-430
-384
82
937
139
77
-61
-30
-600
164
306
-60
-376
-516
-420
588
-315
-607
-297
-460
-659
-616
1124
625
-733
964
604
-540
210
453
-1257
696
-68
315
-164
351
-37
-78
249
-151
-385
509
1253
814
-332
-926
199
190
-382
-412
-606
474
269
-383
-806
-135
-528
416
-131
1449
-611
-165
-227
60
-1052
43
-327
-578
621
-585
-754
-518
-651
-397
93
-274
-293
-114
-169
168
193
-59
-161
29
181
-339
-114
46
84
-316
63
585
-950
-586
-112
1059
332
201
-171
-486
655
307
-18
-217
216
-99
315
-340
-30
738
-5
62
-115
-859
449
-442
498
274
254
102
-534
-78
69
-88
-931
-185
976
193
1547
-582
-529
-426
742
-204
499
-556
-420
-464
787
-124
-859
410
749
-600
542
416
188
1315
484
-151
794
107
218
-121
-232
-620
90
739
611
460
325
28
-288
149
90
-1257
-115
58
-5
-324
529
140
-244
-133
-918
970
236
-437
-24
495
-592
-12
-332
206
-41
-1301
-36
687
-131
-227
366
-65
1303
-557
-196
447
33
-704
-571
328
918
-313
174
491
314
580
479
-1042
-530
438
350
-102
-598
-582
655
-467
-346
-1275
274
-175
765
-180
-315
-193
204
535
394
487
5
-284
-269
-327
-66
275
70
-193
-92
561
-544
-523
-531
-731
275
696
-462
105
251
-415
1023
-383
318
398
-334
-688
-22
-376
445
-812
378
-271
-427
243
-148
-295
493
1
41
-296
236
932
564
454
-447
-417
-646
-132
256
-561
-896
339
-255
-182
-1233
791
-180
-413
-74
13
94
-325
-620
106
-536
-237
-358
-142
475
-160
-62
-693
-47
-560
107
49
-240
-146
77
-411
425
56
-32
190
381
-870
-269
-908
-56
234
371
469
582
370
-606
-674
561
1141
-700
-867
-350
63
496
-296
381
-122
86
-373
-292
418
100
-96
1307
639
145
126
-172
-371
-42
-86
-882
-427
-1036
-376
-839
-399
12
-278
950
-724
-13
100
-595
572
1012
-411
-482
-1044
-333
-341
-1001
91
-47
638
436
-1181
-377
-758
-273
358
244
553
493
-94
1019
-1005
-149
-1251
414
370
647
202
631
326
445
-294
-458
214
868
-1084
911
288
327
763
443
662
233
1655
-97
-332
111
-909
-785
-96
-445
101
1
372
530
178
669
-302
-1275
457
-607
16
-50
-473
991
-132
-151
622
-46
741
416
344
-338
-179
210
171
667
-324
-260
249
449
1025
-9
-21
578
841
-157
-397
302
-122
768
178
-549
86
1211
-291
-539
-106
-457
393
-387
190
432
-795
223
-833
414
-164
-764
-604
3
-887
1082
37
647
452
917
-275
-108
298
1237
196
384
-715
876
-77
-785
1373
118
-515
-946
126
74
401
-753
59
168
-347
144
-173
224
396
-600
-1198
245
-498
-26
381
-98
891
-537
334
268
-436
255
-371
-230
230
1035
179
442
73
131
-1018
-130
-1
-536
164
88
-389
-335
1310
679
100
667
589
306
186
268
-961
71
-32
772
-1062
16
349
786
464
24
1014
-630
-384
-25
755
-380
-1065
20
55
318
74
-76
512
-902
162
-201
-497
61
373
-858
229
279
-443
-631
696
613
928
-326
-365
251
165
1035
-465
392
46
-1447
-224
-354
-845
986
373
-78
-370
889
227
238
-558
319
153
-560
27
338
155
-96
422
746
-678
467
-303
230
-54
119
-202
75
-1014
209
-147
-319
-148
662
-482
-1059
-927
-953
504
495
643
104
530
423
-468
541
-510
-554
895
-320
-249
-1061
-205
-133
211
519
79
289
244
-15
-747
399
-251
-555
73
138
288
-661
-142
-793
191
348
-63
15
225
-407
104
204
-847
127
-398
-86
-401
-109
1051
-282
697
-435
129
-677
-367
-115
1264
-92
427
220
280
-240
789
553
-214
-65
398
170
426
-689
263
391
101
266
-6
158
255
605
-319
-484
142
-348
163
158
-327
10
-237
-268
-529
306
-1085
-307
150
547
-106
-345
411
-168
-347
-447
-1036
-314
160
753
-18
587
644
837
597
37
-839
531
-368
-790
-90
524
-872
-5
560
-353
-339
-76
-1006
254
179
843
47
-811
-828
-743
58
508
-40
-202
957
551
-186
-514
610
-131
-809
-577
-48
172
-1228
-402
-475
282
202
422
117
-346
-900
295
-527
-202
-242
582
-212
-958
911
355
148
228
376
281
-564
-671
888
-378
-445
-25
452
-553
197
-119
-482
604
-93
78
436
910
700
-152
-227
393
-868
902
-99
-1281
-244
173
-909
868
-179
-196
319
111
-1025
834
-508
143
197
436
-335
-562
537
-207
-27
301
-18
-69
-281
124
428
-138
-1115
-85
-258
761
-285
-311
-294
-523
1194
-89
1407
-586
-646
-684
279
836
-488
-652
-812
-404
534
319
589
-613
140
-442
916
-347
263
54
841
-890
642
389
281
102
-310
1516
1195
65
-500
-59
-963
452
-240
-489
860
-579
301
-488
-1174
215
434
-199
-1357
442
-127
-69
-373
58
305
-1580
771
1352
610
534
482
-700
-102
1314
-232
-151
-91
-114
772
-429
-116
-218
-200
-295
151
432
-284
825
-701
83
337
1162
767
-740
-1085
-421
-506
-30
691
195
-291
-315
-334
505
191
194
-1088
-593
-519
17
137
-433
-833
-796
315
27
-633
-79
104
569
-454
33
640
-494
-18
522
669
-989
-52
693
582
78
496
212
468
-267
-572
42
647
-548
-298
-107
288
-83
-1063
883
-723
18
-542
-244
368
-131
498
263
-587
273
-16
-22
148
-68
165
-66
148
549
-471
239
-153
32
178
166
913
215
-316
395
-197
-599
997
524
-500
297
-417
305
155
-630
376
-832
643
370
815
-320
869
-568
-392
298
496
37
-211
-309
498
192
-322
-1254
122
-102
146
-894
-571
-360
-112
-638
468
284
1271
-235
2
108
531
-449
-571
88
687
796
-550
622
159
515
-372
-92
659
-421
-208
-367
-93
-587
-1073
-342
-585
-432
-131
-1181
206
-535
315
140
-8
-597
-1040
185
-316
261
-7
-186
-35
627
175
400
-563
-1293
-230
-132
201
-227
-845
800
-1054
-214
-538
902
794
-833
89
609
465
542
-381
-264
114
-314
-302
-374
-101
-903
517
161
416
769
-613
-1269
367
-198
551
-749
372
396
1145
1004
29
-488
-12
-147
-356
660
243
435
-297
-642
182
259
595
164
97
-254
83
-500
255
22
78
-731
1813
513
514
-112
417
58
-72
-135
-908
420
428
-579
413
-376
-241
404
-253
262
117
-912
534
243
-655
11
127
-861
-350
741
251
471
-766
568
-264
-1502
-662
70
309
-52
458
312
217
-147
105
-496
-115
177
-1024
922
26
105
-10
-272
-535
-120
-876
285
-1099
103
31
-1177
112
-9
-264
280
224
413
-116
51
-626
-650
-160
-811
189
860
-161
-1370
-299
31
-528
769
-100
-227
42
352
-149
-169
-875
66
945
16
518
145
213
-170
-679
-238
-200
67
265
-262
291
151
-1344
544
-13
49
446
-910
34
-354
-1064
-682
-102
-1023
-645
32
-497
-563
44
-124
27
-565
81
-801
-720
-226
-441
541
880
159
-1147
517
128
540
114
213
-217
-156
326
-600
-153
106
-242
-227
237
-31
115
229
107
-961
-234
-11
623
35
-481
-252
295
395
-663
164
-265
531
-266
-40
-1005
1372
670
726
197
-489
-401
527
-494
764
272
-570
106
-719
88
-578
-384
715
-313
599
836
286
-145
-280
538
1183
-156
318
282
244
217
-595
590
-189
-30
-235
4
412
842
115
413
235
-255
886
629
789
-494
-120
-50
814
-505
305
838
6
-922
-498
524
449
-356
-155
-368
-285
30
-491
-247
524
389
594
-1010
-400
-452
-1773
-538
-54
-389
-227
-334
328
-781
639
47
116
-139
-376
154
-599
1211
515
-160
13
-984
346
-166
565
-107
255
188
975
-237
538
106
-118
1349
-400
798
299
-480
1057
-395
-606
331
71
-629
-174
-569
267
-747
383
659
1360
-174
107
193
282
386
465
454
-569
464
75
-66
-967
668
517
371
-502
-19
-787
411
-480
775
-731
861
219
-775
-385
-55
-708
546
-299
-395
436
369
493
-376
-708
-80
-397
134
-566
-1502
256
-439
577
-1107
746
-582
-111
620
-834
-673
-396
-38
-287
-443
-523
-412
-462
369
215
437
-359
-221
518
220
-483
695
333
943
283
-121
423
708
-75
118
-102
511
-767
-119
-312
398
78
474
-92
-240
-80
144
-418
139
-130
-406
-797
73
-604
-869
-451
437
-48
-966
366
837
-219
-418
-783
653
860
96
-189
-273
-307
624
-214
330
-314
345
432
-416
-115
1195
-818
-498
212
-331
134
1061
-201
493
158
-814
667
-326
-202
478
104
-636
-541
275
-205
-49
81
-1391
-787
-158
1088
393
-185
88
-449
63
654
-979
-15
170
77
-270
-943
821
794
246
-1089
-170
-1124
-390
807
899
630
-458
-1036
365
105
-401
496
718
-492
208
275
-199
455
-1
-88
-1460
-1796
-147
1097
-7
360
515
-323
804
-453
86
542
-456
-299
-635
-79
-199
237
519
332
714
483
-385
1055
443
-1
741
652
293
224
114
-518
-209
6
191
329
292
846
616
-581
-968
380
196
262
-414
536
-104
555
1075
-268
-89
-304
788
-56
-6
-522
562
798
514
126
209
558
609
-600
227
1055
-359
586
-998
-270
-234
-646
599
3
-19
12
-511
-972
289
-439
418
250
-11
-1240
554
348
486
455
154
173
-604
-296
98
489
96
396
440
-321
-88
432
-479
350
-69
314
-369
-501
-248
-466
583
308
816
562
192
-328
377
663
408
917
-85
596
-92
-594
-224
-280
-472
-247
53
307
462
-288
-346
-291
392
167
-749
293
307
-274
-233
-280
523
664
612
52
-229
302
-630
-835
-385
455
-487
536
456
842
386
-976
-348
-689
187
493
-41
50
59
-569
-255
467
-768
93
67
-170
321
192
497
-149
-1252
67
-795
-414
348
202
724
-1066
65
-892
172
-168
308
-82
-251
-1017
911
-467
1238
86
897
558
-886
-49
-291
78
1190
-774
-31
-45
242
-376
-418
-925
-98
211
232
1424
-643
167
307
486
503
677
370
284
-165
877
-395
-237
528
-290
-1126
-791
-536
-278
-36
31
-407
69
-160
-16
591
859
175
68
1536
-392
1188
-224
37
68
883
472
755
-170
-698
-119
-85
524
442
-236
-627
551
285
655
-75
-375
-137
-389
-159
-425
18
-532
62
289
169
294
-288
-227
163
5
-30
-85
7
-97
1380
509
443
855
-294
34
323
-364
567
-24
385
1072
58
-448
186
305
654
-838
-548
-26
688
420
-135
1067
-120
-128
47
743
-457
-653
260
-502
448
-157
-285
567
534
473
-535
-865
634
567
145
625
-656
404
140
-152
-75
979
-195
-292
13
349
-677
-385
548
758
1075
-522
-791
513
336
-35
604
-244
-159
37
-212
-1492
238
125
207
333
-402
237
96
-162
-144
-114
-364
140
-244
349
-634
-1359
535
582
232
165
-243
547
138
-336
4
625
987
-48
727
-356
521
-220
18
1398
-572
-43
-91
168
-35
-137
163
-464
26
95
-586
-207
1116
364
108
-920
-217
-459
-1254
516
-283
324
202
65
-212
-702
-737
188
863
-300
813
-545
-339
-73
-575
60
-317
-84
1021
-494
-340
-85
466
-186
-169
-23
-450
478
203
277
-270
-410
-467
554
-347
476
579
119
-406
-527
20
952
-174
-47
-52
-7
-836
194
-77
-21
-212
-1223
47
-223
-834
-216
-751
-595
-711
-294
487
379
940
-948
-994
-79
546
449
-795
-931
-765
575
-332
-51
-224
-377
-88
-171
591
-121
-998
-29
-122
-721
-63
465
46
-168
-65
763
332
-93
218
692
504
878
-1008
-735
-123
-794
-126
-311
-734
-516
-625
628
-707
847
-165
135
175
467
-463
-325
-889
244
99
662
-874
-775
669
109
745
-180
-101
-495
60
9
-480
-448
194
551
-293
642
58
71
385
-397
-350
390
-273
-170
996
434
-701
470
463
603
-29
781
-190
530
-95
-419
120
182
158
681
-616
-484
96
118
359
-159
61
148
156
328
68
-722
391
-183
-61
-24
65
-184
-327
269
109
611
485
-7
-445
-771
557
-365
466
-376
-287
-107
1029
-640
-1209
839
-54
-55
-260
-625
1043
274
495
449
-300
3
-335
-374
842
-165
-212
-295
77
338
-850
-465
106
-1349
543
-269
-142
-12
0
59
-9
144
-764
663
-109
-29
138
-137
-1
-519
-314
49
157
-758
-274
520
-565
-221
424
49
1251
-358
-327
-218
-176
-466
-1083
308
-578
-674
163
758
69
-741
-15
-200
-371
-180
-506
669
-478
119
-651
-956
287
-162
-143
-305
55
-366
415
-199
-73
479
1246
-173
-602
76
-438
-224
-821
269
-489
-224
1226
-233
28
-377
-1227
538
-555
673
-537
-130
-644
-355
359
-806
625
-863
-334
-1066
-224
47
-353
67
-968
-263
531
173
-23
524
237
-669
-684
255
-441
807
-98
-751
-279
198
25
20
248
-346
-629
14
306
709
-365
-65
-770
122
254
646
714
-167
-7
951
-157
26
350
751
-1359
295
138
-680
-420
-1021
163
-643
408
189
-136
-226
-36
738
544
-157
-83
31
128
-69
-113
-63
-256
-121
677
516
264
46
55
481
-528
5
-240
692
276
-676
57
-659
-208
-1442
-292
-406
208
314
-95
-149
93
-928
100
-545
-552
787
617
470
-248
1341
71
501
-68
-889
131
-1043
188
-3
-145
454
-749
-241
717
-376
323
-235
196
1770
753
218
411
46
341
502
-28
218
1002
31
54
-155
-196
-113
-263
744
504
-502
68
344
-84
880
-211
1257
930
79
-706
-643
-725
-961
423
1074
-642
357
531
-1020
-91
-221
-629
-608
229
391
758
-440
214
-128
438
-1047
193
-307
27
16
-142
222
418
-480
295
226
-163
-140
362
-410
299
-370
-613
25
-53
625
-1161
-624
878
306
-833
48
-993
-381
458
425
160
485
1043
-218
288
-539
-565
-177
-371
-887
-464
-17
-125
-38
464
708
-183
-86
604
460
797
-314
-309
184
-785
221
-30
139
1106
-186
393
-328
233
-1072
1079
-423
63
-226
331
443
-627
-1094
25
-284
-248
-317
-430
-468
-778
385
-875
677
619
-283
392
722
865
850
1292
-733
-23
469
236
257
-453
511
147
-1018
-322
-513
737
-286
-836
-252
330
19
730
395
-432
-566
-606
-83
-364
178
134
351
-14
-405
237
-238
895
265
1098
422
13
-284
735
-376
-431
34
140
-418
464
182
-20
582
-1044
-244
565
506
-207
263
100
-345
-295
75
145
1351
-187
-93
-688
-586
376
-472
1058
-753
-738
-217
-301
121
300
879
-256
758
641
29
-672
-356
985
124
289
869
-6
97
232
174
343
-882
296
-645
743
-16
207
544
-22
913
-710
398
643
-574
-324
-359
845
-675
-637
-75
-831
382
-124
91
274
-563
-222
-374
913
1470
28
-577
1005
359
687
-839
506
-58
-843
226
100
637
-151
621
-99
232
460
1228
242
-146
-556
-232
-25
-828
-839
462
-229
292
549
-162
-84
-408
-493
-10
302
-498
-200
-440
-287
-487
-961
-462
573
-659
-54
-494
520
-255
263
569
922
96
-368
407
-125
472
-11
340
-481
1038
410
-871
126
1156
-161
-250
-1281
880
-968
-300
-282
688
-998
1159
225
-91
-329
-216
-664
-383
166
-523
-88
-620
1085
341
653
-37
-1067
-95
-646
884
-427
205
7
-713
1311
-1396
-63
-564
108
196
-776
-83
210
-77
95
600
255
203
254
422
-923
69
15
-181
79
214
-209
811
-1055
721
168
427
-147
955
-252
-410
-204
295
-662
213
524
-369
446
-131
-122
358
-65
-186
131
-352
345
-770
-67
446
886
-176
73
529
-112
-70
208
982
540
-461
613
-878
-9
-218
321
-428
647
-89
281
-349
-1023
10
121
-730
750
367
-467
-314
397
864
657
-760
474
319
-33
-303
281
312
43
-277
-1168
-308
365
26
746
-157
433
-324
452
53
-433
44
-623
-945
178
-248
451
77
-133
361
160
-202
255
-139
447
768
273
-149
-326
-566
896
-248
592
-992
86
144
211
-274
-286
-844
263
-1326
-187
-698
842
-67
-918
180
-93
-1009
511
267
1067
253
112
797
268
775
415
-7
-362
1018
380
-828
651
825
-230
14
-971
86
384
-257
123
140
-976
-1142
-562
-326
450
-757
-375
-543
-963
142
-151
-596
376
-339
187
-130
257
-655
-153
378
-502
-967
-121
-655
-50
-280
115
-252
-178
-151
-100
-857
297
-163
-20
434
186
303
-345
-268
62
-478
305
-381
-1262
686
398
264
-778
-270
-391
237
-134
764
-164
-93
-845
83
-577
-1564
597
-623
914
19
10
-1109
184
227
-485
244
-77
771
-519
390
-229
531
53
-814
208
-515
-482
735
-99
387
385
54
-127
455
-84
-194
61
-1108
-638
383
-823
-3
-299
982
-529
-129
-810
943
1579
-184
-238
513
-473
608
-693
-498
-984
89
-462
832
1068
406
-703
-119
-711
402
-401
864
520
-518
-536
124
-529
-121
-22
-426
-1055
233
608
-839
136
-111
-406
-181
-274
931
342
284
-147
418
-4
-525
-411
-541
-375
-885
435
561
78
-1300
-9
-87
189
63
1046
72
91
15
729
187
408
-268
1002
1496
323
636
-713
-278
-80
-98
98
-92
-395
-228
-341
-171
409
297
-25
-330
-159
-176
-63
84
94
292
-195
-515
-887
442
-100
-368
-1153
75
761
-250
-451
180
-689
-195
-180
-353
-795
669
-591
361
450
-320
12
-1119
111
540
-706
256
911
-235
-874
-347
-199
-64
87
471
-1
572
201
-177
187
-297
321
880
150
438
80
1029
-320
-136
-1108
235
103
-714
-920
384
276
-29
247
380
-33
740
-430
-156
-127
-77
268
-263
480
-614
-127
1073
-54
-663
-8
459
806
-256
538
-418
502
-355
-932
104
757
35
170
598
554
919
815
-1686
163
-917
307
-179
427
583
603
-1368
682
611
-475
-168
-453
1225
25
810
232
680
-470
-493
-687
-424
136
-422
754
788
565
496
-1372
-327
215
708
451
11
-617
557
-22
-804
912
548
-659
-50
-246
623
157
145
57
-23
-157
-829
623
-742
-430
807
-334
-115
595
220
181
1142
-970
36
-212
-84
-84
-557
438
396
-884
397
-42
-981
-425
-425
-423
-629
212
-434
1069
-772
670
532
-85
759
341
-230
-252
-698
744
945
606
-28
73
796
224
-585
489
596
674
830
460
-842
-46
-297
-449
-281
725
552
-1495
-73
291
1143
-443
138
3
45
-639
103
-593
636
37
-624
-52
-348
-391
-705
-212
-1388
717
-410
522
343
-57
-548
362
-4
-301
264
750
609
-179
223
492
-763
-346
232
-492
520
112
905
252
22
-464
104
286
872
-140
-352
-391
-641
757
-878
289
-251
854
673
-107
452
-83
1096
502
675
690
-195
124
262
-71
48
-870
109
-606
-1503
423
262
-577
-866
-63
-541
379
-524
151
92
-426
-742
-909
349
-359
189
1199
-946
-313
15
-1
87
101
782
-992
-850
-78
1129
357
-490
-269
-288
95
-369
644
-1023
-7
382
335
-99
-243
-50
56
760
327
149
350
254
301
-1114
252
39
-1506
373
-592
-669
1603
308
-453
180
782
-143
243
-498
-259
-301
-464
-674
546
578
303
239
498
639
961
1208
-118
-24
-786
247
-166
-536
410
-318
171
-532
-532
-689
249
-965
-331
559
548
161
286
288
-551
-320
183
-47
108
158
-408
1518
1166
405
9
188
-994
-471
121
311
93
286
-772
-642
-24
-1174
-100
-905
-788
338
123
-147
380
345
1180
247
708
30
-108
560
530
-128
527
249
-530
-228
-68
428
446
-469
-293
334
-261
92
661
-357
579
-191
430
624
954
-30
-70
-19
291
622
1103
541
691
553
386
-83
140
-239
840
-199
884
247
620
-858
396
-509
-433
-605
-213
1196
1221
-469
-345
-895
181
-352
-1279
611
919
514
-584
211
272
514
-305
1514
-226
-438
393
-54
-385
276
413
-645
-492
749
1084
3
-74
-508
172
323
113
-262
-918
-111
-280
510
412
-100
-506
406
-617
-249
-531
-695
320
-182
-200
45
-155
-486
127
250
167
-219
914
-661
96
264
-70
844
275
-175
229
704
-14
-544
-434
-682
-104
239
-512
-66
649
746
75
440
320
557
-429
934
807
-548
408
-388
-165
156
342
284
782
781
-748
52
-62
777
5
-760
478
413
386
-588
219
-734
384
-219
459
9
360
-198
-178
-1395
116
320
1065
42
-16
541
-405
145
-192
-278
465
268
-264
-280
-388
40
437
-53
187
24
363
146
-988
882
178
-423
631
-594
379
100
335
-157
-294
-181
375
793
347
175
204
-527
262
25
576
-37
-222
-452
307
431
239
-408
482
-1706
317
-355
-188
-389
-324
-220
423
-380
176
-529
-125
1024
933
-608
367
-493
429
-1026
609
-832
-140
-534
-140
-251
82
-308
82
53
1083
-1560
914
489
823
-279
-311
156
-287
-1139
286
201
155
-1511
-862
47
93
197
37
4
-25
-524
1651
-27
134
-112
594
-146
-729
652
15
-485
-706
-1468
102
268
-360
-194
-192
-317
-962
-815
248
-193
1146
469
-158
16
62
301
-640
46
-268
-293
414
387
524
-294
711
-54
190
186
-698
-495
531
479
-643
623
373
-40
-226
-56
-471
-18
538
-1012
782
-300
501
610
39
463
464
272
639
-392
-330
-133
-420
-24
-327
670
-232
-551
20
-152
181
-413
329
-507
-258
580
206
104
-583
-628
-761
48
-334
-710
-865
65
-348
-47
679
499
528
144
461
1070
-539
-451
743
-476
527
-558
77
67
-448
674
616
245
363
134
550
538
611
96
-124
-205
-565
536
221
-4
-226
-382
-623
-1122
17
345
48
982
730
46
56
105
299
559
-385
956
-380
59
-24
-96
-481
150
-69
1016
-459
-393
-364
-123
-85
-722
33
433
-314
-824
-448
243
532
175
-45
899
575
103
-659
739
-177
-922
350
-286
-1148
-122
32
105
-896
308
-17
582
-252
-218
93
-982
313
-777
-603
-421
773
667
-260
415
-1148
-53
-10
296
794
229
-443
362
694
-25
339
-189
-306
-598
543
369
426
929
-356
-783
-748
738
-43
405
193
-255
497
-30
691
-458
506
-83
-287
-25
757
-723
91
-583
-813
-371
-344
-148
-23
72
-342
-441
6
-14
124
506
540
-1117
355
-896
741
-1045
-565
504
-763
261
47
-58
-687
233
164
44
104
347
-514
-80
-226
1506
-430
586
358
-1
-921
-452
-37
376
713
794
172
416
200
-401
-594
778
58
-415
538
661
-15
74
526
-41
246
284
-421
-336
167
-154
291
-553
-720
424
586
396
-547
-390
479
640
-128
699
833
30
748
-464
11
55
1049
621
-8
-212
-604
-716
-432
-645
-179
44
60
219
-614
1023
-399
-103
-1158
445
539
33
-103
-44
-211
169
-214
-37
-187
575
-174
729
6
883
-337
856
-408
678
746
-114
31
159
-168
-88
107
118
-430
-92
-417
342
45
571
-181
-115
-1156
-1208
-1039
-180
428
-1109
-905
-751
-52
55
96
665
-569
36
384
-495
63
256
-285
839
-330
252
632
-477
323
-311
-1409
-472
87
-266
1
-80
359
359
114
691
258
-31
-122
154
1131
276
123
965
85
450
-607
-292
277
159
-929
578
1268
-908
-371
-221
519
41
358
6
-116
51
474
-212
15
-174
-321
448
-15
-536
-1364
-1049
1006
-1104
253
-281
109
-110
504
-567
562
453
-300
-140
-30
-121
125
-471
292
511
-248
-1160
117
-309
905
-694
-578
279
530
-1037
19
129
-180
-231
-25
-389
743
71
-285
-76
314
-205
64
-152
368
697
300
373
276
524
-330
-1796
-246
817
809
686
834
-24
305
-411
-815
711
878
-950
-977
-308
351
50
-1590
-330
-582
375
198
473
267
887
-657
65
-126
-663
-180
-419
20
765
578
-321
-285
-619
787
91
849
842
1161
-335
-44
-170
918
138
-144
-1221
-628
52
-107
435
204
-150
-163
-571
-670
-589
-1034
409
389
633
800
33
112
-355
691
1018
3
-273
1230
-722
-456
-11
339
69
292
-244
-339
-18
124
285
66
-9
-195
-728
-1018
-723
249
-110
941
431
-30
588
-828
322
875
-60
211
-202
739
-283
-113
-677
-141
-7
-528
164
-846
360
241
834
-492
-312
190
-14
383
-70
-141
-439
-804
-898
-403
-549
790
-407
1231
-689
34
-1031
-727
72
177
383
138
810
-163
-331
395
169
1416
-193
-316
277
-544
326
282
-44
260
497
8
-329
-635
-507
-301
432
-524
446
117
-683
588
1030
-509
126
1076
-442
-105
181
357
738
350
902
-578
359
-37
-378
-207
-932
392
66
-735
-411
382
242
672
-155
4
-139
-369
132
-452
628
895
323
-11
-77
-643
197
-53
241
232
1408
-983
442
793
151
-61
-514
-517
-206
319
43
-220
458
-92
-652
-467
204
-296
-423
-200
-476
276
749
-358
-351
-141
-175
709
662
-60
656
573
-330
-266
83
-321
258
491
-245
140
-63
310
1153
691
-398
-197
-328
86
-414
386
-203
823
-685
458
857
154
-364
-1447
311
101
-325
461
14
-335
201
-691
159
-551
-123
-209
536
884
1145
-357
-1246
-62
725
96
-331
-809
-444
136
54
1115
-453
-454
279
207
436
743
312
294
94
277
-209
-805
-235
695
434
-1073
-36
-257
821
-110
-614
207
-755
11
685
964
480
272
795
61
-332
149
-205
66
481
787
-423
-954
97
709
-565
-241
1023
229
-487
896
-231
438
28
-631
161
-201
78
-422
-198
-174
257
97
847
235
220
473
-633
164
-393
-388
468
-533
-693
189
-247
-514
1600
-179
-7
-733
404
-1240
-267
1042
322
55
585
-193
1138
-297
428
688
-832
-464
968
941
390
22
494
104
31
430
-630
717
-52
110
795
-1409
681
-492
391
-1038
-545
609
-887
-626
328
522
-418
-494
-243
380
-306
-641
42
583
-303
-156
-634
-1295
296
756
-625
-144
-544
319
-796
539
-708
-25
137
-20
-692
-368
-208
-98
617
-307
-821
40
-242
-240
-2
-566
183
-287
308
-827
405
192
-86
405
1328
209
-35
-648
-327
23
-509
150
259
-85
336
831
-58
919
712
658
168
-957
511
-77
-319
-29
-30
-158
-32
205
-619
160
16
-601
-540
843
449
833
-446
-562
-311
172
-74
62
316
-171
160
-97
132
1021
518
386
-761
-142
585
185
310
-279
-350
-64
-133
-225
100
-237
-1167
-362
-414
-182
589
-446
363
773
384
-403
257
-642
216
-520
-78
-794
16
444
-67
29
-426
398
843
-103
39
142
18
-1161
360
189
94
266
-447
-236
-1175
462
-306
-514
-395
812
758
-410
-466
-6
-566
851
320
-79
39
329
175
-314
985
17
107
-238
395
390
-588
-52
-478
399
673
-427
-326
-146
-293
-367
133
-121
324
120
150
853
442
195
-196
-749
76
-566
-512
-277
292
-478
-18
868
36
-454
859
0
322
411
-367
-540
-44
276
276
1001
746
428
-499
-225
-582
435
141
446
-362
-159
-225
-546
-302
1
-27
-550
77
174
408
60
355
-521
876
-237
-107
-265
525
-859
-918
1001
-362
167
-53
536
-837
395
75
895
-170
-822
-91
-23
-231
9
743
-164
1200
-556
-328
-390
-289
32
653
-579
-472
317
-587
1143
858
454
-75
610
-257
-828
-94
-793
228
60
384
-106
-354
253
-756
-701
584
222
-444
372
-203
304
-929
163
689
-681
1334
-201
-797
174
463
-675
379
562
62
320
17
104
-838
-343
-686
-135
276
-740
180
-507
-319
-585
-210
495
-271
-409
-186
-1239
-1148
-188
220
78
340
-271
-51
-164
-582
-531
-501
-514
-485
534
-1147
931
774
380
-356
-748
-554
392
-486
770
-508
22
-620
1027
20
852
-488
740
-90
61
-721
-49
-909
-84
391
-93
-606
1009
246
-659
-331
-327
59
392
-414
397
-91
748
460
833
181
-269
-218
8
327
-448
-417
285
1211
630
170
336
-717
-701
327
-21
-218
201
-217
388
385
-514
563
104
10
-274
522
-291
892
-134
782
-451
999
-1150
751
358
104
-287
1221
-289
-1145
-480
574
-926
-65
-225
-278
96
-17
-538
-513
-260
-947
-913
543
539
-247
152
107
-108
792
642
640
341
-377
-296
-168
651
431
-386
709
302
-239
-31
-1258
-174
825
-634
-384
197
673
818
449
-412
-853
251
82
269
276
-906
-799
336
382
-624
1111
714
848
493
57
467
-24
-37
972
-60
-843
8
112
-591
330
149
-389
-1405
-98
133
-923
681
-840
166
99
709
-349
-1048
-52
-167
188
142
204
-652
-316
58
847
-877
-302
419
209
737
665
-798
124
-426
733
51
-918
280
-391
176
12
226
137
93
204
276
-215
495
330
1070
32
489
457
-654
-741
-219
-203
-136
352
-334
-975
128
549
261
-355
356
446
-634
21
111
986
-1094
-230
520
-260
74
886
829
1260
391
-858
-682
-508
-575
-598
193
-23
118
-717
255
118
510
-456
154
150
91
-208
-133
179
170
-463
-5
25
-119
432
128
-922
-789
193
-221
575
-51
-465
-406
-375
496
-1045
-145
534
-63
150
-838
-358
806
-519
-221
317
568
-445
223
-494
-243
-329
-251
-723
-485
223
183
-394
-534
-393
-288
190
599
369
863
-1311
-266
-179
439
1115
302
-375
-594
13
490
-127
333
-25
153
460
306
-46
-140
381
-440
440
578
-301
-61
197
-308
126
-48
-572
-301
487
497
863
931
-339
167
831
537
865
62
175
479
-592
191
-183
133
-865
322
-134
171
-499
-162
128
614
53
377
-278
7
-1246
-110
6
-508
-966
566
-491
481
1105
674
-34
373
14
609
-89
-396
714
-86
153
-948
1140
618
-131
277
-452
82
-377
-657
505
-537
-516
487
684
-478
380
-660
-216
375
-310
549
-1143
-625
-544
3
923
-903
466
388
-789
-423
543
183
-611
307
-403
-394
-37
-472
-34
27
-159
-260
-196
-828
-58
220
634
428
-175
99
619
612
-372
457
6
-132
-29
-508
-67
51
-91
321
81
-484
-398
208
883
-234
179
771
593
-40
1146
-893
-125
318
-398
-180
613
-242
278
-592
341
323
579
-785
62
-226
165
1284
535
136
46
-315
-342
412
-520
139
510
67
-267
114
-404
-189
58
-38
494
449
-364
-377
-386
592
-968
760
85
-551
-286
523
-392
-107
380
147
330
313
-1497
-121
390
331
897
-1644
280
-206
-202
512
64
-486
31
-546
-1060
260
1173
-257
565
72
460
643
837
851
-20
-570
-104
1305
518
776
-104
72
656
845
-90
434
-51
-129
140
319
-80
-767
-534
264
470
67
-352
590
1388
-145
-208
-308
206
-314
436
464
738
-202
649
-763
27
-756
-254
481
25
-273
90
51
1120
-718
505
78
-150
-543
825
-31
-1159
279
-733
559
642
-503
230
1199
-535
-39
572
-181
574
749
372
1026
-348
403
-866
158
-491
-330
505
389
-1183
25
-373
187
617
315
973
-1006
278
-136
-207
577
-271
-381
517
-169
-454
941
-378
-542
363
1484
-202
427
-114
-518
-287
83
-341
804
400
-1021
-606
54
-599
-393
-524
-11
-45
-77
-1258
379
525
-244
-596
-68
550
222
-951
410
-539
-333
393
129
216
-859
-69
580
817
-543
37
115
-607
-41
-498
212
303
-450
377
127
-575
-462
-223
-257
-199
149
-735
135
341
473
-577
-277
994
483
371
-1005
523
673
-502
1553
-852
-243
-77
99
-529
365
548
-777
-556
