25 89 169
0 3
0 6
0 10
0 11
0 14
1 17
1 23
2 2
2 13
3 0
3 3
3 6
3 11
3 16
3 17
4 3
4 12
4 13
4 14
5 10
5 14
5 18
5 20
5 24
7 7
7 20
9 2
9 7
9 8
9 11
9 17
9 18
10 0
10 1
10 8
10 15
10 20
11 4
11 13
12 20
12 24
13 17
14 5
14 14
14 19
15 2
15 11
15 19
15 23
16 0
16 13
16 15
17 5
17 20
17 21
18 0
18 12
18 16
18 18
19 9
19 15
19 16
19 22
19 24
20 6
20 19
21 1
21 2
21 3
21 6
21 11
21 15
21 16
21 22
22 6
22 11
22 14
22 23
22 24
23 3
23 5
23 8
23 10
23 19
23 23
24 1
24 5
24 20
24 22
72
34
18
69
16
53
33
13
85
12
62
54
0
48
61
30
49
35
59
24
70
82
80
10
65
26
36
71
8
79
11
68
56
84
41
29
1
40
78
20
83
64
4
87
19
3
60
52
39
44
45
14
9
47
81
17
73
15
86
37
23
21
7
88
66
77
67
32
75
63
31
22
58
25
2
38
46
74
28
51
55
5
6
43
27
57
76
50
42
-104
-69
-38
293
-101
-181
-219
10
101
-230
376
-111
-6
-176
48
254
-54
63
-262
48
-132
-179
-63
-323
110
-281
-216
-17
56
196
-117
-240
79
148
157
-101
-176
-41
35
90
-100
-254
-37
-119
12
130
-224
124
122
269
208
-69
9
-183
150
-86
129
-334
-19
221
-70
-220
565
9
387
233
204
-18
350
111
-157
125
59
-95
45
-13
86
180
241
306
173
153
-55
-50
-271
186
63
-115
435
196
178
304
-527
-13
64
-244
-143
-397
-57
-208
-171
-71
12
134
-169
108
-146
-225
19
114
93
-190
-224
-98
182
-46
11
17
-322
82
-140
-152
19
-159
-132
-150
395
-79
66
-26
-555
-122
364
102
31
37
81
105
107
-208
-58
164
-30
103
-7
359
14
69
302
-101
158
183
142
75
136
193
177
-65
-133
-137
-79
90
-34
86
-159
-72
-110
-333
-88
27
-206
-15
-238
202
156
105
8
3
-68
221
83
-214
31
-56
274
-187
106
-30
-10
-69
-28
278
68
-168
-139
256
44
-49
-182
-294
-163
80
141
-297
227
2
11
-157
36
-218
-137
185
-70
-145
76
65
-45
-103
-114
48
-1
217
233
4
147
229
237
101
-125
-38
1
171
249
32
-66
28
143
-67
75
192
71
-95
-79
-53
40
262
-246
-169
-110
-39
14
253
60
-223
-268
-41
251
-180
234
-2
-358
-131
-215
178
31
121
42
120
-120
166
-126
56
32
-8
-140
153
102
95
39
97
-419
-45
196
8
-44
103
247
26
414
156
92
8
-126
-211
184
134
-7
14
-294
-204
-44
212
142
-306
-184
-67
-240
-245
18
75
84
252
-152
314
270
370
206
-11
-31
172
-109
58
4
-85
234
44
-1
22
-92
220
500
215
-176
351
20
-239
210
-198
-21
304
97
-28
18
121
-39
78
275
200
-129
-247
197
-2
-14
-99
130
316
-57
141
130
-104
219
99
-250
-87
-181
-290
83
-47
-191
-104
-157
-185
0
-191
-370
-57
-185
-165
73
-176
-118
-147
-79
72
16
-165
-24
7
52
-66
48
-110
-84
152
142
93
-7
36
-88
10
-199
-226
190
2
-183
-268
55
146
-42
-107
-80
445
34
224
-16
53
-223
-46
60
-319
-107
-126
211
-145
-199
-253
252
-41
121
-280
128
-59
76
404
178
305
59
235
-259
-8
245
-412
-66
-224
-160
173
282
10
98
-129
-119
-38
-115
71
-127
19
51
-85
-7
151
-229
11
-367
-101
-224
30
37
95
-163
129
-10
53
-36
-217
-149
-151
80
129
-292
-228
-239
-10
134
-18
265
-394
278
-121
-247
-47
55
-158
-161
-268
-54
212
166
-26
25
153
98
-159
-198
240
-35
234
222
-122
-178
-107
-364
90
23
191
182
189
-121
55
-214
-161
311
54
59
-168
-124
-148
108
46
-110
111
-79
276
-145
-90
-55
-148
-34
-60
-48
-157
400
-213
24
-73
-215
-195
-109
-340
-121
-96
-45
142
-208
-83
283
-110
-78
-57
-410
176
-131
51
130
-334
-99
-355
100
-38
213
90
152
48
-454
-11
42
188
47
58
-31
162
-382
-48
-23
-143
-92
82
189
52
161
-232
-139
-145
246
39
155
26
-50
170
144
217
237
-181
12
-46
28
-65
-394
211
89
17
-7
-252
-192
-20
-109
-115
-212
137
-133
6
-190
289
19
190
-101
-68
-53
182
-141
-89
58
204
-55
92
72
297
-2
153
3
277
186
164
-17
-31
141
-5
161
118
-11
317
44
456
-70
86
-201
-254
-29
-126
-8
-350
89
-174
193
-240
152
-74
-58
-25
-20
-88
-43
196
-37
89
43
384
136
166
169
-42
-130
61
8
145
62
-136
-112
342
228
-235
16
169
37
132
394
-163
12
-31
82
-84
-111
-92
-280
46
-182
-64
-435
-37
-15
-91
-62
-59
5
44
151
120
220
31
136
-118
90
-556
-197
192
36
-101
53
78
21
9
52
-40
-215
109
5
314
-319
59
215
124
93
-107
187
429
-83
36
-72
86
-245
95
134
166
-74
-144
60
257
-66
-227
-231
331
-11
135
11
175
55
-44
-367
-211
-80
88
-71
71
123
-68
-116
533
12
-8
-38
-3
59
-12
386
-234
3
-210
202
156
138
-14
187
81
274
-67
107
-105
-293
-45
-145
171
52
-87
-488
71
-31
-229
7
-151
304
140
-313
-239
305
-163
182
-261
127
98
148
243
-76
-239
359
59
137
251
-352
204
-92
262
314
-53
107
107
137
67
224
-307
-208
-126
64
-305
-145
-31
247
16
55
31
-1
-6
253
-95
34
420
306
-88
-3
-71
-10
-296
-120
77
-59
90
-115
219
-55
46
245
14
-60
-122
143
-28
100
-124
-89
205
-23
262
90
-38
147
273
-59
-9
-34
-15
41
399
-177
-6
119
118
-17
-132
172
-101
-284
-100
-76
252
142
-102
227
-142
-104
-101
-68
27
-262
-122
182
121
-136
-34
-162
-129
-162
215
-156
-440
-4
-7
7
-99
-7
85
34
-55
109
-201
-70
-74
140
96
133
-100
94
141
146
44
118
-25
66
-63
-156
58
158
-19
3
193
51
-70
119
-43
-86
216
-16
-189
-146
397
167
-215
-192
75
-170
-81
-79
169
35
-10
-346
-121
-32
50
11
116
-71
-74
-106
-226
47
105
98
69
-42
-92
-78
-165
-159
93
113
274
40
-59
173
168
-20
117
89
-290
-132
153
105
-83
-146
49
-188
-60
273
20
-117
-70
190
-218
32
193
56
-304
112
351
236
132
-226
-245
-9
8
42
-311
-166
-271
-75
108
285
39
-27
148
237
-139
-270
52
171
-85
-181
165
-261
-191
-49
-64
33
7
-37
-178
-161
-261
-350
27
-188
70
13
111
-127
-5
-145
-259
114
-200
-56
-70
75
151
-113
452
-177
46
88
8
-24
-61
-117
-158
-333
-278
-33
-79
268
43
-110
317
224
-7
-99
177
305
-169
19
-62
-118
-169
-84
-36
-346
41
137
-210
111
-34
-151
246
-286
154
15
-463
48
125
151
347
-65
106
-61
-54
82
73
228
282
155
112
249
47
-2
-92
-135
-24
89
157
-25
-182
42
-182
22
175
-137
203
-91
35
198
146
25
-137
-327
-43
64
40
82
165
-209
-117
124
-57
29
58
-29
232
210
96
-164
186
-146
101
112
-88
2
269
-262
170
-19
158
413
250
283
-147
23
-15
-94
137
244
-99
180
297
-40
-129
162
-168
122
208
181
9
-51
108
-152
77
508
-279
-80
-208
127
-9
19
-259
-116
-172
-373
-103
15
-186
-256
279
96
-343
-17
-216
11
-185
138
54
-135
-17
-253
278
-153
34
412
160
214
-97
69
-190
-160
-19
402
273
-199
-69
-35
-103
34
-93
53
-265
252
-315
23
-16
-175
-193
228
-173
78
-29
62
-27
-42
235
-357
-295
20
61
-99
154
-88
-136
412
-27
238
-154
-176
258
-60
106
150
314
-54
192
-231
-60
-83
-283
-5
-34
242
-368
139
-130
176
74
84
-125
-4
-84
133
-109
-196
156
-52
-255
277
263
-216
-61
-23
119
-75
325
-203
131
-91
44
8
143
25
-191
-245
366
99
-84
50
56
-164
198
-3
223
11
-159
-107
25
274
29
-219
30
88
91
-63
-227
293
81
-33
336
85
7
48
-73
105
-598
-39
109
-8
-369
55
-50
-239
-223
-135
-172
-113
131
-177
30
84
131
-179
29
-112
-184
-153
-96
-6
-124
152
-242
-24
-19
49
389
153
66
-230
196
-101
-113
-79
-119
95
14
60
-280
-248
-140
99
-122
122
-146
110
220
37
-433
-72
-69
-75
-155
176
-41
352
-11
490
357
-74
184
-190
100
-54
-82
-149
217
-49
168
-126
-43
305
-98
-35
-81
48
-21
-175
81
13
45
127
-81
-29
-36
97
42
209
-48
-105
-252
28
290
71
-6
167
-92
225
93
-118
-282
103
163
85
-156
-115
-150
-11
-76
-82
-313
-149
-76
-44
234
-150
11
-211
-106
190
49
358
70
356
-230
-100
-172
112
120
-176
-69
53
305
-14
24
-15
-184
-26
103
140
152
98
-69
-148
-125
-118
-112
201
-30
-251
-140
-299
-72
70
-81
-51
92
201
-48
42
-56
100
14
-112
225
-201
-12
-365
112
-108
10
-6
208
-12
-203
155
-217
-80
-6
-621
-15
-122
-16
174
130
64
-94
-32
13
261
-50
35
-130
-68
237
-26
-331
-111
-78
-13
97
-123
-114
104
-75
60
308
-30
-116
-180
-85
-218
183
-280
101
139
-198
198
-98
-92
-173
-18
-386
-78
294
79
-35
-5
28
277
93
10
170
-145
-197
-182
-139
155
9
49
44
64
6
-179
-62
-229
-73
-52
-216
14
9
-145
-111
54
58
45
-214
-68
-22
50
10
145
159
28
-107
128
194
-34
-196
28
-2
55
-200
-247
-76
-25
-28
-175
44
-406
279
72
78
-269
-28
163
104
332
142
52
-106
-249
4
196
23
-15
-82
-47
-3
-34
2
-129
0
-14
293
20
-200
-58
-86
15
7
300
11
-269
158
-299
114
192
-40
165
110
165
-196
-18
290
-64
-54
67
-295
142
-15
-97
-91
96
155
140
-380
202
-82
216
81
134
-108
-201
-100
-65
204
-102
197
-89
-60
48
0
-161
-28
-309
-408
-68
219
-59
-80
-47
-392
59
116
-265
254
-90
-182
-171
141
-182
109
-62
116
144
105
-113
-109
-110
57
189
-35
-9
-127
155
-124
103
-338
65
259
60
250
-242
-1
-130
-78
327
151
59
-33
145
4
102
-193
-137
431
71
197
-130
127
-110
118
-221
122
-103
-32
68
-421
-208
123
29
-274
-92
64
140
24
-322
-203
-404
51
85
31
285
-243
229
-308
130
-32
31
-102
24
50
342
-57
199
-250
52
-2
-296
-267
-17
261
-71
187
-152
59
-49
-51
107
49
-110
50
-128
217
-199
115
131
-51
129
-169
-169
37
222
141
149
362
78
83
312
-138
-240
-143
134
-86
-93
64
285
53
205
-103
-153
-392
208
203
236
-107
-394
271
19
-47
174
-383
50
-137
67
-132
72
-49
82
-315
194
-83
-281
36
172
-189
146
-164
-4
34
5
-111
-57
-44
-113
177
-82
242
7
103
-182
1
112
110
320
85
-199
59
210
-407
-49
206
126
314
-286
-132
46
-238
86
-43
75
51
-295
-186
-47
-49
118
-171
-344
91
124
226
187
46
70
-38
-19
69
-56
231
175
-113
247
134
116
40
52
18
169
-201
35
-250
-178
47
-137
242
189
-125
-135
217
64
107
87
128
-256
132
-192
-161
274
-180
-157
185
-373
-45
-427
265
244
-65
-18
-142
162
28
-239
492
-101
-148
-77
91
57
256
-255
160
22
-111
27
-257
16
155
-238
-226
-233
-53
-26
130
-24
-155
137
-140
-90
-90
134
44
47
-140
-332
-130
-295
326
-183
-114
-79
85
-171
96
79
-166
-67
-12
228
-19
97
128
-233
-154
-132
-39
144
66
-156
-86
-219
-28
-39
176
-137
-336
-21
4
71
350
-101
336
122
36
37
-258
13
-81
70
17
-4
108
-278
-244
68
150
-24
120
-256
-21
-6
-10
-18
-139
289
-273
-47
385
-160
133
245
85
-92
-337
-3
41
-102
-174
135
188
-15
34
346
-263
-43
-54
407
162
238
-88
-193
-171
-367
57
-122
-5
-128
-34
59
113
169
172
-170
-51
-71
-46
30
-145
-51
-76
-51
-85
-46
-76
220
-43
-159
-203
-38
-27
292
69
-196
315
-9
-33
-78
325
73
-18
-116
-346
-183
-61
-84
-13
158
18
328
220
-33
406
-10
-188
-303
-8
129
351
-351
-194
-44
82
-206
45
-89
-135
-159
-85
-163
4
159
-152
330
410
-29
-140
68
-54
-161
206
-95
-49
7
42
25
-30
75
-393
-169
75
151
9
-106
24
-156
-48
-207
-288
-13
116
181
195
-29
114
66
-277
-436
-102
36
-92
83
33
201
-37
247
44
415
168
81
208
18
63
-28
95
-160
41
-113
419
-24
-136
-170
-92
182
125
65
-112
-228
110
25
-78
86
-142
7
-79
53
-94
135
75
80
-113
20
-18
13
-56
-117
-31
-194
90
258
14
-31
260
151
1
-174
215
-221
-101
3
-418
9
68
137
-238
-175
158
19
196
45
3
-34
-53
151
203
18
-53
-45
88
-67
57
194
-274
113
335
3
164
-46
-366
191
-195
-158
-162
470
19
-132
-18
-198
-232
-110
115
74
-61
67
-124
57
-261
-443
-208
247
-3
345
97
-134
-126
-2
-23
63
213
3
172
-13
12
69
-205
-433
-208
-289
91
-146
-65
-190
-26
-197
183
12
146
115
70
-68
138
-199
114
63
179
-298
-157
-17
209
-248
94
-25
185
537
313
179
39
100
214
-15
75
98
-239
36
-183
-17
184
-9
40
-175
299
-136
-46
-32
4
263
463
-328
-102
146
-175
32
182
-120
-70
296
276
95
113
103
261
183
-110
-95
-161
185
25
207
-17
-144
-38
78
-201
-186
-143
-274
11
-263
196
-134
6
-30
12
128
-37
87
99
24
56
-131
-121
-298
-296
-64
52
61
-323
248
-30
-7
-89
11
45
114
-175
135
236
142
210
17
-113
18
18
-249
-83
-136
197
150
-150
83
-97
-17
102
-146
285
42
-199
-43
-185
130
91
-135
-366
-1
-135
109
191
195
-167
-177
11
-329
137
84
-108
191
-167
-257
-201
-306
29
-264
-199
-53
161
-61
24
164
340
-211
25
-65
-111
175
312
412
-87
-70
90
131
228
25
-193
306
15
-93
173
-38
-55
-50
-313
-209
312
-223
235
56
-287
123
157
128
-120
81
107
168
-171
-35
110
34
-43
-133
-12
126
4
-27
212
-65
-63
152
31
-71
-152
-184
2
-28
250
196
126
168
101
264
351
223
275
70
140
-298
-96
317
-31
-74
246
94
19
-146
121
233
2
249
-285
28
117
156
-208
2
-137
281
194
-19
-16
209
16
20
196
9
-126
-107
97
-83
22
-159
63
-180
188
-27
27
-4
-27
121
240
-258
163
314
-23
-98
-161
18
-213
1
234
279
-198
204
-345
107
-72
-64
8
-171
-264
38
263
121
2
147
-310
66
15
1
-101
18
204
7
134
-127
123
69
176
152
-196
-127
-82
114
190
70
-151
146
-155
90
-97
93
66
16
86
-268
188
-49
-117
132
280
96
176
123
-152
-68
-145
200
-97
133
102
-47
56
-112
137
-149
-29
232
-129
43
-232
-58
-74
-260
-149
27
-88
355
66
285
322
66
-24
-191
106
-153
-265
-122
-53
102
5
123
-279
50
-233
-59
308
-71
142
-261
-120
165
96
120
253
-148
177
151
256
166
-36
-69
110
94
23
88
113
49
-18
-343
-52
30
-252
-127
-140
-18
-133
-24
-159
-99
-117
-78
-167
-185
89
-205
115
-104
152
75
-167
-478
-86
-120
-174
-92
75
66
4
-14
59
-220
-192
-217
5
-94
134
265
7
-38
282
79
46
-112
100
-145
-192
5
-20
-270
-54
267
-125
-168
-174
181
-77
-168
301
-32
148
-42
-151
80
-191
61
37
-62
200
-73
-138
-18
-235
-144
-139
-100
157
-54
-200
6
9
-284
414
176
341
-330
-61
56
-160
-210
-9
49
256
138
-40
-32
-232
215
-122
5
-347
-58
-60
89
-26
-118
-347
-44
-56
198
-122
-101
6
85
102
-144
89
211
158
70
-206
136
-276
291
-72
254
172
32
36
48
133
21
84
291
-53
0
30
-2
215
-211
148
-195
-161
45
-55
-103
189
-30
-218
189
207
118
-162
186
-52
-43
-45
-239
406
-111
383
-50
195
-193
-74
-188
238
-186
316
-264
42
-7
251
109
24
-54
48
240
-80
84
-10
-275
175
179
-69
275
93
-127
84
-35
14
-109
5
127
-49
3
-56
-186
-159
-80
14
-38
202
-51
-211
164
13
235
68
301
101
61
-17
260
-78
6
-346
-212
-11
-144
-89
77
-117
-72
42
9
-120
-195
163
74
-342
13
-199
40
76
-249
-215
-186
204
-36
-45
-66
-92
42
-69
50
-39
371
254
-345
186
59
-33
349
201
209
-136
-81
113
-76
-115
154
22
-5
104
317
156
101
72
-211
-49
139
-151
-143
8
-211
184
101
222
-408
107
-199
-122
-15
-155
52
326
-57
-311
-315
18
-232
-7
-93
-5
-67
162
243
42
-186
-95
-38
173
-170
16
8
-147
-257
-183
202
-60
-285
-231
11
-56
391
69
-88
6
-76
-66
-205
292
123
-31
48
-386
-109
-189
-168
-123
133
-131
201
96
247
105
-46
-207
52
-190
109
-302
-87
8
95
-197
-110
97
287
288
53
57
-80
-154
-8
-171
28
237
-204
-175
-4
36
-210
-47
10
44
-246
109
-21
-179
502
-105
8
365
53
-223
-104
-200
128
-83
-208
157
-67
94
147
124
-99
-104
-65
-146
-135
194
-90
137
-333
46
-34
-54
170
-57
-86
-97
26
-38
-218
-257
-183
-123
-289
-75
96
276
-216
-43
-324
-2
-463
-273
-97
-97
3
-246
-37
212
129
-31
58
297
-216
-194
-113
442
-12
175
-111
-28
-153
-139
-20
74
116
167
-152
-211
84
147
-103
152
-207
207
-255
-88
-44
-25
-287
138
-180
-214
115
0
152
102
-36
264
-125
-154
62
32
-114
-99
18
209
132
81
42
-37
189
263
84
-63
-173
-399
-45
214
247
163
-193
-196
39
-89
-102
269
51
48
-335
67
-182
-46
-232
132
44
-248
-97
93
324
-325
-162
-123
-178
-52
231
-75
240
7
406
95
139
-137
7
30
228
-215
336
-4
-41
129
25
99
-67
-20
-60
-143
-60
-111
-27
-142
85
-21
115
159
-27
-158
121
99
-70
33
76
152
-91
12
-92
47
102
69
81
-213
-22
269
379
69
-423
-105
51
56
92
288
111
139
36
-61
-7
130
-84
80
180
93
-13
-342
-201
43
-312
-211
567
14
108
165
-36
329
237
127
-110
58
-12
-107
364
-85
50
171
-15
38
-92
-331
47
160
119
-65
-171
3
-92
126
76
-272
-83
-10
-85
-177
-51
5
-124
-142
69
-143
-430
78
51
-38
-273
-195
171
-195
366
-265
407
-200
0
126
37
-28
-30
224
-43
-31
-19
-120
197
-118
-138
235
5
-530
-213
49
-554
43
-30
-50
352
6
140
-156
98
-31
-41
204
-232
277
-339
-236
-83
-235
61
-158
319
331
227
-9
-96
199
144
23
-130
396
108
176
160
-2
-113
-196
19
-11
-201
-465
246
-161
252
12
-98
-93
268
217
134
-185
47
-159
12
81
286
-44
-188
54
31
60
-47
118
-78
97
-64
-278
184
-22
-63
-133
-178
-173
-289
-73
6
-461
140
-100
-175
52
69
-28
-149
-95
-75
-219
-39
-35
-286
88
-31
-134
212
-107
-125
254
-171
-57
-177
-219
-100
265
-212
27
69
264
-136
120
48
209
92
-113
170
21
134
193
-39
-175
-71
-78
-149
-50
277
214
81
-233
195
-236
-187
54
-151
132
77
-20
-14
275
182
148
74
99
26
182
187
-68
-125
-61
-126
-84
203
137
315
90
54
146
-123
35
-43
-64
-122
-201
-171
203
-49
184
-168
-75
-119
125
-210
-183
-119
-143
-18
-165
140
84
-77
103
145
-23
-22
16
-83
92
-171
-369
120
242
92
-17
-136
89
86
55
-248
231
113
74
-251
-23
-104
17
42
279
222
280
-24
-288
-17
-119
-209
10
64
-316
-44
-54
-174
382
26
-9
-382
-149
132
-293
-85
17
-75
381
-280
-45
-180
-409
117
-108
41
5
134
111
204
-76
26
63
215
7
-68
-284
-91
-36
-166
333
-173
1
-188
-69
-27
139
-133
-215
-244
-160
-241
262
39
-221
-43
-105
-123
188
283
134
57
53
-115
-150
-88
143
12
58
-94
200
58
434
223
188
-50
282
-292
-96
30
-203
80
334
49
48
-143
-193
-192
112
-212
-72
-20
8
-20
-71
-79
199
-11
74
88
-283
-132
-275
61
-97
108
-71
-57
-22
-67
-270
96
-25
-71
139
-101
-152
-150
409
-169
-98
-3
135
47
183
-150
70
-363
-317
105
18
-168
-278
139
-171
75
-216
47
-106
-158
-83
169
-401
162
-84
93
-125
-202
-4
125
-93
-29
-62
-192
11
61
-100
53
-28
104
142
-236
43
277
-307
-122
-35
314
-170
376
-34
10
76
-25
-263
-140
-106
-383
131
-78
-186
-36
-20
7
290
-171
-38
-118
89
-268
-104
-117
43
22
291
154
310
-218
400
-183
149
-50
263
39
-79
109
-24
-7
-147
138
85
-17
-105
-7
81
233
57
-149
-313
-294
-262
90
146
261
135
-272
110
165
-12
-77
-220
4
60
-119
-135
30
-483
-229
-248
-117
-19
480
157
-145
88
-140
-48
-5
91
-33
-84
29
166
-159
41
-82
90
308
-116
-18
-21
-190
15
121
-161
-182
-153
37
177
76
83
-124
183
87
191
160
-102
-273
-90
146
124
177
-168
-211
-72
130
-131
83
-147
-176
-87
317
-126
55
-52
9
75
230
278
-9
-215
105
-26
-26
128
-101
-12
65
230
-7
-107
70
-306
-116
-187
-84
-106
220
-42
-231
188
7
-30
89
-159
186
-207
-69
-145
-83
79
22
17
11
-103
143
36
-161
-234
222
90
-199
59
233
259
3
129
-277
-173
-62
37
-386
156
16
76
134
-81
63
-369
237
-122
-212
-267
134
-87
165
27
-196
25
76
255
-24
247
123
106
-234
-285
-27
-234
-12
76
91
-271
168
-14
95
254
-302
-273
-63
-120
-80
-81
-44
63
165
220
230
-140
-8
229
111
174
15
-86
48
69
94
38
-247
-6
-49
-216
-177
-395
-145
20
8
1
23
-164
36
-72
535
-112
-49
188
327
-125
-87
33
-246
145
-158
-34
-295
21
208
123
-9
-108
197
158
-221
193
131
196
133
-36
15
259
25
-49
-218
141
-68
318
43
253
128
-238
-256
43
-60
-198
-305
186
58
-211
146
-101
-109
-172
125
141
115
68
-212
15
69
-133
-36
-93
329
-67
177
214
105
-66
41
44
-34
-192
-45
-12
-133
91
-2
-47
84
247
-68
1
-148
-203
-11
-346
88
-216
-10
-226
-14
-21
1
161
146
-151
-116
-509
371
-125
-61
13
310
39
-112
-52
74
-125
-294
-14
165
-65
210
204
79
457
-133
61
48
-167
347
-197
-80
50
-118
20
175
11
-250
-131
-172
-36
-60
-145
-33
-289
-286
113
185
160
-103
337
-231
-103
-80
169
213
-169
151
320
-50
-26
171
-105
-226
-243
230
231
311
-150
-306
-111
75
151
131
27
-60
-171
17
50
-123
-130
215
-46
364
-29
-168
317
358
92
-143
-116
61
-50
226
189
309
123
53
393
179
24
63
55
-30
-116
-29
-124
-171
-319
2
268
63
-203
64
56
-337
86
58
-231
72
141
-139
-109
-194
164
-237
-190
124
59
-49
154
-123
-166
8
61
76
-88
-10
40
-76
-55
154
158
11
145
-176
-77
-359
-124
156
95
59
455
-260
157
16
-238
-103
128
30
197
178
215
-268
-193
246
171
-65
18
163
-351
-223
67
-11
23
-173
136
-62
-157
357
-50
-72
-104
-109
-207
-58
19
13
-239
-442
-164
88
-32
34
-103
-294
-96
248
102
-89
322
71
37
-217
61
77
129
-43
316
189
249
-99
-77
-59
75
-294
90
182
-50
-11
89
219
-226
-160
239
403
-288
121
-323
189
245
38
40
330
52
-412
470
133
189
264
15
-83
74
-39
23
-17
195
-139
52
279
54
-154
-180
81
-103
-73
248
-122
121
-156
83
-196
-423
-54
-240
-34
-4
-344
-83
-138
-183
104
-66
-88
183
-215
-65
252
36
63
51
-26
-3
135
-400
-163
98
157
52
-89
288
65
155
70
270
-208
286
28
41
230
-216
303
-123
-59
73
149
122
21
27
110
-392
209
-45
84
-157
-362
-187
-278
238
159
-224
-250
-16
12
213
130
-98
174
283
50
77
-92
30
-95
-205
201
-353
174
41
206
213
-196
68
2
243
-74
-69
-49
-16
-121
-69
13
-73
-282
27
127
0
185
-31
56
-26
103
-266
17
373
100
83
8
309
-161
-144
-101
-66
-280
-164
81
-63
58
15
147
90
111
-121
-89
-141
8
120
211
-185
3
-77
-38
-61
-40
-113
-39
-248
-35
-101
60
-2
195
372
-303
88
221
-115
91
103
120
-70
-89
24
11
-103
-21
282
-254
-33
352
108
25
80
80
-82
-170
-87
144
-196
-278
-300
-422
27
-121
211
275
-38
78
-220
-89
94
164
224
65
21
180
28
3
173
281
-141
-110
123
185
-11
-236
-290
129
-75
-16
-12
120
-385
-24
-142
-16
-247
-58
217
-85
-165
-67
-264
14
195
-120
-313
206
144
-319
55
323
-91
226
-79
-273
140
-81
118
-251
170
-383
71
248
501
158
3
34
-104
221
37
51
-134
253
158
-72
-15
-100
33
21
35
216
34
278
-175
153
350
-129
367
-171
59
119
35
-157
-299
107
-95
177
49
167
-225
243
193
-181
-12
-1
124
491
-29
94
-73
-50
62
-99
-72
148
-60
-276
-237
-336
-68
124
84
-164
345
-118
-83
208
-56
44
-369
113
-70
69
127
-55
90
46
13
-181
-209
-61
269
-3
-249
-221
-266
-40
-3
141
77
155
47
90
34
239
38
2
198
-148
45
296
-90
-198
-248
-262
-181
-41
44
134
74
-68
-205
-26
-450
207
-219
-137
-428
-242
39
286
-2
-54
29
55
12
-67
-20
206
-69
-220
232
-81
-291
-49
-12
-35
5
84
-179
-180
156
-93
-176
165
12
-109
307
-192
116
308
-211
41
79
-44
-96
46
-176
-201
31
-165
-15
204
151
69
-10
-578
96
196
-141
90
115
139
260
-165
-184
512
-34
-118
67
56
-105
336
157
-163
95
-47
-43
58
-164
238
-79
-185
227
-71
250
-119
91
-259
-146
137
-199
-39
0
-174
282
3
158
-130
-93
298
18
96
103
-2
86
-113
-194
-52
52
-182
-394
41
144
176
-59
-75
114
104
-242
67
-90
-223
-61
-302
86
40
-123
239
-116
84
42
-233
-2
337
-31
269
77
-149
196
65
226
544
131
399
-183
54
-83
-100
287
60
-2
305
-58
163
-103
-120
-224
-52
45
342
-78
-10
3
-41
-38
-101
73
173
441
-85
-97
-200
-41
-232
57
-180
117
-282
-360
-114
127
18
281
41
-98
88
240
234
-168
45
-293
231
58
-80
257
24
-79
105
193
21
-37
-305
20
84
39
158
56
-68
242
-258
-108
145
-97
97
12
-163
-146
179
328
210
-33
37
86
-100
164
-15
127
247
-131
-287
-76
219
253
-38
-43
59
321
275
322
-65
-70
19
-22
-285
13
26
113
58
76
-226
260
76
119
316
51
-216
-310
229
-149
-67
253
150
237
109
-241
-181
-155
29
108
245
-310
123
169
-65
-7
206
-184
21
-63
204
24
-89
11
-81
-175
160
226
-269
201
-402
-115
46
95
-257
-131
-39
149
87
309
-138
43
-134
122
438
110
-62
-72
43
-13
32
33
-106
-102
-209
-195
167
-145
-106
70
-424
-79
-87
160
326
-114
346
-428
-113
156
-252
-249
-240
-7
-307
104
-462
-130
-211
-184
-383
31
-151
212
92
233
-95
21
-138
-184
22
313
-66
-78
-283
-29
197
71
-39
-40
104
62
254
-111
-2
154
31
-133
153
-154
-241
-15
101
-108
10
-97
-200
-67
-39
-286
221
-84
228
-49
-74
14
149
-80
-233
-26
-105
-76
-30
-149
-600
-119
22
-113
135
338
-45
-64
133
-86
204
-116
-82
250
109
-23
-161
-61
-166
169
-56
-185
120
-40
193
-12
-156
-153
65
74
120
-204
239
-291
128
313
-93
208
59
-114
-40
176
56
-112
152
-2
175
97
48
-48
111
42
-11
93
173
-158
-80
-291
394
35
249
-35
-43
69
138
29
-83
71
-122
-251
-235
135
102
-349
185
175
-108
324
-288
90
-17
161
191
44
-249
194
-30
28
-1
-147
33
-310
322
107
243
246
206
116
-190
-188
-119
181
12
-173
-288
-128
556
-34
-147
168
37
-148
-64
-35
-99
116
-146
-22
83
182
-145
-3
-27
-22
-54
-31
5
17
-121
72
128
-78
-107
11
-16
-47
85
-134
-114
-59
75
256
365
-98
-125
-198
111
101
166
12
-131
-33
16
22
-160
131
-150
-111
-13
-154
6
-26
136
-127
33
-173
-60
-14
-367
-57
-188
-402
-202
-340
90
-290
-139
72
-134
110
-200
200
-30
53
288
70
-39
-187
-55
26
-16
169
-217
78
69
-193
-138
-210
-356
87
115
-72
-22
-118
-53
166
-87
-81
-288
-154
45
17
-11
-231
-60
72
-66
-119
-93
84
-5
-94
-155
8
150
228
-478
-101
-301
197
-58
-128
156
243
45
-173
22
408
-4
-72
-201
33
160
132
75
-26
-344
-61
-16
-8
138
75
167
-176
68
334
111
-130
-313
-219
44
79
-27
-39
-97
-91
113
-82
203
37
-94
183
-125
-36
-347
-76
-42
171
-97
59
-136
29
-53
-27
241
-96
257
-253
39
1
100
374
193
232
-279
122
-182
41
120
-178
132
247
150
-273
252
74
-239
47
81
193
119
106
-151
223
197
-19
-49
50
138
136
29
-417
163
243
-247
-253
176
91
-270
-125
-132
49
-79
155
-47
-210
16
-11
188
56
-18
177
49
-189
-23
12
-27
-125
102
44
262
183
-165
82
35
-250
301
-115
206
261
269
162
-244
186
101
30
-180
102
-7
140
113
240
-122
98
23
-242
148
-113
404
-4
136
140
-117
29
243
-213
96
66
-353
1
-102
-44
97
-304
30
306
-124
15
111
108
82
4
-65
186
-254
175
131
270
65
-108
105
84
-68
-63
214
108
62
30
49
226
65
319
-116
-211
97
134
206
-192
235
-128
246
-4
-120
-171
-160
58
430
297
-15
-79
-206
-536
-144
85
-79
-72
231
-146
255
-180
8
21
-103
247
101
-40
-148
51
-338
191
58
-10
-28
-4
146
-101
-103
-80
-25
-70
181
209
115
56
94
24
231
85
-249
-106
-223
18
-116
-150
251
171
214
297
-249
-210
-357
-460
-34
-249
-60
183
188
-143
399
18
-167
-41
74
-71
-138
-96
204
-239
66
-41
101
92
459
-83
26
-6
-192
24
86
13
165
-243
-11
79
-35
101
-136
-80
214
87
171
136
28
-175
224
76
-487
-7
-247
33
513
27
162
-102
208
112
138
-401
-57
-54
-129
90
147
128
66
67
-409
17
-43
30
-69
-156
65
84
87
-133
139
241
-25
177
217
183
-147
-109
-98
35
-125
-124
103
-85
-15
26
-359
-329
209
-182
-21
-115
253
-56
-215
269
25
50
270
-26
344
-171
-187
401
1
-20
-80
-245
-194
91
362
185
-45
27
113
-205
-87
214
-76
109
-128
-304
-288
-172
-122
-31
10
89
285
324
139
106
-28
-67
127
-99
335
161
-84
-53
-100
96
153
-111
238
52
8
215
-118
473
-435
115
-29
-50
224
-34
203
-150
221
135
-237
10
311
52
-12
-178
70
85
-20
-283
-159
134
96
-142
128
-77
-4
152
73
200
314
57
-155
142
209
-361
161
-96
-87
-244
118
97
-138
188
-80
88
4
-49
-366
224
-112
-69
131
236
-44
-370
-188
-277
-11
-112
200
-115
182
126
-184
29
316
318
-15
-22
204
180
-253
191
73
76
83
48
-67
276
71
0
-120
0
-9
198
132
-173
182
-135
-161
-120
-22
103
-48
112
120
-183
-137
3
-128
73
95
19
-56
94
184
330
-92
-58
73
99
195
124
-247
-179
-21
-184
262
175
55
162
216
-108
-186
11
191
-52
-165
154
-160
104
-303
-19
-99
91
-85
97
121
39
308
123
-8
3
24
388
-355
67
-251
-23
19
260
126
-224
-202
-318
-259
-18
193
72
-201
27
157
-277
-27
51
200
-269
-75
26
-279
-20
-142
147
-29
211
-170
-404
-124
47
-13
-158
31
22
222
-42
-111
82
198
69
-198
-236
72
141
64
359
93
-16
24
125
-42
131
266
-9
-226
96
20
-83
-18
127
35
49
-189
-85
59
-13
42
81
117
188
-118
172
-222
-332
-87
-264
-278
145
-193
-141
226
233
-107
-15
-155
6
72
-181
-211
-190
46
-66
274
102
-14
-356
45
198
-117
153
-81
-31
-381
97
-154
-241
98
53
-305
36
-57
-77
-100
-149
126
30
112
-42
-40
-148
-57
239
276
-153
-27
101
-218
69
-3
285
-15
191
-141
-237
190
5
-85
105
-231
-49
114
113
-11
-297
157
186
76
66
19
96
31
80
113
-149
-89
-35
270
261
-21
301
8
31
-83
-18
256
-95
36
49
-55
156
75
151
-441
-26
64
326
-10
-347
-41
397
-56
161
-74
129
-214
-434
-47
102
109
96
164
-201
-234
192
-151
-346
296
73
-44
-116
46
219
-278
-159
34
-250
110
-99
-163
290
194
101
-340
-159
-165
-11
-196
231
162
-316
63
-311
65
5
-69
-368
150
-169
232
61
113
3
151
-245
-107
-17
40
296
20
-164
-238
76
161
-52
-63
89
-26
354
-275
-152
250
-8
-215
-75
110
72
169
-344
-293
-113
-12
196
74
-226
-73
-184
-266
73
-325
46
-9
-437
60
-108
184
-247
32
131
-195
67
-66
257
-99
-114
87
-12
-204
-7
-120
194
192
-20
0
109
60
102
69
143
-74
128
90
204
-149
-84
48
43
16
-29
147
-121
229
-16
4
59
-68
70
-132
-369
-17
26
-184
-222
-26
86
18
-92
33
-268
61
227
133
-109
-61
-32
203
-68
30
202
-87
-308
-72
260
133
177
-209
-542
364
178
-97
-201
2
36
12
121
-64
-14
182
-92
-165
-83
-83
-26
-323
-47
94
59
-156
-40
-173
-48
311
72
76
-9
-210
-39
-9
359
230
-41
-291
42
-97
-247
132
141
-42
65
-132
40
-65
-39
1
94
-194
236
276
-228
-174
12
105
236
-73
60
174
-151
-109
-115
183
-18
-25
-53
-182
-59
54
-265
200
-200
-185
-282
-142
-42
24
-62
-43
6
-203
89
-57
-229
35
-84
-1
60
86
64
-22
65
-251
66
182
-169
139
87
-9
-275
-132
100
-164
74
81
208
-171
-86
206
-147
325
-62
209
-176
177
53
-7
-171
52
-297
206
134
44
241
25
-232
-431
-110
145
-212
-124
-59
-270
314
192
-9
-12
23
-21
-106
-123
33
-18
-85
44
524
-122
134
145
-297
96
31
-73
230
274
85
115
-22
-12
340
28
189
-218
-44
-123
55
-178
130
55
127
-7
126
-40
3
-65
92
46
163
341
203
-19
10
-205
-145
395
69
-5
28
14
9
-212
-52
-66
-400
117
204
297
143
-107
11
-20
164
-13
135
170
143
223
139
33
-108
-90
41
28
-21
-202
58
55
-304
12
-289
-178
272
-66
332
129
115
-142
473
-193
78
218
380
-55
104
259
124
151
163
-244
-208
-214
-44
68
12
12
39
-278
72
23
-72
217
219
160
29
-72
129
63
281
-97
-76
87
58
-168
102
-259
-197
-284
-44
86
-275
-90
-28
-263
122
102
-7
-161
6
119
322
-379
222
21
2
-7
-114
-4
-110
108
270
8
-301
4
-155
-128
-63
-124
-224
120
-20
23
-64
-364
-48
41
-104
-46
75
114
-29
-119
-51
-166
-64
-149
-168
-52
85
18
21
271
176
-261
222
-107
237
-200
180
197
-42
7
103
-69
41
-224
-4
407
104
-55
-201
228
-107
-54
192
-16
-243
-202
-57
54
108
266
125
-49
42
-310
-170
-103
118
-68
68
-83
-37
-43
8
110
38
297
265
198
-58
103
-2
65
-18
-101
55
-74
74
-252
121
-45
-4
-152
-23
88
-93
20
249
16
-166
5
294
-191
-310
-144
-78
73
-65
244
185
330
-203
169
-152
-16
-38
-111
56
157
-282
169
26
-206
61
-35
143
-318
89
-115
-163
70
150
-44
25
-31
55
-28
252
35
22
-52
458
-234
-28
272
-27
-204
-32
138
-312
-111
151
-61
-13
25
-38
-390
-197
-53
313
-129
-10
310
205
-82
71
58
-32
-180
-70
74
68
115
264
148
-84
-97
25
94
64
56
-298
12
53
55
-45
-127
172
-203
-186
-160
-213
15
20
-45
175
-196
78
-214
-415
76
-14
182
-158
43
12
-29
217
112
-207
45
38
-73
-297
164
142
115
-215
-170
47
-86
321
-171
168
184
155
-107
143
122
-214
-5
42
197
-181
77
-7
45
-200
319
136
257
150
-474
-41
-47
3
42
87
-15
-355
40
190
31
-69
99
-258
229
-19
47
-139
-144
26
504
-304
-108
-123
-191
-133
110
-97
30
274
-232
332
-183
83
36
-16
93
22
-90
429
-60
-198
70
-99
-151
468
18
-138
49
133
-15
-162
155
-37
-252
164
458
67
-100
-101
-171
-78
239
50
33
-97
165
-218
205
113
222
-63
-35
-42
417
-78
142
-84
-223
77
-74
242
44
102
54
-100
173
-246
22
-83
-145
-213
222
-24
78
144
77
117
-73
-30
247
75
132
-156
184
-57
-143
-28
325
181
-88
55
-10
126
-353
-43
-73
-126
-324
137
29
331
202
17
146
222
32
17
155
-12
53
299
-207
-135
476
-46
149
-196
7
59
-37
-73
142
264
66
7
-235
-302
112
205
-36
-220
-190
199
-133
199
531
269
-60
256
-165
395
215
-178
160
-224
-24
-96
152
-115
-287
-134
162
-120
-18
-98
-191
332
-197
-132
175
120
-95
175
168
129
129
-263
173
-48
14
163
-192
-197
271
-154
25
65
287
166
-218
147
205
141
-6
151
-192
53
-225
-8
-34
32
-97
151
23
-229
-67
115
-11
58
146
-201
-153
57
115
7
-65
94
-72
-69
32
156
37
-129
225
-38
68
232
78
107
197
-205
-57
-513
-31
56
49
90
250
-1
-1
-9
116
-177
157
-40
-73
-172
-212
317
-116
-117
25
-14
49
-33
237
26
-100
118
-62
-27
-312
61
48
197
404
-204
-99
246
334
42
-233
58
-104
185
-5
407
246
-183
-258
164
346
45
16
60
256
200
-84
-116
-480
259
-167
131
319
-164
220
-222
6
-125
69
-75
62
66
-94
440
-123
-102
220
-58
-215
-120
290
-147
-128
-156
-234
-85
81
380
107
-211
159
209
106
180
76
-42
92
203
72
-45
-271
86
-304
-142
-95
-135
-146
271
-176
-154
178
307
125
72
384
-128
50
-48
552
395
60
-217
69
229
13
134
39
-22
283
195
-190
-144
-148
-59
-64
-430
28
-139
-87
-132
-42
92
146
181
-228
-295
-191
139
123
-155
-259
-58
-134
-104
-13
-18
54
-171
326
122
-173
138
21
59
185
143
77
-447
-108
-240
72
-156
235
111
-6
-43
23
-191
11
172
-203
93
-89
232
-136
-82
153
116
-3
135
144
-161
-32
-94
-146
48
118
-110
15
-131
174
-146
270
-24
-104
-1
-182
-267
-107
191
-68
35
176
78
146
170
-229
32
-132
-247
30
8
59
-254
-94
4
221
12
-134
-54
153
-25
-148
-49
424
107
-220
122
-87
122
14
-244
-171
235
275
-157
67
-292
-130
-109
109
72
195
51
91
-146
96
171
134
81
16
-25
-125
-273
-149
-58
-46
-145
-60
229
67
194
56
174
55
-123
-274
-51
-283
-48
-124
150
-177
167
195
181
30
408
-234
-343
162
-95
0
38
-60
64
2
-63
-149
-123
-20
-148
228
-194
-176
84
354
-193
8
-154
126
-136
304
69
-85
95
303
-53
-135
-88
-54
150
-162
57
-10
42
58
-41
-35
-14
-189
-46
-178
161
-67
38
187
-93
17
-130
205
68
-187
43
31
-86
224
-108
375
77
135
33
-176
-97
-4
-285
133
-116
129
-216
14
173
-224
-216
-24
87
104
94
272
125
-121
-149
62
37
84
-81
-124
27
32
255
-73
90
-113
19
192
258
-70
2
-180
227
28
-233
-281
-172
637
-308
220
-113
-277
335
-6
-157
-277
-45
141
-435
-74
-409
42
-236
-114
102
13
453
-217
-96
-126
93
314
93
86
-97
-38
265
-131
-64
158
78
59
11
-244
-55
21
213
115
-113
80
-76
9
-197
-69
-59
79
130
-242
-187
-148
-115
23
6
103
26
277
-101
114
189
57
-261
-211
-135
308
-240
94
-43
-77
-63
-174
345
-19
-180
-274
20
-178
175
16
-20
-119
-118
47
-333
-40
38
-107
-12
318
-96
57
-141
97
-41
315
53
-31
-117
-47
-134
-149
-47
-8
70
-448
186
121
-58
300
-69
-65
97
44
-168
-55
-36
92
-203
197
135
-8
78
-311
3
-234
-76
237
57
-32
-95
219
149
-50
-13
-210
-178
220
-135
163
177
-74
-13
250
108
-41
-11
-85
-39
6
-150
-253
99
-106
-240
-6
111
-43
-202
-185
82
-66
-48
-182
-167
101
-7
-171
-167
6
7
-163
-201
170
-15
5
-96
79
-78
-13
403
97
-101
-71
90
-85
59
-336
-228
-132
-105
-227
264
-148
272
-378
-103
145
-463
-174
42
-104
-117
-74
67
-131
114
-146
64
-134
12
5
-64
-7
-102
16
93
-220
-36
-84
105
-152
21
-163
140
37
-279
84
-29
-86
102
-76
-95
-70
-81
-67
3
-159
260
-80
201
330
160
-88
-13
-2
-325
122
85
106
140
118
-23
108
-237
207
-169
-82
-21
-86
170
195
-130
31
109
4
-35
-119
91
89
138
-190
98
48
-23
-209
-155
62
272
37
-185
40
64
192
-217
71
123
16
11
-140
100
49
-168
171
-132
-101
-181
187
172
70
227
-332
-46
-61
-39
-10
-51
38
-38
-198
-231
2
132
-17
-356
-17
31
-54
171
5
-132
-34
-31
123
-131
-77
123
-83
-115
132
23
34
-143
-410
253
-119
-13
21
-5
241
-265
141
-5
-128
9
30
-230
104
56
-61
43
-290
-20
-174
-96
306
-481
108
-173
-75
-470
-107
-86
253
69
362
244
-79
166
-360
165
-2
-265
109
-7
76
-6
-249
-9
-7
-59
31
43
-221
161
-81
-17
123
-95
504
28
-26
-65
-255
-71
391
39
-134
87
-72
217
-143
115
-255
11
248
187
415
58
-37
-78
-108
-178
-15
20
110
156
-110
72
9
-145
-180
107
-453
125
91
-15
21
61
249
84
-177
61
64
71
-205
-242
225
-316
93
-10
-87
-120
34
-16
164
253
-170
190
3
82
51
-232
-380
-215
500
-109
-219
63
113
-124
-91
-12
110
119
-7
-46
-5
-89
135
154
-246
135
209
-327
209
-71
419
-52
-3
67
20
314
211
96
-39
-33
77
-298
123
138
100
170
-423
-38
3
-103
264
410
275
2
-110
-160
-75
-142
114
220
341
-261
-161
-110
-121
91
-65
134
113
-45
243
168
96
-119
-340
87
81
-100
-16
153
-160
372
19
36
27
18
-209
43
-337
-287
61
60
68
-287
115
-17
-201
264
-101
213
-74
352
-25
39
124
-47
-172
137
81
121
55
243
-113
-26
313
6
-218
76
-222
-220
-78
-104
159
29
-43
-5
114
-56
206
-122
-416
52
392
67
261
65
-117
17
65
42
190
122
158
-79
120
125
196
-258
76
136
58
-201
14
-33
199
16
250
-169
119
-64
-130
-39
40
-101
73
-20
-25
-109
384
129
-112
224
64
-204
18
-296
-57
113
-93
61
19
202
316
-207
106
73
-33
-139
103
-401
-276
-81
-15
295
324
401
475
76
-2
-59
-296
248
-183
-361
-11
-75
-259
-121
189
41
-263
167
-143
17
120
46
278
-43
-19
84
128
170
105
82
-39
-225
160
-34
200
-186
-631
-33
-37
135
-66
-149
-163
153
38
-179
-96
275
-235
137
-1
-28
-147
94
173
-12
-3
73
-222
4
400
-361
139
178
-257
61
-2
-136
-129
152
14
-153
236
-136
-92
-129
-186
164
203
63
319
-7
41
-268
94
83
35
-76
-52
-233
213
15
-118
-68
-308
63
-69
51
134
111
-216
-160
-191
36
-26
-148
-260
76
-26
-179
31
-286
-216
36
-34
300
118
123
-205
-140
-159
98
57
360
-227
-162
-173
203
-107
-43
-221
331
-122
-374
-71
-52
-19
-93
398
38
147
104
268
133
-235
34
-293
-149
-36
-40
44
231
18
88
71
-189
125
115
52
-181
257
15
-157
-5
-2
-26
-272
239
333
-400
-108
135
-139
-66
139
150
-120
78
-174
216
248
-78
73
66
187
-279
29
-188
-58
84
-24
-48
179
-237
-32
-358
21
-360
32
-1
147
141
67
-219
78
330
-88
322
25
66
196
-59
-77
160
-159
118
-14
411
-189
-28
-108
-105
-39
-140
181
-158
-204
-118
-236
220
-153
-93
94
-234
-75
159
121
199
227
196
-43
81
267
-224
-204
96
189
7
-79
204
145
73
75
-148
-26
-25
230
-267
-106
103
-167
180
43
104
146
-126
-8
138
89
-31
-198
121
188
-71
11
-49
-158
-237
52
-62
40
103
-89
-136
-65
-110
245
14
-107
58
-24
10
86
-108
-145
-95
48
-154
192
236
-332
-189
17
44
-63
240
43
-66
69
-15
30
-218
-219
79
-194
368
-61
-308
37
-230
219
160
153
54
-32
44
-33
266
-197
157
25
-411
76
-191
41
-1
-548
-230
-7
-44
-137
174
-67
-34
-141
-58
96
-55
-35
-38
-177
-65
-24
148
-82
276
281
-150
366
216
6
-259
478
-24
-106
255
165
183
354
72
-190
51
-286
157
121
-24
-27
422
129
-118
-167
251
90
-211
229
-6
238
-15
-4
231
-286
167
167
-23
-66
-174
51
-50
219
11
32
-52
-64
-9
190
-83
-5
-120
5
-205
64
52
-129
-20
106
292
74
-26
98
159
255
-47
185
-167
-25
205
225
19
201
-162
-31
116
-27
199
42
-144
-39
-119
-211
193
-97
-198
-138
99
-247
95
15
322
-23
-72
46
-59
32
-2
-204
-164
128
38
-245
41
8
-257
-157
-103
166
-12
241
-79
41
-352
7
333
-89
181
6
43
-62
237
52
-255
-8
177
-84
-106
-56
167
-196
185
37
-6
-28
75
-64
336
9
30
-115
44
169
19
-11
-140
-150
245
89
99
111
171
109
156
-127
-42
-232
45
-387
37
-223
-77
128
-6
-204
13
33
-185
-100
-102
-134
63
291
87
-323
-90
291
207
108
34
-115
-252
-217
-85
196
-90
-130
-334
105
337
50
397
131
-313
-144
69
106
-61
-300
188
-169
115
-32
82
205
-27
-220
-272
-110
58
71
102
240
-203
-14
-218
45
71
445
-131
44
-1
-4
-113
-195
-266
49
126
15
-240
107
87
-285
322
-198
208
-70
46
159
49
118
130
203
-216
230
61
-389
300
-35
81
199
288
-231
-134
322
-250
-155
113
-35
125
-62
26
47
-40
147
-30
-36
0
162
-20
-186
-143
-157
-34
-96
-97
-113
13
-231
104
242
-25
63
221
318
-88
214
170
-42
-8
-14
-298
-340
37
-120
-85
153
130
253
-82
370
-28
-10
-13
-23
161
-20
9
-110
215
-2
-218
-135
137
-70
68
93
56
74
6
-9
-69
92
-207
223
-60
-79
123
-276
168
-327
123
25
-163
-24
-59
-112
-94
103
-139
195
204
85
214
-96
-19
-159
223
144
-9
-42
21
199
69
115
-349
-22
-75
-67
186
262
-105
158
53
106
-7
4
238
-16
-20
-255
89
-44
-397
-28
-147
-283
52
-96
-201
-278
-133
314
246
-132
-152
-62
-139
-356
132
-119
33
-124
-443
62
-107
-64
-31
154
78
-203
90
-138
-128
-46
19
21
262
340
-61
-17
-82
-255
145
-73
220
300
97
24
-177
-157
158
-163
-139
76
-313
-96
16
-86
-200
254
-189
322
-133
139
-56
12
77
231
0
-183
-129
-114
-88
25
-320
337
-81
-5
205
-14
-165
69
259
53
264
157
145
-171
226
-5
220
-159
-130
103
247
155
43
249
-198
161
487
20
-297
-90
53
-293
197
-74
-38
31
101
246
-108
-58
-28
31
-188
1
11
47
-105
46
0
-221
263
145
137
-162
139
-111
-145
-18
55
73
-6
242
186
86
67
24
-237
-11
-237
-89
-16
-324
-74
-496
58
-427
13
-79
74
186
192
147
-143
-230
73
-134
-26
-9
-20
-97
151
113
69
-61
344
155
162
-119
159
472
362
-2
62
165
64
-224
216
162
-19
-84
-103
88
-273
-477
64
-172
108
68
-105
-277
-111
56
-46
176
211
-109
-68
193
6
194
38
-30
242
-45
-8
-207
147
-131
99
-186
111
39
-36
-3
-44
-239
300
1
103
44
286
7
386
190
-131
-169
115
-173
-21
-413
141
11
13
-43
-249
201
-143
-36
95
-108
38
-179
-29
145
145
34
-322
-48
-196
31
-26
-57
-69
30
-100
-8
51
-25
133
-37
142
78
24
47
106
-126
-89
169
-82
258
-165
-112
108
225
161
112
44
-298
-12
-17
55
-250
-302
11
-25
56
271
-113
-227
154
292
107
219
-203
32
-179
-364
-63
31
-30
11
-178
-153
375
-104
140
-207
81
-109
-70
-149
-131
24
74
169
2
105
-53
-386
61
-7
-9
-175
234
-348
117
285
55
182
192
-163
-34
227
-60
94
-63
131
-493
18
-74
30
159
41
-72
-182
110
-183
-7
-187
132
53
-81
53
327
4
93
-106
-237
-95
111
4
-41
-280
242
-147
-196
438
-36
-160
55
4
-157
194
-17
146
-231
-21
235
246
39
220
-474
69
-200
-334
60
-29
-166
-255
-119
269
89
144
69
-143
50
-108
-140
-78
283
184
224
153
300
4
-312
-101
-104
-410
89
-75
224
-19
76
-26
-186
-106
4
140
-10
60
161
19
91
27
120
152
53
-107
234
21
173
231
38
461
17
47
88
-17
-188
-268
18
251
-206
160
-368
353
117
110
16
-219
-3
266
243
153
-254
99
23
86
11
-176
-159
-55
249
-117
-2
58
-52
217
110
48
64
164
269
-241
-70
-28
-138
-24
7
48
89
195
333
79
158
178
83
-41
48
-12
-203
-30
-100
132
231
-119
93
73
102
-220
-69
150
37
550
64
-129
-70
-95
3
-110
-392
15
-83
173
-46
-28
82
58
-123
-122
-135
59
-259
65
275
49
-133
-79
-3
201
-101
-159
22
-220
282
-285
151
17
-31
-55
4
-72
233
-85
155
-28
51
-279
-88
26
54
184
98
51
-163
119
117
-325
-135
94
26
363
152
-105
155
-27
290
-317
-135
39
110
261
215
138
-121
81
-7
178
-171
317
-287
-259
-257
112
100
-78
98
209
-114
-2
-225
101
-82
-163
20
73
78
100
-17
143
227
-147
224
99
-42
210
-85
-251
-222
-312
-116
-98
-152
39
140
123
-43
-24
36
69
-16
148
-105
-174
37
191
-59
-327
285
36
299
217
-247
-49
-70
16
120
41
-173
-58
77
409
154
17
128
104
58
-176
-30
-166
-158
100
152
112
-357
64
57
80
221
-38
-192
238
185
-70
82
-41
232
-156
103
40
8
16
18
114
83
-112
119
-230
128
200
199
-67
87
-302
-160
63
1
189
248
-105
-114
74
-249
240
125
361
-58
83
-82
-17
36
430
79
-3
55
268
182
-37
136
-384
230
-22
267
-62
351
149
104
33
148
40
180
77
-87
270
21
145
-30
100
-280
-146
131
96
128
-140
220
-92
91
32
136
-42
81
166
-36
20
-21
243
-231
-72
57
-317
-109
-65
71
238
95
186
253
-342
-278
-21
135
-145
153
184
139
-46
130
146
-228
-137
-199
-49
-254
16
-152
-108
239
59
-34
-101
258
165
-174
-301
-26
171
-290
-29
-47
26
303
-92
43
20
-109
-153
-58
105
77
-89
25
-143
60
272
-383
-149
-449
-197
-44
61
-24
-183
-45
-288
55
-374
-339
177
-380
6
-60
153
-158
-26
85
28
71
115
113
-45
-25
-263
127
-48
-86
254
71
58
136
-7
-363
-291
-132
119
104
65
-34
-171
57
82
-16
91
-452
-318
-177
-76
-28
-31
-75
-240
200
-121
-168
66
175
-3
124
-148
-149
-30
154
-89
210
144
59
-82
46
-143
176
331
-131
-164
18
99
-119
-11
187
-9
224
-282
-298
319
-24
40
-334
398
-139
164
-106
389
36
194
-236
-9
241
364
257
60
-146
154
-70
-1
48
-239
113
-28
-97
26
-161
-69
53
-334
-27
-106
-40
262
157
135
135
97
186
23
25
-65
-92
479
-85
77
244
247
-39
-231
301
202
-314
-56
-82
194
46
9
0
-224
-146
-191
-219
270
153
127
-24
-12
-57
54
-96
-367
286
-33
-76
32
-103
-109
187
186
91
17
-70
-187
-40
-367
49
-11
-86
89
-88
-49
283
1
-24
-230
-105
216
-162
-47
94
-121
271
-248
93
-120
-34
-187
207
-17
-152
139
-232
-305
158
-282
28
28
94
126
-282
-83
139
-141
-40
196
-137
92
28
14
-40
-209
59
-76
-135
97
-335
282
261
-88
-44
183
311
-106
47
-55
-51
-122
28
99
226
-99
103
-135
-106
-209
-223
-195
328
-215
353
75
-71
305
-224
262
-171
-86
55
-242
301
129
473
-89
-173
-371
60
-51
409
56
-202
224
-7
-125
207
63
-34
-49
170
-224
111
-168
-204
157
-121
-285
-7
96
249
103
67
-37
14
159
-318
40
81
-10
-121
45
24
-161
-192
310
-115
-58
208
310
301
-8
181
42
-21
-150
432
-207
-146
179
-173
-106
29
77
-65
63
215
-189
-61
209
242
-168
195
100
162
-97
-162
70
-125
-110
-245
-216
56
34
245
114
-123
-90
-128
-82
3
-90
57
-87
-147
-20
-151
-53
-114
158
-261
155
-14
-76
72
-194
16
96
53
-85
112
-62
-151
42
236
40
37
-129
-46
-96
-163
243
401
47
-28
106
140
150
-93
72
55
42
60
106
21
147
-11
-59
175
218
44
326
272
-16
-134
33
51
-83
119
-232
-265
-229
-223
-119
-216
17
-104
278
158
-181
-80
-151
