28 82 361
0 7
0 13
0 25
0 26
1 3
1 6
1 13
1 21
2 1
2 3
2 17
2 22
3 4
4 7
4 8
4 11
4 13
4 17
5 14
6 6
6 9
6 27
7 12
8 0
8 8
8 22
9 16
10 23
11 4
11 10
11 11
11 15
12 3
12 5
12 17
12 23
13 24
13 26
14 13
14 16
15 20
15 27
16 7
16 24
16 26
17 0
17 7
17 10
17 11
17 16
18 5
18 21
19 3
19 4
19 13
19 19
19 23
20 8
20 22
20 27
21 1
21 18
21 20
21 22
22 9
22 16
22 20
23 3
23 20
24 0
24 8
24 20
24 22
24 23
26 4
26 12
26 14
26 19
26 20
26 27
27 11
27 23
17
31
44
65
79
49
19
78
20
1
36
4
75
77
67
38
39
27
70
61
55
6
11
66
26
15
71
63
69
8
45
62
3
35
9
72
18
2
52
41
58
81
42
40
74
46
5
21
56
0
34
80
29
51
16
54
28
13
59
43
64
14
57
32
24
73
53
37
48
12
7
60
47
22
25
33
30
76
23
10
68
50
462
19
-264
528
571
613
-483
-548
-10
-749
-257
-294
88
343
403
138
420
297
295
76
-223
190
68
164
-317
-43
-546
400
-278
323
-242
-438
141
94
-571
314
2
-242
-830
-157
63
713
-484
-426
125
-453
-18
-139
-85
-340
194
268
583
-493
-497
68
120
124
-295
254
71
94
-580
-493
29
500
-158
54
315
-137
132
-371
-390
46
514
54
-4
-785
202
-313
619
163
-466
30
662
-206
-179
370
-350
-352
-408
376
508
274
358
-69
-189
360
271
466
-137
134
-341
597
-461
-342
240
110
-161
-195
65
-483
88
498
-471
298
34
-55
-210
-478
82
559
-350
48
340
143
241
473
-72
-95
536
293
231
-444
483
126
-250
-91
117
-140
426
-672
-282
-108
-575
229
-107
330
194
240
8
-118
303
8
-283
65
-379
73
-138
-55
-56
-550
254
203
-253
-32
-431
-551
623
-500
623
-177
90
444
-176
-577
-45
44
-93
92
115
-224
95
-299
22
240
-186
-397
-263
627
-273
-220
239
107
-391
-385
241
106
97
842
367
-285
-343
-210
211
222
175
-343
-255
193
717
97
-49
-318
-4
-307
447
-476
-360
591
-47
28
286
493
-366
228
-107
101
-6
10
-174
-631
-166
-328
-107
-192
138
-752
748
348
189
792
-33
40
-117
-16
490
-7
-354
402
861
-6
-108
-27
-256
263
228
-165
-373
292
466
4
-326
474
689
-770
-25
-261
43
-73
-71
-13
227
310
139
9
618
-224
607
298
715
-637
466
-712
-45
1
-863
163
805
106
192
-151
-677
-13
254
94
67
-318
-225
-16
-530
239
165
-405
-475
64
81
455
-321
-21
58
184
-27
55
243
87
-205
-152
-41
419
262
-115
314
279
283
145
244
-146
-20
-652
-256
85
-232
-506
-49
151
181
-264
-122
459
10
192
-685
-73
-507
-611
-246
84
2
444
-494
-328
-901
559
-414
133
-80
-747
-273
-132
-634
-454
25
28
209
787
182
-339
-447
-136
791
-169
327
226
-284
-339
292
120
-346
19
-504
2
-477
-258
-25
456
310
-352
489
-529
205
281
592
-202
898
352
-439
124
204
260
214
-424
309
176
-386
-98
-221
228
-190
67
-83
-616
297
756
-48
-86
533
69
-108
162
240
155
-61
266
125
-89
-318
-336
-218
353
-250
-429
-97
207
-28
-158
387
221
352
-567
-327
-208
-471
-278
-94
795
-380
-360
-80
108
-218
-455
-445
-14
592
120
-393
-313
-715
-297
-601
226
-466
-81
309
446
-27
-133
228
-169
-237
247
-225
787
573
250
-800
200
555
421
-86
217
456
250
-195
-29
-500
-738
387
-254
-212
-627
-630
621
-11
405
92
193
9
-148
332
70
-688
1
175
-35
-68
-147
317
221
104
6
-522
112
-522
-473
-251
-263
278
1201
330
278
65
578
-102
-35
612
-103
-374
-337
-67
21
-157
194
1022
17
-236
-204
213
103
-136
-351
156
179
-74
550
75
-389
-300
-302
-54
217
-285
-303
134
301
-18
-369
-496
256
22
187
-37
122
668
125
50
-703
366
-379
684
128
-59
-638
317
393
172
-125
460
69
-535
533
-301
-157
-439
576
81
505
22
-456
296
247
-248
101
-141
259
-446
442
412
-260
-183
450
473
74
-702
299
-454
-291
537
384
680
-108
-196
-323
-17
481
-651
280
-263
65
4
102
415
-272
-325
-20
193
255
313
520
-46
-103
430
-252
-296
474
-81
340
138
376
-343
-374
-68
22
157
254
120
-104
-333
131
-410
-49
-161
-638
-574
-59
-308
236
254
-8
-208
-40
43
209
-573
127
494
88
100
-191
-241
807
-33
-259
97
-498
366
-150
161
207
-607
308
-275
237
105
295
275
141
481
108
42
131
-343
-64
866
-333
683
166
-640
128
-682
-389
-39
52
479
35
652
379
-220
-728
-4
-243
381
-102
186
250
482
212
989
434
337
-548
-193
-909
490
-192
-66
-43
-548
-68
276
420
599
-1
-164
-496
-276
-44
-692
54
594
-351
-88
-252
-299
-333
-358
-736
304
123
-190
108
-2
-116
77
144
475
-442
-264
-38
27
162
-349
510
302
449
-440
19
-7
-409
289
300
149
768
87
-312
-264
-86
-286
23
175
180
-394
143
94
-213
440
155
293
422
619
-29
-175
-26
-165
-981
186
-275
-37
373
-382
-16
339
-87
-490
129
-578
-200
-56
-151
-73
98
-107
-70
-384
63
166
36
491
-5
126
524
312
-431
-372
-90
431
-13
-631
299
199
539
293
-361
-61
245
81
197
511
33
82
90
112
219
124
316
-337
-73
-381
-159
178
-651
276
-79
815
26
-334
-587
-29
422
-101
298
243
225
-378
-532
450
-26
141
298
449
98
-440
-181
-165
-202
-215
714
724
-153
67
-131
258
961
-152
-443
18
-338
341
-60
139
11
-640
46
811
-391
207
597
-107
-253
154
528
-244
379
-703
-289
-204
-518
-646
-63
-180
42
-439
-100
241
-451
-560
-491
-1018
385
115
-481
113
-8
521
197
-313
166
584
4
39
-421
246
599
-109
378
-72
0
449
-33
77
-513
250
32
-16
358
-150
464
-306
99
354
-96
-85
349
507
-275
147
-187
-378
690
303
-432
-6
-140
-205
-440
-468
68
-22
-223
4
147
417
523
423
45
73
-263
235
-124
-394
165
162
353
499
390
-48
470
-433
-750
274
-1031
-1
142
-218
-295
91
-375
4
-365
211
-101
496
188
-270
-21
254
-598
95
176
-666
294
-3
258
-39
158
-19
-271
539
914
142
649
170
-51
-196
-130
-134
5
-9
-756
-373
-81
29
401
-446
-105
213
-295
187
-426
6
-79
-313
-480
-770
875
151
-492
-185
59
-429
-450
319
9
-519
240
232
-434
-454
63
-185
-116
-502
490
-331
269
477
46
240
-164
-315
-514
-412
470
86
-399
-449
-72
-701
-339
162
326
5
-32
11
-209
149
-185
-487
-356
-389
306
363
-374
321
-85
-204
-419
41
-140
-539
215
-339
-76
858
-307
621
-50
-243
772
18
-351
291
-542
165
-880
24
-169
-530
-365
711
-251
342
180
649
-541
166
195
133
426
690
-218
422
307
-37
556
-152
726
344
85
-186
-144
58
53
25
-148
165
-516
-187
-401
-81
-135
44
-1020
340
-365
144
409
-20
-617
-337
-664
-181
88
-86
-14
-43
-163
75
451
0
-283
-536
626
187
-524
365
-12
508
-800
-40
41
-142
95
-195
105
-778
-70
-623
228
-721
74
-87
-465
-459
129
250
591
95
328
-229
614
-275
-403
-336
411
-92
444
389
43
138
-252
-179
-236
121
87
418
-31
878
274
66
-445
-33
272
194
226
223
133
4
-130
220
-33
-517
-346
-152
-344
80
291
20
-572
-370
440
-468
255
449
84
581
248
157
412
-231
214
-196
-202
322
50
373
-725
-26
-571
-19
-129
501
289
-260
251
-73
5
-172
-120
-372
68
-492
120
125
-273
441
371
381
-529
87
-356
722
714
530
106
-27
-761
-225
-200
-152
197
-110
672
222
457
245
-295
-62
-332
-79
443
-204
58
210
410
375
206
330
672
179
-138
295
-141
4
-59
-219
-135
-401
414
38
123
190
140
-435
36
-408
-142
-620
-245
-115
-218
18
-399
-286
-28
87
-132
262
-129
136
232
22
-268
186
-65
432
-152
540
102
-276
280
526
601
-189
-304
-306
509
160
-27
158
-647
-16
13
387
569
182
477
439
-207
92
-833
128
282
219
-439
98
579
-37
-275
-487
-312
-549
214
98
-187
217
-263
-317
199
-328
67
205
270
-414
-76
-5
-172
-157
-354
-88
-122
-229
-397
724
-141
-22
-313
-179
-279
-185
-194
322
-277
-92
-489
373
-229
251
596
-675
667
-107
177
59
244
-127
314
-106
371
743
-77
84
-318
-663
-316
185
180
367
-340
80
-187
666
308
-146
-454
385
-330
-111
-361
242
18
158
-385
500
-682
137
163
-396
223
495
14
143
491
4
501
-169
106
111
80
-146
-361
-1063
-400
46
-285
-20
236
124
73
285
331
-112
851
530
183
-306
-362
-298
-156
838
187
-536
-162
329
95
356
746
320
-337
-223
-829
405
-96
-131
298
9
537
1
-193
506
-97
-478
-67
312
-56
-339
-122
-301
-170
-307
-24
225
-501
-77
-96
160
47
-353
-357
438
-305
-64
420
427
127
289
460
-531
-501
-424
-5
-82
214
129
-236
42
-544
411
747
439
-146
274
-59
300
-95
304
-331
-302
-128
-123
-589
-477
-523
-172
332
597
152
320
348
379
-217
-385
-462
-504
261
27
39
131
-477
103
82
968
183
466
-24
28
-246
-566
-359
37
-669
373
-206
628
-116
420
-289
-147
-44
76
-102
572
-360
81
94
103
295
-190
341
-456
247
-348
214
18
483
373
-269
-73
-559
2
-236
38
-37
-405
-67
-176
209
130
398
616
90
429
212
751
-142
177
175
-212
278
670
186
-256
359
228
118
225
218
-137
-259
492
166
-69
-526
17
180
-329
-24
675
-30
-852
-206
-521
-64
25
-649
-263
-151
-203
266
-448
509
682
114
67
417
32
93
-219
-401
-194
-239
-339
-365
-23
97
4
251
309
96
-395
-396
141
-211
116
-95
-618
537
-550
-423
-529
-306
121
-459
778
-17
251
110
812
445
133
-202
-543
449
-260
-530
-256
-389
325
-452
42
40
152
-763
-232
187
-10
-13
28
-109
-601
-247
275
-75
-833
-536
610
273
13
84
49
30
-408
445
240
174
259
308
-69
-128
206
-406
76
-290
-230
98
152
60
-243
-333
-43
-964
-16
112
-315
140
-212
498
-806
310
650
-455
299
-493
-613
-442
2
307
-98
351
-313
368
-94
-206
69
-167
34
-264
-225
58
-751
112
647
767
-489
541
-727
526
68
-37
104
-413
-233
-388
180
-28
205
-367
-38
256
-215
-25
-492
-312
200
293
-554
-66
25
-175
-95
-137
-406
-176
-113
331
-277
-289
-120
-313
274
-486
3
368
190
-133
430
-125
170
-299
-376
555
-109
-75
263
-440
-348
-481
9
-195
220
-152
-333
472
256
-66
139
0
704
-533
609
486
-519
-38
72
339
-8
283
-163
674
-251
-35
408
162
1212
-273
-104
-211
-307
44
-105
55
-321
-74
-206
287
96
291
75
-365
2
-421
420
489
275
515
28
230
390
-459
291
231
170
-147
242
252
169
-580
31
-542
457
-377
539
369
-684
268
597
-39
-128
45
-309
335
91
77
-78
11
106
-63
653
-288
72
431
324
73
-54
707
-118
270
-15
-456
-207
-123
234
235
-456
720
-442
66
514
-915
-496
-35
450
-346
165
98
-224
172
-84
161
-6
173
178
660
245
195
521
25
-304
512
-490
382
307
91
-337
664
-121
58
118
333
-129
-3
-473
88
603
-64
-529
8
181
105
-25
70
-272
-695
59
514
-332
-507
-310
-30
-426
29
-208
-619
174
-319
-84
-274
-208
162
851
30
-488
-301
-224
403
5
131
-127
213
491
-479
241
111
292
-379
514
103
60
349
-295
180
-64
-7
-127
-58
-33
435
224
-316
-43
-105
310
-387
-815
-605
-581
-62
612
-186
-11
-139
-597
-432
-223
24
-560
-230
481
364
-256
173
304
-256
325
-246
-53
-109
150
-173
396
251
-21
221
-66
96
-21
-146
198
-70
-481
-123
409
-29
-231
232
318
13
-285
285
195
-104
332
626
298
-98
178
-313
57
-467
-557
-22
-503
-548
256
34
932
-431
-16
-269
233
-118
-8
548
-423
-609
687
430
851
-211
967
-274
-479
-283
277
-50
-25
-117
-413
-302
244
318
-415
53
482
-172
241
576
39
355
120
-284
160
40
-158
355
337
155
128
374
17
-53
-372
231
509
108
-134
-131
556
73
255
651
193
324
95
24
-192
461
523
-175
494
-108
-226
-242
-273
311
305
142
287
-533
-262
367
146
354
120
55
84
-254
-612
79
-450
592
358
-15
650
-144
197
58
-303
-755
155
-6
76
-550
277
-159
-28
-467
12
-410
220
590
-508
286
272
842
648
104
537
410
-92
-309
761
199
-617
419
-378
138
-2
-47
-335
-737
-10
-439
-123
-495
761
19
-155
761
-188
-583
-330
105
-79
-40
-135
-826
144
426
327
84
-578
-533
61
-264
-12
53
313
192
676
201
280
-62
-208
-131
181
358
418
379
-45
-14
253
192
-119
-223
-6
-369
-613
-271
-484
-594
-493
-746
-66
449
630
-111
284
461
-149
222
34
181
251
-248
-72
-853
-16
246
245
312
-5
105
-13
-818
183
-97
169
-740
-30
-122
154
91
674
312
101
97
125
-6
319
-362
-138
-95
-803
-201
-717
122
355
290
10
-8
-681
104
291
-575
667
223
422
-119
137
190
-2
-5
767
-424
168
117
-236
295
-960
19
318
-29
321
-72
315
-76
44
400
-671
-383
-64
-301
452
269
-241
-398
-217
-479
116
120
-451
-387
-782
374
-159
-756
166
602
142
34
-56
-376
191
311
-84
-155
-467
32
-467
-97
-546
332
356
-84
567
-997
-104
255
369
101
56
541
-346
-88
268
112
-80
-230
-318
684
84
-396
24
-119
595
-149
-31
190
312
559
-184
370
348
171
127
-14
-546
-106
-36
373
-342
-13
-185
-49
-843
16
190
-423
-446
159
150
343
-21
26
256
41
-697
318
-612
-153
241
120
-154
624
133
-416
-282
-212
222
2
-55
121
263
28
-1
432
-199
-218
71
-238
-68
-750
-747
340
-70
-60
412
312
212
-76
84
524
-25
-77
-19
33
341
13
-304
-26
130
-220
-534
30
16
242
421
357
78
-50
291
-94
-576
474
117
-70
290
343
709
-324
219
-308
68
249
338
-50
46
-132
-168
-354
118
177
170
436
190
17
223
250
230
75
580
268
-41
380
-19
-701
141
-342
-3
-89
103
-170
120
-310
152
-522
-256
132
-231
207
170
-122
-377
-368
76
-431
230
715
-1263
31
-34
191
-30
76
69
7
-63
886
-603
-150
-78
-754
-306
-96
370
-315
384
53
-88
-340
586
665
248
134
448
-31
105
-191
-215
254
-348
-154
259
-776
43
185
-273
34
-210
135
42
77
407
-81
-399
230
338
189
163
283
266
509
85
-12
-1
-434
-151
130
8
235
540
-110
122
-8
-1003
350
-497
-348
118
-374
-332
-271
-300
-357
-60
455
604
136
785
-467
-304
103
6
-144
-116
5
48
-107
183
-130
708
608
205
411
-276
661
397
26
315
215
-350
-804
-597
188
-432
-201
-640
102
661
-484
-181
-420
-173
-210
396
456
215
-117
-694
-128
-289
112
60
377
-250
298
-584
27
148
318
274
-608
-76
-130
273
344
270
-592
-665
-119
36
-250
-189
157
133
-164
124
-480
-46
-294
-635
473
-658
9
809
-123
983
580
482
-525
166
-124
-47
474
2
93
-65
-421
569
-47
-685
-341
457
133
-242
-56
-322
-416
-280
314
487
210
230
-364
270
245
-390
-429
-276
31
-550
-624
23
88
-264
-128
112
538
-18
-365
-346
-821
-230
-307
484
229
635
200
-344
193
344
268
-223
-378
-200
-81
-165
319
1
-157
-175
-581
-621
537
-54
-423
-81
57
318
-276
148
454
-34
353
216
-68
-255
-90
984
-174
87
255
196
-64
-396
-19
74
-615
82
114
202
-67
-287
-349
-339
329
-123
-243
-509
-874
-52
-37
-119
256
-229
-233
274
-151
-110
329
627
432
1
628
-630
-24
-247
-23
242
338
-243
-267
-555
-274
30
733
-333
-143
-269
248
-173
-658
-508
325
-609
-155
213
23
-62
28
238
-216
-447
-50
294
387
41
-518
-220
-293
46
-457
390
178
-188
-22
-85
-65
309
282
223
538
175
-394
-133
334
893
227
146
955
-79
-13
233
-428
-259
144
-201
-32
148
487
28
-74
-420
86
-56
-215
154
-282
-96
-191
-400
410
38
6
-536
83
-300
40
314
-131
-607
227
386
-76
-636
-14
-66
378
888
864
-514
-201
-680
759
-664
-11
-407
166
-76
154
334
-42
102
203
140
482
17
-219
184
131
69
821
-51
-634
491
241
-310
208
287
435
-349
-178
338
257
-167
-372
-132
277
-604
-903
-372
-414
175
23
177
-183
-181
751
-145
-220
296
438
760
198
-110
-20
101
-198
-490
537
-90
-70
-31
499
-330
425
244
376
-36
258
-130
-30
50
772
93
181
-24
567
-365
-150
139
-10
-15
528
277
-337
112
138
-185
446
878
114
-221
-727
-220
-526
-358
591
369
-33
507
142
394
-314
-710
120
-289
638
-148
-142
-64
-103
-78
793
-454
-153
-458
-9
271
-79
-220
640
212
-291
-90
171
317
90
-67
250
-699
-433
120
-394
-330
-503
172
611
114
-323
-500
282
278
-435
-222
-469
-277
284
509
176
74
252
91
-715
-572
-347
-594
-254
-80
-963
-2
36
32
-102
-28
-590
121
-321
34
-377
346
364
257
358
517
32
-747
-296
263
-643
-186
153
-165
440
-2
-297
-242
108
221
-262
206
-70
-502
-335
182
382
220
388
-840
-422
250
-418
-158
-504
-85
662
-478
118
-185
221
729
-175
331
-16
-151
164
-92
149
-172
98
-268
-668
172
602
183
19
-249
314
-29
49
-461
50
-297
173
-448
-82
79
-429
-78
-200
361
-581
284
-518
56
-419
-288
-169
-145
-352
-268
-819
805
361
-257
-94
-685
-473
381
25
107
-268
-282
146
476
-49
-97
118
164
216
-364
-125
-454
132
-26
189
-799
-282
-584
-29
-178
-388
-361
-39
113
-195
224
47
479
42
356
-938
-798
-121
-378
218
-387
-348
110
-265
-80
273
-106
451
373
-240
-68
152
534
-84
-434
-113
507
-570
206
459
866
552
398
428
50
120
-116
-279
41
-23
237
229
131
-495
288
210
-417
-258
-143
-527
170
-602
642
176
344
372
-70
-420
-56
251
-5
22
393
523
364
-164
475
149
198
-3
291
79
164
575
-186
-523
17
54
-340
-692
1
-495
-149
-259
482
-130
118
296
-260
499
523
-15
232
513
172
-204
83
-361
-36
400
-82
-467
-479
-135
546
-123
363
-325
986
80
-15
120
-26
-565
654
207
787
349
48
597
-50
-535
-379
-132
275
-65
283
105
2
-133
292
438
-55
239
-226
-279
-230
425
-134
393
-140
663
51
480
244
-144
-515
585
-222
548
-213
-553
105
360
766
-41
-87
-516
120
147
79
-97
257
-35
-4
775
398
495
-37
-600
268
239
80
-418
275
220
-188
334
490
535
-22
510
3
-288
779
-142
-219
0
113
44
-602
-317
183
-173
167
780
56
-41
225
-237
162
-548
524
-208
-307
-149
403
75
33
-288
-373
-114
-380
322
-209
-384
-534
-280
-173
389
-301
-64
71
-180
-263
361
81
202
564
-120
132
99
65
-234
405
355
-229
501
13
211
213
-379
737
149
119
-648
723
322
102
269
-65
-512
-145
91
-454
1128
-27
-249
-815
-56
-157
-153
-164
1103
-597
597
264
491
-201
33
-533
70
-395
710
110
585
-270
195
141
-299
-156
15
-43
356
826
-95
-428
-382
-440
-221
206
-294
618
406
-555
184
-245
413
-37
-2
691
247
587
47
102
-60
89
736
-23
-446
469
97
-321
-434
-286
-495
-232
481
377
362
877
226
-415
10
212
397
-232
-40
464
182
-630
440
-123
-354
55
133
-440
13
298
-17
-311
175
-371
-88
19
-80
-453
-470
-382
-499
-792
-404
-6
519
-113
-242
32
-444
188
109
-626
-537
71
-769
43
-117
-487
223
-530
-309
293
-462
-16
77
138
-159
-278
78
67
810
230
258
378
538
-96
599
-567
-252
49
81
373
-281
-767
-213
423
222
451
345
174
127
19
-864
-268
-414
466
646
-209
-153
-314
-88
-46
-508
-327
464
158
289
-505
-205
-127
-648
-521
324
-220
289
18
-89
-65
-654
470
649
-102
78
-34
-156
-55
-41
-205
397
129
-276
138
-51
-160
-787
-197
-86
-36
319
-113
615
-86
367
97
175
104
-203
56
-224
105
347
-416
1305
326
-210
224
510
353
-364
-263
70
90
165
-421
65
294
365
367
410
-444
-231
406
-217
-93
14
313
-375
390
89
-71
402
-377
-123
46
644
329
-476
-137
-772
-262
77
48
376
-135
283
-126
206
-650
-491
-184
624
-187
162
-622
311
189
-19
-20
235
-80
96
-36
-75
-793
108
298
-208
93
138
-98
226
62
-54
204
-602
208
269
500
711
131
595
-76
-515
411
-50
-113
-198
366
556
-130
103
60
17
111
164
574
84
82
128
260
-525
64
-547
327
577
-506
201
515
131
327
174
689
-545
145
-973
625
10
-1
-288
-268
79
139
438
348
-636
-453
110
-233
-310
54
719
7
403
13
384
-240
200
-294
-50
-368
-426
477
82
-184
-241
-266
194
-326
200
-257
-8
329
692
128
-43
-532
333
622
160
-39
-474
-811
-833
-420
-29
794
642
-21
-253
62
109
495
619
11
-474
-210
343
-356
-298
269
372
124
-275
78
226
-479
-203
-698
-246
-167
-318
446
178
-644
192
65
-925
208
-216
246
656
206
155
-537
-149
-316
121
-201
-160
-374
-120
-208
-882
184
94
333
-276
235
-342
-594
535
-148
-459
-213
-462
257
-520
80
130
-55
-197
796
157
-72
-155
-81
-14
-431
194
229
-122
477
-95
-20
-865
-271
-140
39
659
-151
-293
297
364
75
118
-102
293
41
460
-383
-631
234
264
-336
46
-521
-338
742
-155
16
-130
421
847
-11
147
715
385
15
-443
-326
48
-78
151
-115
174
-8
-446
-275
200
-725
548
-640
-581
33
-157
-111
-259
-131
5
-773
-98
698
347
-547
27
-246
-79
-646
113
189
17
-162
103
-55
567
272
315
32
-718
-346
-756
-371
339
30
178
213
-93
238
165
330
-48
-59
488
67
-335
-555
-414
-195
695
354
-614
446
-970
-490
-234
193
158
600
79
510
-142
79
-356
-486
589
-116
-111
-324
-73
84
426
110
-154
-593
-253
227
562
-356
410
-487
367
-77
199
-93
-309
507
-221
323
7
-70
-11
401
-197
-71
20
513
-207
-57
361
-431
248
-273
-343
150
-543
101
94
-611
105
174
-20
332
402
-34
348
101
-137
304
590
151
-369
-373
294
64
-431
115
-509
-540
-287
320
-231
955
188
469
-101
-412
-87
-129
-499
-234
-53
-400
56
-219
-347
-87
-184
-294
284
228
297
-74
117
206
-130
368
676
-57
-521
139
-313
236
-429
-29
149
228
-145
526
-80
-45
-1510
-256
87
-384
-147
208
184
718
-405
47
-206
-143
571
-329
256
-281
211
-668
-745
-148
-15
-175
-496
-193
19
957
-225
215
-557
932
-331
-257
21
-419
-448
-146
-426
63
727
751
30
-165
197
-739
206
-55
207
-281
535
-18
-85
-394
-249
-163
-6
415
-50
-1
-30
119
194
191
-110
-100
207
-181
10
-109
411
168
-193
-664
535
-124
13
437
-7
-131
-285
-148
-225
265
221
40
-119
-274
274
112
-150
134
169
-302
-415
277
108
209
44
733
-432
496
497
-523
-74
-345
-491
-532
71
290
381
-172
-93
153
-137
206
364
225
287
342
-42
-647
108
-185
324
-246
-60
-457
-438
-169
476
-321
-75
530
-194
443
276
40
-108
372
-243
-210
991
14
121
-325
322
499
-168
63
356
-38
182
222
-13
-304
394
202
-308
-179
-414
150
275
52
-275
-175
558
-798
7
664
-427
-58
-201
-20
-261
266
430
350
130
30
-21
-514
-770
-159
-458
191
859
-21
-522
745
-332
456
-135
462
-291
36
755
1055
-552
-71
-595
368
108
-232
11
88
-177
358
134
18
-547
290
-177
-475
235
-56
-59
219
-256
55
-378
-168
-349
401
926
-525
-12
16
95
216
244
196
-86
62
-656
-386
385
-24
119
56
586
319
534
243
191
15
303
518
181
352
426
159
523
-103
168
46
-166
-108
206
-717
170
154
537
-400
-52
-53
508
121
-290
490
409
67
393
-441
-521
111
-151
-251
-667
-18
508
157
-323
-335
547
-240
-357
-1004
-419
201
435
-111
141
784
380
-38
-300
723
-330
189
-162
18
-364
-155
-3
-229
349
-23
-202
-358
213
223
95
-34
714
586
-658
468
402
-200
47
159
-329
437
228
-73
-462
-634
207
-866
-377
-118
-349
241
-643
-702
103
308
44
181
88
214
244
375
423
227
-474
23
556
209
42
-485
-487
254
-285
350
466
-77
94
-120
256
479
474
120
-464
-44
-399
-600
-297
-319
57
-81
-931
457
314
-246
-327
161
-334
-70
-183
-947
34
397
-360
-362
22
-141
516
56
237
101
810
456
1097
-401
-371
-334
-528
-155
-76
-107
-222
-403
150
242
393
-467
700
50
-253
-698
93
603
300
-18
337
300
74
-26
-215
-74
240
-299
564
53
404
141
288
100
103
-527
186
90
-46
155
-226
124
-388
317
-53
821
-569
-339
34
252
-404
310
-469
-20
237
-482
469
41
30
106
315
-115
-420
267
-63
-297
-293
162
189
468
-38
-510
-520
389
140
201
74
-28
51
394
539
4
556
-179
-168
141
375
-819
180
-86
-196
61
-273
390
121
57
37
-398
-1
-42
-349
-156
-16
251
-815
498
123
77
-408
366
130
494
-404
90
462
-588
-517
192
-511
-365
510
584
-173
624
-598
279
-19
-627
-214
507
-376
-721
-2
-265
-432
-87
-691
-514
372
-159
188
495
-121
-1103
-9
527
269
207
-448
438
-613
-210
-40
-350
-268
-222
-503
-290
-63
308
561
114
384
-577
-313
-150
282
-35
283
-600
45
-295
-44
201
311
90
391
518
178
305
-191
219
-415
120
-319
-314
469
-790
-124
167
416
-292
-381
-83
58
304
82
38
-368
-570
149
108
355
207
421
100
16
431
521
-83
-53
327
-343
-521
494
655
301
71
182
773
273
-846
584
-41
-40
-56
75
-304
233
92
-321
-350
-576
-410
119
405
-56
8
52
-105
-794
319
-162
-148
81
326
546
-70
345
-422
210
340
46
436
40
232
-437
-441
99
-74
-383
291
183
110
132
-579
-69
150
-389
269
27
375
-186
-482
198
-353
33
434
-108
312
-442
216
588
-23
23
598
-615
641
158
92
-205
496
224
229
-139
-12
458
-543
-230
-265
-457
241
-300
-262
-575
87
-19
-207
73
-100
-301
227
-766
17
-352
-162
-463
-32
363
527
-229
-107
-239
490
-360
1019
506
-657
-126
323
263
209
272
-213
115
-572
-15
239
71
102
-447
-684
243
160
-394
-436
-24
-105
-151
214
315
218
-453
-504
-10
72
231
-93
-119
-113
-518
-833
-609
-144
-228
793
-391
-94
75
291
327
397
199
496
283
-134
370
923
-598
127
-27
-157
-252
-316
-495
18
-423
1001
-489
466
771
-192
1025
-70
313
603
230
184
211
-611
115
-235
168
-393
-552
-138
115
82
-353
340
48
119
1
442
209
362
231
-212
-215
-465
-17
-215
152
380
139
-75
-526
35
186
-467
-390
-319
-105
-56
-357
721
687
487
22
-318
-281
-9
-230
-373
586
-112
331
33
60
406
-87
-508
236
132
281
-232
422
-293
63
81
89
-304
-91
-284
-608
-91
77
42
230
-471
222
-57
55
806
136
-454
370
142
-453
234
-164
-109
-49
344
-100
-348
-236
-39
261
354
450
176
-506
-478
107
76
433
276
-389
-369
545
-602
237
322
-289
35
87
79
-248
161
107
-754
74
508
-426
-283
-291
-295
423
-17
105
394
-236
752
-736
-544
-117
-289
-307
91
194
68
-180
505
-248
-341
90
-183
-475
-452
63
-119
-129
-511
-38
-644
435
441
94
68
75
242
-218
-125
674
25
-33
-506
-249
-314
-40
-216
-170
-160
-91
-79
-293
1207
-262
176
261
524
-220
-172
-910
-11
520
871
201
59
-132
251
278
-37
57
-246
-597
386
-327
706
-308
295
262
-246
384
-15
-344
-109
-470
-235
199
578
129
-197
-188
-351
391
78
371
157
-499
395
-323
248
-251
-72
264
523
-257
431
95
235
-461
-202
314
355
106
451
-244
-239
202
-45
253
-273
-75
-78
-568
105
-321
-102
357
-222
347
-352
-363
-185
213
79
-486
-572
-565
-49
-36
-103
-1
-256
-257
54
-98
29
-155
522
-116
394
-554
-378
-83
274
-65
288
413
-334
-579
-160
150
-907
20
556
-48
14
220
142
119
-58
328
-113
-413
530
-554
206
-85
-161
164
118
146
-256
98
-227
125
-65
23
714
594
-228
-731
327
51
-104
-390
-138
-102
-524
369
264
134
-578
-350
-191
146
587
-115
362
-506
-541
-156
-374
157
-381
-573
-356
-139
430
-178
-582
-926
-253
-224
126
-172
-157
-286
215
-103
396
-18
-255
-301
272
461
480
-333
-287
-236
375
304
275
-920
-359
176
35
146
490
693
174
-58
426
-366
-307
30
-156
-66
-425
-383
-255
473
349
24
-270
-134
99
491
-235
-99
-330
-18
-243
-192
111
605
-249
-393
335
-202
-29
-53
4
-19
-293
-35
445
133
226
127
11
469
264
-185
-984
160
-104
-331
106
-153
97
234
647
309
-179
614
-346
106
303
-241
306
-94
-253
593
-543
292
84
213
347
302
-200
-178
-425
378
331
179
58
30
-5
13
28
111
633
316
-992
425
-733
274
224
-435
-195
276
553
182
-607
668
641
130
412
-369
21
-247
79
198
-380
262
-44
-87
-303
-604
-317
-401
623
357
243
-109
-93
469
-176
587
24
518
-348
-434
-173
56
-45
-494
-186
59
123
-39
-47
19
347
-329
367
-65
477
18
-656
204
804
285
-306
-381
330
-57
-610
-371
-118
18
-157
242
-579
-819
220
250
-35
389
-261
339
-123
469
-791
-648
43
22
-101
265
97
-236
232
-136
-803
-556
-527
-6
-17
226
67
-31
204
719
-205
463
-203
-165
-315
288
517
-11
-6
39
-295
266
-692
-85
188
-340
581
141
-51
207
569
-194
-1
-1
118
-533
-394
289
98
739
-88
400
-121
336
-30
-423
-568
376
234
-471
-633
-582
415
-199
-278
10
-261
-79
-580
153
150
-353
-300
11
-278
318
386
-458
-237
287
551
-282
-69
-338
160
-524
130
-457
-336
74
-491
401
598
83
34
-366
-25
-282
-513
35
-56
-206
-825
37
351
266
-11
108
375
-2
-405
-530
-369
88
-198
208
496
31
-210
-479
387
498
-203
-146
443
472
-162
-10
473
-281
-505
43
-458
-200
-365
672
576
-765
185
-387
209
-440
-305
-603
519
146
560
407
14
-38
129
-8
363
912
-149
63
-197
-153
-459
-733
213
-594
-415
214
5
-425
-6
-362
-20
-450
-41
140
-322
310
-320
265
-416
521
503
86
-73
-98
-391
182
-93
-109
-234
217
160
-395
19
-18
-483
326
-711
-253
-54
-233
143
-8
-152
-241
113
380
283
-156
-137
23
146
-322
3
714
698
-361
546
377
167
996
293
47
-853
-419
242
10
537
-274
-235
-890
-231
-133
-116
209
275
18
-409
-202
120
545
627
87
214
652
-604
-389
-349
-454
68
-53
-733
582
-163
-126
577
530
-476
750
88
-260
202
-94
-33
-35
-366
-226
-366
358
32
291
-750
-15
-553
-24
372
-935
-421
86
489
514
-523
-285
445
846
-721
-161
117
381
562
16
114
408
348
-392
22
595
498
702
15
123
768
51
-219
-195
469
-98
6
322
472
-290
363
273
131
-823
-156
438
-150
-243
-467
-433
391
-643
170
-355
-664
-256
530
-162
-760
901
293
308
721
41
78
-14
-510
-550
143
-178
276
471
-525
164
40
159
497
-970
-442
95
-752
-976
-255
-84
-164
12
791
-204
76
634
-307
84
-137
-128
-123
356
421
602
585
98
-163
-31
2
-332
-478
-110
-252
501
314
-27
-549
220
-33
1037
556
-221
69
125
-499
-355
97
61
69
-148
371
-96
-127
339
32
-428
327
-302
790
-171
-258
587
294
-593
271
281
238
206
-193
-301
-247
-372
-160
-242
531
233
281
-69
1105
-326
-488
-802
-232
344
-225
-385
-421
-435
324
11
-516
147
56
-300
-58
-146
215
210
-177
478
303
152
275
231
126
370
-148
-533
-212
-93
-165
543
-41
-117
-42
-602
414
-437
-57
-157
-203
663
-398
108
1067
710
432
199
-523
244
-101
-586
-75
-696
328
-384
364
548
-655
325
-7
481
251
-203
-375
-169
84
306
-218
-6
-163
483
-303
-466
84
-297
21
-77
-124
-358
300
-105
-99
-144
486
451
-247
84
-188
78
-482
694
602
-609
-13
623
129
-147
312
154
-235
513
-44
-117
-474
254
606
-464
-33
-478
-567
526
74
-302
8
76
-151
-87
-245
-491
-423
65
986
-87
167
443
-135
-71
94
-451
-348
398
-134
-53
308
-458
-449
-485
-532
-119
196
175
-275
108
-339
434
-103
-338
236
-253
123
-314
-65
418
198
-228
-683
221
65
118
-329
-9
91
64
-211
8
820
-455
-155
-438
-823
324
-664
440
561
-321
-234
328
-250
-277
-82
-392
280
3
680
560
-157
-313
-30
5
298
242
26
257
-319
-588
45
-56
-260
-166
-475
-224
-310
856
146
655
-5
-322
170
-280
72
508
333
231
133
-437
-47
272
-288
-40
-680
-149
-379
90
84
-66
-33
478
-167
0
-139
-317
502
-837
399
18
-97
-97
378
-335
-382
54
282
373
-871
-514
-93
-244
71
67
244
23
120
99
153
-246
-622
71
788
295
213
-469
329
157
-95
94
144
-551
-267
396
280
-362
-213
139
-345
355
199
849
-58
167
-105
-287
-108
139
-5
68
-603
54
-531
350
-818
100
261
266
324
108
-110
-473
224
10
-671
-251
114
-135
365
130
-211
-159
508
378
-61
-132
-158
523
-505
132
-257
-313
-409
242
114
70
633
-120
-420
-233
-445
1131
324
355
316
31
278
578
-697
394
-438
118
387
-412
407
514
232
-265
-474
151
-505
107
-122
357
-308
-4
-314
-425
-147
739
53
349
-791
668
-212
-50
96
-355
390
162
-235
-8
63
507
-340
-202
398
-40
-644
326
-211
-30
-387
-56
138
102
-121
425
-455
305
-42
400
346
-469
384
-279
-57
432
38
66
-410
297
667
126
-161
-162
-401
568
-316
-211
59
-161
-436
-714
-8
287
-290
-386
320
-123
-13
311
-226
342
-18
276
35
-245
-306
451
-177
-590
-64
292
-319
901
-104
89
-248
-846
-506
397
33
-817
760
105
-41
547
194
223
179
-538
-109
278
-131
5
-104
184
7
191
8
-135
278
-159
-919
-35
-403
-599
330
267
70
-404
-346
-213
-99
468
177
-176
390
256
-1541
341
168
156
-799
472
114
252
-566
118
689
38
-4
14
363
37
100
440
426
304
375
-106
524
48
-259
-383
520
118
553
97
210
461
0
589
295
-399
-70
67
-525
-294
332
101
19
-117
-758
-223
881
122
29
-311
270
223
-218
201
811
536
133
310
137
-364
508
148
85
321
-127
-644
60
-125
67
-428
193
-598
-23
197
188
-54
-133
15
173
518
277
-242
199
-85
-333
-142
55
-591
-392
-512
16
-401
-464
-250
71
-451
-484
132
-562
-88
430
-88
254
-63
-424
-278
206
-477
-484
164
-252
145
-208
-141
-122
-791
610
300
852
516
185
-47
29
374
-355
68
591
242
267
513
-170
398
-32
-5
-170
639
108
435
650
-264
40
470
-804
11
75
-362
6
713
-19
-422
338
-663
-216
-257
392
-730
-152
339
-334
-34
19
282
-224
628
-505
-43
-101
-413
-5
5
295
429
-620
-6
-262
743
21
202
140
-27
-236
282
256
472
198
-173
243
25
-55
86
-27
-666
146
46
-297
-403
-117
-168
-36
381
-393
-484
134
389
-67
219
-82
-74
-290
200
-61
313
68
-409
1022
262
341
-557
363
-183
107
13
272
-715
-50
-106
21
147
-104
-620
141
21
-678
554
-182
36
-265
496
53
132
303
-346
377
27
-198
-205
-666
302
-134
-376
-152
-415
-82
295
31
276
-6
510
319
780
-223
-439
-25
753
-195
-474
80
248
281
-209
138
-207
51
366
-546
487
-366
-139
-120
302
290
-221
59
-56
355
126
146
386
-75
93
521
-184
-250
-311
468
-145
273
-362
-278
-142
-303
-19
422
449
-55
-77
-120
-166
-422
424
-162
-115
-331
-30
-335
-212
-131
-240
-316
-210
-72
157
331
290
56
-591
-112
32
192
-338
-378
360
-162
-457
400
565
-765
82
469
343
475
537
-151
54
-609
-194
271
-318
571
37
-129
57
344
71
-207
136
260
-383
-634
-629
51
688
493
136
723
119
60
32
-501
-224
-120
-151
8
391
478
-104
-569
424
322
-391
263
79
298
-644
-26
135
-93
-15
152
957
-9
95
4
-59
107
-28
-20
175
237
293
597
-170
206
151
540
-28
579
862
386
-787
27
134
-117
-76
51
-148
577
-129
1045
-385
286
-557
-426
-55
-12
155
-77
-386
6
-257
-241
-441
323
-238
71
614
-87
519
322
-46
-79
-136
66
607
432
334
-479
-66
156
75
-653
-216
-108
-110
-450
109
222
-51
-335
199
-135
209
-124
881
-562
28
505
621
335
-225
523
1015
-146
-663
-138
-257
-419
-231
-14
5
-205
11
-36
-588
-302
-549
132
-326
-104
-650
287
-284
-78
138
619
-168
163
-117
160
-684
19
19
116
55
-210
-243
-118
146
-282
20
-718
204
-281
-182
481
-149
-287
136
-418
31
45
-246
-11
47
-207
-465
131
-243
-461
20
264
18
-411
-353
-121
-641
-326
-89
-631
54
-183
-54
69
-214
-100
-539
165
306
-454
-244
-113
-362
-263
194
-255
621
648
96
326
-70
-85
507
-106
-316
-439
238
313
-231
357
-106
282
409
-495
-157
-178
338
-722
642
-470
-648
-731
-359
-627
-248
-3
263
-334
345
334
439
346
-404
181
20
393
103
383
-383
-318
-521
659
-307
247
-142
-526
-684
5
213
-163
-94
72
-548
-281
-480
-43
-577
-1184
431
63
579
-655
90
136
-475
-214
287
-102
373
215
-389
-326
-46
-279
-336
160
-143
66
620
-562
129
146
158
217
449
-594
-490
178
34
-315
181
1
-420
-308
238
263
368
83
613
-424
26
555
151
-287
-250
254
-91
642
210
-525
274
120
206
-177
-371
28
738
-442
-704
135
638
-460
-714
-65
-185
337
46
5
-256
-67
454
-593
-37
158
287
-129
78
89
148
148
477
-240
61
74
320
-152
-548
573
-510
-278
-83
8
-770
-237
-77
-435
-443
-701
-109
-339
-437
390
266
-283
313
-264
261
30
-537
-424
-96
-198
-58
-146
-154
-60
17
-63
568
-5
96
-436
63
243
-10
-254
123
192
-262
383
-306
50
408
-548
-254
959
210
222
262
255
235
-169
100
-277
-351
422
-94
-519
160
-11
189
214
-102
316
380
-253
49
255
-226
313
174
-318
232
-177
-209
-132
-1166
-108
-707
-54
43
-472
-410
65
-430
-112
-550
-325
-95
435
-579
441
383
247
-279
-287
-56
-37
-77
-255
-146
-153
-393
-823
-199
261
294
-28
-57
-139
412
172
-356
105
223
352
-257
14
-188
291
-227
-299
613
302
-43
-192
471
375
90
-265
-101
204
557
-423
-377
7
-118
-874
539
-62
-289
-332
262
-161
374
-120
777
-243
-166
-250
343
394
277
-396
162
176
-47
-661
-556
-287
243
-173
-645
56
-494
114
-206
413
-383
8
-160
130
-355
657
-2
611
142
446
108
243
-116
272
349
-443
-17
-413
-169
149
369
798
-389
-418
265
527
-43
-203
481
-125
-251
-74
-422
192
87
344
-165
199
-433
-164
754
586
164
-44
-258
-366
218
411
-370
-194
-656
-68
-551
-3
99
449
-657
-269
-84
24
505
-190
113
218
-108
241
-661
-626
413
-11
76
68
-45
251
-95
43
-417
-94
715
47
-477
-240
20
-521
28
-334
-342
98
-436
-161
-126
-299
376
181
-160
-34
66
124
-418
-612
295
224
589
115
368
251
155
184
203
-111
60
333
467
89
319
-589
-190
-309
486
39
-215
334
81
-46
201
-196
103
23
-351
-476
37
-610
159
-308
49
-468
-186
-217
-154
635
-891
-479
-23
384
549
117
-873
-239
135
208
435
-98
95
394
-847
113
-404
-524
-312
-684
14
-232
76
-278
60
-625
-17
-209
340
279
685
117
-501
8
-1019
144
-596
-764
139
711
194
177
-39
-548
-210
319
-693
-17
-88
314
356
320
33
478
-634
-54
-7
-217
-813
229
-77
-610
-1066
-369
-164
-583
-373
594
-529
-3
-251
155
-193
432
-329
96
-1269
395
-706
-862
-347
-171
-78
-65
127
-684
-154
116
188
-146
-99
383
-58
355
-737
-42
118
-75
761
110
440
-716
-531
-246
626
499
-457
27
-194
-40
-440
-317
512
-202
294
112
-448
173
-20
-241
-756
397
-347
-497
44
-470
826
-209
-340
244
-164
-52
-374
82
-166
-575
115
49
-606
-110
173
280
297
-495
33
355
-351
-30
-279
309
85
-223
-84
-3
3
213
-79
-645
-384
102
301
-162
-152
717
-482
495
114
-49
-131
-243
158
145
-108
-508
718
170
-473
-149
-100
-132
-269
-197
234
-169
-116
35
-111
-328
46
68
199
-874
461
333
107
788
-291
102
246
219
-582
791
294
461
-154
61
-179
-366
-316
580
-734
73
341
-125
559
693
-61
249
320
-594
-69
-124
401
432
76
-230
141
-73
-66
-316
-223
-184
20
4
-84
-1037
263
-55
69
84
5
181
-108
408
-580
194
29
-240
45
221
301
27
-367
-510
462
-523
-276
188
-264
-193
-186
448
521
-44
230
20
412
79
155
-420
331
246
-397
160
-45
199
-44
598
390
334
-94
269
-104
-456
2
59
66
-247
-536
-173
240
-195
298
-26
-467
210
36
-174
23
-99
-16
146
-319
-111
373
746
580
723
-472
611
-419
-179
17
-72
536
473
-255
22
-205
834
-252
-457
-110
458
294
-332
375
-33
-49
153
677
-63
64
737
593
773
-31
82
221
-100
146
278
579
-362
310
268
-186
130
274
81
-585
187
-521
-359
-299
508
129
292
369
282
490
499
448
-341
69
-81
322
-218
-59
488
614
66
397
433
691
-124
-24
248
476
-686
-203
655
178
-121
69
132
-103
-8
-107
265
344
-516
-438
351
196
-234
86
-394
246
-64
326
226
339
-328
-157
-332
-227
388
221
-493
20
-379
197
282
375
-764
-54
-30
-223
240
71
76
-139
606
7
-186
37
-95
248
517
-777
186
659
-84
196
576
-23
674
232
-667
305
281
-285
-607
-23
-90
172
-270
385
-211
200
154
36
-122
-213
196
409
17
-796
280
27
74
74
-494
125
851
-690
172
-108
-924
-374
233
-542
-141
78
-47
-70
-554
-178
-68
401
556
-154
-265
-34
113
-577
620
-103
348
201
79
-92
572
-254
-266
309
-540
342
42
768
91
-136
163
-40
-33
-308
570
-184
303
123
-110
-356
-761
215
516
-45
-307
166
118
-193
-110
-9
327
158
1022
-277
51
-221
-301
-316
-129
377
513
117
234
2
-247
101
532
-475
-534
-303
-182
-566
127
-256
-634
568
-449
645
462
-190
808
-438
-144
-89
286
156
94
-257
-160
-126
88
92
-156
-383
-525
67
-141
584
-310
408
-161
-486
676
-136
-244
-489
78
52
-104
57
432
-192
-271
669
-517
204
44
-266
894
215
374
-30
420
79
494
373
883
744
-215
-395
-121
-134
398
251
248
-674
141
532
-553
247
-209
-739
68
228
-217
59
-224
-27
133
139
-120
41
-46
-136
180
-23
565
55
350
-348
-684
165
103
-122
127
12
-844
-295
235
279
397
561
-455
349
-295
46
-299
522
625
-25
-724
-16
-370
-521
430
-274
-537
-16
41
37
261
-255
-606
-534
-990
245
310
4
11
706
-244
-41
266
-745
419
-400
492
451
266
28
190
642
-181
-18
-409
245
-125
-128
-222
-20
413
-132
-673
572
-820
-73
-133
-25
293
128
58
-266
72
67
-121
-31
-16
-210
-579
-416
-383
279
125
257
297
185
89
589
-612
12
-15
-141
258
105
31
-104
270
-4
-75
-246
596
-92
761
113
-210
377
31
563
394
-738
-221
30
-676
-546
301
-579
322
440
85
208
641
231
-27
21
125
-139
-868
152
-84
-270
336
-393
-195
43
-715
113
-41
-234
-159
-342
640
765
-45
-739
-431
-433
-261
554
-479
-32
608
-667
402
332
-277
628
84
374
519
-4
375
-582
-80
115
171
593
116
751
-381
44
8
471
-251
51
27
-138
495
-143
350
-28
161
343
400
183
896
458
-144
413
-730
-355
-473
240
263
-246
-12
-182
218
-297
363
-371
164
105
-239
-176
-266
261
-401
286
-246
132
395
-292
330
189
171
-79
316
-667
-276
-4
63
317
-17
141
533
-73
-914
-379
153
-466
56
515
-59
-16
259
-401
-182
37
-487
-49
167
-303
-144
-240
342
-452
-159
-348
366
145
-212
-411
359
298
124
-175
202
-144
23
583
244
410
147
603
39
-87
-185
-547
43
430
-255
-208
-214
-111
53
-127
-210
-547
-88
920
-338
-77
36
609
-335
-91
-127
813
16
252
-179
-416
523
143
6
-744
-493
238
127
-300
-61
-498
-365
347
-638
129
191
-434
539
-313
-63
-996
163
-710
240
-11
283
-58
-48
619
61
871
-232
276
-433
-345
-547
-176
-397
50
-88
-112
109
43
-371
736
-85
565
-114
-199
-406
-342
-399
-348
-404
-205
-140
252
-444
88
-560
738
-467
-578
449
-871
33
-225
27
6
-464
683
-180
487
-166
-248
-85
-190
354
404
-551
341
-57
641
-577
455
-193
624
-567
70
585
323
226
-330
-69
-227
39
202
516
-50
-26
-190
140
316
-96
-386
163
-336
-893
-310
-82
608
-479
59
-639
48
613
-331
-265
344
-184
-464
241
350
95
-367
-4
227
465
232
-203
35
-419
-157
-148
84
-338
-319
-837
-631
-179
174
-21
137
52
-110
-97
381
-119
97
-795
243
-237
823
465
133
-6
478
209
-238
501
193
-44
-180
233
-673
6
399
891
91
-376
433
33
-393
-198
387
285
-237
-61
-275
-150
-640
207
338
351
515
-78
-246
33
652
-225
320
9
289
383
153
-540
366
147
-113
144
-309
-456
-58
487
-141
-614
170
-519
-53
-369
-620
339
-591
-183
148
-118
46
-440
477
-366
211
104
-88
-12
42
105
114
-91
-102
-371
652
-434
-342
-407
37
-295
512
-80
48
253
-441
-111
-26
-345
-376
-9
-152
489
38
351
318
-161
-187
-614
-265
-196
-146
178
133
-130
692
-509
124
90
590
-362
344
-450
-85
-733
-78
127
-123
45
-49
-228
686
-693
-462
468
-389
-92
-163
152
36
98
536
-81
98
-67
-295
770
318
-875
96
-276
241
-312
81
-851
-278
-64
-78
-117
-87
46
296
-35
250
203
506
188
-336
875
-203
49
-224
67
1111
219
104
-279
706
-184
-25
-112
315
-67
-603
-103
-148
-963
-249
-380
-50
-175
-237
333
-335
-314
539
-389
-139
-501
12
194
-543
129
328
-222
612
162
109
8
652
225
215
562
-77
-88
-77
513
-547
273
459
148
-294
-56
-306
318
-323
238
275
-441
367
511
-485
467
-76
331
116
-314
-181
-238
-32
-174
-53
-33
193
-349
50
127
132
387
-107
-310
-588
-129
260
214
296
-502
-309
-140
174
-166
-2
-447
-74
498
55
174
827
513
-420
-664
252
396
116
-411
873
-646
-278
-289
-392
-78
225
-415
-94
194
-408
115
-229
-349
339
-241
-130
-1254
-209
70
111
511
-333
84
-68
-51
-245
602
-571
529
-186
-170
485
-484
-167
-236
200
-102
364
-61
51
396
264
-69
-66
-258
-36
-82
569
-128
-240
66
-810
112
-231
-273
-34
-44
24
-536
-209
383
-127
-216
-6
-103
183
43
303
-162
-511
-248
-462
-235
208
100
-174
558
-760
263
-799
-391
222
-8
-362
-460
-210
-86
-60
-600
-406
550
396
201
-352
-285
346
-298
-285
302
381
288
0
931
-359
-282
333
554
378
-108
-401
-372
141
-239
-246
-489
108
291
850
-206
-136
14
208
384
14
240
133
476
138
-375
-282
119
155
-86
315
-584
84
-644
-56
431
-289
498
-31
-29
22
550
-367
-514
247
-522
-366
-573
-594
155
-485
502
-380
-143
234
79
55
-9
329
-145
273
-891
-781
-224
243
-75
308
-256
62
-36
-473
530
-76
618
-210
-389
737
444
421
671
426
-33
478
-303
201
12
-18
44
746
-296
356
19
-138
748
-326
-513
-472
514
-275
-777
-94
103
45
82
300
307
-78
62
-59
-137
105
46
76
172
-672
8
-347
51
261
370
-390
-335
12
171
48
99
-376
382
434
163
641
310
454
-166
-183
-312
-399
-119
8
16
-154
443
-25
-557
222
-313
-172
-230
648
-280
286
385
-509
-149
2
568
-114
322
6
142
261
19
336
724
-398
189
-23
177
713
126
-59
436
-191
185
-173
313
92
670
559
270
-457
134
229
79
-304
405
146
295
372
-433
-60
219
340
-259
78
-412
-142
386
-592
34
431
187
-230
-544
-221
106
-466
30
-140
423
70
323
-146
495
158
353
452
87
-125
-136
-321
-108
-266
33
727
500
137
-423
-482
650
315
-252
69
-451
264
-397
406
-29
1010
35
-69
-456
-229
-184
-325
154
6
-139
-465
-447
-376
-131
-112
494
-412
451
706
1290
280
-129
-83
-673
48
272
124
189
470
26
-332
260
422
-63
534
-112
-388
600
161
593
-13
67
92
-165
-7
-141
395
-455
-140
248
518
16
-8
-480
28
342
-481
-1396
-387
-53
60
-580
613
351
148
638
-279
143
-84
-88
-438
243
436
-20
232
-98
-99
-558
588
149
-446
670
-39
-339
313
423
491
-116
-46
370
-41
-383
-821
575
206
288
35
-324
142
298
678
177
364
-234
-244
19
-161
-270
487
-207
235
-46
-509
-406
104
-71
206
-200
289
162
-129
164
689
90
-343
573
583
-150
295
80
416
181
200
-130
278
-7
-144
40
-34
362
-319
306
500
-355
-281
-216
-61
574
195
-31
-195
177
-108
366
-2
-91
-105
149
172
189
36
-322
3
209
137
432
-115
-741
-52
167
261
-232
-227
-154
76
-103
-253
-131
348
-547
568
-751
115
632
217
161
-516
-443
-302
-417
328
-352
-235
104
98
-51
-166
366
-154
-220
56
269
312
-83
-357
168
150
147
-81
-392
281
-764
-67
179
-156
-389
-3
-179
168
885
198
-178
-675
-404
123
-442
-52
247
-178
-164
-559
314
-422
-51
186
1190
-337
869
333
851
49
-24
-248
365
427
-58
347
-337
-449
265
414
-299
-265
-54
151
-243
88
235
-112
-612
-646
6
-787
-385
-281
250
361
-131
552
78
-189
91
-208
190
-237
-478
-485
-96
427
-133
390
-685
14
-131
685
58
271
-201
20
-47
238
-25
-285
-449
309
-222
-116
44
94
-8
-78
294
349
122
273
-479
475
-488
273
-193
121
2
-215
-209
-279
-34
-175
-431
215
35
676
-93
-123
-84
-218
-44
-458
12
-24
-117
-375
-105
-495
-488
-61
128
-212
-2
71
-290
353
95
-159
918
-264
-163
287
189
341
-586
40
240
264
-364
175
-81
418
-118
-67
438
-659
443
-533
-781
-1188
546
-164
169
-259
710
842
-72
735
-4
122
166
-616
-258
-226
-659
-274
-169
201
219
306
30
-120
-16
479
391
-176
-578
142
-162
-535
603
-155
-49
-90
-332
-359
125
438
77
-639
-385
290
57
-380
-644
-514
133
213
-589
104
-391
497
321
-713
-258
455
36
-376
-105
-243
-777
221
-673
-342
660
217
-326
-529
-390
-185
294
319
-630
-33
384
145
219
132
-337
995
-366
526
96
500
129
-468
273
-195
-321
-291
137
-331
-203
-85
736
-369
123
-244
315
-27
430
-883
57
-137
148
-179
-177
-102
682
195
205
-102
359
-305
-492
335
58
-711
-230
369
-287
-59
125
418
464
-41
-95
-261
480
13
47
-188
-410
105
-717
-305
-446
344
-194
13
-18
-7
-106
-235
28
158
-749
243
340
-229
295
-877
193
-120
32
-618
-158
188
-424
-338
38
-639
133
180
272
193
410
-635
394
138
597
-16
137
276
15
301
288
406
-494
275
-293
212
213
414
-96
5
-241
-460
-30
-609
-126
-597
10
271
-481
-418
481
-86
-452
-16
-540
332
-111
42
-299
369
288
169
59
-495
-100
81
17
256
-610
126
-419
-566
-304
80
93
281
-217
-129
-82
-655
0
-230
-134
90
-292
-301
359
220
164
125
-566
-332
-126
318
-356
196
-88
147
7
-213
182
28
-46
-413
-158
-58
180
-338
-280
-352
-124
52
67
313
168
-396
-202
364
-343
-123
242
184
273
134
43
428
650
-434
-398
-139
234
-307
-276
-487
183
697
-29
11
-137
434
250
-214
-610
-17
-393
-746
493
346
182
88
-449
-341
-325
-227
427
330
-135
-353
145
-299
413
524
87
-580
260
-122
166
-165
102
117
146
-284
-91
130
-20
-268
149
-469
108
302
42
-573
-280
-286
788
123
180
637
273
-367
346
-168
-525
399
-38
-478
378
-32
162
14
-490
271
-353
-952
-280
36
29
21
61
347
-188
-278
-539
273
-55
490
38
262
-4
-45
7
-655
219
118
-191
443
-134
-455
46
14
-138
-319
-215
52
261
368
364
-253
77
156
-299
-490
-327
315
-304
-330
53
99
24
-137
-611
-244
219
-512
92
194
-157
-162
98
-413
85
173
610
-7
103
20
122
339
588
483
-349
-186
-466
-72
-255
-168
-79
-209
-74
327
-121
244
-138
-58
-333
-73
-206
239
-255
767
44
359
135
218
237
-93
-295
-699
641
-277
-181
-297
-78
-283
282
351
48
637
-23
1
-378
222
-371
-298
-332
-583
-243
36
418
-143
-204
446
-207
-225
-25
303
-288
240
62
-169
276
211
-165
-190
-95
12
382
-115
97
91
-503
880
-90
-8
678
-292
-54
412
-197
53
-615
-323
-22
284
-275
83
242
643
15
83
588
186
-382
147
-26
423
-126
441
-32
-112
86
928
-349
243
-151
-266
580
-72
-407
-463
-90
295
-133
-200
331
287
209
-715
416
-450
38
-739
-678
-606
319
95
-25
-219
484
508
-50
-140
248
47
611
-485
-316
437
-491
38
152
-146
-114
187
-318
-101
-292
-293
256
-996
148
8
-318
452
-489
327
421
88
-456
261
