14 90 441
0 1
0 2
0 4
0 6
0 9
0 11
0 13
1 1
1 2
1 3
1 5
1 7
1 8
1 12
2 5
2 6
2 7
2 8
2 11
2 12
2 13
3 1
3 4
3 6
3 9
3 10
3 11
3 13
4 6
4 7
4 8
4 11
5 0
5 3
5 5
5 6
5 8
5 9
5 10
6 4
6 8
6 9
6 10
6 12
7 5
7 7
7 9
7 13
8 1
8 2
8 3
8 5
8 7
8 9
8 11
8 12
9 0
9 1
9 3
9 4
9 5
9 7
9 8
9 9
9 10
9 13
10 0
10 1
10 8
10 9
10 10
11 1
11 3
11 4
11 5
11 6
11 8
11 9
11 10
12 4
12 6
12 7
13 0
13 1
13 3
13 4
13 5
13 6
13 9
13 13
45
1
75
77
59
9
18
86
89
6
33
88
41
51
57
61
63
53
32
19
28
50
60
81
82
47
27
56
15
23
42
67
29
65
34
80
72
43
25
0
17
78
10
40
58
3
13
20
31
35
79
7
16
48
54
22
74
36
85
68
11
46
26
21
84
12
70
73
39
83
76
64
49
44
30
14
55
4
38
52
5
62
87
69
37
2
24
71
8
66
-266
-443
-191
88
80
230
-123
-448
-190
774
203
-521
689
-209
-604
28
314
374
320
-212
159
-98
271
234
337
131
297
78
288
439
960
274
184
790
69
247
62
448
491
-64
407
462
331
-139
-482
-364
285
-562
-289
182
-45
144
-197
-251
54
-87
-728
192
-423
-435
-440
-416
-61
729
250
-169
689
172
-92
90
423
-29
-74
377
-569
-61
164
-74
40
498
-28
-159
-383
339
201
40
269
-198
-286
-534
-945
171
569
453
-482
367
27
-312
-1
510
-102
759
277
-451
-350
-393
-132
446
677
148
-97
-173
122
-262
113
533
344
-353
-319
63
-851
161
-317
458
-655
639
103
-109
-453
41
-373
57
-513
573
119
-350
782
663
-25
-542
-213
-416
457
-25
-930
-288
-329
-275
178
200
-164
471
127
-211
-62
-369
358
-740
-372
266
317
837
-349
108
224
248
449
-216
310
684
-932
312
-77
-74
-39
211
260
246
-67
73
-103
361
-820
223
-167
188
-232
-3
-591
108
-159
-164
-283
773
140
791
-641
-775
301
362
-284
500
184
-445
-105
-118
-131
-62
-933
462
-215
657
259
-47
-292
89
-57
173
79
-9
-314
373
676
599
-14
-769
516
91
121
366
-283
247
-150
1031
289
-3
420
316
52
538
-639
149
53
-41
-808
-135
-999
-41
251
-855
258
-128
-874
-405
521
151
58
1276
265
741
425
-718
-432
-1334
-579
-343
-256
-16
151
-112
-180
301
71
-575
-155
793
183
-707
-49
610
296
-307
409
126
488
-316
762
-12
-417
760
-49
-79
523
-181
64
612
-194
276
149
-418
-508
80
-27
630
-29
405
-647
704
1029
459
568
-792
-261
-724
-124
360
738
225
-102
-328
-218
-458
358
-144
42
56
244
-626
263
-463
273
-167
-278
482
564
736
174
-727
783
177
-315
134
-395
684
70
-497
-788
-555
83
725
-333
-656
-232
138
-105
-837
-327
738
105
20
-214
383
278
-292
163
241
-33
26
226
-181
-26
-18
-649
378
557
577
-68
-213
-138
248
-356
234
156
932
-208
-394
367
-162
170
379
61
-177
-21
86
693
-470
-212
351
1
619
-4
-209
-630
209
283
-687
-164
-165
-994
-638
368
-38
-337
221
-493
-263
-428
325
19
-63
-316
508
493
-233
-114
524
408
100
-549
51
-86
814
211
570
-214
-51
-479
-1010
-565
-785
1177
395
-175
-422
-548
-396
-581
204
288
-18
-239
-621
-379
-380
-653
-272
144
104
132
38
364
-503
-550
261
-79
-73
196
74
169
362
-134
-603
576
316
383
204
59
-481
-298
366
-351
376
-584
-58
501
170
-674
-115
-472
-758
713
-253
-510
-1039
-665
97
910
172
361
767
411
-465
-212
-528
132
804
-194
481
233
-563
-222
-456
669
158
-17
-271
254
257
-149
-461
60
-60
-168
-170
611
-370
56
216
349
-72
396
550
110
-173
374
330
-212
-311
-657
190
-84
429
-11
57
-414
641
-39
179
-65
-474
268
-1129
-817
-1173
-243
-112
347
486
-377
-316
362
-31
520
-704
-489
-74
228
-126
-758
267
82
229
-153
-358
92
-115
-456
-913
259
57
-242
1091
85
316
-197
457
-234
369
-954
-252
-893
-629
-500
274
-192
-241
427
-475
-237
21
-672
-275
129
587
698
416
-436
86
398
-474
-36
-478
479
93
-381
101
-795
-62
19
93
-11
-48
183
-86
-804
-83
-258
-326
-159
-94
-59
90
-642
-260
-192
397
703
-171
281
-453
430
217
633
-121
-89
64
396
-426
640
-661
9
20
-340
302
-306
239
327
-80
1164
-338
-906
-205
408
238
-260
-7
174
-357
715
373
-1007
-2
-273
166
202
-326
-459
-413
-265
32
877
855
629
-182
-27
224
-43
-546
116
27
-183
-715
-561
190
-137
4
149
-12
-404
-643
106
-342
544
857
591
207
813
-40
279
145
-366
710
-18
373
540
158
-305
602
-142
-496
124
183
-649
-576
-145
2
560
190
-1
528
296
539
-272
-412
321
588
317
-343
36
-982
-407
501
-146
-395
35
206
170
-469
-285
530
952
395
-377
185
-1
127
-143
96
-314
329
-128
-423
731
737
841
104
-408
274
-743
799
-553
183
-324
609
295
293
274
109
261
173
-183
151
370
190
292
-742
-433
28
105
-617
-88
293
-869
-476
-30
461
-354
68
-197
781
-311
-55
-178
-373
-842
249
-446
-404
856
27
-171
-231
-521
-128
179
478
-6
-643
982
-253
-268
-552
177
-476
-680
-707
82
-98
-446
130
1010
-18
-207
-211
191
646
-289
467
-158
595
-423
498
-535
-264
178
-799
51
-293
-521
-355
10
279
237
-782
-631
-343
-568
222
-319
-157
-11
145
-524
-989
1045
391
-244
-193
394
1202
-460
-645
-527
-556
-489
188
372
306
26
-472
-583
774
-512
-241
98
163
40
-44
-172
-57
429
142
-13
-196
-719
-652
120
574
-236
-185
-333
72
-122
-460
303
116
-892
-123
-727
-941
-760
-112
-159
70
-533
58
-676
203
-977
85
-687
-52
-649
-77
-362
-420
-319
-336
-151
-137
-599
-278
384
-47
-38
359
-421
109
-456
-833
21
655
202
388
-210
-66
209
-629
126
7
-158
-397
-322
-97
-157
188
-118
-3
658
-354
-131
-107
-41
1069
-630
-435
-111
-19
-283
-1105
-93
-493
133
314
-895
-435
-179
-374
-204
-249
208
-119
523
-34
302
-682
485
408
-599
-143
259
-176
-576
156
-79
218
424
341
281
88
1129
263
179
557
138
39
299
-10
50
-85
352
763
-456
102
-838
-778
-145
-40
-577
244
-687
-127
140
266
-626
-799
-305
-54
-30
98
-476
35
-66
354
-957
268
557
-309
234
-312
538
535
94
-74
-526
388
530
111
-86
-154
-340
409
606
303
-421
430
410
-219
-92
-39
-657
164
-610
72
749
158
193
-135
241
-98
-130
-49
525
324
177
-473
-375
431
251
376
-240
50
177
29
954
-41
-6
641
-623
-92
1200
237
-256
-173
-338
355
206
306
-352
-282
-24
-580
-67
365
888
153
86
-316
-409
-38
143
724
215
927
-385
-71
-552
1038
-5
134
99
-352
431
767
735
-276
-653
-129
887
242
-558
140
439
702
-84
-273
4
-398
227
-902
-1048
-327
95
85
611
143
-483
143
49
49
449
-395
-76
273
-613
-268
303
-93
-190
265
-123
770
-91
1357
146
-968
321
467
-254
599
238
-302
-319
820
-53
266
438
9
-978
0
202
480
644
644
293
70
17
991
155
229
-195
-708
-20
30
40
-421
-977
240
-192
-336
389
322
9
253
529
21
911
532
139
-13
359
-299
-246
-52
-17
186
150
-77
483
-60
-903
-251
-296
327
292
-698
-339
-456
1012
193
546
470
-353
37
336
-118
-70
-283
-285
540
65
-179
-67
383
645
151
20
595
-368
-207
413
-113
17
193
-91
-536
-365
953
-64
224
-1079
49
-149
-258
259
29
-865
-195
787
-440
-133
-287
435
838
-90
412
-138
-327
-79
143
321
-694
-647
-143
-944
608
-9
-659
-125
59
-668
-968
-39
37
88
413
-796
628
237
346
404
344
304
-125
241
888
696
-439
-249
118
5
997
613
-7
-878
-155
135
102
-123
-506
-155
-36
-183
270
-557
-166
338
418
404
-65
325
-138
68
-14
23
-112
-238
-50
-422
-26
-462
387
103
38
154
346
-801
-469
419
836
605
-363
-679
-15
1115
147
138
635
-214
-243
99
-70
-1179
-416
-402
231
294
38
152
185
393
409
191
-485
151
-38
-145
-517
-91
-295
434
153
59
0
-84
-346
-181
-145
-259
-663
-443
-98
96
-144
-80
-362
-63
35
1805
574
409
-470
-1
864
-82
-301
-573
-109
-1149
156
-133
-437
1032
-277
-511
-211
-491
146
930
331
111
6
-541
598
301
-903
196
184
-295
-663
-840
309
-82
267
-751
-147
-257
290
512
-569
-254
-323
-424
525
-176
417
-792
-40
504
-809
-433
-127
-1148
-101
226
196
241
-229
504
-11
-51
285
62
-317
-756
-480
520
-224
90
-557
55
-212
-260
-752
729
244
-163
518
-12
-94
480
636
80
83
223
-348
-332
-172
495
687
409
105
345
353
-245
462
-53
80
-443
113
184
251
490
-160
-171
-23
242
352
-1276
241
193
-89
531
16
571
-565
-51
222
-143
421
213
501
523
-53
422
-196
-177
-637
-93
523
-599
410
370
-492
-257
74
-610
3
-190
114
708
349
629
-158
404
35
-304
-666
-304
120
-60
820
-66
-546
-973
-222
377
-167
346
-51
23
-262
-37
221
-351
136
36
35
-2
569
-41
-618
387
40
58
-245
-894
-367
342
31
48
354
71
246
246
-213
-178
-366
476
-47
-178
-433
-477
-40
418
-103
-488
-400
166
-324
145
-196
33
-262
433
-394
-40
240
384
-14
248
490
-578
-579
-52
-41
-187
455
-385
-352
-728
585
-623
-152
163
-603
-381
-122
227
-381
-138
-345
-303
-58
-552
405
306
-246
375
235
0
510
-500
-424
324
73
-263
-344
-333
687
134
41
535
-6
60
254
-161
-488
501
-131
507
-76
-360
68
224
-52
381
-478
-316
-241
534
-213
-351
376
-18
785
-145
-356
-576
582
-66
-85
-834
-832
-209
-367
-331
760
-69
-187
65
363
514
-343
-34
49
175
318
-457
86
317
-971
26
362
-359
200
-304
-686
274
-60
-1153
396
505
484
292
-776
439
1049
-71
366
-525
262
415
15
-38
-456
941
-187
849
148
227
-132
505
-8
289
-211
444
-1069
-484
459
-798
-282
-188
-40
365
187
47
-457
-269
261
-213
-304
-470
-832
-309
-65
390
-286
-486
-1054
-179
-617
-149
81
-544
502
382
163
-599
-108
368
361
163
-44
-101
118
-653
484
216
-196
-4
141
181
127
255
129
325
286
-172
-361
-352
989
-149
444
-17
-259
25
132
596
-178
273
366
-683
-574
116
-938
244
-120
456
267
502
102
-612
-69
-588
97
-93
-266
1095
-163
-296
-578
-200
-50
54
79
-90
263
-661
326
644
-759
356
-332
212
90
421
-643
471
-430
-247
-686
851
-26
-134
393
767
119
-528
34
85
-931
-462
-34
-1095
130
490
86
520
73
-894
-720
395
228
780
-162
23
120
219
-153
-187
81
-510
732
64
-272
554
555
-394
396
-452
-209
1049
259
607
-723
-423
250
-96
461
41
446
-90
856
-342
71
-773
369
146
1030
-418
-221
-203
110
-120
36
-169
-38
17
-238
244
95
188
487
417
-597
600
-125
-132
61
-310
-504
270
-25
417
26
-332
568
465
257
344
-88
-124
413
-670
679
248
-270
121
455
503
-362
62
-241
-365
131
-311
63
-5
377
351
249
-666
-256
-128
-503
150
363
1062
-183
585
-527
-688
-302
440
-886
-12
122
-339
640
326
61
-457
-269
153
973
-640
681
-704
752
-58
268
-437
20
10
94
-195
2
69
243
-577
110
-643
599
270
-149
-605
-616
653
-657
-29
-256
122
586
-105
-568
528
-478
409
641
19
458
-111
-316
-300
-34
-31
252
301
-961
-546
-242
-169
-383
-320
-69
-382
148
-351
192
885
240
-8
419
-27
-74
196
105
-521
96
102
361
194
-86
1001
286
345
-341
259
273
-327
-162
-329
128
-365
85
-436
281
-848
108
-91
226
261
-203
360
23
656
-514
-675
50
-1072
639
65
-281
43
449
-406
265
243
702
293
318
-302
362
301
-43
297
351
-338
239
-706
615
-367
-72
288
687
-199
765
-586
265
-71
-664
530
358
-40
82
-1023
-374
280
-363
162
-314
-731
-157
-525
553
-65
319
-249
578
-385
-344
73
-197
-658
-332
-23
265
433
489
-205
1287
-232
-274
-4
-101
22
-133
-107
822
-72
-757
527
-11
520
-138
115
-221
-223
1180
-93
-18
319
-179
490
-1117
-307
27
80
-303
-334
402
-60
-451
903
-22
-203
594
-41
463
89
-52
-146
499
-265
-250
-246
-168
270
346
-233
-329
533
119
-277
247
268
-503
454
-225
-858
110
380
47
293
645
-191
-129
251
-229
340
-286
-614
12
-344
396
-175
-430
-29
-255
-619
-116
-666
-504
862
182
-337
597
676
-60
156
-273
-61
58
174
295
220
-983
432
1
346
188
167
183
485
-54
-351
-389
629
-232
-27
89
-585
-331
402
34
273
-189
358
309
80
-87
-17
-254
-357
-119
858
-182
-125
-1001
163
453
-295
693
-267
528
-368
-223
228
-76
807
-286
451
338
548
-706
-827
-394
278
-140
74
629
189
460
-582
180
-170
248
438
-366
14
80
642
-21
-123
-996
295
-46
683
-717
159
567
-169
-719
-94
-587
-701
271
-568
-110
199
-1107
-68
-281
-318
-343
-98
-58
-457
-142
-273
-118
-629
-194
210
172
12
1248
200
220
-61
18
459
266
-337
-146
-29
318
-24
417
205
9
-51
-367
-323
-778
522
-371
414
-337
-199
-57
-1144
239
-65
-395
-443
111
-390
-710
178
-492
404
-216
642
-34
-471
-290
283
430
-177
333
351
-870
-83
-261
560
-42
646
-333
427
27
-392
213
225
-261
-124
-158
317
239
742
-368
-287
-495
296
-701
578
-830
187
47
-104
-165
735
-142
-387
-59
-392
92
-673
-140
-130
-197
32
-4
-183
919
-94
-128
-223
307
-70
488
-97
-106
603
-265
231
-419
-502
-955
220
522
-114
-115
-812
-458
182
-438
682
116
-518
520
9
-323
-112
973
-126
-306
-1060
52
-6
-23
61
-482
337
-305
11
435
-165
260
88
444
525
-543
8
428
-548
-110
29
100
-203
-285
-811
197
271
-540
392
32
149
282
675
0
-525
469
-207
-28
148
-414
-111
225
-268
549
-160
701
38
-177
-33
-272
38
-379
-84
230
488
-309
-579
-595
-526
563
240
392
770
-304
-550
-264
704
466
216
34
1053
-371
-663
466
332
-511
-659
-189
50
206
-310
355
-546
643
-164
276
-395
-331
243
-346
230
-57
178
8
730
-296
-220
553
408
97
-396
-465
-293
-254
-592
547
-578
444
-66
-805
-555
289
-488
428
156
-531
-937
-342
149
122
-273
-184
146
-476
-88
-454
-599
819
-69
-173
478
-200
89
334
-101
115
-420
301
-7
-491
800
-573
-588
-584
-479
-231
510
-328
-849
44
676
175
-138
237
4
-354
65
-243
269
-42
-348
-161
-259
464
-296
-319
-348
330
485
-1139
-343
82
-196
1092
315
6
782
658
74
796
295
275
183
196
-692
-202
-60
417
495
793
-127
530
122
73
158
-699
228
-177
-138
-307
508
380
-599
150
-179
369
202
-239
478
763
-567
-343
-480
558
278
-352
434
328
473
445
599
346
706
-78
-55
-91
-350
-243
-237
130
201
-1146
-531
348
-393
499
44
7
-309
467
49
-450
-99
-386
9
136
-125
-240
536
641
142
-327
322
717
188
448
-574
-439
62
360
-422
-133
-24
-64
249
-391
-239
-345
-364
-437
408
260
-350
123
-64
598
-830
-238
105
-2
-161
-59
581
-366
171
454
-719
1138
-907
909
-895
163
258
-202
-37
414
171
805
482
-584
629
-166
-69
440
215
-15
328
156
319
-776
-39
-7
-341
325
183
144
301
151
-324
201
-1554
-422
28
-59
-617
-334
285
156
-276
-185
-530
-156
222
-102
-723
-508
891
-251
-321
148
-648
-262
114
154
-91
-523
-346
155
987
-715
-1036
129
433
8
235
257
-180
991
-252
695
-423
78
-509
97
-245
397
577
-502
586
690
266
-896
309
-164
-631
-165
-646
-15
16
-91
227
2
-303
214
322
-107
-58
1007
51
-233
-848
161
713
-281
-88
-129
-82
-335
642
56
-807
-332
-331
68
263
-323
16
-498
522
-203
-204
-601
360
315
-14
341
-117
205
-190
700
577
553
-595
-430
-80
220
558
94
-194
1
-304
-405
1149
1255
428
-91
583
-493
233
-359
-496
-91
-407
68
-597
77
-516
770
289
375
314
-10
430
637
208
-480
192
-872
146
889
-560
228
-36
-110
-639
-290
90
151
31
478
-179
-59
-18
-12
279
-163
-135
35
-11
-83
-122
-264
81
217
-403
-336
-317
-104
34
74
503
-235
872
-773
-402
108
4
495
-521
377
-350
97
243
-1026
-227
-145
411
-397
550
698
-902
345
779
-27
-537
-10
-586
-126
586
-123
-365
-127
-311
412
696
409
-57
423
-82
-622
199
-227
-171
14
-236
-232
-28
-434
70
-301
-209
417
-155
944
46
-112
582
210
236
-451
245
-430
-137
603
-250
353
160
-443
787
-296
-229
734
304
134
20
373
802
471
-198
-891
-84
-117
298
146
-325
154
-814
-227
-74
-360
114
-555
-540
325
320
-231
158
-71
528
-123
165
-367
33
-494
232
-80
370
203
143
-342
240
-581
95
-54
-496
736
373
-367
174
-194
894
-1338
-381
520
191
148
-162
685
449
-349
-666
-404
-125
303
-737
279
221
167
271
-51
231
553
356
147
-162
88
-975
-227
392
173
-520
829
-645
-247
-607
219
-197
-449
-437
-272
-141
476
344
487
-269
287
-381
-72
298
31
-99
-135
-75
268
163
-226
-32
-136
136
-461
-176
-565
846
365
-906
390
-341
953
-822
62
77
900
-258
144
-605
118
-153
320
-472
-200
-337
-587
196
-315
710
342
-102
277
-873
-295
-296
-125
-207
-827
503
-81
234
380
101
930
231
200
-343
28
-110
200
-608
-380
-164
-215
-252
96
-409
263
576
-123
-128
164
-223
187
-197
-52
-374
-8
105
-501
-12
-297
-300
-91
-163
-174
-260
572
-256
-735
-35
-836
268
-1019
-250
-356
154
-747
-348
-6
481
467
519
-70
-626
31
-3
-448
553
-115
308
-356
204
-48
424
950
-45
-585
84
-445
-1102
-867
185
327
651
-369
347
-278
315
-35
-553
-570
-275
165
-341
109
-28
154
426
207
-188
189
-150
-597
993
-906
819
-803
593
-246
54
598
-166
-530
31
-113
429
-59
-700
-231
549
-629
539
741
16
-41
-231
225
168
302
100
594
-248
-1003
-11
-435
494
-270
100
-15
-186
-679
-153
-369
-137
-608
345
-201
-412
-843
351
246
-328
26
409
-157
-141
210
-257
617
-197
438
-14
197
-896
-162
437
501
-334
479
613
212
-362
30
-343
-454
851
-480
66
-202
230
605
-6
523
1106
-277
443
80
327
118
-707
-629
-359
-36
-190
-567
280
-332
535
-294
167
-325
394
-359
4
-249
-111
-341
-1060
44
408
-468
-153
-570
649
-500
-157
537
86
288
87
601
64
-589
-1168
-163
-73
219
-220
-864
-1076
199
142
-534
78
227
-288
-486
-373
432
-485
-55
-189
-12
-485
-1141
409
-451
187
725
-295
122
-131
655
293
-233
159
-408
-440
287
655
-14
-232
-477
940
68
720
-623
538
362
-535
-84
-200
366
-224
299
505
-61
174
-605
470
631
42
-661
-332
349
241
-634
-7
-192
-346
698
-88
0
236
186
405
-103
-467
-682
371
-224
394
93
-695
209
30
434
214
264
48
274
-1237
-677
-425
-483
486
190
16
-393
-306
201
300
-1096
182
-904
-500
-65
1314
-248
1048
-282
698
-45
275
124
-8
630
-37
-286
1
-40
-504
-198
460
314
-256
-181
-318
23
-26
-439
655
-273
-21
370
135
-420
343
785
-213
-189
-429
-74
104
-113
79
343
-327
144
126
11
154
-502
-581
-291
82
-341
43
674
607
676
-405
7
-654
306
722
139
90
-107
556
-370
-167
166
-424
-32
179
-151
-73
-250
134
956
177
-437
274
97
-598
-334
506
-23
-80
463
758
320
-711
-426
-128
372
758
-481
-340
841
-394
411
-17
-256
81
-205
409
-502
-613
747
28
-471
-216
370
-359
-450
599
775
471
13
527
123
656
170
-415
-161
-98
-930
758
413
-38
-145
511
-231
23
144
-376
39
80
10
-488
569
-83
49
349
-536
1181
-265
291
-137
-22
397
69
440
29
749
141
248
16
572
249
859
-93
410
279
-726
0
400
423
-485
682
-463
-97
14
502
577
484
313
-493
-1368
373
366
-51
505
-466
432
-422
-500
166
80
342
671
-174
885
-364
-250
-808
-20
-350
576
-541
142
-647
342
-241
-76
-583
454
-24
433
387
-232
-347
-547
-70
694
-712
-399
-1317
644
92
-53
-496
-169
605
428
211
-60
-368
-566
-682
428
401
-527
49
-780
-485
-606
604
212
137
-705
-203
106
96
75
5
-307
544
-87
-122
-450
-809
-146
-462
-157
-403
-566
-321
490
-66
-261
-631
-175
92
-970
-747
189
-845
85
-435
-426
-373
244
348
-723
181
-11
-643
-454
328
-902
342
260
30
-223
-428
713
-190
346
-161
824
659
159
-316
-555
-559
-586
435
83
-118
2
-540
-649
438
-77
-465
-748
827
-755
30
-430
-303
298
-58
186
-752
489
174
-389
262
274
-348
189
143
211
-591
-120
187
478
-695
-569
111
692
-509
146
26
-323
-1177
-787
-151
253
-326
435
309
675
-504
-88
-127
599
-171
-639
-193
-552
-98
193
396
-822
-299
112
544
69
271
36
-42
134
219
228
-243
552
-278
-288
9
-531
250
-67
-507
-294
-379
434
33
-979
411
-101
-68
-61
137
257
42
487
-617
-55
-552
286
-103
-230
-348
104
-357
250
-110
-74
407
274
121
313
-170
284
254
-685
9
-185
-538
422
414
356
146
-177
247
-211
108
-302
-93
-164
830
-32
-77
-354
463
415
340
131
-54
-368
134
-589
35
261
534
-1340
517
5
46
65
-158
346
-178
-393
84
-454
-272
-116
43
576
-1259
-835
298
391
-565
-251
-53
-375
159
-252
-667
642
-244
-432
51
267
159
189
743
-1
-83
669
-576
-320
265
248
-28
-309
40
-406
93
-29
268
96
-719
-23
525
355
-352
-544
649
498
185
184
31
-515
-388
-338
-44
442
-218
-3
114
-233
-196
291
-440
-49
-61
-144
-48
735
-338
335
55
89
553
-391
-852
363
-370
72
-635
1271
-207
312
668
601
567
70
1278
109
1295
20
-116
-162
570
-229
261
-897
-47
-1006
-552
198
-497
177
-291
-774
-94
449
-9
-807
-330
399
-600
-540
-88
594
104
-505
652
181
73
600
-290
-143
176
180
-386
460
-644
238
39
330
-619
209
-79
463
-195
33
-450
256
-443
-96
-505
64
-85
-173
136
-598
42
-416
-580
111
367
179
-16
60
-115
280
326
595
-144
-550
53
731
274
-944
615
208
-63
-100
-557
-197
-276
84
-66
371
-330
-278
211
524
287
-98
-194
709
829
-18
-32
164
383
-70
728
-529
1332
0
267
317
-157
165
350
328
243
-1028
553
-502
312
-138
263
-903
-133
458
-238
6
50
224
249
-658
123
106
362
707
211
528
327
796
41
526
373
-8
-230
-157
-90
48
718
1
-526
359
-232
421
210
152
-41
83
-18
251
-503
107
148
-148
192
-288
-515
-855
-76
-720
-233
439
411
55
-614
-88
-200
908
209
-373
-99
-8
-462
-46
315
-505
420
730
140
346
415
157
-456
516
-292
-94
-620
-1364
-1595
-915
84
340
387
206
197
10
269
-587
-2
-206
-97
175
-344
-861
214
-363
-507
-155
-179
-532
-58
-1412
1206
451
-321
7
332
123
468
-153
-146
-252
-136
-470
-218
569
-217
90
-79
-520
-93
20
-19
-390
221
529
-625
635
-2
396
-29
199
-244
146
-588
428
402
73
-292
-441
262
142
152
-95
-482
86
645
-258
393
-7
-241
-83
167
142
-81
-652
-719
-626
-989
-25
397
-105
-564
893
-897
169
-229
442
-441
-321
132
-734
529
124
524
-80
-292
162
-899
646
-653
-714
429
456
-76
-427
-196
316
202
44
-312
206
-1052
-70
-722
441
-46
97
217
184
124
-242
-329
-536
-1011
718
-23
-257
-167
169
-14
-424
-19
3
-74
333
80
70
34
-644
677
102
216
556
345
763
-1083
110
-415
-650
-684
162
353
507
469
-35
-869
773
-144
-42
-503
-276
-435
-52
598
-163
-140
-167
288
-240
6
229
-238
-77
301
4
-195
260
-206
406
-505
264
359
362
53
-223
-137
1273
-438
414
560
401
-1101
318
168
30
781
-1120
418
-969
17
-1013
-535
607
-117
-241
-296
275
380
424
189
127
523
-630
-604
148
-69
-609
-444
-35
-37
-44
-527
-341
-363
-98
483
50
411
280
493
-94
-91
491
-13
207
-320
-50
211
706
-60
580
-499
261
228
-110
162
241
732
-560
654
-206
392
-270
240
-145
993
-61
-282
-398
-62
527
122
-107
-249
727
9
3
65
287
-331
-285
-31
-464
147
916
433
-312
33
104
668
77
465
517
299
962
66
300
-384
89
-224
160
-203
591
19
82
-286
-213
-275
191
305
421
70
304
654
531
-528
210
-1070
7
-875
136
-126
-58
-211
-524
812
34
221
562
-113
211
-248
-878
-9
329
-21
587
238
215
200
528
35
631
-88
294
-357
-106
-465
-167
31
363
389
391
-439
910
-384
131
-232
-405
-281
-104
-79
-66
236
97
-376
-713
82
65
-140
-703
588
-3
-478
309
-23
370
746
-533
-316
971
-49
270
237
61
779
-226
-243
524
-114
-16
-365
452
-242
490
118
920
-5
-225
-1135
-217
-860
131
82
599
861
44
682
-465
368
271
-206
-562
-344
16
-844
580
-235
80
270
1016
-18
442
-163
-16
-921
-438
11
-645
-873
372
-453
-992
182
-435
869
-225
13
-77
352
-416
91
-962
-586
98
674
963
276
461
505
21
482
-340
40
621
172
-312
-752
-748
365
53
455
-1031
417
-224
-62
-660
140
-134
-117
-377
-584
229
791
847
622
-817
-170
505
129
337
420
-220
249
16
205
-25
-438
-356
273
-726
192
-281
-658
-547
646
-539
-691
443
-421
-611
227
1
-467
164
20
-303
-777
-291
-735
551
832
-236
-126
-173
409
-173
-482
-239
315
-78
-156
528
528
-448
285
-162
-738
-273
407
721
-377
958
-141
-452
403
-217
221
7
333
-141
-310
179
309
463
-186
-904
-713
817
706
548
684
-480
346
193
-679
194
-145
579
-700
-294
-22
-253
60
24
572
45
598
453
309
-685
-221
438
-143
-150
131
-684
-484
309
31
-273
-270
890
539
799
64
-242
-231
-83
-36
132
803
334
10
-267
-351
-504
374
-19
737
230
571
10
139
109
-935
-363
-169
-106
-312
-841
502
621
-544
668
-159
-191
420
111
-820
-181
456
-124
-47
-435
-307
592
-810
-244
-176
-1134
-88
46
38
-727
200
211
149
90
-212
110
-525
940
853
-254
103
795
-189
-366
533
99
352
585
142
-495
869
-581
-425
500
-522
-258
929
50
-441
-432
173
178
-194
-470
204
-24
-380
7
518
64
-855
116
-425
253
-8
-96
-307
-34
56
139
230
-431
-103
797
527
328
104
194
-372
275
-177
136
-54
-115
179
-308
-71
14
545
-483
780
-678
-356
-146
-53
-468
596
497
687
23
275
-461
-844
-70
-327
-889
-64
157
-824
-200
-504
658
-155
-139
-73
586
374
671
554
-709
226
155
-871
-141
-776
253
254
298
300
46
687
283
-533
-559
517
664
-884
366
-59
67
550
-390
54
296
-890
-585
456
107
208
730
165
203
8
-7
1501
26
20
-692
-385
324
619
-846
-519
-578
-220
-20
-234
-228
275
240
281
272
-133
-623
503
-453
656
-89
779
-152
266
-340
-1005
-190
-231
-693
-168
824
601
559
1304
-503
-648
88
159
178
-14
122
73
116
-39
-640
362
-26
139
-58
-352
-941
-310
220
-435
-420
697
784
-617
306
507
45
585
751
486
488
151
-281
304
-1110
-233
-90
1173
153
1004
-486
-173
317
-787
-382
539
-293
180
445
225
361
-362
-399
464
523
168
-1064
80
1098
85
-637
105
634
-200
291
-113
-198
-300
-267
-620
-104
343
-281
66
-67
-471
-150
-447
-223
35
-130
-110
-746
396
-214
350
-412
116
-550
577
576
409
-352
1069
304
-97
698
-732
408
245
229
-50
567
75
-64
-811
-94
-349
457
505
388
424
-455
115
390
-701
-869
-645
213
-825
-772
172
1048
315
286
234
613
-264
66
124
-202
187
-581
-526
857
182
214
765
-170
93
192
-449
-136
-898
251
-948
-416
-336
-101
262
277
421
283
-444
356
-427
-290
251
135
-333
69
19
54
21
326
898
93
-243
218
292
-592
29
-81
28
661
35
-474
-412
-531
-384
-33
-723
417
-231
-207
10
266
96
-330
857
411
-116
-12
-66
373
319
-424
494
174
135
-900
-38
476
-360
-568
-199
-121
99
124
466
488
371
-815
20
-683
-76
-382
222
197
-401
-419
270
614
575
-241
579
227
33
-118
509
200
-247
-130
420
-128
190
167
-301
259
-389
-70
-830
-22
-457
-495
464
-1812
-705
-496
188
-76
330
87
-4
-181
-48
419
647
-439
137
384
-687
410
-427
548
212
276
736
-477
376
-564
750
-102
277
328
427
658
175
-153
547
249
-238
390
-1069
215
146
34
-495
15
682
395
-259
-868
-23
87
-227
245
148
472
-165
440
-17
385
-572
-232
356
213
958
228
78
487
-177
296
292
-16
-435
379
221
420
-38
-166
587
-397
600
-207
258
277
-595
-102
-747
496
112
562
138
485
-45
69
-210
110
544
540
-150
-348
-190
-1050
-520
-496
-65
-299
-174
-289
837
255
-326
468
-97
-349
443
386
28
-501
-295
1328
602
302
282
272
-754
875
651
-382
701
88
562
54
-44
-209
232
-387
-516
-134
1280
340
-344
-518
-224
-881
-694
-720
-309
-642
434
-339
-212
40
132
438
138
-506
258
-50
-145
-314
943
185
330
23
1068
110
-963
265
151
112
-26
-355
12
82
95
144
-567
-73
-363
-481
-62
-602
132
289
-62
58
145
-280
326
38
-200
468
-580
-42
311
290
209
61
536
1057
-63
351
1030
461
49
828
238
-272
-104
196
550
-611
-239
-55
52
-649
742
-446
-97
-883
-58
173
-731
-416
-485
-667
-46
711
-662
355
-528
340
330
-506
245
-302
-65
230
269
601
-35
41
543
-85
-111
125
362
68
-168
1133
800
804
428
-155
1247
366
581
-263
95
-239
-873
-247
-24
62
-1482
144
281
73
-2
265
-809
-1207
558
140
-284
1284
615
-551
-760
-90
-95
-762
176
1304
303
-42
-246
-432
-564
-85
740
-19
-473
257
-326
-399
68
-415
-637
323
563
103
77
-325
-517
-427
-445
-395
-190
449
-219
280
216
553
117
-189
-280
-250
316
-463
234
-98
282
686
-187
5
77
96
-196
1169
-265
56
344
483
40
-24
249
-49
-1072
277
-281
-259
-171
-952
459
-412
-50
-417
-299
291
-34
236
-287
128
-161
919
-747
151
111
-523
308
80
-306
281
-24
14
125
1255
70
-103
193
562
-736
142
-689
193
-579
226
338
-563
262
-581
-365
182
99
1206
494
461
289
-478
196
-307
578
-1004
267
-127
-96
526
208
-591
344
423
-339
628
-63
-566
42
-804
544
-52
756
43
391
416
415
-309
92
-109
-378
-926
-136
486
-393
-433
49
-250
39
-390
535
477
76
269
694
231
67
-458
-523
-376
759
394
-288
372
-449
72
-221
-28
612
-720
-345
-100
-173
-763
275
-512
350
7
-890
-622
-447
-873
782
148
446
-353
-187
253
-90
132
433
270
-948
924
482
-297
-540
284
-649
13
359
46
-367
312
481
-107
-396
446
553
-306
-381
-169
-345
260
-69
353
-1004
-105
113
682
152
455
-387
255
318
-42
425
-144
693
-332
254
-219
304
691
691
117
66
303
-244
281
163
-404
313
-524
83
364
102
-110
-439
101
85
26
216
-115
-117
-249
-441
-103
-271
684
-548
391
141
-142
13
-240
443
-354
-717
-329
-589
495
864
401
-529
-261
-340
149
70
65
-580
-109
-679
-696
98
646
-392
-192
-173
-342
-25
-86
3
542
177
636
555
-3
-110
-404
-81
25
383
188
93
-227
-474
74
-581
17
416
-558
344
-439
-103
353
578
-73
744
88
589
-160
81
13
429
112
-729
225
123
-331
-289
69
-205
-13
-424
-358
-472
-76
-567
-368
-143
-139
-11
-567
-75
-627
-649
-294
51
-955
150
221
-187
133
-526
34
547
245
419
238
-648
439
221
-170
377
125
-208
263
1
-198
755
21
533
364
-740
-582
977
-91
-199
-96
-74
-402
-661
107
-454
-110
188
725
-1143
-439
-884
300
570
168
-450
-348
736
-374
-1165
117
501
-134
-307
88
-127
-346
52
185
-44
-471
33
242
-215
-19
20
-316
-467
637
195
132
86
-50
-512
-359
-276
-552
23
774
-141
546
-1341
1293
-94
-703
-184
626
193
342
51
-308
-877
-120
-728
331
418
921
390
20
-155
10
85
-446
-33
344
-306
291
-50
586
-230
280
-35
156
52
-30
-315
-107
200
44
-401
40
-165
132
682
11
-610
-242
-398
-150
196
498
-949
236
-462
-292
67
547
410
415
-336
-125
-170
279
-290
-187
-87
334
-369
-619
221
73
-193
252
84
105
829
577
93
-11
267
-127
891
444
280
-383
-313
217
-1521
82
-163
691
-340
-931
-55
394
112
-182
440
354
-56
556
-692
-514
490
-211
-317
278
-632
-179
-19
481
1199
408
306
-106
476
219
-837
-202
-73
293
-129
-696
-45
-400
-223
246
-182
-39
191
-871
-434
-456
49
280
141
-144
-120
740
-492
438
27
-234
-79
-314
467
-377
67
645
-323
171
867
-400
-214
-333
904
77
835
-663
132
329
-212
-7
34
-211
-336
-134
-553
-399
241
-206
-109
-490
-327
148
-459
-166
-442
-118
252
-145
480
-273
146
822
-257
-167
-46
-382
234
41
157
104
-138
-93
-1168
-810
308
46
552
-273
-368
300
657
376
-343
305
-21
-562
543
-47
-178
263
-363
151
-405
611
573
-386
724
281
-215
-382
19
-28
784
348
35
-298
746
368
212
107
-687
633
-528
323
578
-640
-582
-155
-194
-38
787
97
318
394
-8
313
-440
-20
611
-151
111
-73
138
-324
262
-301
-314
-552
408
891
217
410
199
-807
775
180
185
-317
52
-766
-20
-437
584
493
101
-139
1309
30
1082
-177
874
-1034
-322
-269
-234
455
420
-195
-587
276
-193
525
-480
326
-467
-246
424
-163
395
-284
370
-872
-672
-5
-517
-359
-184
524
116
-687
308
-455
1130
1068
-69
1011
520
-819
-172
-805
-400
836
529
-751
-128
253
460
-1074
-441
-56
204
-505
355
-236
142
79
-487
-574
-524
225
27
25
-944
119
-177
625
274
508
-60
-592
-93
129
-181
-136
-495
-511
488
35
-485
4
-377
-1106
227
273
367
495
-189
-300
214
-325
379
133
-149
285
-5
-664
485
-358
552
-354
-137
805
-216
425
417
-281
263
162
-253
97
-388
44
1096
67
45
296
1095
-566
272
132
-476
-809
255
-217
-501
94
-82
361
314
234
39
-103
99
302
-619
-676
339
24
59
92
-289
-130
405
464
-180
31
-418
19
-35
-160
506
96
-36
-534
305
-1030
190
69
-287
725
-549
-166
582
-226
23
-100
-569
-272
-280
664
-168
21
-633
-189
-317
327
98
48
-393
1
29
1
-45
-93
245
-15
-349
-282
-278
-1062
-87
-246
398
-249
-397
478
-424
-387
-206
125
-310
-130
-382
-130
161
380
272
167
338
461
-236
-426
553
157
70
-804
182
334
295
-95
725
161
-373
191
-582
20
24
358
213
541
280
946
-478
855
-242
-51
-84
498
503
-660
11
336
482
31
394
-147
333
-191
-181
-369
489
-228
90
-287
-379
107
1
271
325
-85
-278
569
169
-371
597
-186
1145
202
-363
-10
-227
-577
147
-116
598
-855
-376
571
443
-882
-36
152
-184
-807
797
-262
-516
604
183
362
75
288
341
147
17
530
185
150
586
-653
-499
-257
265
-84
285
792
172
354
146
11
146
-267
-657
213
-486
-287
-162
-391
-91
-110
124
403
486
192
-641
359
-272
-750
-593
279
42
31
8
288
-238
162
-129
245
93
-301
-675
-595
841
459
48
-110
175
-121
187
278
645
-222
889
250
-745
71
-29
17
-815
-224
518
470
-204
510
-124
321
531
-1152
39
-823
-353
230
464
-618
-672
90
259
-281
-1044
-25
718
-295
-1172
-99
352
-991
-353
-264
-210
-536
-29
-16
414
-190
383
578
69
231
541
-436
383
-169
-7
-175
-443
-601
-130
-605
-181
-287
-823
-428
329
234
-702
-682
-581
-399
-303
-281
235
344
7
-240
231
-55
158
831
-437
411
-126
-52
522
182
-48
55
851
-291
-704
205
-613
225
-81
-722
-451
540
-161
-213
-482
-135
213
932
-861
-69
-131
-157
713
-80
455
301
-291
144
33
-520
-6
-112
77
149
-412
214
-203
82
291
124
-886
-427
264
16
-324
-115
77
697
-312
-320
-41
379
-279
219
329
-140
-198
723
-378
329
-981
-726
-239
-218
417
-707
-224
121
-600
-1210
-895
-326
-909
-109
588
338
-189
-89
284
855
-690
-167
-359
130
-268
-295
109
582
20
111
262
-47
29
-289
337
352
322
-100
-193
289
-139
-140
361
948
-108
-342
185
-581
135
222
231
-3
-293
-1051
92
-357
-453
133
-703
-445
156
352
119
-625
-916
-193
392
37
-595
999
-257
119
-28
-437
895
-556
120
710
-570
-224
-918
301
-318
-938
596
-1198
268
173
429
430
224
-351
41
178
1097
-269
44
434
-412
-344
386
-535
-825
-437
745
-438
791
37
-420
437
797
539
-264
136
226
131
358
261
-204
-394
1207
321
-53
-192
-710
-421
-296
459
-322
-160
832
-440
891
-779
-76
-166
88
96
-27
19
40
900
-536
138
-409
-709
401
293
-124
731
-1112
-593
-682
17
-544
56
288
523
535
-406
443
-685
157
420
-296
-260
51
-282
628
94
378
-113
939
75
-312
109
389
-190
-217
-615
-1086
199
136
-551
885
-671
415
-35
335
638
-245
-537
-17
-282
781
-359
4
-144
-1
-61
381
188
876
794
181
-709
609
531
1048
383
637
-108
414
1091
156
-854
-129
44
72
59
759
-114
-250
76
251
-355
-732
-833
-779
-106
353
314
552
236
13
197
-699
-1005
449
-36
-385
-296
-270
-188
-92
475
141
-1
816
330
-612
116
-438
407
-348
86
-265
-598
-62
-480
-156
10
42
-500
-268
-45
-559
-270
85
-163
380
214
428
466
461
-321
129
1031
-165
-168
-67
-593
402
-207
-25
-354
124
379
738
207
-554
-313
-379
648
-442
376
489
422
-938
-175
273
357
-561
804
798
260
-259
279
-821
-500
142
161
675
326
995
635
-690
-46
-281
-21
449
-531
116
324
297
-364
211
166
439
275
162
-489
203
-68
-491
-64
13
-552
-429
107
548
-4
-436
547
-113
-463
-29
400
109
-136
420
255
-62
87
-345
-264
897
369
11
89
51
854
31
-112
134
60
-586
-229
-285
-39
-21
-197
150
-118
131
-135
-861
-284
409
-1045
-9
-131
-1
-186
82
-358
-891
-438
-145
338
-124
151
-505
408
-445
-275
777
527
248
-54
524
-253
257
270
402
-614
161
612
316
261
210
368
-269
539
243
-25
-648
352
-436
-784
88
332
-776
96
366
-894
-106
-201
-120
-480
-613
1019
-365
-298
-121
-52
724
-465
-305
550
-549
-81
119
-80
74
84
-228
-422
190
-810
-626
-387
-233
128
625
-55
283
-150
-45
72
-748
-33
-114
316
632
-596
-274
181
-162
-855
143
678
-60
-129
-427
275
186
534
205
281
-1061
306
108
341
205
-514
-132
-918
-820
-189
-54
-822
-225
-11
763
-311
284
91
219
41
-125
-41
-196
470
-111
11
113
295
492
-171
-193
-265
387
-27
279
200
-18
288
198
138
382
-38
543
568
436
345
-104
529
782
42
386
822
-89
-188
97
-214
679
196
1422
878
492
289
-840
-71
338
344
-297
-175
148
-491
-453
173
404
336
-319
640
325
114
251
-125
589
-312
520
494
450
-243
187
-205
-163
319
-10
-297
-838
34
-145
-188
127
71
-689
48
526
-723
528
272
-203
47
164
258
648
372
-285
-154
599
258
-928
-539
-858
-711
-147
77
-590
953
759
-61
-299
-233
160
-144
-298
481
-188
804
274
686
-569
473
518
253
449
-70
-526
602
-25
374
144
36
-492
-418
-149
268
232
-169
259
-463
-240
17
643
-160
-245
-1026
-611
127
1017
8
-96
-833
-59
-421
619
-60
-89
857
-521
-132
-18
324
591
-117
-31
127
508
283
-248
-344
186
-760
294
-1006
-378
663
-373
-67
-1077
70
-133
92
1046
172
-249
103
220
562
-515
255
129
842
-295
237
-633
-59
459
162
300
-488
-27
-1052
314
-1066
115
-359
-179
-596
40
-265
458
-67
-615
-6
-666
-97
-75
383
399
59
617
-144
18
-533
493
-621
91
1011
420
-197
284
817
-794
-534
253
140
-220
541
724
285
-496
-608
-784
417
-510
-457
22
-922
-505
260
55
-154
-641
-137
-206
-120
327
-255
-183
542
47
32
-390
-281
654
-180
116
267
-687
874
444
549
-271
226
-53
-311
871
400
-1357
-888
504
27
207
-52
290
293
48
137
-831
-158
208
-401
289
-141
452
88
432
66
285
-319
138
37
-307
1154
-381
-76
371
-500
588
182
1102
-619
-281
820
-24
-194
434
20
-309
-324
-361
-377
-572
99
-339
247
-23
85
101
185
-42
303
-77
-356
283
466
-78
-572
-109
-359
24
-47
247
-36
-346
-753
-57
217
-26
3
-165
710
-504
26
87
780
-290
-225
-405
-938
630
395
-280
446
180
195
-247
179
-410
-12
-327
-421
277
-330
-283
-146
-206
-605
-344
400
-130
788
-219
-155
191
601
254
0
-27
111
73
589
155
158
346
-160
451
554
54
-58
339
-359
107
162
436
-353
-704
480
238
-94
-626
-37
-853
1029
984
-47
169
90
482
560
-199
-358
-37
-394
314
513
-77
-227
-279
175
0
488
-444
-119
-375
-429
-150
-834
38
40
-154
460
-531
1002
-209
534
309
693
211
197
296
148
-260
-56
-276
-408
-263
626
254
100
-280
-672
666
-448
-387
-415
256
-332
-251
-274
-225
148
417
404
-221
-67
-363
-129
282
405
-242
-406
-41
88
926
386
-499
-54
552
38
-165
486
-205
364
37
565
-516
-884
-174
-494
-351
498
-53
-33
-210
439
-23
-273
420
-131
-112
6
1113
133
-300
76
48
132
399
-140
40
314
-66
-95
-332
-53
383
99
-90
-440
430
224
-322
514
-58
244
-242
132
-283
430
-432
373
420
-530
-567
-411
442
51
116
329
-597
-30
96
-68
-425
416
100
-851
1118
-848
-485
177
-502
-69
-180
119
780
-241
453
1168
150
-960
191
309
735
-370
721
-149
744
-432
-298
-131
-896
91
359
-189
429
729
178
269
-744
-151
289
-453
69
213
-409
-607
371
-281
-665
697
794
-456
438
-695
182
277
-71
495
-559
-285
658
738
-448
-31
383
-108
735
387
-112
454
32
-30
549
112
507
419
540
-402
126
191
-232
-349
745
-539
-414
-338
-41
93
405
519
-271
-53
-481
139
8
877
606
855
-297
309
-141
685
-439
-291
-121
-86
-400
-192
-477
-228
-177
-330
23
205
141
1206
403
-283
-436
667
60
21
-330
-801
102
95
200
465
-377
-280
697
27
-380
413
-399
-504
-489
-496
104
14
-5
142
258
329
32
232
92
-249
269
844
-637
27
-465
231
76
386
127
-682
718
-909
745
-253
367
443
170
813
-117
-182
1105
-376
-571
-1055
33
214
-16
411
-350
-536
-50
-150
-534
136
-918
633
372
-29
-157
944
-327
-664
-572
-458
39
161
-201
-859
-205
47
-263
222
-64
-344
367
-303
-209
555
226
987
284
589
814
524
-675
-60
227
-22
574
1326
-405
-552
288
540
214
359
-40
-520
452
591
251
-186
338
309
-214
79
-49
859
-313
-820
-1127
-100
-145
-396
28
276
571
1115
-367
561
396
416
-484
-757
-614
-371
-96
-47
-555
477
216
969
52
348
323
220
417
173
233
338
704
-275
359
195
690
-207
179
509
-747
-1052
-1390
95
-264
-149
703
-291
-283
666
-159
-323
441
475
116
33
-1137
186
1327
102
-209
205
-5
-255
164
-352
113
-245
16
897
29
-66
1
233
-956
-503
-73
287
-263
680
-279
-51
-348
1058
67
258
-384
-384
-230
467
-640
-77
374
468
195
-118
89
384
316
-115
-247
-291
-522
261
-96
219
10
-40
-143
120
-166
-210
412
745
346
-1277
1052
-201
-682
169
-243
124
-212
-85
511
-43
462
431
-43
225
-783
161
852
233
-103
314
-171
431
61
-291
-162
-220
35
-40
-289
49
226
-164
109
-448
275
298
375
-172
504
304
150
-23
313
-276
-80
768
-441
171
-494
343
827
-500
-82
572
-737
18
260
312
230
-455
243
520
152
64
-595
-928
147
695
-863
60
-123
-292
-229
-121
-68
-129
-2
-331
-164
757
270
-515
-370
-311
200
297
-267
-37
-74
96
-93
653
362
158
-113
-382
-96
422
-294
540
133
-464
-779
-567
249
212
-157
449
369
-210
42
-755
-199
-1161
26
514
93
432
-270
-177
-548
285
-509
-184
247
778
-609
-25
348
370
117
183
-244
-690
144
-71
-695
-699
794
-450
119
113
-111
-88
21
312
-158
-377
-498
372
654
-401
-226
492
131
221
-18
-887
520
-390
728
-572
-599
476
-614
-153
248
669
495
299
-534
259
-658
-218
858
194
407
-125
132
-353
-263
794
-142
526
-661
567
21
-817
133
-79
77
-609
119
444
255
-243
212
-356
-345
-126
-206
-228
27
-342
545
-49
-689
1252
-168
557
-1194
604
759
661
141
1013
82
101
-199
560
-56
-767
107
237
407
-46
331
-425
-5
198
925
179
689
-1
-828
-266
-94
-214
73
498
190
584
-169
655
256
744
402
831
496
752
22
-526
27
-279
264
15
98
-124
-330
-57
-134
940
804
421
-398
-152
-114
6
55
-732
-647
265
126
-298
448
-66
-69
-52
630
-67
900
544
-94
591
-118
-781
-362
-322
-704
-55
-426
-142
-262
157
-176
677
-287
312
-1031
-37
-58
-290
171
-468
-348
-74
615
686
-651
312
605
-7
519
-482
340
-419
-382
-370
-355
-128
301
31
-81
-80
-525
-388
60
21
-559
-39
172
547
343
419
407
-343
-13
439
609
491
-54
167
491
-188
684
-645
-952
-473
-254
81
255
-414
-328
49
-142
-307
-339
382
95
163
85
-791
539
396
-59
583
300
181
-757
799
-278
534
-278
-361
-369
-16
6
-697
-22
-77
-545
-694
449
-13
-411
-282
-37
-833
65
641
90
169
-197
658
-794
337
271
-38
400
-195
-529
-343
881
-341
-119
-82
-95
62
536
28
944
-582
-6
383
-953
634
-808
-80
71
393
-76
-58
-476
-28
-172
289
-959
-329
-297
-93
-237
55
-432
-561
-683
19
-37
-203
-710
-33
984
-390
93
163
49
101
-97
134
-492
-192
-453
-70
48
121
209
322
787
272
-309
286
-386
-778
124
237
-799
384
840
-20
-165
-561
450
36
-616
-1033
496
-354
288
74
335
-436
-288
351
-250
-548
-477
-466
-646
87
-140
-287
-324
-836
406
-179
-88
-177
35
14
-443
324
186
339
585
-94
11
761
614
-302
-55
527
-154
-197
-1192
318
-451
-837
427
-74
-171
-360
-356
237
-123
97
-458
-121
584
368
-289
290
260
-829
-89
568
322
709
-85
-229
89
81
358
-969
524
-232
-511
-314
-257
-116
497
-178
149
-374
23
359
-347
-171
-693
278
-1098
73
112
-59
-483
-405
-51
-103
62
316
-525
-243
24
580
126
-471
5
-476
-587
449
252
297
-998
-386
-35
477
563
-180
-59
219
-2
-198
213
-99
-233
-453
252
-673
627
-44
-369
-196
372
-268
223
204
394
531
-102
408
-666
-531
-268
410
-84
-299
-16
391
412
820
-211
760
-100
-177
643
-51
-54
-842
318
895
12
-916
459
-701
468
287
-464
-285
-338
97
329
897
-211
344
627
-158
-682
-441
-49
-332
-314
-224
-397
-943
171
134
-209
267
391
40
-128
-444
-383
70
303
170
460
272
506
-273
158
444
140
-186
59
208
-219
355
55
-196
206
371
162
682
583
-91
186
146
273
-400
302
-1182
-904
-503
-508
319
431
483
631
-143
226
479
-37
54
-596
-481
-816
-716
-190
262
480
-109
-26
55
-429
381
368
-436
-300
-566
-140
934
-21
-221
142
-624
-59
-241
-213
-553
570
-256
84
-521
-382
185
-421
70
472
709
252
367
665
53
-6
-411
222
387
-93
-91
-591
721
531
174
-19
-665
639
-740
256
123
530
290
56
-309
242
680
628
-216
375
-94
320
643
-45
24
308
69
505
743
-345
391
2
76
-310
642
5
650
581
-758
-226
467
2
-411
471
-457
-34
77
-286
-201
-202
-198
390
-897
-849
-217
427
-232
412
-22
-40
-293
-452
402
648
-721
349
-220
-230
-60
-141
430
-1488
-317
431
-366
-466
294
153
195
37
691
390
-161
267
1029
1051
191
-559
-645
470
-672
-151
-481
435
-428
-199
227
85
236
-99
218
-901
246
409
-145
242
-340
305
-472
-687
-47
100
-425
-828
526
92
541
123
-280
-371
-10
-182
973
-1080
193
-36
59
926
20
575
-97
-97
-691
126
-538
-1000
197
-187
647
-288
272
412
95
-301
63
-437
-96
-684
534
437
-346
-45
-132
508
918
-306
1387
279
-106
-559
552
-142
-209
511
-542
-99
564
-71
682
-799
997
-188
-27
-110
149
-228
-593
95
-139
389
-135
39
619
953
829
169
246
-38
35
-722
151
223
-316
93
-693
451
-261
-624
64
20
-189
-266
-274
-604
702
342
60
309
-224
441
-435
359
637
1217
-343
-273
109
-229
426
207
-412
-396
-254
-647
-115
-544
673
-1174
617
-346
-129
-866
243
293
322
404
947
-153
406
-794
141
-252
661
-524
-358
366
-317
300
281
-98
221
618
865
-336
477
128
-156
-236
-426
-129
-594
-503
158
-377
-159
425
966
362
-519
543
-243
-841
152
470
-114
-340
904
-1013
805
528
315
-270
-673
492
305
-584
-285
-62
183
-1043
-579
-720
30
-63
336
-20
152
-316
-286
-519
-158
-562
85
532
-36
-40
1283
622
50
-120
471
343
125
1003
964
472
97
-143
400
810
65
381
-381
227
-377
47
118
-330
-429
-550
457
685
-38
360
403
53
-134
57
-248
160
7
5
-414
283
-104
480
667
-737
469
727
502
690
802
-431
-528
-312
210
307
431
-62
-535
173
726
-376
69
-750
349
1336
-216
647
-1144
-26
1062
-319
-136
80
336
61
-392
-288
-143
461
41
810
-143
299
-24
594
283
610
-446
-565
-332
-122
-531
263
530
329
-384
8
336
811
-170
-392
38
-287
-524
-188
462
255
-89
242
56
226
-220
-194
-363
438
-435
330
-131
-340
2
-133
-334
69
-3
-162
-566
640
1212
605
-187
-288
-408
-445
20
-175
-150
-140
489
303
228
704
-465
648
366
164
354
-757
-345
-247
-114
-212
-882
15
82
80
587
-117
56
291
-524
-665
-75
-143
-873
-334
278
-236
-463
-144
479
126
-483
132
-561
247
478
674
195
-390
-1552
-532
-337
129
-297
440
317
-82
592
406
-710
314
496
-828
9
-337
296
-259
347
-459
182
-532
-761
-723
349
381
-307
395
332
121
823
108
315
-89
48
-205
-333
-700
335
-605
-809
-75
-210
466
-196
-349
620
283
-476
-15
594
-138
852
-324
-490
-238
491
-330
-205
-357
-2
227
461
-196
-511
547
524
-304
134
1250
524
219
435
632
-77
-71
498
79
-530
-187
-301
395
-399
-96
67
198
-181
792
795
-108
-100
302
-84
128
-96
158
-604
94
-407
-308
146
454
205
190
-408
583
-140
521
-380
291
-695
215
-115
383
-73
150
121
-868
-409
-257
1056
-201
-166
623
-422
-179
112
-1166
724
-18
-673
-210
600
-109
580
1559
-124
-98
577
351
-292
-694
-426
-170
-577
273
301
1089
-390
-127
-686
-120
12
120
-1
-17
-900
58
-65
-333
74
-422
100
-377
-152
356
337
252
-564
640
-277
-743
-158
-148
260
538
431
542
-509
87
366
-52
398
-81
-110
-220
-536
-268
-897
-110
-10
101
-11
-909
53
152
-12
-519
146
-359
748
869
68
247
-274
228
-716
-338
-224
-775
-77
-466
53
-291
345
-381
-744
346
784
-959
-177
385
28
590
82
-337
230
-826
-518
-195
-675
-409
115
-214
127
-106
32
976
-188
432
178
-109
-674
-286
68
60
-128
821
127
-321
464
-508
151
190
144
-683
-441
402
180
34
-334
-429
-486
62
-170
-653
-239
-692
527
88
-227
179
-537
-624
409
264
350
308
-357
-352
-300
-124
44
459
-602
373
153
-230
-406
-317
-203
466
745
277
164
-491
-233
307
-204
-424
510
368
88
-148
-922
-137
719
500
-446
-93
-193
-494
-302
82
59
-346
324
329
765
-271
90
-114
-234
-332
-360
184
-294
-85
60
-269
-273
27
514
140
-393
61
483
253
60
140
-53
397
-169
-241
-412
-1116
-504
358
359
-985
317
380
-117
32
305
243
11
3
-1366
-481
306
-687
263
-103
36
-236
-390
-345
-501
350
-339
289
326
-434
-665
290
195
174
138
-851
430
-553
-410
509
-785
3
-64
246
421
-257
-1011
-41
46
115
-38
-142
-235
-580
976
178
-1479
-897
1319
-203
520
112
25
289
-394
869
562
223
-557
-12
99
333
-92
241
457
-303
-493
-96
479
-76
-501
-183
-467
-754
351
614
-526
-322
464
-162
311
99
608
672
403
548
-1375
-148
498
1136
71
-492
217
189
225
-695
-11
539
-155
262
-1438
653
-383
458
102
-535
-670
-655
491
595
-119
-146
694
-185
-113
464
596
-39
11
641
-82
-7
616
-85
-7
989
-100
1136
-8
37
446
659
397
31
418
589
-129
-176
497
-203
-106
426
433
438
-773
-92
-517
528
850
-387
200
-703
301
-71
-608
538
-286
59
112
-320
712
568
-235
422
-643
-668
-859
-467
489
-202
99
-369
352
-286
-402
13
446
-83
174
-388
-515
-540
605
-673
-424
814
82
406
531
-201
680
95
76
-450
410
665
-590
217
254
499
-347
-129
212
844
-1012
64
438
-1031
80
-1033
-56
-174
-388
-266
-436
-172
-28
229
-275
243
301
-426
-1057
95
361
113
288
255
-171
572
-385
855
102
-4
574
-568
110
-192
917
-829
288
748
611
423
325
-271
188
171
-268
75
206
124
3
880
586
-182
197
221
-135
-119
375
-522
-347
-69
807
523
-95
613
285
819
1101
467
141
-204
306
-447
-848
184
208
-807
130
885
-99
518
167
422
300
773
877
239
63
257
360
-771
-259
-444
-264
657
-52
