25 97 729
0 1
0 10
0 12
1 2
1 13
1 18
2 4
2 7
2 11
3 4
3 12
4 12
4 18
5 2
5 7
5 13
5 16
6 7
6 13
6 19
7 1
7 4
7 10
7 20
7 23
8 11
8 14
8 15
8 17
8 18
8 21
8 23
9 10
9 19
10 2
10 7
10 12
10 17
11 17
11 21
12 1
12 6
12 11
12 12
12 13
12 17
12 18
12 20
13 7
13 12
13 23
13 24
14 4
14 23
15 0
15 4
15 5
15 6
15 10
16 5
16 6
16 7
16 9
16 17
16 18
16 20
16 23
17 0
17 4
17 21
17 22
17 24
18 13
19 0
19 5
19 11
19 18
19 23
20 13
20 19
21 2
21 11
21 15
21 20
21 22
21 23
22 3
22 12
22 13
23 13
23 16
23 19
24 2
24 9
24 13
24 14
24 22
30
93
50
23
25
95
61
73
45
44
40
10
92
1
78
15
5
79
81
27
65
8
43
82
20
94
18
86
96
58
41
66
47
91
33
42
68
3
62
37
53
67
90
84
88
28
14
19
29
74
21
48
83
51
85
75
60
6
55
26
9
72
57
54
22
69
2
31
24
36
4
77
12
70
59
17
52
87
39
13
71
35
64
32
76
34
0
38
80
63
11
16
46
56
49
89
7
832
-14
-234
767
-652
-621
-114
96
-1272
464
-122
-252
597
-109
-695
1343
12
346
121
486
-85
705
464
-338
-1340
667
53
-38
464
-414
327
-113
1211
-1466
-1595
567
-1854
162
345
-145
405
-107
26
-994
-555
-217
973
-196
-777
703
-747
502
133
483
-493
392
270
1725
580
-239
-1276
-724
421
286
-769
-596
653
-147
-244
749
168
707
1310
1319
540
1446
572
306
5
-75
-152
-270
422
516
-170
-239
226
563
-362
1342
255
-868
214
732
1762
1196
-448
-310
542
345
-222
-1098
766
899
-409
681
102
588
297
-807
-938
579
-240
307
1016
-58
320
469
-140
15
781
839
-205
-563
-1346
382
969
-964
-634
-1141
-1312
1507
-360
160
1167
-1463
-694
841
-733
-311
635
1077
1163
-1169
-1344
-801
220
-457
-492
664
-571
185
1605
598
1833
439
38
-490
369
-834
504
469
-872
-5
-836
-520
579
702
456
-665
681
-2251
1172
-8
-793
129
-820
1570
663
-335
422
-1580
-807
178
162
-811
-1745
477
1028
-1520
41
-122
125
9
740
691
389
-567
-458
1667
-374
-400
667
-960
-64
-1147
382
43
-1420
-66
-914
-641
523
-434
-130
1333
1204
640
-841
-1071
21
585
484
367
1207
-185
796
371
96
1398
203
-373
719
-181
-180
232
-1515
-1176
-370
382
236
1891
289
-31
326
-382
346
857
-30
-761
-588
345
159
282
372
222
1415
-877
665
674
-1264
457
-1332
-268
394
-208
569
-774
15
-410
251
-222
909
-269
-79
1374
323
119
-558
-681
514
995
608
539
-525
1300
778
-685
-743
-331
464
487
2375
-198
429
-325
-470
-122
1547
-130
-1018
1133
-1178
-111
-620
44
791
-1900
642
-116
673
1679
-196
758
806
-1000
-326
280
177
552
-233
1214
-1882
707
250
136
-437
-238
-541
76
520
-148
-813
-448
-1524
-750
-719
-218
519
-659
235
435
512
-391
-456
868
-1229
1206
-263
495
1635
476
313
-404
41
-764
457
161
290
910
223
134
-339
-599
-642
406
-561
338
-324
-127
-293
-411
-211
357
366
-891
864
337
409
-476
-236
810
-240
-95
337
459
476
-156
-569
188
274
65
58
-134
859
-492
-1327
-343
135
264
762
333
398
480
767
-347
620
-156
110
120
626
-794
-120
-356
164
-352
1467
9
202
995
347
-764
11
249
-692
-1845
1037
547
-17
265
451
-42
-331
-104
-1142
451
-320
-398
292
-756
561
22
-407
-754
-460
-1276
-406
908
-728
722
445
694
727
-247
414
-617
544
258
887
-743
-352
-128
-957
-72
142
1442
-412
-544
898
437
-678
1451
-516
1427
-568
388
463
205
-926
65
136
-859
130
732
820
126
-1297
-819
-1097
14
49
-340
1107
874
1538
582
-616
-990
-660
-88
100
-2505
594
1466
371
942
-273
-230
513
1068
588
-1312
-352
-8
-692
-748
1075
-632
-65
92
-732
-1433
-632
805
414
1102
-1872
652
1161
247
1555
676
-1229
863
752
1130
1448
-136
-320
-1050
207
-558
21
281
866
-564
-550
1622
315
1380
-17
-1056
271
350
84
-334
348
1554
-48
-234
1071
-865
-448
147
907
-1145
-711
877
1044
-405
-718
1241
-502
542
397
-444
-102
-197
821
-46
-615
-554
-273
-365
-339
311
-225
-154
-835
-117
-113
-255
371
-371
-1225
-73
738
192
823
529
634
927
662
28
-1336
-343
-543
-1535
1444
945
1403
-416
-379
-428
-708
-1702
968
636
980
-141
499
-1610
-815
-1236
295
-1519
-758
421
119
-546
-251
-239
1860
-99
130
450
510
773
946
-295
1440
-1600
1189
689
1156
400
882
1162
-277
433
1219
1019
221
34
1080
804
751
-438
813
1503
-343
-688
-113
1003
-776
376
186
460
1387
630
672
1154
2261
-576
-279
-937
-176
-605
707
-62
93
-215
-162
461
394
1308
-69
-961
-260
773
93
703
59
-1075
-399
848
855
376
427
304
-70
-453
-911
350
-79
82
139
-655
1232
428
1106
808
851
-569
-1147
-185
422
765
-98
1684
316
834
-1149
514
568
978
-288
-33
690
-289
-521
396
-1392
800
-706
332
-607
437
885
-1523
-373
-409
-711
1027
1129
1406
-705
61
-137
49
610
1148
698
-551
-268
243
885
-322
237
460
840
-349
111
-176
1392
-635
-904
-641
-554
-650
352
189
218
-44
-159
1318
-748
-217
-833
1418
-331
-535
-783
204
-580
-637
-32
765
-139
-1076
1076
272
-198
-273
565
403
-727
2062
-1079
1059
577
-430
2
-798
350
816
538
861
-111
301
215
-872
-430
645
95
-931
-1240
359
158
951
-697
1144
-565
-705
-82
-702
-1358
232
-1790
178
-1021
-1467
-134
-1055
-505
683
-218
-611
648
793
1318
364
1534
-633
-301
206
-250
593
-1346
-380
-427
148
-187
-586
71
556
-1039
217
-45
-2507
-793
-392
599
1510
-989
-725
-188
1299
-1092
333
-425
79
-65
542
446
-571
934
405
-582
943
-1056
-291
-587
-1591
-433
281
-746
336
517
777
-750
847
302
722
-1457
-837
-1205
-996
261
-957
95
184
-443
844
-331
-444
116
-881
-432
-656
-502
-425
-1516
479
171
-578
-379
690
740
282
472
-307
-6
-96
701
84
-439
141
508
-122
876
-904
1037
631
-1861
-183
-670
-1917
1106
201
94
128
15
-1026
-302
940
-970
1136
-344
418
-443
1363
888
-254
79
850
779
-379
-708
659
143
646
-1111
-385
1051
33
645
-456
-119
-95
762
450
-354
-197
786
-658
-273
267
-889
323
2295
752
-914
54
89
-721
186
42
1397
200
1081
617
-1196
-616
-576
-414
-870
529
258
-347
-1062
-12
159
-632
405
-1159
594
1153
1015
243
580
-1037
444
346
-617
-690
-1690
-743
1107
10
204
756
901
-554
77
94
-166
542
-1609
77
804
225
1263
1092
572
193
789
-884
344
-427
-478
317
-410
-151
-182
288
704
376
-437
499
-964
-232
127
600
-321
192
-1351
102
421
352
-706
380
1159
-707
263
103
595
968
120
865
-20
35
413
1241
736
171
-998
-90
-596
-124
247
-1267
-200
-677
434
-190
-540
1482
24
406
724
876
459
236
1174
-22
-53
600
727
1074
-21
635
561
1822
-480
415
-460
653
1054
1579
510
-397
712
1108
-551
-1080
-514
-1027
-1370
-2113
809
1267
95
293
389
-616
-549
552
-1334
-565
-236
-1057
-443
350
-572
923
-1106
232
844
716
-434
716
-720
-612
524
-670
-335
-627
-388
-305
-277
70
-397
-15
-171
435
-1695
1156
2034
-804
1151
-1403
-1077
739
963
889
-705
-2001
261
-560
-847
-125
-12
-550
-517
-700
-851
-596
338
-470
-529
23
152
813
-192
768
734
-419
-1824
1233
-540
1787
-752
294
724
982
-596
-1374
-78
-237
-361
-646
1076
-1239
-517
744
1116
-771
224
152
-169
104
132
-781
-478
-153
738
1592
1114
-85
-369
120
-423
893
269
1083
-866
-396
-473
213
-317
-825
266
913
-509
-1028
-904
29
486
751
-314
-4
-675
-915
1155
-325
-1246
595
412
465
1003
192
-751
-517
1457
841
-160
1132
1063
-1471
-515
-364
509
-12
593
520
1404
-984
1103
-742
930
281
1772
216
-239
749
48
-863
737
439
890
-274
194
-433
814
-989
171
-779
-1142
344
-896
-589
94
-872
-412
140
-777
-629
-693
71
-1170
-263
1613
-151
-385
1021
279
273
93
891
-100
677
158
1597
-237
-745
564
540
-1133
153
467
-349
163
-415
-1205
599
-100
462
-587
52
727
398
-339
57
-662
-321
-755
-293
-1722
401
477
-1280
-32
-809
0
212
-544
-431
-730
332
-102
458
676
-976
-373
-1088
527
-167
-1147
-104
33
-936
-346
767
901
-60
-1111
65
-5
-857
716
-473
1020
-793
234
885
302
417
-488
910
-1054
442
30
1
-655
664
-648
-690
403
-526
254
895
10
-487
-21
-1107
-940
372
-841
505
-566
324
-494
89
-568
477
3
533
1064
-838
710
-916
360
-510
-316
-373
895
523
606
37
189
-354
-964
-301
1794
-405
-446
-657
59
-1181
-736
291
646
-296
-692
260
623
-639
130
347
-758
758
-520
78
-355
1580
1262
1602
-281
185
749
-687
428
410
-1167
138
819
-492
-961
-169
562
15
-960
-119
-907
149
-864
323
-842
-1917
634
-1210
-125
-920
606
-82
-912
-328
296
432
1333
-913
-221
281
-426
919
758
-477
-208
-1107
-342
818
1093
259
-700
274
100
1688
-979
457
-599
-364
-924
909
923
634
784
536
-262
-2091
732
-1055
-498
-521
-273
-640
-399
-699
-924
-1173
-39
614
-549
1147
518
912
737
-968
741
-787
711
224
263
206
-113
187
-552
-912
773
1000
-326
516
-454
-121
167
613
236
-444
-496
-1186
-128
635
-371
873
-273
352
1054
132
465
-274
588
35
-518
-729
-442
-349
266
363
126
-269
827
303
-147
648
1016
333
454
-360
-2251
1151
-1284
1020
-400
-136
-420
1208
-354
-610
-95
661
-977
-494
1128
718
368
271
48
-404
-125
358
-458
-321
-406
125
-23
-1086
594
-1212
-794
498
-494
84
350
1070
272
250
-582
-1484
-307
745
-361
529
8
1268
-53
-612
-1144
-40
-640
-239
-263
-1239
-32
2024
2012
1014
604
126
-443
-544
907
-555
223
-601
961
-877
421
-944
944
623
-432
-67
-199
280
-810
-61
-369
-405
-145
1051
151
-345
-898
-1353
730
824
905
106
220
-488
-1402
-830
-372
1176
-591
73
708
-1174
-916
-274
1404
138
422
-152
209
-546
-583
-455
-574
412
-18
-14
685
-63
-1310
446
737
-441
559
-852
-327
-155
1374
22
-113
841
-634
-54
145
1713
694
300
-100
-337
-882
-509
-61
-159
581
-529
-232
-53
-1315
206
756
361
1123
-509
363
492
253
764
691
-1729
-232
12
533
-98
-269
-1069
1040
1127
73
-1457
-283
-811
1073
261
472
815
508
-643
-610
-461
200
-448
-14
-1269
1290
559
-35
-527
897
-368
-1263
-1768
-833
940
809
-1352
-444
383
-980
159
184
-478
215
-1623
-407
-38
-703
178
57
-1792
247
-373
-215
576
-442
-776
-570
62
-566
-707
-277
17
-437
-582
-332
-391
-702
356
-63
-1548
471
-366
-937
632
794
-86
1046
780
180
366
11
-1217
464
316
259
-619
192
1127
-692
524
818
34
-249
303
-445
-316
-203
469
658
320
-419
-286
1416
1373
-828
475
-467
332
74
-1676
-604
-519
484
2087
-346
-654
-321
-2616
-385
-137
1084
220
-487
456
-383
403
150
442
909
-741
-159
760
1220
-60
-806
76
-101
-500
-323
-2516
-1109
-966
195
-466
6
-339
40
-196
-305
-2109
-244
-1101
222
-15
206
422
-1336
201
-616
-498
-53
815
49
-374
1400
-839
-409
74
793
290
-843
44
339
224
-154
-655
1499
-999
-192
148
-132
614
-1093
416
-748
-612
-145
-599
-652
-675
-791
-32
554
1001
651
-111
-269
-113
-847
117
844
1167
1127
-53
-438
1023
-439
439
196
-968
1024
258
-126
580
-1794
960
434
390
809
-298
46
-736
-582
334
476
705
415
-862
994
764
-1980
281
66
-14
-669
296
993
244
607
-1501
-126
-466
-715
185
-587
-1407
-331
1306
476
-225
640
483
111
-223
220
231
229
-450
627
855
-850
763
-1485
-863
-351
-1187
-1743
-12
-112
-1546
-50
-137
-1500
-917
305
-522
-265
-312
-349
1043
578
125
913
-998
-1068
-87
-1055
331
-1040
382
632
248
-564
135
374
318
142
1140
1396
-533
982
487
135
-20
-720
-175
-199
-229
-694
1305
712
525
870
-1032
-349
387
1550
647
-721
-878
306
383
-1103
366
-367
-15
221
-151
293
1072
846
467
429
203
1320
223
-498
-265
368
44
1215
-248
115
-203
-1065
23
-489
-2
-1049
40
-246
140
-25
237
765
467
-499
853
669
56
360
-571
153
294
154
126
1632
182
344
113
-191
-330
-54
-742
264
-479
560
-118
717
-135
1498
890
464
-1163
444
1822
185
549
1036
1129
14
429
233
181
733
136
438
-300
-372
-355
792
-1
-364
750
2
493
612
223
310
160
891
-291
-257
-1303
-85
167
729
-234
385
501
-1068
1397
-93
110
-505
640
-793
-232
215
-798
2013
-703
-272
-1030
-533
499
-1441
1185
-783
409
-1623
841
-1509
299
-670
-1332
-297
90
-252
-1025
522
47
-1036
-794
-28
-789
672
-218
-448
-642
466
89
-56
194
-481
-505
-760
230
-131
1277
591
-509
-1180
-482
912
-1254
139
-37
-5
1224
-308
-763
-526
-632
-3
1229
432
-364
-730
690
1661
398
341
127
934
-292
-31
311
618
2
-306
-314
772
1583
-902
-1226
-553
-22
531
988
-495
-860
-393
1138
-695
-495
-409
-48
1284
-42
553
-232
374
-1680
516
-647
-12
816
-287
1116
-15
-201
260
-1632
-918
-611
-467
-604
511
-332
756
1232
-427
1442
-32
-800
1017
-193
-556
612
-126
735
-212
-155
-678
-681
-1692
606
485
481
-703
-447
108
-1052
-100
565
1475
-1281
-331
-666
202
-430
302
-463
155
95
-317
-333
-185
616
-118
395
-464
738
-1068
644
114
-1099
639
-49
-5
562
-307
-892
586
-62
-547
330
1696
-181
-54
663
1417
-587
865
-70
-181
-821
957
730
-544
-306
535
818
210
827
-1715
-696
-299
429
-1279
480
147
867
306
-1113
607
-279
-143
-1071
1312
808
-870
-340
-1082
666
-296
564
-313
-522
344
-90
790
57
-1232
5
535
-640
-492
173
539
-576
783
-404
-206
-563
192
-628
-178
439
-1311
586
-1785
-1196
-552
155
-329
748
668
-16
941
850
243
407
284
997
-278
161
-1017
-804
-1296
766
1440
598
-226
-44
229
201
1023
-154
730
334
338
-90
-267
126
986
-560
525
-645
-24
-59
-637
917
718
-340
446
218
855
929
343
590
-384
1200
-85
380
-825
805
-201
705
477
-1199
-178
-122
-813
-770
-1045
108
1200
-1140
-700
116
2231
512
-1338
482
-1444
-1003
-250
873
204
580
-1854
-1505
900
-1170
-554
-261
927
-903
112
541
856
91
196
-802
778
-65
568
65
-144
968
-483
-394
-472
-1086
438
255
-1330
1180
-519
664
-285
-974
629
709
593
-940
100
790
173
267
-189
380
384
485
-353
-110
-48
348
476
-1028
-33
-196
68
-563
-440
32
423
777
1134
-557
-477
32
-794
-265
-1097
730
229
-283
432
17
640
608
-545
530
-277
-278
81
1861
-610
238
-677
1098
-662
129
-346
1000
210
468
-381
-116
-155
1270
-647
1496
318
-875
816
-84
-299
-619
-84
-267
350
-380
-4
974
-323
1272
-198
1047
-406
125
291
-462
-235
930
978
-374
204
575
413
304
-212
-855
357
962
663
285
1358
-459
-839
1398
-269
1713
362
383
942
-310
-730
177
-674
-1029
-662
685
-235
515
-701
-443
698
-387
664
353
-575
-322
421
295
-459
460
-252
151
-398
-287
144
825
-637
156
486
-282
-898
533
405
-609
314
459
-644
576
339
798
366
1030
932
-541
60
963
-47
631
-2043
19
-927
446
980
476
195
1259
930
651
857
-539
-776
-111
-182
-1283
-130
-530
-585
648
829
639
833
1272
-352
-786
-602
-474
153
-332
522
-396
-1152
-258
-408
157
138
-229
-52
-1020
-1495
379
199
-1273
300
771
536
190
-201
-857
-818
542
1738
-662
331
174
-1186
-511
-559
-16
1345
-624
438
711
479
-837
-581
-805
-12
-112
-184
898
538
-1035
-694
-114
-986
562
-669
178
-796
-215
234
875
-226
211
845
423
75
825
32
1527
-306
-1333
-235
-1048
-1060
203
-93
-584
-1131
-231
-265
-159
523
-856
374
218
446
-391
171
-133
396
-1119
494
534
692
396
2082
-819
-1356
-354
354
1040
-540
273
-5
-939
-676
-1491
-398
577
997
-328
720
1054
287
-365
-1206
-391
-209
482
-315
20
-87
-724
-1527
-225
-1082
-1089
34
-1403
341
367
83
-210
598
-132
-528
-544
851
-498
204
909
291
1250
-181
37
-27
156
242
578
1125
-92
1078
-714
229
1030
840
-50
-1360
-320
146
1235
189
11
542
175
576
203
717
-1033
-726
-363
491
-490
-181
108
-569
19
-509
119
870
-573
402
773
-440
-121
-1861
-166
14
-16
379
-441
-279
936
360
-420
-1022
-1346
885
661
67
401
528
130
-574
-545
-1178
-242
227
-1488
-2381
-318
-1311
-802
-482
568
792
-76
327
-333
-565
298
-968
-538
134
559
-916
745
685
-142
-441
-384
933
376
-125
367
102
266
429
357
1244
-155
397
1231
-310
746
1092
-181
12
-1625
189
653
-995
282
49
-630
535
44
475
-379
-1112
-113
-73
-328
-1048
-210
-562
502
1522
-1772
-1437
-47
-500
768
-218
1326
-1557
451
404
476
-1120
-39
412
-840
521
259
251
281
28
-475
-555
-708
-260
-136
26
-499
-1962
408
-350
723
614
159
-519
342
-664
-749
591
390
-437
-435
276
-68
304
-349
705
455
41
-827
173
662
-352
-847
-831
1256
1490
-874
102
-185
257
-793
538
207
479
-413
-312
-512
-616
526
-197
536
-46
370
-1548
1548
1988
-485
577
137
-427
206
-710
934
1113
-1211
-274
-351
943
-511
165
383
-243
525
4
334
-580
1188
895
-793
189
949
-913
734
-262
769
560
57
533
907
1483
-1066
-307
-1915
-72
-262
-36
1160
-1017
-683
1508
-295
-850
-69
187
-879
-820
1601
-358
221
1309
1279
486
441
-798
-6
815
12
-457
362
466
6
-392
-983
-902
-37
-64
278
752
-11
-251
-3
-38
-1351
613
140
-294
-771
437
-769
-550
721
709
-208
527
-912
763
358
-41
-318
-161
788
-92
215
-64
-622
15
513
493
-472
512
670
-243
-885
750
357
-1090
-420
-78
-189
460
-169
-154
453
571
-383
1164
-789
447
-135
-326
-211
-55
-310
1198
-471
-170
201
-81
-692
364
-445
750
-157
-603
-111
788
-418
-956
635
880
181
173
-936
366
147
-140
-8
-82
354
-96
-1051
-115
-639
106
802
-182
316
-49
45
-105
-532
37
653
-658
1608
166
-789
300
-132
194
803
807
611
1763
1247
236
-108
-666
426
-565
-327
-760
-389
259
-540
-361
636
-190
-383
-296
-234
1529
-125
823
713
143
769
-316
-787
-90
-1032
-1281
-691
-120
459
331
226
1358
762
-2186
-1843
-157
826
428
-193
561
-251
1663
-522
384
-478
399
-1090
170
502
-487
153
684
171
489
-816
-154
486
1152
-2032
-120
-254
503
-210
-1057
-141
-1217
-618
-861
357
1043
173
-549
431
-405
-504
701
-29
-343
-459
-495
-272
-1656
-212
-1374
-692
-331
1259
-715
697
52
-701
219
534
1214
-671
-1141
-122
577
-640
-187
760
727
791
-862
969
-347
-82
-1038
-586
1703
215
425
949
537
-689
-496
-646
319
-1024
-1753
-782
492
355
-938
-260
552
-352
-409
377
1498
943
1572
-415
-1207
304
77
1239
-51
-37
-57
23
421
794
-153
-773
410
61
587
724
860
227
1031
-816
-323
705
179
146
-692
-229
-200
-648
-227
1188
244
-1099
-1047
-56
-1670
-77
-655
385
960
210
107
892
-239
-852
-962
-501
-657
667
32
663
-389
1843
39
-937
-1162
525
517
336
364
-492
1229
552
1293
808
551
-947
-405
972
359
1066
483
-328
-1615
712
-493
425
-211
822
728
-642
357
-886
144
-206
-262
89
194
-670
-295
-257
482
863
-215
1388
1071
301
-1034
928
-545
-1424
58
427
-1280
2255
436
-1428
1198
617
-875
45
-519
399
-214
-247
-255
-79
103
-789
-509
-111
-894
-1101
133
769
697
707
562
-137
260
-311
61
323
-241
718
1142
-171
21
1052
-484
-1256
-54
-256
-51
494
246
-463
523
49
266
508
-168
-381
428
409
149
1090
-1094
-1310
-248
351
-271
-669
464
1926
1331
291
-1266
652
-949
-129
681
338
573
-555
-771
187
-563
-692
772
-628
487
-26
-1192
25
-859
370
128
-606
126
330
990
-669
984
83
431
-698
-9
-1404
-1298
-228
14
1540
-669
1737
-344
-923
-299
-256
189
511
-1560
-698
-558
-1552
658
-1390
165
634
-96
696
273
-1016
30
1116
-175
803
871
-81
1113
-197
208
69
805
198
992
1275
-597
239
-452
146
-1230
-526
524
-212
1146
-64
-591
-986
49
138
370
1031
455
141
-228
1018
864
-785
-322
-99
-721
184
178
-1219
969
167
-361
464
776
-195
739
-618
-165
-1062
290
356
1425
655
249
-54
695
-1176
-600
546
-967
-391
-139
-410
792
-737
139
41
323
202
-917
-1095
-708
-660
164
2
218
-508
-203
-12
92
732
-496
210
-46
528
152
-1188
-1101
271
147
328
134
507
364
77
803
-192
452
-473
37
-544
-431
1660
-83
182
-1311
88
753
176
752
690
-2
-131
-1192
-580
414
-318
-265
-1497
-36
-1806
-135
692
369
974
1223
23
524
676
42
-4
81
1641
184
-211
364
-180
171
-217
-508
539
1239
387
163
6
1397
-576
1798
339
-407
-1750
921
-527
706
148
853
-314
346
-884
-81
-763
823
589
172
242
615
1150
-157
403
1338
773
-392
-480
-219
-118
-698
-963
-374
-1562
163
291
-219
449
1463
-415
-27
96
504
723
-414
-644
-1099
-235
860
-1043
148
-69
222
-1129
-1023
-908
-1122
163
-450
70
154
617
157
1038
-62
-638
1026
-105
-703
957
467
263
333
-1016
-900
210
70
295
415
-47
319
106
404
344
1570
634
836
-694
1001
43
106
-197
1018
-513
150
379
204
-539
467
1087
58
653
1017
510
703
-178
-193
1134
32
212
279
-1167
-374
-392
132
362
-1213
166
419
-775
939
408
-210
-232
-154
-197
82
-1422
-86
1777
373
-252
-507
-782
-327
837
-975
424
-155
-213
272
-628
-233
-213
564
-661
-1115
177
-430
-1181
-404
549
1023
-278
-43
-751
433
-20
-631
1833
364
307
586
194
92
376
-719
593
365
-187
28
-82
1677
-40
-159
707
273
116
-227
703
347
-338
206
-285
628
749
-918
1273
856
616
-695
-24
420
-356
-341
-1048
513
-55
-389
220
814
-455
-112
296
-20
22
335
1113
885
505
1327
174
-300
-1591
80
-458
-893
580
418
-486
-80
-841
399
-374
-1669
-401
341
924
-755
-49
912
306
-468
-166
27
244
-1089
-75
-84
1716
-922
-364
-456
-284
-599
35
1181
-260
-29
70
327
-569
594
-961
-615
82
-1357
-221
-1086
35
-1509
590
-159
639
331
496
-3
323
332
-799
43
-304
196
458
-986
594
252
-499
1536
1620
-358
-74
-140
557
78
745
-323
310
-943
1240
933
-857
325
-777
601
-425
86
1235
-419
-551
262
124
1047
247
850
-75
-922
-989
-1263
-376
393
163
-123
-366
532
-746
-1738
-1050
408
-31
783
1848
273
-1136
124
8
-397
586
-80
1179
-681
-562
-765
1261
909
0
1672
-67
772
69
869
-553
398
-383
721
-1018
-540
131
420
-77
439
-251
13
-395
-5
206
1719
278
-708
-288
282
773
1626
1128
814
248
-274
8
242
329
-110
732
358
623
147
-766
-138
2
-561
97
675
-336
-850
-123
92
238
-139
-810
418
-1031
-514
-646
769
206
809
723
-307
-519
469
597
-1069
-410
259
-283
-450
924
1339
-484
-304
256
-1369
-1226
1243
792
-818
-317
-349
670
-768
-906
-100
397
19
95
448
1902
-739
377
-294
-490
-762
589
-1125
-306
1328
-2624
-18
149
39
1016
-1854
722
95
-575
17
-42
-1035
270
666
194
932
-909
1227
-525
-1518
-297
-481
-530
1777
814
334
191
689
-734
885
-300
-250
540
-609
870
-45
-1291
830
-1453
1828
-1064
-40
659
544
572
198
-646
1199
787
-406
-966
-787
-650
283
336
-833
66
894
551
-282
988
53
438
-540
557
513
535
-1667
363
50
558
1113
314
275
-830
494
-877
-491
954
1305
-412
-66
-399
-516
-249
331
-421
-238
-268
306
-414
20
-633
365
-5
412
870
-587
-85
523
590
-267
-213
1005
179
693
-831
946
-482
5
1355
1302
223
90
409
-90
1353
-762
410
402
-252
288
235
-638
943
456
314
-259
570
-251
285
89
691
-887
-672
1866
1220
310
-344
-906
-20
-2010
412
-723
-244
121
1086
655
-240
236
-397
-1018
-592
1381
1110
698
765
-1258
-1367
138
752
-826
-472
-60
549
267
697
-282
-1737
715
-1480
-983
1073
-858
698
760
869
469
-183
-1042
688
-1182
329
-73
-411
-1951
-1158
391
207
-228
503
626
716
69
-525
467
-251
101
-756
1159
-175
-791
-287
575
530
-1261
227
157
515
1160
550
-757
-1108
-260
-177
-709
109
-547
991
728
255
-931
-169
-387
162
-1131
562
1259
-495
-252
-300
149
-559
-857
2177
344
-231
1148
135
-694
-140
85
-444
347
-548
42
1642
-244
600
142
-980
-612
-93
-390
253
-347
-219
652
545
661
1009
525
-138
248
-499
-1081
732
2079
-1485
-515
-717
870
1326
248
252
820
-51
-910
372
-727
65
1125
-904
97
-1118
-787
-914
-1219
146
301
126
-533
72
-1106
-590
-64
125
1107
-885
817
321
-71
369
366
1854
596
264
764
-1025
1475
-1886
-353
-1567
392
741
-158
68
-902
-1176
1128
600
-1187
100
-441
-155
-992
-1059
86
-418
21
1221
199
-202
240
1346
138
456
-755
752
847
-251
271
584
-358
1230
-297
939
-104
-135
458
1127
507
893
100
358
-326
-1567
-502
100
-993
-521
355
-192
432
-1410
-880
382
-350
43
316
-548
-377
318
-130
361
1338
-543
626
1809
608
-60
424
-665
585
328
-260
664
-379
207
652
-209
-248
1127
89
469
433
-532
593
287
166
513
-675
423
-510
-179
1971
879
-115
687
506
-1090
-8
146
256
-15
0
-299
423
-1946
1011
-1128
894
-706
115
-226
-455
302
666
-1561
576
-17
427
-160
986
602
12
631
-762
144
-169
174
-68
-222
-837
238
-75
397
-250
631
-1195
2
-592
-943
1186
186
1232
539
435
187
232
820
-496
471
-699
1935
-43
87
154
-721
-347
930
-442
-162
1347
-1477
-452
234
276
-1389
-292
-450
979
189
-429
309
205
177
-929
-1014
1300
22
238
80
-205
146
-646
-945
567
-868
-102
-15
-1027
-617
-1100
1904
1079
1680
925
-162
933
485
1394
-36
547
-1252
-1227
-198
596
914
894
267
1437
-381
604
650
-59
111
-1150
159
-605
-416
-823
-1465
220
-495
-1061
-983
543
213
-109
-84
579
-620
1159
-818
527
1232
-507
-250
361
-607
633
47
689
428
-157
31
-745
994
-592
940
-1165
317
355
103
-394
-624
193
1478
-86
-612
-278
-240
80
945
176
-2101
89
20
813
565
-1025
-652
623
-883
1389
-583
1619
99
920
528
-274
594
-1928
-220
334
578
1080
521
17
288
46
-779
722
359
780
-1356
-738
714
1315
-1162
-592
146
-877
-811
-602
1201
-641
-117
699
-249
-656
441
186
-841
-448
-930
-12
627
-117
263
-475
-273
-436
417
630
-421
-602
-208
-272
-772
-1046
-308
-655
-189
382
729
-486
111
790
939
-38
1600
-523
1491
1238
467
326
672
-209
-2052
820
-229
-1326
408
-489
-292
47
879
1301
-531
-573
-518
-197
195
411
-1141
-657
1566
137
852
608
787
-31
140
754
52
755
32
-1271
15
-440
-312
-553
-200
-570
-92
-21
-1141
-743
-804
-409
-113
759
-33
-66
564
408
53
-700
417
-86
-651
-561
-996
-1157
-267
212
691
368
1227
453
1906
-744
-313
-815
-159
924
502
-319
55
642
610
596
-180
419
-122
-576
349
-393
-1335
-338
-602
-52
-208
-822
-224
-347
-1570
432
321
-1246
22
280
492
201
-665
297
-493
187
435
-1318
-1259
182
-454
-258
-978
-1515
12
-598
476
-189
697
796
217
71
-2137
-695
956
-267
-857
824
-25
351
-138
-248
-495
503
-92
463
-150
510
-407
-373
900
-1018
-225
283
-2105
-825
791
379
-183
416
-834
893
386
-629
-781
-886
-405
-204
433
-60
-656
-536
-42
-2
-728
599
-141
-226
301
1059
488
-258
516
278
-242
-650
708
1804
1302
-1348
-582
-1558
-663
-603
-1027
205
258
399
-767
-1072
-207
-1036
949
1142
-148
-810
-237
-364
-124
-697
1173
-561
1486
219
-1289
1419
-679
392
970
967
-582
159
-1065
57
699
-1252
296
-428
123
389
797
-18
389
-468
-113
-460
-120
503
-929
-737
-170
-6
-1279
214
-1259
-554
-791
100
819
-523
772
53
848
592
1036
357
68
-160
-1166
-57
326
-94
-734
-1505
-597
-608
-586
2039
-748
901
357
-110
-1053
820
-229
226
-790
-378
-1063
642
-641
-273
-1183
347
360
363
-749
-170
1402
-292
799
636
-126
363
-262
-954
-316
209
334
-413
535
577
570
72
-524
466
-1115
161
522
1766
2156
-307
467
494
-101
-798
598
-844
-497
-664
121
1266
-60
771
72
-745
15
-197
-719
-1489
-296
-740
-770
425
-568
154
324
82
968
242
-722
-62
888
-562
-867
70
494
579
-397
-169
-1472
-647
444
-177
701
-186
-931
248
-106
407
-345
-333
-244
-429
-1233
-807
-471
1519
531
-1676
-1269
-45
45
-889
751
1852
-136
-702
457
-332
-44
511
-792
-68
437
183
-397
-1042
960
1365
-796
-286
722
-252
-701
-1375
-760
-1611
-467
-382
-609
372
2461
929
-927
590
-376
878
-546
777
516
709
559
-1480
-1739
-181
-694
164
-1312
-699
-1136
-699
-119
465
646
8
-313
48
-719
-684
-156
-293
677
660
-1303
-1656
-698
422
382
113
428
-1185
956
497
749
-1223
564
-333
685
531
94
1231
-291
150
328
-5
176
282
391
420
-535
-306
-79
-320
-67
-546
-738
-1011
712
-28
735
270
-1201
-2
656
1
-42
-94
-593
-36
-14
1644
47
522
194
-494
-380
-99
180
229
-105
-642
586
1299
633
1757
533
657
-189
379
-705
-1012
-80
-889
-442
-1353
-664
-558
512
-586
135
548
391
-142
-818
560
1129
-159
-375
-373
-33
342
346
30
-35
157
1623
-1189
-1445
-400
653
1162
40
-564
966
-116
-8
1319
-652
1683
-683
-339
366
1144
546
294
-1257
-746
-123
-348
1312
936
-80
-993
349
-1025
-577
264
60
-808
-606
869
-1572
1
492
-1727
185
-598
-147
475
1182
312
376
154
379
884
94
320
722
1058
476
-690
427
-993
663
663
415
-864
626
-402
-1226
804
-1104
293
-464
893
-1345
489
375
-117
114
835
-182
-369
-257
-971
-767
-1128
1136
483
-472
-408
-360
615
340
-1095
516
758
-585
-52
-1036
-271
-1110
822
-630
-145
420
722
651
467
-495
-70
-372
-197
445
-396
1495
-416
1361
-448
-295
1267
-11
239
261
751
-1222
-571
-671
-15
485
-162
-1310
1500
-223
-1899
-113
-1132
933
-102
-813
-53
-165
-362
-608
-134
524
-858
-343
-220
-251
286
137
-81
1229
-210
-1318
-843
729
-60
-325
-1024
-897
170
-228
1049
-640
906
1132
-466
140
-483
-1116
1288
487
-73
46
95
1226
1306
1681
-223
466
-1645
220
233
683
287
-228
8
-842
-547
-645
-77
202
106
-90
15
-116
1569
43
1640
-74
-442
-458
-544
533
-549
-5
471
567
836
-1420
-1391
-951
-801
670
330
-120
463
-766
-408
621
-368
500
492
158
141
-1028
-453
262
1023
-305
-1050
-194
-648
-173
32
-16
-1276
459
-662
379
-260
208
1208
892
-1709
244
-427
-243
789
333
-1787
529
-468
-810
-571
861
419
1356
-711
506
1436
-402
292
231
-379
-532
762
241
161
817
-176
1080
625
-307
346
-55
-1134
335
842
-145
243
-286
-129
1236
647
778
-860
-459
129
-593
1473
616
531
-915
222
640
-794
-223
790
-1268
638
679
415
-1362
873
102
-543
-644
1358
-110
-668
-140
-622
125
-617
871
247
-144
260
-1378
-1443
209
1486
-541
841
1345
-97
350
668
498
936
1518
171
-435
746
-179
100
891
588
348
-51
144
530
890
1073
170
741
166
-349
1440
-474
44
993
-104
909
822
235
-1182
503
-452
318
-509
-279
79
961
-251
-443
-2065
-1316
2260
664
-9
-1329
-352
-205
-34
834
535
-328
-551
-534
534
736
450
-238
-164
-158
-1499
-549
70
147
-44
628
-1618
-734
-201
-158
7
247
402
-465
299
-344
-1459
828
348
-563
-528
-707
-408
556
415
-166
-154
970
568
-630
188
595
-465
606
-1177
-733
184
-377
458
-163
-619
795
-375
-415
759
1255
-84
1101
1060
-254
931
722
-471
-202
1494
-262
484
-110
600
-443
-844
-2
14
173
990
-54
-322
-571
1294
503
1198
764
423
-28
1751
1159
1182
758
-878
777
-868
-788
-2638
207
320
-1258
918
-727
935
-568
-508
-633
-738
-432
1116
-814
91
-762
-369
705
-129
491
1009
1391
215
782
319
-249
-780
941
-890
667
-744
-274
-2
217
676
-265
-291
-281
-119
1056
736
-1527
253
13
-1317
948
-1471
355
206
-32
222
-231
76
46
553
-1415
-174
1034
-170
-137
-8
-1416
296
-1022
215
-1339
-1089
-685
-467
-925
-423
-312
-622
524
-545
-319
279
-217
-218
1117
786
725
49
508
349
-1198
-547
-1175
733
986
-100
100
315
165
-166
191
-327
-1711
647
-320
-310
-969
743
293
1141
461
465
659
195
-86
776
-82
68
531
-508
-663
-268
-1077
-425
-192
854
313
-772
98
-416
-1609
-166
-1709
1786
172
-674
1387
-169
-136
816
-641
-395
-764
-830
-314
7
394
373
527
-591
422
-1317
621
46
-155
546
-459
-194
-1003
-1165
-138
-391
72
-705
216
-239
153
-1053
251
679
-69
-591
-586
149
202
367
-930
-13
94
-358
-1185
-726
186
-276
766
675
1073
695
-375
-367
-201
190
-176
-562
204
-1253
115
-28
453
-1195
-346
-1210
1484
452
483
92
-1370
222
166
-1476
659
1155
-578
-120
1325
-160
549
-809
195
-780
-116
-244
-513
-996
237
-614
1044
-718
1185
612
-153
-135
1571
624
-274
1480
-649
-248
711
-449
-306
196
-865
-1321
-139
-1377
-887
458
-1311
-315
992
56
-122
430
984
-1079
-1080
-1011
921
-238
-240
-3
-317
-270
159
-1173
-598
96
-457
352
501
-391
1133
-403
110
-932
576
-183
853
1134
-658
1144
-732
-171
28
-753
-140
1276
289
155
1090
-263
471
2376
-427
47
34
904
278
-900
-851
126
474
-236
-525
326
-55
-30
-20
-927
-1205
615
980
-42
-360
-489
459
-239
-903
920
-360
608
-823
140
-133
461
-1046
-71
807
160
-284
372
86
-403
109
-982
416
82
-322
-408
11
384
-656
-56
-320
-797
592
-1178
669
-289
54
229
-549
-164
105
958
-554
-131
783
-932
-1838
1130
-591
-1250
543
237
534
268
-349
-752
614
-405
45
8
477
529
-335
-515
842
-405
-692
-683
1353
502
-611
-215
236
-249
110
-1344
-109
-374
-690
20
21
444
-616
-207
-517
401
-1080
-812
-1262
1
-1844
1647
-1176
70
-942
472
333
296
386
-432
534
-1766
636
-823
-934
80
-330
-42
342
556
860
-67
-93
874
607
414
182
-34
1136
84
-222
-495
793
688
-224
-207
-249
-237
-332
1659
-194
-383
629
-453
-771
-484
-550
720
-802
-62
-430
-1337
515
1224
-78
768
68
124
296
42
-455
1810
-308
684
570
1860
-1172
926
249
-1469
-560
-360
-330
87
567
1429
-441
-134
-613
159
728
501
-1826
316
258
-391
265
-643
443
163
-131
1323
7
308
1839
1158
64
-1239
-184
-50
-280
-672
-373
-372
159
717
-58
-999
-5
-1401
266
-64
1146
88
-901
686
389
-772
-355
304
-327
-369
-523
-783
-99
-898
-116
45
-821
642
-343
194
754
106
-704
453
554
1004
1202
-1398
177
585
683
-175
569
960
6
921
-795
1439
509
364
-2005
-561
1625
-295
-326
43
-485
4
87
405
633
220
267
195
841
213
56
473
123
-341
558
497
889
-673
-307
241
479
734
476
-619
-121
-317
-665
560
-745
960
-354
-153
368
814
390
134
-543
332
133
-228
484
-384
-1691
-78
-371
636
-56
867
679
-7
-439
-635
-372
288
122
-1786
-743
-265
-898
-564
-208
5
-204
29
-963
475
372
239
-521
-5
-1357
873
620
-1415
18
181
700
-735
435
123
385
-552
-700
914
-361
30
888
1839
362
-360
1008
463
452
213
823
775
1149
-870
-1628
717
-439
-720
282
172
-642
1412
414
-751
-864
-1217
266
336
-1505
-218
-509
682
1468
-8
-133
-563
-14
0
78
38
-1198
895
-662
-193
-440
-415
1213
-9
142
-970
786
300
-1388
529
487
-315
263
291
657
-310
382
277
-238
337
240
1650
-356
-1227
30
908
965
-529
224
-1171
279
388
-90
1704
-542
-294
-1238
-150
-128
-1957
-111
-235
-35
-1037
744
-314
-1036
738
1515
205
208
-827
-498
-350
-259
114
123
762
26
-366
-100
1022
-817
12
592
540
151
524
804
-211
1099
-107
-218
376
84
1023
636
803
-342
-114
505
416
1448
99
598
76
-250
-196
-141
32
1037
644
-765
41
-758
-1892
598
27
813
-111
484
-216
607
607
-577
919
-1018
-664
758
-14
-412
-609
-510
1069
1227
-609
-369
-45
106
-1197
-386
793
241
293
-325
-207
256
167
-73
-608
310
277
-1001
782
-675
-209
1567
342
295
-147
-133
24
-939
-493
846
519
618
-514
537
760
-1067
-1028
156
845
616
1084
-219
-447
-1349
-278
870
-56
-829
-961
-217
455
-946
137
-1126
-919
-520
-1019
156
702
1194
353
-511
-181
1184
-561
-839
-748
264
-510
281
-48
81
-193
98
953
-564
462
362
-424
261
-1197
-720
-1310
495
186
-274
564
-1595
569
302
-427
-1431
731
859
1605
475
6
-277
583
676
732
351
1168
-560
906
-859
-492
785
-497
-1107
-50
872
953
300
545
-524
254
454
321
615
61
303
126
1472
-564
-1658
348
-346
391
-491
-505
-4
661
714
-1483
-234
154
-1464
-1885
540
-362
393
-1309
401
159
-669
-358
-3
290
-1100
-86
-1452
-275
203
498
-38
-201
890
290
-438
-158
-846
695
1534
867
1387
-641
-297
256
-735
-481
823
-1799
1242
-810
616
-437
206
138
-87
19
167
770
-99
-387
-1649
-284
-962
828
686
-161
822
247
374
914
-198
-438
-1242
3
1061
976
364
-67
810
397
343
-694
-671
-1143
-1282
1359
-1582
336
-239
239
-206
-110
468
96
107
354
-195
393
497
-63
101
-1773
-711
-83
77
391
-728
491
196
-592
512
408
170
1690
-1161
542
-190
-252
235
544
399
-31
905
-689
60
-477
-274
792
-525
725
-1378
385
-543
-142
-582
1711
-1371
681
729
-1179
1423
711
632
-2067
378
1232
-497
1115
-68
635
-454
-412
-572
161
1147
947
35
-222
24
204
-611
666
-636
-273
-569
-261
405
411
984
198
844
129
-276
1405
-17
-137
-871
-629
-1184
-747
249
550
-133
-704
-10
-1009
1210
-1089
-49
584
240
-511
258
-91
-145
-126
-748
665
-706
526
-276
841
171
147
134
611
33
78
624
468
-389
-786
-1462
-262
761
625
74
1019
-566
96
-1186
-922
-161
1249
952
-404
245
-600
1254
-798
46
-483
435
-357
1731
886
-964
-181
-55
13
507
213
1056
-731
448
-1223
-400
-851
-1426
696
457
-738
734
59
1030
-863
-218
-191
272
-1214
-403
-19
316
-120
354
824
452
300
860
-1561
808
5
-483
415
493
207
923
-1538
271
417
1348
-927
324
-726
1166
854
823
699
-1290
1260
-1456
-1058
-113
-500
-440
-1649
-313
-655
1137
-637
-569
201
-621
-525
-57
-662
97
-923
-736
798
-93
341
-558
264
-1939
-15
-305
-1239
-74
-251
-1017
-71
-525
-489
-906
-277
167
305
-621
-355
-722
-841
265
119
445
-1631
-422
-137
-34
-111
-735
395
-48
-758
606
2013
178
344
235
-458
-934
-87
1125
802
704
447
809
1664
-84
-840
-876
-505
-577
-287
-520
-498
813
-1652
-140
-1342
-512
-1377
896
1540
-650
-417
80
264
-1103
0
1121
-2139
67
714
-604
355
-418
1173
383
1027
808
562
-815
-630
-104
-285
-329
-806
-667
741
-1126
277
315
611
278
-816
847
1174
457
871
1199
623
1506
-671
-1107
-639
1137
-873
65
-865
510
-638
-349
-126
-343
238
-883
778
452
269
-892
-959
1501
814
153
985
-1248
177
116
-1358
-169
395
-1025
-654
305
998
-191
380
821
-90
85
1144
726
505
-127
-176
449
682
-247
-182
1716
-1677
-423
835
-723
-755
-317
-620
362
-461
279
414
1301
1117
-270
295
859
802
-68
783
-159
438
303
-145
-441
103
-386
609
603
366
1000
-559
1490
684
-828
757
521
990
521
-292
-1017
-4
-748
-612
-768
-1950
724
76
312
1142
661
-96
-1338
558
-782
-703
353
-967
1098
-863
-630
-1588
813
-337
-930
929
212
-208
-265
-680
541
-66
659
958
828
523
1344
493
-114
-332
-118
450
-531
-271
382
267
1213
-221
-1461
416
518
-330
-304
1149
167
-1613
1145
-997
-116
92
64
-804
-770
-655
-491
-143
56
-1008
947
108
-124
364
2175
-175
-62
802
598
165
-591
489
-412
-190
-998
-318
-64
-400
-164
975
-492
-466
445
-674
1624
-33
-803
-671
-525
-945
-46
720
-351
-1164
132
358
-231
709
-835
-179
-111
1163
-756
934
1014
-177
749
-520
-91
468
69
-246
574
262
-226
529
371
-514
-948
-663
36
349
-896
-80
-78
941
161
98
-870
535
1213
-200
210
1510
40
54
-456
124
-219
-753
-1638
731
-717
-499
-1665
110
541
-420
866
-549
648
-992
-181
532
731
-603
243
1491
-866
555
410
666
546
564
239
-571
-302
291
346
138
1529
-663
32
-1060
-1219
514
-1446
-919
1270
278
180
-170
1140
626
-472
-129
-522
264
332
-794
22
178
-515
-136
21
-559
392
-991
-207
263
-1131
1241
-144
-766
-302
-213
-280
330
-134
-92
-975
197
788
-766
-208
-911
1101
238
182
537
674
1086
-765
406
719
421
47
1610
1019
-437
-1352
-36
1519
368
18
-325
-1106
-983
-657
-740
-353
967
1935
172
970
-334
-486
-322
-521
22
333
-1096
7
-802
-189
-121
-747
-14
1501
1173
1655
-482
382
177
184
-382
-599
910
1045
-995
-133
-726
-636
742
387
-427
-499
-679
680
717
-432
-421
497
482
-399
1056
427
-1303
537
-460
-84
-742
314
-666
-521
-1450
228
-25
996
1363
1639
-201
-874
-93
-277
-164
261
-555
-377
-574
-797
213
-528
-915
-38
335
-1003
2
277
-1513
1565
163
256
643
-839
206
-254
157
526
-1399
289
-407
-844
-324
102
53
-127
256
-33
-79
1516
1741
-768
1068
-865
-1370
368
-375
642
23
-394
-1031
-945
-751
-428
1498
-282
793
-398
613
-418
-1072
-104
193
-188
1520
-870
-886
507
315
36
-208
-784
271
-105
381
-766
-143
348
-302
434
-625
51
74
-472
49
-756
-529
496
287
364
-255
-652
-885
350
-772
801
-534
492
251
1205
-1122
-22
1173
-894
-908
-241
-91
-53
-453
271
-103
103
399
-36
-61
185
-1157
-122
-111
707
225
-394
534
-795
-1038
270
-679
1010
-608
276
40
-1580
898
500
1550
-1665
1835
-47
626
-987
-52
-128
377
-760
-177
457
-728
383
-457
-901
-1103
152
-436
1163
-163
41
-210
-389
-329
-412
365
51
-169
-394
-725
-627
-325
364
29
274
107
569
734
-621
-811
-895
689
1010
-821
101
-297
763
1074
-531
14
-16
-5
332
886
158
357
-286
152
923
833
-183
-975
2
338
-105
486
-722
1586
-878
131
-90
-667
-48
344
278
-903
-160
1177
174
1034
-196
345
258
3
-1017
-927
-331
675
835
-301
-489
-60
849
-302
1010
-458
-500
-781
-674
-654
-990
-605
-365
1746
-318
275
-1498
-428
-702
-564
-819
-297
44
-981
-274
311
452
682
792
-168
32
367
410
413
-845
-280
-212
659
-631
-1490
668
770
-368
-435
-1136
-909
528
1071
-838
1042
-298
441
-221
-410
175
1075
343
-1103
677
-896
-1038
36
370
847
657
-1476
-1180
-566
-420
-490
52
-194
496
1274
324
12
432
-523
-791
496
-621
500
-147
205
-1381
1301
-703
-817
-111
1408
50
143
-623
-580
473
1569
-1548
-800
875
-310
-1199
-439
995
740
270
-409
1069
-1452
173
388
-1603
261
-174
685
-825
-672
825
-841
-85
-850
733
542
-601
616
577
387
52
-99
-1099
425
492
-1118
1399
-458
6
-274
-361
-458
161
-215
1191
684
216
-451
195
200
-327
-74
-138
-919
71
-661
-609
-1020
-156
407
-335
291
-907
1177
1528
1287
-277
146
699
1473
-996
-233
-1105
-926
710
1017
666
68
1294
-75
28
35
-618
105
-356
157
-1138
94
546
690
481
1151
-252
-261
207
-974
195
108
-1137
372
823
-227
-589
-536
175
-895
892
226
574
37
403
-551
-72
124
630
-128
140
-1371
480
-15
772
369
-985
-1044
-717
366
-298
-277
-347
162
1000
-969
-1725
967
-37
369
675
-311
-725
-265
-325
361
103
1088
-2176
1214
-1217
-583
-1451
-422
-624
105
-957
-1464
827
-335
-733
-193
284
-381
398
1587
-1291
-301
399
129
182
-894
1008
288
-666
767
-421
-444
588
172
-722
1068
-257
-703
-197
471
816
-790
542
-505
857
-817
-953
-654
231
-395
-476
-792
-122
-174
155
-364
-503
-205
332
630
-75
566
-204
-610
795
-811
-755
-813
-340
-154
-739
1090
765
312
1085
89
-1026
-291
-37
600
-225
-222
-429
335
-75
-329
393
549
921
276
368
1189
-63
104
287
603
-265
1089
-570
-295
-249
-98
-488
-509
-1601
-846
-227
-141
-500
708
4
-117
-1425
633
449
74
-741
-682
-683
505
-1413
-703
-201
-169
-457
584
521
-71
1675
142
-500
-781
-378
453
-1596
-528
149
222
-1259
-577
492
1308
-56
-387
-1305
513
-140
-548
502
1019
978
78
-408
732
-596
-129
-1165
-1339
-118
768
1713
2167
-459
-499
-589
-301
627
202
-951
1360
-395
416
1063
-133
590
-305
-313
743
-1027
885
-127
-539
-766
166
762
595
751
-698
158
373
-1004
-1018
-283
343
-357
-241
-830
1282
299
-1342
305
192
-382
227
-531
-616
-435
1103
-1640
613
287
-384
-181
444
-1689
-123
313
218
138
891
-665
-233
-119
-723
274
167
116
124
-506
909
166
-241
-909
-902
-719
665
-1341
1832
-34
-212
-1135
-360
-256
-356
337
-813
-710
-1071
-1008
-1216
647
211
-641
-1231
-76
623
-218
-885
-802
92
-1285
386
1534
-368
94
-1026
566
1120
-763
226
-620
-653
266
-81
1418
968
73
-176
762
163
549
-1287
-265
297
681
-1413
898
226
196
-454
-302
-135
-1013
448
-416
-74
-825
-255
-567
849
-552
-106
-343
-175
759
1155
390
35
-1810
-542
-212
-107
332
602
-733
-69
249
-348
-27
990
-1032
-1216
1152
233
656
-1113
-125
254
-980
-897
-832
475
216
143
-843
-596
454
-464
-515
-298
-180
318
-1464
63
-1117
1334
-289
-484
-1370
-718
317
-400
-710
-377
-36
-1068
-92
118
846
339
-675
-993
-427
359
245
-670
789
-936
-2581
68
755
1810
482
705
-1019
-365
-740
1066
757
640
178
-222
518
537
1020
-778
-857
-256
-482
-69
127
121
438
-41
-120
-228
-152
631
-155
1434
1708
1090
-477
357
-181
423
130
523
743
1365
-941
270
209
-346
1037
332
-587
-804
970
-1015
-538
-827
-1178
484
427
728
1417
676
52
-687
536
203
-946
-1047
516
120
262
496
-1009
503
-684
76
452
-697
-846
-1940
-928
598
-479
171
-623
-1104
849
-159
22
727
213
446
-714
-705
-1
-364
-240
325
-515
202
-274
1069
286
700
626
-731
-429
-288
70
-1936
276
393
642
88
-743
935
807
152
-975
424
921
-107
267
1105
856
-581
-689
962
-281
635
519
452
-60
468
492
-1047
761
182
-194
-1213
377
60
-67
-243
-470
6
-468
-583
-839
1247
-1343
-454
168
409
-456
1014
-881
-61
628
1094
44
-767
-1470
-792
427
-866
814
462
-987
319
-179
-784
304
1357
523
202
-106
-199
46
1287
-250
57
-111
721
-164
397
-66
-702
1573
1111
258
423
-423
29
-125
-665
-622
-173
695
-1546
681
-28
111
-148
-210
-374
-656
15
853
-1188
-482
1398
-441
-477
339
-1025
-964
-886
437
1701
-2078
-90
-451
-190
168
-1304
-1042
894
-1713
415
256
-1008
-166
-923
215
109
364
964
-17
-1067
701
-702
250
151
191
-487
760
-832
-103
-310
-807
-495
629
482
-419
1368
-826
92
400
726
-267
-422
89
669
269
968
-54
-131
164
654
-1105
419
-466
301
1582
-25
-374
292
-534
170
16
-1977
177
-726
-374
1235
355
-417
-131
-235
168
168
-1322
86
-188
654
-1351
518
909
-285
347
-174
-436
537
1475
-1450
486
938
-543
1264
-445
-742
-594
-2090
68
-208
-826
1424
-22
-1052
453
-883
792
-568
54
-858
430
-173
607
-3
-1862
122
690
-164
-604
-208
-984
165
-548
205
-268
-36
745
-739
-182
-1929
253
82
962
-982
1044
1577
758
-1146
-1003
-1122
620
-607
1080
1436
403
-290
-368
359
1190
-124
802
604
185
133
-648
571
-473
-682
1112
-175
-126
586
896
-588
455
-1584
-434
348
-571
-242
517
-387
858
951
-903
485
-234
187
121
1007
-1754
-1122
275
802
-708
400
-765
-623
-685
289
205
-1104
-565
509
572
-306
-250
474
69
357
-729
1356
-17
1601
1282
608
-621
-290
567
-111
518
1002
524
338
-1057
840
466
-1434
-684
528
-44
-1018
-387
424
640
-963
-352
428
361
647
611
525
355
-503
-779
1461
456
418
-707
57
430
-595
1206
-720
-644
133
124
779
1163
-97
718
-1216
-1034
47
-516
38
493
-599
-369
542
-744
204
931
860
270
-573
-114
135
-699
-333
-2038
157
-505
477
346
811
891
-720
474
-393
-1155
356
-28
-1623
-1086
-299
-329
-450
-496
-841
-387
530
-389
292
454
-1333
-283
-70
349
-11
-969
395
-472
-409
-731
507
-728
-774
-202
181
44
153
-1119
1420
1293
-497
-827
-432
264
12
330
-488
-1553
105
128
-951
38
-601
752
561
613
-115
1191
381
685
-117
1226
564
186
1199
281
-548
-1103
-461
96
310
186
72
485
-160
-111
717
-1540
1294
75
397
379
-474
-504
251
135
391
162
-711
-1228
-986
-667
743
107
-110
-1666
-1543
-291
826
44
448
-993
389
-107
483
-632
202
-435
911
1458
390
349
402
403
-779
819
-1032
55
636
839
-251
115
-324
-1357
-86
1650
-460
-1487
-494
2334
579
159
-376
-914
182
-655
-1692
-294
423
680
-275
-240
242
1167
57
525
-534
505
561
-525
-59
-69
83
-9
305
1180
612
173
-1390
-162
-971
-519
274
-69
709
-554
-472
921
-756
-259
975
-439
1248
-359
-1076
-206
-110
-718
525
-809
-335
-547
601
-816
646
-797
-554
57
369
-1209
1086
505
632
-1263
56
483
-412
657
-73
558
370
12
1120
103
1427
734
-524
-1552
-99
1398
-282
163
-51
-1179
-89
-551
-559
-120
1348
215
259
-439
-71
-648
535
-628
607
-58
52
-954
-1243
471
177
-681
-407
-612
409
26
-315
443
-346
79
-642
-336
-230
1087
953
787
571
-980
-727
-398
-523
693
1117
-40
-316
-496
382
-850
-721
838
-1049
-575
329
-1104
671
975
477
226
727
25
333
1143
2048
-453
-10
611
205
328
2014
-332
-520
90
-259
-126
986
-894
-655
-950
86
570
-152
310
1504
637
-743
-435
-47
-770
317
-1253
1572
-581
-676
-440
1348
-77
344
688
-260
-759
-508
944
-309
-943
1427
476
-607
326
457
-569
-944
760
-2207
-23
-1174
598
433
-7
60
-228
-23
88
660
1301
-773
-79
61
22
-524
409
-799
2185
846
900
1043
1329
323
91
-417
-430
805
26
1155
777
-383
589
1027
662
-867
-236
898
-591
-147
-292
-1527
748
-199
476
78
-782
-614
444
760
989
-1000
56
1006
300
-9
1406
-569
1438
-689
467
610
-14
804
295
1045
-179
-391
-1095
-1121
-1434
-919
1176
726
-643
417
156
-657
-845
616
177
110
559
610
609
-292
-262
-271
912
981
-341
-83
136
-22
-159
192
888
-778
-707
-821
846
-152
-7
525
-130
-499
-257
-787
378
37
-1760
801
-921
12
-762
-813
-351
-1328
969
-111
389
67
-1142
140
-903
-1029
742
359
-766
-764
-307
-473
474
-454
1367
95
673
92
-867
846
1112
463
-465
721
194
-583
-887
-954
-1711
434
375
31
764
-19
-88
-766
259
-141
306
64
1123
578
191
373
1365
-792
188
1221
-266
292
-90
-330
419
-287
-214
230
-930
1382
54
385
369
-367
79
392
118
-267
14
-229
-55
378
575
172
-248
-266
969
500
-294
-55
336
123
299
-559
1318
623
-271
-735
1251
911
-704
-211
607
918
-303
859
1402
570
-405
357
640
-990
1234
69
-277
-551
-155
-525
94
255
1177
-88
1516
143
-187
-646
635
1162
-323
418
321
303
-609
-334
739
-301
-644
262
467
1816
189
-194
-470
511
331
-46
-338
-454
240
45
414
73
1284
-781
712
-572
-575
-265
-458
-727
486
1393
-987
432
-817
789
436
325
-2
-174
1000
-97
-203
-493
-30
-98
304
808
-848
-412
929
107
-959
554
-1096
426
1533
-367
1178
163
-1810
11
-112
-1695
-192
790
54
333
920
401
-1133
-510
-259
-45
1041
-583
-418
531
-1280
-495
193
-2373
-599
281
255
440
-145
1107
-289
-412
904
224
335
-702
760
-610
2
1910
-1323
136
-630
-501
82
-133
253
1379
-1409
-1038
1103
361
614
370
60
-368
-556
193
1327
-110
606
-815
-1087
380
-1093
591
-65
384
-326
-708
-479
1597
455
-64
-219
-1003
165
-322
204
767
356
1386
-450
59
-1535
1049
-858
90
-808
-269
-384
-493
-124
-854
1573
-1155
186
-1157
435
167
463
-176
-1058
-1317
1325
-612
59
-1276
-115
887
-1045
-1189
-1526
-19
-538
-981
865
-354
105
393
1455
-91
-432
102
277
-631
80
-515
-389
147
-224
-1223
-273
1493
1125
104
283
-445
-804
201
-12
-259
-885
790
-495
-628
-1209
-313
-468
309
424
-972
229
1202
660
-1119
-340
-645
-1303
2067
-312
190
-479
1921
375
-1782
-175
249
50
807
878
-294
261
913
-334
-547
-1849
144
486
-115
734
373
294
-206
194
1239
1836
-420
724
71
-1104
374
-326
-246
361
1016
-438
247
143
-1136
903
-960
43
1532
48
247
14
-1605
141
95
313
-620
1348
538
-942
-217
1108
-271
-118
69
-214
731
243
318
409
960
-810
162
500
1724
836
-228
-222
589
-1485
451
559
1068
290
-225
-320
125
229
-574
-267
-910
-686
-268
718
923
-1038
-40
43
-186
-1272
-185
155
544
879
-75
-112
347
-1922
241
-479
97
-833
470
-462
-530
-376
667
78
809
688
-1044
1140
445
-304
235
-151
-309
-1026
318
38
173
1022
40
-1523
87
-326
1986
284
-448
343
1267
13
-5
-555
-375
18
-254
-173
633
-568
634
230
-664
-649
-497
917
-755
478
-397
-11
46
446
-958
-835
772
-976
172
177
327
139
473
2155
457
175
603
159
-1450
363
-935
4
225
142
81
428
-1666
-2
-331
729
-200
-761
-76
-135
874
-12
1189
261
-383
1120
-414
832
-181
351
66
-597
-1484
-506
-583
462
-1073
-359
1146
-684
-1641
728
188
-767
-850
116
36
-3
747
-1592
618
97
-1312
309
-878
-337
-725
-1161
-974
-107
-447
184
-94
-276
581
343
198
-586
97
1088
-112
371
627
861
723
-4
-1820
547
-84
762
-91
209
1162
-927
782
-297
588
60
1477
-1500
-675
882
441
675
815
153
-774
-95
-114
-399
18
18
-1349
-923
581
-239
392
-171
153
-117
912
-890
-87
712
-1405
508
218
-454
410
893
97
-98
-1766
332
-531
420
-560
-343
642
-112
238
-1009
147
-486
-430
-705
-274
244
-540
-17
1796
-428
-135
23
643
-305
818
-133
190
70
-821
-374
-1112
554
-183
92
-185
328
-916
950
523
918
-479
1118
-878
-745
1556
-49
512
1274
-1215
905
-658
-421
592
1003
847
602
-607
513
408
107
-341
-586
-100
-593
-1506
-54
105
-110
-699
-665
1189
-1273
-358
-264
-505
1359
906
-718
528
-44
429
183
-135
160
-1492
-95
61
-35
-768
-34
-1312
-314
-556
