45 90 36
0 18
0 21
0 28
1 0
1 15
2 30
3 0
3 15
3 25
4 39
5 1
5 7
5 37
6 13
6 23
6 31
7 23
7 29
8 4
8 13
8 17
8 22
8 29
9 33
10 20
10 32
11 18
11 19
11 36
12 6
12 13
13 4
13 10
13 21
13 24
14 4
14 8
14 17
15 8
16 18
18 20
18 29
19 15
20 1
20 27
21 7
21 9
23 8
23 33
24 44
25 11
25 25
25 29
25 35
26 1
26 13
27 27
29 24
29 30
30 10
30 33
31 15
31 33
31 35
31 36
33 21
35 21
35 32
36 0
36 39
37 3
37 21
39 14
40 17
40 24
40 25
40 40
41 28
41 30
41 44
42 3
42 10
42 12
42 38
42 41
43 24
43 30
43 41
44 23
44 33
33
49
44
60
22
28
38
66
70
36
59
47
26
76
0
16
13
45
73
64
10
46
9
69
4
37
71
77
81
57
63
89
68
40
62
65
74
7
86
27
43
21
72
24
23
17
75
54
78
18
1
20
58
52
85
55
80
15
6
14
48
12
88
84
56
82
5
2
3
79
35
39
25
8
51
83
41
53
30
32
42
19
31
34
11
61
29
67
87
50
23
6
8
22
21
-12
-18
24
-12
-55
27
16
-24
-24
8
-1
-2
-27
-61
41
17
32
-72
20
-3
4
-14
-17
-8
35
-21
-53
13
31
-96
-1
-78
-3
3
13
-11
-26
-3
-10
-12
-11
74
-43
25
-22
3
-24
49
26
16
-7
2
-61
7
19
-7
6
23
31
40
32
-6
-1
11
-48
35
9
39
22
-36
-71
-17
-14
15
-18
-6
-38
-31
-37
22
36
-22
-39
6
14
6
43
27
-2
-41
35
20
44
46
-19
-18
-1
25
25
-3
-45
71
-63
-44
-14
-56
40
-11
-51
-19
-26
10
-19
20
-23
24
22
-13
53
-31
14
-1
3
34
9
17
-1
2
49
-24
-13
-37
13
25
-74
21
24
17
4
17
18
60
32
-52
33
-38
57
4
45
54
20
-24
9
-43
41
49
-42
-14
-65
13
-22
-11
14
-30
0
-10
7
10
11
-27
-4
-26
21
-10
63
8
-80
7
-22
-30
24
21
-77
-39
-9
-25
82
-44
33
-14
3
28
33
-44
19
31
14
-20
-2
-3
123
-43
2
48
54
-8
-43
-31
-10
3
-5
-11
-75
-27
58
49
-7
-41
43
-75
28
12
47
-75
-42
28
22
52
-2
5
12
12
1
-37
-11
-47
6
-47
50
92
65
-38
21
3
46
48
56
-29
26
-53
5
20
32
36
-51
-54
54
11
9
33
23
11
2
29
-44
6
-25
-23
3
43
6
-42
9
-44
-3
33
47
11
34
48
29
31
-11
2
16
20
-2
-2
6
-10
8
-50
-8
76
-35
-11
21
18
60
45
-16
12
-36
9
-30
-30
17
-13
-36
-10
-27
8
-10
64
-23
-54
14
44
-41
13
-35
-31
-32
-23
-13
24
13
-46
79
13
12
-72
17
-20
-14
-59
-90
-39
-114
28
42
-64
-63
-28
27
-29
19
85
7
-30
-52
-1
38
-37
-56
51
-35
14
31
-63
103
10
7
37
24
-7
-55
-35
-38
6
-51
-7
70
40
-2
26
24
9
-20
1
4
-14
-10
19
19
95
-18
-12
-41
-43
13
34
-67
-46
-46
-29
-7
-10
-9
-7
58
-42
1
43
16
22
25
-22
-63
-24
-4
27
17
-8
33
8
-14
-25
-41
-12
22
33
-56
0
-71
12
10
33
35
0
-6
-11
16
-6
18
-33
11
-35
-5
42
38
-1
63
-14
16
-1
0
0
35
16
9
-51
-9
-7
-60
-5
92
4
-7
12
35
-3
16
-17
-9
46
11
-32
2
8
-14
-8
19
12
35
-13
-4
23
46
-17
-11
-114
-37
-6
-19
49
-35
22
5
33
-36
34
5
-1
-48
-120
-13
22
2
-1
-12
-51
-21
-28
24
-37
58
-31
1
-14
10
40
-14
72
-10
16
-66
-36
11
-75
57
-5
-5
-19
-9
-37
23
-55
43
25
45
17
29
41
-80
-33
68
-4
11
6
39
-18
57
-53
38
-10
28
35
6
-26
43
41
1
29
-77
-20
24
40
0
-20
34
-57
-25
31
29
7
24
13
-32
-27
26
25
-29
20
-19
-12
92
43
45
-56
55
-9
20
-44
17
-26
-15
-5
7
-30
1
0
-10
61
10
0
54
5
-12
-7
-16
-23
24
-6
-39
5
-55
-47
13
15
-28
65
32
-2
4
60
15
-23
12
-96
-4
23
-62
3
-4
-31
1
-49
-31
-6
26
-56
-60
-31
-7
-23
-4
32
97
25
-16
8
-44
25
15
-55
-6
47
-18
14
-53
-32
-49
26
20
29
51
-8
-2
-7
-32
-3
-23
-53
12
21
-34
-4
-13
30
21
-50
8
55
-30
35
54
35
39
-24
-30
-7
19
-62
-19
82
28
13
67
-22
-3
70
-5
-104
11
19
-43
40
48
-47
-2
-35
31
-26
-20
10
61
27
6
62
39
52
-6
28
29
-9
13
-24
45
2
-11
6
40
-17
-13
-27
14
20
42
63
13
-65
-23
39
-1
39
-11
-101
26
-42
15
1
-32
-37
32
-37
-42
21
-2
-23
34
-20
7
-13
17
-22
16
-44
-13
28
-25
-22
-38
-72
-16
-15
-21
-30
24
18
-20
4
-36
27
-103
-39
49
-33
4
17
-2
-3
-52
-102
-39
-30
-53
-3
-4
37
-10
-83
-4
-8
-27
-6
-20
7
67
-3
-28
-35
-35
33
-8
-58
37
29
1
43
-13
9
-41
7
47
10
18
21
-9
18
98
3
19
53
-35
-54
-3
-16
8
-45
-30
31
-17
-13
35
-35
47
5
-40
-29
16
35
4
-59
22
-49
-12
-14
59
-94
-10
23
6
-26
-9
-3
56
-18
-37
-81
19
-10
-30
6
-33
47
1
-4
61
-9
44
-9
-46
32
-42
6
61
54
29
-15
29
57
-1
31
15
-29
20
-36
17
26
-2
17
-35
-2
39
40
7
24
7
23
3
-22
-46
-8
11
56
-66
22
-16
78
21
-3
37
-40
7
2
-5
-71
-26
80
9
-23
20
37
6
3
15
-15
3
-24
10
-13
7
-48
-18
48
9
30
14
-23
37
25
82
7
-6
66
-36
-10
-32
50
76
-14
0
16
-1
-30
-3
55
-64
-1
46
72
14
1
-9
-10
30
-50
-37
7
16
-25
30
-62
-1
-21
-26
31
-47
5
-46
-20
-17
-6
9
25
-14
90
38
-35
28
-40
-12
11
-23
33
3
10
-13
68
17
20
31
-10
62
-32
27
-2
44
-23
53
20
-16
30
-41
56
-7
-41
30
-26
7
9
37
11
37
-20
42
25
-12
7
-18
27
-14
-12
-8
28
-28
-48
27
50
7
0
9
-5
-9
-18
49
-14
-12
34
18
0
-37
3
-19
-65
-40
5
57
-8
-14
23
43
-38
-48
43
20
9
24
-1
40
29
36
51
-96
81
34
26
13
0
-26
-24
40
8
-32
7
-14
12
-35
-72
2
47
8
7
104
-5
14
-10
-65
39
-51
-22
-39
-50
-11
21
-2
-4
26
46
20
-35
-23
-8
-13
-19
24
-7
-9
23
8
28
37
-13
51
29
-25
-38
-29
-3
15
-8
15
-24
-28
-3
-25
-43
9
49
18
20
5
-57
51
17
15
-20
-60
-4
-36
33
-6
10
-59
-43
28
49
-63
-23
21
-15
4
14
15
35
-49
-76
56
-39
24
55
6
-47
-36
21
18
-27
28
-28
-62
43
-16
-20
7
-12
59
22
-30
-47
22
-17
45
41
-1
32
3
33
-1
-56
35
1
-75
-8
-18
27
-15
-26
-14
-7
-36
-44
-7
-43
-1
38
13
-13
-27
-39
1
-4
25
41
-43
-36
36
-11
-12
3
14
-31
9
10
-48
33
35
32
68
-45
33
-48
-22
-55
5
38
15
-58
-41
39
48
-39
-39
15
-10
15
-41
55
-4
23
18
-34
-2
46
-24
-58
12
-2
-45
-3
-26
6
-36
40
-1
24
-41
10
-14
14
20
2
-20
7
-35
-55
-41
63
-4
13
50
-39
12
-19
15
-25
26
14
-26
71
-7
-50
22
1
20
10
-11
6
29
39
7
7
52
-56
51
-128
28
65
-20
58
-10
34
-1
-18
-20
9
14
8
-30
-90
10
-5
-43
12
31
70
-9
9
53
63
-22
-68
5
14
-30
-34
-48
-15
-22
-8
-10
21
28
-61
35
-56
109
51
-8
23
-22
-65
55
41
11
-44
-29
-64
29
0
13
-62
56
13
9
-21
33
-26
-24
15
-22
33
13
62
-14
7
-34
3
7
1
88
-1
-5
36
-62
21
-17
12
-17
64
42
-35
10
-22
1
-8
-8
49
-24
-1
-50
41
-35
-6
-7
13
12
27
28
-1
19
-28
1
-78
-20
-16
3
-4
-30
39
-11
-41
-11
-27
-34
5
-18
-7
12
30
-37
8
-40
25
-31
4
-31
50
3
39
-17
27
-12
4
-7
-16
47
-5
42
-18
6
52
15
12
-45
-22
5
-39
-10
13
12
-30
22
7
44
-12
6
-35
-49
-10
-85
19
38
27
-5
-51
-16
-12
-33
38
11
-28
12
-33
-52
47
6
-52
6
4
-26
-36
6
-28
29
42
-29
-45
14
55
-31
-95
-9
-48
-2
60
-38
-33
52
-47
0
14
27
-3
37
14
26
56
-31
31
-79
2
-5
19
43
-15
6
-23
21
1
-26
40
-30
23
-72
-41
31
16
7
-6
4
11
25
20
-34
32
-75
25
-19
27
25
24
-5
4
-66
-26
61
17
30
17
-21
26
-51
26
-28
1
-22
-23
-46
-57
25
-5
-36
-24
52
24
-21
29
49
-15
33
-37
15
22
-6
-80
53
-31
29
-10
50
16
41
-44
46
30
-49
-27
-11
26
-33
17
-63
-76
36
-38
22
-19
-4
1
-43
8
-42
-11
51
-63
-18
35
11
32
0
-22
30
48
-59
59
-6
-18
-17
-21
16
-31
7
41
0
14
-28
20
14
-19
12
-23
-26
-10
14
-26
47
-17
-49
-12
5
31
-8
28
-57
55
-10
18
12
4
-72
-1
-23
5
18
60
8
-32
-13
18
-3
25
-32
-19
-39
29
25
7
4
8
-66
47
-68
-12
-10
3
-55
13
-18
-28
-46
7
59
-70
10
9
-53
-11
29
-92
2
12
22
35
17
-27
-48
-3
-16
134
-28
-50
-10
-1
-31
45
-42
29
-31
-23
36
47
-13
14
34
-13
37
37
-5
-51
16
-14
17
28
38
-12
-39
12
-21
-60
73
-56
63
79
19
12
29
-42
30
-48
23
-62
45
12
45
-44
-60
-32
52
-8
-23
-12
-27
-15
-25
71
18
-28
-28
39
-28
-37
-3
-4
-31
-13
-42
-9
-6
-41
86
60
30
8
10
4
-14
48
-4
-37
-13
16
-8
-8
-6
-50
7
-49
-54
-19
-10
10
-32
-11
6
-18
-21
-36
17
20
-5
52
-13
45
13
35
14
29
-27
-71
-26
-3
-37
-5
-28
-20
-56
4
5
-17
-22
28
-46
-29
23
-14
42
-36
-3
25
-4
-26
96
-43
42
-6
53
-4
63
28
-68
-58
42
60
-43
40
-30
37
-20
41
-13
-45
67
-36
3
17
-97
24
35
-37
35
28
-33
-32
9
81
-101
11
6
-33
-72
33
-47
-72
-32
-40
-76
12
-45
26
1
-41
-34
-24
48
-8
-60
8
65
-39
1
10
10
-49
74
39
-5
37
-74
25
77
-32
20
-1
-24
-47
-24
6
-6
-49
-53
-18
-17
32
-40
-42
-15
-1
-2
-9
-62
-46
41
39
-8
-40
11
-5
26
29
3
-7
2
-3
7
17
-14
-20
14
-34
18
7
-50
-44
49
-55
-32
32
15
-2
-23
-66
41
-34
-4
4
-40
-25
-91
-25
17
6
-4
32
-14
21
-35
-17
60
10
-46
-69
25
34
-14
-8
82
-1
-2
-25
14
31
27
24
-8
53
-17
-19
-14
3
-36
-11
-11
-8
-34
0
-43
4
-25
-57
-69
3
20
-12
28
67
-62
53
4
46
34
5
-52
-48
-29
84
-7
45
-50
22
39
15
7
-48
23
14
12
-18
-39
2
40
25
27
48
-23
21
6
17
14
-6
6
14
4
90
-64
-32
-40
-6
-12
98
-56
-59
45
-53
30
6
56
13
-36
1
68
0
-38
-8
-54
10
-41
-34
54
-21
33
-4
1
-41
15
58
25
-31
-38
15
-29
-25
-86
-34
-27
14
24
-25
-20
-5
27
-8
1
-68
-33
-35
33
31
-26
41
1
-3
57
26
29
-22
8
-11
40
-47
-31
13
-7
12
-58
50
2
21
-52
14
27
-18
14
9
18
-32
-24
7
3
-68
-65
33
18
42
-1
10
48
34
68
43
3
-11
-30
-11
5
19
35
-60
-68
-19
50
-8
31
-27
-25
14
-1
-65
6
-44
-10
-15
16
34
39
2
14
73
35
11
5
9
-3
-30
63
41
-58
23
-25
-6
-23
41
71
-18
-20
-14
8
42
1
-26
20
35
-33
77
-23
-1
-8
0
-14
-58
-66
-31
3
44
-48
38
-85
2
34
-21
3
-50
-11
20
47
28
-6
1
37
-9
-11
13
-31
-41
-81
45
41
-70
-7
52
54
32
64
42
-22
-37
-26
-26
-2
26
83
5
-25
-14
25
30
-5
-11
94
51
2
30
35
-16
-9
-46
78
-18
-18
-16
-18
-15
24
-52
23
27
-29
-18
49
-8
45
2
24
51
6
63
-9
-3
-10
-20
-8
-78
5
-16
-55
-54
26
31
36
21
17
-28
3
52
-21
-88
0
10
48
2
-79
36
3
1
-10
33
-11
-5
-12
-22
-44
63
-12
6
-1
61
-40
-42
25
44
-4
-26
6
58
-8
17
31
21
-21
-44
-38
-5
-37
-37
48
-13
-48
26
-2
21
42
8
17
51
-43
15
76
29
-16
107
-2
26
72
17
-26
0
63
-7
12
17
43
-8
5
117
44
-40
-1
-27
-20
-86
-92
-29
42
-54
87
-53
-36
-14
10
40
5
2
-9
38
47
-54
14
46
28
-50
-8
4
-9
66
16
-14
21
40
-20
-42
-71
22
3
-35
-29
31
-29
26
-18
19
-10
-4
39
3
77
-4
3
1
-9
10
-21
-36
-42
3
-4
90
11
-32
39
-60
37
104
16
-61
40
68
-27
-58
-7
-1
12
6
17
20
23
-29
-22
-23
-21
-11
8
37
58
50
-27
47
-65
-12
-42
20
-22
-24
55
35
1
-19
-57
-10
-92
9
-37
75
13
-68
22
7
-6
-55
-7
20
-3
27
21
-43
-6
43
54
24
-46
56
-52
-9
43
-29
12
47
-57
-3
28
-42
21
21
2
20
-35
-17
77
-6
35
-15
-49
-35
-23
-52
-13
-7
-10
19
16
-22
11
4
-37
-33
33
3
-18
87
-25
-25
-20
-29
12
-5
4
45
11
-46
25
26
-20
52
-1
19
-11
-60
32
7
8
80
43
-15
3
-47
-6
-10
11
53
60
42
4
-9
84
9
-3
-11
-27
-16
-4
25
-42
-32
3
57
-12
-17
45
-32
70
-101
-15
-65
-33
19
63
46
20
-4
-69
32
67
-78
10
-24
58
17
-41
8
30
62
-9
-34
2
28
-8
33
-5
-5
73
-7
86
-45
-41
43
-1
10
11
19
24
36
35
3
-50
27
12
-60
36
-66
-7
-2
-21
-60
75
-79
-28
-27
-45
-24
30
-16
-39
-44
-22
10
19
-14
64
31
31
40
-13
1
47
42
41
65
5
-30
35
55
47
81
-13
-35
-18
35
57
31
33
29
11
31
36
-51
20
4
-8
-16
-5
3
-59
3
-11
-18
57
45
22
-83
-52
-16
-2
-26
10
-9
-10
-3
65
-34
-26
17
46
-42
11
-14
-29
16
60
-5
18
28
-40
0
-58
26
-8
14
35
-33
-35
-107
21
-7
72
-22
1
67
-17
29
45
31
27
21
22
29
-61
1
26
3
38
-58
-3
-6
-66
13
10
-9
-13
30
-15
-9
30
-1
-19
65
30
24
12
-18
8
40
-27
-59
-14
-31
-50
8
17
31
20
16
-61
69
43
-53
-31
-21
-26
10
-4
62
-21
-11
11
-15
-14
2
32
-66
-12
-18
22
51
-21
46
30
-39
16
-38
9
-61
34
-3
77
9
30
-44
25
-29
-32
-21
-48
-52
13
45
-31
23
-27
48
0
16
41
-40
-28
22
42
1
-16
-9
47
2
35
-11
-3
22
-14
56
51
40
-94
-47
-19
-28
-12
10
32
-3
-45
-14
16
-5
-98
6
64
26
0
43
12
42
-49
-9
-30
43
25
-23
-3
-11
-69
-56
38
-9
21
-22
-62
-61
15
-14
13
-60
-32
46
21
13
-4
7
-67
7
-10
-6
-22
15
-16
2
56
-41
13
23
-5
-53
33
20
-14
-28
20
57
-143
-53
62
-14
18
-34
12
6
94
9
16
-37
-1
15
-25
-8
-34
23
-32
-14
-32
24
-14
1
15
-24
20
25
-18
-6
-27
23
23
34
60
-28
9
-15
-27
47
66
8
2
33
17
16
-16
-72
1
75
117
-10
28
-44
-58
0
-64
-19
16
-16
28
6
-12
-3
48
-84
51
-27
-11
-29
-4
-27
44
-10
-5
16
0
27
3
-35
13
-26
43
-55
-58
53
-44
74
28
4
-43
-34
11
11
12
14
-16
43
-17
71
-1
16
33
4
-37
-11
-63
-78
44
-25
94
13
19
45
-15
-81
6
-23
31
20
50
-37
-4
11
108
26
38
49
-50
18
62
-2
24
5
-45
-22
0
-5
28
19
-38
36
1
8
-23
65
-27
4
1
17
-69
51
4
9
11
4
12
10
21
19
-55
-14
-93
-19
27
65
-14
-37
-23
66
18
-6
-8
18
39
-24
-8
-38
-7
-53
-74
-9
-96
-74
-66
-36
23
-23
-35
7
-23
-9
43
-4
4
-5
21
13
-1
27
25
-62
41
26
-21
39
19
-15
18
-24
-31
-52
-29
-86
-43
-28
-68
5
72
-3
-9
12
-72
-45
-24
-42
50
-32
-14
-26
-16
3
-54
-15
-53
11
-7
45
-31
-59
63
32
-54
61
-12
7
-6
-3
89
36
19
20
-22
15
-44
45
70
-33
-41
-11
48
-34
42
-10
44
72
3
-66
51
26
11
-3
1
26
4
-22
11
39
36
-31
-3
32
-55
-28
2
55
43
-38
18
4
5
-8
34
-16
-24
2
10
46
-22
73
-16
9
30
-2
15
-2
-67
3
-27
24
36
4
-14
60
-23
-8
-63
-23
-42
27
-55
16
14
-14
11
23
7
9
5
-3
-39
53
9
54
-68
81
-4
-55
43
-41
-8
19
3
-45
-21
14
-2
1
-32
-35
37
14
-19
-35
-17
-37
11
-4
22
32
14
-44
-17
-36
-25
-21
28
-19
80
-30
25
65
-37
-13
12
55
25
10
23
-21
21
10
6
62
-19
-39
-37
-31
20
-46
-2
4
-20
48
68
45
-46
-6
44
92
-8
8
-33
-43
-9
4
22
39
-14
-60
-33
58
3
9
-20
-33
-24
-49
-16
-1
-19
9
43
17
12
-86
48
47
22
36
56
18
-63
47
-51
-15
26
70
16
19
27
-40
-3
-1
8
-43
38
18
-54
27
-95
-64
-30
2
-47
-12
41
27
-35
-13
-1
-72
1
-58
24
5
15
-20
-24
46
-7
22
3
16
-34
-28
10
37
41
57
9
35
-16
-6
33
52
36
20
-9
6
-16
4
61
18
15
-29
32
52
-26
36
30
-16
-18
56
-24
66
66
5
-30
6
-9
-41
-26
-9
-21
43
5
55
-43
30
20
-54
-9
17
-20
59
20
-6
-10
30
-9
-25
70
19
65
2
-23
-18
-37
-14
39
-10
35
-11
-16
-5
-34
27
-47
-62
-24
84
72
36
-32
47
-4
-19
58
4
-18
45
-14
29
23
12
45
-31
-19
-10
29
3
-2
-15
-34
-14
58
1
11
49
-1
-2
-38
-11
28
-14
1
52
25
-30
17
-3
-9
50
-27
-41
-34
4
1
10
58
37
-17
28
-9
6
-13
21
-21
-27
3
9
52
-31
-12
-83
-36
-62
78
-54
2
12
11
-10
2
-35
-40
-28
-11
41
-11
14
-25
-9
-24
12
-2
-36
-11
12
20
19
-42
20
-7
-20
45
26
54
14
-19
22
-12
13
-7
-2
-26
-4
-49
48
38
-6
-17
18
44
-50
30
3
7
-50
12
0
-5
-56
49
47
-26
10
17
0
5
-62
6
-20
-87
-16
-24
-49
-14
-16
-64
19
-9
-55
-42
-3
-24
-2
-71
29
20
23
-26
11
22
-35
-31
-39
70
-6
15
44
29
111
-7
-15
53
10
-46
57
-29
30
-31
-87
-30
-24
5
47
48
-26
93
-17
42
-24
-48
-8
64
-9
-6
-66
23
-58
28
-46
8
13
-48
-18
33
-47
42
41
-5
10
-12
-76
16
-4
-37
-15
24
51
32
-2
-16
7
-8
-29
45
-42
-54
-6
48
3
-25
-27
5
-26
31
38
-48
-27
-32
-1
17
-76
-38
67
-12
17
-27
-13
21
36
1
36
10
-26
26
6
-24
12
-48
50
-7
2
-42
-27
-39
14
-29
-28
-38
-7
5
37
-14
17
14
5
-4
52
13
-13
-16
-31
3
29
2
46
-18
-2
-49
-15
18
28
45
-7
15
25
10
-8
13
64
-73
71
-37
40
24
40
-21
-76
4
3
-53
12
-12
-11
9
-13
50
49
-15
46
0
11
-12
31
75
-51
72
-6
3
-24
-4
8
7
9
-32
-21
-19
16
-54
-13
13
14
-1
-7
-5
39
-36
-82
90
6
26
30
-11
46
49
-72
1
-33
25
-40
9
-39
-25
34
-27
11
27
38
-8
-11
34
60
-34
6
-61
-7
-35
49
4
-53
-9
-34
-10
-2
2
3
-72
-23
27
-38
98
3
41
2
-46
-26
4
-32
29
-38
-38
-61
-38
4
-11
-12
32
25
-16
-35
17
-2
-45
13
-53
14
34
-1
69
-1
-15
28
2
57
-18
-1
-24
22
26
6
33
-4
-7
46
-28
-64
67
27
-68
-9
23
4
-3
3
-16
-13
-23
6
36
35
0
-5
-24
-104
63
47
14
-2
-9
-86
-47
-1
-39
25
0
66
-19
-6
-28
-8
-10
-29
-26
-25
3
49
3
76
50
31
-46
65
-40
7
-3
11
12
69
23
7
-29
12
-16
55
16
-23
69
-28
5
-13
10
17
5
-76
21
39
-4
47
21
49
59
-40
-35
18
-10
-63
-5
48
4
-18
7
14
-12
-54
19
-35
10
-18
9
-80
41
44
-84
-29
5
-3
28
40
4
11
29
-26
-7
3
14
-24
-44
27
-19
38
20
9
-19
-58
7
-3
-25
3
-12
-83
46
-49
41
-8
-48
-76
1
-14
77
56
-57
54
31
33
-30
-40
6
-56
34
-9
-1
-20
32
-43
10
-35
7
68
-27
-55
-47
-68
-62
29
-8
-14
-9
6
-9
12
-16
-4
-15
-17
22
-44
-45
-64
-13
-40
55
-23
-4
22
29
48
12
-46
29
0
-17
-36
-15
1
2
1
36
-16
-21
0
-5
37
-10
-1
58
33
36
-15
89
-9
-13
6
10
12
-2
-31
-2
15
10
-58
-21
36
64
-2
-9
26
-8
2
30
4
45
28
-26
-43
27
17
-14
58
45
-10
-29
27
60
-6
-11
68
-6
22
44
26
15
40
30
52
18
-27
-6
-92
72
27
22
-25
-40
-2
-23
52
11
8
5
87
53
-40
19
29
-33
45
-45
-9
14
10
24
-48
8
-17
31
20
-2
-45
12
45
67
-43
46
15
-14
18
-21
53
-26
67
1
25
24
-63
-2
-8
30
-10
-51
4
-1
-19
-36
-16
-39
-34
-12
-20
45
20
13
22
16
-51
36
-31
57
13
57
-41
25
17
5
21
52
89
52
-76
33
-19
-16
34
-12
9
28
30
15
-28
36
-12
-60
2
23
25
-13
-52
-9
-60
14
-16
-2
-34
-54
-38
-18
-24
46
-47
-31
-55
-26
-72
53
-56
-66
-43
-43
27
-7
-10
14
-2
-73
61
128
50
-54
-41
71
-82
21
27
18
-11
5
-4
-9
-40
38
-22
-48
-83
-65
-55
18
39
-4
21
6
-15
-7
-35
12
-40
37
-37
41
-52
26
2
-43
2
-9
22
16
-6
27
-5
23
58
36
-40
37
-12
-63
23
8
-58
0
-19
-51
29
-65
40
11
-40
38
-9
-35
-12
4
12
10
17
1
-47
-41
-33
28
-15
-2
19
-9
2
16
3
18
-9
-32
-33
17
29
-12
-38
-12
-8
2
0
30
-19
33
46
20
-27
-44
-52
-8
-5
104
60
-5
43
-16
15
37
-50
10
23
18
24
-4
-9
16
-3
15
-37
3
-41
-7
30
-67
9
12
-6
96
12
-22
5
50
3
-32
71
34
-1
27
-74
13
-2
-28
-86
-31
-8
-37
34
2
41
-18
11
79
28
28
36
2
36
-12
32
8
41
-30
-11
-57
56
-11
-44
20
13
0
54
13
10
-21
-11
73
9
23
11
-56
64
-45
28
-19
-61
30
-28
-42
10
-37
-32
-27
39
-13
-21
-11
-25
-10
-18
3
19
-5
28
31
5
-5
12
25
-13
20
-14
-22
-2
-12
-15
-2
43
2
-22
18
10
-6
16
78
11
-14
8
-26
1
-32
19
0
-2
-35
40
16
-29
13
-19
-35
58
2
26
28
32
-20
20
-10
-13
-40
24
6
27
-29
73
24
36
4
-11
-41
-1
13
-2
6
40
32
19
-48
4
-48
-20
41
51
-20
1
22
-3
6
0
-14
12
-24
29
39
-42
-6
39
-56
73
8
-26
8
5
25
19
-72
-34
49
4
-34
-14
-38
-14
-43
36
-2
2
45
18
58
-3
64
-14
-22
-14
20
-4
-34
-18
-64
-26
-33
19
25
31
78
49
5
-16
29
-11
-20
-36
2
26
17
61
-4
-24
-45
-25
-35
-7
8
61
29
39
-27
14
-31
-19
45
-39
22
-43
-4
-28
45
-1
10
50
30
-29
-20
-16
2
41
-6
16
-21
8
-44
28
10
3
-43
-25
-29
5
1
12
-28
-21
43
-24
10
24
-76
-31
37
-43
2
94
9
-13
-17
39
-31
80
-46
-17
-11
-7
-29
-18
-28
22
17
39
2
-12
-14
-14
39
21
-9
-4
-6
3
-66
-19
4
40
35
45
60
4
59
90
16
-50
10
29
-8
-39
-14
-21
-31
-35
1
45
22
-16
3
6
25
107
-44
-44
-13
-16
-47
17
-3
-24
-7
31
28
5
17
39
-16
-50
-80
-3
6
-40
53
14
-80
-23
-71
10
-14
2
-4
14
42
-50
-13
7
-33
10
-15
16
33
45
-27
-26
60
74
-39
-27
-47
-6
30
-10
11
11
-25
-28
52
-8
-23
20
8
-50
35
-25
15
-4
-2
12
36
-16
14
7
-27
-72
11
1
58
-46
-35
15
6
41
-2
-18
6
-16
80
23
-18
27
-31
-9
22
9
-26
22
46
32
70
26
-4
-16
-4
-2
-39
15
-44
-45
-83
9
-5
44
86
-11
-25
3
19
12
-17
46
11
20
-11
57
28
-29
26
9
-26
20
-6
-5
-40
-42
0
44
-6
17
14
74
-7
-5
45
9
-16
81
-6
-46
21
6
-9
15
-37
66
4
34
-12
7
31
27
58
17
16
31
-3
-82
43
-13
18
-19
27
3
3
35
42
33
33
40
2
25
-43
12
42
-55
-39
-13
5
-35
25
37
-10
-20
64
-25
27
-60
-27
-62
-60
-18
-16
-42
-8
-35
2
-6
-14
-28
-75
12
-18
-75
-20
-27
0
-8
112
77
3
-15
-11
-28
16
-4
14
38
45
8
-7
-11
-12
-10
-71
34
16
7
1
-5
-35
-38
54
52
-43
1
-36
12
-31
-20
-23
-57
-57
4
-10
-21
-19
-42
-13
-37
-67
-29
5
58
4
-35
-14
-98
30
-7
-9
-16
-41
-45
-3
3
57
62
3
-4
13
-9
-32
7
-24
-79
28
53
-39
-21
-63
-1
-58
16
-51
-41
10
77
14
54
-21
-2
-40
31
-31
25
23
27
24
24
48
-57
46
44
-27
59
-47
-58
-10
23
-60
24
45
62
15
3
-30
14
-42
-48
3
28
-18
47
-20
-13
59
-33
-8
13
-52
52
6
38
71
-22
3
-19
24
-9
43
16
104
-28
-10
47
10
11
-58
-8
-57
41
-11
-10
-20
73
-32
-35
-59
23
50
23
-43
10
-5
-9
70
62
-50
48
-11
36
-56
83
-24
48
0
-23
3
-21
-5
-11
-27
-18
-20
-22
-27
-36
-30
15
7
41
9
63
54
-4
-13
12
-21
-20
-23
-27
-8
-28
16
57
-43
-1
-78
96
-5
-4
47
16
49
44
28
-13
29
-10
40
22
-28
-51
-4
-4
-3
-50
-14
4
0
-4
-9
0
14
12
-21
-21
6
74
-56
15
-21
0
22
13
-37
25
-16
-28
-27
63
-32
-10
-42
-39
28
32
-32
-28
-52
-28
19
-29
22
-58
27
-53
-28
39
-76
-3
12
30
-58
-11
-49
23
22
-71
-7
-16
-23
-26
-42
53
47
-31
45
-11
-10
-67
-5
36
-15
-4
-1
3
-63
-46
-1
-50
32
-56
0
-22
-8
-9
-40
-25
14
14
-78
30
-15
-43
-4
10
18
1
29
-35
-1
46
1
23
-6
-40
-49
30
43
-34
46
31
-44
-2
0
-6
39
-8
-49
30
1
-3
104
64
61
-26
-10
-39
17
77
28
31
42
-13
-75
-27
-1
87
-11
11
-60
43
-11
10
17
22
32
2
-11
109
42
-4
-6
16
31
-15
11
-57
-17
1
10
-32
11
3
14
10
14
-40
-6
-4
36
33
-49
-25
39
50
33
-21
-88
40
-58
9
-31
15
-89
10
-24
10
-34
13
-28
43
10
-10
-17
-17
22
21
69
49
-45
-58
-21
-6
-33
55
-27
-5
14
-8
-32
42
-17
51
-38
42
38
-48
9
-34
-25
29
29
-39
50
-44
-82
-46
19
-64
-23
-88
-21
-14
-6
40
14
-90
-73
-3
45
38
-46
39
-24
-3
-34
91
-37
-99
-17
55
25
11
18
-12
-19
33
47
-18
14
-44
-34
-46
-8
-16
-11
17
39
-16
-65
-68
-37
2
-12
-44
-44
34
14
7
-21
57
-30
-22
-31
-33
-24
-35
19
-4
18
63
-36
-27
-22
64
-38
0
-4
-42
-4
-21
-40
23
-64
60
17
-31
17
33
-19
6
6
37
-32
-13
-27
16
48
14
-1
-59
60
-29
-41
-2
-1
-32
13
89
31
11
46
22
-13
-36
-10
31
-6
-13
41
3
-12
-9
29
-6
-9
-70
50
-51
18
30
18
-8
-14
27
-32
13
56
5
17
-17
3
-11
-1
66
44
4
-12
-20
-29
-42
33
-47
-4
-12
-26
82
-45
3
-20
-29
23
-7
13
-20
15
28
27
10
-21
6
50
-6
0
40
5
36
-18
-30
-20
-8
7
-34
50
11
-46
-3
-2
-25
2
-19
67
34
-12
47
29
16
-4
-101
-9
-27
-34
45
-32
0
-10
17
13
-57
-22
-6
-18
49
-33
12
18
-68
-6
23
-71
64
12
54
11
17
-35
5
35
57
16
14
-24
17
-60
41
-15
23
-23
-19
-37
24
-25
-78
-1
64
65
8
24
-35
-27
47
23
2
0
18
-18
5
-10
-6
-53
-31
22
16
27
-14
1
-58
-23
-45
8
42
-37
2
-23
-91
8
-50
13
11
-75
-47
39
49
29
-73
-7
33
14
57
-35
8
15
-10
47
3
-10
29
8
37
-12
43
35
7
70
52
46
-24
18
1
54
13
7
10
-48
45
-12
67
-17
-8
17
41
16
-15
-22
-5
3
-40
15
-29
-1
46
-24
-31
-76
-1
-19
58
8
37
-32
-38
-16
-71
-54
74
-58
-26
11
-24
18
33
-11
30
-14
3
14
50
-37
48
35
-12
12
-12
22
62
-22
-23
3
-1
43
-30
-8
-34
11
44
-17
-32
93
-43
-47
-50
-9
-10
1
-9
-5
-2
-86
-23
-12
-37
12
12
20
-10
-35
42
-5
-5
17
17
-22
15
3
30
-47
-1
-80
17
-31
15
-12
-68
-29
-15
-76
6
27
1
24
-16
-32
-43
-49
-37
1
-44
-45
-2
12
-62
41
-2
-3
-73
38
-45
0
70
-13
35
15
-36
-10
-38
-1
-29
-31
33
45
-30
52
-30
22
56
-76
-43
45
65
63
33
11
-13
-12
-25
-17
72
47
-49
17
15
47
34
45
2
15
14
-21
-37
11
-55
-4
35
-29
25
25
-14
50
6
-22
-70
26
5
-26
-32
-55
-14
21
31
-16
-43
38
-20
-24
-39
14
-1
-3
-37
-25
20
-9
-23
-19
-15
69
-34
18
-57
-33
7
-29
75
-41
63
-56
19
42
7
41
-63
5
28
-10
9
-51
18
46
-8
-30
-30
-60
-13
47
-15
29
-6
-8
15
-50
9
-49
16
-31
44
-28
-11
28
11
-11
0
-28
-17
34
1
14
24
58
42
-18
0
5
18
-64
52
45
22
-20
-51
-21
-32
-3
-33
1
8
-28
8
15
-18
-35
-92
-78
-22
-24
12
-33
-17
17
-20
12
24
2
-23
-29
3
63
37
1
-13
-30
64
38
-13
71
61
31
-45
-26
-13
38
-2
-43
27
7
64
16
24
15
13
50
-39
-42
7
73
-6
26
75
-41
26
56
-17
9
4
-38
-27
79
-5
20
-17
-6
-17
-1
-20
-1
48
35
-75
-37
65
19
12
-8
18
73
11
15
36
14
-22
-47
23
-73
-24
12
40
-10
1
22
-12
-35
2
-38
-98
-21
19
1
-35
-38
25
-2
-10
34
-32
21
-30
42
-44
-26
-6
-11
11
-16
-51
-14
5
-28
-11
54
-32
-25
2
-5
65
84
-29
-3
-20
-56
-45
4
8
-11
-8
-21
54
9
-20
51
-24
83
54
-12
-58
-44
-25
-65
-93
6
-52
-17
-19
5
-37
-47
-26
-11
40
7
29
49
-32
-9
-4
28
3
47
83
14
28
67
-20
-15
-49
3
-23
17
-8
-51
54
-10
35
-6
13
10
-43
-22
-23
9
109
-9
-19
24
-49
-22
11
-28
62
7
13
40
12
-13
42
13
3
-31
35
11
-36
-32
-46
-22
5
-1
18
28
-14
-27
-35
-38
55
71
25
2
-91
49
14
-2
8
-3
-51
26
22
-8
0
34
-92
6
-25
12
-52
35
17
25
31
24
19
-62
9
13
18
-25
-38
-14
9
16
27
76
-1
15
13
-30
-1
-8
9
15
-19
5
-21
-6
47
85
-12
-44
-14
-28
73
33
-8
-28
-76
-31
21
-26
-56
-51
-9
-22
-93
0
-21
49
16
-31
10
67
16
-12
42
19
-47
-9
-49
-35
28
11
52
-44
-48
47
-18
43
-48
-13
-12
-25
52
3
-23
-7
49
-62
59
8
-7
20
-33
-66
-4
48
-4
11
-49
49
-7
5
52
7
-11
2
14
-31
6
26
-17
67
34
10
75
-11
-18
-34
19
-11
92
34
-53
-47
61
30
8
-2
-27
-34
64
38
17
-1
-45
13
-21
62
23
-62
14
-12
-37
87
0
17
-3
26
-36
62
19
-27
-48
-43
-10
-10
73
41
-54
-28
-58
-27
-10
41
-2
-46
-41
42
14
66
-29
5
-19
-1
-10
-24
-53
1
18
-35
13
52
-2
4
-1
28
-51
-35
11
16
16
35
-1
15
-28
-33
-48
-29
30
20
-41
24
5
-19
-7
118
8
39
-15
28
18
4
-51
58
9
20
-46
26
28
39
-50
-31
22
28
-35
25
20
-99
25
35
-72
-18
40
29
42
27
3
-8
6
23
-33
33
-85
-34
-24
-60
-14
43
21
34
-4
5
1
-48
3
-1
-19
-57
3
53
0
-33
27
-41
31
32
-18
-26
73
-44
-79
32
9
-14
52
-7
15
2
-13
-37
-18
14
-34
16
-57
22
-12
28
16
-74
20
-97
30
-8
-5
60
-17
12
-61
-22
-47
45
-74
-42
-41
-28
-6
-23
59
21
-7
-25
-38
41
-10
31
66
-47
-42
24
-61
-54
15
-45
38
26
-8
58
-62
-28
-44
-6
-5
-23
44
3
-31
-44
-12
19
105
8
36
51
0
33
20
-2
75
3
-31
58
-38
-19
52
18
-10
2
23
19
-27
-1
-31
-63
37
-4
0
-52
37
20
4
-5
-13
-20
8
-56
-9
-43
-26
15
20
-73
-39
10
-46
-32
30
41
-9
-11
17
35
-38
-31
12
-21
7
77
-45
53
42
16
-22
-43
-65
50
2
-22
-10
-13
-1
-4
-31
-71
-17
23
-35
7
3
-78
-41
109
-6
-18
50
71
-66
-6
-51
-19
-3
23
-28
115
-49
15
-8
19
-4
3
-36
25
59
-30
-3
-41
55
69
-8
-39
-105
7
-1
19
29
10
63
-6
-6
44
27
-7
-33
-26
-27
62
-101
-20
-28
2
-16
-28
3
9
-57
-80
5
-7
65
19
16
15
19
50
20
-33
5
-8
32
-15
29
11
15
-22
-33
39
-4
69
5
34
-29
-41
4
19
2
43
13
133
26
-39
15
-17
72
79
13
74
-57
-8
9
-4
-15
88
15
-28
-69
-21
-51
-23
21
9
-11
10
15
83
1
-6
6
25
-27
52
12
-20
1
-18
26
-3
-26
84
-4
-105
-7
-15
68
26
22
-14
21
31
38
12
10
36
37
1
-22
30
31
-15
-4
-61
-73
56
8
14
-11
-30
27
-24
-11
-9
5
-15
61
-54
28
-52
13
-13
93
-33
36
-63
9
31
28
3
-13
-23
1
-40
1
23
14
-2
-5
65
87
27
55
-23
57
-37
32
62
-5
-30
-34
-25
3
16
35
-27
6
1
-43
-32
10
59
-39
-4
15
-42
72
-15
-12
65
-9
19
-6
71
-54
43
14
-50
-36
-5
21
-8
22
8
1
4
-50
-32
68
-17
-49
-13
61
39
-70
28
75
-1
-52
1
-24
4
-11
39
46
50
48
2
21
-19
0
43
43
33
3
1
22
-10
44
8
-11
54
-12
-34
14
-31
-45
46
-35
52
0
21
6
-20
25
4
-18
34
-45
54
-57
3
-63
-4
3
29
-26
1
-32
13
-53
15
29
-16
9
14
53
34
87
-16
-36
6
-37
66
-23
30
0
-25
15
54
2
36
48
-17
-8
-26
-15
-32
-17
-20
-18
-37
-21
40
46
31
34
77
10
27
18
50
-42
30
-15
4
23
49
-9
-21
1
5
-19
68
35
38
-47
-40
-59
-32
14
-46
-87
0
27
-47
-4
11
30
-49
41
-21
-48
-44
29
77
38
24
45
9
-12
-46
20
-96
-22
-7
-11
-54
13
-33
-35
8
-35
48
-21
57
-19
64
24
31
48
14
-73
-50
-56
-17
59
-21
-7
26
0
1
-3
-48
-4
-19
-6
-2
24
-24
-18
-11
6
-26
-9
-28
3
-70
-32
42
11
0
-16
-55
52
47
21
30
-9
55
-15
65
29
17
-36
2
-58
4
57
8
-2
49
-29
-4
41
-77
-12
11
24
21
46
63
-28
48
10
20
66
14
-11
-86
29
-46
-4
25
55
13
-17
11
32
20
34
23
-9
17
60
-5
-12
-14
-33
19
1
-41
67
30
-31
-2
18
-30
15
-72
5
-11
34
-60
40
18
1
25
-55
25
28
-69
-9
40
-18
-47
-15
-14
45
9
-1
47
3
-23
-16
-19
19
-4
61
-34
41
-23
45
-16
22
42
-8
62
43
33
-10
13
24
22
50
3
-47
-103
-15
3
-5
-30
22
89
5
26
-42
-46
6
38
8
2
-10
-18
0
5
3
-26
37
-20
64
-74
-1
49
-2
-37
15
-4
11
-51
-9
7
-65
15
29
1
106
31
38
-70
5
45
-10
58
27
-25
0
-6
27
-29
-46
10
34
-19
-31
27
32
4
-18
-28
-22
-7
20
4
-1
-6
-10
-14
18
-12
-57
16
-76
-10
-4
2
-21
19
-12
10
23
24
6
-15
-14
-21
56
-1
40
-16
44
-2
37
6
8
-19
21
2
-21
-30
15
35
-16
41
-15
-46
-8
-60
-9
25
27
43
-53
-19
-1
-40
69
29
16
82
-3
25
2
1
-30
-14
30
-27
50
-83
51
-15
-14
11
28
14
-46
-25
-16
91
-50
-47
25
-53
-2
-38
34
-43
14
-13
10
-72
22
-18
-7
-7
30
-41
-51
-26
8
-71
-31
-13
-55
-17
28
-27
34
-23
31
-7
-42
49
-2
9
-61
-1
-42
12
68
35
14
42
-29
-42
-44
32
-27
-1
66
20
21
4
5
-68
-22
22
-21
-59
33
-19
-46
29
64
-27
20
-18
-32
3
-35
27
-16
-13
-73
17
-41
35
2
-29
-34
71
-1
-10
35
-22
-24
31
-64
-66
81
25
13
-10
22
-7
-29
12
-5
-39
25
4
-12
-47
-12
17
-44
-11
-26
-28
-18
-7
23
83
16
-7
-29
-14
-23
53
14
37
57
30
30
32
4
-69
-23
5
5
34
-3
22
-36
-9
-35
9
29
34
91
42
37
6
9
-13
-36
53
6
-24
-6
-49
82
-5
49
-48
63
1
-56
8
-80
12
30
-7
47
-2
-29
-26
57
-78
29
-39
4
-26
27
14
-2
20
-19
9
24
-9
-57
-42
8
3
55
58
-44
-37
4
-26
6
-45
26
-13
22
0
-1
-54
-38
-65
-16
-30
24
46
50
59
21
-76
-29
-37
-15
26
15
7
-35
-41
30
-11
1
13
-41
16
43
-11
-24
22
8
60
-23
54
21
-98
-4
-80
19
56
44
7
-12
7
23
-33
1
-35
-8
16
21
-7
-28
-31
-10
-15
-4
-33
-17
-19
-38
-30
-33
-17
-12
13
33
22
-48
-20
15
-65
-23
11
53
-8
-66
-16
-32
-9
13
25
-48
-4
-66
-35
15
-31
40
-36
-25
13
53
1
-15
-7
59
-26
-3
9
46
-9
29
-11
-14
44
-19
-40
7
-111
-27
17
-16
-35
69
27
-27
-50
-30
-110
-1
12
-60
38
15
89
-28
24
39
-80
-60
63
71
28
98
-15
106
-90
22
39
-68
-18
-45
38
43
84
39
37
-21
-52
51
70
36
37
3
7
27
-6
-30
-60
-46
0
2
64
-82
-51
-42
35
23
62
-37
51
16
20
3
-54
21
-9
30
-19
48
24
46
53
-61
82
-12
-81
40
7
42
-38
-45
12
-32
-26
31
-58
-26
15
9
3
13
-53
-38
37
-40
-54
-80
-12
17
30
51
-10
15
6
28
5
15
67
-14
27
18
-38
-71
4
-56
21
-61
26
-6
-13
-52
-25
-70
43
44
54
44
16
-2
31
12
20
-30
12
-13
-11
10
-41
-16
-50
-30
-3
31
61
-61
21
19
-1
-63
-97
12
12
70
-9
-29
-2
64
-14
30
-38
-65
14
-23
-38
16
-28
-28
-26
-76
-15
51
43
-21
-6
-13
42
-31
20
-10
-16
39
3
9
5
-11
-63
39
-30
-15
-1
-14
14
-58
58
-12
-22
-33
14
-24
26
-65
1
-27
-33
-6
13
4
34
-22
31
-33
-4
-9
3
5
-17
-7
-92
-26
-119
-12
-3
-8
-43
4
42
-7
25
-20
35
45
13
53
74
-22
20
-26
78
-12
35
-32
30
-78
-9
5
-21
2
16
-86
-50
-22
-44
10
28
25
27
-57
-27
77
21
-4
-28
-7
-48
9
-47
1
5
56
-23
24
30
-5
6
-4
-72
-14
-4
-19
58
29
-17
43
26
-19
31
-19
1
-16
-39
9
23
20
8
10
45
-8
-15
-17
26
35
-28
-13
7
15
50
-36
-45
-1
-39
-47
13
10
-34
31
1
-19
-8
-53
-13
-26
-2
11
47
69
-37
-49
13
15
9
3
-6
-11
13
-13
27
-76
20
-7
8
9
85
-1
-38
-19
34
-27
-62
-19
6
-4
22
24
-12
-22
12
-9
7
-9
35
9
17
46
-13
8
11
2
40
-30
49
33
17
21
46
-26
-12
50
17
50
-28
49
28
21
-13
27
-16
-58
-43
1
-3
-18
-16
-5
-13
-29
-13
13
2
-32
20
0
66
-8
7
0
3
-44
38
1
-25
29
-13
24
-63
27
-3
15
-41
73
18
-22
-32
-7
-42
28
-44
-45
0
62
-54
-1
49
-35
8
29
42
25
28
10
-3
17
79
42
-11
-34
7
-24
-28
42
5
-57
-6
-31
-67
1
11
-22
64
5
9
52
33
-7
-15
-6
-9
22
27
-8
-10
-5
-17
-16
-5
-36
-51
-50
21
-30
39
-18
54
51
-25
-19
-34
24
4
-32
-33
-12
13
-23
42
28
-73
-21
3
59
34
-3
52
29
5
36
34
6
9
20
-11
15
31
0
11
-12
-10
-18
106
-16
38
-56
24
60
13
31
15
39
-9
37
-43
-24
-12
-47
35
65
62
-56
-3
48
36
-4
22
22
8
0
-9
-48
10
-40
31
-72
-26
-40
-17
-43
2
5
-48
-2
54
-2
24
-24
-64
20
-12
25
-16
-18
-15
-8
33
75
-43
-10
6
-41
6
-32
15
21
29
-25
34
7
4
9
-18
1
17
-10
-19
9
-10
1
59
-16
-42
-45
10
11
-70
57
-33
19
-76
-38
30
34
-19
7
-33
7
-11
-25
5
20
-42
15
-22
-31
-13
8
52
34
4
-20
-7
-35
-11
33
-2
-45
13
39
4
-41
32
-17
-19
-55
-5
17
21
-70
11
4
6
11
90
6
6
-5
26
-28
-32
8
-24
-16
-7
25
-10
69
-31
22
18
-5
-13
0
4
27
-80
-3
-5
6
32
51
78
52
39
-29
9
-9
46
-34
26
-34
8
-3
-29
72
-10
25
-17
59
-59
-67
-17
-22
-6
-72
5
-42
52
24
-3
-58
-49
-33
9
30
-10
-56
-43
65
3
-28
-16
-13
-10
-2
-36
48
-44
25
26
9
5
2
12
-43
14
43
12
24
67
33
26
35
-18
24
-16
-4
-29
8
-9
-70
-11
60
-37
-6
-39
26
23
43
39
-62
14
-16
29
-6
42
-11
8
1
10
29
-45
69
11
-21
-9
-18
43
-42
33
-18
-27
-14
31
5
-74
5
58
5
-66
-7
2
14
-25
47
-26
22
27
23
-9
-15
30
-1
14
23
-11
66
42
33
0
16
-9
4
56
-20
14
16
66
-2
6
-77
43
-23
18
18
-32
-21
81
29
-36
-5
-97
20
37
-25
-16
72
3
-19
-22
4
-29
20
60
65
-40
-53
-7
-2
-60
8
22
-28
-8
-68
1
-37
-74
40
15
-15
24
31
-19
59
1
-25
-10
34
-18
2
33
56
-26
8
-39
61
15
122
-5
-61
10
26
-20
-97
19
4
48
6
52
53
-50
-29
35
5
31
-31
59
-60
-2
21
-42
-8
-8
-57
-57
-20
-31
-66
2
-33
1
35
16
-24
-22
21
-40
-2
39
-9
55
27
52
-23
7
-26
43
45
99
32
47
13
8
-81
-33
-18
4
-87
-33
-27
50
6
-29
-13
36
-5
20
-41
-63
-5
13
-32
-23
-8
38
17
-20
21
40
1
29
-67
-7
-10
83
-51
-10
38
-3
43
27
-52
-11
0
-4
-44
-10
-73
-45
34
3
17
5
23
37
-25
62
1
-69
-6
32
17
-7
-47
-7
63
-35
-8
-7
57
-9
-45
4
-35
7
88
-5
21
-57
15
23
-1
6
12
1
-61
34
-52
-15
-39
-63
13
3
-4
-75
-3
-1
36
3
-2
24
37
39
-26
-45
-14
33
-10
66
-23
15
-15
39
41
-17
27
43
11
12
33
-81
31
13
24
-57
-3
9
-12
25
-31
18
58
-34
16
38
32
10
42
43
-27
30
56
-20
21
-44
43
6
-10
-21
-1
-24
-83
-65
11
-9
20
-5
61
-31
37
37
-4
-25
-38
5
-15
-67
-47
39
31
14
-28
-68
2
4
-32
18
-7
-13
25
57
-2
66
-32
73
-62
-16
-21
1
35
-23
1
37
-62
40
-36
11
-12
50
-63
-49
15
34
13
34
54
9
-13
-50
10
-8
57
-11
47
-7
21
8
4
31
57
-29
-24
21
47
48
8
15
-17
-11
-47
-51
-4
-29
-73
6
28
11
-53
30
-31
29
21
-42
-18
-36
-9
-2
-34
-48
40
-4
10
-29
24
-9
68
-7
-59
44
-43
-55
-39
29
-28
-53
-76
-4
30
-47
-7
29
-46
-1
-58
-39
29
27
-14
-16
-87
-4
15
53
-66
17
-10
-8
46
-24
32
-47
-1
-9
27
16
29
-26
-1
-32
-19
48
39
62
3
-11
5
61
-10
-14
-71
-52
12
44
-65
3
35
-8
19
-65
-34
54
-30
-74
7
6
68
-28
-36
-46
16
-13
-28
-20
3
-64
-2
17
-7
-17
91
-12
-15
-10
-31
-1
-37
68
32
-12
69
-8
1
-24
-55
22
5
45
-4
-7
-40
-38
13
-41
-35
18
-59
-35
71
48
56
-34
1
-61
3
28
-25
5
-30
-42
59
-17
15
17
-4
46
-72
-30
-5
-32
-20
40
-23
43
-4
35
13
-21
-39
-7
-31
-28
-66
9
8
-43
2
3
-21
58
23
-65
24
-23
-27
28
-17
-75
-13
-6
-36
-24
44
-25
24
-52
-50
-16
-77
22
-35
-19
-20
11
-27
-54
3
9
1
-20
-15
-56
-29
35
-22
46
-10
31
30
-56
-12
71
8
82
14
15
10
-47
3
-22
3
2
-24
-73
33
24
26
-56
-49
-38
-14
4
17
-17
61
8
17
-29
-67
-24
-25
54
1
53
-15
-2
6
-58
-34
-44
-54
-46
-28
-45
-24
-77
52
27
4
-20
23
-52
-22
41
42
1
26
-58
-13
13
-50
1
-38
12
-42
-39
34
-47
25
-39
19
21
-15
65
43
33
28
-27
13
36
-12
-21
-3
-8
-35
-31
-20
7
-59
50
-93
-42
7
7
-25
-8
13
15
-63
-50
-30
16
66
-4
39
-34
-29
7
-43
1
-41
12
37
-8
35
19
-15
113
-12
-20
4
35
-5
41
35
-31
-20
1
31
-63
-45
-34
10
24
-31
-20
-18
-1
-13
15
10
43
55
16
-58
5
-18
-6
-17
-15
36
46
38
55
-29
-19
-4
-3
-18
-18
29
-64
34
-37
-22
9
23
9
51
51
9
-20
26
60
21
77
-28
-50
-3
-9
43
-58
-63
-87
55
24
-5
-24
-34
-60
65
43
27
-50
-3
7
-35
-115
-30
-56
-3
-40
43
2
50
-8
5
-16
-11
-24
12
-15
8
-37
8
32
4
-10
34
-10
52
-58
31
-14
13
-34
-67
-20
-15
58
6
-79
16
-18
4
-82
-13
-44
-26
17
32
-41
23
8
-46
-71
-28
21
-7
112
-38
14
-22
34
22
-7
30
-8
42
8
-10
73
-39
27
31
-5
-29
53
34
44
-58
-3
-38
47
34
18
-33
-58
11
-16
-5
9
0
-76
-27
4
-53
-31
-32
-3
3
53
35
-6
43
10
15
6
-71
15
-11
36
14
9
-53
-14
18
-21
25
-6
-23
21
27
-114
-42
-5
-18
14
-7
-55
-12
8
-31
30
47
-4
87
-20
-2
98
41
-13
35
63
11
9
-10
4
-15
38
-7
-5
22
38
7
21
51
-10
-16
4
-13
-45
-3
-53
-37
1
-29
53
1
7
3
-39
-21
-10
26
27
42
-19
-14
-4
77
-53
-19
11
43
2
-11
-59
-56
-9
31
-5
-38
-55
-38
-47
-3
-72
14
-43
-5
27
-47
-24
-28
-43
-35
-69
-46
-37
-29
-14
-25
-20
-36
27
57
-19
-30
11
80
-7
-38
17
30
-5
-17
53
7
33
72
-13
-3
-47
-21
-15
-52
-21
-41
-9
26
35
-4
6
23
-33
-7
21
23
37
-8
-15
-43
-42
2
51
-69
10
39
-18
28
37
32
21
23
41
35
-31
13
-29
17
5
-20
-50
57
-66
-34
72
-37
-30
10
25
-22
-32
-19
65
11
4
-16
-8
-7
3
-51
-7
-17
-4
17
31
-31
48
-35
-51
30
39
17
27
26
15
-92
-21
-19
35
-18
-7
6
40
-10
-77
0
-58
-32
57
7
-3
-17
-44
35
36
38
-20
-12
-28
-38
89
4
-32
48
4
-49
-23
30
-90
14
50
19
6
3
-27
9
-22
34
-9
-5
12
-56
9
30
42
-34
-16
-3
72
32
-80
8
57
-86
-12
-34
64
-56
-68
10
-3
11
-10
16
0
6
-11
-32
-3
1
6
-38
-15
37
9
51
-19
5
-39
-24
2
-13
40
4
-17
-23
-31
-5
-39
48
-16
6
39
76
6
10
-56
50
-48
21
-18
-33
16
11
-27
64
-24
-38
16
0
-16
-8
5
-45
-27
-18
-28
17
4
22
28
-23
37
-16
-51
14
-27
1
7
-17
-7
58
23
0
25
34
38
-34
20
-18
43
11
31
54
32
4
69
23
-37
51
-12
18
-24
21
-6
32
38
13
33
42
-81
26
21
-53
-7
46
33
107
48
33
-25
-71
17
-42
-23
28
-11
-2
8
-11
7
-30
-52
-12
-1
18
-28
-26
2
20
-9
50
32
-17
-48
-26
-22
-46
24
-10
21
20
65
4
-29
21
-21
-11
-26
17
19
-6
41
-36
49
-59
13
-14
54
-17
-34
-3
51
21
-19
-4
22
-30
-54
49
-11
-61
2
10
-1
38
-28
-19
28
2
23
44
-14
-18
24
-15
-17
-24
-19
-16
-2
-59
-72
-37
-33
58
56
-10
8
10
22
5
-23
15
28
-6
14
1
-9
-21
-16
11
-96
-39
54
-31
5
-2
11
39
54
-36
-21
6
61
0
-50
-23
-32
-16
-12
5
-22
-61
-17
-61
-11
5
23
-17
14
22
-47
14
2
-12
60
-26
36
54
39
48
-44
24
41
-37
-9
6
-53
-20
6
-19
22
-17
-32
-19
88
-10
14
-50
-6
-10
-33
31
-56
77
-34
-36
-34
33
-25
-12
-20
-49
54
-20
10
-15
40
-5
-36
-35
14
22
-46
-14
-25
-5
49
-61
17
-20
-8
26
13
6
19
30
-9
-15
-11
13
-33
44
30
9
-11
75
-33
4
-54
-6
-13
50
14
32
5
37
12
-31
6
-18
-28
-29
-71
-17
-40
-35
28
-22
17
13
22
80
4
39
8
-52
4
6
-47
-18
-11
-55
-25
28
56
-20
-100
9
19
30
21
87
5
14
-20
-64
14
-109
-15
-3
1
-28
-71
-65
-56
12
98
36
34
33
60
1
-29
-24
36
-7
19
29
17
5
52
21
8
-48
70
-94
25
5
29
3
26
-17
25
26
46
49
30
-23
28
52
-25
41
23
41
-34
20
38
-8
-1
-42
18
-22
3
-66
42
-24
-13
30
-55
24
51
-35
-26
