10 87 196
0 0
0 1
0 3
0 6
0 7
0 9
1 0
1 1
1 2
1 3
1 4
1 5
1 6
1 9
2 1
2 2
2 3
2 4
2 5
2 6
2 7
2 9
3 0
3 1
3 2
3 3
3 4
3 5
3 7
3 8
3 9
4 0
4 1
4 2
4 4
4 5
4 6
4 8
4 9
5 0
5 1
5 2
5 3
5 4
5 5
5 6
5 7
5 8
5 9
6 0
6 1
6 2
6 3
6 4
6 5
6 6
6 7
6 8
6 9
7 1
7 2
7 3
7 4
7 5
7 6
7 7
7 8
7 9
8 0
8 1
8 2
8 3
8 4
8 5
8 6
8 7
8 8
8 9
9 0
9 1
9 2
9 3
9 4
9 5
9 7
9 8
9 9
43
76
66
11
18
73
81
45
86
78
74
49
30
47
8
68
14
21
32
1
27
48
26
25
80
7
59
0
35
52
51
41
29
62
58
38
4
60
20
17
53
69
61
55
42
13
3
57
77
28
31
36
34
9
85
44
22
24
67
82
16
83
63
6
71
10
12
56
72
39
46
65
37
50
79
15
5
40
84
54
23
2
19
33
70
75
64
113
-65
-136
-392
32
-158
-386
-217
-108
-253
-311
-215
-24
117
-207
-73
111
200
-82
-73
-7
-4
-206
234
-35
248
-53
-330
-39
11
-286
-72
97
181
42
-443
-111
-292
-265
-238
-46
-183
147
277
-272
142
158
-79
-81
-178
-235
-355
-169
-474
132
-371
295
95
109
-158
-102
-10
-107
-365
145
-263
-164
503
-43
1
-232
141
-191
161
-120
1
204
-19
-205
39
-48
-111
32
-201
-97
-5
203
91
71
-45
80
292
246
-159
-214
-205
-172
-18
0
69
123
-117
5
110
-266
303
208
-11
-97
142
-86
84
-52
-84
-146
194
-214
114
-96
131
-119
133
-89
-226
-326
-136
191
-157
49
220
-146
67
190
166
63
490
-233
-384
-6
69
216
68
185
278
-77
-53
-72
-209
-202
-167
-37
-270
8
270
-225
-373
126
-26
42
459
170
-122
-42
-78
-429
43
6
291
-37
392
101
-121
-5
-210
-37
32
205
112
-147
294
239
-99
233
-148
-337
52
86
-238
438
80
-181
-166
-70
143
-46
-394
-204
-206
39
77
-135
68
78
-145
68
-386
-101
230
171
28
91
103
-414
-290
379
131
17
19
228
-157
112
-211
77
-88
95
-73
-60
-398
53
-142
-237
-194
-187
129
-54
-224
56
-164
-6
-214
116
-135
-245
-62
-86
130
3
-192
114
133
45
34
204
-134
-38
-38
210
-348
183
119
272
-172
-166
250
144
261
-133
250
184
10
-261
-281
-193
-222
-50
-240
-294
-416
-4
109
-1
-308
65
-90
330
-266
-472
276
-254
-41
105
-120
-287
-101
-296
237
-110
-258
54
21
-200
-160
158
-141
-11
-11
207
133
24
-311
-7
-134
366
229
-417
22
313
-211
-170
-231
26
-6
31
-458
32
169
-198
-109
59
-89
161
-45
-58
-23
-101
-65
133
81
68
-60
-173
44
313
113
53
-40
316
118
-59
7
65
98
144
-56
-170
399
-212
-162
35
15
-265
22
-4
-34
-187
59
-35
-21
253
134
-9
-279
84
88
-184
87
-74
11
132
281
-59
-165
-278
82
91
393
2
378
-194
231
120
26
-146
-61
78
-140
-190
-191
-105
-236
-302
-105
-113
-32
-70
114
-129
-174
62
16
161
-57
143
-32
-252
16
-21
1
91
327
-146
108
89
-157
141
-229
181
-41
-25
21
-172
112
210
194
-129
29
-67
-130
126
339
379
63
10
-151
-67
197
133
-21
224
-110
-52
203
-89
-128
-260
255
-119
-370
88
62
30
194
183
117
406
-111
331
-170
342
-32
-226
174
199
67
-26
-203
-144
250
-72
24
-65
31
-47
-23
17
-15
253
98
-258
-259
427
-13
253
130
-324
-262
-143
121
-5
186
-36
-346
34
-173
-272
31
119
-203
-94
-46
-14
-81
203
-143
-114
207
70
-281
-152
-58
-90
-26
-30
169
-378
132
-72
-83
15
8
132
157
186
-73
53
-43
-112
12
252
55
40
67
-311
-103
-74
250
-79
43
202
125
318
124
-137
-22
9
470
105
384
553
-190
94
-72
120
276
-87
-259
198
-203
-218
-109
-242
201
162
173
225
-60
85
178
-224
336
-90
156
-252
-97
-373
54
-163
122
234
449
-269
-154
-285
-102
-191
-249
-42
-372
-94
-30
-179
-75
-92
-91
90
-218
101
-138
-160
210
199
-217
-21
-118
-116
-224
-93
-209
43
210
-1
-157
18
-141
-192
1
-179
-235
59
-240
13
-402
-96
319
-195
-187
-50
-10
-169
-54
252
103
-291
89
38
-191
-114
-26
-327
-221
24
-92
160
-34
385
33
57
27
35
-509
-169
-183
274
196
-170
31
-48
-175
222
-50
-89
169
164
223
-243
-162
173
-54
-5
-292
54
14
249
241
46
40
-92
-377
41
-108
200
-192
215
79
-289
197
-216
373
-31
196
278
-355
470
22
334
126
312
90
-118
22
41
-104
-24
-67
74
-92
146
-4
198
-184
16
-212
275
-343
270
177
14
8
112
162
-51
-235
-217
135
-189
46
-2
-293
-117
14
-24
307
325
344
116
51
57
93
-387
-183
141
-190
-261
322
135
-58
26
184
24
-164
192
72
42
-243
9
176
97
-51
-94
-264
-238
30
274
337
109
54
86
159
357
-64
93
26
-101
-36
271
-138
-168
122
144
28
-275
410
12
298
-28
102
148
74
-132
129
9
-122
144
-63
123
157
-253
-153
-147
-2
266
327
-349
397
-55
148
18
235
71
-264
326
-355
232
252
-6
-202
110
-230
67
-187
-281
32
253
59
-38
-117
231
222
-89
240
230
32
-157
-268
-212
6
4
431
95
46
-10
-65
-41
-201
197
127
-131
36
-73
-65
-184
254
257
-123
-250
353
111
237
-267
-248
43
-77
203
309
-74
-59
113
-252
26
205
128
-227
113
-90
239
-69
-121
133
90
-71
168
-36
142
234
-264
-292
53
-243
-87
-28
80
-154
-179
-107
41
318
263
-162
121
20
34
-31
-165
-109
175
78
226
-235
93
17
-90
169
161
47
-429
113
200
-160
-6
-133
-4
-108
210
192
-92
67
388
226
136
253
-183
-388
202
581
121
192
179
87
-52
-185
431
1
-157
374
-21
-315
180
-437
84
225
-68
197
4
-128
-169
36
-461
354
305
-73
102
-229
-262
298
-57
303
-218
-5
110
-70
-149
-282
-377
-173
-52
117
177
-158
-103
-63
-5
-106
-28
-110
-42
-266
-238
-24
-311
-171
-53
-266
-5
156
149
136
-24
422
-208
-165
222
-93
166
-110
-103
-91
-283
10
449
-12
69
124
93
237
211
-331
6
148
39
-338
-56
-57
-43
233
136
278
-88
120
156
288
-71
214
72
102
-258
-6
360
-18
92
-10
142
153
10
250
-159
95
51
327
-93
49
-189
-109
281
215
-249
443
210
9
97
33
-4
-48
-346
-153
-60
-81
91
-75
-198
17
-74
129
105
-123
148
-448
103
-73
115
-23
148
87
90
153
94
106
36
318
201
-97
7
76
58
-89
99
-152
135
145
56
-192
-129
167
-150
45
141
-20
-183
182
362
-88
-17
-17
92
9
-81
256
85
103
247
258
-165
-26
-11
236
105
-114
5
190
213
-148
80
-396
-143
3
-514
-38
15
-307
269
-27
242
236
-148
285
155
130
236
14
-179
-10
-83
184
222
-109
-145
-201
118
40
71
139
456
365
149
149
321
-160
-61
115
-409
-105
-109
-30
155
55
-66
176
-252
-121
82
-260
-183
244
-93
130
63
205
163
-157
-23
-200
125
-219
42
171
-184
209
63
-173
119
117
328
-116
-13
12
116
-376
81
-236
156
-203
-133
-376
-243
179
-112
360
-12
219
-207
-155
-14
-163
-286
184
192
-53
-71
-25
35
-42
-65
226
-304
37
-92
-173
-136
-343
229
56
185
180
-123
-309
-213
130
175
-264
527
156
-414
217
-39
-230
-305
-93
-80
198
274
-255
-107
19
94
189
619
112
354
-28
-226
-57
-76
103
-69
151
75
181
308
128
79
91
-144
119
-238
56
41
-18
48
75
68
-133
397
461
-121
51
40
-197
46
-16
-463
-66
342
301
67
-195
343
39
-151
-234
159
0
-211
-269
490
306
79
-340
96
-135
181
-85
-100
-55
375
29
-32
-2
81
-84
-32
30
-7
34
-273
258
-48
272
-304
73
-326
-297
212
-110
-21
52
-218
111
145
154
-15
-288
337
-35
7
92
7
329
160
324
324
-29
-34
85
70
-16
-76
45
280
68
556
270
94
219
67
40
129
-117
-37
238
174
249
-523
-260
40
42
-104
-329
31
71
385
273
-152
-339
264
-18
440
-70
36
-80
-123
134
106
-52
-71
-4
-271
6
286
-465
85
438
-203
10
-137
83
-39
-298
47
264
-41
35
348
-19
-98
10
266
-273
-72
-261
228
-68
346
-141
-52
369
-79
-92
474
-2
124
-189
-298
-625
4
-78
180
131
219
-175
-8
-439
-636
23
-346
185
-14
-6
157
-285
-3
-112
2
235
48
4
26
-106
42
-88
-308
204
-91
-45
18
283
-2
-130
-31
-324
112
-15
54
271
-198
70
201
316
-302
-171
450
30
444
5
170
374
-146
-9
426
-43
110
-87
25
-221
4
34
-61
-33
254
204
99
108
-105
74
67
-121
-114
-146
38
-25
77
-204
226
-110
-270
309
-168
-168
-71
13
28
-109
235
-139
315
-46
-100
-228
-457
-389
22
92
162
-278
-136
-53
181
122
-153
-144
-28
-475
-101
-291
-225
48
-398
-25
100
-13
231
101
-99
-85
-142
-29
-406
-77
167
-185
-82
356
54
195
-65
386
224
-73
-96
298
115
43
301
-162
-45
252
34
48
91
-116
-219
-1
-741
-253
231
24
-121
125
-119
-77
-93
-237
-176
-41
-81
-98
40
-24
233
158
67
-147
-111
-151
87
-88
-473
67
125
-48
-56
16
-111
113
229
45
-291
-351
275
-32
106
-112
-32
-123
-187
382
-3
108
-184
-79
-149
-11
-88
-310
262
250
-103
104
-454
-32
-116
153
-191
16
-114
11
273
66
341
2
-2
-13
40
29
27
75
24
12
-154
-8
-164
170
-141
-102
22
154
-66
-156
105
-53
60
-158
-76
134
63
207
-207
-20
24
28
105
101
-366
73
-40
199
-217
110
99
-12
-209
-360
354
-15
329
72
68
-115
145
-247
340
419
240
-48
-71
-76
327
-323
-312
-7
-73
-18
70
14
342
-315
-296
26
3
42
-47
-293
-279
-50
-114
53
-161
-113
286
261
69
70
-47
-61
145
-330
-160
133
338
-441
37
-287
-94
-65
-302
34
184
-260
56
36
-205
-345
-11
-71
-194
-15
36
257
-48
82
-138
-63
59
-236
43
80
-57
-279
-112
-144
285
169
75
49
-33
-359
-154
-205
-220
-313
-244
536
117
-331
-270
-20
-54
168
-212
-20
-64
260
237
154
-37
-72
-59
-44
224
149
-55
-14
123
-201
-151
135
-366
-72
91
-67
51
170
-166
1
-122
-90
58
53
114
-144
112
-217
-137
22
130
265
-122
-1
-74
34
-37
47
286
448
372
-226
-93
-1
107
-134
220
13
-311
-142
12
14
238
-162
14
-23
27
-7
-76
67
-336
59
77
-186
-31
-162
-224
269
-106
-64
89
184
-141
142
248
-177
75
245
-150
-271
-107
-74
-23
-83
67
-270
110
-170
172
14
105
123
50
26
262
251
-5
-106
-262
-354
253
-160
205
138
26
-67
23
110
-88
-390
-116
-9
80
-128
60
92
-116
252
31
-134
-216
136
-77
-447
-9
83
-25
59
85
-284
14
66
-643
-200
209
-72
-70
-38
-271
-18
-136
-49
27
-158
-99
158
262
-78
-109
-126
110
-43
-308
-57
-316
72
-378
39
-34
294
-227
-202
-136
218
-207
47
-208
-68
13
-41
45
-184
135
-211
-276
-109
353
-38
-129
276
68
-119
8
-128
37
-138
363
152
53
-83
-245
-17
-223
99
61
76
-23
225
-137
-272
-114
390
-100
291
99
56
93
-271
499
-56
-62
205
-1
74
-76
171
117
-174
-155
-288
-139
92
61
-157
169
-242
277
75
-111
-258
-54
407
39
-89
74
-327
-141
-250
72
208
-232
-326
-128
15
69
198
4
-344
-139
106
-53
-181
-29
143
-231
394
171
-410
-95
139
50
-27
246
-25
457
-85
-363
268
-384
76
4
-138
50
237
-55
-340
-128
100
-133
-18
-63
50
5
156
-141
39
-48
-158
-196
-40
5
102
76
30
220
123
133
-126
413
-189
60
176
184
62
-159
-630
-275
-1
-115
-79
-112
-199
-204
14
126
51
-36
-101
-334
-8
8
-39
-84
-59
296
-130
215
-67
161
-7
153
-291
-214
291
33
-276
-51
13
-237
34
483
120
-57
81
-82
-50
-168
331
-59
-185
60
-267
-199
-80
-114
-200
75
-96
-444
-50
26
-2
-295
399
-177
138
-87
170
455
-253
77
36
408
36
-201
263
-40
74
-88
-200
-160
123
185
-113
-85
374
-37
-90
471
91
-173
314
28
338
-147
186
-162
-518
138
-70
134
-361
160
134
-299
67
274
324
-124
420
117
8
-147
138
35
20
-155
222
130
-566
75
-124
174
120
-84
116
-109
167
117
-57
9
-125
302
233
80
408
379
4
356
42
149
-135
-40
30
172
-90
-205
-121
-307
59
-158
-18
-12
-57
-131
319
-252
153
-206
-382
-437
-15
-240
586
-194
282
14
-80
-61
-348
-33
102
158
-76
57
4
-552
121
-147
165
-203
-5
-84
-187
-194
111
128
46
-275
76
-351
-61
68
289
-109
-153
196
36
0
114
-275
-68
-185
-168
126
1
57
410
-203
-151
446
176
188
158
-15
65
-208
43
-104
34
-85
-219
-211
-220
-303
27
-212
-164
-245
-55
-117
69
-152
-237
164
82
-53
16
65
-144
-211
-80
52
37
69
-327
-206
-77
-78
-140
315
47
221
-89
133
169
-238
241
-253
73
-189
86
64
229
193
-103
307
273
-170
72
53
-128
-114
-149
724
-373
-27
292
-375
-24
89
-9
-175
-279
13
82
-227
361
114
286
-115
19
126
81
217
147
-42
-5
-134
62
268
-141
-19
114
-12
246
-169
-256
-31
-247
173
113
255
-29
-452
-148
-251
-129
-397
129
279
-158
-22
-8
186
163
-102
-18
-394
160
216
64
151
-278
-117
241
-302
59
59
428
-81
43
-444
70
-111
36
-18
-247
-62
-4
-96
188
102
161
121
-1
144
-35
-434
105
14
-137
-77
13
-66
47
204
60
75
-30
-136
116
241
119
-85
286
-152
189
311
28
-104
165
-137
-34
-118
-99
164
-160
205
-166
205
-120
121
2
-64
-168
201
328
-39
163
275
-4
56
-212
233
90
-224
54
183
-31
-44
-77
-36
66
-161
210
135
-21
148
105
32
400
-47
-75
-60
-12
5
-158
274
110
-302
118
197
324
196
-200
199
320
1
106
40
-100
-238
-57
-234
210
197
-147
-55
-119
207
273
185
-250
83
-52
-282
515
10
77
364
-147
-7
371
-201
-2
-15
260
26
8
70
-161
76
198
-7
29
202
-503
-207
328
94
-123
165
-189
-5
51
234
60
-369
-151
1
213
-467
-93
97
159
164
172
225
-324
-129
-1
-232
-191
260
-216
-105
-48
-13
-309
-189
231
266
-173
22
-217
-379
65
163
-18
-70
178
-251
15
94
-179
-252
32
-85
-14
-164
215
42
-454
-367
-5
54
-12
-127
95
201
-58
-301
41
142
-10
-30
59
114
256
-78
-336
-649
19
-166
490
-420
-170
125
-208
262
55
-115
370
424
135
99
227
279
-19
22
104
224
251
139
44
125
122
84
217
123
279
284
-8
180
90
183
-286
169
-315
-181
-86
92
-167
122
74
354
53
-261
110
266
-89
360
-95
143
397
68
353
116
54
88
-328
-129
23
-103
151
-138
-168
2
-231
459
-496
672
134
8
146
-147
-69
-128
-135
-102
2
537
-147
22
-236
40
-12
-98
32
152
-27
50
-6
15
57
-16
-274
365
290
243
-118
-10
248
61
236
335
-278
113
53
103
-313
54
-142
178
-286
-25
88
231
19
80
-404
272
183
-144
-4
-186
17
-39
-198
-8
-128
-193
97
391
144
379
-82
-177
27
5
132
317
-303
80
8
81
30
20
-390
190
-17
51
-41
-314
-134
62
133
-306
-117
316
52
-127
558
-109
-4
-173
132
-249
-20
-8
-138
-147
129
5
243
-24
81
40
97
187
-60
121
-298
286
-139
-49
185
-220
7
28
-207
-172
60
31
43
-97
152
53
150
-19
47
106
-352
117
142
168
258
-209
342
70
-206
-88
105
-31
9
132
-95
194
500
-18
338
157
-204
223
-51
74
-181
-93
-467
-162
4
151
194
-12
-64
-315
75
-35
307
-131
-311
-149
198
-216
-171
138
22
138
-262
196
-130
45
457
283
-59
-628
-18
455
-206
-260
-38
-519
76
-157
-516
54
-12
55
-39
-3
-51
-272
74
63
121
-128
-28
-106
300
-42
-201
-21
-274
-202
91
90
-184
95
-227
330
-26
162
188
-224
96
-83
-61
-621
-408
2
68
42
-66
146
260
-256
-281
55
-183
-147
-18
300
262
-203
29
-52
141
-450
423
-290
-137
-95
-372
-14
-108
-62
-5
-356
105
-41
105
-406
-11
-161
-157
-330
-54
-153
-94
-170
120
-69
-118
47
229
-113
-38
275
93
251
-88
-24
91
-229
90
12
93
561
220
-204
-91
20
71
-13
-65
58
28
44
-130
301
99
231
-334
-77
-34
-34
130
49
137
-154
-54
438
144
260
183
175
-69
-10
-141
139
124
-322
-82
16
-156
420
-57
-184
49
162
-135
4
246
51
102
-83
-108
-20
-141
-117
-143
149
182
-94
75
198
-2
25
-85
-167
153
-96
337
-3
324
-176
-147
186
-439
50
236
-179
-104
-149
-211
77
150
18
-240
-71
77
-73
49
-12
-357
181
311
8
-104
110
154
-69
52
2
103
428
50
-215
19
-158
-202
-63
33
50
-60
129
125
161
-165
-28
284
217
373
358
-33
-98
132
-190
54
141
-156
238
-313
-148
-163
-42
334
280
-49
-90
3
-264
-207
345
338
12
122
217
55
-4
126
437
45
140
-22
-327
-249
11
11
301
-30
-68
332
-59
-499
-66
-187
272
-79
5
-188
-215
-471
8
273
-100
-226
64
-34
231
2
-138
-91
102
-157
344
-209
396
-392
12
-33
95
-49
347
342
-92
155
-55
-150
-226
263
58
-301
-87
73
-282
143
-1
53
78
112
107
-234
-176
-465
-349
154
191
-116
-336
51
109
-21
118
-66
89
328
-291
312
79
132
-113
44
-158
-77
59
266
17
-118
-65
39
-14
-178
121
-223
73
272
-7
-18
244
58
72
-282
130
-12
-238
144
-133
-107
-367
10
-19
42
-123
-38
174
-28
-89
-121
18
314
-26
-75
-287
559
-87
19
90
91
65
-77
246
342
-34
95
4
-281
-72
-57
244
-192
205
171
-162
139
-138
-193
-53
-6
84
-42
178
294
-125
148
272
74
76
-38
-226
10
92
123
215
160
-154
123
-148
32
-149
-493
-381
16
100
-213
-407
1
98
70
237
116
-96
-69
-41
-176
29
-191
339
143
56
62
183
411
30
-325
-228
71
-46
-71
16
-125
333
-31
79
-366
-385
-77
-181
397
161
-244
-209
-195
54
-76
165
13
212
188
45
24
114
-56
-159
-151
171
-263
-128
317
-151
-307
75
35
-34
-462
-42
-435
4
-205
-55
-56
-203
-127
-118
-114
-330
-182
-383
112
32
15
561
-33
468
293
-418
-20
-339
-84
-104
199
512
-470
-76
-170
-162
95
-274
-77
-175
-221
174
68
-132
-256
-238
82
-9
-339
106
-189
-12
-80
-137
19
205
-321
104
39
25
-55
104
29
36
-25
-251
-46
-414
245
48
213
-214
221
-109
-13
-22
-278
96
177
230
-82
-221
-173
179
138
54
176
-147
-145
-10
-54
-146
-27
-110
-104
50
402
286
361
99
-467
-217
391
-99
6
179
290
106
119
-213
368
-166
533
82
273
-152
-101
-175
31
209
24
-232
-272
105
-173
48
122
221
92
-88
117
85
-12
219
-285
-139
-128
123
-26
287
2
-35
-99
188
195
-180
-395
-82
-36
356
-149
-173
-476
170
254
-144
20
99
305
-63
301
-43
-162
-277
116
-10
-52
154
-7
-248
-59
446
-127
319
190
99
286
-45
23
221
-69
20
12
-7
-75
11
-251
-333
-359
143
-6
2
-138
140
-39
-183
266
12
-48
-405
-318
89
-8
-335
-88
32
-172
-256
-400
46
-196
294
-186
-24
199
-208
-10
232
-70
-62
4
-149
97
176
57
-73
-7
-51
-61
-101
73
-309
-38
-239
95
-229
372
-303
-68
96
-293
121
55
-225
147
17
-112
96
-347
-95
-102
184
-126
-247
-384
-151
149
-19
-43
216
40
-86
-6
-113
116
-110
-89
-186
-99
235
128
-145
78
85
-405
508
76
152
193
-9
218
72
255
-120
-78
-162
170
-223
-282
-37
250
100
164
-28
192
97
-262
161
279
45
112
256
147
232
66
168
104
337
225
-186
276
193
221
263
-250
201
-323
70
-329
172
242
0
-4
28
364
-116
138
-124
-83
162
-389
-274
-146
-109
18
-267
101
170
105
-180
-162
-104
1
407
93
375
115
135
65
78
-271
-186
-55
62
-17
27
-362
30
-39
453
-52
-268
76
-205
-138
19
212
68
176
-195
315
-120
117
191
238
-183
218
91
120
401
-117
-369
363
4
8
-168
-203
178
124
-52
-57
-12
-1
108
-29
-254
-377
105
44
114
-182
-222
48
-67
-14
-107
202
62
-99
-225
-20
-83
-7
106
189
104
-170
39
11
437
-96
52
124
-206
90
216
445
220
-16
219
100
55
-172
-213
69
-134
-394
-60
-245
142
49
-232
199
34
-234
427
-18
139
283
-80
78
114
147
-156
-66
60
26
0
-85
-116
35
168
165
-31
-146
133
68
-32
139
306
277
-37
19
-52
9
-121
-240
633
35
333
123
-83
-89
8
-92
-45
323
-62
426
90
117
-60
-342
199
124
-426
-21
15
59
97
6
-181
-44
-108
218
327
275
-199
-100
-200
127
114
228
-150
-253
20
-159
-77
-274
105
-18
93
-470
-65
91
-153
-203
176
206
196
-106
145
-8
157
-376
-150
-253
-385
135
-51
269
448
90
-89
-228
-265
138
-73
-397
151
-392
24
-193
-238
-160
-313
-260
-10
-60
-103
115
37
-79
-195
268
-221
-36
204
-75
-161
-230
21
78
-63
-40
-585
-94
211
147
-300
-289
-137
17
200
-589
328
-115
-41
-117
25
-92
558
-29
-208
88
11
-54
-15
-203
19
46
-110
-25
-239
-157
-277
-65
-30
420
74
-274
-527
-131
-60
-166
113
123
-112
-226
235
189
476
123
-13
229
48
-215
190
4
144
20
173
-48
288
-308
-138
-50
-35
-98
120
113
224
144
9
-114
203
-197
-136
163
172
32
-90
-14
-228
69
-198
332
29
-325
-77
0
-130
-24
116
-105
-250
-175
251
79
12
273
95
-3
322
-135
-164
87
115
337
-409
-142
-67
-190
394
-394
165
221
-251
252
467
68
-59
443
-48
344
119
47
10
-381
19
-75
56
-22
-122
-300
-34
98
85
220
138
350
23
175
-266
-167
151
119
-46
-25
194
35
-146
102
-240
185
147
-73
-311
-39
262
-11
-75
121
-191
293
-155
-89
9
-458
116
-185
321
375
-9
135
-74
66
-213
174
-35
-162
50
17
-238
133
-146
-22
52
-174
29
-372
-30
204
71
114
104
-92
-54
-16
198
-236
208
-260
132
-13
-177
-79
-72
217
237
472
38
-99
95
129
144
-134
-118
107
353
-130
-55
-308
215
62
81
22
-355
-23
268
202
70
-148
-298
324
-23
176
229
277
-120
-11
36
60
317
-259
-218
-150
-25
262
58
-46
-175
-12
343
32
-25
130
420
253
14
71
335
-236
146
-279
-103
77
-89
156
48
-124
-118
404
-70
688
175
-549
187
34
-52
36
-116
-141
-201
-155
222
-60
103
-34
-287
-53
344
223
-331
104
-128
216
-114
131
240
182
-260
-77
-162
407
-34
-174
37
99
-93
471
263
-22
-46
-212
307
-227
-232
212
-132
-86
314
31
133
135
-85
-91
124
-376
25
-6
249
247
23
76
54
-360
-192
212
-148
13
-138
-96
77
64
-151
100
100
-176
227
263
-120
-54
-56
-67
-224
-25
261
-305
-123
233
-70
0
155
116
33
-374
45
72
-120
216
253
-16
-336
-113
-178
240
-143
-266
-84
45
277
-275
-180
-192
98
20
-109
261
224
85
11
45
-25
-118
-45
171
-93
184
-109
-255
132
145
-93
-183
-154
258
-149
-65
21
451
129
-53
-18
214
-249
133
-203
-32
-242
-19
92
295
-499
-15
-365
-50
235
252
6
137
-199
-88
10
-272
359
-261
-185
-460
224
183
68
58
-37
30
-43
98
-420
-311
-82
141
-146
186
-141
-209
-80
-37
265
13
39
-60
-177
43
-39
-162
-294
34
-41
-160
116
138
-72
-63
-116
125
-161
-125
218
121
-65
-47
-17
-23
-22
-252
-59
-318
-226
92
-17
43
-68
-26
47
-167
70
-357
-86
166
-72
-137
92
-376
-169
-144
-64
267
-91
410
97
-33
255
268
275
314
156
-255
-68
547
255
33
187
-41
94
368
-215
26
-150
88
-105
-221
-27
-94
50
-46
63
-65
-58
52
91
265
82
100
-381
102
81
230
-2
81
-252
12
81
139
29
-29
-378
-144
109
-253
-386
-45
-82
-96
14
64
-544
-121
165
-140
-30
-366
19
-95
98
256
-143
117
-75
-82
185
-236
-264
347
36
-37
-36
-13
146
118
-63
76
58
6
157
14
349
-71
-143
31
-56
350
-414
-111
32
-62
-279
293
-41
201
17
65
17
10
139
-83
-295
32
-2
-108
17
465
-275
-140
-30
183
-350
-166
-341
-37
177
-122
240
-499
1
-395
304
-338
77
207
201
-380
-98
151
-210
-65
226
95
-90
-138
-141
-92
-245
-213
286
88
102
150
-196
-62
-605
-160
-309
-217
54
305
-44
16
-334
46
-44
373
-92
230
252
209
102
-32
58
201
-100
-52
204
323
243
-115
179
382
46
296
46
335
331
-9
-108
-341
213
135
-75
-17
35
111
-49
-38
-92
45
-128
-149
146
-81
152
-59
179
-142
91
308
270
-226
-219
-501
176
-229
149
67
-137
-89
-98
427
-315
172
-41
77
-391
137
-104
-47
44
-63
-146
35
-24
442
87
-210
111
74
432
-36
-100
-74
38
362
-163
-80
-189
-10
-210
-134
-273
136
-103
-348
37
-24
-32
41
-87
55
-176
80
-286
-250
260
-190
15
203
-2
-350
-133
23
104
47
121
48
-25
81
257
135
3
-177
26
-52
-12
-30
17
-490
-289
58
3
-113
38
-89
17
-111
-375
99
82
299
-198
-564
65
269
-76
-361
53
-81
-117
-404
41
-84
186
-162
-136
91
57
95
-101
-268
-170
-53
17
-354
177
47
-201
173
-152
-55
-106
166
295
-378
152
-20
331
-318
-113
-75
343
99
-543
-219
128
-31
-91
-235
327
75
-139
-184
205
52
11
-212
160
162
289
-90
-257
229
-219
20
71
-249
272
-21
0
292
-396
220
83
-230
-3
-249
-92
396
64
-107
-199
-136
-95
-144
-165
-207
71
129
-193
-84
256
-23
14
-192
45
21
-109
-89
14
-98
373
159
-202
27
234
104
-25
-43
-78
-92
82
75
374
-30
636
111
-216
111
21
-58
169
-135
3
-217
-293
127
-82
122
2
358
-438
-448
238
-87
-89
142
383
-32
-77
398
-217
-107
-221
11
-359
148
410
-42
-5
-205
-261
-205
85
-56
197
13
363
334
18
78
-159
366
-12
-145
29
-152
62
45
130
30
48
251
-29
-61
-159
-82
-408
-87
-167
-109
35
180
-291
19
318
115
367
286
84
-195
-77
546
52
61
-48
71
188
299
-59
-120
426
299
64
-278
219
-63
406
178
-241
-82
-229
-230
-76
155
-250
-75
17
-83
-56
39
92
234
-61
141
174
-137
42
-151
227
138
58
-57
-204
-65
39
36
-225
60
-68
385
-67
-339
20
-350
-11
-208
-117
-260
77
-172
145
-95
-90
216
-35
234
-488
80
56
-47
-81
-168
-27
-346
-128
47
64
-83
-129
113
-13
64
-1
240
287
-373
-320
-239
229
-134
128
-100
17
169
-216
218
-445
134
-141
69
133
-225
-191
28
-97
19
61
-20
-28
335
-15
197
-97
26
-261
152
67
56
-263
-267
-331
-21
-83
115
-248
-112
-103
-82
393
-332
-412
-88
337
-324
-322
116
-112
-8
14
43
-147
-275
211
14
122
38
-213
208
-401
-14
-26
-57
-260
225
-160
170
288
82
-363
254
-223
-61
70
84
65
340
329
-177
313
129
-118
11
238
272
-145
10
-102
-59
-62
200
-245
42
-130
-41
61
-73
-331
176
-138
-60
-271
-470
146
-50
108
-324
-213
-75
-32
-81
-145
-217
-75
-78
-77
-43
102
-125
448
-191
37
120
-7
210
44
322
-222
3
65
-140
-228
301
-106
91
18
-69
23
-267
-6
-111
-95
46
-35
-151
189
-128
-377
-221
314
-172
-84
-113
-386
-52
-191
-68
182
17
58
160
-30
-114
-303
188
1
273
-355
-434
-345
-176
-203
120
39
-217
-269
-406
48
277
-6
67
213
72
-172
-1
-230
209
193
-88
132
271
-54
-77
-24
0
31
112
-463
-27
-168
-109
68
-124
44
-537
397
-249
-204
99
-16
-41
-127
-244
-54
-313
-205
225
-173
20
-190
95
43
-485
246
109
67
209
271
-17
113
215
-60
-238
220
108
-299
196
133
122
-212
-83
-333
-268
372
21
8
187
104
-254
-167
-36
53
-133
-22
-179
-83
-133
305
-39
278
-144
-203
-165
186
-154
-145
-197
300
-55
46
-60
282
570
-113
-77
-9
-215
-207
-508
57
-189
-132
-192
206
368
-7
-201
65
11
-135
-31
-16
-131
-56
-110
165
-97
-48
-138
88
-166
21
-97
329
-282
100
-226
141
179
-397
-6
-48
-447
86
-142
55
34
-270
-146
103
-109
398
-243
-46
129
117
26
195
-100
-153
84
184
111
147
-69
140
131
141
-27
-223
-23
-15
224
-66
195
-18
9
-388
134
-283
287
87
40
-211
18
-49
115
192
48
20
-111
-27
-24
-52
211
133
33
-146
-347
4
-184
3
200
116
-4
149
100
-89
-327
-27
-129
-71
-257
310
179
-4
-13
153
157
-2
116
99
291
-22
-4
-29
423
-70
-198
-57
23
-58
-60
-12
253
91
261
233
204
-101
-13
134
8
-78
43
-111
159
-234
3
-304
155
50
-406
-81
107
-73
-5
-258
-234
28
-20
-99
-165
-213
-52
208
-170
-68
3
-86
98
-12
36
24
-347
137
123
-75
146
176
-21
215
-44
-16
73
-297
-198
-128
-28
347
60
-200
124
48
445
-211
-172
-191
-51
-244
-68
76
128
-254
91
151
-106
56
-86
-82
59
32
394
102
-480
373
-225
83
-309
80
217
-35
-21
138
-139
313
-173
29
-135
10
275
92
-144
-72
57
272
-6
258
-65
392
-51
-94
-57
26
28
-405
-169
133
-141
199
-300
145
-46
-244
-66
-225
-155
-9
-198
25
-178
-85
62
255
204
-407
114
-244
106
107
-290
-175
182
115
35
-85
199
75
21
-324
-323
111
8
-115
48
-150
100
-242
62
238
-258
-212
-50
-196
230
-153
66
-45
-353
-213
542
-375
-158
227
-172
395
50
-196
61
-107
-45
-68
281
-62
252
110
-7
-67
-49
-132
79
122
182
-99
81
193
8
-367
28
138
333
-519
-192
263
-118
182
102
-374
-282
-111
144
247
-121
-343
167
-209
65
115
-62
-102
12
62
-179
-156
149
203
83
82
204
14
62
102
162
-115
291
-198
-135
258
-61
46
-129
-88
-161
15
175
167
-30
235
184
132
192
-154
252
276
-57
3
209
-54
309
15
-113
1
190
262
-271
235
42
62
-320
-174
-237
-173
168
52
201
-336
238
-124
-43
36
-307
-238
54
393
137
368
-134
-59
-220
287
-171
58
-229
-180
-149
-258
307
-47
-248
288
106
-116
38
-176
88
412
-21
-61
66
-184
-131
-8
-150
-53
221
-83
-4
162
73
228
300
-255
-143
-496
160
99
-56
299
-98
-295
76
-23
-67
-286
-248
-183
-18
-238
-87
-498
142
-131
-277
-222
-159
26
174
104
-9
365
-308
27
381
235
314
10
-282
74
62
-160
-82
-56
73
-124
-91
84
62
-162
63
174
366
190
246
307
66
29
171
4
-80
483
68
0
116
-56
-12
1
149
265
-152
-214
13
-96
-154
-68
62
84
24
-89
284
400
214
-27
78
217
190
-199
98
-203
66
-101
-17
102
-105
633
35
40
146
552
-117
110
27
-242
282
-42
10
-123
38
-311
3
-157
-87
138
-130
24
-120
100
91
245
57
-388
-69
-234
-59
-2
491
-118
-86
387
-251
-171
-326
45
-20
141
252
-65
160
-225
-197
67
-67
266
-143
-320
222
-10
-151
-344
-73
-295
300
-259
263
-340
37
-113
-8
250
-126
146
-198
350
-124
231
8
-48
187
178
-168
107
-171
-251
31
6
-249
19
27
-48
-232
-152
94
233
-362
-127
35
-4
140
230
36
-98
36
234
75
289
-140
-267
-135
0
231
-218
78
-95
-261
40
-111
-268
198
-19
-231
281
-108
-158
-154
81
-261
266
-40
107
54
-264
177
-64
-206
-109
256
-196
-120
-155
-310
-213
20
55
528
-163
-124
18
122
-15
-40
-84
238
70
-7
-311
-207
-218
-207
-37
-186
-89
-167
24
114
-130
75
93
-38
-379
95
56
149
-446
361
-50
196
250
-369
-90
259
-91
-125
141
-152
-193
-150
-264
71
127
9
-89
-97
39
-282
-35
126
111
-350
223
-98
-239
-26
-228
60
-142
-101
372
-141
356
-163
80
-269
52
-113
-37
-134
-467
113
-325
-58
22
-43
-23
172
45
39
14
-164
-233
202
69
-93
204
489
-183
16
363
-358
-373
324
381
52
437
49
121
217
52
157
171
116
278
-63
-194
107
177
77
165
-163
466
227
265
64
164
177
183
41
399
-73
-120
10
396
122
19
-132
16
237
0
-221
392
15
80
-164
138
-80
-202
100
-241
-230
403
-58
10
-302
71
5
227
-290
122
-24
356
-35
-185
-39
-155
-324
239
-359
359
-63
170
313
199
-21
-253
-24
428
-269
135
324
112
-207
44
-414
-324
141
148
41
344
-105
207
33
118
-301
281
31
-7
-155
-34
202
-65
-64
-8
95
-132
-320
365
184
563
-169
-99
-137
-111
200
-272
33
-171
-391
107
-236
146
506
-4
70
-135
-106
-39
90
306
-177
243
81
-314
-124
28
-250
14
114
-172
286
-92
25
-142
277
-366
427
-83
-112
25
-208
146
34
279
-7
-339
-54
-84
-168
73
-162
-63
-353
72
-341
170
268
-312
320
-34
387
-445
-132
-255
-65
-90
174
53
-399
-28
-355
344
94
69
95
-411
458
46
274
215
148
-215
173
-59
196
21
121
326
-34
-45
42
-22
-54
-195
222
21
-133
-184
130
7
109
43
369
152
16
260
-82
-233
11
233
175
-113
105
-318
-179
126
-152
128
-46
-34
-261
16
423
255
-365
-52
-218
426
-339
-153
-240
288
12
105
192
240
162
287
-67
-140
208
-209
-204
62
146
402
10
-282
-133
111
309
0
70
-247
28
17
-216
226
-264
-26
-92
-126
30
-124
68
-16
75
474
-254
-255
-16
76
-71
-66
254
-200
-40
-36
357
-115
-80
150
-22
-8
-52
128
-44
168
-220
-344
-56
235
-103
-334
263
-157
-222
-259
-46
-13
111
80
-243
-116
-155
-58
-286
-86
-288
148
40
-255
211
-129
-421
-233
-170
103
-267
-231
3
-131
58
254
26
-222
14
-59
-241
46
121
-30
153
-23
469
-34
325
332
-35
-198
102
-384
-2
-27
-56
-230
31
-257
178
234
162
108
-38
58
19
-290
-293
-185
-122
149
-107
-112
474
53
46
62
139
-36
204
19
-144
120
-139
-76
139
162
-158
54
-162
56
-236
117
-389
-406
253
-151
-413
-92
236
-132
32
27
117
-77
203
-50
35
48
-115
-143
-131
-34
5
229
19
-197
-63
241
255
-93
-27
-250
-13
312
5
-7
-50
99
3
-56
125
279
262
-394
-106
-66
32
-152
357
91
-73
231
-230
-173
-319
-235
379
13
-430
127
38
124
-22
101
-131
-148
103
-208
129
172
62
-196
174
153
15
297
109
-203
223
173
-55
-150
-215
-214
-10
-379
-256
-203
129
-196
-92
545
-54
-243
224
-98
257
-183
-470
-111
-252
87
63
-138
678
-62
-136
-126
-250
-143
-78
86
-51
252
-25
-51
-58
24
281
-194
-325
-318
8
-255
245
1
53
327
98
0
86
-156
-73
-157
-44
74
189
-243
-117
55
374
34
195
214
-146
17
-112
-283
-31
-384
258
117
225
-14
186
-202
-179
-208
115
107
336
283
-229
337
127
122
143
120
317
-30
16
208
-296
104
-354
181
-66
-255
-14
-2
174
170
-154
340
-36
220
152
-129
-255
300
-364
312
23
204
-109
163
68
-109
-61
-20
266
-399
-109
-214
-171
-19
178
-304
203
-28
-57
192
-248
219
41
-35
-54
168
76
109
175
-134
-363
117
188
199
157
89
-155
-123
-243
105
31
57
-49
15
130
257
-454
183
-91
-259
-205
92
14
55
232
80
-135
79
324
139
46
229
-71
-108
183
-19
108
-198
81
-251
258
-65
72
467
212
157
15
-449
10
304
-27
239
1
-133
148
77
-142
110
238
-117
152
-261
-54
114
-56
287
-354
-59
219
131
-168
264
64
-129
-66
-146
-96
26
-93
295
131
142
171
228
-57
277
50
70
108
83
-107
-194
-132
161
-244
-66
-206
331
-56
-279
494
-33
-185
33
133
-313
-138
-109
63
-38
196
299
-139
-61
271
23
195
111
286
104
-23
-159
-419
62
-44
-38
215
-33
-108
-89
-157
269
243
176
60
3
-227
-38
-21
-93
-205
-79
43
243
310
416
411
180
264
-422
122
34
361
-86
-276
-210
-86
217
33
-252
-42
20
24
87
-57
-93
-75
141
432
-231
495
-85
-105
-63
58
181
239
175
-10
-11
17
-62
-341
-1
-159
-123
90
-143
76
-181
0
-400
121
-39
7
157
194
-22
-70
116
49
-16
-123
84
-37
351
55
272
54
-101
-146
-192
-51
-179
-131
162
-145
-79
46
-343
201
112
92
-84
-50
55
256
-134
111
70
70
-18
283
-239
251
-201
-9
-88
-142
45
-153
108
-4
-453
134
192
-12
-125
283
-240
67
-133
-314
-198
28
-127
-49
79
-180
-15
30
151
-12
98
26
-10
-34
-273
-66
-4
-28
-55
-47
-141
93
-317
-212
-209
207
-120
-516
177
72
226
22
-13
255
-54
-130
-32
110
-301
355
50
-173
-107
-197
297
36
-16
-34
-200
183
359
44
336
-135
341
-188
-85
-297
198
-213
-277
466
31
-71
-44
-401
-69
75
-76
-31
-539
85
-173
-291
21
-266
328
-102
-132
-235
-104
-37
531
-278
273
184
-290
-64
208
-261
479
-38
294
94
-284
-197
-241
92
-179
-188
-82
306
-270
74
91
240
-357
-220
152
-85
405
102
-123
160
145
59
104
-256
-41
247
-60
-261
-177
187
-106
131
-189
-523
-251
-159
-275
-366
-198
-138
-97
-46
-88
-199
140
175
316
13
-125
-363
-38
147
-168
-88
-238
84
-183
-216
136
238
63
-209
-422
-146
-127
63
-144
-99
-62
28
45
97
-252
160
62
-56
-65
272
283
-38
44
345
-287
175
296
-23
303
-225
-45
-32
554
-261
45
-169
-15
-141
-237
41
-354
318
167
234
24
-71
-238
41
73
-308
328
-270
-309
21
-160
81
-129
144
-29
-112
545
44
99
454
-101
-113
195
168
-27
271
-518
-241
300
21
58
-637
159
1
-57
9
-134
-257
-9
156
-88
-228
110
-6
-21
209
8
-44
4
486
-84
-275
21
115
-44
90
-51
51
70
183
8
101
244
446
291
109
-314
-94
-52
80
56
313
-144
12
487
54
-188
-252
533
-418
-405
145
-86
-60
179
150
-72
316
175
-72
221
281
-16
-337
19
-158
-514
504
-294
-144
181
-201
-105
13
247
-63
300
277
32
-110
-458
80
-248
-268
1
-27
-83
249
-291
-41
-449
-36
-96
-247
47
-115
114
231
236
265
-20
309
99
33
-136
71
74
267
256
55
188
-116
16
103
-295
-116
-473
31
23
29
158
-69
102
-31
-143
27
61
21
-113
437
122
70
195
-35
258
-248
229
-55
-483
97
-80
398
-10
90
-38
-11
-22
-47
3
86
-41
266
171
31
120
-10
98
89
-119
251
271
240
-177
-237
-75
-169
268
-75
309
-302
41
-395
-88
-100
351
-206
-77
213
153
279
14
-140
-212
87
208
283
-221
62
221
-153
5
-162
3
328
278
-353
362
-557
234
-6
-87
179
247
-313
-61
-174
43
396
139
298
-272
-277
148
79
267
-90
-78
36
-72
-1
-112
207
-297
-38
164
286
210
-126
244
-79
117
-60
63
-29
334
-108
247
-17
-16
65
29
-117
318
317
37
232
69
122
5
-10
435
-219
-29
153
282
108
-28
-41
-154
-182
271
-23
-386
-31
-178
-16
-1
9
147
322
-317
-196
-55
237
-208
321
175
-278
-122
440
166
-441
-308
-35
-88
-82
-370
163
-89
237
135
82
-71
-241
140
-132
-70
-93
-48
37
121
78
-124
89
-27
-82
-98
146
68
-187
4
-208
-297
-182
-45
191
-27
-123
-33
312
-175
-248
336
88
-114
-50
378
-177
159
-28
324
-68
58
66
430
-98
1
-83
351
167
233
110
160
-142
-192
-197
-42
61
-18
-22
358
45
76
-305
74
227
56
-147
302
-229
253
-76
-240
-126
-39
-189
-59
-56
144
-189
-143
-106
-121
-12
681
252
273
-54
-212
-414
352
-6
112
26
44
-281
79
17
-20
420
34
59
-198
41
-243
151
-1
-135
186
169
-88
-128
41
-87
23
-210
46
77
-127
-27
131
294
-469
-386
56
-62
201
-68
135
2
-91
-312
232
119
166
-337
576
-53
-112
-129
-215
490
-226
364
491
92
-200
-281
-270
-69
-62
-40
41
198
-389
-31
-45
96
139
-50
-308
-81
60
74
6
66
-237
-47
194
-129
-91
89
126
82
-279
-217
-350
-27
115
150
-160
64
-94
66
-274
226
-460
180
194
-162
60
-173
-356
-12
-141
-110
-14
-95
125
-261
-14
-285
-1
-139
72
66
0
-151
-18
45
-19
17
25
-137
177
-147
-110
-124
-29
-280
-219
-185
164
408
-225
227
-248
-56
-226
-160
-106
190
-308
39
318
243
-160
107
-53
63
-142
-65
-164
-284
197
207
126
90
-27
199
38
-33
79
-133
-146
-119
-101
-147
-88
165
168
-24
-171
-56
-134
-281
-232
-185
-416
167
-62
-72
-129
96
186
-112
-182
-173
-20
194
-71
48
110
-64
-108
11
-113
64
-44
-169
-89
61
69
-589
49
316
19
-230
-47
35
27
-150
44
265
-415
38
-589
-82
298
310
-241
92
-48
127
-79
-106
43
-78
67
46
-322
-48
274
-24
39
-95
182
-169
290
-304
-42
258
-286
118
135
97
274
-261
182
347
73
-474
-9
365
-34
110
-145
-67
-37
-120
123
117
-126
-446
258
-97
-52
119
-40
-337
-213
-104
553
301
94
-281
-48
131
-185
344
-78
219
-98
70
-254
313
-168
-34
215
-132
193
-14
125
-171
174
8
-205
-308
-99
311
-31
-199
241
272
196
-453
43
296
-71
-3
-196
125
281
333
-245
103
92
-148
70
23
-199
215
55
-279
250
95
-199
74
695
45
-74
-84
-78
159
118
194
-248
-165
-337
14
-2
-279
0
-90
228
322
-90
-130
-7
-26
-370
-337
-8
20
-127
-57
29
-74
7
-269
143
-166
-82
-17
-172
-273
345
151
-210
-136
13
1
163
-249
-136
-103
-170
-446
-208
82
102
-346
-223
-13
204
-66
-134
22
74
19
250
251
407
324
124
56
140
-127
398
-15
-235
176
99
-153
172
-209
53
87
0
133
-102
209
31
161
-29
150
-46
-76
116
-96
-258
-7
-172
75
-197
-154
61
59
-253
-89
60
187
-37
-254
-52
-4
-180
124
-89
332
255
-226
-103
227
291
-31
-43
-148
151
183
-202
68
53
-195
139
81
-141
-125
-132
-423
177
200
-33
185
314
-303
247
-13
16
-331
105
32
257
-335
45
-255
-401
-91
-74
9
201
48
-290
-297
-310
39
275
-13
-147
140
-63
209
175
210
350
9
-153
87
-121
98
-107
152
-87
-262
-203
-82
116
149
-139
227
-19
42
41
247
205
253
-138
358
17
77
127
187
306
109
316
-74
-215
-172
-94
-100
-157
-71
-214
3
-113
88
-181
337
26
-152
211
70
465
44
174
260
-225
76
-135
-296
30
-285
75
227
-290
212
281
23
-279
206
-291
129
156
-109
-83
162
-57
450
-274
51
-145
289
-338
-263
275
-115
391
-204
49
120
321
-103
-40
-358
-192
128
150
18
30
-78
40
38
165
85
205
130
190
-305
113
12
61
117
292
193
142
-1
-167
-233
165
17
188
-40
57
193
243
-44
330
-49
4
185
-115
-31
80
62
78
16
265
-229
-186
61
-50
105
203
30
49
-331
-61
-99
-34
423
-150
-343
343
-23
1
320
34
9
-63
14
245
96
1
-149
-78
-155
235
129
29
-54
-30
231
-171
248
-22
-6
-26
49
-39
210
-327
-29
-329
-160
148
38
-90
-138
185
-55
-189
65
166
49
-223
-97
-235
-248
51
-221
-24
-116
-121
129
-188
-95
-254
75
-164
-173
-104
219
154
-402
-71
-117
-60
-42
-168
201
40
109
2
-185
14
18
10
175
-219
-57
-145
105
-174
-175
-47
-36
-25
118
234
-71
-206
80
61
-54
-252
187
26
154
30
56
-213
-203
-164
-248
308
-25
-40
44
169
-250
68
-368
-425
302
-15
46
38
83
-157
-267
-293
-129
-204
51
-32
-94
-68
72
-38
-97
-27
352
118
186
115
314
-146
252
-176
31
36
-328
-419
-197
4
130
431
227
430
157
-252
-502
-86
-88
-556
-277
-107
124
-102
54
11
35
115
-126
-233
-111
-160
241
169
-594
-267
54
-224
-192
224
-32
-333
173
-64
358
-85
-141
6
90
2
-344
47
-116
99
165
110
85
-30
406
-25
-351
67
-22
-138
-317
-172
189
-105
82
-242
218
44
68
-247
415
-83
-264
-234
35
-107
-22
467
-166
-202
-207
-113
101
139
-150
-240
126
18
28
87
186
-117
52
-314
-211
12
-30
-90
-144
-316
210
-267
110
-221
48
-183
86
-95
-169
4
-32
-241
232
-303
-134
-101
548
8
10
-439
101
-91
-87
95
-253
205
-346
198
572
0
56
175
159
146
-68
-104
-38
-292
-73
115
133
263
-369
-67
99
322
-135
204
-4
280
20
-61
219
46
54
-129
293
228
-92
253
542
95
-72
203
286
-453
9
74
-263
81
-52
192
-145
-109
-99
78
309
-302
65
-238
69
-118
312
233
89
5
107
89
-216
-296
130
-319
-72
307
-126
-290
240
80
75
-4
132
-51
304
336
-219
233
-70
302
-211
-224
-213
-126
84
174
198
96
83
-119
-14
-81
-126
317
-232
41
99
7
219
-39
210
-133
99
-163
129
-217
-328
156
177
53
-3
0
-39
60
-394
-587
34
438
-310
358
209
88
183
409
177
-48
-210
95
-100
-280
103
-174
218
-168
-137
-343
-87
-19
-59
-9
-7
-194
41
77
-111
388
-25
64
-14
221
278
191
-207
-297
303
-167
90
-240
6
-8
267
-59
-70
-165
-105
-69
146
-331
-226
-162
-104
-237
99
-101
-151
310
23
-36
-99
-216
144
217
-117
101
83
80
-212
-195
78
-155
254
-230
32
-117
437
-309
-37
-200
125
-7
27
-159
-146
-249
-143
113
74
-92
53
265
-40
-166
-44
-165
39
-114
-53
263
158
-333
-193
158
143
-199
59
45
189
-226
-213
31
75
-46
-171
78
-197
-4
-76
-129
-230
260
94
57
-269
84
137
32
421
384
47
111
78
-95
-22
-344
225
365
339
-119
315
301
22
-108
-202
62
-5
-18
-96
-100
76
-266
2
-182
439
366
-268
-34
76
76
113
184
486
-80
-254
-102
145
-165
-135
-12
248
336
57
-183
202
-339
-85
-61
141
-3
-237
20
-300
-17
111
40
-421
-307
-97
-222
-48
-144
112
43
-40
-194
-80
167
-1
90
0
194
-289
-224
2
-120
-68
103
-241
-122
-71
-115
33
-46
180
-88
-277
3
-98
179
72
-225
208
227
-14
-404
312
247
119
39
-168
-90
71
-1
-431
320
-75
-212
70
168
-33
142
-239
255
318
-38
403
-455
145
-74
-52
-101
1
119
153
122
-195
270
47
-87
-36
326
164
-397
222
118
-235
-16
453
28
288
118
47
51
-37
-38
277
136
314
270
-40
117
-61
-259
-372
26
120
116
-138
29
-56
384
-82
-162
-150
343
-65
-187
-71
-187
194
-87
-239
-191
-315
17
-147
197
-30
-181
-345
62
-18
-322
-141
287
-402
69
188
-215
2
25
-190
147
-140
-161
-54
-336
361
139
-310
54
-1
-23
103
-27
-42
-347
91
37
-146
-138
-162
235
-301
208
38
149
61
235
-73
100
-150
104
417
195
-216
-280
113
46
-239
-92
-99
357
-235
103
82
370
51
63
371
257
-156
275
-205
367
-80
-322
-41
131
-24
325
499
16
-196
-195
-49
-334
-189
-20
116
-199
-371
254
-160
505
-294
-341
-119
157
-396
485
-169
149
175
337
47
-174
78
24
-192
-183
117
213
25
29
-134
-29
205
64
-61
170
-183
211
-44
282
-519
-33
339
-182
-38
-236
300
-271
-155
327
-70
340
76
126
146
-20
245
154
-112
136
198
345
-227
197
-251
290
-174
47
66
-308
-23
-73
-186
-227
273
-286
-39
-226
29
-219
-31
64
-10
203
79
-213
-297
-62
105
204
-253
-89
250
-424
181
100
212
-184
-41
398
66
9
-65
92
161
-229
110
-200
-88
134
66
58
-30
-190
-92
215
-89
15
-222
44
-53
144
38
506
139
402
-353
40
189
209
141
-137
-68
43
1
362
3
-199
-45
113
16
-267
10
38
257
-119
-342
-129
-164
56
271
118
610
20
-3
-49
-87
39
-280
169
21
-145
115
168
-92
169
3
-44
-281
-125
96
165
72
169
-148
-71
62
22
-8
83
288
17
156
-13
225
-207
-211
165
-403
-204
91
-109
-69
-155
-190
-298
-18
-52
-48
28
14
123
-82
165
31
-154
-53
19
-28
-100
260
-101
-204
328
-61
116
-30
36
85
200
111
148
108
-210
134
-33
-246
172
55
61
-275
159
-95
18
218
29
-47
-198
13
210
-25
337
143
118
-308
41
-252
-136
-60
-48
-404
159
58
634
92
144
-105
84
-150
265
86
334
62
-229
15
529
-208
-396
-360
194
229
-190
-124
-119
71
-240
244
163
367
82
-115
185
-713
-55
-204
268
-47
239
-29
35
39
-419
82
-122
-90
-109
-85
-83
153
259
282
57
523
-129
323
-84
-329
84
250
123
61
328
10
-113
-1
-175
-117
135
-8
-137
116
21
61
31
63
267
-60
-472
-51
59
-90
-108
96
341
-186
-116
-196
-14
-145
89
-20
-304
-139
-190
161
-283
153
-133
-246
-49
-150
-11
36
-207
50
-413
417
-273
-107
91
-317
-68
-43
-94
524
-23
53
28
-276
281
-352
230
-203
444
39
-74
-200
121
-197
63
-116
9
98
-226
126
201
-63
139
372
-301
-155
173
25
-206
-102
55
-267
264
-57
166
-412
-230
-40
281
-161
-205
256
-291
-193
-153
146
150
94
309
-72
-215
-106
-256
271
81
461
26
101
125
-191
-49
-87
283
169
-297
85
119
-231
-258
95
68
125
54
405
8
377
311
337
183
-400
-336
-59
-30
144
87
-263
-185
-262
42
-238
150
369
179
127
235
-16
-292
-120
3
-201
297
-3
79
171
105
158
-141
-36
-214
-41
-100
-100
11
466
-75
144
-87
306
-64
-22
442
-241
-297
24
-51
82
-172
28
23
99
-146
353
50
-97
285
39
-81
-119
-272
10
294
-11
63
-259
200
272
-306
-65
-160
71
362
35
-361
15
-69
141
45
-299
-207
353
-85
-230
-196
164
-143
-171
69
225
330
-212
385
43
-38
-136
-114
230
190
-125
52
-183
107
-134
17
13
-137
28
-246
-11
206
50
0
-224
-10
-109
-199
86
50
39
-184
-196
223
-205
-136
44
-611
-165
-81
-88
-73
88
532
44
-4
280
-204
81
-390
-72
456
-111
-285
-460
-132
-113
47
-126
407
239
68
-182
184
317
-441
235
-271
-315
205
288
-269
-67
-434
-292
155
155
-38
280
42
8
368
202
-321
21
-196
-147
92
236
-81
349
105
194
-112
60
6
83
-130
25
-37
-90
-124
2
62
222
-266
-337
76
72
-227
-209
-316
-354
-225
17
-227
-253
123
-45
39
25
287
-46
203
-64
161
18
60
-52
-36
-405
-109
-70
-76
2
-125
147
-37
-99
76
150
-203
397
-67
-33
-9
504
16
383
-205
-289
134
-195
225
8
-46
40
-316
139
-168
-61
-507
-207
178
74
438
50
-379
552
-71
-47
306
159
212
-117
359
151
58
115
402
26
-2
-48
104
-271
-165
254
189
91
-79
-346
654
255
204
154
191
284
50
3
295
-233
-115
326
-150
81
15
-54
32
-320
-28
-58
52
-162
340
-7
133
-28
-25
-57
-361
318
-145
173
-31
-184
-18
281
-264
-95
-22
-50
68
-209
-226
87
-76
120
-218
111
139
-464
181
-158
-292
320
80
-62
-178
-25
-111
55
163
-13
-159
443
-11
9
-378
-369
331
143
-270
144
320
63
80
-279
48
334
244
-127
90
-175
168
90
179
69
-306
24
-102
170
260
-84
87
-39
515
-92
-244
-347
259
-22
70
211
-56
-305
364
-91
-71
-108
-180
15
82
252
357
-15
-252
-177
-333
-221
-27
-76
-65
-305
40
44
-378
-21
279
242
-16
94
-211
-65
-386
-26
133
5
-79
-343
-138
-32
-88
-129
-13
-351
7
-316
197
55
76
-16
-328
67
268
-42
431
-67
61
202
-88
270
-14
132
125
293
17
137
-37
141
-483
277
-54
-267
-128
383
305
-79
109
394
-198
230
223
-17
42
99
-123
-186
45
-361
-226
305
175
-274
-259
-29
-118
-38
-154
-254
-329
-82
90
-67
216
255
-182
315
-89
197
-91
-228
-12
104
-120
7
66
-192
-15
141
-2
-111
52
12
-323
-84
183
25
47
-36
-62
-308
64
384
298
-306
-134
-179
-13
-34
-263
143
151
-151
-66
-37
-217
-357
-105
283
245
117
-83
290
31
125
12
17
5
58
172
87
127
-20
16
38
-521
-80
70
9
-251
-269
225
-86
58
-91
273
-202
-278
-411
194
39
-236
-185
109
376
-212
-111
-559
71
-5
-80
-34
-163
-4
-188
227
175
-30
47
-190
-63
