40 60 324
0 21
0 26
1 27
1 37
2 12
2 20
3 17
4 13
5 11
6 5
7 24
7 29
8 13
8 18
8 34
9 9
9 36
10 5
10 13
11 0
13 20
14 8
14 25
14 30
14 31
15 29
16 17
16 23
16 37
18 9
18 39
22 24
24 0
25 1
26 19
26 26
26 34
27 37
28 15
28 25
29 25
29 29
31 14
31 21
32 7
32 38
33 2
33 31
35 19
35 38
37 4
37 13
37 21
37 29
37 36
38 6
38 39
39 0
39 25
39 33
26
8
11
35
40
7
24
34
41
57
28
17
10
18
56
51
5
20
1
59
16
29
25
12
49
0
15
39
2
4
44
21
6
53
54
58
22
19
32
48
42
52
9
13
33
14
43
27
36
47
31
30
55
45
3
38
46
23
50
37
308
-280
-314
-513
214
44
284
-396
-224
-168
309
643
-179
266
-190
-197
132
-541
271
-61
-460
-246
71
-91
17
-88
365
850
-289
289
-493
219
-398
-337
-146
-12
-568
94
424
308
155
-389
-132
166
584
-275
223
-371
695
-861
185
-28
-409
-464
-379
-148
-318
-285
811
-282
-16
-210
262
528
78
391
-35
-419
-332
284
357
-242
-133
315
-476
-268
-702
101
-2
254
99
-522
246
432
-127
253
-55
506
159
203
-256
-327
-33
244
-433
216
18
10
-103
30
2
-27
-89
150
399
211
-25
-298
-281
-27
271
-132
-532
273
-76
179
-107
-582
-660
-375
-94
-394
88
-213
-178
31
-229
-539
420
-570
104
495
463
138
-149
-16
-12
-60
471
-514
37
122
520
495
-4
-161
136
269
-350
423
43
-18
-60
-699
168
-369
-354
165
-122
-486
-52
-131
-558
413
350
-4
-63
-155
-342
160
-259
-226
-486
-243
197
894
138
-696
-122
68
-172
-254
-680
176
-9
-477
68
-114
198
184
-259
-391
-294
167
-127
280
421
18
-216
-14
43
-405
-335
-112
-356
120
-256
-290
-130
594
-182
654
6
364
92
437
446
88
-335
102
-41
101
299
-462
-501
-18
248
207
-377
149
-149
116
-464
-607
-547
165
426
-244
-162
-193
-308
-2
926
-254
-16
76
190
180
174
-95
-296
993
14
-180
-15
1025
-57
101
-347
-364
-684
4
-64
-104
-9
-545
338
-77
191
-230
50
267
-385
-329
11
101
55
124
29
-141
-152
-69
269
-683
-152
266
247
-7
515
-367
-121
367
251
511
-55
22
-132
281
183
-88
164
136
-141
-311
-18
27
-103
-7
22
-386
97
279
-346
469
59
-108
390
-296
232
-462
318
234
246
660
-77
50
-783
136
859
150
389
108
155
53
169
407
-203
234
-12
-169
267
-98
233
144
25
-313
-723
18
-16
696
29
-165
7
340
-250
-301
-122
96
-289
-13
-418
804
-213
22
276
490
-22
-582
-142
-19
-671
391
-63
317
-605
-5
109
99
-5
14
250
-225
-1078
528
291
240
307
220
-421
-380
-472
242
103
-147
-3
52
54
401
-395
208
272
110
-299
-856
590
-18
-405
438
-78
294
93
-179
108
-487
114
-279
52
-193
205
186
511
-242
446
66
-212
-78
391
-328
-599
-55
-104
531
529
-469
-178
-337
-117
-69
144
-62
-107
-289
203
-157
-224
-334
-258
-25
-95
-202
-153
366
-366
245
218
-50
-103
677
1041
59
47
-379
247
-603
-506
-2
-4
-208
-225
-403
10
130
177
-534
1
-349
456
231
297
-52
-465
-111
264
-150
232
74
-46
-165
-187
990
-562
70
414
143
-388
-89
141
248
424
-225
208
-519
-406
-110
-303
128
261
-735
379
-139
841
-174
636
-56
515
645
489
-525
30
-254
394
-722
-634
-674
217
373
-372
98
-212
-140
-296
-215
-61
245
99
-291
-85
93
91
10
2
-704
130
-276
-86
28
-270
-204
49
-24
-121
874
-299
-490
-124
-16
545
-385
89
-43
7
503
-271
372
-18
-137
223
-264
-572
-48
-76
300
343
114
289
167
131
-81
-462
-128
10
-459
539
191
111
-49
-137
-221
163
-217
-87
63
-83
-288
201
54
16
467
-275
152
254
-480
168
223
274
-164
-13
148
237
-282
485
131
-41
-181
135
207
5
625
291
-439
-313
106
637
252
659
11
-292
-348
-438
205
436
-178
135
3
-87
-685
-515
-86
343
-32
-229
251
-106
858
365
116
-310
116
2
185
-276
130
-20
304
288
-176
-150
647
43
-351
18
-345
89
21
427
0
-252
209
282
204
-383
-166
-105
148
365
-76
-479
70
371
69
-37
252
467
232
66
147
169
461
169
-356
-205
-241
219
-520
102
16
244
-169
-82
243
-69
-354
-352
-36
95
215
168
-552
-289
-194
-282
661
-241
161
90
104
-383
60
138
-13
310
-35
-720
-341
-96
450
-7
240
115
-126
-294
551
-90
245
-950
81
-51
-362
-435
95
546
504
-689
414
-278
431
611
267
97
374
-158
33
72
-398
483
14
-458
-47
96
-379
-247
-320
337
208
-19
106
-206
-427
-668
23
373
-191
-208
-201
-524
-254
267
-476
-96
40
283
430
156
-286
68
259
-544
-58
552
-380
209
725
-532
-115
526
-160
-449
277
418
526
477
356
38
-50
239
-35
436
224
-132
418
-93
-368
-236
-120
-261
403
630
34
329
255
302
260
0
-86
-23
-34
121
-358
150
173
57
258
476
-590
-51
-306
129
94
293
50
-261
-504
-319
-83
264
235
16
151
-300
312
-273
28
-364
-392
334
177
73
-37
57
-254
-83
-153
-211
523
-694
-287
-235
-123
149
55
177
-48
171
-656
-74
-381
-167
-145
-320
-127
471
1
402
110
-79
331
-287
-367
636
151
130
322
125
-130
-140
192
-294
-175
-91
110
108
90
348
377
338
-494
110
-354
203
-110
-530
-112
355
132
45
520
-477
296
-603
229
140
2
-14
-35
-42
222
-89
127
449
-220
187
445
189
-289
161
-20
14
454
563
-359
142
-55
538
378
359
15
-294
-135
-129
-375
343
108
444
-215
432
-360
-411
-201
-7
-82
143
255
766
-28
-25
-132
-121
270
603
129
577
344
38
1032
185
395
-144
-444
-176
465
-219
-473
139
210
-376
221
61
108
437
-48
-233
-156
-491
12
43
67
-464
249
-476
4
202
-28
-15
-51
161
-3
715
-618
28
312
353
295
63
-250
-183
-392
-244
-340
-296
7
-254
85
-142
-403
-475
195
-156
-101
92
-9
-523
-179
-497
104
-135
-188
-91
395
-19
60
-322
-343
-289
377
257
-335
57
303
42
-25
10
275
452
131
584
-343
-293
-107
-249
-172
-592
78
-113
-96
-151
-27
15
193
-112
-496
288
247
37
102
-99
-216
62
136
-36
176
136
6
162
5
26
-23
-94
113
528
316
-39
413
-96
-50
-122
-413
357
-29
385
-185
368
153
-483
253
-112
228
-87
-60
171
-83
-281
-28
-569
534
318
464
-555
-235
24
7
-393
-675
198
199
12
363
-552
-465
4
-255
-60
-47
107
-196
-38
-317
373
-350
-285
-198
116
-408
-163
-142
-573
213
225
580
158
144
225
256
40
189
188
-3
437
179
252
333
-178
122
-342
-36
-6
-878
305
-367
118
-54
396
-252
447
236
-435
600
676
-487
-208
-434
-167
-292
220
-17
0
43
40
-393
140
605
176
-200
12
462
-199
-406
-200
50
-542
13
203
-224
-1
197
233
296
163
311
-369
223
181
-299
254
-6
166
-180
-115
70
162
441
134
-141
377
-219
465
51
-182
372
54
-348
-289
-87
-348
405
-247
219
131
285
217
546
650
-424
60
473
185
-151
-134
-277
77
-33
-353
-42
182
723
-318
-364
-195
-182
-741
65
-336
303
-27
44
217
286
9
50
-142
-171
-63
9
-9
419
149
668
-112
-150
192
297
-34
-705
-849
159
-27
716
-174
206
-136
12
-250
-155
410
130
79
-509
-522
-124
-519
-115
165
295
511
219
-121
53
-304
132
561
264
-717
-40
24
176
-59
75
-78
182
407
-401
-291
200
103
-140
423
-2
-423
190
14
47
346
-123
12
639
-79
-1196
573
-64
174
-252
598
-194
126
56
-247
-204
283
57
-231
-159
-580
-553
290
354
-575
-312
-318
-240
53
506
-155
-329
559
-149
-5
332
81
52
-392
381
-270
723
175
-161
34
460
-664
158
185
-447
138
18
-121
510
-436
169
77
-144
203
-67
-240
68
-117
-165
-76
17
481
470
-69
272
-696
-240
-46
-153
9
211
195
-409
-135
-722
-349
-131
9
-138
-469
-289
-272
-274
4
-456
284
63
465
-195
24
-150
-191
-851
90
239
512
-107
245
695
359
105
-262
-106
-177
211
217
-86
-84
37
215
238
468
-355
453
-555
-130
-326
-228
243
-410
201
-108
-236
-77
-10
508
-176
173
-281
668
-279
496
-1121
-610
27
-333
-249
161
113
297
-56
-572
-98
615
137
242
23
92
-106
204
166
-242
-48
224
86
338
79
189
-387
202
-91
-240
342
-76
409
-162
-394
-28
-15
-43
-95
-85
24
-144
-121
-84
-139
171
-17
195
10
-147
-188
66
288
396
198
30
498
352
108
-70
-270
209
194
533
-74
-428
475
419
-811
-38
452
-193
-281
760
-91
-638
258
182
640
177
-68
-244
-1006
306
-489
-113
218
-244
-161
116
41
380
503
464
-245
564
124
-469
227
123
-59
79
289
74
-344
78
-404
63
177
-153
147
296
-52
-178
241
-590
163
282
285
447
-97
492
-302
209
-128
155
157
-378
-268
-127
547
-101
-170
2
-164
-464
-57
112
651
-348
-232
-398
-344
302
149
3
905
98
-508
157
483
-447
774
708
-377
140
-171
329
-354
684
-384
-207
95
-15
617
-167
420
-88
-348
-205
-583
-682
-355
-516
249
-94
-102
-142
293
289
263
-164
379
-504
-6
-345
69
299
-304
-400
169
716
-452
254
137
-79
42
-132
-269
399
61
-91
84
159
-148
-159
-277
-572
-353
209
-182
-89
27
-303
-210
190
119
282
366
353
480
-318
-41
119
-452
662
741
-99
195
-723
322
235
-527
6
75
-596
465
449
-157
-18
204
-103
11
886
-69
-305
-164
315
527
23
427
-64
-271
-123
-156
842
-141
26
98
193
-72
230
-172
-63
-434
130
-382
170
261
135
-235
337
251
-505
103
-81
-156
-248
481
-8
319
-577
103
-223
-62
-180
447
-721
57
-366
-332
47
97
344
-187
-259
-72
-377
260
159
501
448
268
318
-253
691
7
-140
-158
-315
92
-262
175
-325
-436
-125
-342
-195
765
-162
39
496
702
-158
-444
-119
355
241
-76
48
12
-313
216
832
243
344
-175
-100
-103
-210
294
259
-62
187
141
448
28
268
-11
-222
-403
-208
-660
288
-105
35
-425
182
-119
77
24
187
46
653
313
101
364
398
197
-119
238
-363
-127
43
-490
310
87
395
282
-245
671
214
-294
256
70
-335
390
349
-5
-102
-10
-399
201
-674
-461
181
195
-440
-317
-126
-91
14
-100
335
303
-155
863
-236
-63
211
-328
298
-306
-202
-15
-82
-42
150
-369
-202
538
-18
127
37
-15
-70
612
-174
381
-168
-50
-170
-74
-81
-517
162
354
536
204
-545
-101
505
455
121
-399
6
-299
-501
189
-84
-491
189
-158
300
-261
358
153
-291
-19
-641
-144
-470
-35
-87
-217
66
375
-272
384
-121
630
595
389
-61
-302
72
74
44
-390
-372
-325
-261
-256
297
319
1
-122
158
-164
196
489
128
240
-644
194
289
24
-411
11
145
-520
-45
227
3
-346
-108
390
-100
-339
116
178
301
-118
-484
-389
476
-293
256
-407
-7
185
-91
68
74
513
-207
-173
-178
154
-416
203
-293
38
194
-300
-96
132
-452
112
-216
586
-134
678
-523
126
-100
19
377
-184
-44
-381
67
136
-77
91
-527
457
-264
329
87
-33
489
-141
-242
-303
-164
-625
-377
-254
15
137
-199
804
-246
234
-167
-334
235
-278
-20
-113
335
-388
118
-203
121
-302
-577
75
299
-274
39
-169
-377
-458
-108
380
214
392
-335
-279
101
-509
-985
-48
-3
-459
-613
-268
-488
435
259
33
227
299
-377
-269
383
-336
160
-38
221
-556
76
-82
62
-550
412
270
456
273
274
367
32
58
603
3
-437
-777
-156
-119
319
-31
324
-368
-24
548
-417
237
348
262
218
-35
-427
-500
-368
94
-216
-357
524
281
136
-151
323
1061
-43
-83
-14
-600
301
297
-179
39
-450
32
-282
178
-66
87
-87
100
-355
165
90
126
-111
-166
-145
-25
-328
376
-60
232
80
85
389
10
-32
-279
-378
-10
132
-400
-73
-338
93
-239
157
524
-166
-4
-505
365
253
25
-233
184
36
138
228
294
10
883
-118
15
-232
174
599
411
-158
661
-242
187
-497
-198
389
-92
-193
-155
-61
195
-287
-229
772
-425
-356
-132
55
-82
-345
282
-705
61
-404
-263
-347
-104
423
557
-242
-580
-282
519
281
344
-229
-36
-373
253
265
-109
435
-379
-141
-390
537
-136
165
109
-92
415
363
73
153
-536
-362
-117
159
-224
105
-576
-325
25
96
-108
-285
113
-74
-257
-350
-358
249
271
68
-180
104
309
357
414
-587
100
34
-283
-401
248
-40
-228
-125
528
493
111
39
-47
-398
-218
-362
244
521
523
25
-519
-836
182
-57
590
46
56
196
-277
-31
-211
558
273
-254
150
126
231
214
-394
-239
34
-67
-195
73
-303
-492
-550
180
-202
-496
-44
-26
153
-111
432
-123
-214
294
-279
-146
-533
82
300
-351
-48
-291
-66
-260
17
94
619
-95
-270
54
46
-157
70
-226
-238
-482
-141
330
-636
-421
134
354
-543
-359
59
-218
413
-29
582
272
-390
370
-616
117
356
188
-307
-262
52
2
-277
224
-261
-96
41
-378
107
-259
109
35
-509
-193
-73
-151
375
-251
479
247
424
42
-80
-328
65
73
194
-145
556
-567
-108
67
476
160
-143
-423
452
-250
112
179
570
-193
-264
-345
119
51
-142
126
136
-162
495
74
145
124
-184
-164
-350
-190
-289
-444
-135
130
382
565
-312
-446
540
616
419
-349
-236
-463
337
-472
542
317
-472
287
-121
-30
-51
-466
162
-427
-92
-315
15
-586
286
-324
16
-267
36
405
275
-588
42
-304
-413
-493
302
366
-98
74
-34
-474
129
-438
-247
73
-179
-553
370
362
-126
-247
-368
64
-566
-290
74
237
-11
-313
311
-269
112
105
96
262
-80
624
14
512
-352
72
-463
-251
23
384
343
-198
179
-254
-87
-113
490
21
-242
150
88
547
406
67
-696
-116
360
-92
-178
-542
-529
258
-455
457
-256
360
-330
-573
331
710
-145
-220
-305
-431
562
411
-413
-58
-20
-115
33
403
-544
-313
-395
208
88
467
122
-417
147
337
119
-213
453
-302
218
-29
277
-104
310
342
-12
339
-165
256
544
370
122
531
58
154
-193
444
-406
126
43
-25
-19
-168
-2
500
-50
-183
810
-594
513
-239
783
-94
374
411
663
-292
211
-56
-112
-50
83
210
-681
-150
535
95
-178
-225
52
347
194
401
-156
1
342
-4
237
151
-467
309
-539
-226
-551
-428
-163
103
-135
358
-119
709
-289
361
249
-402
211
898
-121
-131
252
-36
128
-145
-266
49
95
-105
-131
-158
-369
106
-58
-58
-77
-84
-392
145
-575
-42
-359
313
696
40
11
-200
-543
-542
-33
160
-15
-242
-589
401
-132
124
-439
-365
-707
-263
259
-43
298
303
-64
-539
555
-302
246
132
93
-124
445
-187
-728
244
781
-300
276
-51
114
-382
-630
16
143
-50
575
-59
-347
-29
-19
149
86
-81
62
114
63
505
296
107
78
379
28
-89
169
-201
195
191
-128
481
407
-142
75
119
104
94
725
-504
66
196
514
35
-197
273
-35
23
-315
-401
351
336
342
54
-96
-271
-123
-113
811
229
-331
400
142
253
-255
283
-503
-904
-194
-229
48
-155
-484
455
-464
-155
135
-15
151
154
279
308
-365
448
337
-500
320
-174
132
-136
-512
-286
-554
-659
11
641
-88
197
-126
-23
418
-405
33
-164
-238
65
9
-737
-160
-268
-741
622
60
799
-123
-177
312
345
253
-382
-422
-84
8
224
-559
297
67
188
-295
-464
-68
-8
144
307
-223
35
-625
115
-176
338
-387
-379
785
-659
-356
50
699
254
-147
93
161
480
55
-364
82
-80
248
-408
-20
-399
-150
-210
-791
49
349
514
-31
336
-19
-382
252
-229
-154
-95
-314
180
-26
-255
241
-534
93
-12
203
433
-16
73
-61
-117
54
48
173
71
42
178
413
-71
-207
-50
-353
-632
-442
-242
-111
94
-446
472
-295
-106
-174
576
-63
138
154
126
288
-507
-92
-110
94
453
-305
-23
-110
13
170
-292
512
-166
-396
264
-90
-309
314
-285
-645
-545
-816
185
-245
181
100
480
191
227
216
321
6
-50
3
185
-213
-620
253
-109
-115
-258
103
474
491
-19
-448
-675
-263
16
213
-103
241
164
-242
-232
178
231
289
196
-74
225
-326
13
217
-228
-195
-141
-89
627
673
-132
41
-62
-45
-313
149
-54
58
566
-180
-168
-484
370
204
-111
242
-464
-361
-26
-188
-76
52
-443
218
333
-495
-136
-119
-132
111
-122
-289
-189
-25
391
-292
-494
-259
26
-273
-438
347
-100
-172
120
21
-173
427
-495
196
-201
-309
-456
-309
-99
185
189
63
-253
204
-284
162
161
-152
-379
-214
58
-411
167
-365
-284
-239
-513
-150
-495
362
510
-192
-53
5
70
259
-256
-295
518
-160
-131
-352
64
460
455
-291
253
692
11
270
-13
-443
-86
-83
262
-452
823
128
-678
49
-243
159
145
-153
11
-144
-26
212
122
-347
315
274
24
36
-385
-174
-87
271
464
-245
308
834
-86
300
752
-487
642
-498
-71
-101
-232
-265
-12
-31
339
514
-11
238
367
-351
-5
-582
-240
445
-168
-166
179
305
207
95
-84
203
44
-131
93
775
240
-459
91
-529
-147
179
227
277
112
573
606
-119
26
-295
411
517
-260
-359
167
-388
-95
-348
352
328
-257
114
342
-157
-244
186
348
315
26
-104
-67
-311
176
-137
-121
193
-404
288
244
-50
-524
-411
-474
-58
-512
-758
150
-252
-22
-146
-276
-254
41
-65
-138
-237
-403
389
174
171
-132
363
-245
57
149
-310
-317
-14
30
-112
-355
228
-146
-542
328
-15
-243
100
944
-350
-341
-378
-567
-142
-145
256
-415
-9
131
249
-474
-266
-244
-227
-465
-571
-407
-289
380
-14
356
-6
370
-607
-335
-50
433
127
725
186
315
453
239
-374
-174
53
486
-204
59
29
-224
133
5
278
-166
-365
101
17
-415
-207
-214
-179
-256
-13
303
-611
-365
122
-379
-18
-293
17
-121
-100
-612
529
310
-465
367
210
-392
-119
190
125
163
430
-57
201
-145
394
174
332
-508
-92
-113
326
-83
148
228
-613
340
397
-598
295
-647
572
-279
-6
-173
-420
-88
-37
237
37
264
-328
323
-339
475
-377
67
-36
-55
-113
-88
-426
-184
420
197
443
-56
196
-13
207
77
-231
576
-28
193
137
-104
62
260
123
226
-214
423
-384
-377
489
131
-252
-151
-377
-322
-221
94
-491
-85
42
-256
-49
-335
-353
-259
-195
-51
-954
144
-928
-251
-260
410
132
375
535
742
-230
173
-249
-118
367
-249
-17
547
70
-103
-209
-386
-53
408
102
-665
-172
248
256
-318
-81
-257
0
151
-558
-109
140
150
53
-165
-549
-264
189
-233
268
-817
-126
150
3
-544
-408
-3
-552
219
380
-210
-94
514
-132
330
750
462
203
268
-218
-36
-223
-267
-150
742
-219
-44
787
335
312
610
-297
337
-2
104
356
-256
-125
299
-411
618
-375
40
394
-412
37
-492
416
68
177
178
-442
209
-357
-26
-599
-21
-272
572
-140
168
-263
284
-159
-698
66
416
-266
-313
235
-108
-449
84
107
-334
43
-251
286
-187
248
-48
-7
113
519
185
-732
-22
236
-243
100
380
-41
-6
-238
351
-124
289
324
735
-291
-249
-171
172
375
515
-541
167
-455
-488
650
-134
-369
348
-3
12
-37
-197
337
44
-307
188
-270
418
-61
80
-692
1013
362
298
-617
-344
-145
-229
458
278
-37
-689
40
184
-354
257
-306
261
-259
-225
-151
173
24
-88
-532
-254
-520
160
-456
-22
-131
-54
217
124
-234
92
-204
406
116
7
-571
371
-170
438
348
191
135
-48
421
-2
-184
375
-240
436
-156
-59
-174
-353
-181
-2
-170
180
3
-631
-522
180
-345
-128
-6
-11
385
316
269
179
-165
-262
568
234
326
-256
31
312
-23
-349
142
36
-289
85
-469
-312
16
-151
-310
348
-26
107
51
97
-829
-218
239
152
504
-488
126
194
299
177
-151
-225
43
-104
238
312
-142
147
-302
-339
237
374
-70
-859
231
465
-305
-180
71
-52
509
257
-199
258
101
403
-186
-111
-74
-149
133
-376
207
-96
-374
513
-671
158
-5
498
-58
-354
292
-185
-7
303
-458
768
2
-31
478
-116
-264
-788
-281
-97
203
364
717
260
-327
340
426
622
-495
-141
-277
-446
202
-336
257
373
129
146
-540
358
50
200
78
-737
16
-955
-282
131
-61
282
-421
256
466
-638
84
-223
365
-185
-342
30
-295
138
660
-280
-189
561
369
-77
457
-179
744
442
-234
-689
-175
201
-41
-263
366
-166
-198
270
-380
22
-112
-361
287
-285
415
-318
347
-18
79
398
92
-23
-148
-502
-173
-25
-513
193
-433
-200
-474
-593
682
247
437
171
-76
181
172
615
-361
88
-324
223
-353
-140
363
198
253
-180
-319
-505
-22
596
457
200
117
766
208
-85
210
-354
67
335
68
-82
-285
251
-206
449
236
-115
-160
-455
-259
466
542
282
310
424
109
40
9
119
32
-133
-55
176
-146
349
11
6
120
-558
50
-75
-1
123
-401
91
-272
-77
8
286
114
386
28
87
-236
290
-207
-231
-371
263
-362
-165
-107
-8
420
79
-420
614
109
216
-39
60
167
295
248
-598
-78
344
213
379
-603
9
-179
-419
-137
335
-597
87
410
258
-140
225
-230
-150
231
-382
252
-12
649
387
-2
112
381
284
-411
459
-482
-101
257
-1
-53
294
-200
-468
237
21
-64
-373
-151
179
-102
-15
217
-239
74
132
246
-263
436
185
-389
-63
-554
238
123
53
226
117
-324
94
476
802
150
-273
-63
470
-479
492
306
-49
881
-212
28
-119
-5
-144
31
434
-47
52
497
-216
499
267
66
175
-218
842
-203
-374
-334
-368
225
-21
35
-277
-769
334
-305
-526
60
19
-161
506
-529
-189
-164
192
4
274
-293
235
-522
-4
-112
-384
445
-146
84
116
115
247
-260
-503
-548
-103
-379
-430
-469
348
-219
48
-275
-713
-253
-494
-122
-451
-117
-717
188
26
-427
-691
253
192
-302
-209
32
394
181
-519
6
215
-271
125
-527
-106
609
-48
170
-372
-122
-20
-61
-181
-231
77
236
-519
245
749
-90
-404
100
-184
-495
239
-396
574
-324
59
226
-213
-408
-7
40
199
-150
-102
188
496
-251
60
-359
-128
1043
258
315
-47
267
-619
-256
-416
-203
-427
178
-249
20
37
316
-261
205
-124
433
278
-28
-155
318
-763
543
353
303
-279
380
55
44
69
72
584
-159
-155
237
-215
329
-331
-47
235
39
19
-653
-126
-356
-164
-411
-111
-377
-93
-224
-165
-576
-412
224
283
282
-89
158
337
127
83
-374
-363
34
-329
76
115
-265
-187
-453
511
353
25
-462
296
53
277
-702
44
-125
68
-194
-262
-510
20
166
359
82
268
502
174
250
378
-575
-351
203
-45
-512
363
389
-79
130
176
-458
-290
441
-100
-107
232
-23
97
-508
-59
27
51
114
-17
-123
497
-233
-253
-226
-150
133
-192
101
-516
213
-75
-114
287
-24
-214
247
25
-553
-667
-112
360
-271
-65
-123
432
245
611
-536
29
114
-23
782
-42
-14
-307
31
149
576
236
-340
847
421
-94
-127
-379
-284
180
431
-105
532
18
218
644
-644
47
226
-521
-44
-164
264
-6
216
-82
466
-512
-423
195
-404
41
90
-485
-130
-63
-234
-345
807
178
-725
735
-458
121
214
378
-429
92
-343
-156
583
-286
-267
-189
196
193
-88
-696
-444
342
463
161
259
553
66
-261
273
127
-441
-14
71
161
-289
23
-117
-277
-2
-248
351
-366
-96
304
284
-313
-175
347
-430
95
-257
-106
-82
127
301
422
-71
-728
-682
562
-256
-188
-143
-22
721
20
213
314
356
-222
-53
-17
256
-128
336
314
79
-124
-559
125
-188
199
46
51
-331
242
85
512
-221
709
315
387
376
60
-475
-194
-382
147
84
-508
-213
133
120
231
216
-235
366
-486
-240
125
-230
32
-92
301
-5
-78
-634
137
275
76
186
-20
-412
3
-71
-252
-796
-36
37
-97
-175
-2
-287
340
151
-322
240
-257
395
132
273
-290
-426
261
187
-37
319
750
-57
238
241
353
252
488
-379
-195
-554
194
-288
-166
-438
-378
-228
427
-421
160
106
-60
422
504
245
104
410
23
16
-555
-293
120
714
-542
641
6
-41
863
-295
182
-467
574
167
-568
-28
579
-86
-189
-412
-143
-151
389
317
588
114
-899
62
324
315
32
170
155
-605
336
-319
-941
-240
502
607
200
-266
424
-118
-238
571
-44
86
-106
-32
320
-345
-425
287
-587
9
-53
-218
-392
323
250
-433
15
176
322
-17
-217
-416
-322
104
-394
41
302
-509
157
150
218
104
-92
171
-377
173
-367
429
168
379
-127
42
-99
97
496
92
-416
21
-357
-317
158
-60
29
-26
-195
-507
-611
-233
32
111
43
-440
16
782
-8
-328
-558
-7
-289
76
235
-243
-215
-220
257
177
-161
69
-364
329
-206
-244
215
-313
139
-287
-451
279
-152
-400
-217
-52
296
-496
456
-394
316
223
173
717
216
-73
-361
-16
-288
86
178
274
123
339
-124
66
23
373
159
-119
227
-433
379
50
-59
300
329
250
-116
52
-49
-17
-123
16
-169
-46
40
382
24
-74
373
534
-23
-91
11
340
562
908
153
671
114
-400
-84
428
483
-193
-15
640
-506
0
151
172
-316
-26
32
27
-43
-272
153
186
-14
-480
-139
167
-262
361
-522
-232
691
-204
-142
-59
-268
137
-54
58
389
-359
466
-209
115
-115
-214
566
104
-561
90
-84
-313
24
-56
-236
27
-101
-174
-21
-455
499
141
75
665
-82
101
296
-207
-417
233
553
366
-79
226
569
-25
-85
-321
69
-714
-428
-49
-483
69
12
207
262
61
-114
-187
65
333
-744
137
-537
-402
-4
-215
208
-6
588
-239
353
-426
119
-600
395
-7
-35
-55
362
-500
-34
145
-176
-331
-143
219
-416
19
-283
562
203
-4
-149
50
-32
109
-373
-46
-71
-154
-477
162
-233
174
546
552
-89
81
-642
-151
-197
64
220
-146
-55
68
-549
325
-47
-358
495
434
-218
10
-563
-370
39
-163
-64
272
-275
-215
87
184
-279
313
261
155
-78
77
-87
6
-430
242
273
-301
-83
-19
-45
205
-58
52
104
138
-241
-62
622
304
200
270
-382
531
191
388
168
-272
660
-19
-54
-581
-948
256
-263
48
-268
328
-62
-253
338
63
245
437
-316
-457
48
322
-234
-470
-487
447
-65
-334
494
38
-289
240
-307
392
436
-172
-123
526
139
-138
-474
23
-233
102
-662
9
118
247
-402
419
73
127
-349
-216
-62
-598
528
173
-922
-2
123
68
170
-54
-529
17
895
-174
-218
-152
475
-170
-55
-428
463
-135
85
316
181
340
324
-390
2
238
-481
-400
-149
-143
391
-164
-73
403
-87
-410
-305
351
189
-90
-112
-22
154
49
-464
280
377
-9
397
-115
-575
43
-378
15
-190
-412
-421
-471
203
155
-81
417
243
-149
-60
-71
258
-389
-74
-316
181
406
168
276
-44
104
-165
-186
118
405
-680
55
163
69
168
-169
269
228
423
-349
-172
249
-613
-84
-100
263
372
-700
-222
-355
131
-402
162
368
-326
317
-347
413
-4
235
246
41
-485
-247
32
676
-545
233
-823
-343
111
-454
-334
83
-336
125
-55
267
329
-309
158
-289
-271
631
212
-400
-230
-141
-810
28
314
-76
-72
-77
52
131
-205
221
-99
-302
-172
257
-165
-344
703
-547
251
-676
279
123
352
357
-515
380
-134
655
-773
-44
-64
-375
-436
-61
-646
-5
-657
116
89
-227
429
-109
152
39
-677
54
-452
-80
597
892
-151
269
-93
-175
222
589
302
-518
-256
138
-123
-294
-152
35
569
124
-411
-74
74
-337
43
-97
-14
-17
-77
-300
-92
-341
-1
519
-273
-383
-574
400
-140
163
113
653
501
-81
-369
187
-238
428
64
-144
346
-119
67
-79
-30
-603
382
390
147
-222
573
-155
-28
52
-461
16
-278
214
338
-388
101
-70
-202
-290
-65
-125
-120
-560
44
-554
-150
-155
56
399
407
-518
-421
-229
278
270
-127
-116
-632
317
-393
554
428
501
-584
-470
-16
37
-602
-140
-258
-132
171
-1118
-90
88
-916
459
311
-451
24
164
-439
122
410
235
-151
-350
-159
191
547
-462
-453
-392
-490
-100
63
55
-161
-546
-97
-903
-377
-70
498
-21
-182
195
102
551
120
14
129
6
-517
23
61
42
-68
189
583
591
-185
-79
-22
89
524
-157
-252
-18
-277
309
7
-790
-167
473
-752
-558
-222
69
366
64
-23
581
-282
32
-24
-57
-224
-599
-23
304
274
219
-590
-263
417
-84
-22
-91
62
-895
304
-463
-169
-556
-235
6
638
171
391
-117
193
-15
219
197
-736
319
-23
-461
66
230
-39
277
160
-513
-275
-84
190
148
-148
145
-632
735
185
-160
-271
259
-517
161
168
-565
146
58
-262
169
-72
135
124
-284
117
14
-529
91
215
409
-163
-300
321
-143
541
55
343
164
561
-222
-156
-145
-25
61
-150
-266
19
-39
-107
-205
262
152
-98
-258
-104
-169
-248
-276
-154
459
-228
-378
184
415
468
88
210
292
-66
-12
118
-469
187
-2
467
-305
310
136
-29
-260
-110
75
84
80
258
112
244
603
-303
-144
168
-147
118
-68
228
-153
-73
424
-424
-143
-281
-440
74
273
213
-461
-386
592
-339
155
-368
458
662
287
-48
164
128
-220
-127
-52
394
532
-89
-508
46
89
278
297
-366
-130
-11
294
-119
59
50
415
-254
-58
775
-105
657
-86
-306
-150
127
-511
62
20
16
48
-6
-158
-531
90
-8
-173
42
-51
314
107
-496
199
152
-118
95
183
-72
-1019
-473
371
560
366
541
-864
83
-128
-271
168
746
-422
8
271
275
230
-150
107
454
561
-351
-286
283
-787
-823
-49
-277
291
406
105
226
97
-169
321
205
-112
3
362
174
174
516
168
-193
-108
215
-290
-82
339
581
-195
-131
64
469
-262
-393
26
-230
466
-330
138
-230
-294
-374
-119
-110
538
195
-420
-53
-108
343
-112
123
-276
401
117
-467
298
-249
323
-204
-55
-425
673
123
75
-352
-172
428
-275
-7
396
-339
574
-387
161
440
-45
447
5
-633
-171
98
200
220
203
193
444
-16
-480
239
475
-379
-546
-142
162
-44
176
238
70
-297
-211
469
464
-46
429
97
433
247
503
397
-7
248
-72
-111
81
-384
59
-392
11
73
-253
-186
-397
397
-822
40
-455
-208
701
940
72
408
203
-345
-99
346
170
264
-791
-271
-396
-619
-219
134
500
152
188
71
-738
-725
329
551
-312
-703
-339
-211
-270
60
-107
-717
85
97
195
576
66
339
-109
77
-232
65
-397
320
-383
-102
-138
-264
544
452
-186
116
-44
-111
189
-393
-30
-483
-120
361
-546
-8
-8
277
-248
91
-204
392
-282
-259
302
436
1
-101
-337
267
350
45
552
582
159
-54
-57
515
-467
150
444
321
-1059
169
-273
50
86
171
-379
464
168
263
222
397
-108
-291
-293
-313
-906
-25
-110
-78
-146
330
-280
-459
515
269
-48
153
100
-26
182
-62
231
685
-518
342
-84
414
695
146
-411
394
-195
124
46
-388
-317
-246
-408
143
472
-305
-157
-168
-173
-939
-92
108
12
1131
686
-150
-106
336
-290
386
224
-87
-16
-23
116
151
208
84
-206
138
-48
-208
-385
-64
75
-116
659
1022
-533
-243
695
185
231
160
257
231
-108
69
373
-346
351
-413
-161
-578
-302
187
69
269
-69
252
5
-201
198
450
-140
-54
-102
522
-453
-122
16
438
-273
102
-37
-3
571
263
-148
-211
-94
827
182
684
304
87
-531
41
-258
-334
-93
-404
1008
-151
-778
-106
819
-185
-395
38
-96
-397
-260
368
162
-178
-538
563
125
168
-22
-330
-32
-468
228
-122
-67
198
400
-2
299
318
157
-374
132
498
-282
-87
-617
-183
-324
-210
-527
425
34
-332
-263
-203
660
206
28
413
-141
66
53
-879
-395
-193
-38
-27
-287
-300
-429
-113
950
359
-380
-103
-321
-115
55
-483
-290
268
519
739
88
-18
-426
146
-15
-140
-189
316
-399
134
-526
-391
239
-64
-608
326
119
-255
-22
476
54
-276
-424
-256
-18
-640
-169
-324
274
-482
244
509
405
-851
-379
-136
48
47
487
-357
-169
98
55
-131
-311
-64
442
823
19
-288
-330
-47
-246
-201
543
-88
356
-912
159
62
-340
381
-291
-353
844
-133
260
-625
-25
-51
253
-250
339
-249
207
316
-252
-363
5
162
-75
-163
99
80
80
595
99
257
101
71
-80
73
-788
66
-275
-466
344
-526
-34
-270
-727
-93
103
123
-435
-124
655
182
-209
-52
143
-168
-6
414
-46
-383
-2
371
53
37
-60
583
101
-551
-71
-502
-393
285
-395
19
-270
175
165
204
-235
-161
88
-209
156
518
309
25
504
-34
449
25
-517
460
-261
-464
515
-194
-636
-203
794
-71
-29
357
-437
-472
-289
-149
226
-203
255
-199
-219
898
-279
640
510
63
-314
360
-322
-244
452
-843
61
45
141
-24
124
-73
-66
-115
510
445
320
478
292
-296
-71
-22
361
-155
-569
286
-16
247
197
-511
-383
-158
-94
33
346
23
-752
32
205
124
255
-84
109
96
644
303
270
-359
40
180
202
-302
-136
-264
-339
589
-207
114
186
23
322
194
-79
219
109
294
-624
650
455
-676
-18
351
-338
497
153
-10
-60
29
-372
297
58
35
-6
-273
-706
-18
-134
10
683
456
216
-144
242
-358
-181
181
-623
52
330
210
-200
209
-42
-209
89
-117
302
-346
-100
129
116
119
-135
-27
-14
-183
-297
-413
-71
31
45
389
-7
-380
502
504
513
-5
606
209
-140
-123
-332
236
-18
9
138
158
-48
182
486
-112
-13
-50
-39
-590
282
-269
-120
224
-699
205
-214
470
-6
-67
239
129
553
57
346
5
741
100
-264
-341
-294
-214
-123
878
-225
80
257
-332
364
-52
2
-61
-187
581
185
29
43
-36
89
286
-590
355
-26
315
-115
-42
61
8
304
-446
-26
128
-1
204
216
-274
270
339
-173
-554
537
-816
193
-453
-325
256
135
97
553
-121
-179
258
126
82
258
-210
450
-339
-278
-270
-330
-611
78
405
232
451
-414
-904
724
-39
44
200
-345
342
-391
232
-74
184
-14
-118
404
119
-287
-486
-360
7
220
-281
-683
-223
186
-152
-659
378
356
246
402
-67
287
827
-850
97
94
-81
375
8
141
-313
-69
-105
-300
-115
-366
-315
-118
65
60
151
100
317
379
108
38
215
414
467
-292
285
-241
289
-640
120
-166
-268
668
-27
-24
-321
-485
-365
-40
-107
190
34
-455
-30
63
-241
-413
78
122
-360
-198
-70
-159
-62
20
-221
-6
206
-300
-420
64
-2
-23
125
-16
58
-46
-538
261
-580
723
-227
231
-167
567
104
90
191
-276
-320
-219
32
-116
86
264
-140
334
-131
-492
-475
513
218
-172
-287
-134
38
-138
-535
-289
25
40
-93
413
1
435
0
-181
188
-48
-326
271
-134
-448
163
164
7
-115
688
-504
-37
286
-139
-487
39
400
246
-22
-319
-179
-51
165
-457
535
-125
267
103
-477
-109
118
341
-521
-128
-616
144
96
226
-37
263
-37
-833
-446
151
488
-646
368
245
-480
219
-315
116
244
236
-551
-124
173
-503
-305
727
-159
-35
616
-194
-212
355
119
-658
370
-208
-98
-694
325
-382
-319
-480
77
-210
-687
-217
264
-642
179
518
-370
-1248
8
168
-477
217
-526
513
-197
-533
-136
-555
-174
-148
108
-174
-429
-494
125
-130
139
-129
-80
-170
-729
391
312
214
109
-93
-214
533
-150
20
-240
-415
-693
-358
238
159
-655
190
373
-12
59
271
-263
6
-218
-160
-27
417
772
346
-48
-39
70
-642
15
-581
219
-135
-485
676
-52
-257
-102
153
571
-248
-135
120
236
-997
-11
457
174
272
-135
-162
-245
-358
-125
59
352
-483
19
65
271
-278
336
70
-213
-187
-221
227
913
359
-605
132
412
-12
384
394
186
446
220
310
-36
-417
-72
51
-110
-303
197
-87
-456
-326
-527
-600
264
248
-278
-180
-4
291
451
255
-296
-11
332
315
95
161
-640
200
104
-224
-727
523
-83
259
173
-225
145
-118
248
76
87
75
-191
-308
-682
250
-651
-119
679
238
-88
-423
-167
-114
511
-431
-449
-143
-117
820
-74
158
-470
-57
242
34
246
-131
-451
-91
-417
509
-35
122
343
569
91
-393
-55
216
553
223
502
92
-463
247
-152
-2
-73
396
-470
-201
196
-259
142
-358
244
-322
-14
23
-674
-165
-164
-534
52
128
163
653
348
-106
-12
-179
262
189
14
137
-416
38
215
-155
-331
1
-138
-359
-43
261
-400
476
62
-633
185
156
280
370
-633
-604
82
-11
234
412
-94
163
591
-296
-10
365
365
-280
-131
-548
801
12
182
545
-79
445
-37
-177
-182
-828
-697
689
-83
-308
-168
-236
361
-192
-144
-23
147
365
495
-374
226
-209
661
356
465
115
744
-283
-507
-268
-159
-123
-206
401
86
604
199
290
222
-374
19
-265
135
-124
109
195
-85
89
-188
-281
-475
261
-262
100
658
-103
-80
-79
34
105
155
394
223
326
241
263
-56
171
392
165
399
-484
-129
-98
518
639
-661
89
-59
67
-139
572
-262
-213
-365
619
-307
804
180
55
198
-327
-79
488
482
206
-322
-217
165
-333
-807
62
843
-312
375
-119
639
36
-74
-687
207
-6
-386
-711
-314
315
-338
188
154
-530
-437
-430
91
-56
249
-652
-194
464
-140
520
-335
-135
142
518
-161
-41
-39
-71
426
-416
248
-200
-169
254
381
-233
150
-286
-448
717
-126
121
-142
-462
16
-301
-301
-762
-399
331
362
237
58
168
30
133
-336
943
-304
-202
-418
412
-474
-311
164
260
-184
-322
-134
-272
630
218
328
532
-596
172
-284
319
-137
192
139
-320
-439
-425
-658
-653
274
-127
-222
71
9
-323
362
-324
224
167
58
303
-14
328
-341
-317
186
-1100
45
-126
-199
-116
258
65
283
603
103
-12
-23
34
73
-161
354
-344
-433
81
325
-323
-97
737
-605
421
-185
52
82
819
-104
-82
-25
-632
521
300
-178
152
-320
109
369
388
-36
251
359
170
15
515
-220
-234
-8
-483
128
-114
620
-73
-363
-143
-378
300
114
22
-229
-122
336
-448
466
-93
10
127
298
-575
97
184
-165
-237
35
357
135
-28
-126
174
199
-354
213
-116
238
-99
61
-347
340
-41
-293
-247
-155
196
-574
355
186
357
-507
-87
88
30
-323
358
1043
458
-592
26
238
144
-27
-458
100
80
-276
-65
-196
-513
377
-90
-24
-600
-918
256
101
276
591
310
-485
-91
-537
191
338
-107
-753
471
-101
-310
-419
264
-223
-440
-498
420
-27
-136
-133
-519
-259
400
43
-350
145
11
92
-179
-356
22
118
464
237
582
-257
118
-450
281
-211
-783
112
-30
-91
394
463
-882
48
-75
-340
125
13
503
247
475
309
605
168
-4
-603
57
192
278
230
-398
317
-177
-212
201
-116
-49
-350
227
260
-367
32
-141
-294
155
-362
47
4
-764
578
-115
152
179
18
-389
206
-137
241
-290
-133
-74
-74
140
-418
27
101
-294
-301
389
-566
-124
-245
196
-212
45
28
-125
221
31
225
254
205
400
165
-320
-11
-300
79
65
314
131
-412
292
76
108
125
84
-118
-149
-23
-169
61
-500
519
254
-185
496
238
509
-36
-278
147
-823
167
119
-64
232
53
-130
-140
-49
209
-235
191
-363
-59
44
-180
-112
298
342
-481
283
-158
-420
-334
346
148
-1
-30
-921
226
231
368
-145
91
-92
-333
341
135
483
740
-185
-311
58
393
-122
180
93
678
298
531
134
253
244
66
-11
-306
381
-269
-254
-226
-170
658
-312
-57
241
241
-510
351
39
243
-209
-442
-351
511
419
-121
-346
-9
-93
12
-412
141
310
213
264
96
110
128
-470
366
835
217
603
-287
-555
-180
506
-105
-220
-118
-24
220
265
-372
-246
-132
77
-5
-197
157
-219
299
-422
278
104
-223
-47
-531
-434
143
533
-373
201
-67
-229
350
53
61
344
125
377
504
683
-224
391
330
-250
-51
-347
282
-430
46
88
-474
109
-89
-11
350
-212
-180
179
-408
-374
-143
418
154
-12
170
475
-123
-76
145
149
-123
163
-610
58
1
307
-202
625
202
-109
200
-15
-525
350
-648
-337
-60
-150
121
-525
-47
-116
338
440
596
-70
373
178
-282
320
-576
-29
-49
60
-102
336
-135
166
-166
284
-493
19
269
674
348
330
-56
287
621
-7
-90
112
-755
-172
-273
319
-76
-112
-425
467
296
-394
-623
-5
242
42
-565
197
-314
-259
123
-454
-502
-181
235
-254
262
-231
-411
2
304
245
-780
298
253
-64
-192
-366
250
273
145
-335
435
-16
-20
-92
515
-14
179
86
443
-423
95
-308
297
147
40
368
-183
352
-71
-194
-207
680
-165
335
57
164
270
-458
-181
-163
-24
522
65
-216
85
-86
-158
-656
-525
33
383
-28
-210
346
-13
179
142
-167
152
254
729
-288
-436
128
-79
-156
-339
413
-268
-128
169
161
87
-399
-270
-132
415
166
-440
196
-589
-327
71
55
22
323
325
341
-399
-774
-318
767
110
-290
463
-95
154
248
170
128
85
-126
271
-680
-330
31
163
303
-44
-316
-469
278
20
201
42
-74
-95
226
66
-126
-811
383
-151
-94
227
89
250
-69
656
-787
-160
179
-82
-396
403
403
238
-648
98
-15
54
-166
-420
-90
196
-238
322
-73
16
550
760
0
11
-47
86
-363
-388
-33
-128
-45
148
-242
116
-35
169
-274
352
-380
403
-10
-178
-469
-260
-164
221
-80
-203
82
18
304
-738
417
274
423
-240
252
-650
-171
-68
237
358
-94
319
-324
-1078
580
295
517
400
-164
134
-100
65
-275
78
-561
-242
286
-289
-387
380
287
-381
34
722
101
176
-247
422
22
288
427
-279
860
-54
-450
-269
-127
46
-161
-76
-126
286
-193
186
795
-109
34
-102
-125
-22
-577
-215
493
20
-496
214
-167
104
-122
-84
106
219
-208
-640
117
-123
-664
-324
-47
145
27
602
91
232
70
492
-60
147
-114
-155
809
-46
257
67
-200
181
-191
-305
-292
513
505
204
-233
93
-308
-630
64
149
715
216
752
90
194
-324
142
69
-140
173
172
257
149
-166
-402
-301
13
127
-709
-36
475
162
-358
-555
85
-122
-222
126
117
-268
-525
-77
157
-62
227
572
-312
411
162
-237
-541
-456
186
214
147
222
-229
-287
112
115
-15
800
292
-422
-305
-203
-329
-89
582
9
104
-181
32
487
-718
658
264
-725
-113
329
471
436
-11
357
313
-407
93
-473
-505
179
-439
8
-177
193
-288
483
-351
53
-90
-77
-168
325
68
262
985
300
-89
-415
416
-16
-262
112
-276
221
-557
570
-321
657
-94
-93
104
-266
412
195
-123
-112
50
56
211
96
-649
735
74
12
146
-443
157
-202
-49
298
-231
248
254
28
-342
193
218
766
309
550
454
-152
187
510
357
-348
-215
-571
-69
3
-209
58
549
-470
48
156
-124
291
-66
-183
-345
-102
154
-457
101
-156
-164
-61
70
149
-601
123
-186
-217
346
128
-55
-16
-448
-543
-55
-320
-71
-282
-613
109
-344
-394
-28
-793
281
-18
-340
15
211
32
-176
642
-264
-552
86
-233
-180
-335
-453
21
-193
59
41
113
516
-386
-308
196
115
115
-92
-223
244
721
-109
257
98
155
458
-174
-206
-132
541
-29
-12
-1
148
72
348
208
389
-38
-361
-96
460
-771
-315
-418
-245
491
-16
191
207
465
-384
16
-261
-300
572
110
-107
353
400
214
-60
-327
343
543
-843
438
-212
-29
507
-72
72
69
-531
235
173
66
-282
297
-210
-456
-207
-437
-860
-152
276
172
227
423
-658
-163
272
-371
-187
91
564
-412
-203
-16
-310
-448
227
723
9
8
-72
-142
-340
-509
116
-521
-501
-133
165
-597
-140
326
70
-77
233
579
79
90
54
244
-326
374
-386
57
308
-100
292
-858
149
-154
38
-163
166
-490
561
-61
-116
202
-214
103
402
-91
33
-25
278
-184
132
-114
5
91
-56
-477
-679
156
-146
-78
-602
504
176
-209
-10
577
-408
70
-339
-255
45
504
637
61
-201
-268
434
229
418
-189
-144
-285
187
60
-350
-103
478
1
46
-169
-83
35
-269
-283
-587
378
-598
-181
82
315
224
-12
-343
-82
233
4
368
361
-372
39
-328
98
318
402
-557
266
-241
-100
154
-464
-114
124
229
-58
-79
-618
209
-235
-73
249
204
-183
-13
-285
-639
-22
86
43
-97
10
-68
118
-141
-172
-145
-195
230
375
-1
155
157
-280
131
-30
-525
-120
-475
-26
-315
216
652
247
264
-120
-96
-410
-116
252
27
-104
-365
-333
-147
1021
59
-533
266
553
468
-320
-518
-72
-484
445
-501
100
518
-429
120
-104
-432
-82
-639
325
-90
-1122
280
595
-74
117
577
16
-10
-790
-372
-307
-214
-4
-176
-659
-38
387
-221
-157
-157
-73
201
148
-9
-961
185
19
-268
148
272
-70
-775
-56
92
181
-444
-403
192
339
-210
-145
-697
-95
-124
531
-231
576
-222
754
190
-607
136
-74
-349
446
5
124
-68
-379
192
-334
983
-30
-285
-1
-647
623
-1005
148
-204
-767
-225
-209
240
-100
255
122
-617
207
-14
-28
-327
-160
17
-33
464
484
-173
235
-195
-568
182
614
-138
549
418
-164
336
546
-21
-11
-361
145
128
-385
-29
-75
-110
0
20
51
-180
-119
304
524
-323
119
183
-120
11
-140
123
482
356
-148
-122
456
416
40
-44
254
-461
133
406
148
-549
-327
-90
-405
299
-574
-170
271
493
283
-452
92
-33
199
120
245
-56
-63
144
4
-206
527
-516
556
187
516
116
308
125
560
262
113
51
225
73
212
-284
-5
-428
-219
105
357
-499
12
166
126
92
-503
560
-258
-3
246
351
-159
310
-257
-878
-203
102
169
-39
335
-410
-493
171
-323
-705
604
-429
-386
563
-460
153
-301
17
-206
156
94
-240
84
172
372
479
-208
487
-100
140
460
268
243
51
-285
-189
-265
-713
-139
38
-401
-432
-77
-103
-239
-310
-77
20
-276
-234
-124
-447
-15
-206
-996
-60
473
-475
205
23
329
206
150
213
-443
55
-294
-244
994
-520
243
126
337
-249
-241
-907
630
339
37
104
-253
-381
182
-345
138
510
-449
102
339
582
487
-382
-30
463
232
-78
-277
89
-210
-48
-360
239
-452
-365
-414
-529
115
-613
-42
181
248
-12
108
402
438
-533
785
454
62
374
-260
-267
99
142
-151
-330
93
148
81
87
456
79
-148
281
68
-418
-134
-169
81
184
-131
-9
-16
-510
-367
-652
201
214
369
628
-130
-125
-32
155
-194
-39
-575
29
-68
40
124
315
143
178
385
-178
148
-224
-127
398
458
-99
331
-281
-129
450
175
372
-325
-51
-84
-619
-59
-253
-317
-272
-73
-152
-385
-280
-349
-315
-465
-38
-263
-264
180
157
439
687
-235
2
-16
-148
137
68
289
-102
-242
163
-395
655
523
106
54
-148
-767
-275
328
-450
241
-491
-374
-194
-129
-248
103
-130
69
-147
-42
-172
-420
-596
-268
-113
359
-120
751
-232
-18
175
292
-379
429
-265
-360
-49
14
63
-303
-43
-129
-270
-242
-975
97
-280
26
-186
543
-886
283
-297
421
-483
256
278
169
-51
254
-121
-268
-335
-307
194
-547
-18
-64
169
251
587
-410
21
29
222
185
-162
-515
-370
136
-71
89
-383
127
-62
620
-212
-63
-269
-399
-275
-194
-21
-609
-317
380
-117
-515
271
-132
-92
341
-118
-173
113
-15
483
-86
556
272
85
-24
-508
319
460
325
-41
-323
-60
-405
-40
-193
80
-702
463
266
45
-246
185
-491
197
-358
263
512
-560
-162
-269
-407
-74
-200
321
498
340
260
-299
27
404
676
-56
-108
24
-441
-136
-51
643
79
262
699
-238
-189
-229
-34
614
-181
190
731
-89
-353
-430
-24
45
-78
92
-231
595
-302
93
148
-392
-113
-250
204
-626
-79
-288
599
-220
-661
113
9
-521
-279
-282
433
180
-252
-308
368
-621
-56
408
540
388
236
-293
-277
-48
433
540
937
683
275
-109
-267
-188
-83
-113
-333
211
173
115
674
-231
171
41
-46
342
-621
-420
246
588
-39
163
340
-363
217
-53
71
-248
252
50
-60
374
-16
-310
76
-158
79
192
-118
461
112
-404
-234
-217
-298
248
89
168
-484
307
-118
-41
130
-211
-32
-62
-73
-54
92
453
-170
76
-38
-233
337
-215
-597
89
-136
682
-321
604
-9
-494
-362
146
10
-43
-61
-396
206
82
376
-198
-109
252
196
159
-194
183
77
-6
-121
5
-417
-274
7
477
-527
122
-516
370
7
-427
-328
-238
746
542
-425
-155
-82
-296
202
577
817
150
191
436
291
-310
-151
624
88
-682
-49
75
-91
-98
310
49
317
-90
-395
767
123
-39
338
-142
185
-220
-10
-16
-373
-553
-94
-47
-63
-116
251
27
54
520
-379
-395
346
442
-67
247
-62
-409
-153
-627
395
-325
-582
-111
-461
-155
-476
-16
-252
-294
-180
-43
-71
-251
442
138
-339
629
-187
-104
-417
-565
115
371
433
73
-154
-361
-288
13
-447
64
-68
476
751
333
-448
-425
78
91
-490
250
-245
202
-358
-361
219
-395
462
-534
95
299
-59
-296
576
-1
377
397
-417
-246
-91
-574
31
46
568
-474
-408
-401
198
-240
-593
-40
174
-281
-182
-87
233
650
306
126
10
454
227
152
8
-169
550
60
-33
-151
-388
-287
-50
479
-210
44
418
-742
-18
537
-173
186
-437
436
218
-243
70
-400
-55
182
205
-651
-187
-290
319
-118
30
-552
-336
-249
-15
-128
-652
-106
473
-271
-53
-110
-112
-339
43
120
-96
-336
-59
-473
-185
88
-150
-417
211
557
68
-61
159
-207
453
280
-8
118
399
20
456
-359
-621
138
-385
140
38
76
-288
-146
-73
-45
-19
592
-219
-42
-44
-397
66
-123
415
233
406
-202
86
87
145
-126
32
36
346
378
226
26
165
256
133
-331
-298
-14
-12
-106
-80
-301
377
752
306
139
-207
-546
-51
104
46
229
-191
9
-73
-102
-73
-455
471
-20
-488
929
-280
191
85
-115
322
-53
-338
38
646
-406
504
179
-77
603
-476
-73
276
497
-43
694
-257
341
-294
-136
-101
-239
-328
-162
-179
73
-280
-349
-114
241
185
-268
66
61
-136
235
217
-357
-423
150
-282
24
5
-316
521
35
260
175
245
110
-119
-126
169
336
132
-7
-192
296
-157
-83
-50
189
61
583
434
-705
-59
-195
-24
183
242
-113
278
128
307
231
-251
83
-421
270
-52
-307
-333
-480
-238
65
-345
-283
-497
81
332
25
-110
136
-247
-27
608
-166
-324
-234
-647
533
-746
-215
-114
-241
-113
-709
-188
256
91
280
211
279
-1
-451
-44
268
-164
-388
-71
122
-119
-390
2
-294
-393
-344
-62
493
-19
259
785
107
-218
411
-282
253
-24
-562
-346
176
-681
-75
-441
-86
-270
-93
181
-149
-277
-249
-60
-381
222
150
212
59
-173
-45
198
-524
-149
-91
-209
198
19
-692
141
-481
218
-619
-162
-472
-542
415
-103
-39
-677
91
64
420
-545
-670
621
256
254
-156
19
325
187
83
488
338
-164
67
585
-341
-111
-410
340
-675
-259
-276
-337
-430
274
61
360
356
373
-577
-291
-256
-728
-529
-556
207
-82
624
122
349
211
30
506
97
-740
518
37
-78
44
-176
202
-270
-355
-51
13
51
194
419
278
-400
-289
85
-616
-6
-249
327
750
134
353
-31
249
-179
55
-231
-30
-269
742
172
460
-541
86
-388
235
185
-122
-227
-202
-238
160
464
456
135
-288
-145
775
-431
211
-232
-202
-113
106
-753
-353
-35
295
418
-281
-529
240
48
-54
404
-177
-425
37
232
448
-50
399
-22
91
-213
91
-65
-34
231
360
375
-126
338
-6
41
-238
155
-421
305
-190
-318
-72
196
284
-114
214
350
135
-54
9
170
-7
-402
-246
-460
34
82
299
-906
-6
311
126
7
509
96
-18
-83
160
591
37
336
-244
133
350
455
38
-544
327
-167
261
-264
93
714
58
73
-383
631
565
-343
454
37
-43
-214
40
-21
432
-751
633
-339
-401
214
-219
-310
-460
442
141
506
-211
261
-290
229
74
13
-325
88
586
-740
470
99
-122
154
-27
72
165
381
395
-634
65
-259
111
-59
-362
84
195
-158
-177
-418
101
305
-568
-191
490
-365
81
342
20
101
648
-282
-256
-317
-68
134
-438
547
256
-273
60
-89
240
-35
-251
-51
-296
161
-88
416
129
-248
-163
-79
284
81
-25
-158
-241
336
5
363
293
629
-393
-436
209
-226
-204
-42
400
117
-161
-205
-407
-309
251
483
-225
-372
484
-28
569
79
-150
268
251
-289
-36
-36
609
-197
437
351
157
35
303
89
-282
-874
71
65
85
-635
760
293
-275
-431
348
-129
-477
456
-62
128
26
-737
160
-367
-322
-440
513
-645
-347
-223
264
655
347
-709
260
-762
233
82
589
-113
-204
-70
-349
-170
-328
-560
22
-693
116
461
399
-95
843
375
493
178
393
-3
-282
-642
594
-330
-449
536
-274
224
-405
155
139
450
-30
-102
-185
-714
-58
107
325
-48
77
28
428
170
-487
113
-66
-247
-601
369
-251
-425
171
211
-447
161
27
-15
167
444
-312
11
-362
310
468
223
533
352
-82
15
-35
-53
-209
5
332
229
-510
-185
-34
78
-373
-409
-283
-545
62
138
-176
-163
199
536
27
-82
-26
140
-201
135
493
84
-306
407
-393
665
-91
-239
-7
553
-87
233
-204
46
-10
-129
