18 76 64
0 4
0 5
0 11
0 15
0 17
1 13
1 17
2 4
2 5
2 7
2 16
3 4
3 13
3 16
4 1
4 4
4 8
5 2
5 7
5 11
5 12
5 15
5 16
6 8
6 15
6 17
7 3
7 5
7 8
7 10
7 15
7 16
8 0
8 1
8 6
8 7
8 9
8 10
8 17
9 2
9 14
10 1
10 2
10 4
10 8
10 10
10 11
10 12
10 14
10 17
11 6
11 14
12 1
12 3
12 9
12 12
12 17
13 5
13 12
13 16
13 17
14 1
14 6
15 0
15 1
15 6
15 7
15 12
15 15
15 16
16 1
17 1
17 4
17 6
17 10
17 14
72
64
29
6
7
8
50
66
15
16
71
60
42
49
74
10
68
54
53
70
58
9
38
30
47
32
48
21
14
11
23
52
34
63
37
45
55
35
65
25
31
13
43
4
59
24
20
33
57
3
27
0
5
19
22
67
61
62
41
36
73
51
39
75
18
56
26
40
28
12
44
46
2
69
17
1
169
-73
-23
-44
-101
-10
-19
-41
-25
-47
-16
104
73
74
-92
68
-13
-103
14
-27
113
70
25
51
-55
-92
56
57
142
70
9
76
29
29
96
-14
38
-87
75
-40
-42
38
-66
-19
-9
-34
6
5
107
-19
40
7
26
22
-7
29
44
-40
31
75
47
-8
98
36
-11
52
-6
6
-40
-84
36
26
-59
-31
-79
-46
75
-4
30
-98
-60
69
38
-56
9
16
104
45
33
74
3
43
22
78
-80
-35
-55
-36
135
-55
25
-47
26
73
-64
-85
39
-51
-38
-78
-72
163
-42
36
145
84
-92
-65
35
15
53
123
-127
-22
41
-29
-78
73
-92
77
-77
20
-61
-21
15
19
-4
61
-54
-3
-37
26
19
-17
-20
-31
-86
-79
53
26
103
-92
39
-54
93
50
-71
-58
-25
-104
11
-70
-105
-3
86
-50
39
104
56
-24
-26
50
-30
-48
-114
79
3
38
109
4
66
-105
-66
-73
25
-101
-64
61
107
45
114
-35
-65
-68
-30
-79
73
-6
18
-45
-117
41
-100
-48
64
50
-114
9
5
48
60
-26
-94
40
39
107
56
36
-107
-62
5
-21
29
-58
16
53
19
-60
-50
-84
88
113
64
-30
-51
83
43
-19
-124
-43
-113
-26
103
-15
116
51
-63
40
78
-1
-6
-17
89
23
-31
29
52
-5
-107
111
-48
-14
-57
-72
-23
-38
90
25
5
30
-54
-102
65
-7
81
40
-24
-112
34
28
-170
17
-41
46
-101
-63
-69
-42
24
18
136
67
26
62
-60
118
24
-64
-10
32
120
-98
41
-23
-14
-52
-16
6
46
-62
64
-76
-77
79
-11
-138
6
58
55
-43
3
85
-97
59
-4
-69
-166
2
22
66
116
-35
7
37
-14
60
89
127
41
-15
10
-41
-51
94
-35
-31
-38
62
142
-33
-72
-19
27
-18
14
31
-7
175
36
54
54
96
-81
107
-22
-67
74
41
5
-2
-117
-66
-27
170
-136
-88
-8
-9
13
-39
-25
-39
-3
-54
2
-67
-2
-30
49
11
-2
-34
85
-35
-16
-63
11
-69
19
-20
35
-27
3
-49
31
61
70
-43
59
36
17
52
-21
-3
7
-69
50
-40
47
21
-52
-119
163
-16
-9
-17
22
11
70
-87
-15
-29
54
18
55
-78
-69
-54
113
49
-82
-8
24
25
-29
53
-24
-20
-50
50
26
-29
152
-51
-13
64
-57
-57
89
-54
-57
-95
-55
-118
25
12
-32
-13
-43
-36
53
-64
64
-57
-38
-86
52
42
-36
7
7
-30
105
47
28
118
43
-29
10
106
-77
-105
4
-74
-65
-19
-43
51
23
-43
38
-73
5
39
-46
-76
-30
55
26
25
-88
-13
-22
-162
150
-114
-56
-80
17
-72
-10
-150
96
-47
-70
20
34
-13
-92
-87
-83
110
-51
-35
-17
53
47
31
-46
-124
-61
-62
18
-86
20
-12
4
51
-49
19
-91
-76
-66
31
41
-59
-21
-94
-58
-21
-30
65
-97
18
151
-78
76
-73
-8
-28
-62
2
34
-34
-12
-63
10
-79
-108
94
65
-19
-14
-49
13
47
51
-13
-60
-103
36
-34
-8
-5
4
-11
22
22
103
-11
-25
14
90
8
-78
-23
119
-98
-61
-112
-14
-41
-39
12
122
-18
25
15
9
-10
97
-25
9
70
63
70
22
29
-68
76
-138
41
57
7
116
-97
44
66
89
-95
69
22
89
118
-23
71
-144
-34
42
29
42
-32
76
97
17
-14
-35
55
-50
-61
-97
-16
-138
-46
-195
-75
-1
-74
45
60
-58
-44
6
54
100
14
163
-40
1
38
-20
-11
69
-11
-36
53
8
-78
-66
6
96
43
60
21
-8
-21
79
-52
-59
-50
-65
17
-85
-98
23
-11
-44
33
-91
16
1
-40
-112
111
79
-90
-44
1
-10
-139
-102
88
-47
-91
-49
-38
-18
-60
-60
50
61
-24
-73
-4
33
-30
-132
116
-8
43
23
-8
-56
-27
-36
0
10
44
28
-40
-8
-52
-31
6
-22
-23
72
-95
-42
-8
60
98
23
-124
-121
18
28
78
-34
-77
112
-85
42
-196
-180
31
-23
18
-95
-75
18
104
27
-4
67
-54
247
15
-47
-63
-105
-89
29
-81
-54
-14
68
20
11
15
-25
28
-35
29
-105
27
34
-40
-56
3
-81
-65
-5
79
-18
-18
-92
3
-110
14
-99
11
33
10
17
45
149
-49
26
21
-45
-14
28
54
-122
-100
81
29
-93
-39
-3
-11
-157
-15
24
25
-52
-13
-42
18
46
58
48
-55
-69
113
-52
-71
-88
41
-41
16
82
65
93
-16
20
27
22
-38
22
-34
69
25
157
-24
54
-20
105
21
89
28
-7
-70
16
-27
-26
54
-7
80
64
-101
-59
18
23
23
42
-88
-50
23
32
-55
-71
141
74
-76
-81
56
-73
-26
36
41
-57
-43
-89
-45
18
-44
-99
-9
-59
-84
-26
-52
1
11
-1
108
36
56
-64
23
-20
-97
-24
18
54
-87
-53
70
-15
-87
76
8
-12
-115
-58
-5
33
-9
-20
-16
-56
49
-7
22
63
-82
38
0
29
11
74
21
-106
12
-5
-154
88
-65
-87
124
-20
132
59
5
46
-4
-11
-74
59
-65
38
-98
-45
-66
52
-68
-11
77
-42
14
-120
65
62
-22
-29
-61
17
-71
13
24
14
54
27
-63
40
57
52
-52
-2
-72
-25
128
38
-62
-42
66
-42
-128
25
21
64
7
10
-68
13
11
29
53
-120
-15
38
38
4
3
24
-131
-51
-54
-43
7
-186
162
-71
58
-15
-7
33
119
-100
102
-3
20
54
-57
-24
-71
-23
33
13
-152
1
38
46
-128
-18
-71
48
-11
-31
19
88
-79
47
34
-17
-13
103
-48
22
-59
-75
-36
37
85
69
-28
-80
6
-80
-45
30
-39
80
22
-53
41
-31
-24
-6
34
-30
20
22
-49
-84
-7
16
-31
40
98
83
17
104
-41
-8
31
-13
66
-72
-22
-41
68
32
-57
-52
133
39
44
-39
-23
204
-7
8
9
55
-120
-24
46
-28
-52
-72
-8
-21
-48
-34
-11
21
-15
92
41
69
32
-87
18
-31
8
124
85
11
12
173
47
21
15
-51
56
-86
58
-62
-29
-14
-123
-7
47
-63
-98
-81
48
-64
59
118
-50
4
54
15
-151
-6
-15
-34
-20
-6
-72
47
-42
18
75
-13
-16
19
82
-24
-12
-5
0
-34
73
-27
-5
14
-18
-20
-47
-25
55
-32
73
-23
-28
30
-14
-136
-78
-22
179
-32
20
26
-114
-2
94
21
-57
-172
-54
-53
26
6
-112
-15
37
84
-101
36
-30
26
7
-47
14
33
-14
28
79
-26
31
128
-97
-9
-20
15
-31
-53
-18
-113
16
99
12
68
32
-15
32
-43
42
51
-50
49
42
-84
30
-88
-54
5
-27
29
-1
-91
-97
-94
67
76
-38
-69
45
-82
7
39
-4
19
-16
75
60
-43
5
-93
-30
44
23
30
13
70
136
58
-34
-70
77
-27
81
-7
-4
38
-142
63
18
84
10
21
93
14
-147
22
-56
199
-60
-36
-1
-79
68
-17
-90
3
-97
139
39
-51
-31
40
34
-18
-7
126
96
-23
-57
-99
38
-90
-11
15
7
3
-38
4
-29
-116
90
42
-103
42
-42
-12
8
-42
-5
-66
35
61
10
-60
-97
86
59
71
-146
-75
-80
-3
-166
-18
108
90
-83
89
-33
-25
4
-97
50
-4
-58
38
12
-70
-76
113
-8
54
17
19
59
15
88
64
-98
91
-12
17
7
93
54
-25
51
47
22
-61
-66
-21
-41
-37
4
67
-12
109
-105
68
54
-31
-9
-31
-50
-56
22
161
-169
-24
-30
-50
-101
37
97
33
71
130
-3
10
-14
-41
-61
26
-36
-25
3
23
-1
-32
98
15
-39
28
67
41
-138
34
55
96
-76
40
-104
-59
44
-25
-64
5
-96
-11
52
-77
-82
-100
-77
30
-46
-69
21
-81
34
50
32
-134
63
-60
-40
-27
51
-56
11
-38
-97
29
-21
71
-2
130
-62
-38
-36
31
9
-32
19
-2
26
-55
-86
24
-120
13
-73
72
-71
5
-50
-21
36
19
-19
85
-57
55
-42
-27
-27
21
-35
93
114
-17
9
-22
-7
-24
-97
2
7
106
14
47
28
-51
-4
-120
-29
110
-55
23
134
-7
-45
-6
-25
-36
52
147
153
-23
20
-71
-68
40
-84
50
-17
-93
54
66
-91
-3
-32
-1
-120
-35
82
-61
-54
20
58
29
23
-25
52
-77
-20
54
-77
-57
31
-32
-32
21
50
-38
-43
99
-12
43
98
-117
56
7
52
0
20
23
-3
48
-21
7
-50
28
-84
-114
15
-102
-12
148
141
-20
-100
-101
-55
42
32
-36
139
68
71
15
54
-68
-91
-62
33
21
-125
22
52
-53
-110
-49
4
13
-34
-228
111
-63
102
27
188
-42
4
-169
-40
-31
19
-43
-16
45
2
-19
-45
74
-59
27
-90
89
8
-115
62
25
-33
33
87
-28
-9
-58
-36
24
-50
64
122
-13
-15
38
-7
24
75
-22
-3
-39
91
65
-4
-29
60
66
130
35
31
-89
66
97
17
-17
82
-82
-56
-31
33
36
-140
96
-108
99
18
-107
66
-19
96
97
-11
-155
22
63
-41
-87
-81
-18
66
-14
-66
-17
-1
32
1
64
11
-50
1
-6
8
88
65
-63
-43
19
75
-32
40
5
35
19
-19
-28
24
87
53
-88
-91
-30
-30
56
44
-68
-29
-4
-4
132
24
-81
39
-74
31
-28
-16
-31
-7
48
67
-17
12
40
-99
70
43
-89
94
30
-44
-63
37
-35
109
-113
51
27
-32
-55
-36
-14
-116
31
-42
-135
-60
-174
13
19
-2
-21
1
114
84
-143
-14
62
-158
5
26
-71
60
11
-27
-48
-3
111
67
110
21
41
-26
-36
-161
53
36
-39
-50
23
0
-121
31
69
-50
49
112
106
95
-78
-128
83
10
-37
-179
-10
2
-12
-117
-32
41
-32
50
-61
17
-42
95
103
-16
-68
-32
16
-74
-79
123
-17
-57
-67
54
25
157
-65
35
22
15
-111
49
51
-198
-47
9
-86
49
42
31
-12
74
29
118
-62
32
94
-39
-26
85
-101
84
28
-13
-24
-69
9
-77
-72
-101
47
-160
-28
-21
10
47
64
-57
-67
28
83
18
-86
13
-80
28
-48
-62
46
81
-5
-13
51
17
-2
9
-94
19
49
66
67
-11
40
95
-191
-13
-62
-82
-8
60
-111
65
5
33
-85
-39
-43
-9
32
-67
6
68
-60
-36
-23
-42
-17
-83
76
16
37
20
70
71
-22
100
-41
49
-62
-80
25
99
31
118
48
15
157
-36
46
-35
-24
82
-17
-16
68
-38
10
6
6
28
-19
42
-10
11
153
-74
-25
-38
-11
-33
17
30
33
45
-39
23
12
-86
-46
-15
47
-69
-128
21
42
20
68
41
133
60
-14
-107
22
110
-59
-126
112
18
41
27
-106
-11
-82
14
-70
35
124
31
73
-33
-150
-81
104
33
-89
18
18
35
-95
25
25
20
-1
3
-7
-21
78
62
-22
97
-24
31
87
29
17
25
-10
-69
-2
-6
-41
-15
20
-66
-15
-16
112
-192
-36
-6
29
-32
-57
22
40
81
-107
-40
40
128
37
20
-57
-50
111
67
-108
110
-36
-43
-65
-251
131
-40
-95
36
-114
36
-39
-36
112
10
72
23
-3
80
28
113
-24
113
-3
49
136
18
8
-68
-16
-72
7
70
-78
4
70
16
-58
-9
57
-51
71
-36
14
-2
110
-96
-11
49
-98
-102
-88
-26
-60
-85
137
62
119
11
16
8
-49
-53
-22
72
45
-39
89
22
98
46
8
-71
71
17
-50
67
13
23
-83
-7
8
-106
-20
-5
-167
-12
-11
63
-56
67
2
4
14
45
62
-52
33
-11
-42
-43
42
55
27
-130
5
7
27
26
-82
9
-23
171
-51
-198
-88
-84
-1
39
-15
-61
-5
28
-4
-48
-34
-22
20
155
-21
-58
-26
-18
32
-19
1
3
57
-136
-33
76
126
-46
22
-33
-12
-42
45
48
38
37
30
62
-32
-63
-73
-36
-59
-65
8
18
-5
-10
46
-66
-50
57
98
113
0
122
-23
45
82
21
38
-3
42
20
-85
33
50
48
18
-70
37
3
30
56
31
36
87
20
121
97
68
33
-46
-52
-60
-94
68
76
-9
41
22
108
-43
-3
0
39
60
75
-89
48
32
103
54
20
79
-49
64
59
-31
24
12
5
-23
-86
-109
82
-8
132
-15
87
83
-53
49
44
-104
-8
49
-53
-5
40
53
-22
-40
10
74
-92
27
22
-104
98
81
28
2
37
-14
-21
71
26
124
-7
25
16
-36
-9
-18
-147
-103
47
-2
-12
123
72
70
35
-11
24
-4
5
-165
72
-131
10
20
-9
-28
148
-45
-56
-57
34
11
114
-53
22
34
13
15
-124
-90
-101
-33
17
3
-7
-73
-5
111
43
26
-33
-121
-81
9
32
21
-57
-14
93
173
67
-95
37
-31
75
-63
52
73
-29
41
-58
-12
9
-24
0
9
45
57
1
14
8
22
92
-158
96
-30
43
9
-90
45
43
108
30
14
0
-52
40
-34
-120
-17
-21
141
22
-20
86
26
-76
73
1
-23
-65
-30
25
14
-107
-20
33
-14
3
32
-12
22
24
-85
18
-26
-21
17
-184
-46
55
28
-51
-47
-31
1
-44
88
14
7
-95
74
30
-28
45
2
-48
-82
4
-13
2
31
15
-12
-77
-19
-43
-129
-13
-70
78
72
-47
63
67
-21
-32
-42
2
-13
-43
-52
-65
-102
92
34
-20
114
87
56
8
-53
-68
59
5
29
55
93
45
35
-16
25
-14
-47
65
-73
106
46
64
-50
45
74
4
60
48
44
64
84
-132
-32
10
19
84
80
-89
-6
63
-26
36
12
82
76
24
14
-14
40
77
-99
9
-16
88
30
9
-4
117
-49
145
4
-31
32
-102
-53
-64
51
-43
-54
-10
-84
32
50
-62
28
-81
61
-15
-151
9
28
-108
35
-25
-19
40
4
-4
66
24
-35
-1
51
-19
-18
-15
20
-41
10
-56
-104
-121
-15
-84
-43
81
83
1
89
41
-11
-75
-42
-85
-70
-68
-106
115
70
-22
26
25
-12
-34
10
-71
35
-40
-77
17
-46
3
44
-21
31
-47
10
44
62
-88
-70
-73
-9
93
32
27
-35
2
17
-74
-7
3
-18
10
0
-27
-13
31
20
-22
-44
1
-48
64
54
-18
31
43
-4
-25
-58
-19
-175
-17
41
46
-22
-88
8
67
-64
75
-37
-14
-56
-41
17
81
33
4
-7
3
-12
2
-57
-134
-54
95
-13
76
111
-47
22
16
-21
71
-81
13
90
-49
69
11
39
-16
-1
28
29
14
-90
21
-39
-16
19
-186
57
-42
-151
-10
-62
70
-40
18
69
-22
-25
21
2
-114
-80
73
-34
43
-60
24
130
-76
-119
-57
-108
-23
36
47
-123
97
22
80
-49
-59
6
20
6
76
25
-8
83
-119
-22
22
-16
-8
132
-67
155
-57
49
42
-113
-49
-102
13
154
-24
94
-1
-3
-22
-33
23
-19
22
-30
23
-77
-61
-50
86
93
6
9
16
65
-64
-70
17
33
7
56
44
-49
-19
-146
-64
86
74
71
-8
-125
-168
43
2
-18
81
-16
38
1
55
-140
-57
-131
10
-38
37
35
-37
37
-28
-9
-51
-35
67
37
-1
76
-72
128
-4
-21
8
62
98
71
-52
22
22
48
-83
22
32
-53
-18
-73
-1
36
22
26
89
-37
23
39
-31
58
62
42
-36
9
-108
33
-3
8
-65
23
-13
-55
-151
-61
31
96
-1
-27
-54
-1
29
-7
-67
57
60
-48
52
37
68
-22
5
-36
-92
-40
-32
-49
-46
30
52
29
-1
36
-44
-87
4
-15
51
145
33
56
60
-52
-32
-44
80
-9
-2
-105
-66
40
-55
-41
-3
70
2
-44
-118
-41
-18
-43
-66
-41
-17
-25
5
165
87
64
140
22
64
-44
-63
43
2
-44
-91
-20
34
-44
34
27
-68
106
15
25
-28
29
-14
-90
-1
15
-41
-115
68
-54
-22
-31
31
7
-30
53
22
13
81
-26
-38
-47
18
-18
-94
111
21
-39
86
68
-38
-57
-123
-66
6
24
6
4
23
-19
68
91
-130
24
-6
-12
56
35
49
-139
80
22
-37
2
-36
32
-15
105
-43
-29
36
-17
-32
-46
26
120
53
43
-119
-6
-27
-34
48
-83
-123
-136
-65
-34
-20
-60
63
23
-98
93
-21
-73
-6
87
-69
-95
25
50
71
-49
62
-64
14
30
22
61
47
30
-41
45
-44
-55
-67
-94
-155
-69
-45
-33
76
-16
-8
20
-98
-68
-59
77
93
37
-29
5
-9
-10
94
22
10
61
-117
-47
25
-70
67
46
12
-16
57
38
49
10
-62
-16
-55
44
-51
-24
30
110
22
-35
70
9
-9
33
63
-7
60
83
26
-39
16
22
-4
-29
-16
30
-111
133
90
12
15
-139
28
67
-65
108
-143
56
-74
94
-83
50
-26
-62
-37
79
-34
74
-90
18
-19
48
79
-65
-59
97
67
36
-146
27
-12
3
-99
-108
2
-97
46
-18
28
-15
-49
32
-50
-56
-5
21
17
-81
1
74
49
47
-55
0
115
-51
-55
-46
23
32
64
7
40
-55
67
-4
-103
32
143
16
-43
-28
-33
1
59
-36
91
-64
-1
-38
-60
107
-24
19
-16
11
-6
-124
-45
-20
40
121
5
-44
8
-44
5
-52
-28
62
-156
-14
-17
-120
37
-69
-56
32
41
113
107
-13
-28
-185
-105
-73
-41
-1
-175
22
-74
-93
69
90
5
-20
-50
-16
-7
46
37
46
-38
-5
89
-38
24
44
27
-100
88
23
-10
-109
112
-116
-47
-34
-27
10
-76
-2
4
-4
-105
12
58
87
-94
21
101
113
21
-38
-15
114
-37
-1
-78
-141
-195
-5
36
20
-94
28
30
13
-45
-24
-105
105
-51
28
-29
7
-33
182
125
-133
-32
-68
55
122
27
12
31
-82
-45
-8
56
-58
-38
-14
35
103
85
20
-47
-55
-9
-2
-8
93
41
-39
64
30
36
-51
-30
12
-9
-16
-75
-84
-99
17
128
-83
87
13
-123
48
-84
-1
-45
-25
49
-68
51
95
-63
-58
-51
44
-2
-132
92
55
17
52
87
68
83
-40
-3
10
-8
-2
-28
-50
-32
-10
-84
-44
-23
-6
-8
153
95
-34
-57
-11
63
1
-80
3
-44
-1
-80
-22
12
12
-9
-34
-72
-11
-81
28
115
-19
-20
-3
47
24
3
-93
25
-99
59
-43
26
-20
-119
67
48
8
7
-12
47
-3
-30
-35
69
-52
137
23
65
-50
68
-3
-77
32
-16
57
-1
-200
71
22
41
24
-13
-107
13
36
6
-43
29
-48
-3
40
-32
53
-7
-3
21
12
-1
-13
-32
52
-30
-50
-1
52
-43
43
20
57
52
-101
-8
23
48
46
170
-16
65
10
-12
-39
-32
95
-8
19
65
-155
-35
-81
98
52
-20
33
74
24
-78
-46
16
-42
-21
-57
-18
50
8
-7
-28
-67
43
-2
23
9
-7
33
-44
0
56
-59
18
83
-64
29
-3
52
-31
6
20
53
-26
-98
-37
-10
-28
-15
-9
-82
-56
45
-73
153
32
-33
50
30
114
-12
45
72
83
-56
70
-24
38
38
-86
65
-50
-15
12
70
75
-8
72
-88
112
-26
-18
-70
124
-16
51
13
-12
85
-34
105
-35
-61
-60
9
-47
70
-31
154
-107
-108
-51
48
-28
68
82
-8
9
44
9
50
21
12
44
129
-55
-16
52
73
-117
-1
22
69
-21
13
121
19
4
-139
154
-31
-91
-18
-32
33
3
-45
26
83
35
79
-26
46
-32
15
35
114
52
-80
-112
5
-82
-62
26
-56
-35
49
16
-26
-10
8
47
-1
58
-34
-12
40
72
-9
-35
-46
87
-202
51
-144
50
-1
4
55
98
22
-37
-44
74
-103
3
-51
-43
-79
-3
-106
84
7
67
19
-13
-15
17
-90
51
-65
100
-44
22
-79
29
130
-79
-17
10
-57
-57
183
3
-113
-55
9
-51
45
-23
107
17
-26
47
56
-65
37
-13
-64
50
20
42
20
-60
-48
-90
1
42
12
37
8
95
44
102
67
-25
40
55
-115
8
34
15
69
-71
-74
10
37
-154
15
-69
160
-104
46
103
-55
-70
1
40
1
-67
42
-17
-16
48
45
-13
-23
55
-47
0
-50
-8
120
-19
8
-7
-14
-65
-27
54
60
42
85
-12
-86
-86
49
9
86
-24
78
-1
-128
38
24
23
58
-93
-38
-43
25
-54
-64
-87
-122
-26
-18
6
-12
-8
-21
56
-83
68
-6
-83
-43
-73
9
-46
17
41
77
46
45
23
26
83
102
84
-57
-151
16
134
27
-93
89
12
73
10
2
31
-2
29
-17
78
-18
-93
-80
-70
-62
-34
74
32
6
9
39
55
11
14
36
-79
10
-26
10
-20
46
46
-42
-17
-3
-65
-55
-68
9
-41
-25
52
96
135
18
34
106
38
34
-74
57
19
134
-26
6
-26
4
-55
-51
1
0
47
43
41
57
19
29
-7
6
33
-28
-128
91
10
-61
36
68
-20
44
21
39
-48
-19
45
-55
-40
-129
12
-104
16
0
49
46
-59
-119
-25
68
-61
-98
-24
-9
55
-38
-2
31
20
-32
-32
-57
-5
38
57
29
-23
-146
12
77
123
-2
-181
134
-3
33
-59
-56
49
-15
-34
-80
127
-43
-13
0
117
43
44
10
76
21
-75
-1
18
29
-27
-55
71
-4
4
-54
15
-100
-46
-94
39
-31
-153
2
-134
13
170
51
142
-5
-39
-63
92
83
5
-96
-42
-94
124
22
-94
35
-27
-5
9
35
-11
7
78
11
54
-103
-52
-132
-102
54
121
-13
-10
-27
-70
-70
-21
-92
97
-131
47
109
-79
6
-98
-27
64
-37
117
89
-105
58
107
-3
-158
-12
91
-38
-134
-11
13
-90
50
20
18
-91
-29
84
98
38
54
-14
-6
-49
3
-46
57
55
38
-91
42
-1
-44
-60
10
36
-58
-68
-79
-15
4
0
24
116
-153
75
-73
-9
172
29
66
-17
-79
-58
-118
51
95
-43
-107
43
78
-77
-69
-70
-81
-11
-35
-38
5
33
47
-64
5
-96
-70
-69
3
35
72
17
46
-46
-21
132
-38
65
95
3
-84
-9
-65
-107
111
100
24
82
-44
-68
48
50
-22
-15
-10
-10
-46
-25
118
73
-63
16
-14
-41
-36
-121
55
108
80
-17
-63
-22
-93
8
72
37
107
111
21
-25
-8
40
39
10
-86
30
111
-18
-72
12
-29
136
-13
-82
-27
-31
-77
-49
34
25
46
42
-45
17
58
59
9
46
11
37
48
-5
15
-22
47
52
-36
-91
-26
52
-50
43
-9
62
64
80
18
-147
-26
-51
44
48
33
32
-39
-19
-58
44
-43
31
95
78
48
62
-97
-4
-7
0
-144
25
-39
24
34
-106
-61
37
-29
-63
-1
-6
22
14
-74
-28
96
0
-20
130
10
-44
-97
-26
-39
-24
-36
-52
-13
22
125
19
44
-83
-82
-38
-14
15
128
-70
71
-33
-13
-48
9
-39
92
-13
-9
-55
1
27
128
-114
71
-18
40
-59
99
-85
28
-28
26
-66
65
-33
-20
-51
-24
-73
6
7
-13
-80
-76
-144
40
20
97
8
7
14
-62
-81
91
-71
-88
-46
-17
-22
-57
-3
62
-43
-36
100
33
13
13
-84
-18
-14
-37
52
28
-40
-100
133
-68
-6
92
37
20
-97
61
52
-109
-100
66
-69
-88
-26
-17
63
87
19
77
40
42
-81
-2
8
-1
41
49
-63
61
-26
-4
13
-26
68
-7
128
28
-73
-9
31
-18
9
8
31
-97
94
-2
-35
-31
77
-11
-9
-25
-39
50
-100
28
-106
62
-68
-74
-114
-72
96
117
-3
82
25
-12
35
28
34
20
34
29
-54
-64
-10
62
-22
24
14
-43
-20
15
-42
79
129
192
57
-33
-77
54
41
96
-3
25
25
-43
-146
-24
-55
43
42
10
-92
127
-43
-23
-60
-11
3
-53
-74
-32
7
86
48
1
47
-20
60
0
45
159
37
1
11
-49
79
-45
33
25
-48
62
-61
115
-89
-17
56
-62
-73
-77
29
-106
5
-1
-63
-31
-29
-5
-18
-4
26
-69
-7
-73
60
-55
-37
3
-105
13
-48
-8
-111
-50
26
-47
39
62
14
11
4
30
-50
21
4
-24
-30
7
-14
32
-14
-4
-29
33
-55
33
-50
55
43
52
32
-38
-30
-21
102
-72
-33
23
44
-121
86
12
70
77
-58
-42
18
19
-56
-75
13
-70
94
24
17
6
46
-96
33
4
31
-15
-32
36
-61
-7
-14
-108
43
-33
-40
24
65
177
68
-34
39
-107
-102
41
101
-65
34
-27
-67
-50
-11
15
1
-32
-20
-132
-19
-109
-107
-45
24
-2
-16
-4
-54
-133
-30
4
8
-23
23
56
-106
12
-57
65
-3
97
-8
39
-46
-58
13
-61
-8
-67
6
-106
-84
52
-14
41
39
64
44
-40
-50
-72
112
48
55
-57
25
-37
-91
-6
-35
-74
-35
101
45
16
78
-28
-114
39
-50
-85
-46
-72
-27
12
20
-7
-76
12
2
52
-8
60
-16
-21
-21
-34
-25
0
13
26
-38
-1
12
-43
-84
96
-103
-6
-64
54
17
65
-39
72
-85
38
90
-24
-3
48
35
49
-13
58
31
153
50
15
112
-26
-203
59
39
-111
36
1
31
78
-1
-30
24
-66
44
-58
8
-57
-15
-27
72
-98
-4
-57
21
4
68
-103
4
87
102
-121
-18
111
-1
-82
-2
56
-10
-41
83
49
-66
37
68
-131
24
11
71
-108
-81
-159
28
13
76
95
103
69
56
71
-114
-88
50
-23
89
16
11
6
-93
-44
-4
-94
-93
-100
28
-6
-15
131
-45
-72
-56
-14
56
59
37
45
-110
90
17
57
22
15
-92
-10
22
73
44
-13
-132
15
5
-43
33
66
37
-40
21
26
-82
-46
33
-45
-40
85
61
40
18
40
60
-15
186
44
-120
-80
-76
-44
45
7
-57
101
75
-75
59
46
98
65
-139
-88
129
-34
26
48
-155
-40
-7
-8
-12
14
-70
-73
69
-25
-96
87
35
-38
44
-54
-14
-32
26
47
-51
17
113
68
-35
154
50
-52
76
5
54
42
-64
-66
7
107
34
-12
-57
36
-38
10
-12
76
37
-103
65
77
-42
41
-65
65
-59
31
53
27
-97
-73
-52
20
17
-7
6
46
-34
-54
24
-29
-50
74
-30
9
51
-15
-28
6
-41
36
35
-84
-108
22
87
68
-31
-7
27
63
-33
-10
62
114
64
150
9
-17
90
91
64
-97
23
-87
57
82
-76
55
-79
4
41
-51
-81
74
-42
152
-135
-11
58
65
-66
44
-20
-27
-15
12
54
-18
-54
-106
-75
-10
48
41
142
-46
76
156
33
45
-82
-34
72
-54
1
127
-25
-33
-136
-5
81
-44
-94
-38
-26
-55
128
26
104
15
100
-92
-84
11
29
-18
-68
-132
24
11
-82
-89
-21
-65
6
-17
77
-37
-15
-27
85
58
-10
63
28
48
-6
-44
-6
18
17
-42
-8
87
-19
90
-14
90
34
-16
-83
45
37
1
101
-8
137
23
-29
67
96
57
29
-4
-56
41
-23
-24
-18
115
55
-69
-42
41
-27
-86
-42
61
-7
8
7
-2
-53
31
87
60
84
40
90
76
-40
-44
-96
-81
75
128
22
-11
-20
-13
-59
-60
-48
37
74
71
61
-117
57
-40
-38
44
-85
-49
-112
-27
-25
-76
3
95
-146
-60
-56
-33
29
-79
-29
135
-57
21
-19
56
37
12
-20
-53
20
23
-114
-14
-54
-44
-25
-34
33
33
-39
-168
61
104
32
45
8
-1
-135
4
106
14
16
9
-18
-19
55
17
101
43
-25
-7
-104
-61
56
-23
18
35
27
-44
-51
-34
-55
94
-76
-16
-87
7
-80
71
-113
143
-60
23
-76
-38
-3
106
-53
-91
-110
-7
22
-44
12
103
-4
-39
-62
-111
-111
-47
-8
-7
1
120
-12
11
101
6
43
195
35
53
-77
15
162
64
50
13
41
58
-20
94
-19
62
84
1
28
31
-37
51
-69
83
63
61
-42
18
11
-45
-88
30
56
-63
-17
6
-44
126
-75
-36
14
-57
12
20
-24
-39
45
-17
71
63
0
4
-83
85
-24
-35
-53
14
68
-51
55
-82
44
10
63
31
20
51
-30
71
78
26
9
45
44
34
-34
-80
2
-2
-25
-26
12
7
-70
65
52
-126
61
-55
-17
-41
-37
15
-93
-15
50
85
93
-167
14
72
35
-21
10
-60
32
13
18
20
31
67
-83
-9
81
-133
40
-52
17
-74
-61
-50
-24
-16
73
-149
-10
-8
-58
22
-62
-45
17
20
-58
-17
150
-41
-43
-7
104
-12
-38
-49
82
4
0
155
-7
28
-23
-81
-2
-100
16
72
124
45
63
18
-66
-18
-75
11
-69
-94
-38
14
23
-18
77
-25
-72
-66
-71
-20
-146
-79
-116
-16
-41
-7
-55
40
-5
52
92
122
-59
-15
-125
-15
12
81
-21
73
61
-57
33
97
-1
6
66
99
100
2
145
-32
23
-2
59
-30
63
-23
-72
13
87
58
-13
22
-74
-18
85
-41
46
-8
20
-21
88
18
-15
-47
-18
104
-25
43
28
38
-38
-93
-11
-56
3
25
-81
131
4
-29
-82
-28
-72
99
63
140
-9
-59
-90
-40
-3
23
-126
16
-17
108
60
-81
87
-81
16
-35
-13
17
-29
40
120
49
13
26
60
34
24
-62
5
-152
43
-22
-14
-19
37
178
69
-76
2
-65
84
-62
35
-67
-18
36
-33
-12
5
-62
3
-34
47
63
61
29
28
-3
-25
-47
-29
5
49
-39
194
-122
4
-52
-10
-118
-23
-48
50
-60
36
-46
44
23
33
44
-26
-144
-22
-9
16
-36
2
-17
57
-19
-105
-22
-18
-58
-47
-35
-98
-31
44
-68
17
49
24
-20
-87
-2
90
54
15
87
-14
-43
0
7
-10
-57
106
36
-43
19
55
8
-8
-36
-53
19
-102
63
-34
-92
-33
22
-22
-5
-92
-64
17
119
13
46
-119
-89
-5
142
71
-41
-23
-50
-3
14
-45
-15
112
62
1
-33
59
11
70
-20
-84
102
32
-71
-129
16
3
17
-4
-37
-102
-2
97
-63
-5
-107
7
189
-37
-2
-32
-29
-24
-43
-21
-36
38
112
10
2
53
-35
-55
-33
-89
-33
42
-40
51
102
-68
111
-125
58
32
-8
80
-71
-8
53
-73
157
47
-149
-1
8
-46
65
-43
-51
-73
52
30
98
3
28
-6
7
-41
-97
-1
22
20
-10
8
-136
-12
-10
-16
46
10
11
-5
121
-61
70
-67
32
132
127
-23
104
-15
28
-78
-50
-119
-92
83
-12
-38
-46
-18
38
63
-45
-1
-11
54
69
-98
-59
15
-56
49
-16
14
9
-84
130
-15
38
40
-59
50
-19
27
-36
75
-117
-106
-104
15
8
114
196
-42
-15
34
99
-38
3
-16
69
33
-31
74
-53
36
-14
-91
79
-18
-25
24
83
53
54
-2
-108
98
7
-31
1
4
-101
28
48
-7
-4
4
16
-100
-6
26
99
110
-7
42
94
46
32
-7
121
-140
34
70
-55
29
39
3
65
-43
-115
50
-81
-134
-74
-47
-49
3
47
-25
-93
137
-136
-108
-16
63
-15
-17
7
36
-35
25
-14
-126
-40
39
-68
-32
75
-9
91
6
25
6
14
-45
47
-97
-11
-46
-23
91
139
27
-71
-61
-70
39
-65
32
29
-26
23
-8
-104
20
-51
9
-21
-36
42
87
-52
26
-82
70
90
-10
-26
-59
67
-23
128
-7
23
5
9
-26
-20
-6
123
20
-19
10
-66
-78
92
4
-84
12
6
-53
94
34
14
-3
18
-11
9
82
88
-3
40
-7
-2
-81
-98
-2
33
97
-33
33
18
115
-33
1
-3
10
-12
9
49
-45
96
162
84
46
108
15
19
82
169
28
51
-2
-68
-123
5
59
-5
33
-112
-6
36
60
-166
-1
-11
87
-44
132
-45
59
32
44
-15
20
-35
-120
-27
39
-24
-21
-92
1
-81
-25
112
29
86
-3
15
-75
-195
-7
-50
38
-70
-104
-46
96
-40
27
-32
45
-65
44
-69
-62
49
-124
33
63
-22
-54
-5
-44
-81
52
62
81
107
-20
97
-53
-64
51
58
-49
-7
49
50
-150
-42
-48
-80
16
16
-19
97
39
60
99
-44
19
87
-14
87
62
-47
36
-14
-60
33
-4
124
98
-75
42
-37
-66
55
-89
80
-14
-103
19
-42
142
-1
103
48
93
-80
58
-145
92
6
-45
-21
106
67
-112
40
-58
-15
-15
-56
78
44
-125
-3
-51
23
-43
64
-49
-65
-38
-60
94
18
-45
22
95
-15
-18
-89
16
-61
-15
88
-67
-146
-2
77
44
-46
-27
-22
27
-14
-28
84
13
-72
-22
68
-5
-5
46
60
46
-39
14
12
95
145
-94
-58
27
15
-19
81
47
-71
40
24
31
-106
-21
-30
-38
91
33
17
20
47
-20
51
58
-14
-21
-3
-41
-38
-65
65
-15
0
-85
-162
-6
-34
-133
-54
119
95
118
-52
19
49
24
-26
38
35
63
80
169
-4
15
-53
-62
17
-88
17
70
-32
-13
-8
-20
-19
-93
-43
-72
3
-101
-1
-113
-33
-55
89
-28
-29
-8
126
89
-16
-18
44
71
-68
-33
21
73
-80
-72
60
33
85
-38
-135
-39
-59
-60
-50
14
26
-50
35
66
0
-78
10
-20
-101
72
29
-93
-24
-43
50
1
6
7
81
-161
-80
1
34
-22
51
-43
-1
-7
-44
-50
92
55
4
127
48
-40
73
-73
-35
-71
-14
-45
70
-26
-13
0
51
46
-85
34
36
27
7
35
-5
-32
51
31
97
41
-48
21
-52
42
1
91
40
-67
-110
-7
-97
83
22
-11
18
68
-17
-72
17
34
29
-106
-35
33
-151
62
-38
-95
149
-89
40
26
63
-62
57
70
-35
38
165
60
22
40
-174
12
-48
-66
83
-2
-59
-97
13
14
10
-36
76
124
-61
-19
-100
23
50
4
22
-107
121
17
72
-60
8
-30
132
-73
-32
-44
-85
6
-33
4
54
55
-14
-32
143
-28
64
8
19
-44
-62
8
-58
-6
22
67
66
6
86
-20
-21
-79
23
26
-28
-44
-14
96
49
18
87
94
131
-135
8
-34
-6
-104
-22
92
-2
-6
5
80
36
-4
20
-12
79
-19
-38
-19
-11
-34
110
17
-24
-67
16
-38
-102
-158
19
-22
-29
76
-36
-59
1
-4
-57
-144
-42
29
-4
45
102
-15
-29
46
2
30
-41
-52
100
-82
-15
29
41
43
-116
-26
-83
81
55
98
-31
-67
130
74
-43
11
-18
-7
-20
-2
-108
120
5
-73
-15
2
-10
44
0
21
2
-50
-95
38
-56
34
-30
106
77
38
2
-95
-36
21
-38
-42
-8
38
22
-116
-74
13
-126
11
-30
-1
30
-89
78
37
-54
-23
-87
-116
50
78
18
-74
-97
-72
-179
-19
41
112
95
-74
12
11
-59
20
-77
-18
4
69
25
34
-48
60
31
1
-37
-54
0
54
-116
28
-124
100
31
27
-31
-39
-26
47
-71
-45
-115
-32
56
41
-92
-29
119
-17
141
102
-29
101
5
99
38
78
28
16
-89
-26
-1
67
-56
-94
-75
10
113
-74
-90
19
-46
57
-215
-39
-70
-21
14
-5
42
23
24
6
-5
-70
33
85
-38
104
43
175
-8
-3
60
52
-22
43
80
-107
-16
25
0
-72
-7
-79
-27
21
48
-1
10
41
94
102
-83
-4
177
-13
-50
-3
20
29
117
72
-53
-24
90
33
-5
92
44
-32
-41
-31
-34
-100
31
-123
-66
108
-46
-47
30
-53
32
2
-49
-31
129
-35
-37
-65
-17
115
78
-13
44
41
-38
-8
39
-26
-62
-183
44
-74
-35
58
-65
-37
68
15
-17
-68
-28
-95
112
46
30
-17
-16
-118
102
4
-7
106
4
-81
-140
68
134
-138
-84
29
6
-77
36
20
-19
71
24
108
72
8
36
-35
80
-48
-7
-66
-47
-61
135
184
-41
72
-17
-121
-101
-41
4
71
24
20
95
42
-105
47
17
-75
30
130
-32
-7
16
-28
-72
-4
23
58
-50
-7
-87
24
-19
74
112
-10
-33
70
-32
-57
10
-10
69
-39
33
39
21
75
34
49
37
-36
-12
42
16
4
19
-86
125
-27
-150
-34
149
47
-46
-21
22
-54
-115
-49
-216
7
34
97
37
-16
-12
-33
-3
99
31
5
-10
-27
3
120
136
20
46
-46
86
-2
26
25
7
79
16
82
-4
-71
137
-44
-64
0
-116
-53
90
-27
16
-135
8
-31
27
-13
-19
28
61
-77
-16
-7
24
52
94
23
-103
98
-105
0
15
-16
-6
109
-24
-114
-52
-130
34
-33
-2
44
-47
24
-29
37
90
14
81
-35
-60
-72
24
-26
-46
-3
-16
-83
-7
-48
-106
-53
133
-71
-1
84
-61
9
18
-29
-56
-52
-67
-20
30
-42
30
-75
56
-22
-104
-53
86
7
82
-11
-33
-10
32
15
40
55
-11
21
-21
-2
-14
-25
28
38
-35
-12
45
11
-85
-26
-2
-28
155
-57
-86
-93
-84
92
38
-3
105
83
-64
-26
57
67
-28
-81
37
-103
9
15
62
69
-28
-9
8
-63
-100
-58
-92
17
20
25
-54
20
46
75
56
-143
-4
-77
-10
-32
57
21
61
76
-130
30
76
82
-38
-22
29
45
10
-7
66
61
37
58
-14
64
87
-38
-18
182
141
27
-76
-50
-2
-78
18
-52
-40
20
88
-62
85
24
59
-63
56
47
-63
-33
-25
-17
-68
54
44
21
-141
-29
-8
-16
54
-32
30
-28
-105
-2
66
-24
-105
-72
-73
43
80
-41
-32
-89
-72
-65
61
97
25
-98
100
-83
-1
-12
-35
-110
-17
22
11
-4
25
81
-96
27
58
-59
-13
45
-32
-46
12
-83
-100
-51
27
-150
50
44
56
106
20
-43
122
-23
-17
4
-101
-40
-21
-48
-108
-77
-58
74
-68
84
104
-106
41
15
-18
62
-86
29
84
6
42
13
-6
32
9
73
-28
-12
127
6
1
34
-108
-123
-31
82
-31
-87
-14
102
-42
-69
14
7
-1
0
-4
15
91
27
-23
-100
-144
35
-13
-28
-46
-73
-120
-61
22
48
-70
109
155
-64
-48
-5
-46
-210
-23
14
41
-79
-34
21
92
-45
-66
24
33
63
55
-13
-73
68
97
14
10
-39
50
-25
131
-109
-13
-35
114
-35
17
34
115
-61
-63
-3
-43
69
-37
-15
-46
18
27
-20
-1
-4
-54
-61
-59
-18
-25
-35
-24
35
118
-77
-80
135
-1
131
-4
12
64
8
38
-22
45
-27
-38
-8
8
-19
31
26
63
47
62
-11
-40
60
-12
-1
33
-47
5
97
-51
-101
27
-5
42
-118
73
76
-16
79
48
-36
14
-31
81
-11
19
8
-24
-46
35
80
0
-5
55
8
67
-26
38
-4
26
29
7
27
110
91
13
1
-188
-5
-48
-44
17
-88
28
218
133
-18
-17
-77
186
-115
-33
-7
42
-42
-29
-16
15
-65
19
-3
-22
62
87
8
16
120
-32
-28
-28
8
-68
0
20
-30
60
15
39
-58
11
39
47
-40
-17
-35
116
-86
48
-90
10
-19
-162
7
-80
-31
11
-146
127
-44
70
72
22
15
45
116
67
54
1
-78
-14
-89
-54
22
-68
-11
-96
-74
-127
-54
-15
-50
9
-38
22
121
-25
76
90
14
30
-73
5
7
114
-55
-17
34
-19
-108
17
-37
-88
9
80
-24
23
11
96
58
-65
-66
-8
-22
-91
5
15
9
26
27
-104
49
47
-117
44
-99
-36
-50
54
34
91
25
-62
87
31
-52
-53
-73
52
112
34
-34
42
-75
18
-32
-76
-7
-24
60
54
11
3
56
-96
-48
-6
60
-40
42
14
-76
-43
-11
73
-39
-15
-30
27
189
1
-41
-79
-55
-48
-9
-142
-52
22
-24
7
-49
2
-4
2
35
82
23
37
21
0
-99
63
10
-102
32
31
12
-65
10
40
54
-10
-8
22
-2
72
24
-18
-11
134
38
-50
38
118
4
-111
37
-7
-38
24
81
-24
-86
-30
100
8
-35
18
-8
1
42
79
45
-29
-12
112
16
-59
41
-29
3
-85
-77
-76
-36
-35
-176
-14
-131
4
26
-35
-56
-40
-7
61
24
-70
-50
35
-31
44
-78
-41
-105
-48
110
37
-50
73
93
-47
78
2
-70
56
13
22
35
2
-89
42
19
127
77
0
-50
-51
31
-42
-21
-57
-32
23
-78
-91
-175
-35
-115
-38
-50
67
-9
-22
54
12
11
-20
52
14
-152
17
-24
33
-85
-16
-68
-50
38
-105
8
-7
-39
9
30
-63
-112
88
25
24
-40
-8
-37
-31
26
142
10
-30
63
-90
0
-60
-9
46
36
-111
-3
25
-123
-139
-89
4
-42
45
82
-40
16
27
-70
61
-91
-49
5
-65
-33
-42
61
15
-41
-104
9
1
-57
-37
94
53
26
90
165
-63
-20
-8
55
130
-41
-36
-17
-3
-77
-50
-4
42
-45
-90
90
41
82
7
-15
13
43
13
49
98
109
-91
48
-87
78
43
-48
60
35
-69
-17
-36
-19
-15
29
-4
-83
32
-6
-8
4
47
71
-14
-10
-56
-36
-80
-100
-29
-41
37
57
31
120
-16
-112
21
-5
58
-37
110
-6
-9
-121
-80
-32
-105
63
21
-60
-23
72
63
6
99
-45
35
9
-52
41
-78
-69
-74
22
89
40
-65
-13
-23
61
15
65
-9
-124
-72
-18
10
-33
-128
36
64
-109
53
-89
19
-41
134
41
91
39
35
72
12
-36
-7
-43
-27
-143
21
-11
-108
12
-38
-27
2
52
81
-76
66
60
3
-170
11
-25
-106
56
-88
-78
118
-75
-28
-31
-8
48
92
-50
-60
-56
30
-22
81
-124
166
-23
-64
-35
34
-73
94
-8
12
-50
19
-13
32
25
128
-37
81
25
-135
-14
15
84
-14
-34
-71
102
-131
-9
39
104
9
16
-38
122
-5
-30
58
-84
52
100
14
152
3
-48
-32
9
48
26
44
-156
-65
61
116
-68
-77
-9
-11
30
16
60
18
-13
-67
29
8
15
-75
-173
-4
38
-63
87
-57
-80
137
-37
32
-1
-41
-33
13
-23
33
30
114
89
-60
6
-22
107
-103
14
-83
17
-34
-76
-122
132
18
25
-12
-10
-4
0
31
-27
-69
-59
43
-19
23
-97
-17
82
-60
97
-49
-102
-48
7
-54
-35
-32
-124
73
79
48
52
56
-2
223
105
-17
-45
-16
-17
43
11
1
32
95
35
9
-21
127
-104
27
12
59
23
-70
-36
-58
109
-40
-153
9
-5
-18
-11
28
68
-101
4
47
-12
70
-54
14
22
12
75
35
64
55
-33
-121
28
-62
40
-30
-60
145
-36
145
103
-15
-59
123
77
-25
-11
-37
14
101
32
-124
-96
-72
136
-6
36
82
49
59
-8
-62
72
17
30
99
-72
20
124
-26
-72
-103
-55
-6
15
69
7
-116
15
48
-72
-69
-83
-90
-113
-66
-57
-60
-28
-33
-23
-56
-101
-12
-7
-23
-7
-6
-31
58
-85
-66
-18
-36
61
29
61
14
-12
42
-70
85
111
-30
87
3
-62
-38
-80
43
13
70
-74
123
-21
21
55
-92
65
-25
-4
-15
29
-52
39
4
-114
-52
21
25
-7
55
-31
-38
98
21
75
94
-10
50
42
6
-24
-4
34
24
14
1
38
-83
-78
29
44
-62
23
54
54
27
4
81
-12
-11
-40
32
48
-108
-68
26
-39
76
-102
11
-93
-14
-55
-35
-10
-34
-59
-26
26
-63
64
85
-126
24
-15
-2
-10
-50
-23
2
-78
78
69
3
-26
11
111
-2
-40
107
91
-80
-21
27
-108
-4
29
-20
3
-67
4
21
82
73
-45
174
78
-75
1
-75
4
-122
-62
-22
22
16
-45
4
2
-33
-64
-3
-71
127
46
-163
-50
6
52
81
43
-95
164
-9
-78
12
93
49
-5
59
-52
16
-23
-29
6
-20
-72
15
-9
74
-15
63
-42
-40
5
83
51
4
-30
-2
59
8
35
63
106
-84
-66
9
106
-20
46
60
-9
26
-23
-13
49
-18
55
-115
32
43
-161
-47
-41
29
44
38
12
58
63
-84
10
-58
-58
-47
-60
-3
31
62
26
-5
37
-96
45
-7
48
50
48
13
42
45
115
14
23
36
-112
86
-26
16
28
-9
91
57
-54
1
1
-70
-51
125
-10
-41
-11
-53
-117
-62
49
-43
128
87
-110
8
-97
-38
40
-89
-94
-36
-31
-74
-28
11
-50
2
-2
40
60
-62
-45
-23
-130
-33
24
64
22
10
84
-33
90
80
42
33
-83
19
-44
-84
64
91
30
129
-68
43
-4
-56
6
84
77
29
-5
-7
36
-59
19
-94
-7
-32
109
65
73
129
46
-27
75
137
23
-30
68
4
-18
-67
13
71
86
73
84
0
-65
-6
-83
33
-30
-70
57
56
-93
-42
-36
-23
52
27
-131
-78
35
-22
-54
3
-14
2
22
114
-9
16
-3
7
35
-51
69
-7
-131
-55
16
114
51
-26
29
38
-81
34
60
24
66
27
-25
63
10
26
-47
-18
-98
-75
13
48
22
-49
99
6
-22
60
52
-19
-5
60
-42
-16
-40
36
-13
68
-59
48
88
22
7
-19
-30
-80
-28
-52
-72
-80
97
-30
-8
78
-80
41
-32
69
-55
71
-121
76
-24
23
-86
-25
-84
89
24
-110
-66
48
78
60
-91
-18
-6
-56
-47
-56
21
28
-56
-73
130
-101
-167
-15
60
78
-125
78
26
-11
88
106
72
-17
26
20
-54
10
31
60
-35
38
-127
-74
-18
-55
42
-88
1
-85
-36
41
-104
-16
-12
-46
5
-67
-41
13
125
-9
-138
125
-36
83
-70
-21
-66
-14
42
106
1
-4
-5
40
27
-26
42
-30
-197
-29
-19
-54
49
40
-134
-71
54
-55
64
55
-44
20
18
18
55
-170
-54
75
54
8
-42
86
-34
-73
-7
118
-86
-86
66
-8
-23
-9
-28
2
-38
93
100
99
-29
9
-55
46
17
79
-1
82
13
95
73
-64
-8
26
1
2
76
-18
-79
-75
57
40
-24
-25
-55
65
48
46
54
34
77
-22
-124
-11
19
15
54
-131
-2
-9
-8
2
176
82
-49
-76
96
-96
-30
-46
-39
-37
58
4
-21
12
32
-46
-10
-36
-82
25
-15
42
-132
3
-93
104
53
68
-92
-73
22
-10
52
66
50
2
-25
-60
-44
0
-4
-62
34
29
49
-57
-6
-108
-26
-35
-113
91
-7
46
-80
-194
-20
40
70
-35
-66
27
-122
-38
32
-82
-47
-29
-120
31
137
-14
19
-18
-69
18
-53
61
125
-88
8
-12
8
54
-139
1
-155
-4
32
105
-14
4
70
-23
-14
-18
23
-74
31
-73
87
62
-50
-2
30
111
50
-129
43
-36
-8
-79
16
-63
38
-32
45
133
71
40
-84
-60
-184
57
-60
54
-49
-69
-37
3
139
24
9
-10
-7
83
84
43
26
77
9
-26
87
41
22
-50
99
-86
-110
-95
36
58
3
23
43
64
-49
37
-5
2
-12
-22
-72
60
-12
71
134
-22
-73
-33
88
7
-54
31
-50
-184
-63
-39
21
34
8
73
-7
-130
86
-80
128
-66
3
17
91
0
-58
-35
110
-114
-6
30
86
-6
72
-74
-10
-66
79
64
-33
17
19
-23
-98
-47
63
131
6
-90
20
-13
-47
-14
-96
-58
13
47
44
-6
36
-124
-12
-106
95
-62
113
64
35
106
-46
50
129
23
-65
-79
-2
-14
9
39
40
-53
-41
-78
2
-8
40
-1
-23
4
53
29
-26
-33
-118
-45
-5
31
24
85
-22
-75
13
-88
-72
9
64
36
-9
-42
2
88
-102
-75
48
-83
98
-15
34
155
136
-5
-44
-5
-1
21
-29
-36
-11
26
77
10
-79
-93
-137
-89
-114
64
51
-60
28
116
-132
-106
-60
-1
-1
-4
1
63
20
1
3
-154
63
15
-90
68
-31
1
65
7
-64
-103
-96
58
37
-136
49
67
-39
52
31
3
48
-3
-36
-33
-81
-5
-54
-21
56
52
41
2
-35
35
30
-66
15
15
31
-38
43
86
0
74
-30
-10
15
-13
-44
-46
78
7
-55
-34
-117
62
-9
-24
-33
5
124
-67
22
4
-48
115
-32
107
-69
34
50
181
-9
3
2
58
-63
-57
-1
103
-34
188
-29
-40
-33
-13
155
95
-156
-23
-127
21
11
-4
-113
57
68
-79
-10
108
3
-18
-20
14
-64
11
5
19
-6
48
87
-30
-54
-8
-45
-114
59
1
0
-37
24
-65
-77
40
-25
107
-14
-66
42
-8
-44
-8
-26
-50
151
28
52
56
-31
43
-43
-269
120
-47
-28
147
31
-29
125
75
-21
19
-85
-75
-120
88
14
32
100
149
-37
39
71
-86
27
-9
-56
-10
38
-140
72
10
-90
-80
33
3
53
-19
66
1
-14
99
2
-70
-33
49
-126
15
11
-27
-83
34
85
-75
-35
-18
-28
68
158
84
-66
17
-62
-7
-4
134
-31
-29
-42
4
-20
49
80
-35
30
22
3
54
-83
117
-69
70
95
-96
-46
90
49
-51
13
2
-2
73
43
-59
-18
-46
71
50
37
-50
18
-62
34
-92
-21
23
31
32
-59
-24
-74
-47
74
14
-29
51
44
93
-100
116
-57
-41
-35
4
-43
127
-10
83
-111
17
4
58
153
-26
-34
-3
11
-21
-13
-69
-18
-40
11
16
-77
-110
12
33
-38
-45
89
54
34
80
-88
-83
-26
-140
23
85
-88
-68
-101
101
-116
-58
4
-5
31
-2
-40
33
-106
-20
71
31
78
7
32
-24
67
-36
-88
19
31
77
-19
128
-36
-9
94
149
-42
-69
57
67
76
-34
20
-108
-108
-50
-16
-15
82
103
-33
16
17
6
6
-157
41
-40
14
-57
75
-47
-163
-129
-73
-20
26
159
14
14
-29
-7
-35
-13
2
49
46
42
1
7
-52
115
-64
35
-53
-40
-38
-18
-127
-82
0
-1
-60
31
-31
-61
41
57
58
-10
-83
-10
97
2
-83
-3
59
65
58
12
-3
-12
-63
-30
69
-6
22
-10
-6
81
2
51
28
4
-37
-69
50
40
93
17
-59
110
-60
25
-84
-37
70
164
3
116
-35
-28
13
-1
16
-59
-37
12
77
44
72
-63
46
42
39
-42
9
24
52
136
29
-43
63
114
2
-42
-84
32
-51
-45
68
-34
-20
-101
69
-10
21
-70
50
-99
30
29
-10
165
26
-48
82
-33
-28
30
-42
-84
27
139
-135
160
41
-101
11
-49
61
84
35
43
17
75
-25
12
-4
110
-50
13
-38
13
-19
51
-64
2
-99
-67
32
-63
-89
-36
-83
40
-6
-14
10
-77
-94
37
44
-21
-39
5
15
42
-55
22
-67
-85
10
-56
28
6
8
-81
127
76
55
59
-58
42
47
3
54
-14
-54
51
53
14
-37
-77
33
-33
-131
65
-7
-20
64
34
27
-12
-48
30
5
-5
-10
-56
39
-41
-182
13
166
-9
-53
86
-87
34
15
-34
-104
-52
28
-6
95
14
-12
-71
-41
-79
-4
44
-88
129
2
-57
67
-49
-90
-136
20
60
-94
-70
5
40
73
55
-39
-46
-55
47
-30
32
-148
3
2
-1
-21
156
53
14
51
74
-174
-84
15
-32
84
91
67
-8
-34
33
19
-69
-94
-55
98
-1
-75
-4
78
9
81
-23
41
-64
6
58
-40
30
-98
-55
-15
11
-18
82
5
88
34
-8
49
52
-114
52
-9
37
-18
-66
21
-46
-10
8
-109
79
69
1
0
79
92
110
46
-127
29
-56
-5
-24
-27
-95
-21
-55
71
-50
-81
-147
-29
23
11
54
16
48
-44
-64
-69
-13
119
-5
-115
-29
43
78
-41
-21
66
-32
-54
-146
13
-91
12
11
23
-34
-76
57
-103
49
-46
-29
41
27
34
5
56
-47
-75
69
4
106
25
-19
45
-3
-32
-23
-96
-26
29
-32
49
50
-54
-15
18
-69
-108
-71
-29
38
19
-42
-7
-21
6
79
-57
2
16
-71
181
-48
127
-22
55
-85
-57
44
-15
43
-77
-97
-3
7
2
12
-26
-74
-13
23
-102
58
34
-121
-32
-122
43
-31
-90
-16
38
-78
-95
28
104
-43
-52
11
-66
132
-28
46
-2
29
-54
101
65
-25
-89
-22
30
-9
-48
94
21
-89
-6
-20
37
11
-26
-29
88
98
-43
-60
-2
-80
-201
-56
7
8
104
66
1
73
10
118
121
-84
125
-57
23
39
-86
-83
59
48
46
49
-62
-9
-56
42
18
-79
30
79
61
84
17
-10
37
29
61
95
-9
92
82
22
26
45
-5
-69
-33
-63
-92
-114
-24
15
42
-20
109
-30
27
47
46
-17
68
-18
