29 67 529
0 15
0 24
1 1
1 12
1 15
2 1
3 2
3 6
3 10
3 14
3 15
3 20
3 23
3 27
4 6
4 14
4 17
5 16
5 23
6 5
6 23
7 22
8 5
9 11
9 15
9 22
10 14
10 25
10 26
12 1
12 5
12 14
12 16
12 17
12 20
13 0
13 22
14 4
14 25
17 6
17 12
18 0
18 17
18 26
19 8
19 12
20 9
21 16
21 24
22 14
23 11
23 12
24 1
24 4
25 2
25 9
25 18
25 20
25 21
26 9
27 0
27 9
27 23
27 24
27 27
28 20
28 22
3
64
59
57
42
28
4
18
33
60
7
46
20
32
1
44
51
52
31
9
65
22
21
11
5
39
54
55
63
29
38
19
8
61
49
62
14
35
23
6
17
50
27
2
26
41
13
12
47
16
34
66
45
37
0
58
15
56
25
43
36
40
48
53
10
30
24
-813
94
37
-916
149
942
988
-544
207
474
353
-268
-354
684
-742
687
-212
-172
159
285
673
355
-31
222
-580
753
-935
369
-218
-566
-172
-4
145
95
-41
51
14
332
269
266
-18
397
533
-904
948
-18
-697
-490
-262
-1055
-98
422
79
-1
227
-567
86
-638
254
-185
-195
-1276
-1067
-73
-174
-456
-508
251
218
38
56
513
-188
1096
-12
191
-95
542
-66
-562
492
1006
710
322
219
157
-857
-186
263
-16
655
-248
957
-999
-393
622
394
-430
375
-6
43
-296
-83
640
507
-939
390
395
-354
489
952
575
516
81
-885
115
-31
641
-626
195
-237
-856
359
-28
-556
465
-742
987
-629
21
272
-232
-388
-320
-384
-82
-605
230
-135
233
452
-488
471
-442
-64
283
95
760
-407
-536
-786
125
449
266
-3
460
424
635
-649
-619
-228
-999
92
546
88
623
-635
802
51
-654
258
706
-1237
368
-50
-353
399
135
-416
50
-210
946
-852
541
399
-670
511
505
-329
174
307
477
656
-517
-450
1072
764
209
228
-623
1064
-193
136
997
-217
366
57
266
453
8
377
-420
-372
-424
-35
-67
1148
-1095
-40
-19
-311
-335
-357
-827
-258
-120
377
61
9
-186
404
647
-144
-441
-254
310
321
-990
-434
-206
159
-438
-239
664
-71
-762
-346
-512
-277
-1090
912
681
-672
655
330
-540
-1241
-207
356
-360
764
-77
17
-548
638
962
742
-705
323
1006
234
320
582
417
386
-336
499
-703
-338
319
-199
-249
-2
-845
-207
235
-67
349
671
-850
-1580
-102
-257
-495
-416
373
-417
-44
1261
446
458
46
-169
469
200
-368
-320
-485
-1047
529
-254
73
413
-516
1170
65
-121
252
84
-502
343
1402
-1019
76
-471
12
-461
668
-43
-185
784
381
47
-317
-827
-385
159
-582
713
-457
-552
-473
-107
613
-129
-403
-381
-208
-232
-186
181
111
243
-35
364
-687
-435
-109
-504
-292
19
-289
148
162
-107
540
548
683
-251
-68
284
-161
-26
-533
-169
475
431
-69
-593
-563
419
-52
-879
-1014
-27
-550
-45
-1
299
1412
45
517
-607
-578
124
-829
-436
557
115
62
-426
-273
-96
363
404
-361
78
-193
84
-630
0
41
207
826
305
480
441
-469
-5
-139
-220
33
238
-223
677
-263
637
-705
559
1169
790
-445
-782
515
-343
-170
-212
191
586
14
-144
-243
708
216
277
-161
361
28
211
-284
-793
-136
-475
677
279
-345
-817
381
-23
100
804
-264
608
-444
198
46
1296
112
-299
-184
158
-288
-817
881
-142
-873
0
-107
965
2
-220
224
-15
837
-397
-215
575
944
-732
-47
-813
669
-240
1283
11
555
290
612
-213
143
562
556
-310
-673
-1023
39
804
-457
816
-494
768
248
-366
1064
265
-664
276
18
517
-237
222
353
14
-261
344
682
-22
51
410
-310
846
411
255
-1171
-215
-357
-81
19
1251
-511
-352
436
-75
1259
435
-553
14
524
-287
303
-337
-90
147
-511
121
209
511
-540
80
351
-299
-521
449
-58
85
811
-530
398
-212
-63
286
273
-452
-139
-19
88
204
585
-256
236
-25
742
-277
174
-964
-178
37
-428
162
-380
-498
-1012
-105
-725
-340
-1041
-287
-202
-587
374
314
-1210
-589
-592
-1206
1330
-78
148
-788
213
217
-108
-503
-326
432
-695
269
2
-276
482
-415
84
-205
-188
724
89
-58
34
-171
-571
-657
35
468
-30
51
-273
-801
465
197
-284
831
-382
721
-194
-942
-56
850
483
516
306
-447
-38
167
181
-299
866
-356
871
-448
600
-735
-341
423
90
-159
-353
585
499
105
937
-311
-382
-793
-63
841
632
-1089
-48
577
247
163
-745
-762
1706
129
-524
55
-78
248
-46
-199
-326
524
-759
-455
-95
851
98
43
-1125
614
260
361
-380
175
124
227
-468
360
-801
-334
-49
-678
390
-443
-367
661
69
58
-273
75
-461
-251
-637
-91
-111
396
-146
472
314
564
-199
336
-591
1218
668
-144
484
81
99
-155
417
-620
418
-497
-32
892
250
-48
-28
374
528
636
-589
38
396
-551
-525
857
350
286
859
256
-296
281
-655
142
162
558
-780
-778
-263
981
-312
279
638
120
1043
219
695
-81
210
-396
-145
338
790
-180
-664
-229
-203
-491
559
-107
522
466
37
316
-440
-233
141
-268
-510
500
753
-377
-1010
-505
-494
434
-191
-60
83
-422
-310
-1196
324
-87
697
-576
930
593
506
280
85
161
-243
1080
427
55
-34
1194
192
-1217
897
615
509
263
510
-306
415
-585
-669
540
-464
556
-290
-9
-89
-414
154
772
-126
-37
324
17
-625
52
108
421
-986
-76
317
-874
14
-3
210
-159
-121
60
383
987
-82
-209
335
684
-745
-60
-92
52
152
-39
-24
-34
28
629
627
-928
-164
252
-38
35
145
296
6
-829
-483
-945
1359
234
-46
367
-426
-340
-130
-75
972
-140
-328
1084
-247
-462
482
-530
-1105
112
-833
-510
209
-114
785
698
-1021
1132
-457
-507
125
141
1162
508
-104
145
-125
3
568
199
267
-726
-13
-589
946
-155
764
-891
374
305
165
77
-907
100
-583
352
226
-424
569
708
-410
29
17
652
-599
388
-250
510
229
-149
311
101
-67
-272
834
11
-222
-749
196
-312
-248
-482
439
74
90
-609
168
800
-657
-604
-480
247
179
606
465
230
170
585
23
187
831
-959
448
-193
-126
-1112
193
-188
-348
-166
-307
-544
-484
577
-81
464
-363
-295
1263
-396
46
154
1175
531
536
452
153
-313
482
25
802
587
-187
429
-172
392
-855
800
206
766
-118
84
-4
-187
248
1551
571
-465
-564
36
264
154
122
987
524
32
-67
-310
-310
618
-68
-524
-478
-366
-639
-1241
-834
89
-60
525
-121
-736
-2
-232
-496
-460
740
-201
-122
744
307
1064
360
560
-743
-647
-1002
141
-275
113
-686
67
-137
838
-875
420
-505
976
-286
-976
-987
-389
282
132
-767
-21
-137
-875
-144
505
227
24
-254
-325
-480
1045
287
99
497
948
87
-166
-285
-1027
743
-263
-503
-137
-677
-405
-249
-453
-444
-718
372
-32
329
1361
658
177
37
-435
543
64
-124
450
377
-199
-268
26
-425
-719
594
-556
-299
-711
478
-6
-453
-148
162
642
165
82
563
629
293
-495
230
185
827
-572
783
-211
16
420
620
235
185
-845
717
484
-341
133
-324
955
-370
832
-1072
167
63
522
664
-28
544
-83
301
-388
-323
239
-98
289
-100
-310
-493
84
294
546
480
-769
-171
16
-49
581
-110
-385
-92
-946
-731
-470
486
671
-482
-461
730
-158
-426
357
514
-559
-1128
49
339
333
-296
70
-617
426
-398
7
-85
158
347
-1749
-146
-1137
-647
789
63
-310
-436
66
-107
372
76
258
1029
-447
-257
-488
-130
-243
212
24
446
-126
-369
97
-20
-185
273
695
-546
-684
286
532
-829
-195
62
-571
542
830
-888
346
643
-148
271
-240
-196
1566
-276
-235
45
135
-246
-59
325
-178
-11
257
-217
-58
-201
-1193
-739
330
193
-25
136
136
714
-1267
-678
661
-427
-144
-934
-201
-420
-1002
455
193
-349
77
-613
173
-586
24
-606
612
187
87
312
672
-1432
-363
890
-207
-371
-1229
199
-659
-640
-235
21
-406
455
-195
1347
-111
-66
-71
457
-43
-864
407
56
72
650
-889
570
-352
-1115
-680
-353
224
292
-70
-595
35
-812
-213
140
-477
-449
-249
-362
-856
112
282
-177
-146
392
407
-50
-308
388
366
-194
248
107
9
-266
-221
834
112
140
136
661
311
-47
379
-664
852
287
77
-712
31
629
717
255
-393
-899
-157
-737
528
-39
-155
314
-5
-538
14
-67
-301
417
290
488
-353
-94
-291
-808
157
126
-77
-1115
281
540
-586
490
-152
123
-1006
591
-127
-278
-172
-183
-724
-542
0
583
7
628
-683
9
511
677
-245
-489
-370
-259
647
-336
-702
-332
289
488
-156
-439
-349
-574
-469
327
-167
270
-98
-206
-310
-734
-370
-485
444
1136
-429
86
-662
-9
339
-1095
225
48
173
-759
655
354
325
-126
232
-389
170
101
-454
191
-209
465
528
-261
335
-86
-269
873
10
-666
64
2
432
514
663
3
-231
117
-1128
-563
-45
-672
570
-1042
-687
237
480
-680
26
-127
-104
-139
331
255
501
-369
-287
379
-814
634
259
684
115
-985
287
-109
-228
851
-144
480
394
-522
370
-269
333
319
149
-698
127
-907
870
-175
-145
527
106
-102
-196
-124
295
-748
1151
670
-567
-460
-504
325
-142
-1030
-8
80
960
-85
-18
-164
-344
35
-1049
-239
-469
399
-29
-852
269
-425
365
869
102
-255
174
680
-358
-184
138
-1020
-857
33
1263
661
-787
-612
-352
-580
374
-285
751
459
1091
-45
652
627
382
457
-753
-565
1437
-445
677
-199
647
-260
-501
802
-134
-588
-150
-359
284
1063
385
-507
343
-164
-91
-1219
565
-524
-848
-524
-626
-625
129
993
178
-389
-754
-407
458
324
159
-794
-205
557
492
57
-113
-74
-354
608
-553
217
217
226
777
-529
125
803
-233
1087
-72
136
942
-296
-133
-657
-366
-253
-623
-736
467
-532
282
906
475
192
-854
670
282
270
-233
-743
-311
-479
-12
-495
-288
1446
749
-321
-7
-703
373
301
355
-706
-319
675
-238
220
-364
341
-143
-36
180
-629
-225
1056
496
-416
105
-282
-7
-21
18
-815
-705
180
-803
324
373
240
-1189
452
-577
-1005
150
-218
1465
-54
120
-259
604
162
798
-247
-643
362
361
47
23
479
-180
-29
1387
822
-267
-136
-220
671
-579
245
1063
691
273
417
-77
415
-271
-44
298
844
-460
471
-119
-1093
-199
171
743
-427
-534
810
48
-770
-158
186
123
-136
410
291
219
471
262
351
-280
-391
-1184
338
381
91
344
-439
-568
-860
775
631
1078
-234
-709
-157
792
502
-153
593
106
-733
-318
394
-1061
-203
-197
1087
403
-265
-961
-687
426
734
-680
-33
258
127
-254
-59
-492
111
548
227
241
372
-131
-432
115
-365
382
-166
-249
165
-29
496
-543
-39
326
409
-871
-145
-201
-201
31
-889
82
-868
-171
-448
218
-325
-275
300
-528
464
361
498
-664
-324
-165
-719
-289
501
617
127
-816
870
638
95
591
373
-293
216
182
929
706
516
-113
517
439
-414
-126
-463
328
-822
-562
-781
-131
586
-1317
-10
448
259
-270
70
208
-481
-1040
15
-567
-194
-98
-313
570
408
-108
-80
-505
84
-739
-406
125
733
170
-405
393
460
-27
-416
-1076
387
193
-617
109
521
224
498
-503
394
78
-745
-390
227
-383
218
240
-173
-896
-925
-636
362
912
415
31
-642
437
-511
-138
-1042
350
522
436
72
-401
224
-452
-393
-56
-8
-22
949
-450
352
854
-918
-134
205
444
259
-445
-515
-92
188
-52
144
-14
-1103
709
-606
-1145
-35
-187
769
74
-522
-135
828
-350
1065
-928
695
254
1284
849
-320
660
-895
290
343
-1181
52
-241
208
-40
-573
-977
251
-891
-34
-251
87
-254
375
-24
794
300
-397
-812
-95
398
-106
652
123
-824
-333
839
723
111
-8
-124
474
247
359
89
-102
205
-374
237
-1220
-234
-626
-1048
-256
1054
-99
-223
811
-24
-551
-584
359
270
-250
-268
-457
463
-400
28
31
543
-429
133
508
-141
987
-614
-18
-665
44
217
-729
-297
75
-937
823
170
-96
-462
707
215
-646
-238
488
-479
236
16
501
-553
124
968
781
-550
-584
-279
142
-764
49
-159
-1263
-840
75
-449
-611
318
294
-208
-48
-821
310
644
-781
-121
268
-296
-151
154
1
1229
-337
-339
-414
21
654
-516
1252
531
-33
1306
-698
85
-1345
485
349
-477
-660
388
99
-14
154
-1201
396
21
672
74
733
-610
29
-321
239
522
-336
-907
-307
18
186
29
730
-4
360
-698
400
-114
76
458
56
165
-906
136
145
-412
49
968
-675
-608
41
-721
530
-476
448
-962
158
404
-161
-559
352
-908
-645
354
-402
205
24
-581
-193
48
104
20
1377
-277
-447
1379
38
-678
501
-447
651
241
-372
20
-318
-318
-497
-708
-243
94
-837
-344
166
-1124
-408
211
740
-163
-70
849
-298
635
549
749
775
180
65
51
-86
602
-188
51
210
-547
478
-788
-265
-21
-494
-351
-178
1363
459
1156
160
-141
512
455
78
160
961
-114
224
-300
238
767
-511
801
324
11
378
-46
444
-499
-254
-114
902
453
-641
30
-73
457
-97
158
-198
776
245
-163
-321
-64
114
-81
-219
-779
-703
819
198
723
-393
-394
-178
-546
674
552
733
-718
398
814
51
-98
-450
648
354
1038
-344
70
80
-714
-548
-566
-82
24
901
1317
-629
129
664
129
19
606
31
-528
536
-72
-391
-45
-536
462
79
398
344
-109
987
553
-704
599
-678
-850
221
-237
239
199
-341
-444
331
313
-94
815
-852
-948
-546
66
131
-227
29
-517
-476
-141
-443
669
-643
35
-72
-819
106
413
-402
-732
-49
346
254
-496
280
511
415
-227
-1000
280
84
-723
278
-1578
-233
-150
-1053
-382
502
-934
668
361
125
-1107
-247
-637
-56
-256
-107
-551
346
456
-477
347
-543
-18
447
461
-775
-494
-118
-134
-703
288
-177
20
-136
-601
258
672
-3
-453
117
-229
679
202
656
-125
-790
256
-8
31
-227
72
-827
15
449
-184
821
537
99
520
-493
359
-566
159
674
740
679
-479
164
-889
217
722
1143
-389
-112
1006
592
28
74
1069
-471
-815
-173
683
-663
-455
324
374
-256
-589
-820
-79
-492
600
-4
-165
213
-340
481
539
-617
-456
31
-766
584
-23
54
-265
655
-834
-298
-481
124
199
-72
-127
-500
-96
-229
404
377
350
621
-459
51
-428
-498
-263
1007
-260
144
-336
-105
281
-1423
-409
352
-801
-677
463
-167
468
-397
238
4
-111
582
349
-269
-181
-603
24
-157
-247
-293
53
-37
-657
-5
-529
25
-347
-368
-654
-865
-540
-820
-216
239
-345
64
-557
481
382
-508
492
-709
-663
227
-394
647
-355
-676
-35
678
-439
1070
562
271
278
557
-396
772
-247
170
671
-434
-199
513
-297
545
50
139
125
413
103
18
-243
397
83
161
276
-560
150
96
149
514
111
-624
-56
-95
40
-539
-352
182
-462
476
526
481
-51
-598
-764
182
693
6
-493
-351
-817
-523
-492
-660
-721
1
131
187
143
-314
393
-208
189
68
-1319
70
252
-290
-821
-717
-39
-585
648
-550
-302
-102
483
-304
-510
182
803
66
484
-106
-11
727
91
-55
-205
-178
-20
14
861
467
86
941
-45
-31
65
828
-457
-212
-602
167
-14
333
638
-3
-139
-659
557
174
482
354
-507
-232
565
-1523
223
-227
-205
-309
819
-440
121
140
370
-6
63
24
624
-1149
2
-44
-376
699
790
304
-600
205
511
23
28
275
309
-122
-483
650
1040
556
660
-1242
-250
237
557
228
29
530
365
-165
580
1502
-524
562
404
-219
1075
-721
481
637
66
-245
285
-177
-372
75
423
-143
572
-924
590
-2
-951
-437
962
324
-604
-110
-451
-146
79
315
-22
-65
488
5
-679
316
503
10
-357
994
911
592
235
-123
-325
67
445
-138
35
669
1109
145
342
211
-139
-227
-189
403
350
230
209
-730
818
-211
323
1126
701
1086
86
800
529
-21
45
290
-145
-503
-354
96
-94
-480
-575
1138
498
-895
-6
-696
640
-620
-380
729
117
361
381
-315
-60
-497
297
463
90
380
-821
365
-368
188
63
-695
-221
-23
143
39
-669
-380
-242
-707
300
561
-17
-301
294
420
-152
283
-449
60
-7
38
319
-575
289
86
714
913
18
130
779
193
8
-143
617
1005
91
81
-123
943
364
-733
1386
556
-120
-549
-245
108
1124
-472
-158
-831
531
-877
-142
-820
536
155
-65
175
-150
968
659
231
-728
-147
706
-188
694
-896
-185
502
-679
468
-304
694
-1325
50
89
838
1222
44
677
74
110
165
126
492
397
-158
483
-1100
48
-870
-78
200
-228
-351
-356
-388
-325
432
-5
418
-232
524
483
-1169
-787
565
342
96
-230
141
-730
55
-428
40
18
773
-7
47
-209
-702
78
-8
264
121
458
712
363
-411
215
265
-123
-813
-475
1094
56
-456
528
673
-114
857
-458
-285
672
-183
459
-239
-8
-227
658
46
439
600
1187
250
314
-125
892
408
367
-314
-32
232
1011
-1136
-128
403
564
-1120
111
321
-134
32
298
-548
-49
-632
169
-18
593
-129
667
94
-10
-818
-652
-621
-141
599
-534
-326
-294
-44
607
-1020
-522
-229
-206
69
420
25
880
-14
-330
379
-120
344
61
-666
-713
253
-718
-285
-123
125
891
328
-397
176
339
-455
97
413
154
226
-393
-969
1
-471
-26
96
-236
-12
-33
127
-663
185
163
-195
-140
-315
76
-782
631
-404
94
240
-261
117
470
-155
-741
40
-215
655
-157
834
133
930
-243
502
-296
259
286
242
-1205
338
-211
-820
507
-453
878
-306
-356
521
-337
-491
354
633
-766
-974
101
-477
72
-476
-57
1395
-318
304
49
49
48
-273
17
-819
16
80
-104
-703
295
-731
-180
-241
-892
-302
-551
-725
110
827
-339
-1318
481
36
311
-54
209
314
808
938
37
-725
-191
935
300
-327
341
333
154
234
66
-892
-6
412
681
572
675
-266
-252
-1171
-1539
533
-309
-277
-714
-7
-683
-826
-223
-48
221
-32
-731
303
421
67
-31
-221
185
386
-148
196
-1264
548
352
12
459
260
1005
208
629
-434
106
699
-178
564
477
1292
976
50
-45
731
49
-277
834
-629
-13
-100
-213
-169
-440
175
-647
-30
-550
370
-89
438
-17
-572
62
-683
-146
395
-755
-453
380
-235
-483
75
-359
-50
-457
-781
30
368
455
0
63
-387
380
744
287
1026
172
-97
641
372
-11
-263
775
237
-360
370
272
-418
656
-521
29
379
1005
-226
-460
-422
-701
56
-283
604
-105
712
277
5
732
298
-46
45
-17
166
-463
-247
303
900
-501
-145
343
-492
506
300
85
0
-160
-174
-111
-585
-539
2
-96
-82
93
326
511
-419
169
-310
-394
118
257
-92
-329
543
-50
-305
-429
-564
258
-221
380
160
-1317
-130
345
-104
72
-317
309
-355
761
129
47
1267
431
-26
-1169
-15
799
421
-1094
739
495
659
457
465
-460
-576
400
-597
423
-330
-492
1138
-35
814
163
193
-831
-399
445
-545
6
861
-370
-535
-89
653
370
301
-390
-134
-1237
-838
-19
589
-503
-231
451
166
-74
232
144
682
-35
-964
-279
1011
885
-683
1023
261
-291
-755
-231
496
245
321
160
-445
-509
-55
-541
605
284
691
306
107
-658
944
-22
298
-484
-283
-798
-518
775
300
534
311
-123
-70
-426
79
-741
-735
-12
-520
-354
483
-43
783
-46
-320
-247
-335
666
986
317
-411
475
-1190
661
11
814
164
-485
503
-132
363
1109
-242
-59
889
181
-719
-725
233
735
-198
-392
837
-454
-77
382
-628
555
-259
54
510
870
209
672
-320
460
1282
-447
678
313
614
-182
-1169
-140
-329
-2
-259
-175
-60
237
-221
-102
534
-239
-108
-375
418
-86
352
-232
-362
-162
192
393
-606
-192
-19
734
253
-296
187
88
-1017
76
78
-362
-448
347
-225
-1062
783
502
524
-44
-369
92
410
36
-705
413
143
1150
72
-402
-413
-621
478
-566
-1030
-1297
1267
-1229
570
-342
-703
83
-276
680
-280
314
-289
161
283
-335
-335
-528
-829
-228
185
-588
-394
815
-270
61
360
-1263
-737
508
-216
-1
-591
-211
-34
458
1274
-206
150
256
72
-232
212
-178
62
317
-1
525
-152
-862
189
78
-339
-48
-171
-686
623
185
-12
728
-362
326
-326
105
-198
-448
-746
-314
1206
-210
-476
-300
229
-651
113
-60
-418
182
-237
875
518
646
-263
-423
-517
-343
737
589
-138
-1021
-164
559
512
28
181
-370
426
791
106
-149
829
-709
-1169
-571
-696
49
390
-172
-677
258
-229
-64
181
-821
-137
-1045
-480
-493
973
328
-126
65
-94
245
-756
142
-466
-245
-417
272
-698
201
68
-781
651
153
502
-752
325
-1039
166
190
824
-1030
487
456
627
-68
-644
-504
-349
-195
922
601
-270
-435
366
-494
-113
946
-178
623
-352
1044
-583
-344
-259
-576
40
-690
-316
-640
-228
415
-339
806
-733
201
476
-269
-79
-1291
-315
-463
201
575
-278
-54
317
-233
54
-1079
-313
-79
-202
770
-598
-497
-508
-244
326
994
-585
-600
901
411
-581
594
-99
-270
-530
369
-596
-1033
-413
718
-560
-1015
595
-350
-513
168
-317
-472
74
-639
105
-399
376
65
427
533
349
213
-112
280
875
396
-726
-41
-63
-194
-1306
434
-724
-438
-372
459
-155
-197
-662
-952
-1
239
-376
-414
320
-16
-289
74
-86
-322
874
-483
-1
-101
-945
221
202
-610
55
-613
28
-568
21
434
-458
-351
-378
111
610
71
868
-197
-724
510
265
-93
1024
483
355
-736
-644
-251
53
-229
406
1038
-537
512
278
44
-1118
343
-1211
460
-755
-434
150
161
-37
-137
-954
-333
-299
-397
43
100
-286
-415
364
-163
925
58
986
638
-7
874
-211
504
577
-330
977
230
227
-178
503
430
334
-194
43
-167
356
-35
-391
-355
-458
-1060
-803
194
424
-595
-335
-294
18
64
-275
158
793
54
640
-536
-559
157
3
140
67
304
618
296
244
-223
-3
-752
512
-264
1222
-767
-454
-251
-26
-673
98
-136
-765
463
482
-79
-710
-322
-469
-495
-409
-355
514
-15
336
240
-1026
-265
-692
26
501
32
1150
166
173
645
200
-795
-56
-281
-369
231
483
-61
-123
598
-876
-16
-560
-205
-574
-204
-288
-529
-149
258
318
442
897
-701
16
-398
-597
-210
-1173
-346
-649
504
340
745
439
1234
-282
-344
-390
202
-302
-768
1012
-271
590
-1315
-946
-272
-892
681
206
1010
500
-186
536
1220
-693
5
-392
571
480
187
-840
123
-547
1102
-523
97
315
260
-1317
184
145
151
-82
-296
-654
-55
348
53
-298
284
-433
46
-452
198
-381
-127
-365
-487
-831
736
158
-282
-440
1090
410
391
-657
-641
-454
-552
-441
256
-641
-726
522
-1469
-434
853
564
-456
161
704
-96
-4
-603
-107
91
92
-47
-466
1
454
84
378
229
242
-85
219
-350
-673
63
-1173
134
-54
-475
-437
46
26
-179
-413
-610
-211
-1081
-68
-813
-1162
-32
816
-195
563
-79
899
-525
-597
-223
127
274
-931
110
-116
-683
808
268
-78
-242
-211
-178
-244
-944
1051
-45
670
-119
469
-763
22
96
-361
-127
-263
-384
226
-17
-355
238
-18
496
409
765
402
913
-256
174
-298
698
529
-422
18
-440
-160
-315
317
906
463
432
-245
-250
550
1039
487
-592
149
211
1203
372
258
-839
-170
-54
936
-339
-408
465
-767
-668
109
1106
-375
534
651
-192
575
-304
73
-703
-34
-427
1095
-34
198
-537
142
-657
203
395
-47
413
-439
366
-366
237
-458
433
121
71
-64
-447
616
-68
71
-856
295
-295
-67
-475
-914
206
-262
-190
-729
189
821
-363
-576
-805
-140
-403
712
663
-120
-451
8
104
1553
-550
-581
-1175
290
234
-143
578
-546
456
-7
-1088
150
21
332
-423
305
416
-513
119
219
66
205
-286
410
-413
-169
98
810
-289
-566
1370
-240
44
-141
-16
-481
138
820
-72
-105
-794
863
-978
57
-140
-82
302
21
706
-54
-3
712
835
-175
368
-301
-92
507
285
-724
286
141
327
-1222
553
-351
-680
-423
133
495
-19
616
-82
-56
-822
-79
587
337
150
-324
520
522
252
-326
105
1
-109
-556
-119
-358
14
-408
-626
-532
126
362
-568
-72
622
364
99
-712
581
-340
172
-427
652
-241
-830
-27
-351
723
602
-63
-89
-576
-267
920
-188
-490
847
-250
333
286
-790
-82
-535
-608
146
-770
-459
-693
510
398
-419
59
832
123
411
-126
-321
323
122
-345
-711
730
791
603
397
-85
-337
305
-677
18
-215
-648
51
712
-839
-132
-524
-1165
-522
962
311
-619
-272
-89
1540
126
60
333
120
602
1241
-625
659
17
-194
424
507
135
651
86
-603
-707
224
-792
296
16
824
33
-784
-66
370
127
321
436
-441
-273
-939
-247
117
3
452
760
-1670
883
-382
-643
-1068
209
940
-344
-139
1025
-562
827
239
288
57
-27
577
-651
-266
191
381
-902
-676
517
637
322
315
409
41
-243
-9
815
-415
383
-192
-86
-685
235
-225
17
140
-524
1226
639
306
-511
-694
151
864
-12
-242
438
80
-942
-48
-244
388
844
-180
2
371
-93
351
-104
-421
-436
358
-503
-266
-790
254
1084
-229
735
-284
-544
472
-389
482
-708
471
-764
-417
176
559
717
612
-699
132
293
92
620
-3
437
1370
-417
817
632
-22
153
434
10
434
1004
372
-568
-138
847
100
-408
158
-336
473
7
-11
-399
-1042
476
-9
-120
-521
281
-120
813
402
290
115
144
530
-272
354
-302
-603
290
429
231
560
-452
587
-256
917
512
546
394
-441
635
33
-406
-197
-155
-15
-156
-430
123
-118
13
80
-376
620
294
-327
-186
-186
1065
-172
-232
692
-110
-373
665
423
736
-132
-352
-1030
172
-749
-39
1037
-580
-1040
-290
-188
-189
496
185
275
1411
-1246
-153
-657
-779
112
-733
16
1392
416
-796
-896
867
-289
135
-201
-225
-295
-552
32
28
443
-88
-215
-62
-90
171
461
-58
-88
494
517
106
996
343
2
609
118
389
154
-585
1273
-712
158
332
21
-562
60
-51
1001
-1212
-79
-239
-4
-441
-382
-152
205
-519
956
-225
-353
297
-1014
109
412
-634
874
113
548
257
458
118
-293
-71
659
516
-9
-744
490
-137
-1573
-463
-508
47
-863
195
558
-867
116
181
487
637
402
345
-751
113
712
-529
601
-942
-530
-343
59
-110
211
11
178
648
281
53
616
256
409
-605
-39
-23
96
-101
535
474
-234
283
-213
-275
-659
522
-458
-166
239
62
-434
393
-362
-72
138
224
539
-1175
-353
6
311
433
152
263
270
355
16
310
-148
802
-329
450
-379
494
228
92
-203
-823
-299
202
281
-1236
147
-480
-466
-115
-178
-1172
483
68
931
216
-274
-125
-876
1339
-177
145
-939
-583
269
-711
600
388
616
115
-18
-291
-579
-1092
339
-355
193
22
-90
-485
15
391
-444
-97
124
807
259
91
549
675
-344
-273
-329
-1289
-34
-431
163
0
513
-300
188
-71
-87
-1
813
177
-472
704
-630
619
373
632
504
-56
329
363
-155
-461
-693
80
725
236
-956
-337
242
-417
145
-283
1132
249
-566
646
99
-469
201
549
207
217
418
464
1406
276
94
-591
288
80
219
-390
219
765
1039
-53
-526
204
-214
-236
-883
-406
294
311
-786
-118
-133
-484
14
-550
-202
1277
563
550
-155
-530
507
-385
65
626
-469
592
-988
-20
-85
-429
-75
-1302
-152
-325
91
-111
254
359
-992
-212
-222
162
268
132
224
-68
976
102
-722
811
924
-164
-537
773
-139
-1525
26
-56
-486
122
-720
-400
-544
314
181
-575
557
-700
-322
397
-241
431
-99
-282
-1008
-132
12
-28
1113
-160
-507
500
-270
-892
-238
-121
1028
672
-559
-406
-928
-288
767
-951
-1300
-546
-385
-456
-60
663
-60
-169
374
-883
-450
-614
356
375
-864
-105
238
-197
366
705
-863
240
-543
32
312
358
163
-769
51
385
235
207
1033
495
-428
-451
484
-937
319
634
-195
228
295
-389
644
632
205
-615
-659
-61
-397
-153
19
-253
-409
12
-388
-761
-539
-325
-940
317
404
318
-158
281
-59
-355
482
915
-936
-509
-69
390
270
-417
-78
58
942
499
428
1013
916
384
127
-660
-369
-89
589
316
-472
-358
643
-350
-361
-480
612
-389
-704
-897
306
-907
-461
1317
-564
-756
-573
857
-453
-980
-292
-120
-88
-427
90
339
-398
-34
207
-275
-97
-880
-372
-279
562
-172
933
-664
-221
706
-507
44
-413
-169
406
181
6
419
1
403
-189
-3
840
27
238
-500
-78
265
430
-390
300
120
370
417
40
342
389
143
346
-3
-923
-1044
-339
-118
-485
360
444
250
-350
-269
310
472
-156
328
201
-1
441
32
-495
-817
157
-504
132
332
48
-76
-80
-721
1520
11
-396
-68
-69
1156
301
-296
745
-766
392
-515
-240
-294
32
-159
167
273
-54
146
258
242
-112
-614
-467
-916
-567
177
-403
-29
-831
1175
-377
-503
-418
-320
-704
-366
-221
130
29
62
-247
167
306
-259
95
-410
-343
-454
38
60
-336
-308
147
62
672
520
-74
544
836
-192
739
-302
276
418
-876
-294
-391
344
182
88
79
281
202
510
-103
58
-516
437
632
529
162
-397
176
9
-879
793
-147
-233
-382
78
698
-19
-48
54
-206
510
-188
-720
28
-294
-888
-168
-240
988
-298
-523
276
1175
289
697
426
-111
-84
-149
-1464
20
-867
-336
-147
-1035
206
76
408
-1279
906
441
-433
313
-234
166
-618
473
-247
472
-50
-137
422
76
-244
254
-339
17
-774
380
-533
-212
-607
46
-732
733
506
-44
-122
-790
72
-642
695
102
-119
-303
-150
921
-585
21
531
542
837
164
685
817
-1390
518
28
29
-135
-651
-391
-199
905
-94
303
333
-447
-522
-513
-76
52
-510
-127
-128
-640
-45
-4
-200
1151
393
312
698
668
62
-361
498
-134
-253
-98
69
-299
557
-99
265
-282
-303
-271
-920
-777
764
-295
672
-861
602
-578
15
-822
-135
506
659
-472
-392
269
-76
340
303
260
-290
750
-67
509
-1210
-39
-379
563
1598
544
410
-167
84
-627
-469
136
-201
442
448
-611
-1179
-323
281
431
65
135
-22
115
110
441
482
685
37
596
-100
598
-665
-263
-1131
241
-148
615
114
881
436
491
-319
543
-288
-488
69
337
236
470
-398
-428
333
-308
-40
64
-639
-196
140
889
638
194
-319
-299
-475
-54
756
251
-501
256
-768
340
99
693
-511
-218
916
316
-359
-201
731
63
-200
-41
-57
-743
1157
-413
-281
-78
697
1000
-164
-672
377
-73
884
240
-459
-406
-184
432
262
278
-488
-207
76
408
439
241
102
-432
-721
-28
-185
-1199
-834
-154
279
-111
-1084
-18
-183
-345
374
-504
-815
175
274
-321
1151
1027
0
-195
-582
-763
-368
374
379
668
1625
-921
232
355
11
-190
55
138
684
-115
369
912
-296
-204
447
707
64
-293
894
-415
44
120
-973
-398
1206
-205
59
-727
92
291
-802
-1277
-288
663
-89
-265
70
413
-941
22
-560
611
219
67
-615
-332
-127
126
-230
-363
-1375
-59
411
402
-183
534
449
472
-44
136
-830
-44
-334
-21
175
335
724
181
-248
65
123
247
81
341
917
-701
-832
324
-231
-67
-444
150
-307
-660
-256
-751
1078
-381
1032
-784
-283
-475
-327
888
64
-705
158
-15
-374
568
477
-598
720
-511
711
1146
-122
503
284
438
995
-175
-39
-88
96
93
-321
-660
-421
611
389
378
146
-227
-455
160
569
171
-852
-592
338
276
-462
-485
347
693
1374
563
-1023
-111
-1150
1379
-240
-402
387
-187
442
-524
-652
565
-66
1297
989
-643
-355
521
1415
-803
-128
-258
-28
44
959
971
106
835
-479
-650
426
-216
103
-546
-207
-228
-337
272
384
2
36
832
33
813
171
-1166
6
366
559
-458
-396
290
-518
697
-325
188
-111
216
-830
-247
145
619
892
-229
-187
-1133
-285
1019
-253
2
-484
-29
-645
-292
-346
232
193
479
-845
-332
656
134
425
577
227
134
-70
290
172
-37
165
428
-708
231
-569
-53
83
773
345
1377
121
-479
-79
-615
-617
-251
402
-54
299
554
-646
-806
-427
459
517
-52
478
208
369
357
125
-97
532
3
365
529
-541
-137
316
221
-343
162
308
581
482
-823
621
153
-19
-775
-433
-837
-203
-507
160
-491
685
-1119
-122
191
-628
-165
641
-480
445
-217
483
-460
-359
-1097
1158
511
293
494
73
-340
859
240
-218
-886
-672
-1064
-573
-78
-293
245
126
-758
-346
-194
-309
-194
231
-373
114
-501
1104
-217
-431
259
-1185
-434
435
-330
133
327
629
-551
-1367
405
567
-208
111
-412
-41
124
1034
118
-635
192
804
-5
-378
569
-197
94
-32
186
919
630
189
260
222
143
-402
-90
-630
647
1260
138
-250
-440
114
-200
-712
80
-151
-131
516
1077
-262
375
-403
-159
-963
237
239
-317
697
-262
746
-221
38
-548
-243
941
392
-202
-396
94
-244
518
350
-163
103
-1041
139
-141
-276
359
304
-586
-1038
248
1370
235
-744
-659
339
-392
-417
169
77
488
585
476
-161
873
1220
-253
314
-93
-864
-78
515
183
225
-213
154
322
340
-1121
-64
-326
252
113
406
269
467
159
-382
-290
-148
137
15
17
311
932
-105
-144
1058
-927
-364
1157
589
-803
-5
-407
368
-275
-157
-456
-901
547
-408
-450
146
1101
-587
871
-237
266
-303
-431
-1377
-1144
825
877
336
349
131
-545
322
871
774
319
-342
459
-152
440
-1097
-7
-381
228
-679
-607
169
-172
-216
-395
440
42
156
-5
522
-116
221
605
-251
-112
647
-9
659
148
-195
603
307
88
240
359
124
360
-817
-738
427
-131
-323
-314
-212
-58
592
913
816
-330
-372
-1158
325
84
710
475
191
464
-20
135
-244
-30
-68
397
-245
256
417
453
-451
316
247
-197
-357
565
-22
1128
-183
84
-621
-579
1349
208
-573
-103
576
-218
367
-250
557
386
1249
62
1074
-175
-644
159
135
561
-29
859
295
-594
-647
-1186
167
311
-121
-117
729
-603
-173
-50
29
680
613
-451
73
-182
-371
-414
260
226
293
-144
396
248
598
97
-28
180
-234
-212
-405
802
104
-3
-41
94
-62
-169
494
-238
196
557
233
713
-343
-676
-845
-522
1058
-453
-1123
360
589
-1157
-454
-111
994
807
-646
-10
-808
-723
-105
-358
285
-672
-733
349
-332
-220
223
-184
-365
714
65
-960
-756
-6
85
-587
-348
-161
-258
157
-197
-36
66
-465
552
-99
-732
59
176
556
-180
-426
194
-341
-1069
-207
-620
-616
140
-137
-743
-393
45
469
197
-493
97
-307
-490
331
499
686
-591
-333
17
1286
40
292
-806
-1024
-895
-118
-741
-216
80
-368
810
445
244
1015
-113
14
791
-395
762
-469
611
511
-201
492
-753
51
286
-564
-240
483
97
1001
-353
396
-325
-427
-366
435
-211
734
-543
172
885
-263
-161
502
317
1213
661
533
-340
-266
172
-410
-779
-22
248
1006
776
-296
393
-23
-543
-228
-1152
444
-91
-287
-545
434
-477
-1461
611
-377
388
154
440
160
156
155
78
31
-645
245
90
577
868
-517
-118
829
-425
-186
-746
66
-84
-1040
-105
690
-646
103
704
1067
409
552
-272
840
59
855
-48
967
149
138
46
282
758
-776
-166
229
1153
-253
-291
262
1180
-48
-513
49
-399
370
-403
366
-412
-466
712
184
1031
-70
333
358
-1006
-686
-3
330
457
-126
-149
92
-348
193
546
-178
-144
41
511
319
170
778
-565
-1179
-333
-476
-176
248
-158
332
638
30
-524
15
640
-446
-33
251
-450
-60
-185
102
-1148
-297
541
-437
-282
-991
-153
302
200
-1270
192
170
1283
831
-1530
-101
551
-378
-318
-430
587
-392
1101
-771
712
-353
-201
286
-437
-860
742
-181
-1242
-125
-1075
-4
38
-489
-667
-315
511
-617
-321
105
571
-263
41
194
142
-483
-70
390
251
-1126
548
-280
431
127
736
823
49
-55
779
208
741
155
593
-68
-141
-547
1102
392
-88
46
572
-380
157
-85
455
602
-132
-40
38
-61
-696
-128
70
-743
-33
-602
215
-489
773
-546
21
-251
726
899
832
57
-265
611
-558
-507
387
-233
579
-79
-512
-287
744
-167
-566
444
-150
-202
-60
403
335
-173
-402
-490
-322
-551
-76
409
593
139
-1135
351
230
-417
-110
-388
-185
-396
-123
170
538
133
-333
680
-244
-800
-628
413
380
-52
-748
223
89
468
-112
-460
-586
-975
-14
392
-571
-141
-358
692
439
-359
-826
188
-369
-999
-564
115
443
485
789
39
367
686
1623
518
352
-363
12
845
-836
-1027
10
79
-445
354
640
-127
-874
-955
-157
236
-518
-750
-319
421
-187
-202
-730
-775
136
701
-593
-112
-372
162
219
-115
84
320
-688
-225
-262
955
-327
1048
-812
570
8
-816
3
519
270
40
602
9
-129
542
-28
-522
-438
-712
-403
61
642
826
236
116
738
-693
496
9
433
1155
-593
-629
-1139
-506
-297
760
1009
199
35
521
234
267
21
-65
849
-1037
288
91
377
759
-229
-625
-223
142
188
512
-378
-272
64
-438
176
550
-520
118
-173
-719
304
-382
107
606
-182
56
472
-324
-277
485
-77
890
138
-308
-475
-258
222
188
500
329
185
107
947
-1041
-24
-98
133
-417
43
599
-774
-1031
706
-62
478
-369
-427
599
-559
717
-920
409
507
-331
183
983
-100
-729
-16
780
-708
-56
-141
56
698
439
1191
257
51
165
642
191
-1031
-332
163
862
573
780
227
192
565
259
841
-306
-117
9
1151
-628
-735
-54
126
-567
-36
14
-475
395
561
253
-73
-98
-48
416
575
162
114
-170
-837
-297
-252
197
537
-399
-84
171
329
-678
-129
699
-27
607
4
1007
-139
-970
-370
28
81
406
-490
-625
1207
-533
254
-145
-432
241
-172
-862
-419
357
133
-108
-403
-461
-232
51
563
-628
-848
94
392
274
286
-118
-286
870
-407
454
611
-122
-361
-266
-554
-518
-867
-377
-9
901
-281
-158
75
147
-836
-267
333
-102
-34
278
-122
843
-321
-104
392
427
-276
346
104
175
-207
-474
-244
-282
-240
-274
281
-36
-511
189
-863
553
-10
219
5
-725
-228
-287
571
-460
-977
-109
920
-1201
-562
399
845
105
371
-487
632
286
-622
-368
-1131
-538
-224
397
-597
587
-1140
24
-202
132
-370
-405
-189
593
-587
958
252
-161
-447
-1001
710
573
227
57
478
333
447
371
311
423
-279
777
58
-1346
-513
-115
-443
603
-291
-997
234
-652
-351
100
1
-931
-786
-418
-303
106
341
-384
190
308
-193
-137
-292
691
-456
-1269
273
281
421
-52
556
133
94
59
356
384
-405
92
154
253
324
-45
482
166
-218
-1047
-890
21
557
-882
581
933
600
-634
-153
-116
521
896
569
293
570
-865
-212
-331
-113
27
-776
286
-18
-322
-196
-1064
23
194
-52
-174
-761
-211
49
117
-325
272
232
-671
-190
804
-275
-109
417
18
730
-19
-274
-222
91
-887
226
625
436
82
971
-423
199
651
476
-397
115
-302
-389
-154
-182
912
-242
-838
-204
268
-56
-214
-63
121
186
-753
-657
83
78
-1040
62
170
-244
-886
448
-597
385
-383
-526
-300
-700
270
-175
-759
11
-68
325
-556
646
388
697
669
-1080
178
456
611
261
-1
461
273
-517
79
-100
455
-764
421
11
-485
-307
-7
-948
240
868
-500
-1052
871
11
-629
59
199
-483
473
-449
251
-80
-768
188
585
113
-966
-90
276
718
172
-384
-557
-202
-571
-950
27
-214
779
-461
-192
764
1062
-746
-308
-266
-261
477
563
-832
223
-418
-430
439
-178
184
991
300
17
252
128
-432
-147
586
639
109
168
-364
402
660
920
-265
-377
-1101
-933
-125
-866
334
-759
-381
1382
966
482
242
137
-824
-307
-19
328
-738
705
-147
1018
-168
-87
-552
-752
-440
-810
-1141
860
442
-306
182
1086
569
780
404
-439
834
521
612
719
-1259
369
-307
-490
222
-141
-155
-383
-81
176
294
3
-1206
680
-748
292
309
427
64
162
631
655
629
-409
-609
53
-1560
289
753
74
-142
215
-142
229
197
-1159
590
-293
626
-3
479
-1847
265
-226
-313
128
-371
-219
-793
386
1102
-1228
-453
505
73
-328
-282
470
570
168
119
35
-25
366
105
-192
-498
-337
-249
-115
-457
861
555
321
258
-193
-726
-524
-521
631
-669
-123
-57
938
168
-341
-192
-217
249
-60
52
194
1341
572
-173
-315
765
49
-771
183
-528
60
-318
-273
-268
695
-846
134
444
665
-225
191
-43
777
-276
173
1242
-139
986
-210
52
239
-4
-821
536
-704
438
657
223
-1524
310
-206
264
455
-486
87
-171
1092
-608
-288
286
802
-354
30
148
-168
105
-18
-1089
-217
-414
-742
431
227
-178
-107
360
-665
231
-55
189
-41
-39
-708
120
-271
835
-174
-142
154
1153
-570
-329
-310
-316
49
595
-436
179
514
408
462
-383
-757
357
-399
-434
304
-280
90
1157
450
886
286
-92
576
432
824
413
535
394
-394
351
-140
1362
-145
-116
-1085
-639
-366
7
-357
26
-158
641
735
-641
-641
47
-379
236
406
-841
374
940
539
-574
109
-364
124
-223
-332
-480
880
-349
967
-10
220
-644
-149
1008
690
-542
-30
-486
305
397
-540
24
383
60
-714
-264
-367
63
284
356
-316
422
-35
594
-211
-388
-192
825
578
-14
381
-1469
-44
-622
324
921
174
154
209
769
-157
226
-1213
502
194
102
1169
653
-1081
530
187
357
532
-489
-20
339
740
102
-209
-386
257
25
-331
-1507
-366
-521
312
577
795
-1753
88
139
-252
217
-552
128
777
-233
-461
-488
-590
-18
-527
-79
988
45
615
-879
419
696
-652
107
-202
1202
-518
-844
-88
-412
251
-149
-314
544
116
903
76
196
-675
-450
-129
-239
231
224
-309
57
-720
-49
536
313
455
560
-278
-351
-609
255
353
-272
195
7
432
-295
-14
405
431
-475
-554
-120
-271
338
425
193
-465
-649
606
-190
612
-282
28
113
206
-1416
-700
-490
357
415
129
171
8
-515
-199
-376
438
-142
881
-198
-603
-738
-180
1270
-247
-1184
-439
276
515
357
-730
-164
-587
813
-720
412
-319
323
-193
-214
-973
-1129
-196
782
124
-950
-500
522
317
179
310
-37
1143
-669
0
-571
1043
101
625
1508
183
144
516
-321
901
702
-838
965
-86
-107
63
710
-46
557
179
-516
-319
-22
-1256
-333
-68
-1093
603
198
300
-1713
447
-67
-152
481
96
147
-325
337
591
288
365
534
1136
1
-12
205
331
295
205
237
739
-74
291
-634
-926
-569
93
411
834
962
-796
-865
-19
708
-859
71
502
151
505
702
-660
-585
24
-57
377
-126
561
454
-422
688
700
158
-321
-516
195
-383
159
23
887
629
-385
-1028
-505
125
356
-273
588
-569
-727
-478
226
-1193
462
-628
256
-849
326
751
961
266
89
-993
-141
-540
-87
269
-729
-239
-418
-167
101
572
309
743
1353
-267
460
-505
-299
-68
-390
303
510
500
-755
16
-51
-410
-972
-1648
281
-98
1037
628
1119
724
142
1251
-434
-641
-31
73
867
-651
382
-430
416
167
373
-454
1048
1092
14
40
-389
-375
275
-158
-189
288
108
54
-330
99
136
711
-1113
-275
279
6
-483
-718
-535
639
-816
-519
128
-172
-869
-9
-606
749
-321
-320
95
-114
-185
-1046
571
1146
-300
-593
97
529
373
88
-443
793
660
256
872
393
-365
-21
1274
-381
430
33
100
283
129
369
-79
547
102
-88
-257
-51
-78
367
-368
-908
-651
183
-1188
-363
131
602
-239
-266
470
-318
302
-321
116
-187
480
-7
485
727
-280
-95
-724
318
-345
-287
74
-334
-308
-340
-239
-2050
412
-70
431
219
349
426
384
36
60
-494
-900
-978
-351
-425
343
96
594
-463
-144
-596
279
-499
472
-756
461
-356
-30
195
-56
-31
603
0
366
-55
319
-338
-70
215
873
-475
162
203
148
-229
39
-148
-270
-552
-12
-244
-297
394
1390
463
859
-560
-312
192
-267
-223
-603
-20
-396
-299
307
-334
405
953
-188
126
-1166
-737
251
-97
-519
-395
459
-261
362
-162
-198
178
124
319
-204
-226
377
25
67
-704
-480
-372
-748
351
422
-718
306
-581
141
554
-979
761
334
-181
803
-117
247
113
-842
339
335
-442
-161
-50
-527
-1061
668
-75
325
-784
-335
-50
-225
-333
474
-489
-563
25
-761
-634
1332
772
689
-742
101
166
393
532
-543
-140
236
-266
187
225
320
-235
-448
197
343
157
-292
-324
742
-421
219
785
-363
-792
176
282
-478
600
-613
-674
56
284
410
-697
-327
331
-29
72
6
538
-606
-244
-327
269
-334
749
779
758
811
71
-140
-838
1197
-104
-103
155
307
-405
652
223
-423
562
150
-636
688
320
-196
1315
163
-464
-162
810
-191
781
-392
-676
428
515
518
-185
236
-610
-698
-657
-384
610
-557
386
109
969
-813
-113
137
298
-124
-295
-340
383
193
546
-145
846
266
-1123
-926
-61
-367
937
304
383
633
-1081
-267
-368
88
-650
364
-296
738
-383
248
-258
-423
-143
1295
828
-464
-462
-736
68
-86
-1043
218
-267
219
-41
133
559
-155
-161
-407
1139
-264
1407
157
-263
-38
-343
-330
182
-554
-709
-387
-394
-417
-565
-76
513
208
688
405
-150
-283
-170
707
-383
-80
12
-642
960
-884
-737
-254
-276
-8
153
1341
382
239
-95
-744
363
308
185
-496
288
-590
-83
322
601
569
-800
137
40
132
-15
383
192
-404
-1034
-110
-234
-848
531
-793
-68
-475
-58
115
803
-158
-25
1097
-4
295
137
1124
-816
262
-464
744
-26
77
457
227
-135
-666
528
-122
244
-445
-810
-588
172
-310
-567
434
344
-344
-28
657
103
132
879
145
96
-518
850
-111
-153
-95
541
333
524
-385
171
622
579
-234
-370
-301
-598
803
1466
43
441
-539
-499
357
-964
229
-1459
-967
694
140
314
190
-125
-126
575
320
261
664
-731
548
-383
292
-576
359
-286
-801
1055
-773
-146
-769
-144
55
393
-167
381
774
862
174
-473
-478
421
-88
-54
425
618
-1001
218
439
307
-413
273
-392
-7
-363
680
-339
-484
-643
-247
99
473
863
-22
-815
-149
-463
-364
685
-260
165
210
-886
846
-230
-381
186
629
169
-416
-155
-104
-332
-141
761
-153
-140
72
-956
-166
660
-115
-100
181
-793
499
878
-139
302
171
-365
320
-615
-134
-348
79
-597
-69
-532
351
316
291
213
879
-480
-648
267
-639
-17
-9
-799
-353
-331
-195
192
55
-76
-66
-10
-607
139
1193
977
446
-185
-169
188
339
136
94
251
-3
-288
1159
-486
-1278
-38
664
-306
-315
-590
-76
363
1403
-497
277
-450
50
-292
-443
-276
-610
443
587
244
-537
-443
309
-362
295
179
604
-202
1026
-1180
413
-515
-180
-801
249
-253
75
1010
55
231
1014
867
-400
567
444
-200
-306
446
16
-287
-769
158
85
-123
566
-146
513
-996
-773
-111
265
-285
-475
1764
132
-886
-132
317
-258
-409
249
-305
519
130
142
1412
458
278
-223
23
168
-227
15
436
526
-36
-261
-1332
-951
661
308
319
331
-178
580
-482
202
450
363
810
-400
72
834
599
-612
399
-323
46
-729
177
182
1032
-517
502
226
825
624
-648
-642
217
-364
432
-140
-888
909
-474
350
73
-578
-356
76
276
-412
547
-999
-36
-103
-214
-162
-47
708
-832
114
-942
-193
-229
-376
530
269
-784
254
160
1300
545
527
12
620
-261
106
729
497
290
-55
423
-143
-366
-150
-526
143
134
-690
-252
440
-283
-538
462
279
-278
-127
675
521
333
-262
-711
-286
-1418
141
480
-829
-266
745
78
-46
572
-111
549
-205
536
-503
214
321
-554
17
-582
358
-648
-940
319
-747
752
374
-131
-412
-158
-225
-272
396
301
-745
94
-432
357
-69
332
-426
545
-118
-8
15
-965
200
-484
424
-243
439
105
-775
-207
-42
-865
292
144
-300
470
823
-1262
131
578
-151
125
-196
422
245
-66
-389
-40
-890
-2
-342
-148
-204
559
-669
915
30
-110
-7
197
-522
-612
-797
215
913
333
-219
132
517
-242
90
127
-136
561
-89
-291
1158
-999
-77
-263
-773
572
372
1335
-71
619
-512
660
593
432
-534
-417
-406
-849
43
55
206
-510
-627
909
350
553
136
-592
125
354
-198
-202
-426
-541
-156
437
371
57
193
-214
498
1098
-714
-242
-213
-510
-560
1343
156
-1044
-259
-642
-977
90
-69
313
-471
111
553
36
194
523
135
652
117
716
-813
-151
-780
457
-818
-420
62
734
94
-433
-450
-250
576
-503
362
-192
220
-370
-313
-1186
413
-576
-100
162
-10
-803
-914
67
-1065
-340
-640
-105
773
-158
202
235
412
-238
-145
97
-1132
227
358
-476
903
-137
-9
-237
153
-125
1035
-52
-219
144
-176
-428
257
16
236
804
776
210
202
-415
-1418
-38
-316
-44
-271
71
47
-490
-77
-406
289
-785
221
72
-1684
-519
565
-158
274
-207
-321
-330
-742
-737
-93
-266
-244
-831
183
32
696
189
232
654
-632
640
-1022
323
617
-123
22
220
-221
-61
-87
474
848
-980
165
-791
-289
181
553
254
262
-268
393
1266
-31
170
483
-201
-305
-365
-265
-79
246
518
267
362
372
-922
462
619
-188
511
-429
-671
-914
96
-722
525
-552
-1
83
1511
480
621
-47
-12
259
-486
775
360
-49
-395
1056
-96
-359
433
-74
-121
-245
431
627
-556
937
-229
-323
-135
801
-579
-367
357
261
170
-258
-640
630
377
449
-695
615
-496
-200
339
-1035
977
-991
-311
-213
-437
-300
13
133
141
-376
905
-687
-287
-640
-275
-240
515
-70
-758
428
-293
974
-481
-543
951
-168
104
-247
43
637
-388
608
-179
-81
-983
-667
370
38
574
-434
444
1061
474
170
220
666
-578
-63
334
-259
-296
-53
308
-137
-441
-724
-443
244
-16
-733
446
127
790
291
155
606
-333
145
588
266
-431
-769
7
242
-658
131
43
-1370
622
-14
-156
-1055
-295
50
27
65
638
-573
307
496
-206
-96
-20
14
204
-37
-652
830
97
11
-457
-278
-92
-174
1023
667
1189
-594
-830
103
1082
85
-691
-157
319
418
1068
156
-403
-396
502
197
559
14
-285
-411
-79
84
-578
91
-117
30
567
-77
12
-456
909
-201
289
341
-5
-788
-320
-77
896
346
328
441
-16
-80
-235
250
1544
218
-125
607
112
1345
972
290
86
837
494
-1388
-458
-1339
691
172
-100
646
167
-102
-1192
-735
-193
-649
-140
-484
738
-218
358
779
1189
428
170
46
-116
-342
216
660
-337
526
443
-670
438
592
762
-295
192
-912
-374
-60
-544
49
287
319
972
608
-952
188
676
-310
-383
791
564
-399
462
-131
312
-202
321
87
-534
129
-181
-618
-114
-10
324
675
-290
-16
267
43
-248
-581
34
-44
-71
372
-282
-388
80
-368
151
-244
57
-71
-78
479
-1035
501
-426
418
208
-236
-88
-203
-426
-257
-577
206
-543
-448
363
516
-474
-363
-247
-410
17
-149
981
-110
81
-596
899
-411
-160
419
-439
-30
819
488
-86
-162
2
657
184
1015
-839
-474
430
-413
-1575
1025
171
899
-84
-59
322
-142
318
-376
-446
-168
-591
-461
881
-20
98
-1119
-316
-221
-542
-388
461
-311
459
191
-690
-316
-154
538
-661
253
168
-3
-202
-237
-169
-49
728
-545
-472
-368
917
-858
590
-282
-813
430
184
688
144
1217
-294
249
153
430
-28
-167
-43
-27
665
-50
-134
-224
817
1522
445
579
876
-332
-160
65
241
441
612
183
-832
-910
651
-453
234
683
-555
383
131
488
-948
-72
-655
429
323
668
301
-716
234
-57
-825
973
25
-912
-408
-95
-711
249
372
-501
-37
303
-174
-25
-972
-15
-723
-120
-590
-1289
546
49
67
-295
-131
0
112
-669
-381
1175
-580
749
776
-597
-5
141
-317
-26
556
71
-253
-431
-125
186
-790
579
186
-33
-175
-388
-817
114
-236
413
185
412
-262
118
-388
409
-729
230
45
-135
-47
-68
304
-696
-528
128
-115
-122
39
-256
-182
-34
2
-632
-133
91
774
-31
-98
354
1188
16
-225
-243
77
-369
-204
-87
-588
-307
503
145
314
-578
-101
281
-182
-1092
-690
-188
-115
189
-995
-53
-614
185
164
-589
-586
159
-104
-516
216
-428
346
290
-353
889
566
-142
894
428
423
-1518
160
20
-817
77
445
-579
42
-351
-1062
257
285
-214
266
-617
-186
24
-43
244
-235
279
-8
-417
740
-85
377
-139
-278
-360
-7
1092
-207
-109
-711
-60
92
74
916
-1170
327
266
439
357
-249
-169
-232
-580
277
-319
-312
681
1341
290
-261
801
-117
176
-185
23
-544
538
-301
203
137
372
-521
463
-644
-58
-578
192
303
53
-83
777
401
-822
-182
-336
512
783
1224
198
168
-274
-240
92
-345
400
-572
900
196
-792
-383
459
19
-159
-1169
995
-10
-396
-210
633
1027
150
-441
-155
-942
255
133
520
111
-576
-717
-360
-850
319
382
-687
-462
-864
337
-217
272
-731
-525
-618
-1051
357
-372
-305
983
-146
239
-362
-614
1046
-15
-722
-47
-524
216
-850
-583
-272
121
-153
-97
553
309
-71
284
416
-617
516
-766
942
-741
-594
501
-196
-279
-225
-514
606
769
-973
-282
244
478
307
-219
133
289
361
-53
633
652
-219
982
-59
-272
234
1173
-150
-176
80
31
597
235
125
835
87
353
-179
705
-575
-1115
329
-202
-225
-11
-36
381
-304
-202
-47
86
-3
238
261
-671
-1518
377
667
403
164
-278
293
102
-693
-471
-1622
-474
1094
-46
419
-96
460
-674
-347
-527
82
697
227
-253
93
-212
-2
-333
238
862
-257
-165
476
-366
153
-790
-80
551
433
612
190
-17
113
-340
-85
998
203
-154
326
-252
545
429
-1122
-578
-244
817
-157
-1020
-415
-134
424
209
152
245
476
567
-112
0
-658
515
762
-360
-479
316
154
757
487
-341
-681
98
102
-311
-438
562
-917
344
101
91
-24
-194
388
-255
1305
469
-905
-1018
596
-27
-687
-104
657
760
-742
316
844
-370
-380
598
698
504
-711
-203
-1255
-182
357
-482
2
1174
-340
-567
-132
603
312
-259
-227
-325
258
-185
181
-606
340
-438
-1190
201
-91
-663
-873
-678
183
-83
98
544
-465
1196
-385
-91
-134
-6
343
-723
690
179
160
995
-321
-319
-16
-141
-557
-345
-614
-747
-340
629
-249
-477
-302
-1
65
804
60
587
705
213
-250
77
-293
606
864
-414
-1236
-115
335
-37
626
48
-201
573
162
-402
-443
-344
-38
-460
-224
414
826
-9
122
-728
422
-219
557
-361
-404
-32
-227
-201
