11 86 441
0 0
0 1
0 2
0 6
0 7
0 10
1 0
1 1
1 3
1 4
1 5
1 6
1 7
1 9
2 1
2 2
2 4
2 6
2 7
2 8
2 9
2 10
3 0
3 2
3 4
3 5
3 6
3 7
3 8
3 9
3 10
4 0
4 1
4 2
4 5
4 6
4 7
4 8
4 9
5 0
5 1
5 2
5 3
5 4
5 8
5 9
5 10
6 0
6 1
6 2
6 3
6 5
6 6
6 9
7 0
7 2
7 3
7 5
7 6
7 8
7 10
8 1
8 2
8 3
8 4
8 5
8 7
8 10
9 0
9 1
9 2
9 3
9 5
9 6
9 7
9 8
9 10
10 0
10 1
10 2
10 3
10 4
10 6
10 7
10 8
10 9
60
29
34
76
0
10
81
46
33
63
15
80
25
78
43
67
22
73
37
52
70
31
3
50
75
79
44
16
5
85
40
77
38
4
1
47
17
9
36
41
74
42
72
59
2
49
55
35
58
6
84
57
65
56
7
48
45
27
32
71
51
69
20
21
23
82
19
24
68
12
11
53
66
26
8
28
18
83
14
61
39
13
54
64
62
30
-754
266
-441
-64
-106
-167
158
-191
932
178
-246
-245
-373
4
244
78
-609
54
-238
-146
-70
-99
206
422
-154
474
841
-532
433
-312
21
188
-272
232
93
24
-275
574
364
-194
-407
118
949
508
195
281
-991
890
151
275
-161
28
-210
331
580
305
698
488
-289
157
315
-344
-386
-173
-284
147
-303
695
369
-124
14
-513
190
-227
-1
196
518
-72
-374
475
-94
264
-315
111
-575
38
-412
-344
-7
-411
293
941
331
151
631
-2
-254
878
-635
222
-243
-1011
179
-1138
-120
771
592
-918
-583
-108
363
61
-90
-422
307
-952
-286
936
563
-439
-315
75
553
-631
-222
393
-47
239
1
-238
-545
555
313
-12
42
45
317
-75
-78
-682
286
144
-595
-455
-331
407
207
696
-716
-312
619
312
495
184
-271
-27
89
376
-364
-376
268
613
187
38
358
169
486
-988
-28
-342
63
-107
-744
506
-1
-390
142
337
-108
-694
-519
123
744
-288
-396
740
802
-373
-451
-611
-17
86
-350
527
-312
-18
-307
395
-368
-827
-659
-546
210
-343
-531
-125
361
-814
-24
276
-596
-731
398
99
765
-41
188
-120
-476
1111
-235
-401
674
131
424
137
315
-593
-205
215
-244
201
330
874
-922
252
-98
473
813
-940
568
-584
14
423
253
-181
387
565
-386
388
102
-373
611
-40
752
-578
20
441
85
35
-307
-95
220
126
-583
-136
151
184
-200
-310
-51
-384
-449
88
-772
-281
-254
662
-72
17
-179
205
159
-749
283
-657
-519
206
-1192
101
-731
-492
-165
233
-122
-744
142
102
-322
127
564
56
194
-45
254
-393
364
-260
43
20
366
408
-113
490
-486
43
557
1085
192
505
44
-812
113
-132
-160
475
602
-188
485
213
-182
-253
-294
49
113
-128
-73
34
-287
-359
223
-793
450
-153
281
-510
454
-96
-316
-792
803
-267
-114
181
1015
-485
360
763
-105
607
324
-440
80
77
-752
-324
343
350
309
-45
-296
-356
-130
110
-209
-772
338
214
560
495
-509
-569
-186
-255
-14
170
904
241
-1538
-727
23
-31
237
377
-266
286
174
556
-208
179
611
-384
93
-57
-46
450
222
-131
-109
-326
432
-139
460
1107
-301
-147
-212
652
437
893
-275
-263
198
-576
-927
544
514
-252
-972
-182
-514
72
-406
-173
489
919
124
276
205
536
186
-208
566
-214
-213
-814
406
-1072
-354
-194
-222
30
72
257
140
462
711
-275
317
495
-962
632
7
-286
527
143
105
-129
380
362
-80
159
9
264
-769
-564
73
-392
594
-423
152
-1041
-3
378
571
52
-180
-214
-764
-219
-322
-333
220
-89
354
-347
-346
-190
437
852
-842
372
367
198
182
1044
345
116
-297
402
225
-198
677
-303
-522
-151
-99
-287
-386
-555
-175
331
477
-449
655
-909
325
-118
118
-69
357
-133
-376
222
528
-324
-424
787
-413
-202
-260
-590
712
-355
414
-76
668
431
-85
733
-1011
461
318
747
384
-1100
-129
-13
-314
-170
585
327
82
968
-351
163
192
134
393
-530
113
-709
-917
-220
-436
-378
122
-578
-390
-338
52
403
-33
207
-117
-182
-196
-289
131
-569
120
-543
492
-65
11
-471
-81
445
213
95
776
928
-877
1092
142
-166
345
184
393
33
-63
-188
795
166
-463
-225
-239
-288
-755
-362
260
132
284
-576
142
128
197
-519
216
30
483
156
-726
-395
-667
154
-88
-475
408
277
67
167
-420
207
292
-320
-100
760
-405
-328
-14
-240
46
665
447
-243
-437
141
-562
-256
862
229
263
-334
356
-126
-791
12
-57
640
786
-108
-618
579
334
613
-81
973
-165
-239
-355
108
-457
348
-240
-123
554
419
-71
197
-205
-114
-450
-427
-532
91
6
-78
-271
-186
353
-253
-561
-964
177
-912
679
405
-425
1
-70
263
367
490
392
-969
-80
619
241
-336
18
563
-644
-107
149
-238
-790
38
-234
42
-511
-68
-212
1077
326
452
-202
-334
559
-296
855
-335
400
146
198
132
616
-29
360
-520
164
252
-1006
309
-20
494
-378
666
-497
-240
-62
788
-184
224
507
-358
312
-474
-280
-844
-694
-559
-124
-637
-160
-646
375
274
-588
-206
-438
165
224
-261
-1092
419
487
-217
604
293
323
597
-869
365
-245
-19
6
-103
-453
95
-354
541
487
496
104
380
-212
-793
301
-279
-31
-724
-525
157
-100
228
448
-425
46
327
364
47
-581
282
183
-41
927
199
-508
61
-765
-94
176
234
-306
480
119
578
-435
175
98
216
-90
-507
-615
-530
58
268
117
518
152
549
-108
327
-284
-725
-103
582
-425
476
-208
-511
286
370
128
1032
-215
217
928
-390
-326
-88
-1109
-244
300
882
-81
-70
293
496
1130
851
-479
639
-209
-99
165
328
-257
-400
-646
-214
121
-492
-299
-617
356
-568
-33
-50
772
682
501
627
-444
-286
-221
68
-43
-652
310
38
-231
-911
679
494
-455
-179
665
-411
396
-8
154
-140
396
594
-423
-215
-282
10
-227
-302
-548
908
304
-191
396
278
-108
617
-691
183
-459
-13
471
-733
-271
-672
-986
960
-487
-560
-596
-225
-1
160
-98
558
-136
512
533
-219
792
-595
-2
-69
335
33
939
166
302
369
-490
-11
502
-585
172
457
22
-411
202
-562
-124
-50
-835
-737
420
-556
-86
-192
-329
-17
-53
275
-765
489
-79
118
-138
-132
605
-43
-936
521
171
-221
149
-345
782
485
299
-50
636
494
-377
342
319
-629
339
-339
-318
351
84
-57
-275
-35
-407
-25
-302
409
-579
-621
166
-482
369
-397
80
260
-611
436
69
55
-581
-614
-531
202
-647
459
-29
-544
-485
-327
167
-860
-69
409
300
10
-373
-864
-330
-419
31
-228
119
176
460
-244
-257
-586
-311
-326
-455
-338
617
84
-795
514
-323
-573
182
-1111
-368
396
521
352
-457
-111
-357
-267
-52
-716
-548
-561
-172
-402
330
232
-154
-155
42
-39
-134
363
-254
-181
-755
-806
-247
254
-169
-431
-521
357
283
132
-535
222
-522
-2
85
-102
627
287
-717
-297
-157
-434
-20
87
-598
-311
386
-108
366
-392
-539
-460
383
63
459
-645
-547
-562
308
-378
350
-613
312
-238
302
227
-840
-298
418
202
-591
377
-239
-221
-101
130
-151
-67
480
-406
474
-339
216
33
-28
-141
232
-184
-201
461
557
-717
778
-137
-589
-463
-157
356
-533
142
425
-548
-781
-43
-282
27
151
-573
-162
-309
-358
-29
389
-381
137
-439
633
1211
35
-139
491
618
890
269
-399
-499
-209
318
197
-416
273
-503
-362
646
-490
-70
-554
-436
-366
-173
-249
-373
316
833
-256
88
30
473
-576
-637
-234
-844
-232
489
165
-324
1012
-475
-332
198
-318
-282
-276
750
111
316
435
-647
-1268
-366
120
16
-752
-66
-283
884
-227
692
276
611
-339
-591
331
100
-9
-433
-103
-684
-1
497
-637
218
-720
426
-149
703
-215
-290
119
-772
-99
-857
194
-414
-779
-115
684
298
413
287
-204
337
162
-215
338
-385
201
50
201
-486
1069
-419
-664
-265
-75
-305
-312
439
-129
377
-211
-297
223
-471
-12
188
-366
294
29
-152
-992
-100
-11
354
243
-98
-145
230
187
-67
-57
42
149
603
54
210
31
1154
593
602
43
-171
438
-570
143
-594
197
336
-370
-177
30
-833
-725
-685
-589
-392
-343
286
719
-809
60
-41
119
-28
-269
263
-392
206
-296
-659
25
-343
-58
-487
-61
616
68
-400
-698
857
-506
-326
476
35
-243
-253
406
-858
39
180
-1200
-43
-645
-52
305
469
72
240
915
20
239
-296
-393
38
-11
172
92
792
550
-57
-321
-706
254
673
237
258
-24
-226
-217
-50
-734
-277
803
-118
34
-211
514
-504
643
-219
97
127
746
735
266
-447
932
10
-431
181
-50
-822
1213
-836
1047
-853
190
171
391
-137
-358
265
47
556
-361
427
234
303
-604
-331
-216
-534
-162
375
481
-758
345
-170
-473
-149
-386
-1177
-488
208
-315
-226
-254
-580
-410
-52
-316
341
330
385
180
307
106
796
238
566
75
-323
844
206
-708
-422
-537
558
-245
727
47
9
171
310
-250
-451
127
632
105
-656
-28
339
-302
273
280
614
609
39
706
511
-65
-441
342
-530
175
-68
-293
-365
734
-359
-287
-820
-721
114
298
-332
17
-132
-147
-1109
-388
-307
75
717
-292
-405
379
-273
243
133
-142
-879
303
-36
775
711
199
284
-72
-603
-64
300
57
-410
891
479
-222
-976
400
-864
465
-748
535
-732
-7
-108
-92
193
-357
178
277
-457
363
-300
14
451
206
-343
-104
-1720
113
136
-501
-611
390
-594
1030
14
-241
-142
-197
9
-47
-376
-127
363
-164
-611
305
-207
-575
107
-41
-143
1280
315
67
406
-251
356
-139
154
-268
124
407
448
347
-75
532
-190
-483
-1471
44
875
-565
149
237
675
1127
-22
-176
-159
-760
951
-46
366
-2
-44
577
-129
300
-472
236
64
686
921
443
323
-717
556
-22
-67
-114
320
-533
276
-237
947
-307
692
-499
-52
594
-55
110
-28
-893
121
140
356
341
379
-164
202
352
-728
779
71
171
346
-337
493
294
-157
395
-1213
40
-338
-295
-250
-599
259
-370
-98
29
886
-118
677
-903
-602
572
-13
4
-427
-659
-486
255
129
-655
68
-572
-198
524
659
178
354
74
-54
65
-114
-754
121
643
415
318
-1092
139
704
-540
185
-253
0
96
-483
-401
-676
-352
28
-499
348
19
39
103
714
-105
133
42
-258
-21
-215
472
67
265
-176
-361
733
71
919
-168
-530
268
20
618
-331
271
-563
-558
-91
286
-250
973
40
98
488
-249
-282
-228
188
29
110
331
678
750
634
733
455
354
-376
176
624
-158
176
-27
176
-927
-40
32
49
119
482
6
154
-572
-294
412
203
211
-161
-87
191
664
926
637
65
173
46
-583
-247
147
-500
-176
-96
27
123
511
300
-55
159
258
269
-490
-216
-25
702
497
-212
-411
-107
90
-318
251
-192
-187
-478
753
156
-268
-23
-512
-21
-53
742
406
-463
143
626
-350
474
115
-839
-428
-944
278
-365
94
-852
-58
-483
-1220
-161
53
-510
151
9
485
17
-852
651
-997
337
-158
-453
-68
-290
-583
948
-197
-323
-473
-304
193
-34
393
-705
196
-85
162
-460
-186
1080
-327
-312
-383
-220
-704
269
863
745
257
907
523
-396
-535
432
988
244
-181
107
220
-153
-28
555
-258
-136
-831
-227
-483
232
-359
-625
-251
-98
-484
692
-595
607
-1128
-13
329
-352
298
906
422
-400
335
-269
82
-88
532
-102
532
-86
276
-338
-24
-339
278
-91
85
213
657
-21
11
402
138
339
-190
623
194
676
-335
158
449
-695
-563
-65
-169
-239
-196
-145
-8
257
-594
-2
384
575
-752
-131
65
65
773
155
344
890
-71
347
810
-96
-833
-328
-410
336
881
-753
-298
355
-395
-475
-282
236
-319
-21
336
-77
147
-116
-790
245
-55
499
-369
24
2
902
-435
-135
-695
49
-256
-215
483
-642
500
-718
-270
-290
69
-214
391
309
-524
-370
-318
-100
150
181
-609
322
138
-50
-709
143
261
283
345
48
190
576
895
135
144
33
88
-942
598
94
562
-115
-612
358
565
-635
-66
207
272
595
81
-153
-621
315
281
730
394
-383
91
143
-989
-234
-634
-54
-383
323
56
515
-9
19
1111
259
-360
-138
-543
148
543
46
16
150
-253
241
254
80
170
58
229
393
174
-501
-503
-384
174
22
932
142
-67
-44
331
-246
-1002
-74
197
137
-200
485
534
708
645
419
-20
156
-332
205
170
-8
300
173
235
-117
-69
365
-542
-392
-1046
-16
-15
264
1
-537
-479
342
3
382
-492
-255
62
736
-2
-345
155
427
381
-549
254
93
287
611
329
-729
-471
-25
136
201
-90
17
32
-50
-1088
64
847
-720
332
868
120
363
122
45
-104
-428
50
-107
571
235
-49
218
98
-705
30
388
-146
-602
-400
623
-349
-64
-316
-198
370
-101
-462
-58
-1
479
459
-64
9
-313
-633
-169
-273
-1024
-89
-21
-241
429
228
-194
579
-731
146
237
384
-59
366
-667
531
465
-374
-316
84
490
291
-55
-189
-35
-76
163
210
248
683
-254
-429
-164
113
324
197
-234
-37
221
391
93
-124
-85
-110
-94
167
869
135
-504
485
498
706
-535
-79
877
-284
222
-347
856
399
75
-256
112
801
-238
-457
-178
439
-24
-121
82
-699
356
119
-581
23
-391
624
-650
-103
340
-566
1032
-141
-481
-9
-470
-442
-194
-273
-318
425
871
-214
698
708
771
-627
280
-618
-434
-134
-277
746
-963
354
-856
-62
34
578
587
536
-353
498
638
343
-341
264
760
505
178
11
-440
-273
108
54
-19
-125
188
-925
1005
-42
321
592
282
572
282
-307
93
144
739
-292
-235
-623
295
493
581
413
-418
283
-487
1
1301
133
-767
-574
-530
-229
-11
647
-680
-615
-60
134
814
-226
-48
521
168
-343
320
-464
336
217
-551
534
-542
909
279
-412
-12
11
249
407
-11
-283
-393
-551
-118
197
41
378
504
-242
157
-630
-216
-787
-545
776
626
307
-70
625
-254
-61
127
319
189
268
-216
-125
359
1076
341
131
424
135
414
588
-623
-669
267
-34
888
-635
-1253
-181
-248
-215
243
257
359
260
-532
308
-788
945
283
-430
-217
-45
179
527
381
336
-345
535
957
70
756
31
-293
14
229
-231
-378
115
57
724
-730
-247
-415
-262
100
-953
469
143
77
-75
76
-247
-788
633
30
99
-160
715
215
182
-184
546
472
-90
208
-351
102
-96
466
704
-571
-321
289
642
8
-498
-412
-394
516
-283
1143
155
-161
-36
-157
-861
234
-168
308
-872
-578
509
135
-139
785
-537
92
-249
31
-574
-264
-234
-219
525
101
-434
-126
18
15
-15
480
361
-88
-429
-292
609
-582
687
-407
117
-653
878
406
-356
-473
-162
753
391
-95
667
-411
536
266
495
132
46
-505
-521
-730
-101
763
-682
-285
-26
516
587
-318
16
-44
-204
518
260
-239
366
465
665
29
132
459
-182
-784
53
942
-1208
-442
628
-165
-368
-293
403
598
435
-488
421
217
-131
-247
-1197
336
-456
-417
317
-233
-450
-63
101
420
-711
-532
346
-410
-268
50
91
-50
-660
293
-145
176
-21
-274
-176
-225
99
481
-134
182
76
146
-66
482
-86
-386
258
1264
776
-139
284
-262
-17
-816
385
702
756
336
198
-217
156
-408
9
534
108
85
-80
51
-840
324
-457
405
-1058
-733
-351
-134
242
-279
-111
55
665
-102
-789
515
-230
-383
158
678
-180
-12
509
484
-221
-371
-16
717
-645
-360
193
314
-32
100
-184
430
917
-414
302
184
-603
-279
-415
-331
-400
-319
-532
-1054
600
-462
698
256
895
-197
-473
443
-358
255
492
-50
166
420
-551
374
142
-603
-271
-340
-198
59
31
-170
13
-299
-109
-368
64
63
-25
510
399
-954
141
107
-243
648
74
-19
0
-344
-197
328
-154
-161
-244
-205
-39
203
73
193
1296
-303
765
-521
-123
305
141
44
167
-133
-79
471
-486
465
672
167
316
685
74
213
73
758
55
-80
-407
-223
-144
46
-329
-201
776
-174
579
556
-126
-150
-777
-8
-522
209
-554
1
-245
-220
-735
-435
155
72
299
-53
-207
1044
421
-896
-564
-345
-174
-372
69
324
-257
86
362
-147
-193
471
-123
-996
80
96
-158
-291
190
583
554
-577
70
-111
-128
212
-270
-1208
-427
-50
593
-132
-364
-62
-261
18
-475
-902
642
-109
85
413
-833
821
160
778
918
-77
583
-918
-193
714
105
669
-79
-553
45
407
-525
101
-507
-354
-363
651
222
-505
-199
222
13
187
-401
576
-4
-461
199
-799
846
77
-836
-78
-373
-325
155
-374
-95
-63
-83
-275
-74
-768
-709
652
-215
-203
9
105
-561
-772
-307
-64
-158
63
-275
-406
54
118
-52
-248
-636
212
-376
-671
265
339
-92
-32
368
276
131
-92
157
-412
486
-513
168
481
235
-127
-11
320
-385
-383
-313
110
-287
-198
-721
-62
715
-274
-903
-751
211
1068
128
-82
-558
328
-160
-589
-496
218
-404
201
102
446
83
962
193
-2
-434
-1012
-72
120
120
230
157
-255
80
32
958
576
-97
879
415
-522
542
81
-498
66
323
1036
718
61
97
-539
938
-1133
-400
179
245
359
60
439
-229
142
-201
-293
-71
729
-114
253
-1380
-504
645
278
254
517
140
-22
-831
-77
-60
1502
-429
218
573
374
-208
427
132
334
-622
-197
-149
-221
-57
-259
-184
53
163
-186
578
780
-76
-286
101
-143
133
-267
401
-676
167
-402
-331
422
241
205
-161
150
-109
-125
-234
-381
683
-530
-60
-311
827
-216
-631
301
-153
-460
12
-382
324
795
-180
174
-289
-452
-208
-189
670
-1626
65
-185
-851
-708
-135
-246
1112
109
-663
-1183
39
9
176
29
-934
-361
-349
-326
-830
-176
26
-183
236
-137
418
65
69
523
-214
626
583
264
-334
-396
353
148
472
1233
499
-174
589
-73
-173
19
540
312
-354
-116
-176
-21
-919
-84
16
-378
98
-211
-736
133
315
2
-136
-176
141
-892
-150
898
-235
115
-260
733
-43
337
-47
113
-440
-136
-119
-829
-303
-295
-1282
376
398
-399
-435
710
70
-505
324
-219
-461
-489
234
-528
-110
-82
-61
82
1406
898
-68
27
174
434
302
-34
152
-19
-17
-252
304
-110
-254
-499
-1077
-166
221
113
-222
12
-126
-390
633
-486
-225
-94
177
594
111
-74
-109
37
28
855
-135
-485
140
-19
225
159
-626
-40
190
414
245
963
-161
-107
-180
-812
149
-130
226
-225
191
183
980
-46
848
-401
-483
-11
-480
511
-88
-125
397
719
41
-416
550
207
-377
-436
-279
115
-74
-283
-152
-486
355
232
467
85
523
7
658
-155
666
-205
-940
-243
571
-690
-588
678
14
900
1264
642
149
-158
667
467
117
-432
98
-670
82
579
426
882
134
183
-568
-287
-399
800
-411
541
-437
141
458
-202
-60
63
-1004
30
-135
-458
-503
1156
-59
148
-264
442
1020
22
-816
138
916
-40
128
466
-30
380
-149
-1128
-1407
-1026
-747
665
244
-661
-256
-17
178
-329
-620
367
-299
-272
-36
853
-92
-224
288
-28
-157
15
-374
111
-136
-176
349
-897
640
151
54
-277
529
-109
-100
841
-661
-505
19
156
41
-119
55
-337
-418
291
468
-1135
449
493
303
-258
3
348
736
121
148
-41
258
-70
459
-65
228
13
-317
37
302
-254
-143
448
901
85
-339
751
-604
570
-117
-91
-23
320
-236
12
-515
31
-88
-447
185
908
770
-669
312
-2
557
-681
-252
81
-379
-350
823
738
262
28
-521
702
-103
-177
-223
620
-230
-116
-637
-754
-304
124
-5
-272
262
319
-612
161
-351
-22
-491
754
912
-302
545
538
219
-653
-222
-774
473
139
696
-97
208
-108
-525
20
294
-290
63
173
-314
-148
62
617
-402
-153
-247
251
-208
-609
616
198
9
-28
-113
-82
104
-25
-944
-254
-213
277
-102
42
273
114
391
4
-362
639
-68
141
-352
662
509
-208
16
-493
761
164
-623
90
-600
-448
298
-12
-340
328
-403
-466
499
447
609
639
-229
-29
91
3
334
626
-144
393
-1269
176
-616
483
-280
493
-978
257
-442
659
504
-85
406
-708
460
167
-370
-137
-668
-93
-25
43
557
-76
415
-21
-230
689
-406
283
-354
97
-395
137
88
531
766
-21
87
-364
204
-465
323
452
585
52
-299
235
-134
-155
-202
154
-34
-950
530
-226
473
102
507
-276
352
-13
-210
1013
-68
252
119
214
25
167
-524
-36
-205
-196
732
-274
-4
-508
537
719
-397
601
127
-133
-118
-768
-421
452
-875
-3
-1132
-355
-30
-381
487
201
24
191
81
-135
-148
-316
-595
-137
-345
-118
175
22
-371
177
13
-23
-111
410
704
148
-356
-319
844
-665
100
230
82
-770
-1017
-361
46
-665
-138
-123
317
906
-113
1017
-438
482
-447
-153
-58
-422
-273
468
938
-286
306
32
101
439
-185
-569
-706
114
-148
-237
622
519
400
355
519
-466
-560
-57
-414
1196
-749
500
419
289
130
-206
-647
-760
514
-35
-447
-309
283
398
440
258
-265
354
-243
-6
-131
736
898
-199
413
-28
165
349
-302
458
234
315
200
-552
84
115
212
467
35
627
95
-403
330
649
-320
-103
273
-166
59
-380
-147
379
-210
-381
-169
501
175
291
370
-169
-260
-320
-914
4
-462
-138
165
4
277
4
106
205
-376
875
-905
427
9
153
108
-274
-113
371
69
447
-362
-666
-288
-437
35
254
177
189
564
-14
293
-232
-71
-11
-131
-749
140
-56
322
-632
-175
-196
154
269
48
197
-215
388
517
47
-494
547
179
575
-921
-201
-207
-897
240
-662
247
-263
-177
-365
-107
-307
123
-74
1124
-244
583
378
-312
614
910
213
-404
630
460
197
-108
-571
-203
-323
-709
285
101
-331
-269
-623
-387
-331
-237
608
-525
-654
-470
62
261
-657
652
417
583
6
210
-170
133
-240
811
-244
83
-260
852
178
408
-206
303
-453
501
-514
-507
-520
656
415
535
88
551
-30
383
509
244
74
434
667
-183
-746
377
-385
197
150
28
-796
-711
-712
36
63
239
77
501
-547
-550
389
268
514
-37
-671
69
-793
-188
1044
-128
137
659
-545
-50
-83
337
134
-432
68
629
-525
234
-887
105
269
14
149
-312
-305
-751
370
-702
-11
-364
-193
-711
-796
-259
252
592
336
-25
503
-801
-61
388
-66
-104
-413
743
-37
-131
292
196
392
-722
-190
183
-243
-90
-841
-937
-114
18
622
359
-75
189
-421
-259
-561
-721
-881
-222
-335
-515
-498
-274
385
-523
120
177
-80
-196
-741
-241
377
-53
-299
-75
1184
121
1109
-400
208
187
0
-629
-342
-751
118
-142
-529
813
703
-502
211
-241
-277
-251
147
16
517
502
1123
55
704
-562
129
480
-225
303
-321
510
-268
-299
277
99
27
186
-187
546
1017
73
-639
88
962
-429
25
624
706
-685
-69
-232
-450
39
-32
88
117
775
-494
-574
-12
571
-181
282
-520
-90
282
863
-1146
-74
-53
106
-296
-834
-352
-155
-657
734
-413
-547
466
-234
-175
-118
125
347
267
454
1388
-249
732
89
913
691
419
797
117
-45
722
191
-161
-854
553
-33
-92
-152
124
176
73
-258
122
74
615
10
534
-288
668
-201
475
-457
-627
388
-34
1011
-279
-481
-217
-781
97
-306
-341
224
23
745
242
219
326
-25
386
170
-196
-487
-258
139
257
-69
-442
228
182
-256
527
-628
464
114
36
-350
-16
852
-210
544
261
222
-267
-481
-90
-77
-223
254
-231
144
-691
-417
302
341
489
1142
303
-298
16
413
654
775
-262
-257
-251
393
-295
-457
-674
4
-332
790
338
424
702
160
-605
408
258
129
723
627
-270
41
-363
-591
249
-147
-244
-205
103
689
284
281
-330
144
4
-532
-170
243
-238
-74
-834
105
-289
165
241
321
-747
-514
493
165
248
-948
-114
-179
-455
-806
436
111
-532
418
-622
685
-188
358
258
-571
279
-514
-119
136
601
-183
225
-457
-180
-756
339
36
226
-483
-492
382
-131
-418
41
-355
682
233
50
98
99
103
-229
195
503
-297
-322
85
222
256
-346
105
566
840
-37
-105
-38
747
579
164
328
25
264
289
461
193
-361
337
785
-463
-610
259
398
544
-24
-134
142
-607
4
-100
112
-128
-394
456
891
-192
-302
531
-56
24
167
-418
97
811
-126
-450
-567
-181
646
212
561
-889
-269
-7
-465
130
-329
840
726
-34
-252
-419
407
620
-248
280
-195
209
-549
1030
-417
-510
-141
163
164
721
-639
-414
-20
151
150
306
373
725
-234
-137
-145
-418
-259
342
-560
78
415
27
1023
283
649
157
243
-299
55
264
-595
-217
104
35
287
174
-288
-40
518
626
-317
-133
197
-8
672
285
-207
-33
31
168
188
-371
126
-598
-288
166
194
-698
-5
-405
631
-199
51
-534
393
158
407
-735
597
678
952
-832
-72
-542
-46
-87
-112
-194
-657
-334
-172
-899
196
-156
99
78
559
-714
242
-829
-412
125
198
-17
-448
-368
170
-487
298
170
-509
-455
375
-329
-544
-318
49
-905
191
-192
492
355
-441
-61
-159
299
-89
264
-17
-16
-768
-688
243
-221
-326
-46
630
595
-589
-270
-485
409
203
25
85
-438
146
-464
546
657
-323
-367
533
-21
-309
283
73
-849
-898
-154
-104
299
136
-1002
178
-676
-425
208
-564
547
483
-806
-128
-435
117
-31
224
559
-155
767
-396
-89
-202
-633
-56
-150
31
-118
-280
-303
-396
-112
419
47
-13
-158
703
-237
-327
-98
-879
-154
547
-76
572
45
516
191
-290
372
-184
83
490
202
-199
48
-134
-215
232
-534
-218
-48
411
579
-337
-5
-83
-338
209
-272
125
-46
398
789
-95
-354
-63
252
231
-607
907
115
276
178
374
269
207
-193
554
576
-510
376
-50
657
-1395
634
-500
286
76
979
232
-121
8
850
317
-185
76
230
182
472
-263
-34
-170
331
177
227
274
-167
922
55
470
389
141
311
274
409
644
-548
310
-390
358
-142
-104
-603
400
203
-72
780
109
418
-372
443
-436
-157
-42
-354
121
169
145
-361
-426
-589
-613
-213
395
682
-356
-232
411
3
597
-51
-43
163
179
172
253
-384
-562
-718
361
-203
-488
-768
-547
-754
-31
-880
134
-964
418
-43
355
-352
359
-234
-310
-577
-9
285
563
89
94
270
-169
-747
-20
451
-60
191
277
-458
806
-463
-209
468
-143
89
133
-398
-474
306
486
-378
329
-673
143
251
332
-221
283
-157
-16
161
522
-81
-9
692
-434
-232
833
-48
-870
1154
-1171
69
-864
46
442
166
-33
-112
236
-366
294
-15
960
379
-148
-184
714
256
822
922
478
137
2
-852
-112
-381
-653
-678
106
286
-355
-168
-777
-147
127
-294
303
555
353
427
-905
935
468
-2
787
-284
974
-1631
-154
223
336
-277
430
68
-344
-29
-864
-142
287
-140
517
-114
764
47
-61
775
685
-968
-6
569
344
1
637
-713
-419
-66
1043
-74
-644
223
-283
431
-560
598
-351
135
175
327
-159
-273
-388
608
-69
350
814
554
-324
512
9
375
95
117
-238
338
-288
-113
-607
66
358
-11
221
-360
257
233
730
-454
438
-102
113
67
-96
-43
-390
593
184
547
-169
364
95
-207
-310
-1284
-237
-41
-82
192
31
72
274
50
-280
338
-1030
-106
101
-336
-791
-1109
342
698
-224
11
-175
39
-210
417
-111
100
-685
-62
623
-39
-331
922
304
-129
-229
-10
177
279
340
-24
-712
601
98
331
-690
574
48
605
360
-125
-1126
481
582
386
568
-90
-378
389
-231
139
-104
328
307
-525
101
1258
27
674
479
-950
-238
65
-134
-121
-193
-104
-142
28
-252
-37
935
-27
300
-8
-533
-318
-106
-613
-94
76
-63
-490
340
-238
647
1011
-255
188
-257
29
56
872
-817
-217
-223
702
-520
234
-173
-201
195
680
-885
575
93
-644
-336
339
-269
816
-93
-587
359
427
-434
821
161
-504
-392
-687
647
-33
394
-528
549
-164
-199
438
34
-333
144
-696
679
113
-35
773
-128
-64
352
-53
-401
746
373
-427
321
-160
57
-53
945
-799
-162
-541
-334
46
506
-36
-540
135
-8
-458
-790
357
256
770
-630
1146
84
-110
-934
-91
24
-75
271
-170
111
-451
299
129
125
197
-392
-413
472
-563
523
-870
-621
118
-519
816
498
-273
-181
-355
582
163
239
-89
-707
-246
-891
454
726
-493
-345
-275
-115
606
67
-395
-411
730
-180
239
227
455
-416
351
463
38
-652
-411
-665
136
-369
-469
171
168
282
-301
140
59
370
-207
29
361
449
706
-394
39
443
259
-728
98
145
75
353
-532
-543
452
195
-54
258
183
-567
1402
25
125
-353
551
-1629
1000
394
391
84
136
-360
632
732
-97
-305
221
424
306
832
800
-31
-53
136
-442
-284
156
-56
762
536
-37
-653
678
-34
-37
159
-711
-218
-205
-176
-91
-654
56
551
352
300
419
365
-719
520
267
167
457
215
244
-707
504
-66
341
-495
543
407
-953
143
-12
-221
-239
-160
187
635
241
-127
-337
400
37
3
-20
73
41
-184
-185
927
372
183
90
376
65
-195
-73
-359
-285
267
-132
-389
-569
-520
-278
-439
121
-66
329
5
420
213
13
608
-159
-311
-707
-33
313
-59
240
-208
478
-259
-423
335
85
-69
151
-148
515
412
408
-507
-288
-233
610
488
190
-280
-342
51
412
155
220
-134
-65
-305
61
451
-515
-119
-78
587
-383
533
-35
442
112
-13
329
-659
380
481
-585
-177
13
18
509
555
730
79
-548
85
210
-197
-434
82
172
735
-148
-480
-156
236
513
183
439
147
-391
-357
-747
452
632
117
-246
-107
270
-405
-129
-241
-56
621
-131
722
305
450
-270
66
1035
-356
380
59
-892
-185
-495
-106
-210
-104
582
-434
-500
-226
487
-51
50
-672
431
-495
-525
-302
145
1128
355
-269
538
111
18
-678
336
-230
162
-237
-214
-1077
415
567
-152
111
153
-311
769
-22
248
-267
384
75
-360
233
-148
40
-432
135
539
-244
249
-321
-406
535
389
-209
-193
-450
449
-208
-1289
-1093
-324
-376
172
965
238
467
407
-7
-230
127
27
-265
284
-760
156
-504
-262
-886
796
379
534
-286
154
53
-294
312
209
778
622
-68
-286
662
-335
87
266
29
-798
696
155
578
606
74
-347
306
-371
-150
341
349
-40
-521
-10
71
-237
-647
497
318
-232
199
-550
-495
360
387
312
-97
18
-351
321
909
279
264
-768
-186
388
485
-252
-167
741
-22
-366
-346
-660
-226
579
399
-292
-503
-340
196
-371
-608
-104
-388
-358
-575
-545
-241
158
-218
-659
-322
626
730
173
309
-109
-260
-179
-365
283
167
734
-341
-20
-766
376
-229
324
423
-376
213
-515
676
75
-110
484
311
-65
-822
261
-857
40
-20
136
-170
-186
-494
-401
-426
-38
-322
-296
-238
772
81
344
-356
-171
143
-500
516
-56
-34
698
-31
1138
-27
220
-132
330
-552
-130
181
78
363
-928
2
-79
-727
-738
403
40
645
875
-231
-580
213
138
314
692
-158
952
-152
-10
-605
-404
492
-350
-94
-470
-336
-393
-157
243
43
118
-292
-41
-201
64
-423
-91
-227
382
-360
612
434
178
-951
-375
-303
-514
80
-826
62
-200
285
90
619
128
-63
-279
327
338
1001
-194
797
-385
348
-289
778
-249
-28
-273
-253
-742
-418
311
344
11
-48
-320
-310
-323
-192
-54
681
-62
-866
271
63
-72
321
353
169
22
340
836
257
-462
420
192
-197
92
385
-329
82
-126
886
313
596
-391
249
-579
112
233
7
644
507
-16
-220
522
156
-50
1182
94
119
595
400
323
-104
-46
459
-101
-101
744
-516
-220
840
-838
-18
-336
802
1169
-106
-992
-793
563
696
-55
906
-366
-160
-197
-208
-1186
907
-352
-36
-104
-145
-1002
-1474
-853
-483
903
-21
-247
-486
115
-56
39
87
-225
-99
-397
592
163
-151
-638
-252
-419
634
96
431
73
-466
-449
-542
-249
133
1002
493
120
-73
114
-427
-36
860
-951
-14
-808
-643
283
-310
924
-5
181
117
524
715
1430
-282
1305
78
316
162
123
-40
569
-599
-159
-637
-128
-340
-922
-35
720
67
568
434
-129
694
-214
-290
-214
93
-370
-112
1720
-22
730
-245
-752
680
41
-86
-128
691
-401
-516
-114
947
668
150
-342
-473
566
111
700
-228
487
712
-1095
-291
484
293
654
-13
-131
91
-302
-237
184
-796
522
-751
-189
-131
-59
-547
-374
-257
379
-115
793
916
231
469
520
63
-914
324
-283
183
51
100
111
-188
-290
-354
54
187
-415
209
-195
-352
-45
169
-63
638
73
65
271
128
185
672
765
222
-1008
36
-80
-184
290
-164
223
314
-645
386
318
-640
-1346
-134
-506
-589
176
561
-537
202
61
-740
663
331
-477
-276
-200
665
-201
-429
-439
51
1033
101
-433
97
74
-128
59
70
-34
574
0
-454
2
-299
478
126
-534
-534
210
468
-621
-6
-240
-835
-260
360
265
-61
-128
200
552
-475
502
-146
254
-53
-126
534
708
-399
369
-129
745
269
-98
-312
-301
-576
-253
-301
713
-256
316
341
494
-65
513
95
-110
-2
-284
224
-108
390
-264
-207
68
220
-183
-845
192
-357
-271
-59
270
-90
37
498
-33
-111
-240
1056
-187
-191
-108
-621
558
152
-70
-795
1349
-492
344
-702
-29
1079
525
640
-324
-186
-767
-11
-44
-278
-147
-130
283
-370
689
38
-317
-140
103
-258
239
-55
605
-385
-405
-760
199
-59
-160
467
-176
-251
-49
-486
511
-390
-413
88
-100
-102
-1018
525
44
180
-205
-56
179
-99
347
-662
-5
519
412
511
397
96
-115
751
91
40
717
-23
-423
428
189
147
-717
-179
734
1343
417
39
186
-721
18
549
355
83
142
86
633
362
-394
-211
-407
-456
-789
-230
-227
-190
375
-766
256
137
-350
-898
-508
91
-33
381
183
-513
273
378
89
-208
330
-172
102
308
-8
-56
122
479
309
-255
-634
222
-271
360
-130
-622
-434
524
-758
-40
406
49
57
96
290
640
1
418
125
-405
189
78
-56
-431
-724
-264
-127
-311
455
-12
-114
-111
-506
-56
190
-92
-550
-819
335
-249
-302
315
-172
108
334
-211
-872
-166
276
-92
-220
-142
170
78
-306
-748
-79
381
-386
583
80
209
-236
-463
711
-158
1135
-445
-95
44
135
268
200
180
435
171
-186
-717
709
-178
-88
234
-353
688
-656
402
-226
-169
-272
-303
-370
-590
510
5
345
920
-331
299
594
318
85
-326
-408
390
-169
-553
182
384
-330
-590
-94
392
300
-212
-561
308
-623
-668
-437
-290
-92
-19
198
769
467
204
168
206
-447
-807
-360
453
-379
-691
-477
-153
-4
-70
-85
167
248
890
87
215
2
643
163
201
-318
126
-582
124
-84
597
-736
-418
-370
1082
-736
-352
-642
-44
291
-270
-168
236
32
891
-418
-43
967
581
-320
-486
715
112
627
-342
-744
-460
327
-598
-357
794
-247
715
-352
-706
211
-687
405
-250
-467
308
-475
-699
-153
481
262
325
-6
317
776
-362
151
58
511
221
142
-154
329
-487
735
-173
160
44
327
185
-8
76
284
-217
405
-109
-38
551
-853
-785
-821
-1077
-295
397
476
-314
522
-439
621
441
-100
-284
-756
214
657
959
489
578
-672
-198
641
-171
-700
779
404
537
-463
823
-115
499
133
895
109
-166
111
523
341
11
38
-228
159
426
52
778
297
8
-55
179
-116
533
384
-247
-387
-36
426
456
-526
-427
146
-149
-541
264
-889
441
506
374
233
-403
715
504
-286
184
-388
525
-161
-70
376
128
-267
-194
-153
-132
282
393
387
953
-230
-53
485
-577
93
-718
-76
176
125
124
-481
54
-272
-351
-89
367
-850
-283
-707
403
-100
34
121
-511
420
-429
-863
93
446
60
76
457
224
-279
-200
-424
314
-400
975
550
163
202
98
-609
451
122
96
-278
532
418
5
30
-869
87
915
434
185
784
33
-331
-697
-51
438
-941
59
-598
99
-298
401
-299
-91
-311
-228
385
-112
987
-692
-36
308
479
-321
-26
213
730
-371
52
-338
470
-440
-164
1118
730
116
-923
672
-80
99
-454
206
-352
-468
171
-254
170
498
193
237
104
1213
565
479
308
-189
270
427
-572
-649
155
-65
236
201
474
-86
-369
309
-198
101
-205
416
48
-201
-902
155
615
-328
-80
-606
229
-46
448
890
141
114
183
-382
108
376
-27
567
-1489
48
-210
-464
-38
-345
-382
788
-124
622
352
-297
33
-111
-271
-61
457
-404
-495
-204
972
-141
-437
138
-228
-828
151
414
-62
52
-133
742
869
-745
925
-137
-741
72
145
-61
-116
-273
-99
-523
-1312
1656
3
-131
143
-452
-71
-170
236
404
187
1157
-1120
344
9
-41
-319
-28
89
215
651
430
168
218
105
951
440
583
-13
678
-893
95
-93
49
1177
-251
-239
-412
1084
408
471
-471
567
624
403
-25
22
-459
1034
699
-315
163
665
73
-260
455
-565
-221
114
3
361
56
-118
-641
-155
386
161
-761
165
-227
662
-337
340
-236
185
179
149
-161
-81
-184
-945
33
-554
493
160
-1069
439
-562
154
548
-330
189
-333
22
-921
254
-158
575
-636
64
321
0
-577
-829
-360
374
-268
-776
212
-295
-579
416
-64
72
-17
-269
325
-286
-160
211
225
-219
323
-55
230
-343
17
-535
-789
-615
692
-80
73
-17
675
220
186
-136
119
-49
-390
15
408
-259
-744
38
-90
241
-188
-661
83
761
511
-31
700
-480
-385
63
846
119
237
448
433
156
-454
-226
374
220
307
-246
-343
-355
-539
-276
-332
182
-261
316
-363
22
381
-204
568
284
465
-487
427
476
-74
-554
65
188
7
69
46
310
-42
644
244
-1035
-107
-1009
539
804
-689
496
-178
395
250
-507
541
-604
847
-807
-77
-445
396
-895
-579
53
1017
583
98
-28
732
507
232
444
160
-742
810
267
624
-671
-365
363
614
41
404
147
-599
-190
-475
-296
122
-142
-952
364
-80
402
471
46
-239
204
-54
127
-84
-336
-25
716
-777
-519
-78
-122
381
451
-343
-579
-112
-330
-604
414
-369
-451
-115
421
390
293
-538
60
-92
-420
-663
819
-538
778
744
-24
452
-80
-754
-42
-89
-227
-337
351
-539
-409
191
-440
122
171
40
122
-677
464
24
751
-361
203
-607
50
517
-154
113
-197
-419
31
947
-546
-175
208
-87
-111
313
-310
474
-695
315
-347
-16
314
-609
826
-33
-774
682
-419
202
134
-533
-528
688
-522
-14
-449
1268
681
-374
768
-529
479
-557
57
33
462
324
-135
-197
624
166
1220
-169
-230
457
-852
835
-774
757
-460
-352
-218
-551
692
296
-681
-412
-304
-61
343
-483
266
129
24
527
-356
230
-832
80
147
573
-79
-1019
-54
1183
-151
234
-24
1095
-307
-509
100
-737
367
955
-553
691
-202
-120
-586
-263
-332
-143
332
256
190
520
408
-111
-946
-87
179
-118
-337
189
-22
-80
578
-618
-112
-175
234
217
331
262
109
-264
635
745
105
-380
261
450
-236
-253
212
100
297
-507
-486
-599
-424
894
29
775
158
795
171
437
-200
-25
-517
293
-124
-149
-574
102
-104
-278
587
289
250
-196
-622
-292
58
-401
61
-232
489
-306
-612
-103
-320
910
259
-687
335
243
-639
49
-63
779
329
239
299
415
-775
269
471
-890
516
320
-57
494
329
-114
93
-42
-42
347
336
359
-135
236
-595
-889
327
-85
-411
326
-339
-175
130
358
190
-352
-71
-456
502
-461
-607
507
147
-778
212
283
12
59
309
-217
-324
-400
-57
-286
-626
-345
-482
60
187
126
-250
257
-113
-30
-159
131
-434
545
-845
1
175
-653
-159
477
-801
-276
-51
110
62
534
-55
265
-300
232
939
84
58
-171
-211
-239
292
371
-462
198
-775
-324
-472
-1063
2
-351
-417
-356
-602
416
-2
389
-112
620
74
863
-788
371
519
503
-459
121
-53
496
-387
-858
252
-55
-478
516
-208
103
-806
-569
570
-195
141
328
360
371
503
198
822
-429
662
-83
-243
-502
-1024
-513
112
951
429
-774
150
-814
-366
189
-263
1095
-769
-381
43
5
-94
-669
-412
672
-584
1093
-216
-240
-395
159
16
-226
328
194
244
-43
-157
553
-111
-253
241
440
-95
-543
-618
441
-236
1239
-892
458
-596
9
-521
-338
-83
-278
-547
-562
-740
-95
251
-489
60
-385
537
220
-30
-696
-704
533
-265
-549
-159
-635
-109
603
50
101
-641
341
-320
-85
169
82
1215
-575
12
-191
260
303
702
-2
486
-29
673
-176
-42
214
-1
298
473
249
172
650
388
-260
-390
41
73
1128
313
455
106
-66
-446
75
-475
-22
1437
-96
-124
-169
583
67
196
327
297
-513
57
140
662
191
56
136
183
353
754
-74
176
-409
-661
-141
214
-1726
478
-332
736
420
405
843
-218
160
-295
64
-175
139
-716
269
304
141
-384
-223
-46
-434
444
-290
-934
-663
-487
-1060
821
357
404
134
-147
320
454
418
-117
-387
-27
100
-772
-390
398
-69
-366
426
112
572
-62
-255
-113
115
321
528
-315
307
-112
-670
840
88
133
596
-370
-104
-336
439
-172
-395
-278
-498
591
-650
107
-636
-275
-153
98
310
-342
593
117
434
-266
508
216
303
-137
-243
509
765
-168
351
59
-416
585
123
203
281
154
225
-450
421
370
-294
-1297
-14
127
944
-12
262
835
-350
452
-68
70
-758
36
-131
164
483
801
-272
-451
59
-565
-151
545
-859
-157
338
-95
-191
-239
-76
224
237
-475
272
556
229
484
-266
-637
289
213
-163
161
728
-177
-163
-4
43
-314
-80
-222
829
370
593
678
201
98
598
448
233
-99
49
426
-480
701
507
581
-694
-233
120
-40
-186
-149
55
-306
506
141
-527
-46
169
83
366
326
-378
-509
-171
409
778
-537
-74
-359
-40
-9
383
334
-701
421
-316
-291
431
-19
166
-405
-80
201
-298
338
88
-542
958
201
111
36
231
-877
328
276
812
-626
922
98
105
317
300
-582
213
-112
-264
101
-292
65
193
58
-424
-129
-257
-132
-720
-157
-167
-147
77
-450
-634
196
-65
-211
-231
467
-456
-136
306
67
-717
-445
-880
-435
-718
188
-242
-138
230
162
-485
300
382
1032
-80
114
130
459
94
-121
-261
-134
27
-67
-321
462
11
596
-594
12
-214
-806
481
-235
466
301
-504
-96
406
-214
100
121
330
-82
-122
-606
-379
-604
-189
-376
487
-619
413
493
513
786
704
664
-560
-471
11
662
-623
-415
410
-984
-93
-798
-1056
454
-733
430
500
245
296
354
-638
438
-151
740
-94
128
-135
314
246
-156
67
-28
-750
199
-470
693
-341
253
-89
203
-681
-44
-112
-501
259
21
263
-410
56
-27
132
1170
207
301
-292
-304
239
-433
369
-624
-376
-914
903
149
-588
846
-519
264
-61
1075
200
568
129
-74
8
402
417
361
-587
204
466
408
462
464
293
-317
-360
-579
245
-42
-441
-292
403
412
331
-153
251
504
-477
-21
492
69
-341
-464
768
524
-343
-71
277
-628
566
-5
-276
-229
-96
-493
272
11
38
-402
810
-910
-101
-372
531
-36
-392
-450
-412
-191
-22
-414
630
612
-529
324
-177
-423
273
39
-202
-535
-97
534
635
411
-163
311
-86
-377
-433
-972
-234
285
-889
616
-210
-84
-759
191
-180
389
302
-476
183
119
-556
237
-696
-328
-641
-478
-90
-396
137
-90
-31
719
-826
131
54
267
242
-192
766
534
-217
-367
-713
-168
-247
418
-249
529
-643
118
-107
60
655
100
609
-347
105
25
468
-16
618
320
-420
375
-279
75
-411
248
-182
224
220
-540
-134
-97
-125
-391
-774
-731
-494
-1290
107
-262
-1342
-339
-214
75
-69
305
617
-101
349
168
-513
44
80
-200
419
34
-376
-460
-128
355
221
-63
421
-379
146
231
259
252
185
-404
-1
182
32
552
-793
13
-853
178
515
-297
-52
-304
437
-74
-530
-602
263
103
-168
100
-559
-397
-313
53
-56
771
774
-451
-70
148
-380
251
146
531
-410
1047
-34
-717
437
-51
-216
31
135
-24
280
-365
-83
-70
62
-421
285
289
-83
5
177
-640
-121
-59
446
578
357
30
-598
125
-55
-280
-115
-166
-509
-97
82
255
164
-247
77
348
412
100
-481
103
-622
118
246
271
-596
-394
4
-131
-468
290
9
-740
-535
5
379
89
90
-528
-16
571
83
-201
-591
-264
-80
-152
-1135
-63
552
-437
-61
-394
408
38
-532
3
-477
440
28
-95
-326
-263
298
-804
266
-3
-481
8
153
281
233
166
-82
-561
-75
-13
-132
-227
-752
391
785
515
793
-66
-273
50
-343
332
-11
71
203
188
-10
254
-181
-188
592
-32
281
282
-52
-33
634
523
-251
189
-14
567
194
-264
717
272
283
-299
22
-44
231
128
371
327
-156
-144
712
-600
818
-51
-1002
300
-27
-393
-510
6
1005
-564
-44
-989
-97
93
-83
16
51
-606
531
183
-247
826
-520
627
-285
635
-511
-498
-445
607
464
-445
-134
264
-108
681
428
-282
-188
262
56
641
-749
-126
337
131
-249
318
-265
24
508
438
-29
883
193
-52
98
207
-8
-170
-252
222
-147
-596
-776
-291
6
-102
35
448
-96
-183
62
-550
443
-580
-654
-231
-194
-200
-613
252
-136
5
825
832
97
-614
-401
406
323
-78
517
283
10
-246
-371
877
78
-57
773
565
232
519
-563
916
-404
-203
405
-582
-146
887
34
-179
701
687
-502
-254
-538
387
344
-79
155
-459
320
610
203
-382
-733
194
-431
472
206
-401
-649
335
199
-158
424
113
400
-23
-185
-1032
-436
-209
-32
-1
-554
493
-101
128
-896
-312
65
142
341
-543
-263
-116
367
-123
1115
-541
350
-325
-816
-181
-111
943
320
892
-321
-583
838
270
-594
412
29
45
625
769
586
376
-866
-85
-244
194
317
247
-486
710
1018
116
182
358
-285
-1312
448
-59
-122
30
-395
-381
-9
549
455
332
-207
758
229
-784
326
-350
233
-168
-576
47
246
701
739
169
365
-176
67
-278
79
-225
-709
-255
705
-143
425
-211
-187
-511
-497
373
-598
66
292
306
126
-80
-141
-235
149
621
227
53
826
561
-477
424
2
325
-272
-237
385
-432
381
388
345
995
869
-130
-111
379
-237
-551
350
576
-410
128
-204
-210
272
-485
-1632
1010
-491
-255
536
247
-688
-221
-1007
78
-67
-36
-490
324
-555
-824
285
562
-763
147
224
511
11
-353
-276
874
401
1223
-120
-52
-134
-393
-131
-274
149
-16
-336
-63
-20
-621
-511
-751
-119
796
-51
-198
58
169
888
-53
-475
279
-285
428
-171
-112
-878
-62
-282
-49
-392
-87
-616
-101
374
-56
185
-239
-59
237
-515
0
-445
27
834
639
529
-365
86
35
-529
-204
19
717
94
1381
-148
-631
-311
1094
447
-87
-482
620
-17
274
846
187
-1065
543
-218
-496
-62
-134
-213
-663
-153
105
-390
536
-321
42
732
488
-379
358
-110
65
532
248
231
-71
-95
-434
-378
90
427
-260
245
498
279
-772
-448
-486
17
-350
-66
-184
578
-175
-351
809
-942
604
250
-205
148
-943
711
-521
-809
409
370
170
343
454
426
468
105
-513
24
-136
-242
-65
-203
-299
-337
-34
-97
79
-252
72
279
60
-143
-6
-155
-76
126
229
140
-637
121
82
-275
-56
71
-781
735
-70
-280
-158
-431
-419
-695
188
-293
908
-261
643
-219
-385
-53
-445
-90
-544
624
-232
353
259
337
-742
-599
-195
-173
-81
181
297
-48
-515
-26
-488
161
-25
128
773
410
-673
309
-232
627
227
630
540
467
-314
97
674
-385
-273
-207
16
95
338
-231
-242
1421
187
-1330
210
246
-208
149
71
-160
392
1105
11
-145
-218
-641
39
-409
-278
112
-216
-230
430
515
-303
-397
-358
280
431
-121
-130
-293
61
-607
-387
128
-40
352
-865
-815
-223
-243
-10
318
270
344
1058
505
-211
-92
-582
613
-242
-15
585
574
490
-358
231
-72
464
416
153
-332
105
362
-92
-167
-93
171
414
546
893
323
93
62
33
429
1104
-558
326
-351
195
-648
72
577
206
-481
198
480
86
221
-47
-296
-576
-602
525
-557
-406
277
691
47
-330
-823
20
-171
-675
840
410
189
-753
-436
-580
-992
168
-172
448
-276
391
-307
-296
-375
-237
536
-186
345
104
193
-287
270
-27
408
-431
-659
-917
-213
475
-544
326
373
451
226
-47
-460
-281
-23
189
-206
369
-658
1181
-166
280
-226
-253
230
-481
355
697
265
690
894
-712
-325
-171
606
237
-529
192
-530
226
219
-116
-73
196
-99
458
857
30
-152
-256
-84
-285
707
-447
-211
605
657
-315
531
702
26
-43
408
249
-682
-123
-194
198
16
289
-61
-470
-143
-369
550
487
643
-215
-981
-324
302
799
155
-652
707
-162
-169
834
-230
544
261
320
-97
-269
-691
-736
257
-59
-371
566
54
-802
-359
-565
-457
39
-186
-445
-36
-459
-92
289
255
102
1051
-103
-122
-155
-223
-82
-117
572
985
-530
-172
267
458
32
-50
953
-6
582
138
-1118
289
225
-636
238
-75
497
-117
-132
787
-269
-206
-327
484
-1219
-177
648
300
285
-336
-49
149
258
-874
-126
-78
377
458
788
22
-161
461
-327
-395
491
445
-692
345
-874
-123
-314
42
-567
-58
211
-268
1206
-858
-809
414
177
-725
692
496
297
-574
79
342
-159
22
-227
329
-94
188
132
100
217
-52
658
-784
346
-148
-93
365
569
475
-244
-30
-207
-424
203
119
-697
-40
406
63
313
-356
-57
322
301
29
-643
456
844
849
-386
-403
-346
543
324
88
255
121
-1178
249
-418
-57
942
516
216
4
173
361
-317
-546
22
1088
343
524
-220
94
290
-279
-405
306
-134
-926
-223
71
-18
251
-388
933
-738
-487
303
41
478
706
-242
-147
212
62
88
518
-711
655
257
-34
326
-332
19
-95
436
-60
-1225
50
-514
-114
355
403
-258
-900
-901
920
225
974
-273
-364
347
-68
-56
-553
-1
93
-785
119
-853
1288
-572
260
-968
803
204
88
778
524
-298
333
-4
153
36
-369
587
-395
339
-382
-432
-54
-492
-480
302
192
114
-104
-400
-14
400
313
-127
570
858
-251
-391
-175
44
-296
615
-39
393
-162
179
524
-24
291
-744
-632
104
906
46
-178
-273
219
6
755
-211
774
272
142
-666
335
233
497
655
492
188
-816
-473
-459
865
-654
-300
-495
-471
-152
-6
56
0
360
64
55
-253
-92
-669
-256
-68
418
-126
-279
469
-620
164
-159
-487
-498
-566
168
256
345
-544
273
223
568
524
-36
-136
292
79
-13
-37
494
-76
650
634
142
-53
-30
-634
294
833
-94
-611
42
-696
703
-134
-353
-513
-482
-550
71
-93
43
747
-512
-185
-174
-90
-368
-142
123
534
-642
-325
428
-185
360
582
-331
279
-584
171
-194
-72
321
-103
-790
-109
78
23
810
-248
-843
443
-121
82
-93
744
-78
499
-671
-344
44
-585
187
722
296
421
598
-619
-71
-461
-222
-581
535
248
-584
-580
-42
561
372
-375
263
-372
-112
-388
-4
-237
859
385
-761
-453
-163
468
400
-235
-85
-98
888
16
123
302
388
429
-313
748
-462
625
-98
501
312
547
236
-98
-421
658
846
377
502
-726
-1040
-554
-28
-300
-78
-25
-5
-713
-959
247
-129
-256
329
87
-774
375
-300
1086
-89
270
288
77
514
147
-6
7
498
229
-51
-6
835
-224
175
340
46
-722
-1506
-364
484
40
-211
-145
242
-125
11
748
112
436
276
86
313
137
381
-808
586
275
124
298
-754
-60
317
478
183
267
-368
-820
-37
-2
-231
313
257
-1246
-338
-571
-571
612
1099
-34
-176
-413
-228
-239
680
-114
335
159
117
-232
508
-629
-122
-355
229
-289
-440
382
-33
241
-818
176
-132
-324
643
-144
381
-235
987
-275
657
-452
21
-452
265
-381
-580
-642
-384
182
-435
89
-399
-379
53
683
186
-808
563
694
1218
272
-212
419
-550
50
-620
84
-416
-136
-535
520
-182
-183
423
67
482
349
188
788
136
48
737
-150
580
784
-5
404
-91
686
287
63
922
741
434
-107
-406
-588
114
50
656
-449
164
-350
-984
-700
829
159
574
268
-561
106
611
164
-485
642
132
-341
177
188
498
-149
-175
127
-486
-619
402
1099
-288
259
358
419
343
369
271
450
119
133
151
411
-375
1164
-136
742
324
277
649
-60
6
291
140
-242
-80
659
-26
450
-112
92
578
-399
119
53
583
-250
-711
84
-100
212
-219
799
191
-247
-111
-478
621
124
-151
-69
-295
-257
786
-406
-140
353
-136
325
82
579
-231
-286
12
21
258
-330
343
234
-618
-392
-766
-1100
120
669
740
337
-94
-684
689
544
-82
-47
905
110
-172
664
-335
-420
-457
44
-51
582
303
-31
-100
253
827
-115
562
101
192
153
-382
125
-529
469
-630
-1040
64
169
-697
-180
-38
-523
586
-17
-298
-79
250
180
914
-1527
-11
365
342
487
424
-213
-530
316
70
1168
-548
122
-2
-200
246
702
312
542
-107
267
-227
251
581
-889
-468
-891
296
951
263
-322
189
265
471
470
244
-371
361
29
-94
258
516
822
-339
36
-275
98
-230
429
-379
-17
551
-543
-40
515
-169
44
-143
-146
1379
-380
144
-177
712
-283
-1001
-117
529
-385
340
-248
543
511
-248
-961
426
-659
393
-436
450
-197
-452
-385
-158
-136
372
-741
-31
279
-138
103
35
-222
40
445
549
40
937
-723
-886
-471
137
372
147
-788
135
-245
-112
147
129
649
-276
695
-529
254
-1240
-701
-258
-157
178
117
123
-356
-1114
516
-170
12
491
-775
-54
90
79
-1281
381
229
521
-249
-4
-694
-410
-508
349
513
-524
-571
424
-47
73
227
-153
-337
34
384
-80
533
700
85
43
-226
-299
364
784
-1025
251
-744
150
-113
-94
683
-4
-470
685
47
-431
607
747
24
508
-583
-539
131
720
-56
-457
475
-1157
82
297
700
-14
257
-640
469
310
497
855
-418
-291
510
-147
-376
300
964
243
-306
-216
498
266
477
-46
918
328
139
-356
-76
549
549
-417
472
254
254
-54
573
98
-619
-406
593
-344
154
-407
49
93
116
-641
-107
-532
451
2
-174
309
-57
-699
-361
-361
329
-506
-25
-176
479
464
-476
-154
-42
-154
-1246
-741
29
518
-33
499
-249
10
253
22
728
822
311
625
-443
8
-491
710
508
-756
987
80
