19 60 400
0 7
0 9
1 14
1 15
2 3
2 12
2 14
2 16
3 2
3 5
3 9
3 11
4 1
4 3
4 4
4 15
4 16
5 3
5 13
6 10
6 12
6 16
7 11
8 2
8 5
9 0
9 5
9 11
9 15
9 16
10 1
10 7
10 17
11 1
11 3
11 10
11 18
12 1
13 1
13 5
13 16
14 4
14 9
14 11
14 14
15 4
15 9
15 10
16 4
16 10
16 16
17 1
17 2
17 4
17 6
17 13
17 15
17 17
17 18
18 1
18
20
56
24
12
0
25
50
42
11
35
27
3
6
7
49
14
21
13
58
2
37
5
16
41
45
29
22
46
15
47
1
28
33
8
23
53
44
30
32
40
54
34
36
19
39
57
17
4
48
59
10
26
38
31
43
51
52
55
9
432
247
526
-573
-143
-280
-708
-110
4
223
34
-743
-31
-668
47
-60
-819
76
-248
579
263
-151
-398
-552
765
-2
101
-678
-465
46
-301
95
-280
544
-209
-140
-134
117
340
257
-159
-41
-371
423
72
-265
-127
159
381
606
216
462
-526
41
-187
-243
282
107
182
-20
115
304
-160
32
-126
-3
-464
-478
303
-608
206
-92
484
-745
49
-152
-107
-133
60
113
356
-652
424
-43
658
551
554
-862
259
666
32
626
-131
-180
328
0
30
854
-201
725
1154
576
65
-343
290
-13
-527
190
-204
-289
-627
6
47
215
119
526
-26
-664
-275
-278
359
373
-772
-187
-430
-423
421
496
-192
30
-563
282
464
-40
497
34
568
530
-3
55
-46
61
240
421
-375
-140
-222
399
-312
-116
-910
54
-208
-405
447
-278
-117
-18
103
-4
406
441
-254
-294
-74
-172
-934
612
274
-235
-340
-319
455
-109
1048
297
399
424
-172
194
660
191
199
316
32
0
22
281
239
365
1237
126
-14
445
-159
293
-541
-129
249
68
339
-141
-51
-110
180
320
257
-70
483
662
-377
465
985
67
338
-195
730
54
270
619
178
-163
-222
456
-180
488
-153
-746
-302
303
-636
-512
-155
407
-245
-537
80
532
-264
149
696
-19
-584
-160
-176
70
668
-340
-80
-143
-501
282
-73
205
-110
242
1076
-258
-115
796
54
-293
-10
-510
216
-149
248
26
-56
658
-52
-272
-121
-221
185
-44
270
-86
-34
-865
-85
79
-643
462
-380
457
10
-327
-5
151
789
321
-10
96
-457
-546
810
-132
40
100
-642
-136
293
-180
-523
148
-9
112
435
-687
-409
-137
-531
-167
-242
-315
420
-357
379
29
-701
-183
-83
-221
-383
-393
-294
218
448
-559
-150
-218
-53
-183
537
590
-285
438
-346
241
-7
546
155
-451
470
-79
-312
355
385
301
10
737
252
-563
234
88
539
26
582
-86
-276
-425
-53
-559
-180
-340
605
-113
378
-906
561
613
17
-530
513
765
-676
-395
-264
-101
-40
-16
611
733
246
-48
-695
466
214
-328
193
415
-484
-96
352
-224
-115
-131
-124
-60
-791
-464
-267
-102
-808
239
-22
543
-374
92
25
-265
712
261
-531
-221
374
317
151
-75
665
166
175
317
188
729
-198
321
133
-38
374
879
40
-629
-712
-272
536
-816
45
147
185
-264
-330
118
-117
860
-495
-545
114
223
-331
-185
721
-172
476
228
-69
239
-496
-473
179
261
431
-166
161
490
-763
248
464
441
-30
328
-66
-520
227
-440
-11
51
-669
-160
-24
263
589
279
195
-149
50
-62
23
-14
-491
98
-395
-417
67
-250
-163
-277
158
239
274
-232
147
100
-83
340
-310
560
460
36
169
302
286
166
-588
91
646
563
142
910
-64
42
116
-221
-341
142
292
-364
236
756
-3
-340
1091
104
-248
-18
65
229
591
-176
-967
482
80
251
-295
-990
-193
-417
-274
-84
158
-339
121
50
-596
-310
-388
483
-438
391
-405
-583
485
118
114
212
-610
-540
-829
-423
335
-242
-192
341
90
-29
-146
-21
356
-531
92
-537
50
577
-754
-311
153
205
169
352
-131
-4
-555
538
-10
82
-96
-183
548
141
-237
483
-464
-33
-135
-155
195
299
538
-255
-353
-137
212
-307
626
922
390
83
-300
-280
-183
81
650
-36
-1021
73
-541
-2
-305
-682
-669
-193
564
52
102
-633
422
-232
-608
-163
-302
-450
440
-138
-205
174
397
167
-723
-49
-120
-775
-164
27
326
216
-225
30
-335
221
-187
275
-29
214
-171
-513
784
-675
-44
131
724
504
326
305
899
527
371
177
-445
312
-401
286
-440
-169
465
-489
76
85
142
-360
162
-184
-251
-402
-478
-367
-146
-441
-129
584
-510
-512
259
341
283
618
140
-356
393
-910
-555
162
-406
429
-99
-374
181
-145
526
-229
285
-668
69
-254
-263
20
-128
526
-211
125
108
-442
0
-25
70
484
280
978
-174
-970
-135
-318
157
-305
283
-413
31
-667
-126
783
-100
-352
-471
-252
457
-628
57
-116
78
-182
-333
170
-662
-112
-273
508
901
-314
207
151
468
-821
-67
-671
25
83
-418
200
618
128
663
-433
58
-123
-460
412
349
226
-66
20
130
-586
-180
40
-419
245
-483
209
104
-460
-143
164
238
-803
676
-23
-170
-17
524
-196
312
-257
457
-397
172
45
412
473
22
566
328
-235
148
-52
-242
322
31
208
-332
175
131
-69
87
-17
-197
539
201
-596
33
-360
-502
-768
811
-118
371
12
-353
-256
640
-75
-317
57
349
-687
-322
-88
-264
-82
588
336
-291
-483
137
-464
309
121
881
56
129
-317
425
518
366
-59
-734
704
204
62
-250
2
-137
-50
-95
108
-405
-65
-764
-498
-838
388
-217
-945
-395
198
124
-1081
-282
263
265
150
-581
332
-508
338
571
468
52
449
425
-493
-347
849
14
309
-283
169
447
450
-213
828
226
-314
125
-163
-876
148
170
-276
-268
418
-39
80
-627
728
83
302
508
1148
312
-340
128
684
457
-255
480
-1032
401
-71
-130
-587
-931
162
-308
-371
-263
53
-174
50
-70
-312
-227
-309
-100
-544
-374
-176
-348
-98
367
290
-408
318
-34
353
44
-554
444
-373
-446
-396
45
-255
800
-719
-36
-167
-119
100
540
-281
493
80
-216
480
-506
-492
-451
330
-68
-21
-690
-629
292
98
-12
351
52
-221
476
-511
87
-104
-345
52
758
512
248
505
112
615
407
180
-522
50
-8
368
-482
60
484
840
-997
-188
284
-214
99
-78
515
-344
-222
880
-72
-578
-811
-539
-198
-96
519
-157
398
-585
-779
778
-167
-203
319
42
-419
264
-647
437
259
240
512
-385
-425
-411
-536
-354
-219
-188
-193
-261
313
409
-92
-451
389
59
549
111
-722
84
5
9
264
483
249
-508
546
73
-17
164
-203
-438
484
-253
-17
827
181
-148
-168
-45
150
250
529
-395
180
6
208
-56
179
526
-323
25
-564
328
-457
-508
123
37
413
108
-387
-58
-116
304
62
223
-204
-299
152
-103
422
-570
294
-196
-485
-979
-79
158
-827
-203
565
13
233
269
313
635
293
-412
-323
-44
44
414
385
661
-294
176
33
-357
156
50
298
280
1015
-175
442
61
-205
-389
-60
5
10
-317
291
-35
-55
-685
-75
182
-103
278
349
193
-212
266
-445
439
121
-221
97
189
610
-475
202
91
200
355
-216
-463
-7
569
541
-101
200
-252
-175
35
-344
176
-126
-165
-245
-541
132
520
466
-70
-624
-139
-413
163
445
-228
-526
-245
55
-2
-432
-342
-362
-167
797
108
-170
-94
-374
-266
1104
-175
-117
-49
-84
23
62
-744
-298
-90
336
165
-196
-27
-188
93
-352
-89
269
152
482
439
-811
-604
24
-636
-87
-203
-403
-74
308
253
206
758
181
-296
-800
-258
-417
-99
-216
154
279
-686
-608
87
-220
72
225
-268
400
-330
362
-272
287
397
-316
-52
583
430
642
540
-773
-591
-94
450
-474
-210
-179
867
-216
402
169
-733
-325
-21
26
-729
320
-401
56
-115
-496
-301
639
-262
120
-119
447
-215
153
235
195
-231
140
-711
442
196
-136
-373
341
-250
538
277
-601
-98
-187
556
-401
-303
138
27
474
-31
-354
53
1258
120
268
-669
-296
-380
274
210
-17
365
-322
-69
552
-651
291
318
-28
-178
-677
536
-82
58
209
-74
-332
-647
98
566
178
-527
-103
-352
225
106
-140
202
423
178
147
794
-339
113
-1165
-230
221
41
-179
-32
-387
-532
-195
-570
-863
-87
-17
473
1
121
-78
-413
487
-3
-101
-580
178
378
133
92
445
160
254
-805
-201
-203
-409
57
352
-27
-531
738
-717
-201
-142
613
-559
-579
-198
-562
-262
497
-207
576
-350
519
8
-285
-255
-261
310
348
18
210
-441
-166
-236
-105
-173
467
-172
-109
443
394
-253
-284
-321
13
-302
-243
305
-429
-537
596
-447
-347
523
-156
761
-73
-452
-221
-828
148
-2
-572
109
266
-736
-303
244
-682
275
897
-152
162
133
-473
87
-189
692
-158
-110
-96
-449
441
415
375
765
833
273
288
-282
-737
-422
231
311
429
704
-168
-258
512
-127
-156
-108
331
222
75
-579
-426
299
-109
182
489
-19
-86
140
609
145
-702
-101
-742
107
-75
-686
210
-744
-19
358
-504
-317
733
-711
-8
412
376
-11
-274
-299
121
-575
-460
-94
-475
-102
-408
149
299
490
-364
-156
318
292
283
231
341
-408
17
238
-112
359
245
-488
-486
57
-1082
-14
-212
-992
-521
362
-317
-161
261
96
-189
89
192
-364
-279
-122
-529
-120
488
138
508
169
813
688
43
-1
592
465
626
-372
134
-949
909
117
-751
-275
-71
283
308
943
-261
-56
208
-237
249
88
-40
199
381
-68
-184
-98
-658
-565
-53
363
-121
-98
85
428
721
274
-934
345
251
86
-281
-166
-224
-270
1087
411
220
384
-243
-494
-119
454
-435
-126
-944
-579
760
477
-348
56
-785
424
18
-41
46
278
-364
307
766
87
572
-112
17
-272
-100
174
49
-95
-457
446
-16
253
285
182
-862
145
-300
346
488
509
-254
683
-654
-474
-442
62
-745
205
-784
-66
594
120
247
237
-342
543
-178
-644
-280
-609
-408
277
-684
103
-15
-577
-281
-47
-84
-179
143
336
-201
-200
113
-76
271
-84
550
290
-325
892
262
-606
267
-38
-144
98
-165
-212
283
-478
-624
210
-643
296
204
-51
164
100
-498
-163
471
503
-488
-457
75
-499
-231
612
246
-396
-181
241
-597
112
226
444
-362
-138
-337
450
-566
-236
-812
-54
-193
716
125
256
-389
489
-51
336
295
-391
-487
418
-26
300
-124
90
-410
-56
-797
-24
121
465
786
-187
313
-102
533
-119
-299
-83
380
-189
-2
-501
114
121
532
98
-132
201
-753
-40
-220
137
1057
255
769
-122
235
-26
193
292
662
-24
-64
287
-482
114
616
-466
-206
-91
314
-392
918
-212
-178
-537
136
-114
-233
-193
-271
-571
-456
-291
-205
630
-663
118
-704
-204
-289
-416
238
-269
-400
-222
-611
-707
-131
118
656
115
573
154
-424
-474
374
-475
86
-394
433
129
-400
-289
62
-702
-113
-963
221
143
761
-339
548
-360
107
117
-142
138
724
-342
-389
-481
361
-17
61
324
204
300
498
-5
-235
-412
179
-426
-397
-242
91
93
65
93
-190
-334
-422
-607
292
-428
623
594
152
81
99
389
-1011
6
-169
-337
-388
-234
-209
296
-401
-62
132
-833
142
-295
150
-110
108
-827
-395
-112
91
296
204
-317
445
104
-175
-276
-29
-306
516
-76
22
-212
-326
598
104
-542
-113
117
535
-132
8
-221
32
-287
-22
-393
153
-113
283
482
-611
761
108
714
-333
-337
-467
337
363
-354
-83
-109
-115
-499
-402
-287
-303
92
466
-162
264
-9
266
139
510
312
-482
121
-144
233
-168
-212
-604
621
596
-378
-20
172
138
327
-644
-364
-345
-5
-621
436
528
-226
-297
-948
44
-78
-456
-59
-66
-113
-884
664
696
-78
232
-207
107
-192
-720
-295
119
68
524
345
122
93
90
415
114
153
172
237
601
120
-472
75
-449
622
-28
-94
-995
47
-289
-229
-87
32
-387
891
-84
-237
-187
-25
767
-441
87
260
-286
-57
-559
-22
-113
-16
19
-769
287
302
-844
-46
196
217
-293
-318
306
-289
230
-124
-89
-660
-351
-355
381
-749
-37
155
172
226
-153
234
-246
-166
-360
-1
-661
-286
-842
93
-157
-492
-435
382
-46
-81
106
277
286
-125
-283
-391
-484
-304
62
-351
432
271
89
176
-882
-620
167
-387
-84
-548
328
234
391
-41
-336
318
-34
-242
483
-510
-131
533
-456
-668
-595
649
-71
195
-560
-180
380
-304
478
-795
-457
700
-116
-267
314
-41
-475
-158
17
-128
-586
-370
64
600
-516
130
-435
624
-258
426
432
-90
50
-197
41
669
-147
151
-396
-660
443
-775
228
-113
24
92
351
-164
-128
281
-312
389
1353
-191
-467
505
91
-266
-445
194
-411
-140
-492
66
7
210
22
-263
-122
361
-282
-287
-393
1127
-159
66
-326
-454
515
8
-825
-153
-456
7
255
14
-180
9
316
-105
527
133
-9
-565
-944
226
-359
602
79
347
171
121
-525
-160
674
-369
210
91
607
214
121
-178
-385
-383
-67
-97
-270
-477
-77
237
-316
-564
33
672
244
-107
-42
-120
-102
349
-980
-550
-104
189
-424
285
473
-433
363
-257
-559
146
178
-161
39
48
-123
-429
479
631
41
713
-332
500
339
-747
478
342
318
245
-32
21
-85
415
-668
193
-188
179
-176
666
-191
29
-405
196
167
-457
-313
409
-75
-741
436
-343
-401
-419
267
-76
88
422
-705
-426
241
-367
217
-464
-467
65
-123
-585
-64
85
903
648
-288
-218
-6
-120
-271
-36
-355
-798
-131
-1181
699
-93
738
261
-536
-598
148
475
300
-177
-398
106
208
-183
-300
283
-518
-788
-109
88
626
72
21
-21
-468
139
-311
65
891
94
375
-141
244
-145
-729
348
702
412
-245
-115
195
161
-492
217
-207
-11
-374
387
397
226
479
178
38
-80
597
455
139
1013
-227
330
272
-69
-308
-554
-76
-1045
-263
9
192
1243
-618
-130
58
64
1241
-229
53
-354
-142
-108
376
438
-427
929
-58
-157
-183
-73
51
460
-243
-155
141
22
-87
-459
17
182
77
289
273
-277
335
-285
270
-244
310
497
-83
-422
330
272
178
-668
-72
102
620
323
-455
11
923
-42
-30
498
423
606
-318
416
239
-44
303
-223
-310
318
-139
553
14
-110
-416
-393
211
633
-265
457
147
144
430
-105
357
90
441
507
502
-661
252
-121
157
-69
270
65
-60
239
29
-194
-69
246
28
7
28
-627
599
-284
-22
635
253
-60
110
240
-645
-32
-658
-291
-404
-454
728
182
351
708
270
109
231
113
-203
143
-132
15
-283
-70
785
60
465
305
167
599
-803
-146
317
-294
523
139
-586
216
-256
-277
-293
-158
350
149
-376
-477
-53
-759
-23
391
-501
-560
-117
331
164
-10
105
303
-233
-99
-308
-1063
-394
-14
279
-1
-269
-41
-214
255
-38
-168
-424
-290
-282
-903
204
246
26
-310
249
370
162
-53
-508
140
613
-288
74
471
-189
-381
294
-159
201
-25
-402
-710
-35
-314
58
213
108
-482
-463
-159
286
-27
-582
310
-52
-220
494
-380
224
-306
-61
222
361
-173
347
251
-494
478
-645
508
-533
156
437
304
89
653
388
-424
30
0
-356
471
965
-90
-153
-431
-573
-1069
107
157
-306
130
-321
-702
754
-138
240
-380
-505
292
-261
-362
-19
-46
296
11
-52
-809
-37
-78
-292
-331
-506
135
32
572
250
-539
1038
947
-40
-273
232
161
160
-152
265
397
298
-100
598
728
-898
126
301
310
162
159
-749
-514
-407
788
88
-818
-639
-200
341
187
-347
151
430
171
-90
132
523
-91
-202
328
537
-180
37
375
575
-77
-566
-468
74
-363
824
-213
1005
-330
-210
-953
2
-585
-1
427
191
172
184
-191
-348
-335
570
-230
-698
-329
247
446
127
-194
43
308
-482
389
-482
-41
-193
298
-127
-37
-171
342
270
380
13
-403
28
240
-370
-162
-700
452
-14
522
29
-740
-61
-472
71
-693
28
553
315
-210
135
1102
-347
-256
-491
269
257
-91
490
61
-865
414
60
585
-671
4
877
-345
-189
304
-521
63
1
657
-129
-498
259
-210
-258
-263
-199
506
-343
505
-222
488
47
-462
-628
94
117
359
-42
-281
-232
406
-183
358
-27
-246
225
-524
-13
-198
105
-28
-137
-265
-232
-170
-593
-101
-259
-795
521
149
258
-75
173
-676
436
649
110
567
-286
402
314
-26
-247
-84
14
351
-265
995
299
-363
163
-877
-295
196
-148
325
37
835
-488
-595
469
-166
-51
-100
-392
436
404
581
-112
321
270
-318
-561
-89
-639
109
130
-226
-260
183
-170
171
-517
654
-333
-215
103
-431
364
-393
-608
89
69
-575
22
-614
-163
122
185
-312
-225
-298
-225
-215
244
-191
104
231
-140
116
247
-158
51
-85
-254
253
-333
231
-292
-532
194
-441
-98
-35
320
-96
231
-257
229
-65
135
372
-243
132
-482
341
103
175
264
281
-388
-4
525
840
83
-277
-437
-23
310
13
74
-75
101
30
-461
580
36
-348
476
758
-53
223
363
-132
437
306
443
182
321
-149
-101
-79
-325
185
-231
-219
-60
248
-775
356
-162
327
-163
71
-72
407
-668
-491
82
202
595
639
-402
273
-188
662
501
316
-244
-844
82
460
122
216
109
452
157
972
451
-215
76
236
-706
-1082
-357
434
455
378
299
589
-214
-264
69
185
-342
-200
309
-69
-143
831
416
105
-252
567
626
272
-227
265
253
-162
-919
-608
359
-223
-186
90
453
-908
-396
182
314
611
20
-630
-196
523
-304
810
-156
30
-471
-222
-11
-228
-449
455
-205
-5
-293
-680
483
-211
57
-405
136
-717
-28
136
-209
-522
914
443
-421
-141
-253
-615
-584
351
759
-155
-130
-159
-86
-246
33
-8
-42
-722
472
373
84
-87
7
-538
-597
-284
-880
5
-85
843
729
-495
609
-197
-62
458
-149
-698
362
236
435
54
254
-300
-52
485
297
-383
-722
-335
-385
-33
17
307
741
209
142
466
603
270
292
-533
357
109
-223
-587
90
-179
198
-1004
-318
-804
-708
516
56
55
-722
-139
-147
547
350
28
-179
197
136
597
444
-38
387
-275
-587
-24
382
-215
-391
596
-625
-371
-606
-279
-281
450
-432
66
330
-503
195
-248
613
247
-511
481
-172
194
114
575
-527
-552
309
627
-241
-322
-500
629
-115
117
-188
349
124
262
-282
-194
455
-563
149
667
419
101
-898
-92
-198
-226
257
102
513
292
57
-178
-279
-101
79
-11
297
344
65
733
-327
651
669
-140
610
790
-696
849
-249
154
163
-58
-201
395
119
745
-320
-688
266
264
362
1093
75
33
-252
-918
-269
587
296
526
205
-14
-286
812
1095
540
-826
292
-580
-131
308
-479
67
356
-273
201
-430
107
-447
-430
518
-51
-954
-83
-53
678
-176
482
682
-347
386
3
440
-268
-554
-585
1067
-432
-44
221
-145
-4
-45
-475
-7
351
-14
150
5
69
-695
233
62
-127
-173
-296
129
265
-910
25
-10
136
174
-5
190
183
-15
78
-989
9
-465
103
-203
219
255
-91
803
-624
67
-158
-383
17
958
116
90
-131
168
361
30
-155
-390
206
545
-250
-610
-39
-129
-498
-153
-170
644
203
228
591
306
-20
115
-201
-38
-116
-681
931
526
568
-269
-670
877
-1150
-567
41
-1010
-365
-139
445
706
248
-566
371
-654
-514
-341
-537
-373
-5
219
-208
247
525
-50
106
-668
252
214
-75
113
37
507
-900
-520
273
-817
-210
-85
164
285
-378
13
158
25
8
-671
34
580
-682
-107
203
-235
-216
-64
40
289
2
129
-213
-108
-171
617
-248
-507
-141
613
176
-260
-682
-196
400
-330
198
-384
181
-263
-116
634
-470
-350
177
-353
52
111
533
103
556
-251
230
259
598
357
220
-56
-2
600
73
458
-362
192
-683
218
135
-575
-65
-380
13
-214
-628
-59
-105
696
-57
229
218
-226
54
524
-267
-190
395
-373
-207
-514
219
-390
230
14
1078
326
831
35
-337
-324
-450
629
51
482
296
78
85
196
-556
1033
615
-95
226
-132
523
467
433
-170
-50
-127
689
-246
130
335
66
966
-210
292
-671
735
-213
511
-254
-146
169
581
-589
-401
93
126
-375
305
294
-176
-772
75
-16
-487
251
-658
674
175
-45
-169
228
-147
-290
229
374
-229
52
-210
493
25
317
-909
536
-210
5
343
-15
410
259
61
793
161
216
333
-100
803
134
501
203
425
-249
483
30
-72
-428
-509
56
-553
565
-165
415
-782
309
-1
-886
-104
-165
-116
210
-605
-251
151
-152
-635
137
99
-32
366
-110
389
-1201
22
260
-314
649
415
-208
-558
-101
469
-127
812
-219
149
-612
-592
-40
-372
-241
611
-75
-263
-388
-437
623
250
305
217
472
208
21
144
-329
-735
508
-277
-152
351
454
539
62
-105
-453
-429
474
-186
216
105
-259
426
-83
-125
29
329
-323
256
194
-435
-745
-330
404
-46
-456
311
-239
637
-219
460
-499
-674
329
-157
31
287
267
-463
316
513
556
-355
604
682
307
128
269
-167
125
494
23
307
-755
-406
-600
236
480
-297
145
299
-469
312
-266
176
-476
-311
-236
318
-47
1153
-272
-105
-250
224
113
-264
112
531
-297
-190
177
468
2
-614
177
206
-340
235
-493
740
-339
-674
232
-298
104
468
496
166
68
-343
-143
70
-604
-119
-282
563
177
202
469
-117
273
39
289
-8
-411
-274
-163
-210
100
-610
21
51
159
598
-103
172
758
495
561
-647
317
861
-1163
-195
93
161
250
457
96
-55
406
144
-72
56
620
496
296
-204
266
-82
433
-164
-175
-685
-180
203
577
12
26
346
7
-80
-646
-225
-723
-134
-414
683
392
519
200
202
907
-337
579
205
-53
430
342
-37
423
-199
41
306
-262
-151
-663
-207
-349
-239
172
-623
-249
-342
159
142
588
-183
-599
-579
-217
908
-453
431
553
658
-329
-549
67
-471
-346
127
-95
382
223
-304
-132
-39
370
69
-113
228
-85
268
-290
-150
-446
273
-154
712
-105
-313
142
403
-242
-439
-400
709
-151
-778
67
-59
292
-324
-452
-300
-262
140
-242
-205
-801
-533
529
-337
-126
-435
-176
-453
397
-161
31
-597
26
-772
-732
412
-132
307
-411
234
212
484
405
-711
-99
-150
319
246
-325
182
-477
-272
-56
318
-486
472
-230
574
515
558
175
-65
-48
-167
-445
-74
-314
-41
-516
-77
-270
88
-280
191
-98
-219
310
-61
100
-297
343
176
-411
233
-47
360
-699
-20
200
14
264
-204
645
-93
44
-17
113
-204
478
110
-92
-706
271
-186
310
203
-69
495
-681
363
-331
483
493
120
-495
244
364
-72
-229
369
-71
-170
109
-245
-69
521
52
243
-389
189
-336
-302
-364
-131
742
406
-350
241
-361
-84
93
199
-26
54
-123
244
-416
106
87
324
276
-357
20
296
-78
999
545
-778
165
-698
-494
292
-333
349
183
198
123
-447
-309
435
240
-273
-5
-442
102
-170
292
-525
137
142
-61
168
776
60
-349
-328
149
-364
101
-15
-737
-170
-429
449
-291
-47
653
222
488
431
697
165
169
101
85
-621
-91
-327
758
-410
-229
-557
-388
479
410
507
-299
-73
289
373
-305
244
-675
-81
31
234
-388
-71
-119
-385
-1096
-127
-580
-753
117
-217
486
248
96
388
-47
342
-212
388
319
-736
-258
34
400
288
162
580
-339
174
-119
772
-179
-383
-579
-56
-486
-589
552
-6
-267
45
45
-254
-112
-421
8
-615
-213
-122
-568
13
72
-397
-121
176
270
-273
62
425
-295
196
-160
-78
-118
-178
-138
259
300
-727
-342
305
-469
235
860
-96
16
-428
246
-209
960
-401
160
47
519
-300
559
713
360
-33
-193
311
82
77
-392
-225
-521
-243
-262
-247
-233
971
189
-534
-167
530
286
238
183
608
-304
726
-69
145
485
42
-201
511
922
94
553
561
-282
-1144
184
-68
445
-244
-574
-273
165
-394
124
-687
762
-53
53
-130
-567
13
-76
-257
206
-276
-615
-394
-383
-418
-294
25
640
86
-743
-1193
-390
541
-65
999
-527
253
175
433
-568
-281
275
329
-203
338
339
447
141
36
-336
-22
107
629
-835
47
112
-153
-584
-274
541
-449
634
-166
452
-189
-788
-1079
613
247
404
587
305
422
-574
-112
-67
-130
366
343
846
554
552
-398
727
-427
239
269
-351
-89
-122
410
88
-224
610
-2
-16
217
-552
726
-233
87
-441
-380
-206
709
-558
-320
376
-386
-479
599
320
374
276
-488
-705
-346
-398
-242
139
392
772
149
309
-23
47
-76
354
49
583
233
-180
-119
-256
-101
92
518
-607
-70
423
-242
68
184
-59
-151
-180
-621
-704
-25
-484
120
-296
-716
212
761
-431
-47
-78
770
306
-379
256
34
-225
434
-285
529
85
-808
237
256
-659
-325
26
494
354
1073
-46
244
859
-562
396
61
-678
431
235
65
506
15
435
-475
-42
246
11
194
-84
25
506
-220
395
6
317
-333
231
-68
-423
147
97
-711
-347
94
536
64
79
297
21
213
159
215
-119
292
437
375
-32
229
-341
500
-112
185
-511
-737
-13
54
23
225
80
-186
436
-1013
353
-574
-233
-45
-277
-158
315
49
-168
-1258
420
35
-312
250
684
535
-275
-256
503
-452
29
57
-419
-75
-371
-394
855
104
352
-422
511
-82
90
82
9
-8
337
-19
771
-122
77
261
204
526
-313
293
163
448
-59
291
655
-648
-365
8
-386
633
-263
-463
941
581
166
357
289
224
429
-560
468
630
-122
315
-260
547
442
396
-556
-75
-88
-387
354
362
-735
-80
849
-870
181
685
215
270
264
-279
529
-39
-712
-133
-194
254
-161
190
-262
67
230
362
-1071
135
748
-286
-78
-101
-764
580
140
-395
-621
7
-1102
-101
-540
212
-149
-21
422
772
-135
-115
199
-48
150
-295
-32
121
-901
159
331
179
1
-740
333
428
-164
-232
-513
-410
-34
-220
1054
1025
-1
803
353
750
-343
399
-372
242
-53
-69
-346
-327
-157
124
-364
113
47
-336
236
200
929
-186
-359
410
241
-168
327
12
68
19
509
-245
20
604
52
-290
539
-454
47
-289
-621
56
397
-35
432
130
-365
110
-287
45
-480
-338
-272
321
-249
169
-388
-188
-417
-225
148
223
418
17
171
-207
-97
-12
53
-3
-256
1006
-656
-766
-334
-78
-859
-164
-626
217
648
-333
386
172
-470
83
263
-499
-428
-784
11
359
331
-958
219
-816
608
-316
-93
-12
124
-190
527
604
236
-694
77
-318
269
1178
54
35
39
12
-597
38
-628
-271
1080
477
479
-7
-483
110
-426
382
-681
-479
27
-255
-383
217
662
19
228
27
297
96
-116
419
246
313
-750
-666
116
-231
-64
524
-134
-783
51
266
257
246
14
-540
241
264
923
-96
612
-39
1206
634
-325
34
17
-202
318
-387
-249
-14
-141
-241
915
87
-476
-42
-272
365
-14
298
-349
553
282
-554
140
-82
-503
599
-153
328
169
-73
224
-286
-538
-266
214
275
758
-246
-2
-26
1060
676
5
270
140
-338
-337
111
-363
264
129
-99
293
-216
-268
120
-433
-117
-225
-344
89
-348
204
682
632
-292
325
441
142
-514
225
-641
62
-75
-45
-477
-70
218
125
-142
-220
766
604
105
-12
-493
109
114
-682
-310
-131
-49
318
-450
250
119
-395
112
-348
334
421
296
-72
-115
779
765
578
-402
-174
-541
-36
147
4
219
69
-733
-558
-493
-34
-131
-932
-34
505
-9
111
-610
-118
275
-397
-218
611
-207
141
-220
-128
458
1077
107
-8
690
178
519
160
442
-180
-511
-11
-399
-363
-663
-167
33
106
-267
-56
-282
-304
33
-346
111
4
340
212
-459
179
91
762
-478
-325
-459
98
-7
-471
151
-359
407
-568
389
-161
-28
-382
369
920
-40
38
-307
-743
-245
-43
-478
-236
-122
-444
459
182
311
457
-151
-134
117
35
-131
509
-235
459
-669
24
71
297
415
-211
-128
167
577
-684
-277
-256
-330
-760
-330
-330
715
-142
-420
-692
340
-9
-458
463
590
-2
-11
-277
512
416
469
-188
-594
628
603
525
369
180
68
24
177
-566
-409
-112
368
-70
277
798
137
619
119
421
-194
107
103
-340
137
161
-738
70
489
-192
165
320
70
-235
441
-248
-130
-237
596
-636
-166
-234
548
360
-51
64
158
142
897
-296
23
412
-465
708
-363
575
232
-414
347
533
-144
-679
251
221
-282
-308
524
-34
-460
-324
-401
611
-1268
129
-41
152
48
-305
474
127
219
364
477
130
-58
-546
-249
530
-174
522
13
-251
67
116
-177
-209
194
-79
-22
326
866
-199
-270
-154
-117
650
-1
-652
312
-694
-77
-167
249
40
-558
277
82
185
224
614
47
-75
-188
519
-122
136
147
-348
-170
-344
697
-274
259
-47
-250
-565
521
249
35
-333
-219
-593
-479
65
-10
221
-259
157
-50
-20
-128
195
-365
-402
457
89
1057
117
-296
41
215
274
-1459
366
-275
-559
-712
244
-193
-448
-399
6
471
78
-542
-314
-784
-827
71
-484
508
-536
19
258
-359
358
-712
124
-185
344
-876
-4
-375
-604
-451
320
325
43
232
268
-90
102
-364
-347
109
152
-119
-197
72
418
-186
-38
378
-166
222
-95
459
554
-547
106
-453
-333
-200
287
14
293
-47
-341
-225
185
-45
947
608
-453
114
-4
110
-241
-64
130
-239
681
-281
592
404
-370
43
-53
-17
-900
178
-415
240
-218
232
165
250
-225
40
-319
-499
-564
257
403
156
968
254
206
420
-835
-66
-286
922
256
-13
-583
273
-166
-677
-183
-115
1255
655
654
858
-78
259
161
549
443
330
-573
464
-156
-14
92
913
-67
-60
-787
131
908
905
-370
-886
-270
-137
427
37
742
-253
172
63
0
881
-184
-383
168
435
-443
-103
-726
13
98
23
-157
-210
149
-732
-64
161
365
-574
795
10
-406
-3
-1185
517
-370
-60
-582
530
-119
236
-189
429
-14
-112
231
-234
352
-519
211
386
31
-869
103
4
511
95
52
124
302
-589
226
-205
-124
-620
-149
627
25
64
237
-583
207
100
-120
-74
185
291
-43
299
-422
22
85
-571
-741
-443
-74
262
-240
-306
198
260
-606
-320
-257
818
-498
685
74
418
-329
-80
-571
-1369
-4
522
-6
-50
-429
-17
5
698
-46
-139
94
-711
64
618
383
217
7
-126
-342
-233
431
71
343
-329
679
-249
-539
133
-637
236
433
-372
-140
151
158
-1143
105
-397
-101
229
548
505
-81
-739
105
-374
-150
-271
-126
-94
118
-384
308
-95
328
41
-468
-524
-245
-640
-516
393
-349
134
-26
-230
112
866
-177
-236
-562
-540
-670
122
-138
-751
-205
448
-128
-535
610
196
-276
65
-627
275
-259
371
194
90
515
162
-178
-512
-416
541
-692
310
-295
513
361
-413
-224
-424
253
-323
-293
74
174
-607
563
219
81
-228
-435
-370
-443
-585
-275
-268
273
331
931
525
452
311
214
-699
-29
180
526
-244
-469
49
-203
-958
-1168
41
262
601
588
100
39
-182
-223
-220
-595
-434
-355
-455
272
-90
359
167
229
876
-502
132
31
27
186
-238
-335
132
361
-101
-261
434
-35
-152
88
180
375
316
-50
164
608
-376
-317
414
1196
260
-342
219
265
-292
-342
597
-145
115
82
267
367
-19
-287
320
870
-341
6
177
-71
520
338
129
-33
507
-87
295
600
-125
-154
339
-282
-592
-757
117
-692
-112
166
234
-7
147
-599
358
-828
1
61
-358
276
-88
-138
466
-366
-608
325
280
-173
81
214
404
-521
-7
-127
-124
-298
-131
633
387
-282
-506
-284
-1257
390
-207
641
-98
-231
-1301
955
106
-4
-469
-900
-610
355
-821
-544
319
-178
82
1075
-125
332
332
16
-222
496
374
553
-36
135
-558
-76
526
441
107
-36
711
268
39
-220
406
-213
-594
172
-261
-504
-275
-672
-62
-12
-397
500
-89
-378
-214
-92
454
350
-524
-71
233
-595
-461
-553
-265
-140
-794
-1267
-264
-3
272
-260
14
3
-399
-65
-408
-392
394
-25
-225
-106
-161
-619
-917
-45
-432
-549
339
835
-364
1132
959
35
-159
-149
138
-54
224
-138
266
700
-11
4
-101
345
1082
155
-310
355
261
-108
191
193
-24
-335
548
226
-84
-177
382
-93
-322
296
422
164
-468
327
647
-527
17
306
-101
-437
-818
11
604
769
-400
-527
248
523
133
-392
589
-521
-836
469
-903
474
69
434
-500
-278
295
-15
-290
-339
645
-139
490
-64
161
-221
-341
-479
-201
29
241
-402
240
-395
-303
545
-37
475
-222
-404
-856
372
470
104
-475
340
417
-74
73
-56
-24
345
91
-334
-583
666
-82
260
581
-190
-510
-89
-347
72
113
-230
-158
678
85
-214
760
225
208
174
163
-602
-198
-308
-162
-318
700
-110
-566
-65
440
241
-29
551
-24
-189
220
-770
436
-689
-288
-387
-332
384
635
-415
-544
201
-311
-12
208
812
250
-394
523
-106
-383
321
490
321
-132
325
-405
705
-695
25
-392
-135
335
-323
382
458
-304
176
-296
217
-210
-277
71
450
-237
49
-243
-214
-245
176
205
429
-235
-707
-571
-188
63
-435
520
298
564
64
83
-204
-453
-124
-272
-135
501
427
-191
507
-518
582
241
483
263
-242
444
300
-288
-314
-568
-212
309
-250
-14
-389
82
211
95
0
-588
240
251
-612
-117
0
-48
-575
-403
-460
-131
30
317
-465
12
99
-98
747
-436
410
1454
32
-1049
276
521
-513
20
-479
-439
743
269
-273
-86
-348
34
672
452
103
607
-41
-411
-142
163
108
857
95
-229
-563
-88
-308
-611
-29
35
-322
-244
-168
311
234
-264
336
67
291
185
208
-205
375
680
761
600
-465
465
-324
-314
-190
-121
-704
-249
468
688
593
-77
-614
-482
-76
26
349
-200
-147
859
-138
-966
-143
-302
244
-617
-246
-210
-102
-34
-210
-118
-270
437
891
-298
303
162
-1
-119
300
108
295
248
-74
-99
330
-307
737
-195
65
15
251
205
484
-357
56
-402
490
175
162
-21
51
-4
-272
7
37
-91
94
115
1
-200
277
354
203
-542
-724
281
-315
199
271
112
39
437
496
327
547
-82
-258
619
-514
476
149
569
965
-601
-9
57
276
-182
198
352
-214
-475
42
288
-125
10
407
234
280
-972
-366
322
228
-281
-468
557
-263
112
222
131
102
404
-399
-755
253
123
67
386
489
-545
177
671
-508
-470
222
29
528
310
-351
130
403
502
36
-279
301
696
-341
133
-778
-298
114
-92
-436
134
-166
300
-492
231
-505
77
275
480
-363
-139
127
572
-13
183
-31
-69
-634
165
79
-498
715
-220
-681
-34
-731
-108
189
-352
-26
-66
-260
-67
398
317
668
48
9
260
-250
127
587
600
252
-772
421
244
578
681
778
542
-411
426
139
270
52
-20
255
94
151
37
-112
-196
309
742
192
-132
-280
840
332
-81
-14
522
148
1015
21
-588
-451
-73
-292
-76
150
-177
-210
-650
916
-383
72
-671
451
311
-188
126
-780
758
-603
134
-321
801
69
-186
-435
76
-713
-305
471
-93
-87
-578
-27
1248
-168
-103
-364
246
-386
385
-247
390
-131
-687
-34
141
-468
-177
327
-49
473
266
857
-367
-186
-384
572
-162
-617
-558
237
684
368
524
203
266
-298
593
-923
207
-470
-196
169
-8
-134
205
-978
270
-389
-93
154
-91
-530
-385
441
1005
690
-191
-50
87
473
243
296
368
20
-1226
-540
-239
135
-389
-43
619
246
-329
91
119
772
-845
518
735
219
-447
-534
13
-15
471
-334
-30
-361
67
-416
389
70
157
-129
-258
7
-640
190
-849
-72
315
180
-210
408
822
-664
-563
447
151
-124
-240
222
960
372
-545
139
-42
-168
-93
283
-301
-201
382
35
-157
62
229
-582
154
351
-284
-9
-1178
-591
798
332
453
-127
-1051
-59
-350
12
-377
458
-220
-713
-223
95
766
-753
-319
-734
-58
-653
31
-150
397
516
84
-9
-50
-153
583
249
510
150
712
81
-203
378
-583
188
-347
28
600
-223
967
-32
-721
-98
112
-617
336
185
595
-99
682
-121
178
-48
285
668
148
380
-648
-559
-102
341
-491
-118
522
-142
350
-446
90
-385
105
416
30
176
661
-219
14
683
-785
-417
187
5
-123
146
408
-577
35
183
609
205
319
-239
-126
596
-427
608
-176
613
-674
22
979
-461
-7
184
-325
-273
-54
201
-494
-641
-119
538
-425
69
-238
-172
-258
-414
-662
-36
690
-656
316
-381
-312
546
377
-79
173
-411
422
-10
-688
-270
-746
-987
288
133
-110
301
-157
261
5
285
-145
14
-252
-112
242
379
149
49
-238
-612
-133
78
54
-406
-11
189
-406
838
-741
-326
78
494
-163
50
717
-226
225
400
300
381
-462
-287
281
-635
-2
2
182
79
-340
491
-420
101
-368
-416
-590
163
408
539
367
-259
-363
-1025
412
196
-95
346
-51
-16
-402
85
-132
-680
7
-61
373
279
183
-42
-682
453
-27
1
-430
260
-215
-565
-823
336
547
-275
-101
436
184
-485
277
36
-96
-206
-30
-54
371
545
29
-224
-76
390
181
-528
-416
276
-312
150
-34
-455
-605
528
-533
1018
35
-111
279
-533
-108
-61
93
103
-437
556
186
-445
455
208
111
-725
161
459
168
-10
186
-135
500
-710
1219
1043
524
-663
237
372
-508
109
-218
-379
66
-340
241
-400
-354
245
-868
231
430
-21
-731
-31
23
143
-230
452
-130
185
133
484
520
591
-219
318
-160
11
1
-30
-130
-125
-193
291
319
307
-42
-410
217
-120
552
-432
-12
-61
-469
603
23
-466
-133
-55
-453
-635
577
779
-103
284
441
-176
54
102
-496
360
456
204
144
226
506
-10
1251
-402
-421
32
118
-490
383
-444
524
-1620
122
-414
58
-248
-332
303
82
-105
150
425
872
-485
343
-160
-107
-47
61
-411
9
-569
428
-26
359
-59
-237
324
149
487
-374
107
-269
-735
8
784
510
37
-366
238
85
-291
-48
-294
-478
-628
996
678
110
383
-247
124
-310
43
-443
434
-424
278
52
-25
-264
663
219
891
785
562
-127
-296
10
389
-148
375
588
-608
320
-66
459
-368
215
537
-810
-6
222
579
142
-666
51
186
77
-317
393
475
-204
-227
462
-124
-563
100
-51
-394
163
-458
611
607
-630
-352
-552
-241
512
344
-726
-275
52
-373
-35
206
-183
40
-384
327
619
-91
-409
560
-80
-104
60
36
-12
-85
109
532
-105
780
380
-477
-475
-343
185
586
593
-722
27
-257
127
490
251
-568
17
-411
812
-130
-155
88
706
-73
-370
-608
-60
-222
307
-78
131
610
-61
15
430
91
-58
420
654
675
403
480
97
-417
-255
-492
175
447
-422
148
268
-392
556
-167
26
603
-513
-269
-783
563
172
-288
-863
-76
370
-191
395
-907
-728
-27
-229
137
-455
123
382
190
239
253
-648
18
-190
87
-388
-26
677
-1157
-527
771
-386
-833
-348
653
-129
-656
-395
189
243
159
-528
-22
-5
441
-169
229
305
-238
-167
36
-323
-65
-443
128
-642
-645
-331
332
-7
215
-141
6
-105
117
388
401
27
-82
-369
56
120
-183
439
223
494
-163
584
790
-222
49
-95
-586
125
237
278
-312
-80
-478
-2
-557
-267
-589
80
-470
619
481
139
1
-641
-131
824
-561
-110
-420
214
-719
132
-282
279
-79
-179
26
-280
-85
274
-506
-76
-287
208
-554
-91
-526
738
-23
-622
-133
-23
492
-161
105
-205
-433
-9
-1060
681
-191
834
-90
509
197
-388
-60
-316
66
-649
73
-11
-379
380
431
-25
-749
-118
121
24
-100
196
-191
-513
1071
-192
522
88
-270
-192
-419
-106
-235
-632
377
223
353
-304
326
46
245
-128
-130
249
578
97
-12
40
740
370
-517
304
-477
-138
705
28
358
-276
-415
1084
-110
592
-443
-204
27
273
-15
-443
438
-127
-813
237
698
500
-151
49
-398
152
-118
477
-76
-228
168
-36
-801
-31
332
-92
-817
246
-973
724
-435
199
-420
-306
190
873
-98
-113
25
-37
386
143
-236
-358
-473
-279
332
148
247
-211
-3
-181
24
-267
-328
-141
397
11
-58
-212
112
-265
-279
-194
30
184
934
329
-55
62
-79
147
-26
-91
341
-99
-159
-344
-17
-233
-120
-676
28
208
-737
-159
125
588
63
-23
382
-94
208
-299
-358
300
-274
770
614
-212
-192
-105
371
81
217
101
528
-420
297
1001
339
160
-282
-294
497
516
267
-140
-41
219
-276
614
-591
-158
-970
68
77
429
170
12
-687
193
-74
-100
697
-419
446
-178
-191
173
-440
-210
-555
569
-89
495
-304
-265
-569
769
-57
56
-220
11
236
-420
-208
190
556
-406
-466
140
235
9
-724
176
298
378
-433
383
419
-709
838
-691
137
272
-434
-182
344
-111
277
12
52
-216
36
329
-177
472
-94
595
681
138
-659
-342
10
796
-31
49
-262
584
-23
-87
-124
-71
-150
260
-320
-176
-231
250
239
-119
765
-34
248
65
616
-788
410
-79
-688
-121
-424
441
-583
-819
282
183
95
-427
546
-52
-156
187
-495
-170
-415
307
185
-93
424
-403
-686
49
34
-638
192
167
-437
65
-424
-327
-662
127
-761
-491
-414
94
99
32
512
-326
217
61
199
184
400
-633
339
-318
-279
314
-122
149
-246
147
275
-159
-550
-416
67
-527
-11
-317
142
-217
79
-304
-139
112
-173
-254
197
96
178
-142
-187
359
333
-253
265
-791
104
602
-157
695
289
431
247
113
675
37
-73
257
121
-122
378
-326
-112
-280
-63
116
-269
230
-317
-318
-524
-289
409
266
-371
-477
484
-57
-883
231
-386
-411
-403
451
-167
12
-242
-63
-63
550
-26
-278
229
-151
-474
-136
113
-44
208
506
-141
143
-42
278
249
176
163
5
273
-120
46
-484
-155
-460
293
-302
-585
593
-337
374
-249
-237
-10
-52
-326
497
-323
-52
-603
11
-214
-130
-296
172
457
-318
315
-29
-472
-114
417
407
-83
-216
466
135
368
-495
185
5
-333
59
-581
581
513
96
557
192
-20
294
35
146
-326
239
870
-334
143
13
-773
392
394
373
-448
726
-15
139
513
-112
-145
29
-317
53
561
-392
-22
-48
-416
234
-509
133
-684
291
-570
755
30
367
-158
-154
-330
-67
347
-693
-563
-411
-187
11
-34
68
604
6
15
72
-5
725
480
455
159
-693
650
490
-88
-276
212
299
1341
48
574
370
-304
718
405
150
-77
98
-375
-11
-383
298
369
246
-842
-101
-419
71
201
-19
306
-647
-54
-457
672
108
-389
228
491
-545
203
-509
336
344
282
-170
189
-131
-256
339
203
802
-258
104
176
74
58
633
-615
-961
-126
487
-769
-666
-122
676
-352
299
-145
204
-385
357
74
-277
269
-859
-29
69
-3
-316
150
446
176
-73
227
-475
-163
-415
-1057
-10
-64
587
13
80
60
-148
-246
-209
-22
-65
362
-109
-689
229
172
-315
-193
224
597
313
385
613
-652
-309
473
904
-494
41
324
93
32
141
325
-257
719
104
-513
-575
-31
84
594
179
1004
-187
-196
-1030
66
298
380
-449
340
-501
262
733
-930
31
-78
203
79
-65
-436
-122
329
210
-533
83
-285
40
176
41
-20
-228
-23
-831
138
540
606
308
-336
-403
293
-220
-250
892
66
8
63
-48
292
-165
-346
117
-187
-219
-64
358
-253
97
-439
296
262
112
-362
-146
-39
-201
-334
26
657
-257
-324
-315
-247
-239
16
-541
-182
-371
-538
73
-344
114
28
-555
-76
26
522
-403
28
-464
307
-663
206
127
530
-281
-193
-19
-397
-33
153
-80
567
-394
174
-181
-507
-622
105
319
489
-85
-257
-437
139
-328
168
26
86
-137
-302
-128
374
775
813
498
886
65
113
-360
114
-233
-121
228
17
459
301
-120
118
-999
465
199
649
72
-268
-102
602
-60
364
-6
-377
-902
-567
598
-139
-41
219
191
-331
338
233
-628
-19
262
805
-226
165
-353
-710
-168
-141
-529
337
480
-179
-47
-191
-396
-275
-532
-98
-183
636
-113
-25
473
108
-406
-114
114
347
-469
-235
-587
509
-362
610
419
269
-29
236
450
369
-116
369
-74
-217
295
-788
598
117
652
234
403
517
-473
-6
305
61
-371
536
-90
-145
407
-797
265
148
731
327
-243
164
-459
-300
-186
-114
-167
-648
-78
-1085
-404
-182
-179
164
-95
141
-338
-675
-72
-395
-243
-693
-84
-38
-439
251
454
-490
-297
132
-269
-131
186
298
151
19
-299
-76
1068
234
-126
107
-573
180
-265
-28
-226
111
-559
345
488
-425
34
145
229
-94
363
-503
345
171
217
425
-364
-579
81
-122
-588
-118
268
184
-23
93
-6
-288
214
93
-498
214
309
-336
-157
-167
-43
613
128
487
593
-150
195
117
506
222
-591
1011
-86
20
496
343
-1034
-362
-41
44
-10
-340
154
-112
224
374
-499
-273
-732
112
411
-178
442
-119
274
531
267
-20
-72
-481
-330
161
625
402
-711
-275
-31
432
74
59
418
-660
-12
870
92
-65
166
-489
-429
-324
191
259
-226
-854
12
269
63
212
-280
-230
160
415
117
-450
201
-514
20
45
-376
-329
202
34
-24
347
-417
-452
-246
-293
530
-370
99
407
-167
-129
-16
527
-37
63
4
316
5
-748
-95
411
-215
840
-353
-268
606
286
99
260
-20
-428
283
471
451
349
186
-244
324
-251
135
91
-257
-230
154
358
382
-526
341
246
3
65
70
115
-56
233
-359
-366
-20
179
12
-293
-279
-53
427
-20
43
32
424
90
36
141
229
-411
406
-451
-393
270
-426
63
-295
-348
-302
-423
-284
-159
464
525
-75
479
-691
598
-452
-120
130
438
358
-169
326
-5
-38
-358
-215
-105
44
108
207
451
-219
-488
-790
497
48
264
110
197
-299
-480
-204
327
495
-317
-318
610
-585
331
-181
-1096
-316
260
447
-472
-439
-382
275
-553
-190
146
-100
681
-371
67
-90
537
30
-907
64
-238
-313
-136
99
312
-920
-281
-22
-314
-314
379
-311
538
-207
-337
626
-68
222
698
839
80
608
-1130
-539
-317
-219
193
-102
-546
9
1065
-396
441
-245
351
-343
-265
-847
405
470
-301
137
461
570
45
-79
-62
637
-1
-183
51
-127
568
-379
5
572
110
-461
-729
-814
-592
-161
-232
-198
407
-732
309
170
-475
997
844
-240
-534
66
427
-80
-315
445
-428
308
95
-920
-222
89
546
266
83
276
469
192
435
684
-110
-181
155
-485
843
449
-350
-467
54
433
-438
-398
368
-725
-263
435
-573
-65
11
-547
669
478
-197
-16
-194
-409
-312
72
-2
745
62
225
434
-592
417
699
-734
-442
280
190
-206
-982
-453
-307
469
3
320
-199
-311
46
290
62
315
32
-20
-995
-395
812
-123
-140
-104
-380
256
-709
-179
134
294
778
26
-566
-168
378
305
-180
-161
-221
-442
337
265
643
346
-137
333
351
2
474
358
-688
72
628
897
363
226
127
410
70
27
155
219
-129
55
103
799
-244
-135
581
390
174
-56
61
-79
222
-571
45
44
-165
555
61
176
447
368
-216
210
274
440
31
-250
100
-219
177
-213
-54
437
-257
231
-957
332
862
-225
620
298
226
-214
526
1014
266
-78
40
-329
74
223
199
-264
-192
-44
-542
40
546
-737
-208
-109
694
-948
-259
-196
-261
-517
-315
-488
125
-237
-162
-31
-874
229
433
225
-164
-666
-554
-503
317
136
332
-771
232
405
356
165
729
-618
277
-385
91
541
-32
152
56
204
63
510
-138
64
481
607
25
140
86
-116
40
-342
-30
154
-355
-632
492
150
84
-97
-29
219
-605
486
94
189
-402
37
-249
699
-50
170
-55
-390
-440
-73
-437
408
-390
-1169
465
-186
-750
-22
-141
-272
-545
75
-304
197
404
54
-348
-136
-956
-489
112
62
283
-890
-574
218
280
-599
-479
117
27
12
-1
-143
-531
688
-338
10
236
-147
-414
622
-513
-23
72
-400
-24
236
122
-563
850
-95
-182
208
290
4
55
381
16
338
-823
-69
413
-574
-52
306
388
-21
76
591
122
258
258
-68
-151
-184
-339
-133
142
-185
155
69
-331
201
-440
-81
383
293
-538
-221
745
237
-297
-234
61
268
-171
61
604
61
126
-143
-295
-371
-223
93
-188
-502
404
-427
-737
305
349
197
236
644
407
503
165
-551
391
-722
-221
168
-20
588
-268
254
-251
122
-22
402
669
-698
-209
636
-86
-78
137
-309
176
157
37
-461
114
424
-582
823
-591
-782
-181
-181
297
-199
137
406
278
228
-300
737
613
41
338
-225
-255
-490
73
-551
244
483
613
-931
-302
444
-97
132
472
-720
73
852
-199
-275
39
30
196
-235
-838
-541
-496
-23
-228
-282
-215
699
274
59
-75
371
95
-237
-224
-302
383
-141
107
-119
139
932
114
-721
-117
805
-136
82
83
-182
-465
-146
787
-501
-446
310
-231
374
-9
0
125
1004
148
319
265
69
143
-68
-281
-32
-137
-72
103
-443
505
-87
-33
-226
693
-721
-251
9
-184
348
281
-434
-68
340
-279
-205
-776
-77
15
323
49
-30
-461
-316
-588
530
-193
-364
-9
-153
-137
-340
-547
-159
513
-178
-34
-2
-578
-417
241
-26
-319
780
-451
-16
-595
78
-98
-44
-257
-637
502
594
265
212
-439
505
243
-595
187
-604
-83
386
-90
-69
805
-114
402
-446
935
-826
130
50
194
348
-193
-55
-116
250
-324
-33
572
-212
263
-655
375
-81
48
-223
-391
356
931
145
593
-69
385
-165
300
-481
138
59
138
242
-317
340
-588
15
1153
477
-251
-433
-245
271
453
-78
-325
-147
307
-697
75
237
-1130
-554
355
-708
511
-227
450
-298
168
-434
-377
-525
121
-135
295
108
-208
590
-71
50
-238
134
-208
180
-74
-57
327
-194
293
344
-13
-2
-371
-599
-711
-160
-772
136
731
60
696
19
529
-275
-307
18
-72
-294
-217
-73
305
168
508
327
764
501
219
-177
-551
-693
943
-324
-331
200
13
171
262
-570
-564
-299
-329
-44
-318
144
321
352
165
-69
-19
-658
-106
106
-593
-218
-460
-792
-327
-97
-1037
157
-80
137
654
-99
-923
-371
620
18
400
226
-118
592
-134
-347
328
114
430
-28
-479
-46
-401
147
204
231
532
-22
-465
58
565
-402
-167
-884
23
-573
-205
232
549
409
93
17
-323
762
247
-190
-120
-395
-328
-115
137
-6
162
114
-368
-11
-380
-23
-412
263
1059
-279
-434
-307
550
402
475
513
-236
-455
315
-566
-182
88
-352
265
-959
-32
-825
93
419
426
-253
-22
-61
-299
187
51
-600
347
-398
-230
155
397
59
276
491
-449
212
26
213
-135
445
-988
-621
-174
22
363
249
68
-245
537
183
-419
260
286
77
-27
-294
-662
-149
-141
-143
184
-332
267
-662
-703
-641
190
-822
37
-33
454
-5
4
-17
-302
115
159
58
161
-359
-444
135
-593
-592
306
774
-196
-193
68
402
265
289
359
491
232
300
-241
260
47
-360
820
226
125
315
-40
-123
-55
217
692
653
-293
142
124
234
399
422
-522
245
417
321
919
110
432
93
93
13
-217
73
-14
517
73
-589
-209
-122
141
-717
336
41
353
-9
-1016
-173
117
157
-206
14
258
768
804
-345
282
299
-493
875
428
491
-570
-319
661
-219
196
0
124
186
-272
164
300
129
629
45
-682
-533
294
90
284
-53
-353
-111
-182
92
10
-297
534
44
-311
488
284
-710
-180
460
-142
-280
33
120
-474
223
-113
14
240
461
421
-440
96
178
722
-93
64
261
-312
-345
226
627
-204
500
-156
531
-634
352
-438
-592
-173
225
191
-355
86
-169
-104
456
-106
-77
-19
685
293
-112
63
-17
-41
-13
-164
-221
-58
190
-95
630
-90
-80
337
-71
600
-800
7
-147
-180
411
-492
116
435
-58
-670
206
223
-95
-494
84
-370
604
245
342
-594
-17
286
48
-515
12
113
-152
159
534
-34
221
-90
-876
-256
-764
-166
15
259
149
-646
-74
-571
-400
-4
127
-535
-396
-439
-11
88
-270
-134
241
-478
-231
-341
230
627
-529
173
-881
133
179
-201
367
-386
-328
-44
251
-281
-65
-462
-259
-266
-269
66
-1075
-405
354
-70
233
62
618
-710
135
-145
104
477
-844
-23
-46
-29
461
-182
-407
-63
101
-529
-194
-151
56
468
-253
-397
134
178
230
-609
-184
-219
602
-245
139
-7
-249
552
-292
427
-481
-37
-797
439
-3
-235
-565
251
589
-694
79
-580
-551
-372
2
857
129
122
-188
472
-117
-318
-157
-970
40
100
43
-116
408
-748
45
-711
509
-428
-216
-382
-286
-98
525
842
80
-534
689
609
100
-274
-237
24
-618
-299
-364
356
-294
553
-241
-459
-503
-28
89
50
186
-48
211
256
125
-205
70
5
-90
-237
47
156
164
313
101
173
110
501
165
345
-203
-582
-108
-445
285
-329
166
-88
-19
-83
-16
-570
525
-549
-396
315
-639
-627
410
-344
-212
297
648
463
-201
-77
-225
82
169
349
-275
554
-756
-149
-670
-546
626
76
807
-122
-104
529
235
-104
76
215
-334
-211
18
-218
-188
-328
-103
-140
-642
881
-373
236
168
-452
-265
-692
368
227
75
343
245
274
-742
541
-752
-324
105
-650
-49
233
190
9
58
451
216
232
-144
178
-53
397
276
310
101
194
-897
111
320
-178
542
147
421
-191
430
-194
378
-42
-213
-567
673
425
78
329
-107
529
322
104
735
-145
637
-343
-149
600
381
45
-368
745
-505
-708
125
-161
22
-485
-910
-126
45
-240
-369
-271
-360
-262
-443
480
-187
64
203
135
198
975
176
-467
119
-186
319
-253
448
489
-264
101
10
-152
-310
700
-517
-25
-159
-147
467
-159
392
-820
177
698
-374
-83
-151
57
72
-389
-210
-138
360
131
487
85
-673
-12
-17
-237
517
-260
476
-204
-611
-718
73
714
-71
432
-208
-231
-387
-139
-258
188
152
8
104
483
-157
278
302
-555
652
-452
127
14
-91
-105
182
434
-829
-7
760
318
-202
-247
-183
799
-235
575
490
-141
-66
449
229
-1
404
175
-253
160
-282
32
-677
101
420
148
-226
825
-585
-125
245
506
-9
241
362
-30
-149
-177
-57
43
-331
-1029
-514
661
-140
-26
-840
426
-296
-583
468
