29 57 84 110 135 159 182 203 223 241 257 272 284 294 302 308 312 313 312 308 302 294 284 272 257 241 223 203 182 159 135 110 84 57 29
57 86 114 141 167 192 215 238 258 277 294 310 323 334 342 348 352 354 352 348 342 334 323 310 294 277 258 238 215 192 167 141 114 86 57
84 114 143 171 198 224 248 272 293 313 331 347 361 373 382 389 393 394 393 389 382 373 361 347 331 313 293 272 248 224 198 171 143 114 84
110 141 171 200 228 255 281 305 328 348 368 385 399 412 421 429 433 434 433 429 421 412 399 385 368 348 328 305 281 255 228 200 171 141 110
135 167 198 228 257 285 312 337 361 383 403 421 437 450 461 469 473 475 473 469 461 450 437 421 403 383 361 337 312 285 257 228 198 167 135
159 192 224 255 285 314 342 369 394 417 439 458 475 489 500 508 513 515 513 508 500 489 475 458 439 417 394 369 342 314 285 255 224 192 159
182 215 248 281 312 342 371 399 426 450 473 494 512 527 539 548 554 556 554 548 539 527 512 494 473 450 426 399 371 342 312 281 248 215 182
203 238 272 305 337 369 399 429 456 483 507 529 548 565 578 588 594 596 594 588 578 565 548 529 507 483 456 429 399 369 337 305 272 238 203
223 258 293 328 361 394 426 456 486 513 539 563 584 602 617 627 634 636 634 627 617 602 584 563 539 513 486 456 426 394 361 328 293 258 223
241 277 313 348 383 417 450 483 513 543 570 596 619 639 655 667 674 677 674 667 655 639 619 596 570 543 513 483 450 417 383 348 313 277 241
257 294 331 368 403 439 473 507 539 570 600 627 652 674 692 706 714 717 714 706 692 674 652 627 600 570 539 507 473 439 403 368 331 294 257
272 310 347 385 421 458 494 529 563 596 627 657 684 709 729 744 754 758 754 744 729 709 684 657 627 596 563 529 494 458 421 385 347 310 272
284 323 361 399 437 475 512 548 584 619 652 684 714 741 764 782 794 798 794 782 764 741 714 684 652 619 584 548 512 475 437 399 361 323 284
294 334 373 412 450 489 527 565 602 639 674 709 741 771 798 819 833 838 833 819 798 771 741 709 674 639 602 565 527 489 450 412 373 334 294
302 342 382 421 461 500 539 578 617 655 692 729 764 798 829 854 872 879 872 854 829 798 764 729 692 655 617 578 539 500 461 421 382 342 302
308 348 389 429 469 508 548 588 627 667 706 744 782 819 854 886 910 919 910 886 854 819 782 744 706 667 627 588 548 508 469 429 389 348 308
312 352 393 433 473 513 554 594 634 674 714 754 794 833 872 910 943 960 943 910 872 833 794 754 714 674 634 594 554 513 473 433 393 352 312
313 354 394 434 475 515 556 596 636 677 717 758 798 838 879 919 960 1000 960 919 879 838 798 758 717 677 636 596 556 515 475 434 394 354 313
312 352 393 433 473 513 554 594 634 674 714 754 794 833 872 910 943 960 943 910 872 833 794 754 714 674 634 594 554 513 473 433 393 352 312
308 348 389 429 469 508 548 588 627 667 706 744 782 819 854 886 910 919 910 886 854 819 782 744 706 667 627 588 548 508 469 429 389 348 308
302 342 382 421 461 500 539 578 617 655 692 729 764 798 829 854 872 879 872 854 829 798 764 729 692 655 617 578 539 500 461 421 382 342 302
294 334 373 412 450 489 527 565 602 639 674 709 741 771 798 819 833 838 833 819 798 771 741 709 674 639 602 565 527 489 450 412 373 334 294
284 323 361 399 437 475 512 548 584 619 652 684 714 741 764 782 794 798 794 782 764 741 714 684 652 619 584 548 512 475 437 399 361 323 284
272 310 347 385 421 458 494 529 563 596 627 657 684 709 729 744 754 758 754 744 729 709 684 657 627 596 563 529 494 458 421 385 347 310 272
257 294 331 368 403 439 473 507 539 570 600 627 652 674 692 706 714 717 714 706 692 674 652 627 600 570 539 507 473 439 403 368 331 294 257
241 277 313 348 383 417 450 483 513 543 570 596 619 639 655 667 674 677 674 667 655 639 619 596 570 543 513 483 450 417 383 348 313 277 241
223 258 293 328 361 394 426 456 486 513 539 563 584 602 617 627 634 636 634 627 617 602 584 563 539 513 486 456 426 394 361 328 293 258 223
203 238 272 305 337 369 399 429 456 483 507 529 548 565 578 588 594 596 594 588 578 565 548 529 507 483 456 429 399 369 337 305 272 238 203
182 215 248 281 312 342 371 399 426 450 473 494 512 527 539 548 554 556 554 548 539 527 512 494 473 450 426 399 371 342 312 281 248 215 182
159 192 224 255 285 314 342 369 394 417 439 458 475 489 500 508 513 515 513 508 500 489 475 458 439 417 394 369 342 314 285 255 224 192 159
135 167 198 228 257 285 312 337 361 383 403 421 437 450 461 469 473 475 473 469 461 450 437 421 403 383 361 337 312 285 257 228 198 167 135
110 141 171 200 228 255 281 305 328 348 368 385 399 412 421 429 433 434 433 429 421 412 399 385 368 348 328 305 281 255 228 200 171 141 110
84 114 143 171 198 224 248 272 293 313 331 347 361 373 382 389 393 394 393 389 382 373 361 347 331 313 293 272 248 224 198 171 143 114 84
57 86 114 141 167 192 215 238 258 277 294 310 323 334 342 348 352 354 352 348 342 334 323 310 294 277 258 238 215 192 167 141 114 86 57
29 57 84 110 135 159 182 203 223 241 257 272 284 294 302 308 312 313 312 308 302 294 284 272 257 241 223 203 182 159 135 110 84 57 29
0 -5 0
0 -5 0
0 -5 0
0 -5 0
0 -5 0
0 -5 0
0 -5 0
0 -5 0
0 -5 0
0 -5 0
0 -5 0
0 -5 0
0 -5 0
0 -5 0
0 -5 0
0 -5 0
0 -5 0
0 -5 0
0 -5 0
0 -5 0
0 -5 0
0 -5 0
0 -5 0
0 -5 0
0 -5 0
0 -5 0
0 -5 0
0 -5 0
0 -5 0
0 -5 0
0 -5 0
0 -5 0
0 -5 0
0 -5 0
0 0 -5
0 0 -5
0 0 -5
0 0 -5
0 0 -5
0 0 -5
0 0 -5
0 0 -5
0 0 -5
0 0 -5
0 0 -5
0 0 -5
0 0 -5
0 0 -5
0 0 -5
0 0 -5
0 0 -5
0 0 -5
0 0 -5
0 0 -5
0 0 -5
0 0 -5
0 0 -5
0 0 -5
0 0 -5
0 0 -5
0 0 -5
0 0 -5
0 0 -5
0 0 -5
0 0 -5
0 0 -5
0 0 -5
0 0 -5
0 5 0
0 5 0
0 5 0
0 5 0
0 5 0
0 5 0
0 5 0
0 5 0
0 5 0
0 5 0
0 5 0
0 5 0
0 5 0
0 5 0
0 5 0
0 5 0
0 5 0
0 5 0
0 5 0
0 5 0
0 5 0
0 5 0
0 5 0
0 5 0
0 5 0
0 5 0
0 5 0
0 5 0
0 5 0
0 5 0
0 5 0
0 5 0
0 5 0
0 5 0
0 0 5
0 0 5
0 0 5
0 0 5
0 0 5
0 0 5
0 0 5
0 0 5
0 0 5
0 0 5
0 0 5
0 0 5
0 0 5
0 0 5
0 0 5
0 0 5
0 0 5
0 0 5
0 0 5
0 0 5
0 0 5
0 0 5
0 0 5
0 0 5
0 0 5
0 0 5
0 0 5
0 0 5
0 0 5
0 0 5
0 0 5
0 0 5
0 0 5
0 0 5
1 -5 0
1 -5 0
1 -5 0
1 -5 0
1 -5 0
1 -5 0
1 -5 0
1 -5 0
1 -5 0
1 -5 0
1 -5 0
1 -5 0
1 -5 0
1 -5 0
1 -5 0
1 -5 0
1 -5 0
1 -5 0
1 -5 0
1 -5 0
1 -5 0
1 -5 0
1 -5 0
1 -5 0
1 -5 0
1 -5 0
1 -5 0
1 -5 0
1 -5 0
1 -5 0
1 -5 0
1 -5 0
1 -5 0
1 -5 0
1 0 -5
1 0 -5
1 0 -5
1 0 -5
1 0 -5
1 0 -5
1 0 -5
1 0 -5
1 0 -5
1 0 -5
1 0 -5
1 0 -5
1 0 -5
1 0 -5
1 0 -5
1 0 -5
1 0 -5
1 0 -5
1 0 -5
1 0 -5
1 0 -5
1 0 -5
1 0 -5
1 0 -5
1 0 -5
1 0 -5
1 0 -5
1 0 -5
1 0 -5
1 0 -5
1 0 -5
1 0 -5
1 0 -5
1 0 -5
1 5 0
1 5 0
1 5 0
1 5 0
1 5 0
1 5 0
1 5 0
1 5 0
1 5 0
1 5 0
1 5 0
1 5 0
1 5 0
1 5 0
1 5 0
1 5 0
1 5 0
1 5 0
1 5 0
1 5 0
1 5 0
1 5 0
1 5 0
1 5 0
1 5 0
1 5 0
1 5 0
1 5 0
1 5 0
1 5 0
1 5 0
1 5 0
1 5 0
1 5 0
1 0 5
1 0 5
1 0 5
1 0 5
1 0 5
1 0 5
1 0 5
1 0 5
1 0 5
1 0 5
1 0 5
1 0 5
1 0 5
1 0 5
1 0 5
1 0 5
1 0 5
1 0 5
1 0 5
1 0 5
1 0 5
1 0 5
1 0 5
1 0 5
1 0 5
1 0 5
1 0 5
1 0 5
1 0 5
1 0 5
1 0 5
1 0 5
1 0 5
1 0 5
2 -5 0
2 -5 0
2 -5 0
2 -5 0
2 -5 0
2 -5 0
2 -5 0
2 -5 0
2 -5 0
2 -5 0
2 -5 0
2 -5 0
2 -5 0
2 -5 0
2 -5 0
2 -5 0
2 -5 0
2 -5 0
2 -5 0
2 -5 0
2 -5 0
2 -5 0
2 -5 0
2 -5 0
2 -5 0
2 -5 0
2 -5 0
2 -5 0
2 -5 0
2 -5 0
2 -5 0
2 -5 0
2 -5 0
2 -5 0
2 0 -5
2 0 -5
2 0 -5
2 0 -5
2 0 -5
2 0 -5
2 0 -5
2 0 -5
2 0 -5
2 0 -5
2 0 -5
2 0 -5
2 0 -5
2 0 -5
2 0 -5
2 0 -5
2 0 -5
2 0 -5
2 0 -5
2 0 -5
2 0 -5
2 0 -5
2 0 -5
2 0 -5
2 0 -5
2 0 -5
2 0 -5
2 0 -5
2 0 -5
2 0 -5
2 0 -5
2 0 -5
2 0 -5
2 0 -5
2 5 0
2 5 0
2 5 0
2 5 0
2 5 0
2 5 0
2 5 0
2 5 0
2 5 0
2 5 0
2 5 0
2 5 0
2 5 0
2 5 0
2 5 0
2 5 0
2 5 0
2 5 0
2 5 0
2 5 0
2 5 0
2 5 0
2 5 0
2 5 0
2 5 0
2 5 0
2 5 0
2 5 0
2 5 0
2 5 0
2 5 0
2 5 0
2 5 0
2 5 0
2 0 5
2 0 5
2 0 5
2 0 5
2 0 5
2 0 5
2 0 5
2 0 5
2 0 5
2 0 5
2 0 5
2 0 5
2 0 5
2 0 5
2 0 5
2 0 5
2 0 5
2 0 5
2 0 5
2 0 5
2 0 5
2 0 5
2 0 5
2 0 5
2 0 5
2 0 5
2 0 5
2 0 5
2 0 5
2 0 5
2 0 5
2 0 5
2 0 5
2 0 5
3 -5 0
3 -5 0
3 -5 0
3 -5 0
3 -5 0
3 -5 0
3 -5 0
3 -5 0
3 -5 0
3 -5 0
3 -5 0
3 -5 0
3 -5 0
3 -5 0
3 -5 0
3 -5 0
3 -5 0
3 -5 0
3 -5 0
3 -5 0
3 -5 0
3 -5 0
3 -5 0
3 -5 0
3 -5 0
3 -5 0
3 -5 0
3 -5 0
3 -5 0
3 -5 0
3 -5 0
3 -5 0
3 -5 0
3 -5 0
3 0 -5
3 0 -5
3 0 -5
3 0 -5
3 0 -5
3 0 -5
3 0 -5
3 0 -5
3 0 -5
3 0 -5
3 0 -5
3 0 -5
3 0 -5
3 0 -5
3 0 -5
3 0 -5
3 0 -5
3 0 -5
3 0 -5
3 0 -5
3 0 -5
3 0 -5
3 0 -5
3 0 -5
3 0 -5
3 0 -5
3 0 -5
3 0 -5
3 0 -5
3 0 -5
3 0 -5
3 0 -5
3 0 -5
3 0 -5
3 5 0
3 5 0
3 5 0
3 5 0
3 5 0
3 5 0
3 5 0
3 5 0
3 5 0
3 5 0
3 5 0
3 5 0
3 5 0
3 5 0
3 5 0
3 5 0
3 5 0
3 5 0
3 5 0
3 5 0
3 5 0
3 5 0
3 5 0
3 5 0
3 5 0
3 5 0
3 5 0
3 5 0
3 5 0
3 5 0
3 5 0
3 5 0
3 5 0
3 5 0
3 0 5
3 0 5
3 0 5
3 0 5
3 0 5
3 0 5
3 0 5
3 0 5
3 0 5
3 0 5
3 0 5
3 0 5
3 0 5
3 0 5
3 0 5
3 0 5
3 0 5
3 0 5
3 0 5
3 0 5
3 0 5
3 0 5
3 0 5
3 0 5
3 0 5
3 0 5
3 0 5
3 0 5
3 0 5
3 0 5
3 0 5
3 0 5
3 0 5
3 0 5
4 -5 0
4 -5 0
4 -5 0
4 -5 0
4 -5 0
4 -5 0
4 -5 0
4 -5 0
4 -5 0
4 -5 0
4 -5 0
4 -5 0
4 -5 0
4 -5 0
4 -5 0
4 -5 0
4 -5 0
4 -5 0
4 -5 0
4 -5 0
4 -5 0
4 -5 0
4 -5 0
4 -5 0
4 -5 0
4 -5 0
4 -5 0
4 -5 0
4 -5 0
4 -5 0
4 -5 0
4 -5 0
4 -5 0
4 -5 0
4 0 -5
4 0 -5
4 0 -5
4 0 -5
4 0 -5
4 0 -5
4 0 -5
4 0 -5
4 0 -5
4 0 -5
4 0 -5
4 0 -5
4 0 -5
4 0 -5
4 0 -5
4 0 -5
4 0 -5
4 0 -5
4 0 -5
4 0 -5
4 0 -5
4 0 -5
4 0 -5
4 0 -5
4 0 -5
4 0 -5
4 0 -5
4 0 -5
4 0 -5
4 0 -5
4 0 -5
4 0 -5
4 0 -5
4 0 -5
4 5 0
4 5 0
4 5 0
4 5 0
4 5 0
4 5 0
4 5 0
4 5 0
4 5 0
4 5 0
4 5 0
4 5 0
4 5 0
4 5 0
4 5 0
4 5 0
4 5 0
4 5 0
4 5 0
4 5 0
4 5 0
4 5 0
4 5 0
4 5 0
4 5 0
4 5 0
4 5 0
4 5 0
4 5 0
4 5 0
4 5 0
4 5 0
4 5 0
4 5 0
4 0 5
4 0 5
4 0 5
4 0 5
4 0 5
4 0 5
4 0 5
4 0 5
4 0 5
4 0 5
4 0 5
4 0 5
4 0 5
4 0 5
4 0 5
4 0 5
4 0 5
4 0 5
4 0 5
4 0 5
4 0 5
4 0 5
4 0 5
4 0 5
4 0 5
4 0 5
4 0 5
4 0 5
4 0 5
4 0 5
4 0 5
4 0 5
4 0 5
4 0 5
5 -5 0
5 -5 0
5 -5 0
5 -5 0
5 -5 0
5 -5 0
5 -5 0
5 -5 0
5 -5 0
5 -5 0
5 -5 0
5 -5 0
5 -5 0
5 -5 0
5 -5 0
5 -5 0
5 -5 0
5 -5 0
5 -5 0
5 -5 0
5 -5 0
5 -5 0
5 -5 0
5 -5 0
5 -5 0
5 -5 0
5 -5 0
5 -5 0
5 -5 0
5 -5 0
5 -5 0
5 -5 0
5 -5 0
5 -5 0
5 0 -5
5 0 -5
5 0 -5
5 0 -5
5 0 -5
5 0 -5
5 0 -5
5 0 -5
5 0 -5
5 0 -5
5 0 -5
5 0 -5
5 0 -5
5 0 -5
5 0 -5
5 0 -5
5 0 -5
5 0 -5
5 0 -5
5 0 -5
5 0 -5
5 0 -5
5 0 -5
5 0 -5
5 0 -5
5 0 -5
5 0 -5
5 0 -5
5 0 -5
5 0 -5
5 0 -5
5 0 -5
5 0 -5
5 0 -5
5 5 0
5 5 0
5 5 0
5 5 0
5 5 0
5 5 0
5 5 0
5 5 0
5 5 0
5 5 0
5 5 0
5 5 0
5 5 0
5 5 0
5 5 0
5 5 0
5 5 0
5 5 0
5 5 0
5 5 0
5 5 0
5 5 0
5 5 0
5 5 0
5 5 0
5 5 0
5 5 0
5 5 0
5 5 0
5 5 0
5 5 0
5 5 0
5 5 0
5 5 0
5 0 5
5 0 5
5 0 5
5 0 5
5 0 5
5 0 5
5 0 5
5 0 5
5 0 5
5 0 5
5 0 5
5 0 5
5 0 5
5 0 5
5 0 5
5 0 5
5 0 5
5 0 5
5 0 5
5 0 5
5 0 5
5 0 5
5 0 5
5 0 5
5 0 5
5 0 5
5 0 5
5 0 5
5 0 5
5 0 5
5 0 5
5 0 5
5 0 5
5 0 5
6 -5 0
6 -5 0
6 -5 0
6 -5 0
6 -5 0
6 -5 0
6 -5 0
6 -5 0
6 -5 0
6 -5 0
6 -5 0
6 -5 0
6 -5 0
6 -5 0
6 -5 0
6 -5 0
6 -5 0
6 -5 0
6 -5 0
6 -5 0
6 -5 0
6 -5 0
6 -5 0
6 -5 0
6 -5 0
6 -5 0
6 -5 0
6 -5 0
6 -5 0
6 -5 0
6 -5 0
6 -5 0
6 -5 0
6 -5 0
6 0 -5
6 0 -5
6 0 -5
6 0 -5
6 0 -5
6 0 -5
6 0 -5
6 0 -5
6 0 -5
6 0 -5
6 0 -5
6 0 -5
6 0 -5
6 0 -5
6 0 -5
6 0 -5
6 0 -5
6 0 -5
6 0 -5
6 0 -5
6 0 -5
6 0 -5
6 0 -5
6 0 -5
6 0 -5
6 0 -5
6 0 -5
6 0 -5
6 0 -5
6 0 -5
6 0 -5
6 0 -5
6 0 -5
6 0 -5
6 5 0
6 5 0
6 5 0
6 5 0
6 5 0
6 5 0
6 5 0
6 5 0
6 5 0
6 5 0
6 5 0
6 5 0
6 5 0
6 5 0
6 5 0
6 5 0
6 5 0
6 5 0
6 5 0
6 5 0
6 5 0
6 5 0
6 5 0
6 5 0
6 5 0
6 5 0
6 5 0
6 5 0
6 5 0
6 5 0
6 5 0
6 5 0
6 5 0
6 5 0
6 0 5
6 0 5
6 0 5
6 0 5
6 0 5
6 0 5
6 0 5
6 0 5
6 0 5
6 0 5
6 0 5
6 0 5
6 0 5
6 0 5
6 0 5
6 0 5
6 0 5
6 0 5
6 0 5
6 0 5
6 0 5
6 0 5
6 0 5
6 0 5
6 0 5
6 0 5
6 0 5
6 0 5
6 0 5
6 0 5
6 0 5
6 0 5
6 0 5
6 0 5
7 -5 0
7 -5 0
7 -5 0
7 -5 0
7 -5 0
7 -5 0
7 -5 0
7 -5 0
7 -5 0
7 -5 0
7 -5 0
7 -5 0
7 -5 0
7 -5 0
7 -5 0
7 -5 0
7 -5 0
7 -5 0
7 -5 0
7 -5 0
7 -5 0
7 -5 0
7 -5 0
7 -5 0
7 -5 0
7 -5 0
7 -5 0
7 -5 0
7 -5 0
7 -5 0
7 -5 0
7 -5 0
7 -5 0
7 -5 0
7 0 -5
7 0 -5
7 0 -5
7 0 -5
7 0 -5
7 0 -5
7 0 -5
7 0 -5
7 0 -5
7 0 -5
7 0 -5
7 0 -5
7 0 -5
7 0 -5
7 0 -5
7 0 -5
7 0 -5
7 0 -5
7 0 -5
7 0 -5
7 0 -5
7 0 -5
7 0 -5
7 0 -5
7 0 -5
7 0 -5
7 0 -5
7 0 -5
7 0 -5
7 0 -5
7 0 -5
7 0 -5
7 0 -5
7 0 -5
7 5 0
7 5 0
7 5 0
7 5 0
7 5 0
7 5 0
7 5 0
7 5 0
7 5 0
7 5 0
7 5 0
7 5 0
7 5 0
7 5 0
7 5 0
7 5 0
7 5 0
7 5 0
7 5 0
7 5 0
7 5 0
7 5 0
7 5 0
7 5 0
7 5 0
7 5 0
7 5 0
7 5 0
7 5 0
7 5 0
7 5 0
7 5 0
7 5 0
7 5 0
7 0 5
7 0 5
7 0 5
7 0 5
7 0 5
7 0 5
7 0 5
7 0 5
7 0 5
7 0 5
7 0 5
7 0 5
7 0 5
7 0 5
7 0 5
7 0 5
7 0 5
7 0 5
7 0 5
7 0 5
7 0 5
7 0 5
7 0 5
7 0 5
7 0 5
7 0 5
7 0 5
7 0 5
7 0 5
7 0 5
7 0 5
7 0 5
7 0 5
7 0 5
8 -5 0
8 -5 0
8 -5 0
8 -5 0
8 -5 0
8 -5 0
8 -5 0
8 -5 0
8 -5 0
8 -5 0
8 -5 0
8 -5 0
8 -5 0
8 -5 0
8 -5 0
8 -5 0
8 -5 0
8 -5 0
8 -5 0
8 -5 0
8 -5 0
8 -5 0
8 -5 0
8 -5 0
8 -5 0
8 -5 0
8 -5 0
8 -5 0
8 -5 0
8 -5 0
8 -5 0
8 -5 0
8 -5 0
8 -5 0
8 0 -5
8 0 -5
8 0 -5
8 0 -5
8 0 -5
8 0 -5
8 0 -5
8 0 -5
8 0 -5
8 0 -5
8 0 -5
8 0 -5
8 0 -5
8 0 -5
8 0 -5
8 0 -5
8 0 -5
8 0 -5
8 0 -5
8 0 -5
8 0 -5
8 0 -5
8 0 -5
8 0 -5
8 0 -5
8 0 -5
8 0 -5
8 0 -5
8 0 -5
8 0 -5
8 0 -5
8 0 -5
8 0 -5
8 0 -5
8 5 0
8 5 0
8 5 0
8 5 0
8 5 0
8 5 0
8 5 0
8 5 0
8 5 0
8 5 0
8 5 0
8 5 0
8 5 0
8 5 0
8 5 0
8 5 0
8 5 0
8 5 0
8 5 0
8 5 0
8 5 0
8 5 0
8 5 0
8 5 0
8 5 0
8 5 0
8 5 0
8 5 0
8 5 0
8 5 0
8 5 0
8 5 0
8 5 0
8 5 0
8 0 5
8 0 5
8 0 5
8 0 5
8 0 5
8 0 5
8 0 5
8 0 5
8 0 5
8 0 5
8 0 5
8 0 5
8 0 5
8 0 5
8 0 5
8 0 5
8 0 5
8 0 5
8 0 5
8 0 5
8 0 5
8 0 5
8 0 5
8 0 5
8 0 5
8 0 5
8 0 5
8 0 5
8 0 5
8 0 5
8 0 5
8 0 5
8 0 5
8 0 5
9 -5 0
9 -5 0
9 -5 0
9 -5 0
9 -5 0
9 -5 0
9 -5 0
9 -5 0
9 -5 0
9 -5 0
9 -5 0
9 -5 0
9 -5 0
9 -5 0
9 -5 0
9 -5 0
9 -5 0
9 -5 0
9 -5 0
9 -5 0
9 -5 0
9 -5 0
9 -5 0
9 -5 0
9 -5 0
9 -5 0
9 -5 0
9 -5 0
9 -5 0
9 -5 0
9 -5 0
9 -5 0
9 -5 0
9 -5 0
9 0 -5
9 0 -5
9 0 -5
9 0 -5
9 0 -5
9 0 -5
9 0 -5
9 0 -5
9 0 -5
9 0 -5
9 0 -5
9 0 -5
9 0 -5
9 0 -5
9 0 -5
9 0 -5
9 0 -5
9 0 -5
9 0 -5
9 0 -5
9 0 -5
9 0 -5
9 0 -5
9 0 -5
9 0 -5
9 0 -5
9 0 -5
9 0 -5
9 0 -5
9 0 -5
9 0 -5
9 0 -5
9 0 -5
9 0 -5
9 5 0
9 5 0
9 5 0
9 5 0
9 5 0
9 5 0
9 5 0
9 5 0
9 5 0
9 5 0
9 5 0
9 5 0
9 5 0
9 5 0
9 5 0
9 5 0
9 5 0
9 5 0
9 5 0
9 5 0
9 5 0
9 5 0
9 5 0
9 5 0
9 5 0
9 5 0
9 5 0
9 5 0
9 5 0
9 5 0
9 5 0
9 5 0
9 5 0
9 5 0
9 0 5
9 0 5
9 0 5
9 0 5
9 0 5
9 0 5
9 0 5
9 0 5
9 0 5
9 0 5
9 0 5
9 0 5
9 0 5
9 0 5
9 0 5
9 0 5
9 0 5
9 0 5
9 0 5
9 0 5
9 0 5
9 0 5
9 0 5
9 0 5
9 0 5
9 0 5
9 0 5
9 0 5
9 0 5
9 0 5
9 0 5
9 0 5
9 0 5
9 0 5
10 -5 0
10 -5 0
10 -5 0
10 -5 0
10 -5 0
10 -5 0
10 -5 0
10 -5 0
10 -5 0
10 -5 0
10 -5 0
10 -5 0
10 -5 0
10 -5 0
10 -5 0
10 -5 0
10 -5 0
10 -5 0
10 -5 0
10 -5 0
10 -5 0
10 -5 0
10 -5 0
10 -5 0
10 -5 0
10 -5 0
10 -5 0
10 -5 0
10 -5 0
10 -5 0
10 -5 0
10 -5 0
10 -5 0
10 -5 0
10 0 -5
10 0 -5
10 0 -5
10 0 -5
10 0 -5
10 0 -5
10 0 -5
10 0 -5
10 0 -5
10 0 -5
10 0 -5
10 0 -5
10 0 -5
10 0 -5
10 0 -5
10 0 -5
10 0 -5
10 0 -5
10 0 -5
10 0 -5
10 0 -5
10 0 -5
10 0 -5
10 0 -5
10 0 -5
10 0 -5
10 0 -5
10 0 -5
10 0 -5
10 0 -5
10 0 -5
10 0 -5
10 0 -5
10 0 -5
10 5 0
10 5 0
10 5 0
10 5 0
10 5 0
10 5 0
10 5 0
10 5 0
10 5 0
10 5 0
10 5 0
10 5 0
10 5 0
10 5 0
10 5 0
10 5 0
10 5 0
10 5 0
10 5 0
10 5 0
10 5 0
10 5 0
10 5 0
10 5 0
10 5 0
10 5 0
10 5 0
10 5 0
10 5 0
10 5 0
10 5 0
10 5 0
10 5 0
10 5 0
10 0 5
10 0 5
10 0 5
10 0 5
10 0 5
10 0 5
10 0 5
10 0 5
10 0 5
10 0 5
10 0 5
10 0 5
10 0 5
10 0 5
10 0 5
10 0 5
10 0 5
10 0 5
10 0 5
10 0 5
10 0 5
10 0 5
10 0 5
10 0 5
10 0 5
10 0 5
10 0 5
10 0 5
10 0 5
10 0 5
10 0 5
10 0 5
10 0 5
10 0 5
11 -5 0
11 -5 0
11 -5 0
11 -5 0
11 -5 0
11 -5 0
11 -5 0
11 -5 0
11 -5 0
11 -5 0
11 -5 0
11 -5 0
11 -5 0
11 -5 0
11 -5 0
11 -5 0
11 -5 0
11 -5 0
11 -5 0
11 -5 0
11 -5 0
11 -5 0
11 -5 0
11 -5 0
11 -5 0
11 -5 0
11 -5 0
11 -5 0
11 -5 0
11 -5 0
11 -5 0
11 -5 0
11 -5 0
11 -5 0
11 0 -5
11 0 -5
11 0 -5
11 0 -5
11 0 -5
11 0 -5
11 0 -5
11 0 -5
11 0 -5
11 0 -5
11 0 -5
11 0 -5
11 0 -5
11 0 -5
11 0 -5
11 0 -5
11 0 -5
11 0 -5
11 0 -5
11 0 -5
11 0 -5
11 0 -5
11 0 -5
11 0 -5
11 0 -5
11 0 -5
11 0 -5
11 0 -5
11 0 -5
11 0 -5
11 0 -5
11 0 -5
11 0 -5
11 0 -5
11 5 0
11 5 0
11 5 0
11 5 0
11 5 0
11 5 0
11 5 0
11 5 0
11 5 0
11 5 0
11 5 0
11 5 0
11 5 0
11 5 0
11 5 0
11 5 0
11 5 0
11 5 0
11 5 0
11 5 0
11 5 0
11 5 0
11 5 0
11 5 0
11 5 0
11 5 0
11 5 0
11 5 0
11 5 0
11 5 0
11 5 0
11 5 0
11 5 0
11 5 0
11 0 5
11 0 5
11 0 5
11 0 5
11 0 5
11 0 5
11 0 5
11 0 5
11 0 5
11 0 5
11 0 5
11 0 5
11 0 5
11 0 5
11 0 5
11 0 5
11 0 5
11 0 5
11 0 5
11 0 5
11 0 5
11 0 5
11 0 5
11 0 5
11 0 5
11 0 5
11 0 5
11 0 5
11 0 5
11 0 5
11 0 5
11 0 5
11 0 5
11 0 5
12 -5 0
12 -5 0
12 -5 0
12 -5 0
12 -5 0
12 -5 0
12 -5 0
12 -5 0
12 -5 0
12 -5 0
12 -5 0
12 -5 0
12 -5 0
12 -5 0
12 -5 0
12 -5 0
12 -5 0
12 -5 0
12 -5 0
12 -5 0
12 -5 0
12 -5 0
12 -5 0
12 -5 0
12 -5 0
12 -5 0
12 -5 0
12 -5 0
12 -5 0
12 -5 0
12 -5 0
12 -5 0
12 -5 0
12 -5 0
12 0 -5
12 0 -5
12 0 -5
12 0 -5
12 0 -5
12 0 -5
12 0 -5
12 0 -5
12 0 -5
12 0 -5
12 0 -5
12 0 -5
12 0 -5
12 0 -5
12 0 -5
12 0 -5
12 0 -5
12 0 -5
12 0 -5
12 0 -5
12 0 -5
12 0 -5
12 0 -5
12 0 -5
12 0 -5
12 0 -5
12 0 -5
12 0 -5
12 0 -5
12 0 -5
12 0 -5
12 0 -5
12 0 -5
12 0 -5
12 5 0
12 5 0
12 5 0
12 5 0
12 5 0
12 5 0
12 5 0
12 5 0
12 5 0
12 5 0
12 5 0
12 5 0
12 5 0
12 5 0
12 5 0
12 5 0
12 5 0
12 5 0
12 5 0
12 5 0
12 5 0
12 5 0
12 5 0
12 5 0
12 5 0
12 5 0
12 5 0
12 5 0
12 5 0
12 5 0
12 5 0
12 5 0
12 5 0
12 5 0
12 0 5
12 0 5
12 0 5
12 0 5
12 0 5
12 0 5
12 0 5
12 0 5
12 0 5
12 0 5
12 0 5
12 0 5
12 0 5
12 0 5
12 0 5
12 0 5
12 0 5
12 0 5
12 0 5
12 0 5
12 0 5
12 0 5
12 0 5
12 0 5
12 0 5
12 0 5
12 0 5
12 0 5
12 0 5
12 0 5
12 0 5
12 0 5
12 0 5
12 0 5
13 -5 0
13 -5 0
13 -5 0
13 -5 0
13 -5 0
13 -5 0
13 -5 0
13 -5 0
13 -5 0
13 -5 0
13 -5 0
13 -5 0
13 -5 0
13 -5 0
13 -5 0
13 -5 0
13 -5 0
13 -5 0
13 -5 0
13 -5 0
13 -5 0
13 -5 0
13 -5 0
13 -5 0
13 -5 0
13 -5 0
13 -5 0
13 -5 0
13 -5 0
13 -5 0
13 -5 0
13 -5 0
13 -5 0
13 -5 0
13 0 -5
13 0 -5
13 0 -5
13 0 -5
13 0 -5
13 0 -5
13 0 -5
13 0 -5
13 0 -5
13 0 -5
13 0 -5
13 0 -5
13 0 -5
13 0 -5
13 0 -5
13 0 -5
13 0 -5
13 0 -5
13 0 -5
13 0 -5
13 0 -5
13 0 -5
13 0 -5
13 0 -5
13 0 -5
13 0 -5
13 0 -5
13 0 -5
13 0 -5
13 0 -5
13 0 -5
13 0 -5
13 0 -5
13 0 -5
13 5 0
13 5 0
13 5 0
13 5 0
13 5 0
13 5 0
13 5 0
13 5 0
13 5 0
13 5 0
13 5 0
13 5 0
13 5 0
13 5 0
13 5 0
13 5 0
13 5 0
13 5 0
13 5 0
13 5 0
13 5 0
13 5 0
13 5 0
13 5 0
13 5 0
13 5 0
13 5 0
13 5 0
13 5 0
13 5 0
13 5 0
13 5 0
13 5 0
13 5 0
13 0 5
13 0 5
13 0 5
13 0 5
13 0 5
13 0 5
13 0 5
13 0 5
13 0 5
13 0 5
13 0 5
13 0 5
13 0 5
13 0 5
13 0 5
13 0 5
13 0 5
13 0 5
13 0 5
13 0 5
13 0 5
13 0 5
13 0 5
13 0 5
13 0 5
13 0 5
13 0 5
13 0 5
13 0 5
13 0 5
13 0 5
13 0 5
13 0 5
13 0 5
14 -5 0
14 -5 0
14 -5 0
14 -5 0
14 -5 0
14 -5 0
14 -5 0
14 -5 0
14 -5 0
14 -5 0
14 -5 0
14 -5 0
14 -5 0
14 -5 0
14 -5 0
14 -5 0
14 -5 0
14 -5 0
14 -5 0
14 -5 0
14 -5 0
14 -5 0
14 -5 0
14 -5 0
14 -5 0
14 -5 0
14 -5 0
14 -5 0
14 -5 0
14 -5 0
14 -5 0
14 -5 0
14 -5 0
14 -5 0
14 0 -5
14 0 -5
14 0 -5
14 0 -5
14 0 -5
14 0 -5
14 0 -5
14 0 -5
14 0 -5
14 0 -5
14 0 -5
14 0 -5
14 0 -5
14 0 -5
14 0 -5
14 0 -5
14 0 -5
14 0 -5
14 0 -5
14 0 -5
14 0 -5
14 0 -5
14 0 -5
14 0 -5
14 0 -5
14 0 -5
14 0 -5
14 0 -5
14 0 -5
14 0 -5
14 0 -5
14 0 -5
14 0 -5
14 0 -5
14 5 0
14 5 0
14 5 0
14 5 0
14 5 0
14 5 0
14 5 0
14 5 0
14 5 0
14 5 0
14 5 0
14 5 0
14 5 0
14 5 0
14 5 0
14 5 0
14 5 0
14 5 0
14 5 0
14 5 0
14 5 0
14 5 0
14 5 0
14 5 0
14 5 0
14 5 0
14 5 0
14 5 0
14 5 0
14 5 0
14 5 0
14 5 0
14 5 0
14 5 0
14 0 5
14 0 5
14 0 5
14 0 5
14 0 5
14 0 5
14 0 5
14 0 5
14 0 5
14 0 5
14 0 5
14 0 5
14 0 5
14 0 5
14 0 5
14 0 5
14 0 5
14 0 5
14 0 5
14 0 5
14 0 5
14 0 5
14 0 5
14 0 5
14 0 5
14 0 5
14 0 5
14 0 5
14 0 5
14 0 5
14 0 5
14 0 5
14 0 5
14 0 5
15 -5 0
15 -5 0
15 -5 0
15 -5 0
15 -5 0
15 -5 0
15 -5 0
15 -5 0
15 -5 0
15 -5 0
15 -5 0
15 -5 0
15 -5 0
15 -5 0
15 -5 0
15 -5 0
15 -5 0
15 -5 0
15 -5 0
15 -5 0
15 -5 0
15 -5 0
15 -5 0
15 -5 0
15 -5 0
15 -5 0
15 -5 0
15 -5 0
15 -5 0
15 -5 0
15 -5 0
15 -5 0
15 -5 0
15 -5 0
15 0 -5
15 0 -5
15 0 -5
15 0 -5
15 0 -5
15 0 -5
15 0 -5
15 0 -5
15 0 -5
15 0 -5
15 0 -5
15 0 -5
15 0 -5
15 0 -5
15 0 -5
15 0 -5
15 0 -5
15 0 -5
15 0 -5
15 0 -5
15 0 -5
15 0 -5
15 0 -5
15 0 -5
15 0 -5
15 0 -5
15 0 -5
15 0 -5
15 0 -5
15 0 -5
15 0 -5
15 0 -5
15 0 -5
15 0 -5
15 5 0
15 5 0
15 5 0
15 5 0
15 5 0
15 5 0
15 5 0
15 5 0
15 5 0
15 5 0
15 5 0
15 5 0
15 5 0
15 5 0
15 5 0
15 5 0
15 5 0
15 5 0
15 5 0
15 5 0
15 5 0
15 5 0
15 5 0
15 5 0
15 5 0
15 5 0
15 5 0
15 5 0
15 5 0
15 5 0
15 5 0
15 5 0
15 5 0
15 5 0
15 0 5
15 0 5
15 0 5
15 0 5
15 0 5
15 0 5
15 0 5
15 0 5
15 0 5
15 0 5
15 0 5
15 0 5
15 0 5
15 0 5
15 0 5
15 0 5
15 0 5
15 0 5
15 0 5
15 0 5
15 0 5
15 0 5
15 0 5
15 0 5
15 0 5
15 0 5
15 0 5
15 0 5
15 0 5
15 0 5
15 0 5
15 0 5
15 0 5
15 0 5
16 -5 0
16 -5 0
16 -5 0
16 -5 0
16 -5 0
16 -5 0
16 -5 0
16 -5 0
16 -5 0
16 -5 0
16 -5 0
16 -5 0
16 -5 0
16 -5 0
16 -5 0
16 -5 0
16 -5 0
16 -5 0
16 -5 0
16 -5 0
16 -5 0
16 -5 0
16 -5 0
16 -5 0
16 -5 0
16 -5 0
16 -5 0
16 -5 0
16 -5 0
16 -5 0
16 -5 0
16 -5 0
16 -5 0
16 -5 0
16 0 -5
16 0 -5
16 0 -5
16 0 -5
16 0 -5
16 0 -5
16 0 -5
16 0 -5
16 0 -5
16 0 -5
16 0 -5
16 0 -5
16 0 -5
16 0 -5
16 0 -5
16 0 -5
16 0 -5
16 0 -5
16 0 -5
16 0 -5
16 0 -5
16 0 -5
16 0 -5
16 0 -5
16 0 -5
16 0 -5
16 0 -5
16 0 -5
16 0 -5
16 0 -5
16 0 -5
16 0 -5
16 0 -5
16 0 -5
16 5 0
16 5 0
16 5 0
16 5 0
16 5 0
16 5 0
16 5 0
16 5 0
16 5 0
16 5 0
16 5 0
16 5 0
16 5 0
16 5 0
16 5 0
16 5 0
16 5 0
16 5 0
16 5 0
16 5 0
16 5 0
16 5 0
16 5 0
16 5 0
16 5 0
16 5 0
16 5 0
16 5 0
16 5 0
16 5 0
16 5 0
16 5 0
16 5 0
16 5 0
16 0 5
16 0 5
16 0 5
16 0 5
16 0 5
16 0 5
16 0 5
16 0 5
16 0 5
16 0 5
16 0 5
16 0 5
16 0 5
16 0 5
16 0 5
16 0 5
16 0 5
16 0 5
16 0 5
16 0 5
16 0 5
16 0 5
16 0 5
16 0 5
16 0 5
16 0 5
16 0 5
16 0 5
16 0 5
16 0 5
16 0 5
16 0 5
16 0 5
16 0 5
17 -5 0
17 -5 0
17 -5 0
17 -5 0
17 -5 0
17 -5 0
17 -5 0
17 -5 0
17 -5 0
17 -5 0
17 -5 0
17 -5 0
17 -5 0
17 -5 0
17 -5 0
17 -5 0
17 -5 0
17 -5 0
17 -5 0
17 -5 0
17 -5 0
17 -5 0
17 -5 0
17 -5 0
17 -5 0
17 -5 0
17 -5 0
17 -5 0
17 -5 0
17 -5 0
17 -5 0
17 -5 0
17 -5 0
17 -5 0
17 0 -5
17 0 -5
17 0 -5
17 0 -5
17 0 -5
17 0 -5
17 0 -5
17 0 -5
17 0 -5
17 0 -5
17 0 -5
17 0 -5
17 0 -5
17 0 -5
17 0 -5
17 0 -5
17 0 -5
17 0 -5
17 0 -5
17 0 -5
17 0 -5
17 0 -5
17 0 -5
17 0 -5
17 0 -5
17 0 -5
17 0 -5
17 0 -5
17 0 -5
17 0 -5
17 0 -5
17 0 -5
17 0 -5
17 0 -5
17 5 0
17 5 0
17 5 0
17 5 0
17 5 0
17 5 0
17 5 0
17 5 0
17 5 0
17 5 0
17 5 0
17 5 0
17 5 0
17 5 0
17 5 0
17 5 0
17 5 0
17 5 0
17 5 0
17 5 0
17 5 0
17 5 0
17 5 0
17 5 0
17 5 0
17 5 0
17 5 0
17 5 0
17 5 0
17 5 0
17 5 0
17 5 0
17 5 0
17 5 0
17 0 5
17 0 5
17 0 5
17 0 5
17 0 5
17 0 5
17 0 5
17 0 5
17 0 5
17 0 5
17 0 5
17 0 5
17 0 5
17 0 5
17 0 5
17 0 5
17 0 5
17 0 5
17 0 5
17 0 5
17 0 5
17 0 5
17 0 5
17 0 5
17 0 5
17 0 5
17 0 5
17 0 5
17 0 5
17 0 5
17 0 5
17 0 5
17 0 5
17 0 5
18 -5 0
18 -5 0
18 -5 0
18 -5 0
18 -5 0
18 -5 0
18 -5 0
18 -5 0
18 -5 0
18 -5 0
18 -5 0
18 -5 0
18 -5 0
18 -5 0
18 -5 0
18 -5 0
18 -5 0
18 -5 0
18 -5 0
18 -5 0
18 -5 0
18 -5 0
18 -5 0
18 -5 0
18 -5 0
18 -5 0
18 -5 0
18 -5 0
18 -5 0
18 -5 0
18 -5 0
18 -5 0
18 -5 0
18 -5 0
18 0 -5
18 0 -5
18 0 -5
18 0 -5
18 0 -5
18 0 -5
18 0 -5
18 0 -5
18 0 -5
18 0 -5
18 0 -5
18 0 -5
18 0 -5
18 0 -5
18 0 -5
18 0 -5
18 0 -5
18 0 -5
18 0 -5
18 0 -5
18 0 -5
18 0 -5
18 0 -5
18 0 -5
18 0 -5
18 0 -5
18 0 -5
18 0 -5
18 0 -5
18 0 -5
18 0 -5
18 0 -5
18 0 -5
18 0 -5
18 5 0
18 5 0
18 5 0
18 5 0
18 5 0
18 5 0
18 5 0
18 5 0
18 5 0
18 5 0
18 5 0
18 5 0
18 5 0
18 5 0
18 5 0
18 5 0
18 5 0
18 5 0
18 5 0
18 5 0
18 5 0
18 5 0
18 5 0
18 5 0
18 5 0
18 5 0
18 5 0
18 5 0
18 5 0
18 5 0
18 5 0
18 5 0
18 5 0
18 5 0
18 0 5
18 0 5
18 0 5
18 0 5
18 0 5
18 0 5
18 0 5
18 0 5
18 0 5
18 0 5
18 0 5
18 0 5
18 0 5
18 0 5
18 0 5
18 0 5
18 0 5
18 0 5
18 0 5
18 0 5
18 0 5
18 0 5
18 0 5
18 0 5
18 0 5
18 0 5
18 0 5
18 0 5
18 0 5
18 0 5
18 0 5
18 0 5
18 0 5
18 0 5
19 -5 0
19 -5 0
19 -5 0
19 -5 0
19 -5 0
19 -5 0
19 -5 0
19 -5 0
19 -5 0
19 -5 0
19 -5 0
19 -5 0
19 -5 0
19 -5 0
19 -5 0
19 -5 0
19 -5 0
19 -5 0
19 -5 0
19 -5 0
19 -5 0
19 -5 0
19 -5 0
19 -5 0
19 -5 0
19 -5 0
19 -5 0
19 -5 0
19 -5 0
19 -5 0
19 -5 0
19 -5 0
19 -5 0
19 -5 0
19 0 -5
19 0 -5
19 0 -5
19 0 -5
19 0 -5
19 0 -5
19 0 -5
19 0 -5
19 0 -5
19 0 -5
19 0 -5
19 0 -5
19 0 -5
19 0 -5
19 0 -5
19 0 -5
19 0 -5
19 0 -5
19 0 -5
19 0 -5
19 0 -5
19 0 -5
19 0 -5
19 0 -5
19 0 -5
19 0 -5
19 0 -5
19 0 -5
19 0 -5
19 0 -5
19 0 -5
19 0 -5
19 0 -5
19 0 -5
19 5 0
19 5 0
19 5 0
19 5 0
19 5 0
19 5 0
19 5 0
19 5 0
19 5 0
19 5 0
19 5 0
19 5 0
19 5 0
19 5 0
19 5 0
19 5 0
19 5 0
19 5 0
19 5 0
19 5 0
19 5 0
19 5 0
19 5 0
19 5 0
19 5 0
19 5 0
19 5 0
19 5 0
19 5 0
19 5 0
19 5 0
19 5 0
19 5 0
19 5 0
19 0 5
19 0 5
19 0 5
19 0 5
19 0 5
19 0 5
19 0 5
19 0 5
19 0 5
19 0 5
19 0 5
19 0 5
19 0 5
19 0 5
19 0 5
19 0 5
19 0 5
19 0 5
19 0 5
19 0 5
19 0 5
19 0 5
19 0 5
19 0 5
19 0 5
19 0 5
19 0 5
19 0 5
19 0 5
19 0 5
19 0 5
19 0 5
19 0 5
19 0 5
20 -5 0
20 -5 0
20 -5 0
20 -5 0
20 -5 0
20 -5 0
20 -5 0
20 -5 0
20 -5 0
20 -5 0
20 -5 0
20 -5 0
20 -5 0
20 -5 0
20 -5 0
20 -5 0
20 -5 0
20 -5 0
20 -5 0
20 -5 0
20 -5 0
20 -5 0
20 -5 0
20 -5 0
20 -5 0
20 -5 0
20 -5 0
20 -5 0
20 -5 0
20 -5 0
20 -5 0
20 -5 0
20 -5 0
20 -5 0
20 0 -5
20 0 -5
20 0 -5
20 0 -5
20 0 -5
20 0 -5
20 0 -5
20 0 -5
20 0 -5
20 0 -5
20 0 -5
20 0 -5
20 0 -5
20 0 -5
20 0 -5
20 0 -5
20 0 -5
20 0 -5
20 0 -5
20 0 -5
20 0 -5
20 0 -5
20 0 -5
20 0 -5
20 0 -5
20 0 -5
20 0 -5
20 0 -5
20 0 -5
20 0 -5
20 0 -5
20 0 -5
20 0 -5
20 0 -5
20 5 0
20 5 0
20 5 0
20 5 0
20 5 0
20 5 0
20 5 0
20 5 0
20 5 0
20 5 0
20 5 0
20 5 0
20 5 0
20 5 0
20 5 0
20 5 0
20 5 0
20 5 0
20 5 0
20 5 0
20 5 0
20 5 0
20 5 0
20 5 0
20 5 0
20 5 0
20 5 0
20 5 0
20 5 0
20 5 0
20 5 0
20 5 0
20 5 0
20 5 0
20 0 5
20 0 5
20 0 5
20 0 5
20 0 5
20 0 5
20 0 5
20 0 5
20 0 5
20 0 5
20 0 5
20 0 5
20 0 5
20 0 5
20 0 5
20 0 5
20 0 5
20 0 5
20 0 5
20 0 5
20 0 5
20 0 5
20 0 5
20 0 5
20 0 5
20 0 5
20 0 5
20 0 5
20 0 5
20 0 5
20 0 5
20 0 5
20 0 5
20 0 5
21 -5 0
21 -5 0
21 -5 0
21 -5 0
21 -5 0
21 -5 0
21 -5 0
21 -5 0
21 -5 0
21 -5 0
21 -5 0
21 -5 0
21 -5 0
21 -5 0
21 -5 0
21 -5 0
21 -5 0
21 -5 0
21 -5 0
21 -5 0
21 -5 0
21 -5 0
21 -5 0
21 -5 0
21 -5 0
21 -5 0
21 -5 0
21 -5 0
21 -5 0
21 -5 0
21 -5 0
21 -5 0
21 -5 0
21 -5 0
21 0 -5
21 0 -5
21 0 -5
21 0 -5
21 0 -5
21 0 -5
21 0 -5
21 0 -5
21 0 -5
21 0 -5
21 0 -5
21 0 -5
21 0 -5
21 0 -5
21 0 -5
21 0 -5
21 0 -5
21 0 -5
21 0 -5
21 0 -5
21 0 -5
21 0 -5
21 0 -5
21 0 -5
21 0 -5
21 0 -5
21 0 -5
21 0 -5
21 0 -5
21 0 -5
21 0 -5
21 0 -5
21 0 -5
21 0 -5
21 5 0
21 5 0
21 5 0
21 5 0
21 5 0
21 5 0
21 5 0
21 5 0
21 5 0
21 5 0
21 5 0
21 5 0
21 5 0
21 5 0
21 5 0
21 5 0
21 5 0
21 5 0
21 5 0
21 5 0
21 5 0
21 5 0
21 5 0
21 5 0
21 5 0
21 5 0
21 5 0
21 5 0
21 5 0
21 5 0
21 5 0
21 5 0
21 5 0
21 5 0
21 0 5
21 0 5
21 0 5
21 0 5
21 0 5
21 0 5
21 0 5
21 0 5
21 0 5
21 0 5
21 0 5
21 0 5
21 0 5
21 0 5
21 0 5
21 0 5
21 0 5
21 0 5
21 0 5
21 0 5
21 0 5
21 0 5
21 0 5
21 0 5
21 0 5
21 0 5
21 0 5
21 0 5
21 0 5
21 0 5
21 0 5
21 0 5
21 0 5
21 0 5
22 -5 0
22 -5 0
22 -5 0
22 -5 0
22 -5 0
22 -5 0
22 -5 0
22 -5 0
22 -5 0
22 -5 0
22 -5 0
22 -5 0
22 -5 0
22 -5 0
22 -5 0
22 -5 0
22 -5 0
22 -5 0
22 -5 0
22 -5 0
22 -5 0
22 -5 0
22 -5 0
22 -5 0
22 -5 0
22 -5 0
22 -5 0
22 -5 0
22 -5 0
22 -5 0
22 -5 0
22 -5 0
22 -5 0
22 -5 0
22 0 -5
22 0 -5
22 0 -5
22 0 -5
22 0 -5
22 0 -5
22 0 -5
22 0 -5
22 0 -5
22 0 -5
22 0 -5
22 0 -5
22 0 -5
22 0 -5
22 0 -5
22 0 -5
22 0 -5
22 0 -5
22 0 -5
22 0 -5
22 0 -5
22 0 -5
22 0 -5
22 0 -5
22 0 -5
22 0 -5
22 0 -5
22 0 -5
22 0 -5
22 0 -5
22 0 -5
22 0 -5
22 0 -5
22 0 -5
22 5 0
22 5 0
22 5 0
22 5 0
22 5 0
22 5 0
22 5 0
22 5 0
22 5 0
22 5 0
22 5 0
22 5 0
22 5 0
22 5 0
22 5 0
22 5 0
22 5 0
22 5 0
22 5 0
22 5 0
22 5 0
22 5 0
22 5 0
22 5 0
22 5 0
22 5 0
22 5 0
22 5 0
22 5 0
22 5 0
22 5 0
22 5 0
22 5 0
22 5 0
22 0 5
22 0 5
22 0 5
22 0 5
22 0 5
22 0 5
22 0 5
22 0 5
22 0 5
22 0 5
22 0 5
22 0 5
22 0 5
22 0 5
22 0 5
22 0 5
22 0 5
22 0 5
22 0 5
22 0 5
22 0 5
22 0 5
22 0 5
22 0 5
22 0 5
22 0 5
22 0 5
22 0 5
22 0 5
22 0 5
22 0 5
22 0 5
22 0 5
22 0 5
23 -5 0
23 -5 0
23 -5 0
23 -5 0
23 -5 0
23 -5 0
23 -5 0
23 -5 0
23 -5 0
23 -5 0
23 -5 0
23 -5 0
23 -5 0
23 -5 0
23 -5 0
23 -5 0
23 -5 0
23 -5 0
23 -5 0
23 -5 0
23 -5 0
23 -5 0
23 -5 0
23 -5 0
23 -5 0
23 -5 0
23 -5 0
23 -5 0
23 -5 0
23 -5 0
23 -5 0
23 -5 0
23 -5 0
23 -5 0
23 0 -5
23 0 -5
23 0 -5
23 0 -5
23 0 -5
23 0 -5
23 0 -5
23 0 -5
23 0 -5
23 0 -5
23 0 -5
23 0 -5
23 0 -5
23 0 -5
23 0 -5
23 0 -5
23 0 -5
23 0 -5
23 0 -5
23 0 -5
23 0 -5
23 0 -5
23 0 -5
23 0 -5
23 0 -5
23 0 -5
23 0 -5
23 0 -5
23 0 -5
23 0 -5
23 0 -5
23 0 -5
23 0 -5
23 0 -5
23 5 0
23 5 0
23 5 0
23 5 0
23 5 0
23 5 0
23 5 0
23 5 0
23 5 0
23 5 0
23 5 0
23 5 0
23 5 0
23 5 0
23 5 0
23 5 0
23 5 0
23 5 0
23 5 0
23 5 0
23 5 0
23 5 0
23 5 0
23 5 0
23 5 0
23 5 0
23 5 0
23 5 0
23 5 0
23 5 0
23 5 0
23 5 0
23 5 0
23 5 0
23 0 5
23 0 5
23 0 5
23 0 5
23 0 5
23 0 5
23 0 5
23 0 5
23 0 5
23 0 5
23 0 5
23 0 5
23 0 5
23 0 5
23 0 5
23 0 5
23 0 5
23 0 5
23 0 5
23 0 5
23 0 5
23 0 5
23 0 5
23 0 5
23 0 5
23 0 5
23 0 5
23 0 5
23 0 5
23 0 5
23 0 5
23 0 5
23 0 5
23 0 5
24 -5 0
24 -5 0
24 -5 0
24 -5 0
24 -5 0
24 -5 0
24 -5 0
24 -5 0
24 -5 0
24 -5 0
24 -5 0
24 -5 0
24 -5 0
24 -5 0
24 -5 0
24 -5 0
24 -5 0
24 -5 0
24 -5 0
24 -5 0
24 -5 0
24 -5 0
24 -5 0
24 -5 0
24 -5 0
24 -5 0
24 -5 0
24 -5 0
24 -5 0
24 -5 0
24 -5 0
24 -5 0
24 -5 0
24 -5 0
24 0 -5
24 0 -5
24 0 -5
24 0 -5
24 0 -5
24 0 -5
24 0 -5
24 0 -5
24 0 -5
24 0 -5
24 0 -5
24 0 -5
24 0 -5
24 0 -5
24 0 -5
24 0 -5
24 0 -5
24 0 -5
24 0 -5
24 0 -5
24 0 -5
24 0 -5
24 0 -5
24 0 -5
24 0 -5
24 0 -5
24 0 -5
24 0 -5
24 0 -5
24 0 -5
24 0 -5
24 0 -5
24 0 -5
24 0 -5
24 5 0
24 5 0
24 5 0
24 5 0
24 5 0
24 5 0
24 5 0
24 5 0
24 5 0
24 5 0
24 5 0
24 5 0
24 5 0
24 5 0
24 5 0
24 5 0
24 5 0
24 5 0
24 5 0
24 5 0
24 5 0
24 5 0
24 5 0
24 5 0
24 5 0
24 5 0
24 5 0
24 5 0
24 5 0
24 5 0
24 5 0
24 5 0
24 5 0
24 5 0
24 0 5
24 0 5
24 0 5
24 0 5
24 0 5
24 0 5
24 0 5
24 0 5
24 0 5
24 0 5
24 0 5
24 0 5
24 0 5
24 0 5
24 0 5
24 0 5
24 0 5
24 0 5
24 0 5
24 0 5
24 0 5
24 0 5
24 0 5
24 0 5
24 0 5
24 0 5
24 0 5
24 0 5
24 0 5
24 0 5
24 0 5
24 0 5
24 0 5
24 0 5
25 -5 0
25 -5 0
25 -5 0
25 -5 0
25 -5 0
25 -5 0
25 -5 0
25 -5 0
25 -5 0
25 -5 0
25 -5 0
25 -5 0
25 -5 0
25 -5 0
25 -5 0
25 -5 0
25 -5 0
25 -5 0
25 -5 0
25 -5 0
25 -5 0
25 -5 0
25 -5 0
25 -5 0
25 -5 0
25 -5 0
25 -5 0
25 -5 0
25 -5 0
25 -5 0
25 -5 0
25 -5 0
25 -5 0
25 -5 0
25 0 -5
25 0 -5
25 0 -5
25 0 -5
25 0 -5
25 0 -5
25 0 -5
25 0 -5
25 0 -5
25 0 -5
25 0 -5
25 0 -5
25 0 -5
25 0 -5
25 0 -5
25 0 -5
25 0 -5
25 0 -5
25 0 -5
25 0 -5
25 0 -5
25 0 -5
25 0 -5
25 0 -5
25 0 -5
25 0 -5
25 0 -5
25 0 -5
25 0 -5
25 0 -5
25 0 -5
25 0 -5
25 0 -5
25 0 -5
25 5 0
25 5 0
25 5 0
25 5 0
25 5 0
25 5 0
25 5 0
25 5 0
25 5 0
25 5 0
25 5 0
25 5 0
25 5 0
25 5 0
25 5 0
25 5 0
25 5 0
25 5 0
25 5 0
25 5 0
25 5 0
25 5 0
25 5 0
25 5 0
25 5 0
25 5 0
25 5 0
25 5 0
25 5 0
25 5 0
25 5 0
25 5 0
25 5 0
25 5 0
25 0 5
25 0 5
25 0 5
25 0 5
25 0 5
25 0 5
25 0 5
25 0 5
25 0 5
25 0 5
25 0 5
25 0 5
25 0 5
25 0 5
25 0 5
25 0 5
25 0 5
25 0 5
25 0 5
25 0 5
25 0 5
25 0 5
25 0 5
25 0 5
25 0 5
25 0 5
25 0 5
25 0 5
25 0 5
25 0 5
25 0 5
25 0 5
25 0 5
25 0 5
26 -5 0
26 -5 0
26 -5 0
26 -5 0
26 -5 0
26 -5 0
26 -5 0
26 -5 0
26 -5 0
26 -5 0
26 -5 0
26 -5 0
26 -5 0
26 -5 0
26 -5 0
26 -5 0
26 -5 0
26 -5 0
26 -5 0
26 -5 0
26 -5 0
26 -5 0
26 -5 0
26 -5 0
26 -5 0
26 -5 0
26 -5 0
26 -5 0
26 -5 0
26 -5 0
26 -5 0
26 -5 0
26 -5 0
26 -5 0
26 0 -5
26 0 -5
26 0 -5
26 0 -5
26 0 -5
26 0 -5
26 0 -5
26 0 -5
26 0 -5
26 0 -5
26 0 -5
26 0 -5
26 0 -5
26 0 -5
26 0 -5
26 0 -5
26 0 -5
26 0 -5
26 0 -5
26 0 -5
26 0 -5
26 0 -5
26 0 -5
26 0 -5
26 0 -5
26 0 -5
26 0 -5
26 0 -5
26 0 -5
26 0 -5
26 0 -5
26 0 -5
26 0 -5
26 0 -5
26 5 0
26 5 0
26 5 0
26 5 0
26 5 0
26 5 0
26 5 0
26 5 0
26 5 0
26 5 0
26 5 0
26 5 0
26 5 0
26 5 0
26 5 0
26 5 0
26 5 0
26 5 0
26 5 0
26 5 0
26 5 0
26 5 0
26 5 0
26 5 0
26 5 0
26 5 0
26 5 0
26 5 0
26 5 0
26 5 0
26 5 0
26 5 0
26 5 0
26 5 0
26 0 5
26 0 5
26 0 5
26 0 5
26 0 5
26 0 5
26 0 5
26 0 5
26 0 5
26 0 5
26 0 5
26 0 5
26 0 5
26 0 5
26 0 5
26 0 5
26 0 5
26 0 5
26 0 5
26 0 5
26 0 5
26 0 5
26 0 5
26 0 5
26 0 5
26 0 5
26 0 5
26 0 5
26 0 5
26 0 5
26 0 5
26 0 5
26 0 5
26 0 5
27 -5 0
27 -5 0
27 -5 0
27 -5 0
27 -5 0
27 -5 0
27 -5 0
27 -5 0
27 -5 0
27 -5 0
27 -5 0
27 -5 0
27 -5 0
27 -5 0
27 -5 0
27 -5 0
27 -5 0
27 -5 0
27 -5 0
27 -5 0
27 -5 0
27 -5 0
27 -5 0
27 -5 0
27 -5 0
27 -5 0
27 -5 0
27 -5 0
27 -5 0
27 -5 0
27 -5 0
27 -5 0
27 -5 0
27 -5 0
27 0 -5
27 0 -5
27 0 -5
27 0 -5
27 0 -5
27 0 -5
27 0 -5
27 0 -5
27 0 -5
27 0 -5
27 0 -5
27 0 -5
27 0 -5
27 0 -5
27 0 -5
27 0 -5
27 0 -5
27 0 -5
27 0 -5
27 0 -5
27 0 -5
27 0 -5
27 0 -5
27 0 -5
27 0 -5
27 0 -5
27 0 -5
27 0 -5
27 0 -5
27 0 -5
27 0 -5
27 0 -5
27 0 -5
27 0 -5
27 5 0
27 5 0
27 5 0
27 5 0
27 5 0
27 5 0
27 5 0
27 5 0
27 5 0
27 5 0
27 5 0
27 5 0
27 5 0
27 5 0
27 5 0
27 5 0
27 5 0
27 5 0
27 5 0
27 5 0
27 5 0
27 5 0
27 5 0
27 5 0
27 5 0
27 5 0
27 5 0
27 5 0
27 5 0
27 5 0
27 5 0
27 5 0
27 5 0
27 5 0
27 0 5
27 0 5
27 0 5
27 0 5
27 0 5
27 0 5
27 0 5
27 0 5
27 0 5
27 0 5
27 0 5
27 0 5
27 0 5
27 0 5
27 0 5
27 0 5
27 0 5
27 0 5
27 0 5
27 0 5
27 0 5
27 0 5
27 0 5
27 0 5
27 0 5
27 0 5
27 0 5
27 0 5
27 0 5
27 0 5
27 0 5
27 0 5
27 0 5
27 0 5
28 -5 0
28 -5 0
28 -5 0
28 -5 0
28 -5 0
28 -5 0
28 -5 0
28 -5 0
28 -5 0
28 -5 0
28 -5 0
28 -5 0
28 -5 0
28 -5 0
28 -5 0
28 -5 0
28 -5 0
28 -5 0
28 -5 0
28 -5 0
28 -5 0
28 -5 0
28 -5 0
28 -5 0
28 -5 0
28 -5 0
28 -5 0
28 -5 0
28 -5 0
28 -5 0
28 -5 0
28 -5 0
28 -5 0
28 -5 0
28 0 -5
28 0 -5
28 0 -5
28 0 -5
28 0 -5
28 0 -5
28 0 -5
28 0 -5
28 0 -5
28 0 -5
28 0 -5
28 0 -5
28 0 -5
28 0 -5
28 0 -5
28 0 -5
28 0 -5
28 0 -5
28 0 -5
28 0 -5
28 0 -5
28 0 -5
28 0 -5
28 0 -5
28 0 -5
28 0 -5
28 0 -5
28 0 -5
28 0 -5
28 0 -5
28 0 -5
28 0 -5
28 0 -5
28 0 -5
28 5 0
28 5 0
28 5 0
28 5 0
28 5 0
28 5 0
28 5 0
28 5 0
28 5 0
28 5 0
28 5 0
28 5 0
28 5 0
28 5 0
28 5 0
28 5 0
28 5 0
28 5 0
28 5 0
28 5 0
28 5 0
28 5 0
28 5 0
28 5 0
28 5 0
28 5 0
28 5 0
28 5 0
28 5 0
28 5 0
28 5 0
28 5 0
28 5 0
28 5 0
28 0 5
28 0 5
28 0 5
28 0 5
28 0 5
28 0 5
28 0 5
28 0 5
28 0 5
28 0 5
28 0 5
28 0 5
28 0 5
28 0 5
28 0 5
28 0 5
28 0 5
28 0 5
28 0 5
28 0 5
28 0 5
28 0 5
28 0 5
28 0 5
28 0 5
28 0 5
28 0 5
28 0 5
28 0 5
28 0 5
28 0 5
28 0 5
28 0 5
28 0 5
29 -5 0
29 -5 0
29 -5 0
29 -5 0
29 -5 0
29 -5 0
29 -5 0
29 -5 0
29 -5 0
29 -5 0
29 -5 0
29 -5 0
29 -5 0
29 -5 0
29 -5 0
29 -5 0
29 -5 0
29 -5 0
29 -5 0
29 -5 0
29 -5 0
29 -5 0
29 -5 0
29 -5 0
29 -5 0
29 -5 0
29 -5 0
29 -5 0
29 -5 0
29 -5 0
29 -5 0
29 -5 0
29 -5 0
29 -5 0
29 0 -5
29 0 -5
29 0 -5
29 0 -5
29 0 -5
29 0 -5
29 0 -5
29 0 -5
29 0 -5
29 0 -5
29 0 -5
29 0 -5
29 0 -5
29 0 -5
29 0 -5
29 0 -5
29 0 -5
29 0 -5
29 0 -5
29 0 -5
29 0 -5
29 0 -5
29 0 -5
29 0 -5
29 0 -5
29 0 -5
29 0 -5
29 0 -5
29 0 -5
29 0 -5
29 0 -5
29 0 -5
29 0 -5
29 0 -5
29 5 0
29 5 0
29 5 0
29 5 0
29 5 0
29 5 0
29 5 0
29 5 0
29 5 0
29 5 0
29 5 0
29 5 0
29 5 0
29 5 0
29 5 0
29 5 0
29 5 0
29 5 0
29 5 0
29 5 0
29 5 0
29 5 0
29 5 0
29 5 0
29 5 0
29 5 0
29 5 0
29 5 0
29 5 0
29 5 0
29 5 0
29 5 0
29 5 0
29 5 0
29 0 5
29 0 5
29 0 5
29 0 5
29 0 5
29 0 5
29 0 5
29 0 5
29 0 5
29 0 5
29 0 5
29 0 5
29 0 5
29 0 5
29 0 5
29 0 5
29 0 5
29 0 5
29 0 5
29 0 5
29 0 5
29 0 5
29 0 5
29 0 5
29 0 5
29 0 5
29 0 5
29 0 5
29 0 5
29 0 5
29 0 5
29 0 5
29 0 5
29 0 5
30 -5 0
30 -5 0
30 -5 0
30 -5 0
30 -5 0
30 -5 0
30 -5 0
30 -5 0
30 -5 0
30 -5 0
30 -5 0
30 -5 0
30 -5 0
30 -5 0
30 -5 0
30 -5 0
30 -5 0
30 -5 0
30 -5 0
30 -5 0
30 -5 0
30 -5 0
30 -5 0
30 -5 0
30 -5 0
30 -5 0
30 -5 0
30 -5 0
30 -5 0
30 -5 0
30 -5 0
30 -5 0
30 -5 0
30 -5 0
30 0 -5
30 0 -5
30 0 -5
30 0 -5
30 0 -5
30 0 -5
30 0 -5
30 0 -5
30 0 -5
30 0 -5
30 0 -5
30 0 -5
30 0 -5
30 0 -5
30 0 -5
30 0 -5
30 0 -5
30 0 -5
30 0 -5
30 0 -5
30 0 -5
30 0 -5
30 0 -5
30 0 -5
30 0 -5
30 0 -5
30 0 -5
30 0 -5
30 0 -5
30 0 -5
30 0 -5
30 0 -5
30 0 -5
30 0 -5
30 5 0
30 5 0
30 5 0
30 5 0
30 5 0
30 5 0
30 5 0
30 5 0
30 5 0
30 5 0
30 5 0
30 5 0
30 5 0
30 5 0
30 5 0
30 5 0
30 5 0
30 5 0
30 5 0
30 5 0
30 5 0
30 5 0
30 5 0
30 5 0
30 5 0
30 5 0
30 5 0
30 5 0
30 5 0
30 5 0
30 5 0
30 5 0
30 5 0
30 5 0
30 0 5
30 0 5
30 0 5
30 0 5
30 0 5
30 0 5
30 0 5
30 0 5
30 0 5
30 0 5
30 0 5
30 0 5
30 0 5
30 0 5
30 0 5
30 0 5
30 0 5
30 0 5
30 0 5
30 0 5
30 0 5
30 0 5
30 0 5
30 0 5
30 0 5
30 0 5
30 0 5
30 0 5
30 0 5
30 0 5
30 0 5
30 0 5
30 0 5
30 0 5
31 -5 0
31 -5 0
31 -5 0
31 -5 0
31 -5 0
31 -5 0
31 -5 0
31 -5 0
31 -5 0
31 -5 0
31 -5 0
31 -5 0
31 -5 0
31 -5 0
31 -5 0
31 -5 0
31 -5 0
31 -5 0
31 -5 0
31 -5 0
31 -5 0
31 -5 0
31 -5 0
31 -5 0
31 -5 0
31 -5 0
31 -5 0
31 -5 0
31 -5 0
31 -5 0
31 -5 0
31 -5 0
31 -5 0
31 -5 0
31 0 -5
31 0 -5
31 0 -5
31 0 -5
31 0 -5
31 0 -5
31 0 -5
31 0 -5
31 0 -5
31 0 -5
31 0 -5
31 0 -5
31 0 -5
31 0 -5
31 0 -5
31 0 -5
31 0 -5
31 0 -5
31 0 -5
31 0 -5
31 0 -5
31 0 -5
31 0 -5
31 0 -5
31 0 -5
31 0 -5
31 0 -5
31 0 -5
31 0 -5
31 0 -5
31 0 -5
31 0 -5
31 0 -5
31 0 -5
31 5 0
31 5 0
31 5 0
31 5 0
31 5 0
31 5 0
31 5 0
31 5 0
31 5 0
31 5 0
31 5 0
31 5 0
31 5 0
31 5 0
31 5 0
31 5 0
31 5 0
31 5 0
31 5 0
31 5 0
31 5 0
31 5 0
31 5 0
31 5 0
31 5 0
31 5 0
31 5 0
31 5 0
31 5 0
31 5 0
31 5 0
31 5 0
31 5 0
31 5 0
31 0 5
31 0 5
31 0 5
31 0 5
31 0 5
31 0 5
31 0 5
31 0 5
31 0 5
31 0 5
31 0 5
31 0 5
31 0 5
31 0 5
31 0 5
31 0 5
31 0 5
31 0 5
31 0 5
31 0 5
31 0 5
31 0 5
31 0 5
31 0 5
31 0 5
31 0 5
31 0 5
31 0 5
31 0 5
31 0 5
31 0 5
31 0 5
31 0 5
31 0 5
32 -5 0
32 -5 0
32 -5 0
32 -5 0
32 -5 0
32 -5 0
32 -5 0
32 -5 0
32 -5 0
32 -5 0
32 -5 0
32 -5 0
32 -5 0
32 -5 0
32 -5 0
32 -5 0
32 -5 0
32 -5 0
32 -5 0
32 -5 0
32 -5 0
32 -5 0
32 -5 0
32 -5 0
32 -5 0
32 -5 0
32 -5 0
32 -5 0
32 -5 0
32 -5 0
32 -5 0
32 -5 0
32 -5 0
32 -5 0
32 0 -5
32 0 -5
32 0 -5
32 0 -5
32 0 -5
32 0 -5
32 0 -5
32 0 -5
32 0 -5
32 0 -5
32 0 -5
32 0 -5
32 0 -5
32 0 -5
32 0 -5
32 0 -5
32 0 -5
32 0 -5
32 0 -5
32 0 -5
32 0 -5
32 0 -5
32 0 -5
32 0 -5
32 0 -5
32 0 -5
32 0 -5
32 0 -5
32 0 -5
32 0 -5
32 0 -5
32 0 -5
32 0 -5
32 0 -5
32 5 0
32 5 0
32 5 0
32 5 0
32 5 0
32 5 0
32 5 0
32 5 0
32 5 0
32 5 0
32 5 0
32 5 0
32 5 0
32 5 0
32 5 0
32 5 0
32 5 0
32 5 0
32 5 0
32 5 0
32 5 0
32 5 0
32 5 0
32 5 0
32 5 0
32 5 0
32 5 0
32 5 0
32 5 0
32 5 0
32 5 0
32 5 0
32 5 0
32 5 0
32 0 5
32 0 5
32 0 5
32 0 5
32 0 5
32 0 5
32 0 5
32 0 5
32 0 5
32 0 5
32 0 5
32 0 5
32 0 5
32 0 5
32 0 5
32 0 5
32 0 5
32 0 5
32 0 5
32 0 5
32 0 5
32 0 5
32 0 5
32 0 5
32 0 5
32 0 5
32 0 5
32 0 5
32 0 5
32 0 5
32 0 5
32 0 5
32 0 5
32 0 5
33 -5 0
33 -5 0
33 -5 0
33 -5 0
33 -5 0
33 -5 0
33 -5 0
33 -5 0
33 -5 0
33 -5 0
33 -5 0
33 -5 0
33 -5 0
33 -5 0
33 -5 0
33 -5 0
33 -5 0
33 -5 0
33 -5 0
33 -5 0
33 -5 0
33 -5 0
33 -5 0
33 -5 0
33 -5 0
33 -5 0
33 -5 0
33 -5 0
33 -5 0
33 -5 0
33 -5 0
33 -5 0
33 -5 0
33 -5 0
33 0 -5
33 0 -5
33 0 -5
33 0 -5
33 0 -5
33 0 -5
33 0 -5
33 0 -5
33 0 -5
33 0 -5
33 0 -5
33 0 -5
33 0 -5
33 0 -5
33 0 -5
33 0 -5
33 0 -5
33 0 -5
33 0 -5
33 0 -5
33 0 -5
33 0 -5
33 0 -5
33 0 -5
33 0 -5
33 0 -5
33 0 -5
33 0 -5
33 0 -5
33 0 -5
33 0 -5
33 0 -5
33 0 -5
33 0 -5
33 5 0
33 5 0
33 5 0
33 5 0
33 5 0
33 5 0
33 5 0
33 5 0
33 5 0
33 5 0
33 5 0
33 5 0
33 5 0
33 5 0
33 5 0
33 5 0
33 5 0
33 5 0
33 5 0
33 5 0
33 5 0
33 5 0
33 5 0
33 5 0
33 5 0
33 5 0
33 5 0
33 5 0
33 5 0
33 5 0
33 5 0
33 5 0
33 5 0
33 5 0
33 0 5
33 0 5
33 0 5
33 0 5
33 0 5
33 0 5
33 0 5
33 0 5
33 0 5
33 0 5
33 0 5
33 0 5
33 0 5
33 0 5
33 0 5
33 0 5
33 0 5
33 0 5
33 0 5
33 0 5
33 0 5
33 0 5
33 0 5
33 0 5
33 0 5
33 0 5
33 0 5
33 0 5
33 0 5
33 0 5
33 0 5
33 0 5
33 0 5
33 0 5
34 -5 0
34 -5 0
34 -5 0
34 -5 0
34 -5 0
34 -5 0
34 -5 0
34 -5 0
34 -5 0
34 -5 0
34 -5 0
34 -5 0
34 -5 0
34 -5 0
34 -5 0
34 -5 0
34 -5 0
34 -5 0
34 -5 0
34 -5 0
34 -5 0
34 -5 0
34 -5 0
34 -5 0
34 -5 0
34 -5 0
34 -5 0
34 -5 0
34 -5 0
34 -5 0
34 -5 0
34 -5 0
34 -5 0
34 -5 0
34 0 -5
34 0 -5
34 0 -5
34 0 -5
34 0 -5
34 0 -5
34 0 -5
34 0 -5
34 0 -5
34 0 -5
34 0 -5
34 0 -5
34 0 -5
34 0 -5
34 0 -5
34 0 -5
34 0 -5
34 0 -5
34 0 -5
34 0 -5
34 0 -5
34 0 -5
34 0 -5
34 0 -5
34 0 -5
34 0 -5
34 0 -5
34 0 -5
34 0 -5
34 0 -5
34 0 -5
34 0 -5
34 0 -5
34 0 -5
34 5 0
34 5 0
34 5 0
34 5 0
34 5 0
34 5 0
34 5 0
34 5 0
34 5 0
34 5 0
34 5 0
34 5 0
34 5 0
34 5 0
34 5 0
34 5 0
34 5 0
34 5 0
34 5 0
34 5 0
34 5 0
34 5 0
34 5 0
34 5 0
34 5 0
34 5 0
34 5 0
34 5 0
34 5 0
34 5 0
34 5 0
34 5 0
34 5 0
34 5 0
34 0 5
34 0 5
34 0 5
34 0 5
34 0 5
34 0 5
34 0 5
34 0 5
34 0 5
34 0 5
34 0 5
34 0 5
34 0 5
34 0 5
34 0 5
34 0 5
34 0 5
34 0 5
34 0 5
34 0 5
34 0 5
34 0 5
34 0 5
34 0 5
34 0 5
34 0 5
34 0 5
34 0 5
34 0 5
34 0 5
34 0 5
34 0 5
34 0 5
34 0 5
35 -5 0
35 -5 0
35 -5 0
35 -5 0
35 -5 0
35 -5 0
35 -5 0
35 -5 0
35 -5 0
35 -5 0
35 -5 0
35 -5 0
35 -5 0
35 -5 0
35 -5 0
35 -5 0
35 -5 0
35 -5 0
35 -5 0
35 -5 0
35 -5 0
35 -5 0
35 -5 0
35 -5 0
35 -5 0
35 -5 0
35 -5 0
35 -5 0
35 -5 0
35 -5 0
35 -5 0
35 -5 0
35 -5 0
35 -5 0
35 0 -5
35 0 -5
35 0 -5
35 0 -5
35 0 -5
35 0 -5
35 0 -5
35 0 -5
35 0 -5
35 0 -5
35 0 -5
35 0 -5
35 0 -5
35 0 -5
35 0 -5
35 0 -5
35 0 -5
35 0 -5
35 0 -5
35 0 -5
35 0 -5
35 0 -5
35 0 -5
35 0 -5
35 0 -5
35 0 -5
35 0 -5
35 0 -5
35 0 -5
35 0 -5
35 0 -5
35 0 -5
35 0 -5
35 0 -5
35 5 0
35 5 0
35 5 0
35 5 0
35 5 0
35 5 0
35 5 0
35 5 0
35 5 0
35 5 0
35 5 0
35 5 0
35 5 0
35 5 0
35 5 0
35 5 0
35 5 0
35 5 0
35 5 0
35 5 0
35 5 0
35 5 0
35 5 0
35 5 0
35 5 0
35 5 0
35 5 0
35 5 0
35 5 0
35 5 0
35 5 0
35 5 0
35 5 0
35 5 0
35 0 5
35 0 5
35 0 5
35 0 5
35 0 5
35 0 5
35 0 5
35 0 5
35 0 5
35 0 5
35 0 5
35 0 5
35 0 5
35 0 5
35 0 5
35 0 5
35 0 5
35 0 5
35 0 5
35 0 5
35 0 5
35 0 5
35 0 5
35 0 5
35 0 5
35 0 5
35 0 5
35 0 5
35 0 5
35 0 5
35 0 5
35 0 5
35 0 5
35 0 5
36 -5 0
36 -5 0
36 -5 0
36 -5 0
36 -5 0
36 -5 0
36 -5 0
36 -5 0
36 -5 0
36 -5 0
36 -5 0
36 -5 0
36 -5 0
36 -5 0
36 -5 0
36 -5 0
36 -5 0
36 -5 0
36 -5 0
36 -5 0
36 -5 0
36 -5 0
36 -5 0
36 -5 0
36 -5 0
36 -5 0
36 -5 0
36 -5 0
36 -5 0
36 -5 0
36 -5 0
36 -5 0
36 -5 0
36 -5 0
36 0 -5
36 0 -5
36 0 -5
36 0 -5
36 0 -5
36 0 -5
36 0 -5
36 0 -5
36 0 -5
36 0 -5
36 0 -5
36 0 -5
36 0 -5
36 0 -5
36 0 -5
36 0 -5
36 0 -5
36 0 -5
36 0 -5
36 0 -5
36 0 -5
36 0 -5
36 0 -5
36 0 -5
36 0 -5
36 0 -5
36 0 -5
36 0 -5
36 0 -5
36 0 -5
36 0 -5
36 0 -5
36 0 -5
36 0 -5
36 5 0
36 5 0
36 5 0
36 5 0
36 5 0
36 5 0
36 5 0
36 5 0
36 5 0
36 5 0
36 5 0
36 5 0
36 5 0
36 5 0
36 5 0
36 5 0
36 5 0
36 5 0
36 5 0
36 5 0
36 5 0
36 5 0
36 5 0
36 5 0
36 5 0
36 5 0
36 5 0
36 5 0
36 5 0
36 5 0
36 5 0
36 5 0
36 5 0
36 5 0
36 0 5
36 0 5
36 0 5
36 0 5
36 0 5
36 0 5
36 0 5
36 0 5
36 0 5
36 0 5
36 0 5
36 0 5
36 0 5
36 0 5
36 0 5
36 0 5
36 0 5
36 0 5
36 0 5
36 0 5
36 0 5
36 0 5
36 0 5
36 0 5
36 0 5
36 0 5
36 0 5
36 0 5
36 0 5
36 0 5
36 0 5
36 0 5
36 0 5
36 0 5
37 -5 0
37 -5 0
37 -5 0
37 -5 0
37 -5 0
37 -5 0
37 -5 0
37 -5 0
37 -5 0
37 -5 0
37 -5 0
37 -5 0
37 -5 0
37 -5 0
37 -5 0
37 -5 0
37 -5 0
37 -5 0
37 -5 0
37 -5 0
37 -5 0
37 -5 0
37 -5 0
37 -5 0
37 -5 0
37 -5 0
37 -5 0
37 -5 0
37 -5 0
37 -5 0
37 -5 0
37 -5 0
37 -5 0
37 -5 0
37 0 -5
37 0 -5
37 0 -5
37 0 -5
37 0 -5
37 0 -5
37 0 -5
37 0 -5
37 0 -5
37 0 -5
37 0 -5
37 0 -5
37 0 -5
37 0 -5
37 0 -5
37 0 -5
37 0 -5
37 0 -5
37 0 -5
37 0 -5
37 0 -5
37 0 -5
37 0 -5
37 0 -5
37 0 -5
37 0 -5
37 0 -5
37 0 -5
37 0 -5
37 0 -5
37 0 -5
37 0 -5
37 0 -5
37 0 -5
37 5 0
37 5 0
37 5 0
37 5 0
37 5 0
37 5 0
37 5 0
37 5 0
37 5 0
37 5 0
37 5 0
37 5 0
37 5 0
37 5 0
37 5 0
37 5 0
37 5 0
37 5 0
37 5 0
37 5 0
37 5 0
37 5 0
37 5 0
37 5 0
37 5 0
37 5 0
37 5 0
37 5 0
37 5 0
37 5 0
37 5 0
37 5 0
37 5 0
37 5 0
37 0 5
37 0 5
37 0 5
37 0 5
37 0 5
37 0 5
37 0 5
37 0 5
37 0 5
37 0 5
37 0 5
37 0 5
37 0 5
37 0 5
37 0 5
37 0 5
37 0 5
37 0 5
37 0 5
37 0 5
37 0 5
37 0 5
37 0 5
37 0 5
37 0 5
37 0 5
37 0 5
37 0 5
37 0 5
37 0 5
37 0 5
37 0 5
37 0 5
37 0 5
38 -5 0
38 -5 0
38 -5 0
38 -5 0
38 -5 0
38 -5 0
38 -5 0
38 -5 0
38 -5 0
38 -5 0
38 -5 0
38 -5 0
38 -5 0
38 -5 0
38 -5 0
38 -5 0
38 -5 0
38 -5 0
38 -5 0
38 -5 0
38 -5 0
38 -5 0
38 -5 0
38 -5 0
38 -5 0
38 -5 0
38 -5 0
38 -5 0
38 -5 0
38 -5 0
38 -5 0
38 -5 0
38 -5 0
38 -5 0
38 0 -5
38 0 -5
38 0 -5
38 0 -5
38 0 -5
38 0 -5
38 0 -5
38 0 -5
38 0 -5
38 0 -5
38 0 -5
38 0 -5
38 0 -5
38 0 -5
38 0 -5
38 0 -5
38 0 -5
38 0 -5
38 0 -5
38 0 -5
38 0 -5
38 0 -5
38 0 -5
38 0 -5
38 0 -5
38 0 -5
38 0 -5
38 0 -5
38 0 -5
38 0 -5
38 0 -5
38 0 -5
38 0 -5
38 0 -5
38 5 0
38 5 0
38 5 0
38 5 0
38 5 0
38 5 0
38 5 0
38 5 0
38 5 0
38 5 0
38 5 0
38 5 0
38 5 0
38 5 0
38 5 0
38 5 0
38 5 0
38 5 0
38 5 0
38 5 0
38 5 0
38 5 0
38 5 0
38 5 0
38 5 0
38 5 0
38 5 0
38 5 0
38 5 0
38 5 0
38 5 0
38 5 0
38 5 0
38 5 0
38 0 5
38 0 5
38 0 5
38 0 5
38 0 5
38 0 5
38 0 5
38 0 5
38 0 5
38 0 5
38 0 5
38 0 5
38 0 5
38 0 5
38 0 5
38 0 5
38 0 5
38 0 5
38 0 5
38 0 5
38 0 5
38 0 5
38 0 5
38 0 5
38 0 5
38 0 5
38 0 5
38 0 5
38 0 5
38 0 5
38 0 5
38 0 5
38 0 5
38 0 5
39 -5 0
39 -5 0
39 -5 0
39 -5 0
39 -5 0
39 -5 0
39 -5 0
39 -5 0
39 -5 0
39 -5 0
39 -5 0
39 -5 0
39 -5 0
39 -5 0
39 -5 0
39 -5 0
39 -5 0
39 -5 0
39 -5 0
39 -5 0
39 -5 0
39 -5 0
39 -5 0
39 -5 0
39 -5 0
39 -5 0
39 -5 0
39 -5 0
39 -5 0
39 -5 0
39 -5 0
39 -5 0
39 -5 0
39 -5 0
39 0 -5
39 0 -5
39 0 -5
39 0 -5
39 0 -5
39 0 -5
39 0 -5
39 0 -5
39 0 -5
39 0 -5
39 0 -5
39 0 -5
39 0 -5
39 0 -5
39 0 -5
39 0 -5
39 0 -5
39 0 -5
39 0 -5
39 0 -5
39 0 -5
39 0 -5
39 0 -5
39 0 -5
39 0 -5
39 0 -5
39 0 -5
39 0 -5
39 0 -5
39 0 -5
39 0 -5
39 0 -5
39 0 -5
39 0 -5
39 5 0
39 5 0
39 5 0
39 5 0
39 5 0
39 5 0
39 5 0
39 5 0
39 5 0
39 5 0
39 5 0
39 5 0
39 5 0
39 5 0
39 5 0
39 5 0
39 5 0
39 5 0
39 5 0
39 5 0
39 5 0
39 5 0
39 5 0
39 5 0
39 5 0
39 5 0
39 5 0
39 5 0
39 5 0
39 5 0
39 5 0
39 5 0
39 5 0
39 5 0
39 0 5
39 0 5
39 0 5
39 0 5
39 0 5
39 0 5
39 0 5
39 0 5
39 0 5
39 0 5
39 0 5
39 0 5
39 0 5
39 0 5
39 0 5
39 0 5
39 0 5
39 0 5
39 0 5
39 0 5
39 0 5
39 0 5
39 0 5
39 0 5
39 0 5
39 0 5
39 0 5
39 0 5
39 0 5
39 0 5
39 0 5
39 0 5
39 0 5
39 0 5
40 -5 0
40 -5 0
40 -5 0
40 -5 0
40 -5 0
40 -5 0
40 -5 0
40 -5 0
40 -5 0
40 -5 0
40 -5 0
40 -5 0
40 -5 0
40 -5 0
40 -5 0
40 -5 0
40 -5 0
40 -5 0
40 -5 0
40 -5 0
40 -5 0
40 -5 0
40 -5 0
40 -5 0
40 -5 0
40 -5 0
40 -5 0
40 -5 0
40 -5 0
40 -5 0
40 -5 0
40 -5 0
40 -5 0
40 -5 0
40 0 -5
40 0 -5
40 0 -5
40 0 -5
40 0 -5
40 0 -5
40 0 -5
40 0 -5
40 0 -5
40 0 -5
40 0 -5
40 0 -5
40 0 -5
40 0 -5
40 0 -5
40 0 -5
40 0 -5
40 0 -5
40 0 -5
40 0 -5
40 0 -5
40 0 -5
40 0 -5
40 0 -5
40 0 -5
40 0 -5
40 0 -5
40 0 -5
40 0 -5
40 0 -5
40 0 -5
40 0 -5
40 0 -5
40 0 -5
40 5 0
40 5 0
40 5 0
40 5 0
40 5 0
40 5 0
40 5 0
40 5 0
40 5 0
40 5 0
40 5 0
40 5 0
40 5 0
40 5 0
40 5 0
40 5 0
40 5 0
40 5 0
40 5 0
40 5 0
40 5 0
40 5 0
40 5 0
40 5 0
40 5 0
40 5 0
40 5 0
40 5 0
40 5 0
40 5 0
40 5 0
40 5 0
40 5 0
40 5 0
40 0 5
40 0 5
40 0 5
40 0 5
40 0 5
40 0 5
40 0 5
40 0 5
40 0 5
40 0 5
40 0 5
40 0 5
40 0 5
40 0 5
40 0 5
40 0 5
40 0 5
40 0 5
40 0 5
40 0 5
40 0 5
40 0 5
40 0 5
40 0 5
40 0 5
40 0 5
40 0 5
40 0 5
40 0 5
40 0 5
40 0 5
40 0 5
40 0 5
40 0 5
41 -5 0
41 -5 0
41 -5 0
41 -5 0
41 -5 0
41 -5 0
41 -5 0
41 -5 0
41 -5 0
41 -5 0
41 -5 0
41 -5 0
41 -5 0
41 -5 0
41 -5 0
41 -5 0
41 -5 0
41 -5 0
41 -5 0
41 -5 0
41 -5 0
41 -5 0
41 -5 0
41 -5 0
41 -5 0
41 -5 0
41 -5 0
41 -5 0
41 -5 0
41 -5 0
41 -5 0
41 -5 0
41 -5 0
41 -5 0
41 0 -5
41 0 -5
41 0 -5
41 0 -5
41 0 -5
41 0 -5
41 0 -5
41 0 -5
41 0 -5
41 0 -5
41 0 -5
41 0 -5
41 0 -5
41 0 -5
41 0 -5
41 0 -5
41 0 -5
41 0 -5
41 0 -5
41 0 -5
41 0 -5
41 0 -5
41 0 -5
41 0 -5
41 0 -5
41 0 -5
41 0 -5
41 0 -5
41 0 -5
41 0 -5
41 0 -5
41 0 -5
41 0 -5
41 0 -5
41 5 0
41 5 0
41 5 0
41 5 0
41 5 0
41 5 0
41 5 0
41 5 0
41 5 0
41 5 0
41 5 0
41 5 0
41 5 0
41 5 0
41 5 0
41 5 0
41 5 0
41 5 0
41 5 0
41 5 0
41 5 0
41 5 0
41 5 0
41 5 0
41 5 0
41 5 0
41 5 0
41 5 0
41 5 0
41 5 0
41 5 0
41 5 0
41 5 0
41 5 0
41 0 5
41 0 5
41 0 5
41 0 5
41 0 5
41 0 5
41 0 5
41 0 5
41 0 5
41 0 5
41 0 5
41 0 5
41 0 5
41 0 5
41 0 5
41 0 5
41 0 5
41 0 5
41 0 5
41 0 5
41 0 5
41 0 5
41 0 5
41 0 5
41 0 5
41 0 5
41 0 5
41 0 5
41 0 5
41 0 5
41 0 5
41 0 5
41 0 5
41 0 5
42 -5 0
42 -5 0
42 -5 0
42 -5 0
42 -5 0
42 -5 0
42 -5 0
42 -5 0
42 -5 0
42 -5 0
42 -5 0
42 -5 0
42 -5 0
42 -5 0
42 -5 0
42 -5 0
42 -5 0
42 -5 0
42 -5 0
42 -5 0
42 -5 0
42 -5 0
42 -5 0
42 -5 0
42 -5 0
42 -5 0
42 -5 0
42 -5 0
42 -5 0
42 -5 0
42 -5 0
42 -5 0
42 -5 0
42 -5 0
42 0 -5
42 0 -5
42 0 -5
42 0 -5
42 0 -5
42 0 -5
42 0 -5
42 0 -5
42 0 -5
42 0 -5
42 0 -5
42 0 -5
42 0 -5
42 0 -5
42 0 -5
42 0 -5
42 0 -5
42 0 -5
42 0 -5
42 0 -5
42 0 -5
42 0 -5
42 0 -5
42 0 -5
42 0 -5
42 0 -5
42 0 -5
42 0 -5
42 0 -5
42 0 -5
42 0 -5
42 0 -5
42 0 -5
42 0 -5
42 5 0
42 5 0
42 5 0
42 5 0
42 5 0
42 5 0
42 5 0
42 5 0
42 5 0
42 5 0
42 5 0
42 5 0
42 5 0
42 5 0
42 5 0
42 5 0
42 5 0
42 5 0
42 5 0
42 5 0
42 5 0
42 5 0
42 5 0
42 5 0
42 5 0
42 5 0
42 5 0
42 5 0
42 5 0
42 5 0
42 5 0
42 5 0
42 5 0
42 5 0
42 0 5
42 0 5
42 0 5
42 0 5
42 0 5
42 0 5
42 0 5
42 0 5
42 0 5
42 0 5
42 0 5
42 0 5
42 0 5
42 0 5
42 0 5
42 0 5
42 0 5
42 0 5
42 0 5
42 0 5
42 0 5
42 0 5
42 0 5
42 0 5
42 0 5
42 0 5
42 0 5
42 0 5
42 0 5
42 0 5
42 0 5
42 0 5
42 0 5
42 0 5
43 -5 0
43 -5 0
43 -5 0
43 -5 0
43 -5 0
43 -5 0
43 -5 0
43 -5 0
43 -5 0
43 -5 0
43 -5 0
43 -5 0
43 -5 0
43 -5 0
43 -5 0
43 -5 0
43 -5 0
43 -5 0
43 -5 0
43 -5 0
43 -5 0
43 -5 0
43 -5 0
43 -5 0
43 -5 0
43 -5 0
43 -5 0
43 -5 0
43 -5 0
43 -5 0
43 -5 0
43 -5 0
43 -5 0
43 -5 0
43 0 -5
43 0 -5
43 0 -5
43 0 -5
43 0 -5
43 0 -5
43 0 -5
43 0 -5
43 0 -5
43 0 -5
43 0 -5
43 0 -5
43 0 -5
43 0 -5
43 0 -5
43 0 -5
43 0 -5
43 0 -5
43 0 -5
43 0 -5
43 0 -5
43 0 -5
43 0 -5
43 0 -5
43 0 -5
43 0 -5
43 0 -5
43 0 -5
43 0 -5
43 0 -5
43 0 -5
43 0 -5
43 0 -5
43 0 -5
43 5 0
43 5 0
43 5 0
43 5 0
43 5 0
43 5 0
43 5 0
43 5 0
43 5 0
43 5 0
43 5 0
43 5 0
43 5 0
43 5 0
43 5 0
43 5 0
43 5 0
43 5 0
43 5 0
43 5 0
43 5 0
43 5 0
43 5 0
43 5 0
43 5 0
43 5 0
43 5 0
43 5 0
43 5 0
43 5 0
43 5 0
43 5 0
43 5 0
43 5 0
43 0 5
43 0 5
43 0 5
43 0 5
43 0 5
43 0 5
43 0 5
43 0 5
43 0 5
43 0 5
43 0 5
43 0 5
43 0 5
43 0 5
43 0 5
43 0 5
43 0 5
43 0 5
43 0 5
43 0 5
43 0 5
43 0 5
43 0 5
43 0 5
43 0 5
43 0 5
43 0 5
43 0 5
43 0 5
43 0 5
43 0 5
43 0 5
43 0 5
43 0 5
44 -5 0
44 -5 0
44 -5 0
44 -5 0
44 -5 0
44 -5 0
44 -5 0
44 -5 0
44 -5 0
44 -5 0
44 -5 0
44 -5 0
44 -5 0
44 -5 0
44 -5 0
44 -5 0
44 -5 0
44 -5 0
44 -5 0
44 -5 0
44 -5 0
44 -5 0
44 -5 0
44 -5 0
44 -5 0
44 -5 0
44 -5 0
44 -5 0
44 -5 0
44 -5 0
44 -5 0
44 -5 0
44 -5 0
44 -5 0
44 0 -5
44 0 -5
44 0 -5
44 0 -5
44 0 -5
44 0 -5
44 0 -5
44 0 -5
44 0 -5
44 0 -5
44 0 -5
44 0 -5
44 0 -5
44 0 -5
44 0 -5
44 0 -5
44 0 -5
44 0 -5
44 0 -5
44 0 -5
44 0 -5
44 0 -5
44 0 -5
44 0 -5
44 0 -5
44 0 -5
44 0 -5
44 0 -5
44 0 -5
44 0 -5
44 0 -5
44 0 -5
44 0 -5
44 0 -5
44 5 0
44 5 0
44 5 0
44 5 0
44 5 0
44 5 0
44 5 0
44 5 0
44 5 0
44 5 0
44 5 0
44 5 0
44 5 0
44 5 0
44 5 0
44 5 0
44 5 0
44 5 0
44 5 0
44 5 0
44 5 0
44 5 0
44 5 0
44 5 0
44 5 0
44 5 0
44 5 0
44 5 0
44 5 0
44 5 0
44 5 0
44 5 0
44 5 0
44 5 0
44 0 5
44 0 5
44 0 5
44 0 5
44 0 5
44 0 5
44 0 5
44 0 5
44 0 5
44 0 5
44 0 5
44 0 5
44 0 5
44 0 5
44 0 5
44 0 5
44 0 5
44 0 5
44 0 5
44 0 5
44 0 5
44 0 5
44 0 5
44 0 5
44 0 5
44 0 5
44 0 5
44 0 5
44 0 5
44 0 5
44 0 5
44 0 5
44 0 5
44 0 5
45 -5 0
45 -5 0
45 -5 0
45 -5 0
45 -5 0
45 -5 0
45 -5 0
45 -5 0
45 -5 0
45 -5 0
45 -5 0
45 -5 0
45 -5 0
45 -5 0
45 -5 0
45 -5 0
45 -5 0
45 -5 0
45 -5 0
45 -5 0
45 -5 0
45 -5 0
45 -5 0
45 -5 0
45 -5 0
45 -5 0
45 -5 0
45 -5 0
45 -5 0
45 -5 0
45 -5 0
45 -5 0
45 -5 0
45 -5 0
45 0 -5
45 0 -5
45 0 -5
45 0 -5
45 0 -5
45 0 -5
45 0 -5
45 0 -5
45 0 -5
45 0 -5
45 0 -5
45 0 -5
45 0 -5
45 0 -5
45 0 -5
45 0 -5
45 0 -5
45 0 -5
45 0 -5
45 0 -5
45 0 -5
45 0 -5
45 0 -5
45 0 -5
45 0 -5
45 0 -5
45 0 -5
45 0 -5
45 0 -5
45 0 -5
45 0 -5
45 0 -5
45 0 -5
45 0 -5
45 5 0
45 5 0
45 5 0
45 5 0
45 5 0
45 5 0
45 5 0
45 5 0
45 5 0
45 5 0
45 5 0
45 5 0
45 5 0
45 5 0
45 5 0
45 5 0
45 5 0
45 5 0
45 5 0
45 5 0
45 5 0
45 5 0
45 5 0
45 5 0
45 5 0
45 5 0
45 5 0
45 5 0
45 5 0
45 5 0
45 5 0
45 5 0
45 5 0
45 5 0
45 0 5
45 0 5
45 0 5
45 0 5
45 0 5
45 0 5
45 0 5
45 0 5
45 0 5
45 0 5
45 0 5
45 0 5
45 0 5
45 0 5
45 0 5
45 0 5
45 0 5
45 0 5
45 0 5
45 0 5
45 0 5
45 0 5
45 0 5
45 0 5
45 0 5
45 0 5
45 0 5
45 0 5
45 0 5
45 0 5
45 0 5
45 0 5
45 0 5
45 0 5
46 -5 0
46 -5 0
46 -5 0
46 -5 0
46 -5 0
46 -5 0
46 -5 0
46 -5 0
46 -5 0
46 -5 0
46 -5 0
46 -5 0
46 -5 0
46 -5 0
46 -5 0
46 -5 0
46 -5 0
46 -5 0
46 -5 0
46 -5 0
46 -5 0
46 -5 0
46 -5 0
46 -5 0
46 -5 0
46 -5 0
46 -5 0
46 -5 0
46 -5 0
46 -5 0
46 -5 0
46 -5 0
46 -5 0
46 -5 0
46 0 -5
46 0 -5
46 0 -5
46 0 -5
46 0 -5
46 0 -5
46 0 -5
46 0 -5
46 0 -5
46 0 -5
46 0 -5
46 0 -5
46 0 -5
46 0 -5
46 0 -5
46 0 -5
46 0 -5
46 0 -5
46 0 -5
46 0 -5
46 0 -5
46 0 -5
46 0 -5
46 0 -5
46 0 -5
46 0 -5
46 0 -5
46 0 -5
46 0 -5
46 0 -5
46 0 -5
46 0 -5
46 0 -5
46 0 -5
46 5 0
46 5 0
46 5 0
46 5 0
46 5 0
46 5 0
46 5 0
46 5 0
46 5 0
46 5 0
46 5 0
46 5 0
46 5 0
46 5 0
46 5 0
46 5 0
46 5 0
46 5 0
46 5 0
46 5 0
46 5 0
46 5 0
46 5 0
46 5 0
46 5 0
46 5 0
46 5 0
46 5 0
46 5 0
46 5 0
46 5 0
46 5 0
46 5 0
46 5 0
46 0 5
46 0 5
46 0 5
46 0 5
46 0 5
46 0 5
46 0 5
46 0 5
46 0 5
46 0 5
46 0 5
46 0 5
46 0 5
46 0 5
46 0 5
46 0 5
46 0 5
46 0 5
46 0 5
46 0 5
46 0 5
46 0 5
46 0 5
46 0 5
46 0 5
46 0 5
46 0 5
46 0 5
46 0 5
46 0 5
46 0 5
46 0 5
46 0 5
46 0 5
47 -5 0
47 -5 0
47 -5 0
47 -5 0
47 -5 0
47 -5 0
47 -5 0
47 -5 0
47 -5 0
47 -5 0
47 -5 0
47 -5 0
47 -5 0
47 -5 0
47 -5 0
47 -5 0
47 -5 0
47 -5 0
47 -5 0
47 -5 0
47 -5 0
47 -5 0
47 -5 0
47 -5 0
47 -5 0
47 -5 0
47 -5 0
47 -5 0
47 -5 0
47 -5 0
47 -5 0
47 -5 0
47 -5 0
47 -5 0
47 0 -5
47 0 -5
47 0 -5
47 0 -5
47 0 -5
47 0 -5
47 0 -5
47 0 -5
47 0 -5
47 0 -5
47 0 -5
47 0 -5
47 0 -5
47 0 -5
47 0 -5
47 0 -5
47 0 -5
47 0 -5
47 0 -5
47 0 -5
47 0 -5
47 0 -5
47 0 -5
47 0 -5
47 0 -5
47 0 -5
47 0 -5
47 0 -5
47 0 -5
47 0 -5
47 0 -5
47 0 -5
47 0 -5
47 0 -5
47 5 0
47 5 0
47 5 0
47 5 0
47 5 0
47 5 0
47 5 0
47 5 0
47 5 0
47 5 0
47 5 0
47 5 0
47 5 0
47 5 0
47 5 0
47 5 0
47 5 0
47 5 0
47 5 0
47 5 0
47 5 0
47 5 0
47 5 0
47 5 0
47 5 0
47 5 0
47 5 0
47 5 0
47 5 0
47 5 0
47 5 0
47 5 0
47 5 0
47 5 0
47 0 5
47 0 5
47 0 5
47 0 5
47 0 5
47 0 5
47 0 5
47 0 5
47 0 5
47 0 5
47 0 5
47 0 5
47 0 5
47 0 5
47 0 5
47 0 5
47 0 5
47 0 5
47 0 5
47 0 5
47 0 5
47 0 5
47 0 5
47 0 5
47 0 5
47 0 5
47 0 5
47 0 5
47 0 5
47 0 5
47 0 5
47 0 5
47 0 5
47 0 5
48 -5 0
48 -5 0
48 -5 0
48 -5 0
48 -5 0
48 -5 0
48 -5 0
48 -5 0
48 -5 0
48 -5 0
48 -5 0
48 -5 0
48 -5 0
48 -5 0
48 -5 0
48 -5 0
48 -5 0
48 -5 0
48 -5 0
48 -5 0
48 -5 0
48 -5 0
48 -5 0
48 -5 0
48 -5 0
48 -5 0
48 -5 0
48 -5 0
48 -5 0
48 -5 0
48 -5 0
48 -5 0
48 -5 0
48 -5 0
48 0 -5
48 0 -5
48 0 -5
48 0 -5
48 0 -5
48 0 -5
48 0 -5
48 0 -5
48 0 -5
48 0 -5
48 0 -5
48 0 -5
48 0 -5
48 0 -5
48 0 -5
48 0 -5
48 0 -5
48 0 -5
48 0 -5
48 0 -5
48 0 -5
48 0 -5
48 0 -5
48 0 -5
48 0 -5
48 0 -5
48 0 -5
48 0 -5
48 0 -5
48 0 -5
48 0 -5
48 0 -5
48 0 -5
48 0 -5
48 5 0
48 5 0
48 5 0
48 5 0
48 5 0
48 5 0
48 5 0
48 5 0
48 5 0
48 5 0
48 5 0
48 5 0
48 5 0
48 5 0
48 5 0
48 5 0
48 5 0
48 5 0
48 5 0
48 5 0
48 5 0
48 5 0
48 5 0
48 5 0
48 5 0
48 5 0
48 5 0
48 5 0
48 5 0
48 5 0
48 5 0
48 5 0
48 5 0
48 5 0
48 0 5
48 0 5
48 0 5
48 0 5
48 0 5
48 0 5
48 0 5
48 0 5
48 0 5
48 0 5
48 0 5
48 0 5
48 0 5
48 0 5
48 0 5
48 0 5
48 0 5
48 0 5
48 0 5
48 0 5
48 0 5
48 0 5
48 0 5
48 0 5
48 0 5
48 0 5
48 0 5
48 0 5
48 0 5
48 0 5
48 0 5
48 0 5
48 0 5
48 0 5
49 -5 0
49 -5 0
49 -5 0
49 -5 0
49 -5 0
49 -5 0
49 -5 0
49 -5 0
49 -5 0
49 -5 0
49 -5 0
49 -5 0
49 -5 0
49 -5 0
49 -5 0
49 -5 0
49 -5 0
49 -5 0
49 -5 0
49 -5 0
49 -5 0
49 -5 0
49 -5 0
49 -5 0
49 -5 0
49 -5 0
49 -5 0
49 -5 0
49 -5 0
49 -5 0
49 -5 0
49 -5 0
49 -5 0
49 -5 0
49 0 -5
49 0 -5
49 0 -5
49 0 -5
49 0 -5
49 0 -5
49 0 -5
49 0 -5
49 0 -5
49 0 -5
49 0 -5
49 0 -5
49 0 -5
49 0 -5
49 0 -5
49 0 -5
49 0 -5
49 0 -5
49 0 -5
49 0 -5
49 0 -5
49 0 -5
49 0 -5
49 0 -5
49 0 -5
49 0 -5
49 0 -5
49 0 -5
49 0 -5
49 0 -5
49 0 -5
49 0 -5
49 0 -5
49 0 -5
49 5 0
49 5 0
49 5 0
49 5 0
49 5 0
49 5 0
49 5 0
49 5 0
49 5 0
49 5 0
49 5 0
49 5 0
49 5 0
49 5 0
49 5 0
49 5 0
49 5 0
49 5 0
49 5 0
49 5 0
49 5 0
49 5 0
49 5 0
49 5 0
49 5 0
49 5 0
49 5 0
49 5 0
49 5 0
49 5 0
49 5 0
49 5 0
49 5 0
49 5 0
49 0 5
49 0 5
49 0 5
49 0 5
49 0 5
49 0 5
49 0 5
49 0 5
49 0 5
49 0 5
49 0 5
49 0 5
49 0 5
49 0 5
49 0 5
49 0 5
49 0 5
49 0 5
49 0 5
49 0 5
49 0 5
49 0 5
49 0 5
49 0 5
49 0 5
49 0 5
49 0 5
49 0 5
49 0 5
49 0 5
49 0 5
49 0 5
49 0 5
49 0 5
50 -5 0
50 -5 0
50 -5 0
50 -5 0
50 -5 0
50 -5 0
50 -5 0
50 -5 0
50 -5 0
50 -5 0
50 -5 0
50 -5 0
50 -5 0
50 -5 0
50 -5 0
50 -5 0
50 -5 0
50 -5 0
50 -5 0
50 -5 0
50 -5 0
50 -5 0
50 -5 0
50 -5 0
50 -5 0
50 -5 0
50 -5 0
50 -5 0
50 -5 0
50 -5 0
50 -5 0
50 -5 0
50 -5 0
50 -5 0
50 0 -5
50 0 -5
50 0 -5
50 0 -5
50 0 -5
50 0 -5
50 0 -5
50 0 -5
50 0 -5
50 0 -5
50 0 -5
50 0 -5
50 0 -5
50 0 -5
50 0 -5
50 0 -5
50 0 -5
50 0 -5
50 0 -5
50 0 -5
50 0 -5
50 0 -5
50 0 -5
50 0 -5
50 0 -5
50 0 -5
50 0 -5
50 0 -5
50 0 -5
50 0 -5
50 0 -5
50 0 -5
50 0 -5
50 0 -5
50 5 0
50 5 0
50 5 0
50 5 0
50 5 0
50 5 0
50 5 0
50 5 0
50 5 0
50 5 0
50 5 0
50 5 0
50 5 0
50 5 0
50 5 0
50 5 0
50 5 0
50 5 0
50 5 0
50 5 0
50 5 0
50 5 0
50 5 0
50 5 0
50 5 0
50 5 0
50 5 0
50 5 0
50 5 0
50 5 0
50 5 0
50 5 0
50 5 0
50 5 0
50 0 5
50 0 5
50 0 5
50 0 5
50 0 5
50 0 5
50 0 5
50 0 5
50 0 5
50 0 5
50 0 5
50 0 5
50 0 5
50 0 5
50 0 5
50 0 5
50 0 5
50 0 5
50 0 5
50 0 5
50 0 5
50 0 5
50 0 5
50 0 5
50 0 5
50 0 5
50 0 5
50 0 5
50 0 5
50 0 5
50 0 5
50 0 5
50 0 5
50 0 5
51 -5 0
51 -5 0
51 -5 0
51 -5 0
51 -5 0
51 -5 0
51 -5 0
51 -5 0
51 -5 0
51 -5 0
51 -5 0
51 -5 0
51 -5 0
51 -5 0
51 -5 0
51 -5 0
51 -5 0
51 -5 0
51 -5 0
51 -5 0
51 -5 0
51 -5 0
51 -5 0
51 -5 0
51 -5 0
51 -5 0
51 -5 0
51 -5 0
51 -5 0
51 -5 0
51 -5 0
51 -5 0
51 -5 0
51 -5 0
51 0 -5
51 0 -5
51 0 -5
51 0 -5
51 0 -5
51 0 -5
51 0 -5
51 0 -5
51 0 -5
51 0 -5
51 0 -5
51 0 -5
51 0 -5
51 0 -5
51 0 -5
51 0 -5
51 0 -5
51 0 -5
51 0 -5
51 0 -5
51 0 -5
51 0 -5
51 0 -5
51 0 -5
51 0 -5
51 0 -5
51 0 -5
51 0 -5
51 0 -5
51 0 -5
51 0 -5
51 0 -5
51 0 -5
51 0 -5
51 5 0
51 5 0
51 5 0
51 5 0
51 5 0
51 5 0
51 5 0
51 5 0
51 5 0
51 5 0
51 5 0
51 5 0
51 5 0
51 5 0
51 5 0
51 5 0
51 5 0
51 5 0
51 5 0
51 5 0
51 5 0
51 5 0
51 5 0
51 5 0
51 5 0
51 5 0
51 5 0
51 5 0
51 5 0
51 5 0
51 5 0
51 5 0
51 5 0
51 5 0
51 0 5
51 0 5
51 0 5
51 0 5
51 0 5
51 0 5
51 0 5
51 0 5
51 0 5
51 0 5
51 0 5
51 0 5
51 0 5
51 0 5
51 0 5
51 0 5
51 0 5
51 0 5
51 0 5
51 0 5
51 0 5
51 0 5
51 0 5
51 0 5
51 0 5
51 0 5
51 0 5
51 0 5
51 0 5
51 0 5
51 0 5
51 0 5
51 0 5
51 0 5
52 -5 0
52 -5 0
52 -5 0
52 -5 0
52 -5 0
52 -5 0
52 -5 0
52 -5 0
52 -5 0
52 -5 0
52 -5 0
52 -5 0
52 -5 0
52 -5 0
52 -5 0
52 -5 0
52 -5 0
52 -5 0
52 -5 0
52 -5 0
52 -5 0
52 -5 0
52 -5 0
52 -5 0
52 -5 0
52 -5 0
52 -5 0
52 -5 0
52 -5 0
52 -5 0
52 -5 0
52 -5 0
52 -5 0
52 -5 0
52 0 -5
52 0 -5
52 0 -5
52 0 -5
52 0 -5
52 0 -5
52 0 -5
52 0 -5
52 0 -5
52 0 -5
52 0 -5
52 0 -5
52 0 -5
52 0 -5
52 0 -5
52 0 -5
52 0 -5
52 0 -5
52 0 -5
52 0 -5
52 0 -5
52 0 -5
52 0 -5
52 0 -5
52 0 -5
52 0 -5
52 0 -5
52 0 -5
52 0 -5
52 0 -5
52 0 -5
52 0 -5
52 0 -5
52 0 -5
52 5 0
52 5 0
52 5 0
52 5 0
52 5 0
52 5 0
52 5 0
52 5 0
52 5 0
52 5 0
52 5 0
52 5 0
52 5 0
52 5 0
52 5 0
52 5 0
52 5 0
52 5 0
52 5 0
52 5 0
52 5 0
52 5 0
52 5 0
52 5 0
52 5 0
52 5 0
52 5 0
52 5 0
52 5 0
52 5 0
52 5 0
52 5 0
52 5 0
52 5 0
52 0 5
52 0 5
52 0 5
52 0 5
52 0 5
52 0 5
52 0 5
52 0 5
52 0 5
52 0 5
52 0 5
52 0 5
52 0 5
52 0 5
52 0 5
52 0 5
52 0 5
52 0 5
52 0 5
52 0 5
52 0 5
52 0 5
52 0 5
52 0 5
52 0 5
52 0 5
52 0 5
52 0 5
52 0 5
52 0 5
52 0 5
52 0 5
52 0 5
52 0 5
53 -5 0
53 -5 0
53 -5 0
53 -5 0
53 -5 0
53 -5 0
53 -5 0
53 -5 0
53 -5 0
53 -5 0
53 -5 0
53 -5 0
53 -5 0
53 -5 0
53 -5 0
53 -5 0
53 -5 0
53 -5 0
53 -5 0
53 -5 0
53 -5 0
53 -5 0
53 -5 0
53 -5 0
53 -5 0
53 -5 0
53 -5 0
53 -5 0
53 -5 0
53 -5 0
53 -5 0
53 -5 0
53 -5 0
53 -5 0
53 0 -5
53 0 -5
53 0 -5
53 0 -5
53 0 -5
53 0 -5
53 0 -5
53 0 -5
53 0 -5
53 0 -5
53 0 -5
53 0 -5
53 0 -5
53 0 -5
53 0 -5
53 0 -5
53 0 -5
53 0 -5
53 0 -5
53 0 -5
53 0 -5
53 0 -5
53 0 -5
53 0 -5
53 0 -5
53 0 -5
53 0 -5
53 0 -5
53 0 -5
53 0 -5
53 0 -5
53 0 -5
53 0 -5
53 0 -5
53 5 0
53 5 0
53 5 0
53 5 0
53 5 0
53 5 0
53 5 0
53 5 0
53 5 0
53 5 0
53 5 0
53 5 0
53 5 0
53 5 0
53 5 0
53 5 0
53 5 0
53 5 0
53 5 0
53 5 0
53 5 0
53 5 0
53 5 0
53 5 0
53 5 0
53 5 0
53 5 0
53 5 0
53 5 0
53 5 0
53 5 0
53 5 0
53 5 0
53 5 0
53 0 5
53 0 5
53 0 5
53 0 5
53 0 5
53 0 5
53 0 5
53 0 5
53 0 5
53 0 5
53 0 5
53 0 5
53 0 5
53 0 5
53 0 5
53 0 5
53 0 5
53 0 5
53 0 5
53 0 5
53 0 5
53 0 5
53 0 5
53 0 5
53 0 5
53 0 5
53 0 5
53 0 5
53 0 5
53 0 5
53 0 5
53 0 5
53 0 5
53 0 5
54 -5 0
54 -5 0
54 -5 0
54 -5 0
54 -5 0
54 -5 0
54 -5 0
54 -5 0
54 -5 0
54 -5 0
54 -5 0
54 -5 0
54 -5 0
54 -5 0
54 -5 0
54 -5 0
54 -5 0
54 -5 0
54 -5 0
54 -5 0
54 -5 0
54 -5 0
54 -5 0
54 -5 0
54 -5 0
54 -5 0
54 -5 0
54 -5 0
54 -5 0
54 -5 0
54 -5 0
54 -5 0
54 -5 0
54 -5 0
54 0 -5
54 0 -5
54 0 -5
54 0 -5
54 0 -5
54 0 -5
54 0 -5
54 0 -5
54 0 -5
54 0 -5
54 0 -5
54 0 -5
54 0 -5
54 0 -5
54 0 -5
54 0 -5
54 0 -5
54 0 -5
54 0 -5
54 0 -5
54 0 -5
54 0 -5
54 0 -5
54 0 -5
54 0 -5
54 0 -5
54 0 -5
54 0 -5
54 0 -5
54 0 -5
54 0 -5
54 0 -5
54 0 -5
54 0 -5
54 5 0
54 5 0
54 5 0
54 5 0
54 5 0
54 5 0
54 5 0
54 5 0
54 5 0
54 5 0
54 5 0
54 5 0
54 5 0
54 5 0
54 5 0
54 5 0
54 5 0
54 5 0
54 5 0
54 5 0
54 5 0
54 5 0
54 5 0
54 5 0
54 5 0
54 5 0
54 5 0
54 5 0
54 5 0
54 5 0
54 5 0
54 5 0
54 5 0
54 5 0
54 0 5
54 0 5
54 0 5
54 0 5
54 0 5
54 0 5
54 0 5
54 0 5
54 0 5
54 0 5
54 0 5
54 0 5
54 0 5
54 0 5
54 0 5
54 0 5
54 0 5
54 0 5
54 0 5
54 0 5
54 0 5
54 0 5
54 0 5
54 0 5
54 0 5
54 0 5
54 0 5
54 0 5
54 0 5
54 0 5
54 0 5
54 0 5
54 0 5
54 0 5
55 -5 0
55 -5 0
55 -5 0
55 -5 0
55 -5 0
55 -5 0
55 -5 0
55 -5 0
55 -5 0
55 -5 0
55 -5 0
55 -5 0
55 -5 0
55 -5 0
55 -5 0
55 -5 0
55 -5 0
55 -5 0
55 -5 0
55 -5 0
55 -5 0
55 -5 0
55 -5 0
55 -5 0
55 -5 0
55 -5 0
55 -5 0
55 -5 0
55 -5 0
55 -5 0
55 -5 0
55 -5 0
55 -5 0
55 -5 0
55 0 -5
55 0 -5
55 0 -5
55 0 -5
55 0 -5
55 0 -5
55 0 -5
55 0 -5
55 0 -5
55 0 -5
55 0 -5
55 0 -5
55 0 -5
55 0 -5
55 0 -5
55 0 -5
55 0 -5
55 0 -5
55 0 -5
55 0 -5
55 0 -5
55 0 -5
55 0 -5
55 0 -5
55 0 -5
55 0 -5
55 0 -5
55 0 -5
55 0 -5
55 0 -5
55 0 -5
55 0 -5
55 0 -5
55 0 -5
55 5 0
55 5 0
55 5 0
55 5 0
55 5 0
55 5 0
55 5 0
55 5 0
55 5 0
55 5 0
55 5 0
55 5 0
55 5 0
55 5 0
55 5 0
55 5 0
55 5 0
55 5 0
55 5 0
55 5 0
55 5 0
55 5 0
55 5 0
55 5 0
55 5 0
55 5 0
55 5 0
55 5 0
55 5 0
55 5 0
55 5 0
55 5 0
55 5 0
55 5 0
55 0 5
55 0 5
55 0 5
55 0 5
55 0 5
55 0 5
55 0 5
55 0 5
55 0 5
55 0 5
55 0 5
55 0 5
55 0 5
55 0 5
55 0 5
55 0 5
55 0 5
55 0 5
55 0 5
55 0 5
55 0 5
55 0 5
55 0 5
55 0 5
55 0 5
55 0 5
55 0 5
55 0 5
55 0 5
55 0 5
55 0 5
55 0 5
55 0 5
55 0 5
56 -5 0
56 -5 0
56 -5 0
56 -5 0
56 -5 0
56 -5 0
56 -5 0
56 -5 0
56 -5 0
56 -5 0
56 -5 0
56 -5 0
56 -5 0
56 -5 0
56 -5 0
56 -5 0
56 -5 0
56 -5 0
56 -5 0
56 -5 0
56 -5 0
56 -5 0
56 -5 0
56 -5 0
56 -5 0
56 -5 0
56 -5 0
56 -5 0
56 -5 0
56 -5 0
56 -5 0
56 -5 0
56 -5 0
56 -5 0
56 0 -5
56 0 -5
56 0 -5
56 0 -5
56 0 -5
56 0 -5
56 0 -5
56 0 -5
56 0 -5
56 0 -5
56 0 -5
56 0 -5
56 0 -5
56 0 -5
56 0 -5
56 0 -5
56 0 -5
56 0 -5
56 0 -5
56 0 -5
56 0 -5
56 0 -5
56 0 -5
56 0 -5
56 0 -5
56 0 -5
56 0 -5
56 0 -5
56 0 -5
56 0 -5
56 0 -5
56 0 -5
56 0 -5
56 0 -5
56 5 0
56 5 0
56 5 0
56 5 0
56 5 0
56 5 0
56 5 0
56 5 0
56 5 0
56 5 0
56 5 0
56 5 0
56 5 0
56 5 0
56 5 0
56 5 0
56 5 0
56 5 0
56 5 0
56 5 0
56 5 0
56 5 0
56 5 0
56 5 0
56 5 0
56 5 0
56 5 0
56 5 0
56 5 0
56 5 0
56 5 0
56 5 0
56 5 0
56 5 0
56 0 5
56 0 5
56 0 5
56 0 5
56 0 5
56 0 5
56 0 5
56 0 5
56 0 5
56 0 5
56 0 5
56 0 5
56 0 5
56 0 5
56 0 5
56 0 5
56 0 5
56 0 5
56 0 5
56 0 5
56 0 5
56 0 5
56 0 5
56 0 5
56 0 5
56 0 5
56 0 5
56 0 5
56 0 5
56 0 5
56 0 5
56 0 5
56 0 5
56 0 5
57 -5 0
57 -5 0
57 -5 0
57 -5 0
57 -5 0
57 -5 0
57 -5 0
57 -5 0
57 -5 0
57 -5 0
57 -5 0
57 -5 0
57 -5 0
57 -5 0
57 -5 0
57 -5 0
57 -5 0
57 -5 0
57 -5 0
57 -5 0
57 -5 0
57 -5 0
57 -5 0
57 -5 0
57 -5 0
57 -5 0
57 -5 0
57 -5 0
57 -5 0
57 -5 0
57 -5 0
57 -5 0
57 -5 0
57 -5 0
57 0 -5
57 0 -5
57 0 -5
57 0 -5
57 0 -5
57 0 -5
57 0 -5
57 0 -5
57 0 -5
57 0 -5
57 0 -5
57 0 -5
57 0 -5
57 0 -5
57 0 -5
57 0 -5
57 0 -5
57 0 -5
57 0 -5
57 0 -5
57 0 -5
57 0 -5
57 0 -5
57 0 -5
57 0 -5
57 0 -5
57 0 -5
57 0 -5
57 0 -5
57 0 -5
57 0 -5
57 0 -5
57 0 -5
57 0 -5
57 5 0
57 5 0
57 5 0
57 5 0
57 5 0
57 5 0
57 5 0
57 5 0
57 5 0
57 5 0
57 5 0
57 5 0
57 5 0
57 5 0
57 5 0
57 5 0
57 5 0
57 5 0
57 5 0
57 5 0
57 5 0
57 5 0
57 5 0
57 5 0
57 5 0
57 5 0
57 5 0
57 5 0
57 5 0
57 5 0
57 5 0
57 5 0
57 5 0
57 5 0
57 0 5
57 0 5
57 0 5
57 0 5
57 0 5
57 0 5
57 0 5
57 0 5
57 0 5
57 0 5
57 0 5
57 0 5
57 0 5
57 0 5
57 0 5
57 0 5
57 0 5
57 0 5
57 0 5
57 0 5
57 0 5
57 0 5
57 0 5
57 0 5
57 0 5
57 0 5
57 0 5
57 0 5
57 0 5
57 0 5
57 0 5
57 0 5
57 0 5
57 0 5
58 -5 0
58 -5 0
58 -5 0
58 -5 0
58 -5 0
58 -5 0
58 -5 0
58 -5 0
58 -5 0
58 -5 0
58 -5 0
58 -5 0
58 -5 0
58 -5 0
58 -5 0
58 -5 0
58 -5 0
58 -5 0
58 -5 0
58 -5 0
58 -5 0
58 -5 0
58 -5 0
58 -5 0
58 -5 0
58 -5 0
58 -5 0
58 -5 0
58 -5 0
58 -5 0
58 -5 0
58 -5 0
58 -5 0
58 -5 0
58 0 -5
58 0 -5
58 0 -5
58 0 -5
58 0 -5
58 0 -5
58 0 -5
58 0 -5
58 0 -5
58 0 -5
58 0 -5
58 0 -5
58 0 -5
58 0 -5
58 0 -5
58 0 -5
58 0 -5
58 0 -5
58 0 -5
58 0 -5
58 0 -5
58 0 -5
58 0 -5
58 0 -5
58 0 -5
58 0 -5
58 0 -5
58 0 -5
58 0 -5
58 0 -5
58 0 -5
58 0 -5
58 0 -5
58 0 -5
58 5 0
58 5 0
58 5 0
58 5 0
58 5 0
58 5 0
58 5 0
58 5 0
58 5 0
58 5 0
58 5 0
58 5 0
58 5 0
58 5 0
58 5 0
58 5 0
58 5 0
58 5 0
58 5 0
58 5 0
58 5 0
58 5 0
58 5 0
58 5 0
58 5 0
58 5 0
58 5 0
58 5 0
58 5 0
58 5 0
58 5 0
58 5 0
58 5 0
58 5 0
58 0 5
58 0 5
58 0 5
58 0 5
58 0 5
58 0 5
58 0 5
58 0 5
58 0 5
58 0 5
58 0 5
58 0 5
58 0 5
58 0 5
58 0 5
58 0 5
58 0 5
58 0 5
58 0 5
58 0 5
58 0 5
58 0 5
58 0 5
58 0 5
58 0 5
58 0 5
58 0 5
58 0 5
58 0 5
58 0 5
58 0 5
58 0 5
58 0 5
58 0 5
59 -5 0
59 -5 0
59 -5 0
59 -5 0
59 -5 0
59 -5 0
59 -5 0
59 -5 0
59 -5 0
59 -5 0
59 -5 0
59 -5 0
59 -5 0
59 -5 0
59 -5 0
59 -5 0
59 -5 0
59 -5 0
59 -5 0
59 -5 0
59 -5 0
59 -5 0
59 -5 0
59 -5 0
59 -5 0
59 -5 0
59 -5 0
59 -5 0
59 -5 0
59 -5 0
59 -5 0
59 -5 0
59 -5 0
59 -5 0
59 0 -5
59 0 -5
59 0 -5
59 0 -5
59 0 -5
59 0 -5
59 0 -5
59 0 -5
59 0 -5
59 0 -5
59 0 -5
59 0 -5
59 0 -5
59 0 -5
59 0 -5
59 0 -5
59 0 -5
59 0 -5
59 0 -5
59 0 -5
59 0 -5
59 0 -5
59 0 -5
59 0 -5
59 0 -5
59 0 -5
59 0 -5
59 0 -5
59 0 -5
59 0 -5
59 0 -5
59 0 -5
59 0 -5
59 0 -5
59 5 0
59 5 0
59 5 0
59 5 0
59 5 0
59 5 0
59 5 0
59 5 0
59 5 0
59 5 0
59 5 0
59 5 0
59 5 0
59 5 0
59 5 0
59 5 0
59 5 0
59 5 0
59 5 0
59 5 0
59 5 0
59 5 0
59 5 0
59 5 0
59 5 0
59 5 0
59 5 0
59 5 0
59 5 0
59 5 0
59 5 0
59 5 0
59 5 0
59 5 0
59 0 5
59 0 5
59 0 5
59 0 5
59 0 5
59 0 5
59 0 5
59 0 5
59 0 5
59 0 5
59 0 5
59 0 5
59 0 5
59 0 5
59 0 5
59 0 5
59 0 5
59 0 5
59 0 5
59 0 5
59 0 5
59 0 5
59 0 5
59 0 5
59 0 5
59 0 5
59 0 5
59 0 5
59 0 5
59 0 5
59 0 5
59 0 5
59 0 5
59 0 5
60 -5 0
60 -5 0
60 -5 0
60 -5 0
60 -5 0
60 -5 0
60 -5 0
60 -5 0
60 -5 0
60 -5 0
60 -5 0
60 -5 0
60 -5 0
60 -5 0
60 -5 0
60 -5 0
60 -5 0
60 -5 0
60 -5 0
60 -5 0
60 -5 0
60 -5 0
60 -5 0
60 -5 0
60 -5 0
60 -5 0
60 -5 0
60 -5 0
60 -5 0
60 -5 0
60 -5 0
60 -5 0
60 -5 0
60 -5 0
60 0 -5
60 0 -5
60 0 -5
60 0 -5
60 0 -5
60 0 -5
60 0 -5
60 0 -5
60 0 -5
60 0 -5
60 0 -5
60 0 -5
60 0 -5
60 0 -5
60 0 -5
60 0 -5
60 0 -5
60 0 -5
60 0 -5
60 0 -5
60 0 -5
60 0 -5
60 0 -5
60 0 -5
60 0 -5
60 0 -5
60 0 -5
60 0 -5
60 0 -5
60 0 -5
60 0 -5
60 0 -5
60 0 -5
60 0 -5
60 5 0
60 5 0
60 5 0
60 5 0
60 5 0
60 5 0
60 5 0
60 5 0
60 5 0
60 5 0
60 5 0
60 5 0
60 5 0
60 5 0
60 5 0
60 5 0
60 5 0
60 5 0
60 5 0
60 5 0
60 5 0
60 5 0
60 5 0
60 5 0
60 5 0
60 5 0
60 5 0
60 5 0
60 5 0
60 5 0
60 5 0
60 5 0
60 5 0
60 5 0
60 0 5
60 0 5
60 0 5
60 0 5
60 0 5
60 0 5
60 0 5
60 0 5
60 0 5
60 0 5
60 0 5
60 0 5
60 0 5
60 0 5
60 0 5
60 0 5
60 0 5
60 0 5
60 0 5
60 0 5
60 0 5
60 0 5
60 0 5
60 0 5
60 0 5
60 0 5
60 0 5
60 0 5
60 0 5
60 0 5
60 0 5
60 0 5
60 0 5
60 0 5
61 -5 0
61 -5 0
61 -5 0
61 -5 0
61 -5 0
61 -5 0
61 -5 0
61 -5 0
61 -5 0
61 -5 0
61 -5 0
61 -5 0
61 -5 0
61 -5 0
61 -5 0
61 -5 0
61 -5 0
61 -5 0
61 -5 0
61 -5 0
61 -5 0
61 -5 0
61 -5 0
61 -5 0
61 -5 0
61 -5 0
61 -5 0
61 -5 0
61 -5 0
61 -5 0
61 -5 0
61 -5 0
61 -5 0
61 -5 0
61 0 -5
61 0 -5
61 0 -5
61 0 -5
61 0 -5
61 0 -5
61 0 -5
61 0 -5
61 0 -5
61 0 -5
61 0 -5
61 0 -5
61 0 -5
61 0 -5
61 0 -5
61 0 -5
61 0 -5
61 0 -5
61 0 -5
61 0 -5
61 0 -5
61 0 -5
61 0 -5
61 0 -5
61 0 -5
61 0 -5
61 0 -5
61 0 -5
61 0 -5
61 0 -5
61 0 -5
61 0 -5
61 0 -5
61 0 -5
61 5 0
61 5 0
61 5 0
61 5 0
61 5 0
61 5 0
61 5 0
61 5 0
61 5 0
61 5 0
61 5 0
61 5 0
61 5 0
61 5 0
61 5 0
61 5 0
61 5 0
61 5 0
61 5 0
61 5 0
61 5 0
61 5 0
61 5 0
61 5 0
61 5 0
61 5 0
61 5 0
61 5 0
61 5 0
61 5 0
61 5 0
61 5 0
61 5 0
61 5 0
61 0 5
61 0 5
61 0 5
61 0 5
61 0 5
61 0 5
61 0 5
61 0 5
61 0 5
61 0 5
61 0 5
61 0 5
61 0 5
61 0 5
61 0 5
61 0 5
61 0 5
61 0 5
61 0 5
61 0 5
61 0 5
61 0 5
61 0 5
61 0 5
61 0 5
61 0 5
61 0 5
61 0 5
61 0 5
61 0 5
61 0 5
61 0 5
61 0 5
61 0 5
62 -5 0
62 -5 0
62 -5 0
62 -5 0
62 -5 0
62 -5 0
62 -5 0
62 -5 0
62 -5 0
62 -5 0
62 -5 0
62 -5 0
62 -5 0
62 -5 0
62 -5 0
62 -5 0
62 -5 0
62 -5 0
62 -5 0
62 -5 0
62 -5 0
62 -5 0
62 -5 0
62 -5 0
62 -5 0
62 -5 0
62 -5 0
62 -5 0
62 -5 0
62 -5 0
62 -5 0
62 -5 0
62 -5 0
62 -5 0
62 0 -5
62 0 -5
62 0 -5
62 0 -5
62 0 -5
62 0 -5
62 0 -5
62 0 -5
62 0 -5
62 0 -5
62 0 -5
62 0 -5
62 0 -5
62 0 -5
62 0 -5
62 0 -5
62 0 -5
62 0 -5
62 0 -5
62 0 -5
62 0 -5
62 0 -5
62 0 -5
62 0 -5
62 0 -5
62 0 -5
62 0 -5
62 0 -5
62 0 -5
62 0 -5
62 0 -5
62 0 -5
62 0 -5
62 0 -5
62 5 0
62 5 0
62 5 0
62 5 0
62 5 0
62 5 0
62 5 0
62 5 0
62 5 0
62 5 0
62 5 0
62 5 0
62 5 0
62 5 0
62 5 0
62 5 0
62 5 0
62 5 0
62 5 0
62 5 0
62 5 0
62 5 0
62 5 0
62 5 0
62 5 0
62 5 0
62 5 0
62 5 0
62 5 0
62 5 0
62 5 0
62 5 0
62 5 0
62 5 0
62 0 5
62 0 5
62 0 5
62 0 5
62 0 5
62 0 5
62 0 5
62 0 5
62 0 5
62 0 5
62 0 5
62 0 5
62 0 5
62 0 5
62 0 5
62 0 5
62 0 5
62 0 5
62 0 5
62 0 5
62 0 5
62 0 5
62 0 5
62 0 5
62 0 5
62 0 5
62 0 5
62 0 5
62 0 5
62 0 5
62 0 5
62 0 5
62 0 5
62 0 5
63 -5 0
63 -5 0
63 -5 0
63 -5 0
63 -5 0
63 -5 0
63 -5 0
63 -5 0
63 -5 0
63 -5 0
63 -5 0
63 -5 0
63 -5 0
63 -5 0
63 -5 0
63 -5 0
63 -5 0
63 -5 0
63 -5 0
63 -5 0
63 -5 0
63 -5 0
63 -5 0
63 -5 0
63 -5 0
63 -5 0
63 -5 0
63 -5 0
63 -5 0
63 -5 0
63 -5 0
63 -5 0
63 -5 0
63 -5 0
63 0 -5
63 0 -5
63 0 -5
63 0 -5
63 0 -5
63 0 -5
63 0 -5
63 0 -5
63 0 -5
63 0 -5
63 0 -5
63 0 -5
63 0 -5
63 0 -5
63 0 -5
63 0 -5
63 0 -5
63 0 -5
63 0 -5
63 0 -5
63 0 -5
63 0 -5
63 0 -5
63 0 -5
63 0 -5
63 0 -5
63 0 -5
63 0 -5
63 0 -5
63 0 -5
63 0 -5
63 0 -5
63 0 -5
63 0 -5
63 5 0
63 5 0
63 5 0
63 5 0
63 5 0
63 5 0
63 5 0
63 5 0
63 5 0
63 5 0
63 5 0
63 5 0
63 5 0
63 5 0
63 5 0
63 5 0
63 5 0
63 5 0
63 5 0
63 5 0
63 5 0
63 5 0
63 5 0
63 5 0
63 5 0
63 5 0
63 5 0
63 5 0
63 5 0
63 5 0
63 5 0
63 5 0
63 5 0
63 5 0
63 0 5
63 0 5
63 0 5
63 0 5
63 0 5
63 0 5
63 0 5
63 0 5
63 0 5
63 0 5
63 0 5
63 0 5
63 0 5
63 0 5
63 0 5
63 0 5
63 0 5
63 0 5
63 0 5
63 0 5
63 0 5
63 0 5
63 0 5
63 0 5
63 0 5
63 0 5
63 0 5
63 0 5
63 0 5
63 0 5
63 0 5
63 0 5
63 0 5
63 0 5
64 -5 0
64 -5 0
64 -5 0
64 -5 0
64 -5 0
64 -5 0
64 -5 0
64 -5 0
64 -5 0
64 -5 0
64 -5 0
64 -5 0
64 -5 0
64 -5 0
64 -5 0
64 -5 0
64 -5 0
64 -5 0
64 -5 0
64 -5 0
64 -5 0
64 -5 0
64 -5 0
64 -5 0
64 -5 0
64 -5 0
64 -5 0
64 -5 0
64 -5 0
64 -5 0
64 -5 0
64 -5 0
64 -5 0
64 -5 0
64 0 -5
64 0 -5
64 0 -5
64 0 -5
64 0 -5
64 0 -5
64 0 -5
64 0 -5
64 0 -5
64 0 -5
64 0 -5
64 0 -5
64 0 -5
64 0 -5
64 0 -5
64 0 -5
64 0 -5
64 0 -5
64 0 -5
64 0 -5
64 0 -5
64 0 -5
64 0 -5
64 0 -5
64 0 -5
64 0 -5
64 0 -5
64 0 -5
64 0 -5
64 0 -5
64 0 -5
64 0 -5
64 0 -5
64 0 -5
64 5 0
64 5 0
64 5 0
64 5 0
64 5 0
64 5 0
64 5 0
64 5 0
64 5 0
64 5 0
64 5 0
64 5 0
64 5 0
64 5 0
64 5 0
64 5 0
64 5 0
64 5 0
64 5 0
64 5 0
64 5 0
64 5 0
64 5 0
64 5 0
64 5 0
64 5 0
64 5 0
64 5 0
64 5 0
64 5 0
64 5 0
64 5 0
64 5 0
64 5 0
64 0 5
64 0 5
64 0 5
64 0 5
64 0 5
64 0 5
64 0 5
64 0 5
64 0 5
64 0 5
64 0 5
64 0 5
64 0 5
64 0 5
64 0 5
64 0 5
64 0 5
64 0 5
64 0 5
64 0 5
64 0 5
64 0 5
64 0 5
64 0 5
64 0 5
64 0 5
64 0 5
64 0 5
64 0 5
64 0 5
64 0 5
64 0 5
64 0 5
64 0 5
65 -5 0
65 -5 0
65 -5 0
65 -5 0
65 -5 0
65 -5 0
65 -5 0
65 -5 0
65 -5 0
65 -5 0
65 -5 0
65 -5 0
65 -5 0
65 -5 0
65 -5 0
65 -5 0
65 -5 0
65 -5 0
65 -5 0
65 -5 0
65 -5 0
65 -5 0
65 -5 0
65 -5 0
65 -5 0
65 -5 0
65 -5 0
65 -5 0
65 -5 0
65 -5 0
65 -5 0
65 -5 0
65 -5 0
65 -5 0
65 0 -5
65 0 -5
65 0 -5
65 0 -5
65 0 -5
65 0 -5
65 0 -5
65 0 -5
65 0 -5
65 0 -5
65 0 -5
65 0 -5
65 0 -5
65 0 -5
65 0 -5
65 0 -5
65 0 -5
65 0 -5
65 0 -5
65 0 -5
65 0 -5
65 0 -5
65 0 -5
65 0 -5
65 0 -5
65 0 -5
65 0 -5
65 0 -5
65 0 -5
65 0 -5
65 0 -5
65 0 -5
65 0 -5
65 0 -5
65 5 0
65 5 0
65 5 0
65 5 0
65 5 0
65 5 0
65 5 0
65 5 0
65 5 0
65 5 0
65 5 0
65 5 0
65 5 0
65 5 0
65 5 0
65 5 0
65 5 0
65 5 0
65 5 0
65 5 0
65 5 0
65 5 0
65 5 0
65 5 0
65 5 0
65 5 0
65 5 0
65 5 0
65 5 0
65 5 0
65 5 0
65 5 0
65 5 0
65 5 0
65 0 5
65 0 5
65 0 5
65 0 5
65 0 5
65 0 5
65 0 5
65 0 5
65 0 5
65 0 5
65 0 5
65 0 5
65 0 5
65 0 5
65 0 5
65 0 5
65 0 5
65 0 5
65 0 5
65 0 5
65 0 5
65 0 5
65 0 5
65 0 5
65 0 5
65 0 5
65 0 5
65 0 5
65 0 5
65 0 5
65 0 5
65 0 5
65 0 5
65 0 5
66 -5 0
66 -5 0
66 -5 0
66 -5 0
66 -5 0
66 -5 0
66 -5 0
66 -5 0
66 -5 0
66 -5 0
66 -5 0
66 -5 0
66 -5 0
66 -5 0
66 -5 0
66 -5 0
66 -5 0
66 -5 0
66 -5 0
66 -5 0
66 -5 0
66 -5 0
66 -5 0
66 -5 0
66 -5 0
66 -5 0
66 -5 0
66 -5 0
66 -5 0
66 -5 0
66 -5 0
66 -5 0
66 -5 0
66 -5 0
66 0 -5
66 0 -5
66 0 -5
66 0 -5
66 0 -5
66 0 -5
66 0 -5
66 0 -5
66 0 -5
66 0 -5
66 0 -5
66 0 -5
66 0 -5
66 0 -5
66 0 -5
66 0 -5
66 0 -5
66 0 -5
66 0 -5
66 0 -5
66 0 -5
66 0 -5
66 0 -5
66 0 -5
66 0 -5
66 0 -5
66 0 -5
66 0 -5
66 0 -5
66 0 -5
66 0 -5
66 0 -5
66 0 -5
66 0 -5
66 5 0
66 5 0
66 5 0
66 5 0
66 5 0
66 5 0
66 5 0
66 5 0
66 5 0
66 5 0
66 5 0
66 5 0
66 5 0
66 5 0
66 5 0
66 5 0
66 5 0
66 5 0
66 5 0
66 5 0
66 5 0
66 5 0
66 5 0
66 5 0
66 5 0
66 5 0
66 5 0
66 5 0
66 5 0
66 5 0
66 5 0
66 5 0
66 5 0
66 5 0
66 0 5
66 0 5
66 0 5
66 0 5
66 0 5
66 0 5
66 0 5
66 0 5
66 0 5
66 0 5
66 0 5
66 0 5
66 0 5
66 0 5
66 0 5
66 0 5
66 0 5
66 0 5
66 0 5
66 0 5
66 0 5
66 0 5
66 0 5
66 0 5
66 0 5
66 0 5
66 0 5
66 0 5
66 0 5
66 0 5
66 0 5
66 0 5
66 0 5
66 0 5
67 -5 0
67 -5 0
67 -5 0
67 -5 0
67 -5 0
67 -5 0
67 -5 0
67 -5 0
67 -5 0
67 -5 0
67 -5 0
67 -5 0
67 -5 0
67 -5 0
67 -5 0
67 -5 0
67 -5 0
67 -5 0
67 -5 0
67 -5 0
67 -5 0
67 -5 0
67 -5 0
67 -5 0
67 -5 0
67 -5 0
67 -5 0
67 -5 0
67 -5 0
67 -5 0
67 -5 0
67 -5 0
67 -5 0
67 -5 0
67 0 -5
67 0 -5
67 0 -5
67 0 -5
67 0 -5
67 0 -5
67 0 -5
67 0 -5
67 0 -5
67 0 -5
67 0 -5
67 0 -5
67 0 -5
67 0 -5
67 0 -5
67 0 -5
67 0 -5
67 0 -5
67 0 -5
67 0 -5
67 0 -5
67 0 -5
67 0 -5
67 0 -5
67 0 -5
67 0 -5
67 0 -5
67 0 -5
67 0 -5
67 0 -5
67 0 -5
67 0 -5
67 0 -5
67 0 -5
67 5 0
67 5 0
67 5 0
67 5 0
67 5 0
67 5 0
67 5 0
67 5 0
67 5 0
67 5 0
67 5 0
67 5 0
67 5 0
67 5 0
67 5 0
67 5 0
67 5 0
67 5 0
67 5 0
67 5 0
67 5 0
67 5 0
67 5 0
67 5 0
67 5 0
67 5 0
67 5 0
67 5 0
67 5 0
67 5 0
67 5 0
67 5 0
67 5 0
67 5 0
67 0 5
67 0 5
67 0 5
67 0 5
67 0 5
67 0 5
67 0 5
67 0 5
67 0 5
67 0 5
67 0 5
67 0 5
67 0 5
67 0 5
67 0 5
67 0 5
67 0 5
67 0 5
67 0 5
67 0 5
67 0 5
67 0 5
67 0 5
67 0 5
67 0 5
67 0 5
67 0 5
67 0 5
67 0 5
67 0 5
67 0 5
67 0 5
67 0 5
67 0 5
68 -5 0
68 -5 0
68 -5 0
68 -5 0
68 -5 0
68 -5 0
68 -5 0
68 -5 0
68 -5 0
68 -5 0
68 -5 0
68 -5 0
68 -5 0
68 -5 0
68 -5 0
68 -5 0
68 -5 0
68 -5 0
68 -5 0
68 -5 0
68 -5 0
68 -5 0
68 -5 0
68 -5 0
68 -5 0
68 -5 0
68 -5 0
68 -5 0
68 -5 0
68 -5 0
68 -5 0
68 -5 0
68 -5 0
68 -5 0
68 0 -5
68 0 -5
68 0 -5
68 0 -5
68 0 -5
68 0 -5
68 0 -5
68 0 -5
68 0 -5
68 0 -5
68 0 -5
68 0 -5
68 0 -5
68 0 -5
68 0 -5
68 0 -5
68 0 -5
68 0 -5
68 0 -5
68 0 -5
68 0 -5
68 0 -5
68 0 -5
68 0 -5
68 0 -5
68 0 -5
68 0 -5
68 0 -5
68 0 -5
68 0 -5
68 0 -5
68 0 -5
68 0 -5
68 0 -5
68 5 0
68 5 0
68 5 0
68 5 0
68 5 0
68 5 0
68 5 0
68 5 0
68 5 0
68 5 0
68 5 0
68 5 0
68 5 0
68 5 0
68 5 0
68 5 0
68 5 0
68 5 0
68 5 0
68 5 0
68 5 0
68 5 0
68 5 0
68 5 0
68 5 0
68 5 0
68 5 0
68 5 0
68 5 0
68 5 0
68 5 0
68 5 0
68 5 0
68 5 0
68 0 5
68 0 5
68 0 5
68 0 5
68 0 5
68 0 5
68 0 5
68 0 5
68 0 5
68 0 5
68 0 5
68 0 5
68 0 5
68 0 5
68 0 5
68 0 5
68 0 5
68 0 5
68 0 5
68 0 5
68 0 5
68 0 5
68 0 5
68 0 5
68 0 5
68 0 5
68 0 5
68 0 5
68 0 5
68 0 5
68 0 5
68 0 5
68 0 5
68 0 5
69 -5 0
69 -5 0
69 -5 0
69 -5 0
69 -5 0
69 -5 0
69 -5 0
69 -5 0
69 -5 0
69 -5 0
69 -5 0
69 -5 0
69 -5 0
69 -5 0
69 -5 0
69 -5 0
69 -5 0
69 -5 0
69 -5 0
69 -5 0
69 -5 0
69 -5 0
69 -5 0
69 -5 0
69 -5 0
69 -5 0
69 -5 0
69 -5 0
69 -5 0
69 -5 0
69 -5 0
69 -5 0
69 -5 0
69 -5 0
69 0 -5
69 0 -5
69 0 -5
69 0 -5
69 0 -5
69 0 -5
69 0 -5
69 0 -5
69 0 -5
69 0 -5
69 0 -5
69 0 -5
69 0 -5
69 0 -5
69 0 -5
69 0 -5
69 0 -5
69 0 -5
69 0 -5
69 0 -5
69 0 -5
69 0 -5
69 0 -5
69 0 -5
69 0 -5
69 0 -5
69 0 -5
69 0 -5
69 0 -5
69 0 -5
69 0 -5
69 0 -5
69 0 -5
69 0 -5
69 5 0
69 5 0
69 5 0
69 5 0
69 5 0
69 5 0
69 5 0
69 5 0
69 5 0
69 5 0
69 5 0
69 5 0
69 5 0
69 5 0
69 5 0
69 5 0
69 5 0
69 5 0
69 5 0
69 5 0
69 5 0
69 5 0
69 5 0
69 5 0
69 5 0
69 5 0
69 5 0
69 5 0
69 5 0
69 5 0
69 5 0
69 5 0
69 5 0
69 5 0
69 0 5
69 0 5
69 0 5
69 0 5
69 0 5
69 0 5
69 0 5
69 0 5
69 0 5
69 0 5
69 0 5
69 0 5
69 0 5
69 0 5
69 0 5
69 0 5
69 0 5
69 0 5
69 0 5
69 0 5
69 0 5
69 0 5
69 0 5
69 0 5
69 0 5
69 0 5
69 0 5
69 0 5
69 0 5
69 0 5
69 0 5
69 0 5
69 0 5
69 0 5
70 -5 0
70 -5 0
70 -5 0
70 -5 0
70 -5 0
70 -5 0
70 -5 0
70 -5 0
70 -5 0
70 -5 0
70 -5 0
70 -5 0
70 -5 0
70 -5 0
70 -5 0
70 -5 0
70 -5 0
70 -5 0
70 -5 0
70 -5 0
70 -5 0
70 -5 0
70 -5 0
70 -5 0
70 -5 0
70 -5 0
70 -5 0
70 -5 0
70 -5 0
70 -5 0
70 -5 0
70 -5 0
70 -5 0
70 -5 0
70 0 -5
70 0 -5
70 0 -5
70 0 -5
70 0 -5
70 0 -5
70 0 -5
70 0 -5
70 0 -5
70 0 -5
70 0 -5
70 0 -5
70 0 -5
70 0 -5
70 0 -5
70 0 -5
70 0 -5
70 0 -5
70 0 -5
70 0 -5
70 0 -5
70 0 -5
70 0 -5
70 0 -5
70 0 -5
70 0 -5
70 0 -5
70 0 -5
70 0 -5
70 0 -5
70 0 -5
70 0 -5
70 0 -5
70 0 -5
70 5 0
70 5 0
70 5 0
70 5 0
70 5 0
70 5 0
70 5 0
70 5 0
70 5 0
70 5 0
70 5 0
70 5 0
70 5 0
70 5 0
70 5 0
70 5 0
70 5 0
70 5 0
70 5 0
70 5 0
70 5 0
70 5 0
70 5 0
70 5 0
70 5 0
70 5 0
70 5 0
70 5 0
70 5 0
70 5 0
70 5 0
70 5 0
70 5 0
70 5 0
70 0 5
70 0 5
70 0 5
70 0 5
70 0 5
70 0 5
70 0 5
70 0 5
70 0 5
70 0 5
70 0 5
70 0 5
70 0 5
70 0 5
70 0 5
70 0 5
70 0 5
70 0 5
70 0 5
70 0 5
70 0 5
70 0 5
70 0 5
70 0 5
70 0 5
70 0 5
70 0 5
70 0 5
70 0 5
70 0 5
70 0 5
70 0 5
70 0 5
70 0 5
71 -5 0
71 -5 0
71 -5 0
71 -5 0
71 -5 0
71 -5 0
71 -5 0
71 -5 0
71 -5 0
71 -5 0
71 -5 0
71 -5 0
71 -5 0
71 -5 0
71 -5 0
71 -5 0
71 -5 0
71 -5 0
71 -5 0
71 -5 0
71 -5 0
71 -5 0
71 -5 0
71 -5 0
71 -5 0
71 -5 0
71 -5 0
71 -5 0
71 -5 0
71 -5 0
71 -5 0
71 -5 0
71 -5 0
71 -5 0
71 0 -5
71 0 -5
71 0 -5
71 0 -5
71 0 -5
71 0 -5
71 0 -5
71 0 -5
71 0 -5
71 0 -5
71 0 -5
71 0 -5
71 0 -5
71 0 -5
71 0 -5
71 0 -5
71 0 -5
71 0 -5
71 0 -5
71 0 -5
71 0 -5
71 0 -5
71 0 -5
71 0 -5
71 0 -5
71 0 -5
71 0 -5
71 0 -5
71 0 -5
71 0 -5
71 0 -5
71 0 -5
71 0 -5
71 0 -5
71 5 0
71 5 0
71 5 0
71 5 0
71 5 0
71 5 0
71 5 0
71 5 0
71 5 0
71 5 0
71 5 0
71 5 0
71 5 0
71 5 0
71 5 0
71 5 0
71 5 0
71 5 0
71 5 0
71 5 0
71 5 0
71 5 0
71 5 0
71 5 0
71 5 0
71 5 0
71 5 0
71 5 0
71 5 0
71 5 0
71 5 0
71 5 0
71 5 0
71 5 0
71 0 5
71 0 5
71 0 5
71 0 5
71 0 5
71 0 5
71 0 5
71 0 5
71 0 5
71 0 5
71 0 5
71 0 5
71 0 5
71 0 5
71 0 5
71 0 5
71 0 5
71 0 5
71 0 5
71 0 5
71 0 5
71 0 5
71 0 5
71 0 5
71 0 5
71 0 5
71 0 5
71 0 5
71 0 5
71 0 5
71 0 5
71 0 5
71 0 5
71 0 5
# looped 11486174 times
-1 -1 -1
33
44
61
71
40
42
45
0
67
2
56
10
64
43
21
29
23
54
59
22
13
51
53
27
38
7
6
26
57
35
12
48
8
16
11
47
15
14
68
65
5
24
36
17
37
28
49
63
62
20
60
3
4
31
52
34
39
55
32
58
50
70
18
41
1
46
66
69
9
30
25
19
