0 0 230 230 230 0 0 0 0 0 0 0 170 170 170 0 0 0 0 0 0 0 0 0 0 0 0 0 0 0 150 150 150 0 290 290 290 0 0 0 360 360 360 0 640 640 700 700 700 0
0 0 230 230 230 0 0 0 0 0 0 0 0 0 0 0 0 0 0 0 0 0 750 750 750 0 0 0 0 420 420 420 150 0 290 780 780 780 0 0 360 360 360 0 640 640 640 0 0 0
0 0 230 480 480 480 0 0 0 0 0 0 0 0 0 0 0 0 0 0 0 0 750 750 750 0 0 0 660 660 660 420 0 0 300 300 300 780 0 0 0 0 0 0 640 640 640 0 0 0
0 0 0 480 480 480 800 800 800 0 0 0 0 0 0 0 0 0 0 0 0 0 750 750 750 0 0 0 660 660 660 420 0 0 300 300 300 780 0 0 0 0 0 0 0 0 0 0 0 0
0 0 0 480 480 480 800 540 540 540 0 0 0 0 0 0 0 0 0 0 0 0 0 0 0 0 0 0 660 660 660 0 0 0 300 300 300 0 0 0 0 0 0 0 0 0 0 0 0 0
0 0 0 0 40 40 40 540 540 540 0 0 0 0 0 0 0 0 0 610 610 610 0 0 0 0 0 0 0 0 0 0 0 0 0 0 0 0 0 0 0 0 0 0 0 0 0 0 0 0
0 0 0 0 40 40 40 540 540 540 0 0 0 0 0 0 0 0 0 610 610 610 0 0 0 0 0 0 0 0 0 0 0 0 0 0 0 0 0 0 0 0 0 690 690 690 0 0 0 0
0 0 0 0 40 40 40 0 0 0 0 0 0 0 0 0 0 0 0 610 610 610 0 490 490 490 0 0 430 430 430 0 0 0 0 0 0 0 0 0 0 0 0 690 690 690 0 0 0 0
0 0 0 0 0 0 0 0 0 0 0 0 0 0 0 0 0 0 0 0 0 0 0 490 490 490 0 0 430 430 430 0 0 0 0 0 0 90 90 90 0 0 0 690 690 690 0 0 0 0
0 0 0 0 0 0 0 0 0 0 0 100 100 100 0 0 0 0 0 0 0 0 0 490 490 490 0 0 430 430 430 0 0 0 0 0 0 90 90 90 0 0 0 0 0 910 910 910 0 0
0 0 0 0 0 0 0 320 190 190 190 100 100 100 0 0 0 0 0 0 0 0 0 0 0 0 0 0 0 0 830 830 940 940 940 0 0 90 90 90 0 0 0 0 0 910 910 910 0 0
0 0 0 0 0 0 0 320 190 190 190 100 100 100 0 0 0 0 0 0 0 0 0 0 0 0 0 0 0 0 830 830 940 940 940 0 0 0 0 0 0 0 0 0 0 910 910 910 0 0
460 460 0 0 0 380 380 380 190 190 190 0 0 0 0 0 0 0 370 370 370 0 0 0 0 0 0 0 0 0 830 830 940 940 940 0 0 0 0 0 500 500 500 0 0 0 0 0 0 460
460 460 0 0 0 380 380 380 0 0 0 0 0 0 0 0 0 0 370 370 370 0 0 0 0 0 0 0 0 0 0 0 0 0 0 0 0 0 0 0 500 500 500 0 0 0 0 0 0 460
460 460 0 0 0 380 380 380 0 0 0 0 0 0 0 0 0 0 370 370 370 0 0 0 0 0 0 0 0 0 0 0 0 70 70 70 0 0 0 0 500 500 500 0 0 0 0 0 0 460
0 0 0 0 0 0 0 0 0 0 0 0 0 0 0 0 0 0 0 0 0 0 0 0 0 0 0 0 0 0 0 310 310 310 70 70 0 0 0 0 0 0 0 0 0 0 0 0 0 0
0 0 0 0 0 0 0 0 0 0 0 0 0 0 0 0 0 0 0 470 470 470 0 0 0 0 0 0 0 0 0 310 310 310 70 70 0 0 0 0 0 0 0 0 0 0 110 110 110 0
0 0 0 0 0 0 0 0 0 0 0 0 0 0 0 0 0 0 0 470 470 470 0 0 0 0 0 0 0 0 0 310 310 310 0 0 0 850 850 850 0 0 0 0 0 130 130 130 110 0
0 0 0 0 0 0 0 0 810 810 810 0 710 710 710 0 0 0 0 470 470 470 0 0 0 0 0 0 0 0 0 0 0 0 0 0 0 850 850 530 530 530 0 0 0 130 130 130 110 0
0 0 0 0 0 0 0 0 810 810 810 0 710 710 710 0 0 0 0 0 0 0 0 0 0 0 0 0 0 0 0 0 0 0 0 0 0 850 850 530 530 530 0 0 0 130 130 130 0 0
0 0 0 0 0 0 0 0 810 810 810 0 710 710 710 0 0 0 0 0 0 0 0 0 0 0 0 0 400 400 400 0 0 0 0 0 0 0 0 530 530 530 0 0 0 0 0 0 0 0
0 0 0 0 0 0 0 0 0 0 0 0 0 0 0 0 0 0 0 0 0 0 0 0 0 920 920 920 400 400 400 0 0 0 0 0 0 0 250 250 250 0 0 0 0 0 0 0 0 0
820 820 820 0 0 280 280 280 0 0 0 0 0 0 0 0 0 0 0 0 0 0 0 0 0 920 920 920 400 400 400 0 0 0 0 0 0 0 250 250 250 0 0 0 0 0 0 0 0 0
820 820 820 0 0 280 280 280 0 0 0 0 0 0 0 0 0 0 0 0 0 0 0 0 0 920 920 920 0 0 0 0 0 0 0 0 0 0 250 250 250 0 0 0 0 0 0 0 0 0
820 820 820 0 30 30 30 280 0 0 0 0 0 0 0 0 0 0 0 0 0 0 0 0 50 50 520 520 520 0 0 0 0 0 0 0 0 0 0 0 0 0 0 0 0 0 0 0 0 0
0 0 0 0 30 30 30 0 0 0 0 600 600 600 0 0 0 0 0 0 0 120 120 120 50 50 520 520 520 0 0 0 0 0 0 0 0 0 0 0 0 0 0 0 0 0 0 0 0 0
340 340 0 0 30 30 30 0 0 0 0 600 600 600 0 0 0 0 0 0 0 670 670 670 50 50 520 520 520 0 0 0 0 0 720 720 720 0 0 930 930 930 0 0 0 0 0 0 0 340
340 340 0 0 0 0 0 0 0 0 840 840 840 180 180 180 0 0 0 0 0 670 670 670 0 0 0 0 0 0 0 0 0 0 720 720 720 0 0 930 930 930 0 0 0 0 590 590 590 340
340 340 0 0 0 0 0 0 0 0 840 840 840 180 180 180 0 0 0 0 0 670 670 670 270 270 270 0 0 0 0 0 0 0 720 720 720 0 0 930 930 930 0 0 0 0 590 590 590 340
0 0 0 0 240 240 240 0 0 0 840 840 840 410 410 410 0 0 0 0 0 0 0 0 270 270 270 770 770 770 0 0 0 0 510 510 510 0 0 0 0 0 0 0 0 0 590 590 590 0
760 730 0 0 240 0 0 0 0 0 0 0 0 410 410 410 0 0 0 0 0 0 0 0 270 270 270 770 770 770 0 0 0 0 510 510 510 0 0 0 0 0 0 0 0 0 0 0 760 760
760 730 0 0 240 0 0 0 0 0 0 0 0 410 410 410 0 0 0 0 0 0 0 0 0 0 0 770 570 570 570 0 0 0 510 510 510 0 0 0 0 0 0 0 0 0 0 0 760 760
760 730 0 0 0 350 350 350 0 0 0 0 0 0 0 0 0 0 0 0 0 0 890 890 890 0 0 0 570 570 570 0 0 0 0 0 0 0 0 20 20 20 0 0 0 0 0 0 760 760
0 0 0 0 0 350 350 350 0 0 0 0 0 0 0 0 0 0 0 0 0 0 890 890 890 0 0 0 570 570 570 0 0 0 880 880 880 0 0 20 20 20 0 0 0 0 0 0 0 0
0 0 0 0 0 350 350 350 0 0 0 0 0 0 0 0 0 0 0 0 0 0 890 890 890 0 0 450 450 450 0 0 0 0 880 880 880 0 0 20 870 870 870 0 0 0 0 0 0 0
0 0 0 0 0 0 0 0 0 0 0 0 0 0 0 0 0 0 0 0 0 0 0 0 0 0 0 450 740 740 740 0 0 0 880 880 880 0 0 0 870 870 870 0 0 0 0 0 0 0
0 0 0 0 0 0 0 0 0 0 0 0 0 0 0 0 0 0 0 0 0 0 0 0 0 0 0 450 740 740 740 0 0 0 0 0 0 0 0 0 870 870 870 0 0 0 0 0 0 0
0 0 0 0 0 0 0 0 0 0 0 0 0 0 0 0 0 0 0 0 0 0 0 0 0 0 0 0 740 740 740 200 200 200 0 0 0 0 0 0 0 0 0 0 0 0 0 0 0 0
0 0 10 10 10 0 0 0 0 0 0 0 0 0 0 0 0 0 0 0 0 0 0 0 0 0 0 0 0 0 0 200 200 200 0 0 0 0 0 0 0 0 0 0 0 0 0 0 0 0
0 0 10 10 10 0 560 560 560 0 0 0 0 0 0 0 0 0 0 0 0 0 0 0 0 0 0 0 0 0 0 200 200 200 0 0 0 0 680 680 680 0 0 860 860 860 0 0 0 0
0 0 10 10 10 0 560 560 560 0 0 0 650 650 650 0 0 210 210 210 0 0 0 0 0 0 0 0 0 580 580 580 0 0 160 160 160 0 680 680 680 0 0 860 860 860 0 0 0 0
0 0 0 0 0 0 560 560 560 0 0 0 650 650 550 550 550 210 210 210 0 0 620 620 620 0 0 0 0 580 580 580 0 0 160 160 160 0 680 680 680 0 0 860 860 860 0 0 0 0
0 0 0 0 0 0 630 630 630 0 0 0 650 650 550 550 550 210 210 210 0 0 620 620 620 0 0 0 0 580 580 580 0 0 160 160 160 0 0 0 0 0 0 0 0 0 0 0 0 0
0 0 0 0 0 0 630 630 790 790 790 0 60 60 60 550 550 0 0 0 0 0 620 620 440 440 440 0 0 0 0 0 0 0 0 0 0 0 0 0 0 0 0 0 0 0 0 0 0 0
0 0 0 0 0 0 630 630 790 790 790 0 60 60 60 0 0 0 0 0 0 0 0 0 440 440 440 0 0 0 0 0 0 0 0 0 0 0 0 0 0 0 0 0 0 0 0 0 0 0
0 0 0 0 0 0 0 0 790 790 790 0 60 60 60 0 0 0 0 0 0 0 0 0 260 260 260 0 0 0 0 0 0 0 0 0 0 0 0 0 0 0 0 0 0 0 0 0 0 0
0 0 0 0 900 900 900 0 0 0 0 0 0 0 0 0 0 0 0 0 0 0 0 0 260 260 260 0 0 0 0 390 390 390 0 80 80 80 0 0 0 0 0 0 0 0 0 0 0 0
0 0 0 0 900 900 900 0 0 0 0 0 140 140 140 0 0 0 0 0 0 0 0 0 260 260 260 330 330 220 220 220 390 390 0 80 80 80 0 0 0 0 0 0 0 0 0 0 0 0
0 0 0 0 900 900 900 0 0 0 0 0 170 170 170 0 0 0 0 0 0 0 0 0 0 0 0 330 330 220 220 220 390 390 0 80 80 80 0 0 0 0 0 0 0 0 700 700 700 0
0 0 0 0 0 0 0 0 0 0 0 0 170 170 170 0 0 0 0 0 0 0 0 0 0 0 0 330 330 220 220 220 150 0 0 0 0 0 0 0 360 360 360 0 0 0 700 700 700 0
0 0 0
0 -1 0
0 -1 -1
0 0 -1
0 1 -1
0 1 0
0 1 1
0 0 1
0 -1 1
# measure in=0, out=79, v=161 (188, 184, 212, 185, 153, 137, 125, 123, 155)
1 0 0
1 -1 0
1 -1 -1
1 0 -1
1 1 -1
1 1 0
1 1 1
1 0 1
1 -1 1
# measure in=1, out=0, v=149 (145, 150, 121, 172, 162, 208, 126, 145, 124)
2 0 0
2 -1 0
2 -1 -1
2 0 -1
2 1 -1
2 1 0
2 1 1
2 0 1
2 -1 1
# measure in=2, out=73, v=561 (522, 805, 812, 849, 72, 559, 512, 556, 845)
3 0 0
3 -1 0
3 -1 -1
3 0 -1
3 1 -1
3 1 0
3 1 1
3 0 1
3 -1 1
# measure in=3, out=72, v=12 (28, 0, 28, 19, 28, 0, 2, 40, 65)
4 0 0
4 -1 0
4 -1 -1
4 0 -1
4 1 -1
4 1 0
4 1 1
4 0 1
4 -1 1
# measure in=4, out=31, v=475 (444, 510, 493, 523, 489, 386, 484, 473, 482)
5 0 0
5 -1 0
5 -1 -1
5 0 -1
5 1 -1
5 1 0
5 1 1
5 0 1
5 -1 1
# measure in=5, out=15, v=690 (709, 667, 677, 674, 705, 684, 699, 705, 691)
6 0 0
6 -1 0
6 -1 -1
6 0 -1
6 1 -1
6 1 0
6 1 1
6 0 1
6 -1 1
# measure in=6, out=69, v=866 (876, 861, 915, 808, 876, 864, 839, 872, 883)
7 0 0
7 -1 0
7 -1 -1
7 0 -1
7 1 -1
7 1 0
7 1 1
7 0 1
7 -1 1
# measure in=7, out=24, v=937 (952, 916, 955, 951, 953, 893, 913, 962, 937)
8 0 0
8 -1 0
8 -1 -1
8 0 -1
8 1 -1
8 1 0
8 1 1
8 0 1
8 -1 1
# measure in=8, out=68, v=731 (772, 777, 800, 841, 748, 557, 576, 806, 739)
9 0 0
9 -1 0
9 -1 -1
9 0 -1
9 1 -1
9 1 0
9 1 1
9 0 1
9 -1 1
# measure in=9, out=91, v=332 (341, 374, 348, 264, 323, 352, 302, 350, 342)
10 0 0
10 -1 0
10 -1 -1
10 0 -1
10 1 -1
10 1 0
10 1 1
10 0 1
10 -1 1
# measure in=10, out=69, v=873 (843, 866, 887, 771, 838, 799, 981, 926, 957)
11 0 0
11 -1 0
11 -1 -1
11 0 -1
11 1 -1
11 1 0
11 1 1
11 0 1
11 -1 1
# measure in=11, out=15, v=689 (689, 716, 696, 683, 625, 733, 717, 652, 698)
12 0 0
12 -1 0
12 -1 -1
12 0 -1
12 1 -1
12 1 0
12 1 1
12 0 1
12 -1 1
# measure in=12, out=60, v=757 (765, 754, 739, 767, 780, 720, 798, 726, 765)
13 0 0
13 -1 0
13 -1 -1
13 0 -1
13 1 -1
13 1 0
13 1 1
13 0 1
13 -1 1
# measure in=13, out=25, v=452 (514, 593, 576, 577, 40, 566, 473, 563, 562)
14 0 0
14 -1 0
14 -1 -1
14 0 -1
14 1 -1
14 1 0
14 1 1
14 0 1
14 -1 1
# measure in=14, out=57, v=413 (389, 391, 423, 379, 444, 410, 405, 477, 409)
15 0 0
15 -1 0
15 -1 -1
15 0 -1
15 1 -1
15 1 0
15 1 1
15 0 1
15 -1 1
# measure in=15, out=51, v=930 (910, 916, 944, 895, 917, 950, 922, 939, 976)
16 0 0
16 -1 0
16 -1 -1
16 0 -1
16 1 -1
16 1 0
16 1 1
16 0 1
16 -1 1
# measure in=16, out=77, v=214 (197, 177, 242, 245, 237, 235, 208, 205, 188)
17 0 0
17 -1 0
17 -1 -1
17 0 -1
17 1 -1
17 1 0
17 1 1
17 0 1
17 -1 1
# measure in=17, out=45, v=515 (667, 493, 381, 579, 665, 647, 440, 420, 414)
18 0 0
18 -1 0
18 -1 -1
18 0 -1
18 1 -1
18 1 0
18 1 1
18 0 1
18 -1 1
# measure in=18, out=50, v=722 (735, 641, 684, 702, 767, 766, 707, 746, 757)
19 0 0
19 -1 0
19 -1 -1
19 0 -1
19 1 -1
19 1 0
19 1 1
19 0 1
19 -1 1
# measure in=19, out=45, v=521 (562, 477, 578, 468, 528, 492, 527, 563, 506)
20 0 0
20 -1 0
20 -1 -1
20 0 -1
20 1 -1
20 1 0
20 1 1
20 0 1
20 -1 1
# measure in=20, out=45, v=524 (559, 502, 459, 530, 515, 579, 540, 561, 483)
21 0 0
21 -1 0
21 -1 -1
21 0 -1
21 1 -1
21 1 0
21 1 1
21 0 1
21 -1 1
# measure in=21, out=11, v=539 (310, 795, 793, 297, 302, 306, 793, 792, 809)
22 0 0
22 -1 0
22 -1 -1
22 0 -1
22 1 -1
22 1 0
22 1 1
22 0 1
22 -1 1
# measure in=22, out=37, v=527 (529, 474, 503, 567, 536, 522, 566, 514, 538)
23 0 0
23 -1 0
23 -1 -1
23 0 -1
23 1 -1
23 1 0
23 1 1
23 0 1
23 -1 1
# measure in=23, out=84, v=59 (29, 19, 58, 68, 399, 374, 303, 0, 0)
24 0 0
24 -1 0
24 -1 -1
24 0 -1
24 1 -1
24 1 0
24 1 1
24 0 1
24 -1 1
# measure in=24, out=32, v=125 (57, 76, 116, 300, 332, 106, 82, 124, 86)
25 0 0
25 -1 0
25 -1 -1
25 0 -1
25 1 -1
25 1 0
25 1 1
25 0 1
25 -1 1
# measure in=25, out=15, v=693 (825, 649, 696, 685, 676, 707, 666, 696, 643)
26 0 0
26 -1 0
26 -1 -1
26 0 -1
26 1 -1
26 1 0
26 1 1
26 0 1
26 -1 1
# measure in=26, out=18, v=88 (74, 68, 91, 102, 94, 121, 93, 112, 55)
27 0 0
27 -1 0
27 -1 -1
27 0 -1
27 1 -1
27 1 0
27 1 1
27 0 1
27 -1 1
# measure in=27, out=39, v=917 (919, 914, 929, 928, 895, 964, 932, 926, 849)
28 0 0
28 -1 0
28 -1 -1
28 0 -1
28 1 -1
28 1 0
28 1 1
28 0 1
28 -1 1
# measure in=28, out=5, v=747 (749, 730, 747, 733, 741, 761, 748, 741, 777)
29 0 0
29 -1 0
29 -1 -1
29 0 -1
29 1 -1
29 1 0
29 1 1
29 0 1
29 -1 1
# measure in=29, out=43, v=32 (96, 11, 31, 80, 57, 111, 7, 54, 0)
30 0 0
30 -1 0
30 -1 -1
30 0 -1
30 1 -1
30 1 0
30 1 1
30 0 1
30 -1 1
# measure in=30, out=54, v=589 (610, 647, 612, 587, 610, 616, 462, 577, 589)
31 0 0
31 -1 0
31 -1 -1
31 0 -1
31 1 -1
31 1 0
31 1 1
31 0 1
31 -1 1
# measure in=31, out=26, v=382 (359, 390, 363, 418, 418, 438, 379, 319, 362)
32 0 0
32 -1 0
32 -1 -1
32 0 -1
32 1 -1
32 1 0
32 1 1
32 0 1
32 -1 1
# measure in=32, out=8, v=484 (462, 511, 495, 467, 470, 478, 459, 535, 484)
33 0 0
33 -1 0
33 -1 -1
33 0 -1
33 1 -1
33 1 0
33 1 1
33 0 1
33 -1 1
# measure in=33, out=13, v=43 (0, 240, 243, 211, 208, 0, 0, 1, 252)
34 0 0
34 -1 0
34 -1 -1
34 0 -1
34 1 -1
34 1 0
34 1 1
34 0 1
34 -1 1
# measure in=34, out=42, v=288 (239, 257, 290, 331, 329, 280, 227, 304, 351)
35 0 0
35 -1 0
35 -1 -1
35 0 -1
35 1 -1
35 1 0
35 1 1
35 0 1
35 -1 1
# measure in=35, out=53, v=184 (104, 208, 220, 147, 433, 408, 120, 76, 129)
36 0 0
36 -1 0
36 -1 -1
36 0 -1
36 1 -1
36 1 0
36 1 1
36 0 1
36 -1 1
# measure in=36, out=25, v=450 (447, 451, 408, 391, 431, 489, 517, 480, 448)
37 0 0
37 -1 0
37 -1 -1
37 0 -1
37 1 -1
37 1 0
37 1 1
37 0 1
37 -1 1
# measure in=37, out=0, v=141 (29, 79, 45, 88, 31, 89, 488, 482, 550)
38 0 0
38 -1 0
38 -1 -1
38 0 -1
38 1 -1
38 1 0
38 1 1
38 0 1
38 -1 1
# measure in=38, out=6, v=661 (638, 700, 664, 707, 649, 654, 643, 666, 629)
39 0 0
39 -1 0
39 -1 -1
39 0 -1
39 1 -1
39 1 0
39 1 1
39 0 1
39 -1 1
# measure in=39, out=77, v=214 (228, 181, 263, 295, 344, 164, 170, 136, 200)
40 0 0
40 -1 0
40 -1 -1
40 0 -1
40 1 -1
40 1 0
40 1 1
40 0 1
40 -1 1
# measure in=40, out=78, v=578 (756, 422, 502, 469, 448, 746, 820, 706, 451)
41 0 0
41 -1 0
41 -1 -1
41 0 -1
41 1 -1
41 1 0
41 1 1
41 0 1
41 -1 1
# measure in=41, out=90, v=170 (188, 132, 175, 158, 205, 172, 162, 160, 187)
42 0 0
42 -1 0
42 -1 -1
42 0 -1
42 1 -1
42 1 0
42 1 1
42 0 1
42 -1 1
# measure in=42, out=74, v=684 (720, 653, 675, 706, 666, 624, 686, 713, 720)
43 0 0
43 -1 0
43 -1 -1
43 0 -1
43 1 -1
43 1 0
43 1 1
43 0 1
43 -1 1
# measure in=43, out=55, v=273 (288, 306, 243, 242, 274, 291, 265, 282, 267)
44 0 0
44 -1 0
44 -1 -1
44 0 -1
44 1 -1
44 1 0
44 1 1
44 0 1
44 -1 1
# measure in=44, out=5, v=748 (696, 762, 834, 722, 726, 757, 735, 744, 764)
45 0 0
45 -1 0
45 -1 -1
45 0 -1
45 1 -1
45 1 0
45 1 1
45 0 1
45 -1 1
# measure in=45, out=20, v=910 (890, 929, 946, 901, 994, 890, 903, 861, 884)
46 0 0
46 -1 0
46 -1 -1
46 0 -1
46 1 -1
46 1 0
46 1 1
46 0 1
46 -1 1
# measure in=46, out=55, v=269 (333, 291, 278, 308, 272, 364, 190, 216, 202)
47 0 0
47 -1 0
47 -1 -1
47 0 -1
47 1 -1
47 1 0
47 1 1
47 0 1
47 -1 1
# measure in=47, out=27, v=367 (477, 392, 419, 418, 264, 314, 212, 429, 441)
48 0 0
48 -1 0
48 -1 -1
48 0 -1
48 1 -1
48 1 0
48 1 1
48 0 1
48 -1 1
# measure in=48, out=55, v=274 (239, 265, 296, 248, 287, 297, 307, 276, 255)
49 0 0
49 -1 0
49 -1 -1
49 0 -1
49 1 -1
49 1 0
49 1 1
49 0 1
49 -1 1
# measure in=49, out=4, v=645 (659, 668, 632, 604, 615, 691, 649, 674, 615)
50 0 0
50 -1 0
50 -1 -1
50 0 -1
50 1 -1
50 1 0
50 1 1
50 0 1
50 -1 1
# measure in=50, out=13, v=37 (57, 2, 85, 52, 82, 21, 96, 37, 5)
51 0 0
51 -1 0
51 -1 -1
51 0 -1
51 1 -1
51 1 0
51 1 1
51 0 1
51 -1 1
# measure in=51, out=21, v=192 (185, 197, 247, 218, 182, 179, 171, 169, 188)
52 0 0
52 -1 0
52 -1 -1
52 0 -1
52 1 -1
52 1 0
52 1 1
52 0 1
52 -1 1
# measure in=52, out=64, v=348 (267, 372, 367, 439, 348, 354, 358, 315, 326)
53 0 0
53 -1 0
53 -1 -1
53 0 -1
53 1 -1
53 1 0
53 1 1
53 0 1
53 -1 1
# measure in=53, out=44, v=46 (72, 60, 51, 49, 79, 60, 70, 0, 95)
54 0 0
54 -1 0
54 -1 -1
54 0 -1
54 1 -1
54 1 0
54 1 1
54 0 1
54 -1 1
# measure in=54, out=31, v=466 (486, 427, 506, 465, 510, 495, 422, 442, 451)
55 0 0
55 -1 0
55 -1 -1
55 0 -1
55 1 -1
55 1 0
55 1 1
55 0 1
55 -1 1
# measure in=55, out=35, v=811 (744, 775, 852, 827, 810, 844, 829, 776, 850)
56 0 0
56 -1 0
56 -1 -1
56 0 -1
56 1 -1
56 1 0
56 1 1
56 0 1
56 -1 1
# measure in=56, out=57, v=420 (649, 120, 95, 661, 762, 721, 751, 669, 97)
57 0 0
57 -1 0
57 -1 -1
57 0 -1
57 1 -1
57 1 0
57 1 1
57 0 1
57 -1 1
# measure in=57, out=28, v=499 (463, 427, 508, 524, 559, 441, 525, 489, 570)
58 0 0
58 -1 0
58 -1 -1
58 0 -1
58 1 -1
58 1 0
58 1 1
58 0 1
58 -1 1
# measure in=58, out=71, v=195 (257, 238, 282, 263, 86, 18, 336, 279, 235)
59 0 0
59 -1 0
59 -1 -1
59 0 -1
59 1 -1
59 1 0
59 1 1
59 0 1
59 -1 1
# measure in=59, out=75, v=861 (868, 875, 880, 818, 817, 878, 852, 926, 840)
60 0 0
60 -1 0
60 -1 -1
60 0 -1
60 1 -1
60 1 0
60 1 1
60 0 1
60 -1 1
# measure in=60, out=85, v=436 (453, 373, 425, 460, 438, 436, 435, 457, 453)
61 0 0
61 -1 0
61 -1 -1
61 0 -1
61 1 -1
61 1 0
61 1 1
61 0 1
61 -1 1
# measure in=61, out=48, v=344 (388, 372, 357, 271, 205, 432, 421, 354, 338)
62 0 0
62 -1 0
62 -1 -1
62 0 -1
62 1 -1
62 1 0
62 1 1
62 0 1
62 -1 1
# measure in=62, out=75, v=861 (864, 829, 863, 882, 838, 826, 879, 880, 890)
63 0 0
63 -1 0
63 -1 -1
63 0 -1
63 1 -1
63 1 0
63 1 1
63 0 1
63 -1 1
# measure in=63, out=64, v=352 (394, 331, 394, 334, 327, 326, 377, 355, 335)
64 0 0
64 -1 0
64 -1 -1
64 0 -1
64 1 -1
64 1 0
64 1 1
64 0 1
64 -1 1
# measure in=64, out=63, v=570 (542, 596, 610, 556, 545, 553, 532, 630, 574)
65 0 0
65 -1 0
65 -1 -1
65 0 -1
65 1 -1
65 1 0
65 1 1
65 0 1
65 -1 1
# measure in=65, out=3, v=782 (775, 778, 840, 769, 764, 767, 770, 798, 780)
66 0 0
66 -1 0
66 -1 -1
66 0 -1
66 1 -1
66 1 0
66 1 1
66 0 1
66 -1 1
# measure in=66, out=46, v=598 (580, 601, 616, 607, 904, 890, 222, 556, 614)
67 0 0
67 -1 0
67 -1 -1
67 0 -1
67 1 -1
67 1 0
67 1 1
67 0 1
67 -1 1
# measure in=67, out=71, v=204 (171, 170, 189, 215, 183, 227, 267, 248, 183)
68 0 0
68 -1 0
68 -1 -1
68 0 -1
68 1 -1
68 1 0
68 1 1
68 0 1
68 -1 1
# measure in=68, out=18, v=88 (130, 130, 52, 89, 92, 140, 61, 35, 113)
69 0 0
69 -1 0
69 -1 -1
69 0 -1
69 1 -1
69 1 0
69 1 1
69 0 1
69 -1 1
# measure in=69, out=76, v=653 (682, 648, 651, 662, 662, 636, 655, 582, 701)
70 0 0
70 -1 0
70 -1 -1
70 0 -1
70 1 -1
70 1 0
70 1 1
70 0 1
70 -1 1
# measure in=70, out=60, v=755 (745, 736, 815, 831, 766, 788, 707, 720, 695)
71 0 0
71 -1 0
71 -1 -1
71 0 -1
71 1 -1
71 1 0
71 1 1
71 0 1
71 -1 1
# measure in=71, out=89, v=81 (151, 113, 24, 34, 93, 79, 130, 139, 46)
72 0 0
72 -1 0
72 -1 -1
72 0 -1
72 1 -1
72 1 0
72 1 1
72 0 1
72 -1 1
# measure in=72, out=40, v=240 (109, 159, 179, 236, 443, 417, 372, 185, 210)
73 0 0
73 -1 0
73 -1 -1
73 0 -1
73 1 -1
73 1 0
73 1 1
73 0 1
73 -1 1
# measure in=73, out=46, v=604 (569, 627, 598, 637, 525, 611, 589, 665, 622)
74 0 0
74 -1 0
74 -1 -1
74 0 -1
74 1 -1
74 1 0
74 1 1
74 0 1
74 -1 1
# measure in=74, out=89, v=76 (23, 145, 57, 120, 92, 73, 129, 27, 91)
75 0 0
75 -1 0
75 -1 -1
75 0 -1
75 1 -1
75 1 0
75 1 1
75 0 1
75 -1 1
# measure in=75, out=65, v=886 (837, 871, 927, 887, 886, 863, 927, 916, 865)
76 0 0
76 -1 0
76 -1 -1
76 0 -1
76 1 -1
76 1 0
76 1 1
76 0 1
76 -1 1
# measure in=76, out=54, v=595 (584, 608, 614, 620, 531, 540, 683, 607, 574)
77 0 0
77 -1 0
77 -1 -1
77 0 -1
77 1 -1
77 1 0
77 1 1
77 0 1
77 -1 1
# measure in=77, out=41, v=825 (875, 898, 760, 808, 812, 814, 826, 798, 836)
78 0 0
78 -1 0
78 -1 -1
78 0 -1
78 1 -1
78 1 0
78 1 1
78 0 1
78 -1 1
# measure in=78, out=40, v=248 (248, 212, 221, 227, 129, 425, 445, 204, 224)
79 0 0
79 -1 0
79 -1 -1
79 0 -1
79 1 -1
79 1 0
79 1 1
79 0 1
79 -1 1
# measure in=79, out=43, v=27 (7, 0, 48, 11, 0, 899, 901, 0, 0)
80 0 0
80 -1 0
80 -1 -1
80 0 -1
80 1 -1
80 1 0
80 1 1
80 0 1
80 -1 1
# measure in=80, out=32, v=135 (147, 109, 109, 137, 194, 126, 138, 129, 139)
81 0 0
81 -1 0
81 -1 -1
81 0 -1
81 1 -1
81 1 0
81 1 1
81 0 1
81 -1 1
# measure in=81, out=59, v=515 (477, 497, 522, 547, 489, 585, 498, 556, 468)
82 0 0
82 -1 0
82 -1 -1
82 0 -1
82 1 -1
82 1 0
82 1 1
82 0 1
82 -1 1
# measure in=82, out=82, v=629 (629, 660, 651, 599, 695, 678, 554, 516, 693)
83 0 0
83 -1 0
83 -1 -1
83 0 -1
83 1 -1
83 1 0
83 1 1
83 0 1
83 -1 1
# measure in=83, out=73, v=560 (625, 566, 580, 549, 552, 546, 531, 560, 539)
84 0 0
84 -1 0
84 -1 -1
84 0 -1
84 1 -1
84 1 0
84 1 1
84 0 1
84 -1 1
# measure in=84, out=55, v=271 (229, 285, 305, 279, 243, 323, 267, 219, 300)
85 0 0
85 -1 0
85 -1 -1
85 0 -1
85 1 -1
85 1 0
85 1 1
85 0 1
85 -1 1
# measure in=85, out=88, v=389 (377, 413, 401, 413, 371, 358, 405, 370, 394)
86 0 0
86 -1 0
86 -1 -1
86 0 -1
86 1 -1
86 1 0
86 1 1
86 0 1
86 -1 1
# measure in=86, out=23, v=830 (804, 791, 824, 879, 804, 840, 855, 814, 865)
87 0 0
87 -1 0
87 -1 -1
87 0 -1
87 1 -1
87 1 0
87 1 1
87 0 1
87 -1 1
# measure in=87, out=77, v=210 (221, 247, 183, 199, 196, 215, 215, 193, 227)
88 0 0
88 -1 0
88 -1 -1
88 0 -1
88 1 -1
88 1 0
88 1 1
88 0 1
88 -1 1
# measure in=88, out=39, v=921 (985, 919, 912, 861, 896, 927, 997, 911, 888)
89 0 0
89 -1 0
89 -1 -1
89 0 -1
89 1 -1
89 1 0
89 1 1
89 0 1
89 -1 1
# measure in=89, out=88, v=391 (764, 290, 319, 302, 289, 412, 277, 734, 333)
90 0 0
90 -1 0
90 -1 -1
90 0 -1
90 1 -1
90 1 0
90 1 1
90 0 1
90 -1 1
# measure in=90, out=1, v=359 (376, 372, 353, 371, 329, 313, 382, 366, 377)
91 0 0
91 -1 0
91 -1 -1
91 0 -1
91 1 -1
91 1 0
91 1 1
91 0 1
91 -1 1
# measure in=91, out=58, v=775 (864, 902, 848, 872, 854, 756, 562, 546, 840)
92 0 0
92 -1 0
92 -1 -1
92 0 -1
92 1 -1
92 1 0
92 1 1
92 0 1
92 -1 1
# measure in=92, out=91, v=329 (310, 317, 310, 394, 289, 304, 365, 313, 371)
93 0 0
93 -1 0
93 -1 -1
93 0 -1
93 1 -1
93 1 0
93 1 1
93 0 1
93 -1 1
# measure in=93, out=47, v=669 (568, 665, 632, 614, 616, 648, 833, 832, 646)
94 0 0
94 -1 0
94 -1 -1
94 0 -1
94 1 -1
94 1 0
94 1 1
94 0 1
94 -1 1
# measure in=94, out=80, v=552 (596, 530, 537, 640, 524, 528, 590, 511, 521)
-1 -1 -1
79
0
73
72
31
15
69
24
68
91
69
15
60
25
57
51
77
45
50
45
45
11
37
84
32
15
18
39
5
43
54
26
8
13
42
53
25
0
6
77
78
90
74
55
5
20
55
27
55
4
13
21
64
44
31
35
57
28
71
75
85
48
75
64
63
3
46
71
18
76
60
89
40
46
89
65
54
41
40
43
32
59
82
73
55
88
23
77
39
88
1
58
91
47
80
