0 150 150 150 0 0 0 0 0 0 700 700 700 0 0 0 0 0 0 0 0 0 290 290 290 0 0 0 0 0 230 230 230 0 0
0 150 640 640 640 0 0 0 0 0 0 420 420 420 0 0 0 0 0 0 0 0 290 480 480 480 0 0 660 660 660 230 230 0 0
0 0 640 640 640 0 0 0 0 0 300 300 300 420 0 0 0 0 0 0 0 540 540 540 480 480 0 0 660 40 40 40 0 0 0
0 0 640 640 640 0 610 610 610 0 300 300 300 420 0 0 0 0 0 0 0 540 540 540 480 690 690 690 660 40 40 40 0 0 0
0 0 0 0 0 0 610 610 610 0 300 300 300 0 490 430 430 430 0 0 0 90 90 90 0 690 690 690 0 40 40 40 0 0 0
190 100 0 0 0 0 610 610 320 320 320 0 0 0 490 430 430 430 0 0 0 90 90 90 0 690 690 690 0 0 0 0 0 190 190
190 100 0 0 0 0 0 0 320 320 320 0 0 0 490 460 460 460 380 380 380 90 90 90 0 0 0 370 370 370 0 0 0 190 190
190 100 0 0 0 0 0 0 320 320 320 0 0 0 0 460 460 460 380 380 380 0 0 0 0 0 0 500 500 500 0 0 0 190 190
0 70 70 70 0 0 0 0 0 0 0 0 0 0 0 310 310 310 380 380 380 0 0 0 0 0 0 500 500 500 0 0 0 0 0
0 70 70 70 0 0 0 0 0 0 0 0 0 0 0 470 470 470 0 0 0 0 0 0 0 0 0 500 500 500 0 0 0 0 0
0 70 70 70 0 0 0 0 0 0 0 0 0 0 0 470 470 470 0 0 0 0 0 0 0 0 0 0 0 0 0 0 0 0 0
110 110 110 0 0 0 0 0 0 0 130 130 710 710 710 470 470 470 0 0 0 0 0 0 0 0 0 0 0 0 0 0 0 0 0
110 110 110 0 0 0 0 0 0 0 130 130 710 710 710 0 0 0 0 0 530 530 530 0 0 0 0 0 0 0 0 0 0 0 0
110 110 110 0 0 0 0 0 0 0 130 130 710 710 710 0 0 0 0 0 530 530 530 0 0 0 0 0 0 0 400 400 400 0 0
0 0 0 0 0 0 0 0 0 0 0 0 0 0 0 250 280 280 280 0 530 530 530 0 30 30 30 0 0 0 400 400 400 0 0
0 0 0 0 0 0 0 0 0 0 0 0 0 0 0 250 280 50 50 50 0 0 0 0 30 30 30 0 520 520 520 400 400 0 0
600 600 0 0 0 120 120 120 0 0 0 0 0 340 340 340 670 670 670 50 0 0 0 0 180 180 180 0 520 520 520 0 0 0 600
600 600 0 0 0 120 120 120 0 0 0 0 0 340 340 340 670 670 590 590 590 0 0 0 180 180 180 0 520 520 520 0 270 270 270
600 600 0 0 0 120 120 120 0 0 0 0 0 340 340 340 670 670 590 590 590 0 0 0 180 180 180 240 240 240 0 0 410 410 410
0 0 0 0 0 510 510 510 0 0 0 0 0 0 0 0 0 0 590 590 590 0 0 0 0 0 0 240 240 240 0 0 410 410 410
0 0 0 0 0 510 510 510 570 570 570 0 0 0 350 350 350 20 20 20 0 0 0 0 0 0 450 450 450 240 0 0 410 410 410
0 0 0 0 0 510 510 510 570 200 200 200 0 0 350 350 350 20 20 20 0 0 0 0 0 0 450 450 450 0 0 10 10 10 0
0 0 0 0 0 0 0 0 570 200 200 200 0 0 350 350 350 20 20 20 0 0 0 0 0 0 450 450 450 0 0 10 10 10 0
0 560 560 560 0 0 0 0 0 680 680 680 0 0 0 0 0 0 0 0 0 0 650 650 650 0 210 210 210 0 0 10 10 10 0
0 560 560 580 580 580 0 0 0 680 680 680 0 0 0 0 0 160 160 160 0 0 650 650 650 0 210 210 210 0 0 0 0 0 0
0 560 560 580 580 580 0 0 0 680 680 680 0 550 550 550 0 160 160 160 0 0 650 650 650 0 210 210 210 0 0 0 0 0 0
620 620 620 580 580 580 0 0 0 0 0 0 0 550 550 550 0 160 160 160 0 0 0 0 0 0 0 0 0 0 0 0 0 0 0
620 620 620 0 0 0 0 0 0 0 0 0 0 550 550 550 0 0 0 630 60 60 60 0 0 0 0 0 0 0 0 440 440 440 0
260 260 620 0 0 390 390 390 0 0 0 0 0 0 0 0 0 80 80 80 60 60 60 0 0 0 0 0 0 0 0 440 440 440 260
260 260 0 0 0 390 390 390 0 0 0 0 0 0 0 0 0 80 80 80 60 60 60 0 0 0 0 0 0 0 0 440 440 440 260
260 260 0 0 0 390 390 390 0 0 0 140 140 140 0 0 0 80 80 80 0 330 330 330 0 0 0 0 0 0 0 0 0 0 260
0 0 0 0 0 0 0 0 0 0 0 140 140 140 0 220 220 220 0 0 0 330 330 330 0 0 0 0 0 0 0 0 0 0 0
0 170 170 170 0 0 0 0 0 0 0 140 140 140 0 220 220 220 0 0 0 330 330 330 0 0 0 0 0 0 0 0 0 0 0
0 170 170 170 0 0 0 0 0 0 700 700 700 0 0 220 220 220 0 0 0 0 0 0 0 0 0 0 0 0 0 0 0 0 0
0 170 170 170 0 0 0 0 0 0 700 700 700 0 0 0 0 0 0 0 0 0 360 360 360 0 0 0 0 0 230 230 230 0 0
0 0 0
0 -1 0
0 -1 -1
0 0 -1
0 1 -1
0 1 0
0 1 1
0 0 1
0 -1 1
# measure in=0, out=15, v=95 (0, 0, 196, 189, 0, 155, 578, 386, 631)
1 0 0
1 -1 0
1 -1 -1
1 0 -1
1 1 -1
1 1 0
1 1 1
1 0 1
1 -1 1
# measure in=1, out=63, v=440 (787, 410, 719, 423, 566, 620, 1000, 618, 0)
2 0 0
2 -1 0
2 -1 -1
2 0 -1
2 1 -1
2 1 0
2 1 1
2 0 1
2 -1 1
# measure in=2, out=42, v=408 (728, 303, 742, 903, 303, 532, 0, 747, 600)
3 0 0
3 -1 0
3 -1 -1
3 0 -1
3 1 -1
3 1 0
3 1 1
3 0 1
3 -1 1
# measure in=3, out=70, v=169 (0, 1000, 854, 74, 0, 1000, 241, 424, 13)
4 0 0
4 -1 0
4 -1 -1
4 0 -1
4 1 -1
4 1 0
4 1 1
4 0 1
4 -1 1
# measure in=4, out=58, v=165 (598, 22, 139, 201, 340, 914, 0, 42, 331)
5 0 0
5 -1 0
5 -1 -1
5 0 -1
5 1 -1
5 1 0
5 1 1
5 0 1
5 -1 1
# measure in=5, out=27, v=129 (321, 0, 444, 524, 567, 171, 3, 460, 0)
6 0 0
6 -1 0
6 -1 -1
6 0 -1
6 1 -1
6 1 0
6 1 1
6 0 1
6 -1 1
# measure in=6, out=24, v=471 (778, 630, 356, 176, 736, 527, 710, 330, 290)
7 0 0
7 -1 0
7 -1 -1
7 0 -1
7 1 -1
7 1 0
7 1 1
7 0 1
7 -1 1
# measure in=7, out=64, v=257 (0, 511, 763, 162, 618, 573, 488, 0, 972)
8 0 0
8 -1 0
8 -1 -1
8 0 -1
8 1 -1
8 1 0
8 1 1
8 0 1
8 -1 1
# measure in=8, out=67, v=139 (267, 373, 206, 552, 0, 256, 186, 0, 323)
9 0 0
9 -1 0
9 -1 -1
9 0 -1
9 1 -1
9 1 0
9 1 1
9 0 1
9 -1 1
# measure in=9, out=56, v=213 (441, 876, 241, 540, 502, 319, 410, 0, 0)
10 0 0
10 -1 0
10 -1 -1
10 0 -1
10 1 -1
10 1 0
10 1 1
10 0 1
10 -1 1
# measure in=10, out=56, v=207 (0, 149, 650, 657, 0, 491, 848, 252, 327)
11 0 0
11 -1 0
11 -1 -1
11 0 -1
11 1 -1
11 1 0
11 1 1
11 0 1
11 -1 1
# measure in=11, out=27, v=128 (0, 1000, 666, 496, 129, 0, 411, 242, 0)
12 0 0
12 -1 0
12 -1 -1
12 0 -1
12 1 -1
12 1 0
12 1 1
12 0 1
12 -1 1
# measure in=12, out=23, v=70 (648, 0, 505, 0, 58, 63, 0, 246, 248)
13 0 0
13 -1 0
13 -1 -1
13 0 -1
13 1 -1
13 1 0
13 1 1
13 0 1
13 -1 1
# measure in=13, out=43, v=247 (0, 784, 333, 787, 639, 405, 408, 0, 447)
14 0 0
14 -1 0
14 -1 -1
14 0 -1
14 1 -1
14 1 0
14 1 1
14 0 1
14 -1 1
# measure in=14, out=64, v=264 (131, 201, 589, 531, 154, 534, 0, 531, 675)
15 0 0
15 -1 0
15 -1 -1
15 0 -1
15 1 -1
15 1 0
15 1 1
15 0 1
15 -1 1
# measure in=15, out=48, v=348 (0, 171, 1000, 403, 608, 582, 496, 583, 381)
16 0 0
16 -1 0
16 -1 -1
16 0 -1
16 1 -1
16 1 0
16 1 1
16 0 1
16 -1 1
# measure in=16, out=52, v=10 (9, 0, 0, 0, 0, 643, 29, 0, 203)
17 0 0
17 -1 0
17 -1 -1
17 0 -1
17 1 -1
17 1 0
17 1 1
17 0 1
17 -1 1
# measure in=17, out=23, v=75 (0, 452, 380, 0, 0, 883, 438, 200, 0)
18 0 0
18 -1 0
18 -1 -1
18 0 -1
18 1 -1
18 1 0
18 1 1
18 0 1
18 -1 1
# measure in=18, out=48, v=346 (219, 481, 644, 711, 513, 971, 0, 220, 479)
19 0 0
19 -1 0
19 -1 -1
19 0 -1
19 1 -1
19 1 0
19 1 1
19 0 1
19 -1 1
# measure in=19, out=48, v=353 (30, 546, 5, 318, 539, 392, 633, 1000, 931)
20 0 0
20 -1 0
20 -1 -1
20 0 -1
20 1 -1
20 1 0
20 1 1
20 0 1
20 -1 1
# measure in=20, out=0, v=154 (246, 567, 174, 615, 0, 446, 483, 70, 0)
21 0 0
21 -1 0
21 -1 -1
21 0 -1
21 1 -1
21 1 0
21 1 1
21 0 1
21 -1 1
# measure in=21, out=57, v=585 (842, 852, 861, 0, 661, 920, 789, 1000, 763)
22 0 0
22 -1 0
22 -1 -1
22 0 -1
22 1 -1
22 1 0
22 1 1
22 0 1
22 -1 1
# measure in=22, out=48, v=347 (529, 670, 935, 0, 144, 430, 585, 162, 1000)
23 0 0
23 -1 0
23 -1 -1
23 0 -1
23 1 -1
23 1 0
23 1 1
23 0 1
23 -1 1
# measure in=23, out=69, v=220 (269, 414, 122, 314, 298, 0, 508, 156, 649)
24 0 0
24 -1 0
24 -1 -1
24 0 -1
24 1 -1
24 1 0
24 1 1
24 0 1
24 -1 1
# measure in=24, out=26, v=108 (59, 552, 0, 281, 754, 198, 0, 17, 304)
25 0 0
25 -1 0
25 -1 -1
25 0 -1
25 1 -1
25 1 0
25 1 1
25 0 1
25 -1 1
# measure in=25, out=7, v=40 (571, 439, 473, 0, 0, 0, 0, 373, 0)
26 0 0
26 -1 0
26 -1 -1
26 0 -1
26 1 -1
26 1 0
26 1 1
26 0 1
26 -1 1
# measure in=26, out=15, v=95 (1000, 0, 1000, 0, 0, 0, 82, 1000, 301)
27 0 0
27 -1 0
27 -1 -1
27 0 -1
27 1 -1
27 1 0
27 1 1
27 0 1
27 -1 1
# measure in=27, out=66, v=84 (285, 0, 539, 669, 0, 0, 0, 614, 417)
28 0 0
28 -1 0
28 -1 -1
28 0 -1
28 1 -1
28 1 0
28 1 1
28 0 1
28 -1 1
# measure in=28, out=20, v=369 (137, 100, 458, 127, 671, 685, 983, 556, 249)
29 0 0
29 -1 0
29 -1 -1
29 0 -1
29 1 -1
29 1 0
29 1 1
29 0 1
29 -1 1
# measure in=29, out=56, v=207 (38, 222, 0, 414, 712, 654, 82, 381, 364)
30 0 0
30 -1 0
30 -1 -1
30 0 -1
30 1 -1
30 1 0
30 1 1
30 0 1
30 -1 1
# measure in=30, out=57, v=576 (372, 709, 303, 600, 894, 337, 533, 809, 886)
31 0 0
31 -1 0
31 -1 -1
31 0 -1
31 1 -1
31 1 0
31 1 1
31 0 1
31 -1 1
# measure in=31, out=48, v=349 (568, 645, 481, 630, 279, 217, 553, 11, 351)
32 0 0
32 -1 0
32 -1 -1
32 0 -1
32 1 -1
32 1 0
32 1 1
32 0 1
32 -1 1
# measure in=32, out=43, v=241 (533, 59, 547, 698, 257, 48, 276, 244, 75)
33 0 0
33 -1 0
33 -1 -1
33 0 -1
33 1 -1
33 1 0
33 1 1
33 0 1
33 -1 1
# measure in=33, out=66, v=83 (0, 653, 0, 0, 696, 456, 213, 521, 0)
34 0 0
34 -1 0
34 -1 -1
34 0 -1
34 1 -1
34 1 0
34 1 1
34 0 1
34 -1 1
# measure in=34, out=68, v=328 (729, 351, 1000, 777, 395, 245, 61, 48, 179)
35 0 0
35 -1 0
35 -1 -1
35 0 -1
35 1 -1
35 1 0
35 1 1
35 0 1
35 -1 1
# measure in=35, out=7, v=37 (0, 0, 0, 383, 633, 141, 67, 0, 108)
36 0 0
36 -1 0
36 -1 -1
36 0 -1
36 1 -1
36 1 0
36 1 1
36 0 1
36 -1 1
# measure in=36, out=40, v=184 (0, 380, 321, 470, 0, 337, 814, 413, 175)
37 0 0
37 -1 0
37 -1 -1
37 0 -1
37 1 -1
37 1 0
37 1 1
37 0 1
37 -1 1
# measure in=37, out=67, v=135 (529, 389, 701, 0, 75, 461, 0, 1000, 0)
38 0 0
38 -1 0
38 -1 -1
38 0 -1
38 1 -1
38 1 0
38 1 1
38 0 1
38 -1 1
# measure in=38, out=0, v=155 (392, 157, 717, 711, 280, 119, 245, 0, 0)
39 0 0
39 -1 0
39 -1 -1
39 0 -1
39 1 -1
39 1 0
39 1 1
39 0 1
39 -1 1
# measure in=39, out=43, v=241 (965, 327, 979, 409, 337, 0, 0, 1000, 120)
40 0 0
40 -1 0
40 -1 -1
40 0 -1
40 1 -1
40 1 0
40 1 1
40 0 1
40 -1 1
# measure in=40, out=21, v=493 (425, 1000, 694, 1000, 586, 1000, 743, 392, 0)
41 0 0
41 -1 0
41 -1 -1
41 0 -1
41 1 -1
41 1 0
41 1 1
41 0 1
41 -1 1
# measure in=41, out=52, v=15 (7, 134, 0, 0, 0, 0, 224, 738, 0)
42 0 0
42 -1 0
42 -1 -1
42 0 -1
42 1 -1
42 1 0
42 1 1
42 0 1
42 -1 1
# measure in=42, out=48, v=348 (380, 239, 540, 327, 0, 738, 464, 852, 626)
43 0 0
43 -1 0
43 -1 -1
43 0 -1
43 1 -1
43 1 0
43 1 1
43 0 1
43 -1 1
# measure in=43, out=40, v=185 (482, 0, 375, 527, 307, 91, 901, 379, 0)
44 0 0
44 -1 0
44 -1 -1
44 0 -1
44 1 -1
44 1 0
44 1 1
44 0 1
44 -1 1
# measure in=44, out=26, v=100 (0, 689, 160, 261, 73, 62, 121, 10, 205)
45 0 0
45 -1 0
45 -1 -1
45 0 -1
45 1 -1
45 1 0
45 1 1
45 0 1
45 -1 1
# measure in=45, out=71, v=703 (749, 772, 754, 350, 556, 1000, 688, 626, 1000)
46 0 0
46 -1 0
46 -1 -1
46 0 -1
46 1 -1
46 1 0
46 1 1
46 0 1
46 -1 1
# measure in=46, out=26, v=102 (0, 332, 159, 450, 0, 194, 73, 177, 275)
47 0 0
47 -1 0
47 -1 -1
47 0 -1
47 1 -1
47 1 0
47 1 1
47 0 1
47 -1 1
# measure in=47, out=42, v=411 (539, 416, 442, 431, 350, 338, 176, 1000, 281)
48 0 0
48 -1 0
48 -1 -1
48 0 -1
48 1 -1
48 1 0
48 1 1
48 0 1
48 -1 1
# measure in=48, out=7, v=38 (360, 0, 889, 0, 0, 251, 0, 0, 363)
49 0 0
49 -1 0
49 -1 -1
49 0 -1
49 1 -1
49 1 0
49 1 1
49 0 1
49 -1 1
# measure in=49, out=48, v=354 (726, 752, 1000, 681, 637, 0, 176, 459, 117)
50 0 0
50 -1 0
50 -1 -1
50 0 -1
50 1 -1
50 1 0
50 1 1
50 0 1
50 -1 1
# measure in=50, out=1, v=294 (91, 277, 1000, 668, 301, 250, 914, 14, 121)
51 0 0
51 -1 0
51 -1 -1
51 0 -1
51 1 -1
51 1 0
51 1 1
51 0 1
51 -1 1
# measure in=51, out=2, v=231 (301, 252, 0, 0, 592, 1000, 668, 344, 523)
52 0 0
52 -1 0
52 -1 -1
52 0 -1
52 1 -1
52 1 0
52 1 1
52 0 1
52 -1 1
# measure in=52, out=13, v=432 (927, 836, 159, 1000, 153, 208, 831, 106, 518)
53 0 0
53 -1 0
53 -1 -1
53 0 -1
53 1 -1
53 1 0
53 1 1
53 0 1
53 -1 1
# measure in=53, out=26, v=112 (811, 0, 175, 0, 162, 685, 748, 0, 132)
54 0 0
54 -1 0
54 -1 -1
54 0 -1
54 1 -1
54 1 0
54 1 1
54 0 1
54 -1 1
# measure in=54, out=52, v=5 (43, 365, 0, 0, 143, 0, 0, 0, 0)
55 0 0
55 -1 0
55 -1 -1
55 0 -1
55 1 -1
55 1 0
55 1 1
55 0 1
55 -1 1
# measure in=55, out=9, v=543 (725, 480, 702, 189, 656, 929, 927, 442, 235)
56 0 0
56 -1 0
56 -1 -1
56 0 -1
56 1 -1
56 1 0
56 1 1
56 0 1
56 -1 1
# measure in=56, out=66, v=85 (462, 0, 284, 204, 391, 0, 92, 0, 430)
57 0 0
57 -1 0
57 -1 -1
57 0 -1
57 1 -1
57 1 0
57 1 1
57 0 1
57 -1 1
# measure in=57, out=52, v=10 (0, 84, 0, 0, 0, 80, 22, 0, 521)
58 0 0
58 -1 0
58 -1 -1
58 0 -1
58 1 -1
58 1 0
58 1 1
58 0 1
58 -1 1
# measure in=58, out=3, v=484 (618, 309, 310, 913, 718, 674, 644, 196, 308)
59 0 0
59 -1 0
59 -1 -1
59 0 -1
59 1 -1
59 1 0
59 1 1
59 0 1
59 -1 1
# measure in=59, out=66, v=80 (0, 456, 831, 0, 516, 0, 0, 649, 128)
60 0 0
60 -1 0
60 -1 -1
60 0 -1
60 1 -1
60 1 0
60 1 1
60 0 1
60 -1 1
# measure in=60, out=67, v=144 (23, 178, 299, 30, 979, 773, 294, 0, 32)
61 0 0
61 -1 0
61 -1 -1
61 0 -1
61 1 -1
61 1 0
61 1 1
61 0 1
61 -1 1
# measure in=61, out=26, v=106 (102, 407, 369, 137, 819, 164, 37, 0, 0)
62 0 0
62 -1 0
62 -1 -1
62 0 -1
62 1 -1
62 1 0
62 1 1
62 0 1
62 -1 1
# measure in=62, out=58, v=163 (34, 274, 234, 465, 646, 165, 0, 830, 8)
63 0 0
63 -1 0
63 -1 -1
63 0 -1
63 1 -1
63 1 0
63 1 1
63 0 1
63 -1 1
# measure in=63, out=65, v=390 (527, 464, 1000, 1000, 164, 0, 555, 530, 541)
64 0 0
64 -1 0
64 -1 -1
64 0 -1
64 1 -1
64 1 0
64 1 1
64 0 1
64 -1 1
# measure in=64, out=66, v=82 (598, 306, 0, 303, 214, 538, 31, 0, 0)
65 0 0
65 -1 0
65 -1 -1
65 0 -1
65 1 -1
65 1 0
65 1 1
65 0 1
65 -1 1
# measure in=65, out=15, v=89 (890, 0, 111, 177, 287, 256, 74, 26, 0)
66 0 0
66 -1 0
66 -1 -1
66 0 -1
66 1 -1
66 1 0
66 1 1
66 0 1
66 -1 1
# measure in=66, out=27, v=129 (0, 0, 216, 437, 368, 771, 0, 616, 352)
67 0 0
67 -1 0
67 -1 -1
67 0 -1
67 1 -1
67 1 0
67 1 1
67 0 1
67 -1 1
# measure in=67, out=67, v=141 (256, 120, 0, 364, 290, 222, 903, 227, 0)
68 0 0
68 -1 0
68 -1 -1
68 0 -1
68 1 -1
68 1 0
68 1 1
68 0 1
68 -1 1
# measure in=68, out=31, v=273 (942, 797, 0, 803, 0, 109, 525, 379, 980)
69 0 0
69 -1 0
69 -1 -1
69 0 -1
69 1 -1
69 1 0
69 1 1
69 0 1
69 -1 1
# measure in=69, out=16, v=195 (68, 415, 535, 628, 338, 37, 0, 278, 364)
70 0 0
70 -1 0
70 -1 -1
70 0 -1
70 1 -1
70 1 0
70 1 1
70 0 1
70 -1 1
# measure in=70, out=40, v=182 (0, 850, 236, 897, 0, 164, 833, 45, 388)
71 0 0
71 -1 0
71 -1 -1
71 0 -1
71 1 -1
71 1 0
71 1 1
71 0 1
71 -1 1
# measure in=71, out=66, v=82 (1000, 225, 346, 0, 0, 0, 1000, 218, 0)
-1 -1 -1
15
63
42
70
58
27
24
64
67
56
56
27
23
43
64
48
52
23
48
48
0
57
48
69
26
7
15
66
20
56
57
48
43
66
68
7
40
67
0
43
21
52
48
40
26
71
26
42
7
48
1
2
13
26
52
9
66
52
3
66
67
26
58
65
66
15
27
67
31
16
40
66
