# L=19, N=90, S=196, D=2
53 104 151 195 234 267 294 314 326 330 326 314 294 267 234 195 151 104 53
104 158 209 256 298 334 364 386 400 405 400 386 364 334 298 256 209 158 104
151 209 263 314 360 400 433 458 474 479 474 458 433 400 360 314 263 209 151
195 256 314 368 419 463 501 529 547 553 547 529 501 463 419 368 314 256 195
234 298 360 419 474 523 566 599 620 628 620 599 566 523 474 419 360 298 234
267 334 400 463 523 579 628 667 693 702 693 667 628 579 523 463 400 334 267
294 364 433 501 566 628 684 732 765 777 765 732 684 628 566 501 433 364 294
314 386 458 529 599 667 732 789 834 851 834 789 732 667 599 529 458 386 314
326 400 474 547 620 693 765 834 895 926 895 834 765 693 620 547 474 400 326
330 405 479 553 628 702 777 851 926 1000 926 851 777 702 628 553 479 405 330
326 400 474 547 620 693 765 834 895 926 895 834 765 693 620 547 474 400 326
314 386 458 529 599 667 732 789 834 851 834 789 732 667 599 529 458 386 314
294 364 433 501 566 628 684 732 765 777 765 732 684 628 566 501 433 364 294
267 334 400 463 523 579 628 667 693 702 693 667 628 579 523 463 400 334 267
234 298 360 419 474 523 566 599 620 628 620 599 566 523 474 419 360 298 234
195 256 314 368 419 463 501 529 547 553 547 529 501 463 419 368 314 256 195
151 209 263 314 360 400 433 458 474 479 474 458 433 400 360 314 263 209 151
104 158 209 256 298 334 364 386 400 405 400 386 364 334 298 256 209 158 104
53 104 151 195 234 267 294 314 326 330 326 314 294 267 234 195 151 104 53
0 -2 0
0 -2 0
0 -2 0
0 -2 0
0 -2 0
0 -2 0
0 -2 0
0 -2 0
0 -2 0
0 -2 0
0 -2 0
0 -2 0
0 -2 0
0 -2 0
0 -2 0
0 -2 0
0 -2 0
0 -2 0
0 -2 0
0 -2 0
0 -2 0
0 -2 0
0 -2 0
0 -2 0
0 -2 0
0 -2 0
0 -2 0
0 0 -2
0 0 -2
0 0 -2
0 0 -2
0 0 -2
0 0 -2
0 0 -2
0 0 -2
0 0 -2
0 0 -2
0 0 -2
0 0 -2
0 0 -2
0 0 -2
0 0 -2
0 0 -2
0 0 -2
0 0 -2
0 0 -2
0 0 -2
0 0 -2
0 0 -2
0 0 -2
0 0 -2
0 0 -2
0 0 -2
0 0 -2
0 2 0
0 2 0
0 2 0
0 2 0
0 2 0
0 2 0
0 2 0
0 2 0
0 2 0
0 2 0
0 2 0
0 2 0
0 2 0
0 2 0
0 2 0
0 2 0
0 2 0
0 2 0
0 2 0
0 2 0
0 2 0
0 2 0
0 2 0
0 2 0
0 2 0
0 2 0
0 2 0
0 0 2
0 0 2
0 0 2
0 0 2
0 0 2
0 0 2
0 0 2
0 0 2
0 0 2
0 0 2
0 0 2
0 0 2
0 0 2
0 0 2
0 0 2
0 0 2
0 0 2
0 0 2
0 0 2
0 0 2
0 0 2
0 0 2
0 0 2
0 0 2
0 0 2
0 0 2
0 0 2
1 -2 0
1 -2 0
1 -2 0
1 -2 0
1 -2 0
1 -2 0
1 -2 0
1 -2 0
1 -2 0
1 -2 0
1 -2 0
1 -2 0
1 -2 0
1 -2 0
1 -2 0
1 -2 0
1 -2 0
1 -2 0
1 -2 0
1 -2 0
1 -2 0
1 -2 0
1 -2 0
1 -2 0
1 -2 0
1 -2 0
1 -2 0
1 0 -2
1 0 -2
1 0 -2
1 0 -2
1 0 -2
1 0 -2
1 0 -2
1 0 -2
1 0 -2
1 0 -2
1 0 -2
1 0 -2
1 0 -2
1 0 -2
1 0 -2
1 0 -2
1 0 -2
1 0 -2
1 0 -2
1 0 -2
1 0 -2
1 0 -2
1 0 -2
1 0 -2
1 0 -2
1 0 -2
1 0 -2
1 2 0
1 2 0
1 2 0
1 2 0
1 2 0
1 2 0
1 2 0
1 2 0
1 2 0
1 2 0
1 2 0
1 2 0
1 2 0
1 2 0
1 2 0
1 2 0
1 2 0
1 2 0
1 2 0
1 2 0
1 2 0
1 2 0
1 2 0
1 2 0
1 2 0
1 2 0
1 2 0
1 0 2
1 0 2
1 0 2
1 0 2
1 0 2
1 0 2
1 0 2
1 0 2
1 0 2
1 0 2
1 0 2
1 0 2
1 0 2
1 0 2
1 0 2
1 0 2
1 0 2
1 0 2
1 0 2
1 0 2
1 0 2
1 0 2
1 0 2
1 0 2
1 0 2
1 0 2
1 0 2
2 -2 0
2 -2 0
2 -2 0
2 -2 0
2 -2 0
2 -2 0
2 -2 0
2 -2 0
2 -2 0
2 -2 0
2 -2 0
2 -2 0
2 -2 0
2 -2 0
2 -2 0
2 -2 0
2 -2 0
2 -2 0
2 -2 0
2 -2 0
2 -2 0
2 -2 0
2 -2 0
2 -2 0
2 -2 0
2 -2 0
2 -2 0
2 0 -2
2 0 -2
2 0 -2
2 0 -2
2 0 -2
2 0 -2
2 0 -2
2 0 -2
2 0 -2
2 0 -2
2 0 -2
2 0 -2
2 0 -2
2 0 -2
2 0 -2
2 0 -2
2 0 -2
2 0 -2
2 0 -2
2 0 -2
2 0 -2
2 0 -2
2 0 -2
2 0 -2
2 0 -2
2 0 -2
2 0 -2
2 2 0
2 2 0
2 2 0
2 2 0
2 2 0
2 2 0
2 2 0
2 2 0
2 2 0
2 2 0
2 2 0
2 2 0
2 2 0
2 2 0
2 2 0
2 2 0
2 2 0
2 2 0
2 2 0
2 2 0
2 2 0
2 2 0
2 2 0
2 2 0
2 2 0
2 2 0
2 2 0
2 0 2
2 0 2
2 0 2
2 0 2
2 0 2
2 0 2
2 0 2
2 0 2
2 0 2
2 0 2
2 0 2
2 0 2
2 0 2
2 0 2
2 0 2
2 0 2
2 0 2
2 0 2
2 0 2
2 0 2
2 0 2
2 0 2
2 0 2
2 0 2
2 0 2
2 0 2
2 0 2
3 -2 0
3 -2 0
3 -2 0
3 -2 0
3 -2 0
3 -2 0
3 -2 0
3 -2 0
3 -2 0
3 -2 0
3 -2 0
3 -2 0
3 -2 0
3 -2 0
3 -2 0
3 -2 0
3 -2 0
3 -2 0
3 -2 0
3 -2 0
3 -2 0
3 -2 0
3 -2 0
3 -2 0
3 -2 0
3 -2 0
3 -2 0
3 0 -2
3 0 -2
3 0 -2
3 0 -2
3 0 -2
3 0 -2
3 0 -2
3 0 -2
3 0 -2
3 0 -2
3 0 -2
3 0 -2
3 0 -2
3 0 -2
3 0 -2
3 0 -2
3 0 -2
3 0 -2
3 0 -2
3 0 -2
3 0 -2
3 0 -2
3 0 -2
3 0 -2
3 0 -2
3 0 -2
3 0 -2
3 2 0
3 2 0
3 2 0
3 2 0
3 2 0
3 2 0
3 2 0
3 2 0
3 2 0
3 2 0
3 2 0
3 2 0
3 2 0
3 2 0
3 2 0
3 2 0
3 2 0
3 2 0
3 2 0
3 2 0
3 2 0
3 2 0
3 2 0
3 2 0
3 2 0
3 2 0
3 2 0
3 0 2
3 0 2
3 0 2
3 0 2
3 0 2
3 0 2
3 0 2
3 0 2
3 0 2
3 0 2
3 0 2
3 0 2
3 0 2
3 0 2
3 0 2
3 0 2
3 0 2
3 0 2
3 0 2
3 0 2
3 0 2
3 0 2
3 0 2
3 0 2
3 0 2
3 0 2
3 0 2
4 -2 0
4 -2 0
4 -2 0
4 -2 0
4 -2 0
4 -2 0
4 -2 0
4 -2 0
4 -2 0
4 -2 0
4 -2 0
4 -2 0
4 -2 0
4 -2 0
4 -2 0
4 -2 0
4 -2 0
4 -2 0
4 -2 0
4 -2 0
4 -2 0
4 -2 0
4 -2 0
4 -2 0
4 -2 0
4 -2 0
4 -2 0
4 0 -2
4 0 -2
4 0 -2
4 0 -2
4 0 -2
4 0 -2
4 0 -2
4 0 -2
4 0 -2
4 0 -2
4 0 -2
4 0 -2
4 0 -2
4 0 -2
4 0 -2
4 0 -2
4 0 -2
4 0 -2
4 0 -2
4 0 -2
4 0 -2
4 0 -2
4 0 -2
4 0 -2
4 0 -2
4 0 -2
4 0 -2
4 2 0
4 2 0
4 2 0
4 2 0
4 2 0
4 2 0
4 2 0
4 2 0
4 2 0
4 2 0
4 2 0
4 2 0
4 2 0
4 2 0
4 2 0
4 2 0
4 2 0
4 2 0
4 2 0
4 2 0
4 2 0
4 2 0
4 2 0
4 2 0
4 2 0
4 2 0
4 2 0
4 0 2
4 0 2
4 0 2
4 0 2
4 0 2
4 0 2
4 0 2
4 0 2
4 0 2
4 0 2
4 0 2
4 0 2
4 0 2
4 0 2
4 0 2
4 0 2
4 0 2
4 0 2
4 0 2
4 0 2
4 0 2
4 0 2
4 0 2
4 0 2
4 0 2
4 0 2
4 0 2
5 -2 0
5 -2 0
5 -2 0
5 -2 0
5 -2 0
5 -2 0
5 -2 0
5 -2 0
5 -2 0
5 -2 0
5 -2 0
5 -2 0
5 -2 0
5 -2 0
5 -2 0
5 -2 0
5 -2 0
5 -2 0
5 -2 0
5 -2 0
5 -2 0
5 -2 0
5 -2 0
5 -2 0
5 -2 0
5 -2 0
5 -2 0
5 0 -2
5 0 -2
5 0 -2
5 0 -2
5 0 -2
5 0 -2
5 0 -2
5 0 -2
5 0 -2
5 0 -2
5 0 -2
5 0 -2
5 0 -2
5 0 -2
5 0 -2
5 0 -2
5 0 -2
5 0 -2
5 0 -2
5 0 -2
5 0 -2
5 0 -2
5 0 -2
5 0 -2
5 0 -2
5 0 -2
5 0 -2
5 2 0
5 2 0
5 2 0
5 2 0
5 2 0
5 2 0
5 2 0
5 2 0
5 2 0
5 2 0
5 2 0
5 2 0
5 2 0
5 2 0
5 2 0
5 2 0
5 2 0
5 2 0
5 2 0
5 2 0
5 2 0
5 2 0
5 2 0
5 2 0
5 2 0
5 2 0
5 2 0
5 0 2
5 0 2
5 0 2
5 0 2
5 0 2
5 0 2
5 0 2
5 0 2
5 0 2
5 0 2
5 0 2
5 0 2
5 0 2
5 0 2
5 0 2
5 0 2
5 0 2
5 0 2
5 0 2
5 0 2
5 0 2
5 0 2
5 0 2
5 0 2
5 0 2
5 0 2
5 0 2
6 -2 0
6 -2 0
6 -2 0
6 -2 0
6 -2 0
6 -2 0
6 -2 0
6 -2 0
6 -2 0
6 -2 0
6 -2 0
6 -2 0
6 -2 0
6 -2 0
6 -2 0
6 -2 0
6 -2 0
6 -2 0
6 -2 0
6 -2 0
6 -2 0
6 -2 0
6 -2 0
6 -2 0
6 -2 0
6 -2 0
6 -2 0
6 0 -2
6 0 -2
6 0 -2
6 0 -2
6 0 -2
6 0 -2
6 0 -2
6 0 -2
6 0 -2
6 0 -2
6 0 -2
6 0 -2
6 0 -2
6 0 -2
6 0 -2
6 0 -2
6 0 -2
6 0 -2
6 0 -2
6 0 -2
6 0 -2
6 0 -2
6 0 -2
6 0 -2
6 0 -2
6 0 -2
6 0 -2
6 2 0
6 2 0
6 2 0
6 2 0
6 2 0
6 2 0
6 2 0
6 2 0
6 2 0
6 2 0
6 2 0
6 2 0
6 2 0
6 2 0
6 2 0
6 2 0
6 2 0
6 2 0
6 2 0
6 2 0
6 2 0
6 2 0
6 2 0
6 2 0
6 2 0
6 2 0
6 2 0
6 0 2
6 0 2
6 0 2
6 0 2
6 0 2
6 0 2
6 0 2
6 0 2
6 0 2
6 0 2
6 0 2
6 0 2
6 0 2
6 0 2
6 0 2
6 0 2
6 0 2
6 0 2
6 0 2
6 0 2
6 0 2
6 0 2
6 0 2
6 0 2
6 0 2
6 0 2
6 0 2
7 -2 0
7 -2 0
7 -2 0
7 -2 0
7 -2 0
7 -2 0
7 -2 0
7 -2 0
7 -2 0
7 -2 0
7 -2 0
7 -2 0
7 -2 0
7 -2 0
7 -2 0
7 -2 0
7 -2 0
7 -2 0
7 -2 0
7 -2 0
7 -2 0
7 -2 0
7 -2 0
7 -2 0
7 -2 0
7 -2 0
7 -2 0
7 0 -2
7 0 -2
7 0 -2
7 0 -2
7 0 -2
7 0 -2
7 0 -2
7 0 -2
7 0 -2
7 0 -2
7 0 -2
7 0 -2
7 0 -2
7 0 -2
7 0 -2
7 0 -2
7 0 -2
7 0 -2
7 0 -2
7 0 -2
7 0 -2
7 0 -2
7 0 -2
7 0 -2
7 0 -2
7 0 -2
7 0 -2
7 2 0
7 2 0
7 2 0
7 2 0
7 2 0
7 2 0
7 2 0
7 2 0
7 2 0
7 2 0
7 2 0
7 2 0
7 2 0
7 2 0
7 2 0
7 2 0
7 2 0
7 2 0
7 2 0
7 2 0
7 2 0
7 2 0
7 2 0
7 2 0
7 2 0
7 2 0
7 2 0
7 0 2
7 0 2
7 0 2
7 0 2
7 0 2
7 0 2
7 0 2
7 0 2
7 0 2
7 0 2
7 0 2
7 0 2
7 0 2
7 0 2
7 0 2
7 0 2
7 0 2
7 0 2
7 0 2
7 0 2
7 0 2
7 0 2
7 0 2
7 0 2
7 0 2
7 0 2
7 0 2
8 -2 0
8 -2 0
8 -2 0
8 -2 0
8 -2 0
8 -2 0
8 -2 0
8 -2 0
8 -2 0
8 -2 0
8 -2 0
8 -2 0
8 -2 0
8 -2 0
8 -2 0
8 -2 0
8 -2 0
8 -2 0
8 -2 0
8 -2 0
8 -2 0
8 -2 0
8 -2 0
8 -2 0
8 -2 0
8 -2 0
8 -2 0
8 0 -2
8 0 -2
8 0 -2
8 0 -2
8 0 -2
8 0 -2
8 0 -2
8 0 -2
8 0 -2
8 0 -2
8 0 -2
8 0 -2
8 0 -2
8 0 -2
8 0 -2
8 0 -2
8 0 -2
8 0 -2
8 0 -2
8 0 -2
8 0 -2
8 0 -2
8 0 -2
8 0 -2
8 0 -2
8 0 -2
8 0 -2
8 2 0
8 2 0
8 2 0
8 2 0
8 2 0
8 2 0
8 2 0
8 2 0
8 2 0
8 2 0
8 2 0
8 2 0
8 2 0
8 2 0
8 2 0
8 2 0
8 2 0
8 2 0
8 2 0
8 2 0
8 2 0
8 2 0
8 2 0
8 2 0
8 2 0
8 2 0
8 2 0
8 0 2
8 0 2
8 0 2
8 0 2
8 0 2
8 0 2
8 0 2
8 0 2
8 0 2
8 0 2
8 0 2
8 0 2
8 0 2
8 0 2
8 0 2
8 0 2
8 0 2
8 0 2
8 0 2
8 0 2
8 0 2
8 0 2
8 0 2
8 0 2
8 0 2
8 0 2
8 0 2
9 -2 0
9 -2 0
9 -2 0
9 -2 0
9 -2 0
9 -2 0
9 -2 0
9 -2 0
9 -2 0
9 -2 0
9 -2 0
9 -2 0
9 -2 0
9 -2 0
9 -2 0
9 -2 0
9 -2 0
9 -2 0
9 -2 0
9 -2 0
9 -2 0
9 -2 0
9 -2 0
9 -2 0
9 -2 0
9 -2 0
9 -2 0
9 0 -2
9 0 -2
9 0 -2
9 0 -2
9 0 -2
9 0 -2
9 0 -2
9 0 -2
9 0 -2
9 0 -2
9 0 -2
9 0 -2
9 0 -2
9 0 -2
9 0 -2
9 0 -2
9 0 -2
9 0 -2
9 0 -2
9 0 -2
9 0 -2
9 0 -2
9 0 -2
9 0 -2
9 0 -2
9 0 -2
9 0 -2
9 2 0
9 2 0
9 2 0
9 2 0
9 2 0
9 2 0
9 2 0
9 2 0
9 2 0
9 2 0
9 2 0
9 2 0
9 2 0
9 2 0
9 2 0
9 2 0
9 2 0
9 2 0
9 2 0
9 2 0
9 2 0
9 2 0
9 2 0
9 2 0
9 2 0
9 2 0
9 2 0
9 0 2
9 0 2
9 0 2
9 0 2
9 0 2
9 0 2
9 0 2
9 0 2
9 0 2
9 0 2
9 0 2
9 0 2
9 0 2
9 0 2
9 0 2
9 0 2
9 0 2
9 0 2
9 0 2
9 0 2
9 0 2
9 0 2
9 0 2
9 0 2
9 0 2
9 0 2
9 0 2
10 -2 0
10 -2 0
10 -2 0
10 -2 0
10 -2 0
10 -2 0
10 -2 0
10 -2 0
10 -2 0
10 -2 0
10 -2 0
10 -2 0
10 -2 0
10 -2 0
10 -2 0
10 -2 0
10 -2 0
10 -2 0
10 -2 0
10 -2 0
10 -2 0
10 -2 0
10 -2 0
10 -2 0
10 -2 0
10 -2 0
10 -2 0
10 0 -2
10 0 -2
10 0 -2
10 0 -2
10 0 -2
10 0 -2
10 0 -2
10 0 -2
10 0 -2
10 0 -2
10 0 -2
10 0 -2
10 0 -2
10 0 -2
10 0 -2
10 0 -2
10 0 -2
10 0 -2
10 0 -2
10 0 -2
10 0 -2
10 0 -2
10 0 -2
10 0 -2
10 0 -2
10 0 -2
10 0 -2
10 2 0
10 2 0
10 2 0
10 2 0
10 2 0
10 2 0
10 2 0
10 2 0
10 2 0
10 2 0
10 2 0
10 2 0
10 2 0
10 2 0
10 2 0
10 2 0
10 2 0
10 2 0
10 2 0
10 2 0
10 2 0
10 2 0
10 2 0
10 2 0
10 2 0
10 2 0
10 2 0
10 0 2
10 0 2
10 0 2
10 0 2
10 0 2
10 0 2
10 0 2
10 0 2
10 0 2
10 0 2
10 0 2
10 0 2
10 0 2
10 0 2
10 0 2
10 0 2
10 0 2
10 0 2
10 0 2
10 0 2
10 0 2
10 0 2
10 0 2
10 0 2
10 0 2
10 0 2
10 0 2
11 -2 0
11 -2 0
11 -2 0
11 -2 0
11 -2 0
11 -2 0
11 -2 0
11 -2 0
11 -2 0
11 -2 0
11 -2 0
11 -2 0
11 -2 0
11 -2 0
11 -2 0
11 -2 0
11 -2 0
11 -2 0
11 -2 0
11 -2 0
11 -2 0
11 -2 0
11 -2 0
11 -2 0
11 -2 0
11 -2 0
11 -2 0
11 0 -2
11 0 -2
11 0 -2
11 0 -2
11 0 -2
11 0 -2
11 0 -2
11 0 -2
11 0 -2
11 0 -2
11 0 -2
11 0 -2
11 0 -2
11 0 -2
11 0 -2
11 0 -2
11 0 -2
11 0 -2
11 0 -2
11 0 -2
11 0 -2
11 0 -2
11 0 -2
11 0 -2
11 0 -2
11 0 -2
11 0 -2
11 2 0
11 2 0
11 2 0
11 2 0
11 2 0
11 2 0
11 2 0
11 2 0
11 2 0
11 2 0
11 2 0
11 2 0
11 2 0
11 2 0
11 2 0
11 2 0
11 2 0
11 2 0
11 2 0
11 2 0
11 2 0
11 2 0
11 2 0
11 2 0
11 2 0
11 2 0
11 2 0
11 0 2
11 0 2
11 0 2
11 0 2
11 0 2
11 0 2
11 0 2
11 0 2
11 0 2
11 0 2
11 0 2
11 0 2
11 0 2
11 0 2
11 0 2
11 0 2
11 0 2
11 0 2
11 0 2
11 0 2
11 0 2
11 0 2
11 0 2
11 0 2
11 0 2
11 0 2
11 0 2
12 -2 0
12 -2 0
12 -2 0
12 -2 0
12 -2 0
12 -2 0
12 -2 0
12 -2 0
12 -2 0
12 -2 0
12 -2 0
12 -2 0
12 -2 0
12 -2 0
12 -2 0
12 -2 0
12 -2 0
12 -2 0
12 -2 0
12 -2 0
12 -2 0
12 -2 0
12 -2 0
12 -2 0
12 -2 0
12 -2 0
12 -2 0
12 0 -2
12 0 -2
12 0 -2
12 0 -2
12 0 -2
12 0 -2
12 0 -2
12 0 -2
12 0 -2
12 0 -2
12 0 -2
12 0 -2
12 0 -2
12 0 -2
12 0 -2
12 0 -2
12 0 -2
12 0 -2
12 0 -2
12 0 -2
12 0 -2
12 0 -2
12 0 -2
12 0 -2
12 0 -2
12 0 -2
12 0 -2
12 2 0
12 2 0
12 2 0
12 2 0
12 2 0
12 2 0
12 2 0
12 2 0
12 2 0
12 2 0
12 2 0
12 2 0
12 2 0
12 2 0
12 2 0
12 2 0
12 2 0
12 2 0
12 2 0
12 2 0
12 2 0
12 2 0
12 2 0
12 2 0
12 2 0
12 2 0
12 2 0
12 0 2
12 0 2
12 0 2
12 0 2
12 0 2
12 0 2
12 0 2
12 0 2
12 0 2
12 0 2
12 0 2
12 0 2
12 0 2
12 0 2
12 0 2
12 0 2
12 0 2
12 0 2
12 0 2
12 0 2
12 0 2
12 0 2
12 0 2
12 0 2
12 0 2
12 0 2
12 0 2
13 -2 0
13 -2 0
13 -2 0
13 -2 0
13 -2 0
13 -2 0
13 -2 0
13 -2 0
13 -2 0
13 -2 0
13 -2 0
13 -2 0
13 -2 0
13 -2 0
13 -2 0
13 -2 0
13 -2 0
13 -2 0
13 -2 0
13 -2 0
13 -2 0
13 -2 0
13 -2 0
13 -2 0
13 -2 0
13 -2 0
13 -2 0
13 0 -2
13 0 -2
13 0 -2
13 0 -2
13 0 -2
13 0 -2
13 0 -2
13 0 -2
13 0 -2
13 0 -2
13 0 -2
13 0 -2
13 0 -2
13 0 -2
13 0 -2
13 0 -2
13 0 -2
13 0 -2
13 0 -2
13 0 -2
13 0 -2
13 0 -2
13 0 -2
13 0 -2
13 0 -2
13 0 -2
13 0 -2
13 2 0
13 2 0
13 2 0
13 2 0
13 2 0
13 2 0
13 2 0
13 2 0
13 2 0
13 2 0
13 2 0
13 2 0
13 2 0
13 2 0
13 2 0
13 2 0
13 2 0
13 2 0
13 2 0
13 2 0
13 2 0
13 2 0
13 2 0
13 2 0
13 2 0
13 2 0
13 2 0
13 0 2
13 0 2
13 0 2
13 0 2
13 0 2
13 0 2
13 0 2
13 0 2
13 0 2
13 0 2
13 0 2
13 0 2
13 0 2
13 0 2
13 0 2
13 0 2
13 0 2
13 0 2
13 0 2
13 0 2
13 0 2
13 0 2
13 0 2
13 0 2
13 0 2
13 0 2
13 0 2
14 -2 0
14 -2 0
14 -2 0
14 -2 0
14 -2 0
14 -2 0
14 -2 0
14 -2 0
14 -2 0
14 -2 0
14 -2 0
14 -2 0
14 -2 0
14 -2 0
14 -2 0
14 -2 0
14 -2 0
14 -2 0
14 -2 0
14 -2 0
14 -2 0
14 -2 0
14 -2 0
14 -2 0
14 -2 0
14 -2 0
14 -2 0
14 0 -2
14 0 -2
14 0 -2
14 0 -2
14 0 -2
14 0 -2
14 0 -2
14 0 -2
14 0 -2
14 0 -2
14 0 -2
14 0 -2
14 0 -2
14 0 -2
14 0 -2
14 0 -2
14 0 -2
14 0 -2
14 0 -2
14 0 -2
14 0 -2
14 0 -2
14 0 -2
14 0 -2
14 0 -2
14 0 -2
14 0 -2
14 2 0
14 2 0
14 2 0
14 2 0
14 2 0
14 2 0
14 2 0
14 2 0
14 2 0
14 2 0
14 2 0
14 2 0
14 2 0
14 2 0
14 2 0
14 2 0
14 2 0
14 2 0
14 2 0
14 2 0
14 2 0
14 2 0
14 2 0
14 2 0
14 2 0
14 2 0
14 2 0
14 0 2
14 0 2
14 0 2
14 0 2
14 0 2
14 0 2
14 0 2
14 0 2
14 0 2
14 0 2
14 0 2
14 0 2
14 0 2
14 0 2
14 0 2
14 0 2
14 0 2
14 0 2
14 0 2
14 0 2
14 0 2
14 0 2
14 0 2
14 0 2
14 0 2
14 0 2
14 0 2
15 -2 0
15 -2 0
15 -2 0
15 -2 0
15 -2 0
15 -2 0
15 -2 0
15 -2 0
15 -2 0
15 -2 0
15 -2 0
15 -2 0
15 -2 0
15 -2 0
15 -2 0
15 -2 0
15 -2 0
15 -2 0
15 -2 0
15 -2 0
15 -2 0
15 -2 0
15 -2 0
15 -2 0
15 -2 0
15 -2 0
15 -2 0
15 0 -2
15 0 -2
15 0 -2
15 0 -2
15 0 -2
15 0 -2
15 0 -2
15 0 -2
15 0 -2
15 0 -2
15 0 -2
15 0 -2
15 0 -2
15 0 -2
15 0 -2
15 0 -2
15 0 -2
15 0 -2
15 0 -2
15 0 -2
15 0 -2
15 0 -2
15 0 -2
15 0 -2
15 0 -2
15 0 -2
15 0 -2
15 2 0
15 2 0
15 2 0
15 2 0
15 2 0
15 2 0
15 2 0
15 2 0
15 2 0
15 2 0
15 2 0
15 2 0
15 2 0
15 2 0
15 2 0
15 2 0
15 2 0
15 2 0
15 2 0
15 2 0
15 2 0
15 2 0
15 2 0
15 2 0
15 2 0
15 2 0
15 2 0
15 0 2
15 0 2
15 0 2
15 0 2
15 0 2
15 0 2
15 0 2
15 0 2
15 0 2
15 0 2
15 0 2
15 0 2
15 0 2
15 0 2
15 0 2
15 0 2
15 0 2
15 0 2
15 0 2
15 0 2
15 0 2
15 0 2
15 0 2
15 0 2
15 0 2
15 0 2
15 0 2
16 -2 0
16 -2 0
16 -2 0
16 -2 0
16 -2 0
16 -2 0
16 -2 0
16 -2 0
16 -2 0
16 -2 0
16 -2 0
16 -2 0
16 -2 0
16 -2 0
16 -2 0
16 -2 0
16 -2 0
16 -2 0
16 -2 0
16 -2 0
16 -2 0
16 -2 0
16 -2 0
16 -2 0
16 -2 0
16 -2 0
16 -2 0
16 0 -2
16 0 -2
16 0 -2
16 0 -2
16 0 -2
16 0 -2
16 0 -2
16 0 -2
16 0 -2
16 0 -2
16 0 -2
16 0 -2
16 0 -2
16 0 -2
16 0 -2
16 0 -2
16 0 -2
16 0 -2
16 0 -2
16 0 -2
16 0 -2
16 0 -2
16 0 -2
16 0 -2
16 0 -2
16 0 -2
16 0 -2
16 2 0
16 2 0
16 2 0
16 2 0
16 2 0
16 2 0
16 2 0
16 2 0
16 2 0
16 2 0
16 2 0
16 2 0
16 2 0
16 2 0
16 2 0
16 2 0
16 2 0
16 2 0
16 2 0
16 2 0
16 2 0
16 2 0
16 2 0
16 2 0
16 2 0
16 2 0
16 2 0
16 0 2
16 0 2
16 0 2
16 0 2
16 0 2
16 0 2
16 0 2
16 0 2
16 0 2
16 0 2
16 0 2
16 0 2
16 0 2
16 0 2
16 0 2
16 0 2
16 0 2
16 0 2
16 0 2
16 0 2
16 0 2
16 0 2
16 0 2
16 0 2
16 0 2
16 0 2
16 0 2
17 -2 0
17 -2 0
17 -2 0
17 -2 0
17 -2 0
17 -2 0
17 -2 0
17 -2 0
17 -2 0
17 -2 0
17 -2 0
17 -2 0
17 -2 0
17 -2 0
17 -2 0
17 -2 0
17 -2 0
17 -2 0
17 -2 0
17 -2 0
17 -2 0
17 -2 0
17 -2 0
17 -2 0
17 -2 0
17 -2 0
17 -2 0
17 0 -2
17 0 -2
17 0 -2
17 0 -2
17 0 -2
17 0 -2
17 0 -2
17 0 -2
17 0 -2
17 0 -2
17 0 -2
17 0 -2
17 0 -2
17 0 -2
17 0 -2
17 0 -2
17 0 -2
17 0 -2
17 0 -2
17 0 -2
17 0 -2
17 0 -2
17 0 -2
17 0 -2
17 0 -2
17 0 -2
17 0 -2
17 2 0
17 2 0
17 2 0
17 2 0
17 2 0
17 2 0
17 2 0
17 2 0
17 2 0
17 2 0
17 2 0
17 2 0
17 2 0
17 2 0
17 2 0
17 2 0
17 2 0
17 2 0
17 2 0
17 2 0
17 2 0
17 2 0
17 2 0
17 2 0
17 2 0
17 2 0
17 2 0
17 0 2
17 0 2
17 0 2
17 0 2
17 0 2
17 0 2
17 0 2
17 0 2
17 0 2
17 0 2
17 0 2
17 0 2
17 0 2
17 0 2
17 0 2
17 0 2
17 0 2
17 0 2
17 0 2
17 0 2
17 0 2
17 0 2
17 0 2
17 0 2
17 0 2
17 0 2
17 0 2
18 -2 0
18 -2 0
18 -2 0
18 -2 0
18 -2 0
18 -2 0
18 -2 0
18 -2 0
18 -2 0
18 -2 0
18 -2 0
18 -2 0
18 -2 0
18 -2 0
18 -2 0
18 -2 0
18 -2 0
18 -2 0
18 -2 0
18 -2 0
18 -2 0
18 -2 0
18 -2 0
18 -2 0
18 -2 0
18 -2 0
18 -2 0
18 0 -2
18 0 -2
18 0 -2
18 0 -2
18 0 -2
18 0 -2
18 0 -2
18 0 -2
18 0 -2
18 0 -2
18 0 -2
18 0 -2
18 0 -2
18 0 -2
18 0 -2
18 0 -2
18 0 -2
18 0 -2
18 0 -2
18 0 -2
18 0 -2
18 0 -2
18 0 -2
18 0 -2
18 0 -2
18 0 -2
18 0 -2
18 2 0
18 2 0
18 2 0
18 2 0
18 2 0
18 2 0
18 2 0
18 2 0
18 2 0
18 2 0
18 2 0
18 2 0
18 2 0
18 2 0
18 2 0
18 2 0
18 2 0
18 2 0
18 2 0
18 2 0
18 2 0
18 2 0
18 2 0
18 2 0
18 2 0
18 2 0
18 2 0
18 0 2
18 0 2
18 0 2
18 0 2
18 0 2
18 0 2
18 0 2
18 0 2
18 0 2
18 0 2
18 0 2
18 0 2
18 0 2
18 0 2
18 0 2
18 0 2
18 0 2
18 0 2
18 0 2
18 0 2
18 0 2
18 0 2
18 0 2
18 0 2
18 0 2
18 0 2
18 0 2
19 -2 0
19 -2 0
19 -2 0
19 -2 0
19 -2 0
19 -2 0
19 -2 0
19 -2 0
19 -2 0
19 -2 0
19 -2 0
19 -2 0
19 -2 0
19 -2 0
19 -2 0
19 -2 0
19 -2 0
19 -2 0
19 -2 0
19 -2 0
19 -2 0
19 -2 0
19 -2 0
19 -2 0
19 -2 0
19 -2 0
19 -2 0
19 0 -2
19 0 -2
19 0 -2
19 0 -2
19 0 -2
19 0 -2
19 0 -2
19 0 -2
19 0 -2
19 0 -2
19 0 -2
19 0 -2
19 0 -2
19 0 -2
19 0 -2
19 0 -2
19 0 -2
19 0 -2
19 0 -2
19 0 -2
19 0 -2
19 0 -2
19 0 -2
19 0 -2
19 0 -2
19 0 -2
19 0 -2
19 2 0
19 2 0
19 2 0
19 2 0
19 2 0
19 2 0
19 2 0
19 2 0
19 2 0
19 2 0
19 2 0
19 2 0
19 2 0
19 2 0
19 2 0
19 2 0
19 2 0
19 2 0
19 2 0
19 2 0
19 2 0
19 2 0
19 2 0
19 2 0
19 2 0
19 2 0
19 2 0
19 0 2
19 0 2
19 0 2
19 0 2
19 0 2
19 0 2
19 0 2
19 0 2
19 0 2
19 0 2
19 0 2
19 0 2
19 0 2
19 0 2
19 0 2
19 0 2
19 0 2
19 0 2
19 0 2
19 0 2
19 0 2
19 0 2
19 0 2
19 0 2
19 0 2
19 0 2
19 0 2
20 -2 0
20 -2 0
20 -2 0
20 -2 0
20 -2 0
20 -2 0
20 -2 0
20 -2 0
20 -2 0
20 -2 0
20 -2 0
20 -2 0
20 -2 0
20 -2 0
20 -2 0
20 -2 0
20 -2 0
20 -2 0
20 -2 0
20 -2 0
20 -2 0
20 -2 0
20 -2 0
20 -2 0
20 -2 0
20 -2 0
20 -2 0
20 0 -2
20 0 -2
20 0 -2
20 0 -2
20 0 -2
20 0 -2
20 0 -2
20 0 -2
20 0 -2
20 0 -2
20 0 -2
20 0 -2
20 0 -2
20 0 -2
20 0 -2
20 0 -2
20 0 -2
20 0 -2
20 0 -2
20 0 -2
20 0 -2
20 0 -2
20 0 -2
20 0 -2
20 0 -2
20 0 -2
20 0 -2
20 2 0
20 2 0
20 2 0
20 2 0
20 2 0
20 2 0
20 2 0
20 2 0
20 2 0
20 2 0
20 2 0
20 2 0
20 2 0
20 2 0
20 2 0
20 2 0
20 2 0
20 2 0
20 2 0
20 2 0
20 2 0
20 2 0
20 2 0
20 2 0
20 2 0
20 2 0
20 2 0
20 0 2
20 0 2
20 0 2
20 0 2
20 0 2
20 0 2
20 0 2
20 0 2
20 0 2
20 0 2
20 0 2
20 0 2
20 0 2
20 0 2
20 0 2
20 0 2
20 0 2
20 0 2
20 0 2
20 0 2
20 0 2
20 0 2
20 0 2
20 0 2
20 0 2
20 0 2
20 0 2
21 -2 0
21 -2 0
21 -2 0
21 -2 0
21 -2 0
21 -2 0
21 -2 0
21 -2 0
21 -2 0
21 -2 0
21 -2 0
21 -2 0
21 -2 0
21 -2 0
21 -2 0
21 -2 0
21 -2 0
21 -2 0
21 -2 0
21 -2 0
21 -2 0
21 -2 0
21 -2 0
21 -2 0
21 -2 0
21 -2 0
21 -2 0
21 0 -2
21 0 -2
21 0 -2
21 0 -2
21 0 -2
21 0 -2
21 0 -2
21 0 -2
21 0 -2
21 0 -2
21 0 -2
21 0 -2
21 0 -2
21 0 -2
21 0 -2
21 0 -2
21 0 -2
21 0 -2
21 0 -2
21 0 -2
21 0 -2
21 0 -2
21 0 -2
21 0 -2
21 0 -2
21 0 -2
21 0 -2
21 2 0
21 2 0
21 2 0
21 2 0
21 2 0
21 2 0
21 2 0
21 2 0
21 2 0
21 2 0
21 2 0
21 2 0
21 2 0
21 2 0
21 2 0
21 2 0
21 2 0
21 2 0
21 2 0
21 2 0
21 2 0
21 2 0
21 2 0
21 2 0
21 2 0
21 2 0
21 2 0
21 0 2
21 0 2
21 0 2
21 0 2
21 0 2
21 0 2
21 0 2
21 0 2
21 0 2
21 0 2
21 0 2
21 0 2
21 0 2
21 0 2
21 0 2
21 0 2
21 0 2
21 0 2
21 0 2
21 0 2
21 0 2
21 0 2
21 0 2
21 0 2
21 0 2
21 0 2
21 0 2
22 -2 0
22 -2 0
22 -2 0
22 -2 0
22 -2 0
22 -2 0
22 -2 0
22 -2 0
22 -2 0
22 -2 0
22 -2 0
22 -2 0
22 -2 0
22 -2 0
22 -2 0
22 -2 0
22 -2 0
22 -2 0
22 -2 0
22 -2 0
22 -2 0
22 -2 0
22 -2 0
22 -2 0
22 -2 0
22 -2 0
22 -2 0
22 0 -2
22 0 -2
22 0 -2
22 0 -2
22 0 -2
22 0 -2
22 0 -2
22 0 -2
22 0 -2
22 0 -2
22 0 -2
22 0 -2
22 0 -2
22 0 -2
22 0 -2
22 0 -2
22 0 -2
22 0 -2
22 0 -2
22 0 -2
22 0 -2
22 0 -2
22 0 -2
22 0 -2
22 0 -2
22 0 -2
22 0 -2
22 2 0
22 2 0
22 2 0
22 2 0
22 2 0
22 2 0
22 2 0
22 2 0
22 2 0
22 2 0
22 2 0
22 2 0
22 2 0
22 2 0
22 2 0
22 2 0
22 2 0
22 2 0
22 2 0
22 2 0
22 2 0
22 2 0
22 2 0
22 2 0
22 2 0
22 2 0
22 2 0
22 0 2
22 0 2
22 0 2
22 0 2
22 0 2
22 0 2
22 0 2
22 0 2
22 0 2
22 0 2
22 0 2
22 0 2
22 0 2
22 0 2
22 0 2
22 0 2
22 0 2
22 0 2
22 0 2
22 0 2
22 0 2
22 0 2
22 0 2
22 0 2
22 0 2
22 0 2
22 0 2
23 -2 0
23 -2 0
23 -2 0
23 -2 0
23 -2 0
23 -2 0
23 -2 0
23 -2 0
23 -2 0
23 -2 0
23 -2 0
23 -2 0
23 -2 0
23 -2 0
23 -2 0
23 -2 0
23 -2 0
23 -2 0
23 -2 0
23 -2 0
23 -2 0
23 -2 0
23 -2 0
23 -2 0
23 -2 0
23 -2 0
23 -2 0
23 0 -2
23 0 -2
23 0 -2
23 0 -2
23 0 -2
23 0 -2
23 0 -2
23 0 -2
23 0 -2
23 0 -2
23 0 -2
23 0 -2
23 0 -2
23 0 -2
23 0 -2
23 0 -2
23 0 -2
23 0 -2
23 0 -2
23 0 -2
23 0 -2
23 0 -2
23 0 -2
23 0 -2
23 0 -2
23 0 -2
23 0 -2
23 2 0
23 2 0
23 2 0
23 2 0
23 2 0
23 2 0
23 2 0
23 2 0
23 2 0
23 2 0
23 2 0
23 2 0
23 2 0
23 2 0
23 2 0
23 2 0
23 2 0
23 2 0
23 2 0
23 2 0
23 2 0
23 2 0
23 2 0
23 2 0
23 2 0
23 2 0
23 2 0
23 0 2
23 0 2
23 0 2
23 0 2
23 0 2
23 0 2
23 0 2
23 0 2
23 0 2
23 0 2
23 0 2
23 0 2
23 0 2
23 0 2
23 0 2
23 0 2
23 0 2
23 0 2
23 0 2
23 0 2
23 0 2
23 0 2
23 0 2
23 0 2
23 0 2
23 0 2
23 0 2
24 -2 0
24 -2 0
24 -2 0
24 -2 0
24 -2 0
24 -2 0
24 -2 0
24 -2 0
24 -2 0
24 -2 0
24 -2 0
24 -2 0
24 -2 0
24 -2 0
24 -2 0
24 -2 0
24 -2 0
24 -2 0
24 -2 0
24 -2 0
24 -2 0
24 -2 0
24 -2 0
24 -2 0
24 -2 0
24 -2 0
24 -2 0
24 0 -2
24 0 -2
24 0 -2
24 0 -2
24 0 -2
24 0 -2
24 0 -2
24 0 -2
24 0 -2
24 0 -2
24 0 -2
24 0 -2
24 0 -2
24 0 -2
24 0 -2
24 0 -2
24 0 -2
24 0 -2
24 0 -2
24 0 -2
24 0 -2
24 0 -2
24 0 -2
24 0 -2
24 0 -2
24 0 -2
24 0 -2
24 2 0
24 2 0
24 2 0
24 2 0
24 2 0
24 2 0
24 2 0
24 2 0
24 2 0
24 2 0
24 2 0
24 2 0
24 2 0
24 2 0
24 2 0
24 2 0
24 2 0
24 2 0
24 2 0
24 2 0
24 2 0
24 2 0
24 2 0
24 2 0
24 2 0
24 2 0
24 2 0
24 0 2
24 0 2
24 0 2
24 0 2
24 0 2
24 0 2
24 0 2
24 0 2
24 0 2
24 0 2
24 0 2
24 0 2
24 0 2
24 0 2
24 0 2
24 0 2
24 0 2
24 0 2
24 0 2
24 0 2
24 0 2
24 0 2
24 0 2
24 0 2
24 0 2
24 0 2
24 0 2
25 -2 0
25 -2 0
25 -2 0
25 -2 0
25 -2 0
25 -2 0
25 -2 0
25 -2 0
25 -2 0
25 -2 0
25 -2 0
25 -2 0
25 -2 0
25 -2 0
25 -2 0
25 -2 0
25 -2 0
25 -2 0
25 -2 0
25 -2 0
25 -2 0
25 -2 0
25 -2 0
25 -2 0
25 -2 0
25 -2 0
25 -2 0
25 0 -2
25 0 -2
25 0 -2
25 0 -2
25 0 -2
25 0 -2
25 0 -2
25 0 -2
25 0 -2
25 0 -2
25 0 -2
25 0 -2
25 0 -2
25 0 -2
25 0 -2
25 0 -2
25 0 -2
25 0 -2
25 0 -2
25 0 -2
25 0 -2
25 0 -2
25 0 -2
25 0 -2
25 0 -2
25 0 -2
25 0 -2
25 2 0
25 2 0
25 2 0
25 2 0
25 2 0
25 2 0
25 2 0
25 2 0
25 2 0
25 2 0
25 2 0
25 2 0
25 2 0
25 2 0
25 2 0
25 2 0
25 2 0
25 2 0
25 2 0
25 2 0
25 2 0
25 2 0
25 2 0
25 2 0
25 2 0
25 2 0
25 2 0
25 0 2
25 0 2
25 0 2
25 0 2
25 0 2
25 0 2
25 0 2
25 0 2
25 0 2
25 0 2
25 0 2
25 0 2
25 0 2
25 0 2
25 0 2
25 0 2
25 0 2
25 0 2
25 0 2
25 0 2
25 0 2
25 0 2
25 0 2
25 0 2
25 0 2
25 0 2
25 0 2
26 -2 0
26 -2 0
26 -2 0
26 -2 0
26 -2 0
26 -2 0
26 -2 0
26 -2 0
26 -2 0
26 -2 0
26 -2 0
26 -2 0
26 -2 0
26 -2 0
26 -2 0
26 -2 0
26 -2 0
26 -2 0
26 -2 0
26 -2 0
26 -2 0
26 -2 0
26 -2 0
26 -2 0
26 -2 0
26 -2 0
26 -2 0
26 0 -2
26 0 -2
26 0 -2
26 0 -2
26 0 -2
26 0 -2
26 0 -2
26 0 -2
26 0 -2
26 0 -2
26 0 -2
26 0 -2
26 0 -2
26 0 -2
26 0 -2
26 0 -2
26 0 -2
26 0 -2
26 0 -2
26 0 -2
26 0 -2
26 0 -2
26 0 -2
26 0 -2
26 0 -2
26 0 -2
26 0 -2
26 2 0
26 2 0
26 2 0
26 2 0
26 2 0
26 2 0
26 2 0
26 2 0
26 2 0
26 2 0
26 2 0
26 2 0
26 2 0
26 2 0
26 2 0
26 2 0
26 2 0
26 2 0
26 2 0
26 2 0
26 2 0
26 2 0
26 2 0
26 2 0
26 2 0
26 2 0
26 2 0
26 0 2
26 0 2
26 0 2
26 0 2
26 0 2
26 0 2
26 0 2
26 0 2
26 0 2
26 0 2
26 0 2
26 0 2
26 0 2
26 0 2
26 0 2
26 0 2
26 0 2
26 0 2
26 0 2
26 0 2
26 0 2
26 0 2
26 0 2
26 0 2
26 0 2
26 0 2
26 0 2
27 -2 0
27 -2 0
27 -2 0
27 -2 0
27 -2 0
27 -2 0
27 -2 0
27 -2 0
27 -2 0
27 -2 0
27 -2 0
27 -2 0
27 -2 0
27 -2 0
27 -2 0
27 -2 0
27 -2 0
27 -2 0
27 -2 0
27 -2 0
27 -2 0
27 -2 0
27 -2 0
27 -2 0
27 -2 0
27 -2 0
27 -2 0
27 0 -2
27 0 -2
27 0 -2
27 0 -2
27 0 -2
27 0 -2
27 0 -2
27 0 -2
27 0 -2
27 0 -2
27 0 -2
27 0 -2
27 0 -2
27 0 -2
27 0 -2
27 0 -2
27 0 -2
27 0 -2
27 0 -2
27 0 -2
27 0 -2
27 0 -2
27 0 -2
27 0 -2
27 0 -2
27 0 -2
27 0 -2
27 2 0
27 2 0
27 2 0
27 2 0
27 2 0
27 2 0
27 2 0
27 2 0
27 2 0
27 2 0
27 2 0
27 2 0
27 2 0
27 2 0
27 2 0
27 2 0
27 2 0
27 2 0
27 2 0
27 2 0
27 2 0
27 2 0
27 2 0
27 2 0
27 2 0
27 2 0
27 2 0
27 0 2
27 0 2
27 0 2
27 0 2
27 0 2
27 0 2
27 0 2
27 0 2
27 0 2
27 0 2
27 0 2
27 0 2
27 0 2
27 0 2
27 0 2
27 0 2
27 0 2
27 0 2
27 0 2
27 0 2
27 0 2
27 0 2
27 0 2
27 0 2
27 0 2
27 0 2
27 0 2
28 -2 0
28 -2 0
28 -2 0
28 -2 0
28 -2 0
28 -2 0
28 -2 0
28 -2 0
28 -2 0
28 -2 0
28 -2 0
28 -2 0
28 -2 0
28 -2 0
28 -2 0
28 -2 0
28 -2 0
28 -2 0
28 -2 0
28 -2 0
28 -2 0
28 -2 0
28 -2 0
28 -2 0
28 -2 0
28 -2 0
28 -2 0
28 0 -2
28 0 -2
28 0 -2
28 0 -2
28 0 -2
28 0 -2
28 0 -2
28 0 -2
28 0 -2
28 0 -2
28 0 -2
28 0 -2
28 0 -2
28 0 -2
28 0 -2
28 0 -2
28 0 -2
28 0 -2
28 0 -2
28 0 -2
28 0 -2
28 0 -2
28 0 -2
28 0 -2
28 0 -2
28 0 -2
28 0 -2
28 2 0
28 2 0
28 2 0
28 2 0
28 2 0
28 2 0
28 2 0
28 2 0
28 2 0
28 2 0
28 2 0
28 2 0
28 2 0
28 2 0
28 2 0
28 2 0
28 2 0
28 2 0
28 2 0
28 2 0
28 2 0
28 2 0
28 2 0
28 2 0
28 2 0
28 2 0
28 2 0
28 0 2
28 0 2
28 0 2
28 0 2
28 0 2
28 0 2
28 0 2
28 0 2
28 0 2
28 0 2
28 0 2
28 0 2
28 0 2
28 0 2
28 0 2
28 0 2
28 0 2
28 0 2
28 0 2
28 0 2
28 0 2
28 0 2
28 0 2
28 0 2
28 0 2
28 0 2
28 0 2
29 -2 0
29 -2 0
29 -2 0
29 -2 0
29 -2 0
29 -2 0
29 -2 0
29 -2 0
29 -2 0
29 -2 0
29 -2 0
29 -2 0
29 -2 0
29 -2 0
29 -2 0
29 -2 0
29 -2 0
29 -2 0
29 -2 0
29 -2 0
29 -2 0
29 -2 0
29 -2 0
29 -2 0
29 -2 0
29 -2 0
29 -2 0
29 0 -2
29 0 -2
29 0 -2
29 0 -2
29 0 -2
29 0 -2
29 0 -2
29 0 -2
29 0 -2
29 0 -2
29 0 -2
29 0 -2
29 0 -2
29 0 -2
29 0 -2
29 0 -2
29 0 -2
29 0 -2
29 0 -2
29 0 -2
29 0 -2
29 0 -2
29 0 -2
29 0 -2
29 0 -2
29 0 -2
29 0 -2
29 2 0
29 2 0
29 2 0
29 2 0
29 2 0
29 2 0
29 2 0
29 2 0
29 2 0
29 2 0
29 2 0
29 2 0
29 2 0
29 2 0
29 2 0
29 2 0
29 2 0
29 2 0
29 2 0
29 2 0
29 2 0
29 2 0
29 2 0
29 2 0
29 2 0
29 2 0
29 2 0
29 0 2
29 0 2
29 0 2
29 0 2
29 0 2
29 0 2
29 0 2
29 0 2
29 0 2
29 0 2
29 0 2
29 0 2
29 0 2
29 0 2
29 0 2
29 0 2
29 0 2
29 0 2
29 0 2
29 0 2
29 0 2
29 0 2
29 0 2
29 0 2
29 0 2
29 0 2
29 0 2
30 -2 0
30 -2 0
30 -2 0
30 -2 0
30 -2 0
30 -2 0
30 -2 0
30 -2 0
30 -2 0
30 -2 0
30 -2 0
30 -2 0
30 -2 0
30 -2 0
30 -2 0
30 -2 0
30 -2 0
30 -2 0
30 -2 0
30 -2 0
30 -2 0
30 -2 0
30 -2 0
30 -2 0
30 -2 0
30 -2 0
30 -2 0
30 0 -2
30 0 -2
30 0 -2
30 0 -2
30 0 -2
30 0 -2
30 0 -2
30 0 -2
30 0 -2
30 0 -2
30 0 -2
30 0 -2
30 0 -2
30 0 -2
30 0 -2
30 0 -2
30 0 -2
30 0 -2
30 0 -2
30 0 -2
30 0 -2
30 0 -2
30 0 -2
30 0 -2
30 0 -2
30 0 -2
30 0 -2
30 2 0
30 2 0
30 2 0
30 2 0
30 2 0
30 2 0
30 2 0
30 2 0
30 2 0
30 2 0
30 2 0
30 2 0
30 2 0
30 2 0
30 2 0
30 2 0
30 2 0
30 2 0
30 2 0
30 2 0
30 2 0
30 2 0
30 2 0
30 2 0
30 2 0
30 2 0
30 2 0
30 0 2
30 0 2
30 0 2
30 0 2
30 0 2
30 0 2
30 0 2
30 0 2
30 0 2
30 0 2
30 0 2
30 0 2
30 0 2
30 0 2
30 0 2
30 0 2
30 0 2
30 0 2
30 0 2
30 0 2
30 0 2
30 0 2
30 0 2
30 0 2
30 0 2
30 0 2
30 0 2
31 -2 0
31 -2 0
31 -2 0
31 -2 0
31 -2 0
31 -2 0
31 -2 0
31 -2 0
31 -2 0
31 -2 0
31 -2 0
31 -2 0
31 -2 0
31 -2 0
31 -2 0
31 -2 0
31 -2 0
31 -2 0
31 -2 0
31 -2 0
31 -2 0
31 -2 0
31 -2 0
31 -2 0
31 -2 0
31 -2 0
31 -2 0
31 0 -2
31 0 -2
31 0 -2
31 0 -2
31 0 -2
31 0 -2
31 0 -2
31 0 -2
31 0 -2
31 0 -2
31 0 -2
31 0 -2
31 0 -2
31 0 -2
31 0 -2
31 0 -2
31 0 -2
31 0 -2
31 0 -2
31 0 -2
31 0 -2
31 0 -2
31 0 -2
31 0 -2
31 0 -2
31 0 -2
31 0 -2
31 2 0
31 2 0
31 2 0
31 2 0
31 2 0
31 2 0
31 2 0
31 2 0
31 2 0
31 2 0
31 2 0
31 2 0
31 2 0
31 2 0
31 2 0
31 2 0
31 2 0
31 2 0
31 2 0
31 2 0
31 2 0
31 2 0
31 2 0
31 2 0
31 2 0
31 2 0
31 2 0
31 0 2
31 0 2
31 0 2
31 0 2
31 0 2
31 0 2
31 0 2
31 0 2
31 0 2
31 0 2
31 0 2
31 0 2
31 0 2
31 0 2
31 0 2
31 0 2
31 0 2
31 0 2
31 0 2
31 0 2
31 0 2
31 0 2
31 0 2
31 0 2
31 0 2
31 0 2
31 0 2
32 -2 0
32 -2 0
32 -2 0
32 -2 0
32 -2 0
32 -2 0
32 -2 0
32 -2 0
32 -2 0
32 -2 0
32 -2 0
32 -2 0
32 -2 0
32 -2 0
32 -2 0
32 -2 0
32 -2 0
32 -2 0
32 -2 0
32 -2 0
32 -2 0
32 -2 0
32 -2 0
32 -2 0
32 -2 0
32 -2 0
32 -2 0
32 0 -2
32 0 -2
32 0 -2
32 0 -2
32 0 -2
32 0 -2
32 0 -2
32 0 -2
32 0 -2
32 0 -2
32 0 -2
32 0 -2
32 0 -2
32 0 -2
32 0 -2
32 0 -2
32 0 -2
32 0 -2
32 0 -2
32 0 -2
32 0 -2
32 0 -2
32 0 -2
32 0 -2
32 0 -2
32 0 -2
32 0 -2
32 2 0
32 2 0
32 2 0
32 2 0
32 2 0
32 2 0
32 2 0
32 2 0
32 2 0
32 2 0
32 2 0
32 2 0
32 2 0
32 2 0
32 2 0
32 2 0
32 2 0
32 2 0
32 2 0
32 2 0
32 2 0
32 2 0
32 2 0
32 2 0
32 2 0
32 2 0
32 2 0
32 0 2
32 0 2
32 0 2
32 0 2
32 0 2
32 0 2
32 0 2
32 0 2
32 0 2
32 0 2
32 0 2
32 0 2
32 0 2
32 0 2
32 0 2
32 0 2
32 0 2
32 0 2
32 0 2
32 0 2
32 0 2
32 0 2
32 0 2
32 0 2
32 0 2
32 0 2
32 0 2
33 -2 0
33 -2 0
33 -2 0
33 -2 0
33 -2 0
33 -2 0
33 -2 0
33 -2 0
33 -2 0
33 -2 0
33 -2 0
33 -2 0
33 -2 0
33 -2 0
33 -2 0
33 -2 0
33 -2 0
33 -2 0
33 -2 0
33 -2 0
33 -2 0
33 -2 0
33 -2 0
33 -2 0
33 -2 0
33 -2 0
33 -2 0
33 0 -2
33 0 -2
33 0 -2
33 0 -2
33 0 -2
33 0 -2
33 0 -2
33 0 -2
33 0 -2
33 0 -2
33 0 -2
33 0 -2
33 0 -2
33 0 -2
33 0 -2
33 0 -2
33 0 -2
33 0 -2
33 0 -2
33 0 -2
33 0 -2
33 0 -2
33 0 -2
33 0 -2
33 0 -2
33 0 -2
33 0 -2
33 2 0
33 2 0
33 2 0
33 2 0
33 2 0
33 2 0
33 2 0
33 2 0
33 2 0
33 2 0
33 2 0
33 2 0
33 2 0
33 2 0
33 2 0
33 2 0
33 2 0
33 2 0
33 2 0
33 2 0
33 2 0
33 2 0
33 2 0
33 2 0
33 2 0
33 2 0
33 2 0
33 0 2
33 0 2
33 0 2
33 0 2
33 0 2
33 0 2
33 0 2
33 0 2
33 0 2
33 0 2
33 0 2
33 0 2
33 0 2
33 0 2
33 0 2
33 0 2
33 0 2
33 0 2
33 0 2
33 0 2
33 0 2
33 0 2
33 0 2
33 0 2
33 0 2
33 0 2
33 0 2
34 -2 0
34 -2 0
34 -2 0
34 -2 0
34 -2 0
34 -2 0
34 -2 0
34 -2 0
34 -2 0
34 -2 0
34 -2 0
34 -2 0
34 -2 0
34 -2 0
34 -2 0
34 -2 0
34 -2 0
34 -2 0
34 -2 0
34 -2 0
34 -2 0
34 -2 0
34 -2 0
34 -2 0
34 -2 0
34 -2 0
34 -2 0
34 0 -2
34 0 -2
34 0 -2
34 0 -2
34 0 -2
34 0 -2
34 0 -2
34 0 -2
34 0 -2
34 0 -2
34 0 -2
34 0 -2
34 0 -2
34 0 -2
34 0 -2
34 0 -2
34 0 -2
34 0 -2
34 0 -2
34 0 -2
34 0 -2
34 0 -2
34 0 -2
34 0 -2
34 0 -2
34 0 -2
34 0 -2
34 2 0
34 2 0
34 2 0
34 2 0
34 2 0
34 2 0
34 2 0
34 2 0
34 2 0
34 2 0
34 2 0
34 2 0
34 2 0
34 2 0
34 2 0
34 2 0
34 2 0
34 2 0
34 2 0
34 2 0
34 2 0
34 2 0
34 2 0
34 2 0
34 2 0
34 2 0
34 2 0
34 0 2
34 0 2
34 0 2
34 0 2
34 0 2
34 0 2
34 0 2
34 0 2
34 0 2
34 0 2
34 0 2
34 0 2
34 0 2
34 0 2
34 0 2
34 0 2
34 0 2
34 0 2
34 0 2
34 0 2
34 0 2
34 0 2
34 0 2
34 0 2
34 0 2
34 0 2
34 0 2
35 -2 0
35 -2 0
35 -2 0
35 -2 0
35 -2 0
35 -2 0
35 -2 0
35 -2 0
35 -2 0
35 -2 0
35 -2 0
35 -2 0
35 -2 0
35 -2 0
35 -2 0
35 -2 0
35 -2 0
35 -2 0
35 -2 0
35 -2 0
35 -2 0
35 -2 0
35 -2 0
35 -2 0
35 -2 0
35 -2 0
35 -2 0
35 0 -2
35 0 -2
35 0 -2
35 0 -2
35 0 -2
35 0 -2
35 0 -2
35 0 -2
35 0 -2
35 0 -2
35 0 -2
35 0 -2
35 0 -2
35 0 -2
35 0 -2
35 0 -2
35 0 -2
35 0 -2
35 0 -2
35 0 -2
35 0 -2
35 0 -2
35 0 -2
35 0 -2
35 0 -2
35 0 -2
35 0 -2
35 2 0
35 2 0
35 2 0
35 2 0
35 2 0
35 2 0
35 2 0
35 2 0
35 2 0
35 2 0
35 2 0
35 2 0
35 2 0
35 2 0
35 2 0
35 2 0
35 2 0
35 2 0
35 2 0
35 2 0
35 2 0
35 2 0
35 2 0
35 2 0
35 2 0
35 2 0
35 2 0
35 0 2
35 0 2
35 0 2
35 0 2
35 0 2
35 0 2
35 0 2
35 0 2
35 0 2
35 0 2
35 0 2
35 0 2
35 0 2
35 0 2
35 0 2
35 0 2
35 0 2
35 0 2
35 0 2
35 0 2
35 0 2
35 0 2
35 0 2
35 0 2
35 0 2
35 0 2
35 0 2
36 -2 0
36 -2 0
36 -2 0
36 -2 0
36 -2 0
36 -2 0
36 -2 0
36 -2 0
36 -2 0
36 -2 0
36 -2 0
36 -2 0
36 -2 0
36 -2 0
36 -2 0
36 -2 0
36 -2 0
36 -2 0
36 -2 0
36 -2 0
36 -2 0
36 -2 0
36 -2 0
36 -2 0
36 -2 0
36 -2 0
36 -2 0
36 0 -2
36 0 -2
36 0 -2
36 0 -2
36 0 -2
36 0 -2
36 0 -2
36 0 -2
36 0 -2
36 0 -2
36 0 -2
36 0 -2
36 0 -2
36 0 -2
36 0 -2
36 0 -2
36 0 -2
36 0 -2
36 0 -2
36 0 -2
36 0 -2
36 0 -2
36 0 -2
36 0 -2
36 0 -2
36 0 -2
36 0 -2
36 2 0
36 2 0
36 2 0
36 2 0
36 2 0
36 2 0
36 2 0
36 2 0
36 2 0
36 2 0
36 2 0
36 2 0
36 2 0
36 2 0
36 2 0
36 2 0
36 2 0
36 2 0
36 2 0
36 2 0
36 2 0
36 2 0
36 2 0
36 2 0
36 2 0
36 2 0
36 2 0
36 0 2
36 0 2
36 0 2
36 0 2
36 0 2
36 0 2
36 0 2
36 0 2
36 0 2
36 0 2
36 0 2
36 0 2
36 0 2
36 0 2
36 0 2
36 0 2
36 0 2
36 0 2
36 0 2
36 0 2
36 0 2
36 0 2
36 0 2
36 0 2
36 0 2
36 0 2
36 0 2
37 -2 0
37 -2 0
37 -2 0
37 -2 0
37 -2 0
37 -2 0
37 -2 0
37 -2 0
37 -2 0
37 -2 0
37 -2 0
37 -2 0
37 -2 0
37 -2 0
37 -2 0
37 -2 0
37 -2 0
37 -2 0
37 -2 0
37 -2 0
37 -2 0
37 -2 0
37 -2 0
37 -2 0
37 -2 0
37 -2 0
37 -2 0
37 0 -2
37 0 -2
37 0 -2
37 0 -2
37 0 -2
37 0 -2
37 0 -2
37 0 -2
37 0 -2
37 0 -2
37 0 -2
37 0 -2
37 0 -2
37 0 -2
37 0 -2
37 0 -2
37 0 -2
37 0 -2
37 0 -2
37 0 -2
37 0 -2
37 0 -2
37 0 -2
37 0 -2
37 0 -2
37 0 -2
37 0 -2
37 2 0
37 2 0
37 2 0
37 2 0
37 2 0
37 2 0
37 2 0
37 2 0
37 2 0
37 2 0
37 2 0
37 2 0
37 2 0
37 2 0
37 2 0
37 2 0
37 2 0
37 2 0
37 2 0
37 2 0
37 2 0
37 2 0
37 2 0
37 2 0
37 2 0
37 2 0
37 2 0
37 0 2
37 0 2
37 0 2
37 0 2
37 0 2
37 0 2
37 0 2
37 0 2
37 0 2
37 0 2
37 0 2
37 0 2
37 0 2
37 0 2
37 0 2
37 0 2
37 0 2
37 0 2
37 0 2
37 0 2
37 0 2
37 0 2
37 0 2
37 0 2
37 0 2
37 0 2
37 0 2
38 -2 0
38 -2 0
38 -2 0
38 -2 0
38 -2 0
38 -2 0
38 -2 0
38 -2 0
38 -2 0
38 -2 0
38 -2 0
38 -2 0
38 -2 0
38 -2 0
38 -2 0
38 -2 0
38 -2 0
38 -2 0
38 -2 0
38 -2 0
38 -2 0
38 -2 0
38 -2 0
38 -2 0
38 -2 0
38 -2 0
38 -2 0
38 0 -2
38 0 -2
38 0 -2
38 0 -2
38 0 -2
38 0 -2
38 0 -2
38 0 -2
38 0 -2
38 0 -2
38 0 -2
38 0 -2
38 0 -2
38 0 -2
38 0 -2
38 0 -2
38 0 -2
38 0 -2
38 0 -2
38 0 -2
38 0 -2
38 0 -2
38 0 -2
38 0 -2
38 0 -2
38 0 -2
38 0 -2
38 2 0
38 2 0
38 2 0
38 2 0
38 2 0
38 2 0
38 2 0
38 2 0
38 2 0
38 2 0
38 2 0
38 2 0
38 2 0
38 2 0
38 2 0
38 2 0
38 2 0
38 2 0
38 2 0
38 2 0
38 2 0
38 2 0
38 2 0
38 2 0
38 2 0
38 2 0
38 2 0
38 0 2
38 0 2
38 0 2
38 0 2
38 0 2
38 0 2
38 0 2
38 0 2
38 0 2
38 0 2
38 0 2
38 0 2
38 0 2
38 0 2
38 0 2
38 0 2
38 0 2
38 0 2
38 0 2
38 0 2
38 0 2
38 0 2
38 0 2
38 0 2
38 0 2
38 0 2
38 0 2
39 -2 0
39 -2 0
39 -2 0
39 -2 0
39 -2 0
39 -2 0
39 -2 0
39 -2 0
39 -2 0
39 -2 0
39 -2 0
39 -2 0
39 -2 0
39 -2 0
39 -2 0
39 -2 0
39 -2 0
39 -2 0
39 -2 0
39 -2 0
39 -2 0
39 -2 0
39 -2 0
39 -2 0
39 -2 0
39 -2 0
39 -2 0
39 0 -2
39 0 -2
39 0 -2
39 0 -2
39 0 -2
39 0 -2
39 0 -2
39 0 -2
39 0 -2
39 0 -2
39 0 -2
39 0 -2
39 0 -2
39 0 -2
39 0 -2
39 0 -2
39 0 -2
39 0 -2
39 0 -2
39 0 -2
39 0 -2
39 0 -2
39 0 -2
39 0 -2
39 0 -2
39 0 -2
39 0 -2
39 2 0
39 2 0
39 2 0
39 2 0
39 2 0
39 2 0
39 2 0
39 2 0
39 2 0
39 2 0
39 2 0
39 2 0
39 2 0
39 2 0
39 2 0
39 2 0
39 2 0
39 2 0
39 2 0
39 2 0
39 2 0
39 2 0
39 2 0
39 2 0
39 2 0
39 2 0
39 2 0
39 0 2
39 0 2
39 0 2
39 0 2
39 0 2
39 0 2
39 0 2
39 0 2
39 0 2
39 0 2
39 0 2
39 0 2
39 0 2
39 0 2
39 0 2
39 0 2
39 0 2
39 0 2
39 0 2
39 0 2
39 0 2
39 0 2
39 0 2
39 0 2
39 0 2
39 0 2
39 0 2
40 -2 0
40 -2 0
40 -2 0
40 -2 0
40 -2 0
40 -2 0
40 -2 0
40 -2 0
40 -2 0
40 -2 0
40 -2 0
40 -2 0
40 -2 0
40 -2 0
40 -2 0
40 -2 0
40 -2 0
40 -2 0
40 -2 0
40 -2 0
40 -2 0
40 -2 0
40 -2 0
40 -2 0
40 -2 0
40 -2 0
40 -2 0
40 0 -2
40 0 -2
40 0 -2
40 0 -2
40 0 -2
40 0 -2
40 0 -2
40 0 -2
40 0 -2
40 0 -2
40 0 -2
40 0 -2
40 0 -2
40 0 -2
40 0 -2
40 0 -2
40 0 -2
40 0 -2
40 0 -2
40 0 -2
40 0 -2
40 0 -2
40 0 -2
40 0 -2
40 0 -2
40 0 -2
40 0 -2
40 2 0
40 2 0
40 2 0
40 2 0
40 2 0
40 2 0
40 2 0
40 2 0
40 2 0
40 2 0
40 2 0
40 2 0
40 2 0
40 2 0
40 2 0
40 2 0
40 2 0
40 2 0
40 2 0
40 2 0
40 2 0
40 2 0
40 2 0
40 2 0
40 2 0
40 2 0
40 2 0
40 0 2
40 0 2
40 0 2
40 0 2
40 0 2
40 0 2
40 0 2
40 0 2
40 0 2
40 0 2
40 0 2
40 0 2
40 0 2
40 0 2
40 0 2
40 0 2
40 0 2
40 0 2
40 0 2
40 0 2
40 0 2
40 0 2
40 0 2
40 0 2
40 0 2
40 0 2
40 0 2
41 -2 0
41 -2 0
41 -2 0
41 -2 0
41 -2 0
41 -2 0
41 -2 0
41 -2 0
41 -2 0
41 -2 0
41 -2 0
41 -2 0
41 -2 0
41 -2 0
41 -2 0
41 -2 0
41 -2 0
41 -2 0
41 -2 0
41 -2 0
41 -2 0
41 -2 0
41 -2 0
41 -2 0
41 -2 0
41 -2 0
41 -2 0
41 0 -2
41 0 -2
41 0 -2
41 0 -2
41 0 -2
41 0 -2
41 0 -2
41 0 -2
41 0 -2
41 0 -2
41 0 -2
41 0 -2
41 0 -2
41 0 -2
41 0 -2
41 0 -2
41 0 -2
41 0 -2
41 0 -2
41 0 -2
41 0 -2
41 0 -2
41 0 -2
41 0 -2
41 0 -2
41 0 -2
41 0 -2
41 2 0
41 2 0
41 2 0
41 2 0
41 2 0
41 2 0
41 2 0
41 2 0
41 2 0
41 2 0
41 2 0
41 2 0
41 2 0
41 2 0
41 2 0
41 2 0
41 2 0
41 2 0
41 2 0
41 2 0
41 2 0
41 2 0
41 2 0
41 2 0
41 2 0
41 2 0
41 2 0
41 0 2
41 0 2
41 0 2
41 0 2
41 0 2
41 0 2
41 0 2
41 0 2
41 0 2
41 0 2
41 0 2
41 0 2
41 0 2
41 0 2
41 0 2
41 0 2
41 0 2
41 0 2
41 0 2
41 0 2
41 0 2
41 0 2
41 0 2
41 0 2
41 0 2
41 0 2
41 0 2
42 -2 0
42 -2 0
42 -2 0
42 -2 0
42 -2 0
42 -2 0
42 -2 0
42 -2 0
42 -2 0
42 -2 0
42 -2 0
42 -2 0
42 -2 0
42 -2 0
42 -2 0
42 -2 0
42 -2 0
42 -2 0
42 -2 0
42 -2 0
42 -2 0
42 -2 0
42 -2 0
42 -2 0
42 -2 0
42 -2 0
42 -2 0
42 0 -2
42 0 -2
42 0 -2
42 0 -2
42 0 -2
42 0 -2
42 0 -2
42 0 -2
42 0 -2
42 0 -2
42 0 -2
42 0 -2
42 0 -2
42 0 -2
42 0 -2
42 0 -2
42 0 -2
42 0 -2
42 0 -2
42 0 -2
42 0 -2
42 0 -2
42 0 -2
42 0 -2
42 0 -2
42 0 -2
42 0 -2
42 2 0
42 2 0
42 2 0
42 2 0
42 2 0
42 2 0
42 2 0
42 2 0
42 2 0
42 2 0
42 2 0
42 2 0
42 2 0
42 2 0
42 2 0
42 2 0
42 2 0
42 2 0
42 2 0
42 2 0
42 2 0
42 2 0
42 2 0
42 2 0
42 2 0
42 2 0
42 2 0
42 0 2
42 0 2
42 0 2
42 0 2
42 0 2
42 0 2
42 0 2
42 0 2
42 0 2
42 0 2
42 0 2
42 0 2
42 0 2
42 0 2
42 0 2
42 0 2
42 0 2
42 0 2
42 0 2
42 0 2
42 0 2
42 0 2
42 0 2
42 0 2
42 0 2
42 0 2
42 0 2
43 -2 0
43 -2 0
43 -2 0
43 -2 0
43 -2 0
43 -2 0
43 -2 0
43 -2 0
43 -2 0
43 -2 0
43 -2 0
43 -2 0
43 -2 0
43 -2 0
43 -2 0
43 -2 0
43 -2 0
43 -2 0
43 -2 0
43 -2 0
43 -2 0
43 -2 0
43 -2 0
43 -2 0
43 -2 0
43 -2 0
43 -2 0
43 0 -2
43 0 -2
43 0 -2
43 0 -2
43 0 -2
43 0 -2
43 0 -2
43 0 -2
43 0 -2
43 0 -2
43 0 -2
43 0 -2
43 0 -2
43 0 -2
43 0 -2
43 0 -2
43 0 -2
43 0 -2
43 0 -2
43 0 -2
43 0 -2
43 0 -2
43 0 -2
43 0 -2
43 0 -2
43 0 -2
43 0 -2
43 2 0
43 2 0
43 2 0
43 2 0
43 2 0
43 2 0
43 2 0
43 2 0
43 2 0
43 2 0
43 2 0
43 2 0
43 2 0
43 2 0
43 2 0
43 2 0
43 2 0
43 2 0
43 2 0
43 2 0
43 2 0
43 2 0
43 2 0
43 2 0
43 2 0
43 2 0
43 2 0
43 0 2
43 0 2
43 0 2
43 0 2
43 0 2
43 0 2
43 0 2
43 0 2
43 0 2
43 0 2
43 0 2
43 0 2
43 0 2
43 0 2
43 0 2
43 0 2
43 0 2
43 0 2
43 0 2
43 0 2
43 0 2
43 0 2
43 0 2
43 0 2
43 0 2
43 0 2
43 0 2
44 -2 0
44 -2 0
44 -2 0
44 -2 0
44 -2 0
44 -2 0
44 -2 0
44 -2 0
44 -2 0
44 -2 0
44 -2 0
44 -2 0
44 -2 0
44 -2 0
44 -2 0
44 -2 0
44 -2 0
44 -2 0
44 -2 0
44 -2 0
44 -2 0
44 -2 0
44 -2 0
44 -2 0
44 -2 0
44 -2 0
44 -2 0
44 0 -2
44 0 -2
44 0 -2
44 0 -2
44 0 -2
44 0 -2
44 0 -2
44 0 -2
44 0 -2
44 0 -2
44 0 -2
44 0 -2
44 0 -2
44 0 -2
44 0 -2
44 0 -2
44 0 -2
44 0 -2
44 0 -2
44 0 -2
44 0 -2
44 0 -2
44 0 -2
44 0 -2
44 0 -2
44 0 -2
44 0 -2
44 2 0
44 2 0
44 2 0
44 2 0
44 2 0
44 2 0
44 2 0
44 2 0
44 2 0
44 2 0
44 2 0
44 2 0
44 2 0
44 2 0
44 2 0
44 2 0
44 2 0
44 2 0
44 2 0
44 2 0
44 2 0
44 2 0
44 2 0
44 2 0
44 2 0
44 2 0
44 2 0
44 0 2
44 0 2
44 0 2
44 0 2
44 0 2
44 0 2
44 0 2
44 0 2
44 0 2
44 0 2
44 0 2
44 0 2
44 0 2
44 0 2
44 0 2
44 0 2
44 0 2
44 0 2
44 0 2
44 0 2
44 0 2
44 0 2
44 0 2
44 0 2
44 0 2
44 0 2
44 0 2
45 -2 0
45 -2 0
45 -2 0
45 -2 0
45 -2 0
45 -2 0
45 -2 0
45 -2 0
45 -2 0
45 -2 0
45 -2 0
45 -2 0
45 -2 0
45 -2 0
45 -2 0
45 -2 0
45 -2 0
45 -2 0
45 -2 0
45 -2 0
45 -2 0
45 -2 0
45 -2 0
45 -2 0
45 -2 0
45 -2 0
45 -2 0
45 0 -2
45 0 -2
45 0 -2
45 0 -2
45 0 -2
45 0 -2
45 0 -2
45 0 -2
45 0 -2
45 0 -2
45 0 -2
45 0 -2
45 0 -2
45 0 -2
45 0 -2
45 0 -2
45 0 -2
45 0 -2
45 0 -2
45 0 -2
45 0 -2
45 0 -2
45 0 -2
45 0 -2
45 0 -2
45 0 -2
45 0 -2
45 2 0
45 2 0
45 2 0
45 2 0
45 2 0
45 2 0
45 2 0
45 2 0
45 2 0
45 2 0
45 2 0
45 2 0
45 2 0
45 2 0
45 2 0
45 2 0
45 2 0
45 2 0
45 2 0
45 2 0
45 2 0
45 2 0
45 2 0
45 2 0
45 2 0
45 2 0
45 2 0
45 0 2
45 0 2
45 0 2
45 0 2
45 0 2
45 0 2
45 0 2
45 0 2
45 0 2
45 0 2
45 0 2
45 0 2
45 0 2
45 0 2
45 0 2
45 0 2
45 0 2
45 0 2
45 0 2
45 0 2
45 0 2
45 0 2
45 0 2
45 0 2
45 0 2
45 0 2
45 0 2
46 -2 0
46 -2 0
46 -2 0
46 -2 0
46 -2 0
46 -2 0
46 -2 0
46 -2 0
46 -2 0
46 -2 0
46 -2 0
46 -2 0
46 -2 0
46 -2 0
46 -2 0
46 -2 0
46 -2 0
46 -2 0
46 -2 0
46 -2 0
46 -2 0
46 -2 0
46 -2 0
46 -2 0
46 -2 0
46 -2 0
46 -2 0
46 0 -2
46 0 -2
46 0 -2
46 0 -2
46 0 -2
46 0 -2
46 0 -2
46 0 -2
46 0 -2
46 0 -2
46 0 -2
46 0 -2
46 0 -2
46 0 -2
46 0 -2
46 0 -2
46 0 -2
46 0 -2
46 0 -2
46 0 -2
46 0 -2
46 0 -2
46 0 -2
46 0 -2
46 0 -2
46 0 -2
46 0 -2
46 2 0
46 2 0
46 2 0
46 2 0
46 2 0
46 2 0
46 2 0
46 2 0
46 2 0
46 2 0
46 2 0
46 2 0
46 2 0
46 2 0
46 2 0
46 2 0
46 2 0
46 2 0
46 2 0
46 2 0
46 2 0
46 2 0
46 2 0
46 2 0
46 2 0
46 2 0
46 2 0
46 0 2
46 0 2
46 0 2
46 0 2
46 0 2
46 0 2
46 0 2
46 0 2
46 0 2
46 0 2
46 0 2
46 0 2
46 0 2
46 0 2
46 0 2
46 0 2
46 0 2
46 0 2
46 0 2
46 0 2
46 0 2
46 0 2
46 0 2
46 0 2
46 0 2
46 0 2
46 0 2
47 -2 0
47 -2 0
47 -2 0
47 -2 0
47 -2 0
47 -2 0
47 -2 0
47 -2 0
47 -2 0
47 -2 0
47 -2 0
47 -2 0
47 -2 0
47 -2 0
47 -2 0
47 -2 0
47 -2 0
47 -2 0
47 -2 0
47 -2 0
47 -2 0
47 -2 0
47 -2 0
47 -2 0
47 -2 0
47 -2 0
47 -2 0
47 0 -2
47 0 -2
47 0 -2
47 0 -2
47 0 -2
47 0 -2
47 0 -2
47 0 -2
47 0 -2
47 0 -2
47 0 -2
47 0 -2
47 0 -2
47 0 -2
47 0 -2
47 0 -2
47 0 -2
47 0 -2
47 0 -2
47 0 -2
47 0 -2
47 0 -2
47 0 -2
47 0 -2
47 0 -2
47 0 -2
47 0 -2
47 2 0
47 2 0
47 2 0
47 2 0
47 2 0
47 2 0
47 2 0
47 2 0
47 2 0
47 2 0
47 2 0
47 2 0
47 2 0
47 2 0
47 2 0
47 2 0
47 2 0
47 2 0
47 2 0
47 2 0
47 2 0
47 2 0
47 2 0
47 2 0
47 2 0
47 2 0
47 2 0
47 0 2
47 0 2
47 0 2
47 0 2
47 0 2
47 0 2
47 0 2
47 0 2
47 0 2
47 0 2
47 0 2
47 0 2
47 0 2
47 0 2
47 0 2
47 0 2
47 0 2
47 0 2
47 0 2
47 0 2
47 0 2
47 0 2
47 0 2
47 0 2
47 0 2
47 0 2
47 0 2
48 -2 0
48 -2 0
48 -2 0
48 -2 0
48 -2 0
48 -2 0
48 -2 0
48 -2 0
48 -2 0
48 -2 0
48 -2 0
48 -2 0
48 -2 0
48 -2 0
48 -2 0
48 -2 0
48 -2 0
48 -2 0
48 -2 0
48 -2 0
48 -2 0
48 -2 0
48 -2 0
48 -2 0
48 -2 0
48 -2 0
48 -2 0
48 0 -2
48 0 -2
48 0 -2
48 0 -2
48 0 -2
48 0 -2
48 0 -2
48 0 -2
48 0 -2
48 0 -2
48 0 -2
48 0 -2
48 0 -2
48 0 -2
48 0 -2
48 0 -2
48 0 -2
48 0 -2
48 0 -2
48 0 -2
48 0 -2
48 0 -2
48 0 -2
48 0 -2
48 0 -2
48 0 -2
48 0 -2
48 2 0
48 2 0
48 2 0
48 2 0
48 2 0
48 2 0
48 2 0
48 2 0
48 2 0
48 2 0
48 2 0
48 2 0
48 2 0
48 2 0
48 2 0
48 2 0
48 2 0
48 2 0
48 2 0
48 2 0
48 2 0
48 2 0
48 2 0
48 2 0
48 2 0
48 2 0
48 2 0
48 0 2
48 0 2
48 0 2
48 0 2
48 0 2
48 0 2
48 0 2
48 0 2
48 0 2
48 0 2
48 0 2
48 0 2
48 0 2
48 0 2
48 0 2
48 0 2
48 0 2
48 0 2
48 0 2
48 0 2
48 0 2
48 0 2
48 0 2
48 0 2
48 0 2
48 0 2
48 0 2
49 -2 0
49 -2 0
49 -2 0
49 -2 0
49 -2 0
49 -2 0
49 -2 0
49 -2 0
49 -2 0
49 -2 0
49 -2 0
49 -2 0
49 -2 0
49 -2 0
49 -2 0
49 -2 0
49 -2 0
49 -2 0
49 -2 0
49 -2 0
49 -2 0
49 -2 0
49 -2 0
49 -2 0
49 -2 0
49 -2 0
49 -2 0
49 0 -2
49 0 -2
49 0 -2
49 0 -2
49 0 -2
49 0 -2
49 0 -2
49 0 -2
49 0 -2
49 0 -2
49 0 -2
49 0 -2
49 0 -2
49 0 -2
49 0 -2
49 0 -2
49 0 -2
49 0 -2
49 0 -2
49 0 -2
49 0 -2
49 0 -2
49 0 -2
49 0 -2
49 0 -2
49 0 -2
49 0 -2
49 2 0
49 2 0
49 2 0
49 2 0
49 2 0
49 2 0
49 2 0
49 2 0
49 2 0
49 2 0
49 2 0
49 2 0
49 2 0
49 2 0
49 2 0
49 2 0
49 2 0
49 2 0
49 2 0
49 2 0
49 2 0
49 2 0
49 2 0
49 2 0
49 2 0
49 2 0
49 2 0
49 0 2
49 0 2
49 0 2
49 0 2
49 0 2
49 0 2
49 0 2
49 0 2
49 0 2
49 0 2
49 0 2
49 0 2
49 0 2
49 0 2
49 0 2
49 0 2
49 0 2
49 0 2
49 0 2
49 0 2
49 0 2
49 0 2
49 0 2
49 0 2
49 0 2
49 0 2
49 0 2
50 -2 0
50 -2 0
50 -2 0
50 -2 0
50 -2 0
50 -2 0
50 -2 0
50 -2 0
50 -2 0
50 -2 0
50 -2 0
50 -2 0
50 -2 0
50 -2 0
50 -2 0
50 -2 0
50 -2 0
50 -2 0
50 -2 0
50 -2 0
50 -2 0
50 -2 0
50 -2 0
50 -2 0
50 -2 0
50 -2 0
50 -2 0
50 0 -2
50 0 -2
50 0 -2
50 0 -2
50 0 -2
50 0 -2
50 0 -2
50 0 -2
50 0 -2
50 0 -2
50 0 -2
50 0 -2
50 0 -2
50 0 -2
50 0 -2
50 0 -2
50 0 -2
50 0 -2
50 0 -2
50 0 -2
50 0 -2
50 0 -2
50 0 -2
50 0 -2
50 0 -2
50 0 -2
50 0 -2
50 2 0
50 2 0
50 2 0
50 2 0
50 2 0
50 2 0
50 2 0
50 2 0
50 2 0
50 2 0
50 2 0
50 2 0
50 2 0
50 2 0
50 2 0
50 2 0
50 2 0
50 2 0
50 2 0
50 2 0
50 2 0
50 2 0
50 2 0
50 2 0
50 2 0
50 2 0
50 2 0
50 0 2
50 0 2
50 0 2
50 0 2
50 0 2
50 0 2
50 0 2
50 0 2
50 0 2
50 0 2
50 0 2
50 0 2
50 0 2
50 0 2
50 0 2
50 0 2
50 0 2
50 0 2
50 0 2
50 0 2
50 0 2
50 0 2
50 0 2
50 0 2
50 0 2
50 0 2
50 0 2
51 -2 0
51 -2 0
51 -2 0
51 -2 0
51 -2 0
51 -2 0
51 -2 0
51 -2 0
51 -2 0
51 -2 0
51 -2 0
51 -2 0
51 -2 0
51 -2 0
51 -2 0
51 -2 0
51 -2 0
51 -2 0
51 -2 0
51 -2 0
51 -2 0
51 -2 0
51 -2 0
51 -2 0
51 -2 0
51 -2 0
51 -2 0
51 0 -2
51 0 -2
51 0 -2
51 0 -2
51 0 -2
51 0 -2
51 0 -2
51 0 -2
51 0 -2
51 0 -2
51 0 -2
51 0 -2
51 0 -2
51 0 -2
51 0 -2
51 0 -2
51 0 -2
51 0 -2
51 0 -2
51 0 -2
51 0 -2
51 0 -2
51 0 -2
51 0 -2
51 0 -2
51 0 -2
51 0 -2
51 2 0
51 2 0
51 2 0
51 2 0
51 2 0
51 2 0
51 2 0
51 2 0
51 2 0
51 2 0
51 2 0
51 2 0
51 2 0
51 2 0
51 2 0
51 2 0
51 2 0
51 2 0
51 2 0
51 2 0
51 2 0
51 2 0
51 2 0
51 2 0
51 2 0
51 2 0
51 2 0
51 0 2
51 0 2
51 0 2
51 0 2
51 0 2
51 0 2
51 0 2
51 0 2
51 0 2
51 0 2
51 0 2
51 0 2
51 0 2
51 0 2
51 0 2
51 0 2
51 0 2
51 0 2
51 0 2
51 0 2
51 0 2
51 0 2
51 0 2
51 0 2
51 0 2
51 0 2
51 0 2
52 -2 0
52 -2 0
52 -2 0
52 -2 0
52 -2 0
52 -2 0
52 -2 0
52 -2 0
52 -2 0
52 -2 0
52 -2 0
52 -2 0
52 -2 0
52 -2 0
52 -2 0
52 -2 0
52 -2 0
52 -2 0
52 -2 0
52 -2 0
52 -2 0
52 -2 0
52 -2 0
52 -2 0
52 -2 0
52 -2 0
52 -2 0
52 0 -2
52 0 -2
52 0 -2
52 0 -2
52 0 -2
52 0 -2
52 0 -2
52 0 -2
52 0 -2
52 0 -2
52 0 -2
52 0 -2
52 0 -2
52 0 -2
52 0 -2
52 0 -2
52 0 -2
52 0 -2
52 0 -2
52 0 -2
52 0 -2
52 0 -2
52 0 -2
52 0 -2
52 0 -2
52 0 -2
52 0 -2
52 2 0
52 2 0
52 2 0
52 2 0
52 2 0
52 2 0
52 2 0
52 2 0
52 2 0
52 2 0
52 2 0
52 2 0
52 2 0
52 2 0
52 2 0
52 2 0
52 2 0
52 2 0
52 2 0
52 2 0
52 2 0
52 2 0
52 2 0
52 2 0
52 2 0
52 2 0
52 2 0
52 0 2
52 0 2
52 0 2
52 0 2
52 0 2
52 0 2
52 0 2
52 0 2
52 0 2
52 0 2
52 0 2
52 0 2
52 0 2
52 0 2
52 0 2
52 0 2
52 0 2
52 0 2
52 0 2
52 0 2
52 0 2
52 0 2
52 0 2
52 0 2
52 0 2
52 0 2
52 0 2
53 -2 0
53 -2 0
53 -2 0
53 -2 0
53 -2 0
53 -2 0
53 -2 0
53 -2 0
53 -2 0
53 -2 0
53 -2 0
53 -2 0
53 -2 0
53 -2 0
53 -2 0
53 -2 0
53 -2 0
53 -2 0
53 -2 0
53 -2 0
53 -2 0
53 -2 0
53 -2 0
53 -2 0
53 -2 0
53 -2 0
53 -2 0
53 0 -2
53 0 -2
53 0 -2
53 0 -2
53 0 -2
53 0 -2
53 0 -2
53 0 -2
53 0 -2
53 0 -2
53 0 -2
53 0 -2
53 0 -2
53 0 -2
53 0 -2
53 0 -2
53 0 -2
53 0 -2
53 0 -2
53 0 -2
53 0 -2
53 0 -2
53 0 -2
53 0 -2
53 0 -2
53 0 -2
53 0 -2
53 2 0
53 2 0
53 2 0
53 2 0
53 2 0
53 2 0
53 2 0
53 2 0
53 2 0
53 2 0
53 2 0
53 2 0
53 2 0
53 2 0
53 2 0
53 2 0
53 2 0
53 2 0
53 2 0
53 2 0
53 2 0
53 2 0
53 2 0
53 2 0
53 2 0
53 2 0
53 2 0
53 0 2
53 0 2
53 0 2
53 0 2
53 0 2
53 0 2
53 0 2
53 0 2
53 0 2
53 0 2
53 0 2
53 0 2
53 0 2
53 0 2
53 0 2
53 0 2
53 0 2
53 0 2
53 0 2
53 0 2
53 0 2
53 0 2
53 0 2
53 0 2
53 0 2
53 0 2
53 0 2
54 -2 0
54 -2 0
54 -2 0
54 -2 0
54 -2 0
54 -2 0
54 -2 0
54 -2 0
54 -2 0
54 -2 0
54 -2 0
54 -2 0
54 -2 0
54 -2 0
54 -2 0
54 -2 0
54 -2 0
54 -2 0
54 -2 0
54 -2 0
54 -2 0
54 -2 0
54 -2 0
54 -2 0
54 -2 0
54 -2 0
54 -2 0
54 0 -2
54 0 -2
54 0 -2
54 0 -2
54 0 -2
54 0 -2
54 0 -2
54 0 -2
54 0 -2
54 0 -2
54 0 -2
54 0 -2
54 0 -2
54 0 -2
54 0 -2
54 0 -2
54 0 -2
54 0 -2
54 0 -2
54 0 -2
54 0 -2
54 0 -2
54 0 -2
54 0 -2
54 0 -2
54 0 -2
54 0 -2
54 2 0
54 2 0
54 2 0
54 2 0
54 2 0
54 2 0
54 2 0
54 2 0
54 2 0
54 2 0
54 2 0
54 2 0
54 2 0
54 2 0
54 2 0
54 2 0
54 2 0
54 2 0
54 2 0
54 2 0
54 2 0
54 2 0
54 2 0
54 2 0
54 2 0
54 2 0
54 2 0
54 0 2
54 0 2
54 0 2
54 0 2
54 0 2
54 0 2
54 0 2
54 0 2
54 0 2
54 0 2
54 0 2
54 0 2
54 0 2
54 0 2
54 0 2
54 0 2
54 0 2
54 0 2
54 0 2
54 0 2
54 0 2
54 0 2
54 0 2
54 0 2
54 0 2
54 0 2
54 0 2
55 -2 0
55 -2 0
55 -2 0
55 -2 0
55 -2 0
55 -2 0
55 -2 0
55 -2 0
55 -2 0
55 -2 0
55 -2 0
55 -2 0
55 -2 0
55 -2 0
55 -2 0
55 -2 0
55 -2 0
55 -2 0
55 -2 0
55 -2 0
55 -2 0
55 -2 0
55 -2 0
55 -2 0
55 -2 0
55 -2 0
55 -2 0
55 0 -2
55 0 -2
55 0 -2
55 0 -2
55 0 -2
55 0 -2
55 0 -2
55 0 -2
55 0 -2
55 0 -2
55 0 -2
55 0 -2
55 0 -2
55 0 -2
55 0 -2
55 0 -2
55 0 -2
55 0 -2
55 0 -2
55 0 -2
55 0 -2
55 0 -2
55 0 -2
55 0 -2
55 0 -2
55 0 -2
55 0 -2
55 2 0
55 2 0
55 2 0
55 2 0
55 2 0
55 2 0
55 2 0
55 2 0
55 2 0
55 2 0
55 2 0
55 2 0
55 2 0
55 2 0
55 2 0
55 2 0
55 2 0
55 2 0
55 2 0
55 2 0
55 2 0
55 2 0
55 2 0
55 2 0
55 2 0
55 2 0
55 2 0
55 0 2
55 0 2
55 0 2
55 0 2
55 0 2
55 0 2
55 0 2
55 0 2
55 0 2
55 0 2
55 0 2
55 0 2
55 0 2
55 0 2
55 0 2
55 0 2
55 0 2
55 0 2
55 0 2
55 0 2
55 0 2
55 0 2
55 0 2
55 0 2
55 0 2
55 0 2
55 0 2
56 -2 0
56 -2 0
56 -2 0
56 -2 0
56 -2 0
56 -2 0
56 -2 0
56 -2 0
56 -2 0
56 -2 0
56 -2 0
56 -2 0
56 -2 0
56 -2 0
56 -2 0
56 -2 0
56 -2 0
56 -2 0
56 -2 0
56 -2 0
56 -2 0
56 -2 0
56 -2 0
56 -2 0
56 -2 0
56 -2 0
56 -2 0
56 0 -2
56 0 -2
56 0 -2
56 0 -2
56 0 -2
56 0 -2
56 0 -2
56 0 -2
56 0 -2
56 0 -2
56 0 -2
56 0 -2
56 0 -2
56 0 -2
56 0 -2
56 0 -2
56 0 -2
56 0 -2
56 0 -2
56 0 -2
56 0 -2
56 0 -2
56 0 -2
56 0 -2
56 0 -2
56 0 -2
56 0 -2
56 2 0
56 2 0
56 2 0
56 2 0
56 2 0
56 2 0
56 2 0
56 2 0
56 2 0
56 2 0
56 2 0
56 2 0
56 2 0
56 2 0
56 2 0
56 2 0
56 2 0
56 2 0
56 2 0
56 2 0
56 2 0
56 2 0
56 2 0
56 2 0
56 2 0
56 2 0
56 2 0
56 0 2
56 0 2
56 0 2
56 0 2
56 0 2
56 0 2
56 0 2
56 0 2
56 0 2
56 0 2
56 0 2
56 0 2
56 0 2
56 0 2
56 0 2
56 0 2
56 0 2
56 0 2
56 0 2
56 0 2
56 0 2
56 0 2
56 0 2
56 0 2
56 0 2
56 0 2
56 0 2
57 -2 0
57 -2 0
57 -2 0
57 -2 0
57 -2 0
57 -2 0
57 -2 0
57 -2 0
57 -2 0
57 -2 0
57 -2 0
57 -2 0
57 -2 0
57 -2 0
57 -2 0
57 -2 0
57 -2 0
57 -2 0
57 -2 0
57 -2 0
57 -2 0
57 -2 0
57 -2 0
57 -2 0
57 -2 0
57 -2 0
57 -2 0
57 0 -2
57 0 -2
57 0 -2
57 0 -2
57 0 -2
57 0 -2
57 0 -2
57 0 -2
57 0 -2
57 0 -2
57 0 -2
57 0 -2
57 0 -2
57 0 -2
57 0 -2
57 0 -2
57 0 -2
57 0 -2
57 0 -2
57 0 -2
57 0 -2
57 0 -2
57 0 -2
57 0 -2
57 0 -2
57 0 -2
57 0 -2
57 2 0
57 2 0
57 2 0
57 2 0
57 2 0
57 2 0
57 2 0
57 2 0
57 2 0
57 2 0
57 2 0
57 2 0
57 2 0
57 2 0
57 2 0
57 2 0
57 2 0
57 2 0
57 2 0
57 2 0
57 2 0
57 2 0
57 2 0
57 2 0
57 2 0
57 2 0
57 2 0
57 0 2
57 0 2
57 0 2
57 0 2
57 0 2
57 0 2
57 0 2
57 0 2
57 0 2
57 0 2
57 0 2
57 0 2
57 0 2
57 0 2
57 0 2
57 0 2
57 0 2
57 0 2
57 0 2
57 0 2
57 0 2
57 0 2
57 0 2
57 0 2
57 0 2
57 0 2
57 0 2
58 -2 0
58 -2 0
58 -2 0
58 -2 0
58 -2 0
58 -2 0
58 -2 0
58 -2 0
58 -2 0
58 -2 0
58 -2 0
58 -2 0
58 -2 0
58 -2 0
58 -2 0
58 -2 0
58 -2 0
58 -2 0
58 -2 0
58 -2 0
58 -2 0
58 -2 0
58 -2 0
58 -2 0
58 -2 0
58 -2 0
58 -2 0
58 0 -2
58 0 -2
58 0 -2
58 0 -2
58 0 -2
58 0 -2
58 0 -2
58 0 -2
58 0 -2
58 0 -2
58 0 -2
58 0 -2
58 0 -2
58 0 -2
58 0 -2
58 0 -2
58 0 -2
58 0 -2
58 0 -2
58 0 -2
58 0 -2
58 0 -2
58 0 -2
58 0 -2
58 0 -2
58 0 -2
58 0 -2
58 2 0
58 2 0
58 2 0
58 2 0
58 2 0
58 2 0
58 2 0
58 2 0
58 2 0
58 2 0
58 2 0
58 2 0
58 2 0
58 2 0
58 2 0
58 2 0
58 2 0
58 2 0
58 2 0
58 2 0
58 2 0
58 2 0
58 2 0
58 2 0
58 2 0
58 2 0
58 2 0
58 0 2
58 0 2
58 0 2
58 0 2
58 0 2
58 0 2
58 0 2
58 0 2
58 0 2
58 0 2
58 0 2
58 0 2
58 0 2
58 0 2
58 0 2
58 0 2
58 0 2
58 0 2
58 0 2
58 0 2
58 0 2
58 0 2
58 0 2
58 0 2
58 0 2
58 0 2
58 0 2
59 -2 0
59 -2 0
59 -2 0
59 -2 0
59 -2 0
59 -2 0
59 -2 0
59 -2 0
59 -2 0
59 -2 0
59 -2 0
59 -2 0
59 -2 0
59 -2 0
59 -2 0
59 -2 0
59 -2 0
59 -2 0
59 -2 0
59 -2 0
59 -2 0
59 -2 0
59 -2 0
59 -2 0
59 -2 0
59 -2 0
59 -2 0
59 0 -2
59 0 -2
59 0 -2
59 0 -2
59 0 -2
59 0 -2
59 0 -2
59 0 -2
59 0 -2
59 0 -2
59 0 -2
59 0 -2
59 0 -2
59 0 -2
59 0 -2
59 0 -2
59 0 -2
59 0 -2
59 0 -2
59 0 -2
59 0 -2
59 0 -2
59 0 -2
59 0 -2
59 0 -2
59 0 -2
59 0 -2
59 2 0
59 2 0
59 2 0
59 2 0
59 2 0
59 2 0
59 2 0
59 2 0
59 2 0
59 2 0
59 2 0
59 2 0
59 2 0
59 2 0
59 2 0
59 2 0
59 2 0
59 2 0
59 2 0
59 2 0
59 2 0
59 2 0
59 2 0
59 2 0
59 2 0
59 2 0
59 2 0
59 0 2
59 0 2
59 0 2
59 0 2
59 0 2
59 0 2
59 0 2
59 0 2
59 0 2
59 0 2
59 0 2
59 0 2
59 0 2
59 0 2
59 0 2
59 0 2
59 0 2
59 0 2
59 0 2
59 0 2
59 0 2
59 0 2
59 0 2
59 0 2
59 0 2
59 0 2
59 0 2
60 -2 0
60 -2 0
60 -2 0
60 -2 0
60 -2 0
60 -2 0
60 -2 0
60 -2 0
60 -2 0
60 -2 0
60 -2 0
60 -2 0
60 -2 0
60 -2 0
60 -2 0
60 -2 0
60 -2 0
60 -2 0
60 -2 0
60 -2 0
60 -2 0
60 -2 0
60 -2 0
60 -2 0
60 -2 0
60 -2 0
60 -2 0
60 0 -2
60 0 -2
60 0 -2
60 0 -2
60 0 -2
60 0 -2
60 0 -2
60 0 -2
60 0 -2
60 0 -2
60 0 -2
60 0 -2
60 0 -2
60 0 -2
60 0 -2
60 0 -2
60 0 -2
60 0 -2
60 0 -2
60 0 -2
60 0 -2
60 0 -2
60 0 -2
60 0 -2
60 0 -2
60 0 -2
60 0 -2
60 2 0
60 2 0
60 2 0
60 2 0
60 2 0
60 2 0
60 2 0
60 2 0
60 2 0
60 2 0
60 2 0
60 2 0
60 2 0
60 2 0
60 2 0
60 2 0
60 2 0
60 2 0
60 2 0
60 2 0
60 2 0
60 2 0
60 2 0
60 2 0
60 2 0
60 2 0
60 2 0
60 0 2
60 0 2
60 0 2
60 0 2
60 0 2
60 0 2
60 0 2
60 0 2
60 0 2
60 0 2
60 0 2
60 0 2
60 0 2
60 0 2
60 0 2
60 0 2
60 0 2
60 0 2
60 0 2
60 0 2
60 0 2
60 0 2
60 0 2
60 0 2
60 0 2
60 0 2
60 0 2
61 -2 0
61 -2 0
61 -2 0
61 -2 0
61 -2 0
61 -2 0
61 -2 0
61 -2 0
61 -2 0
61 -2 0
61 -2 0
61 -2 0
61 -2 0
61 -2 0
61 -2 0
61 -2 0
61 -2 0
61 -2 0
61 -2 0
61 -2 0
61 -2 0
61 -2 0
61 -2 0
61 -2 0
61 -2 0
61 -2 0
61 -2 0
61 0 -2
61 0 -2
61 0 -2
61 0 -2
61 0 -2
61 0 -2
61 0 -2
61 0 -2
61 0 -2
61 0 -2
61 0 -2
61 0 -2
61 0 -2
61 0 -2
61 0 -2
61 0 -2
61 0 -2
61 0 -2
61 0 -2
61 0 -2
61 0 -2
61 0 -2
61 0 -2
61 0 -2
61 0 -2
61 0 -2
61 0 -2
61 2 0
61 2 0
61 2 0
61 2 0
61 2 0
61 2 0
61 2 0
61 2 0
61 2 0
61 2 0
61 2 0
61 2 0
61 2 0
61 2 0
61 2 0
61 2 0
61 2 0
61 2 0
61 2 0
61 2 0
61 2 0
61 2 0
61 2 0
61 2 0
61 2 0
61 2 0
61 2 0
61 0 2
61 0 2
61 0 2
61 0 2
61 0 2
61 0 2
61 0 2
61 0 2
61 0 2
61 0 2
61 0 2
61 0 2
61 0 2
61 0 2
61 0 2
61 0 2
61 0 2
61 0 2
61 0 2
61 0 2
61 0 2
61 0 2
61 0 2
61 0 2
61 0 2
61 0 2
61 0 2
62 -2 0
62 -2 0
62 -2 0
62 -2 0
62 -2 0
62 -2 0
62 -2 0
62 -2 0
62 -2 0
62 -2 0
62 -2 0
62 -2 0
62 -2 0
62 -2 0
62 -2 0
62 -2 0
62 -2 0
62 -2 0
62 -2 0
62 -2 0
62 -2 0
62 -2 0
62 -2 0
62 -2 0
62 -2 0
62 -2 0
62 -2 0
62 0 -2
62 0 -2
62 0 -2
62 0 -2
62 0 -2
62 0 -2
62 0 -2
62 0 -2
62 0 -2
62 0 -2
62 0 -2
62 0 -2
62 0 -2
62 0 -2
62 0 -2
62 0 -2
62 0 -2
62 0 -2
62 0 -2
62 0 -2
62 0 -2
62 0 -2
62 0 -2
62 0 -2
62 0 -2
62 0 -2
62 0 -2
62 2 0
62 2 0
62 2 0
62 2 0
62 2 0
62 2 0
62 2 0
62 2 0
62 2 0
62 2 0
62 2 0
62 2 0
62 2 0
62 2 0
62 2 0
62 2 0
62 2 0
62 2 0
62 2 0
62 2 0
62 2 0
62 2 0
62 2 0
62 2 0
62 2 0
62 2 0
62 2 0
62 0 2
62 0 2
62 0 2
62 0 2
62 0 2
62 0 2
62 0 2
62 0 2
62 0 2
62 0 2
62 0 2
62 0 2
62 0 2
62 0 2
62 0 2
62 0 2
62 0 2
62 0 2
62 0 2
62 0 2
62 0 2
62 0 2
62 0 2
62 0 2
62 0 2
62 0 2
62 0 2
63 -2 0
63 -2 0
63 -2 0
63 -2 0
63 -2 0
63 -2 0
63 -2 0
63 -2 0
63 -2 0
63 -2 0
63 -2 0
63 -2 0
63 -2 0
63 -2 0
63 -2 0
63 -2 0
63 -2 0
63 -2 0
63 -2 0
63 -2 0
63 -2 0
63 -2 0
63 -2 0
63 -2 0
63 -2 0
63 -2 0
63 -2 0
63 0 -2
63 0 -2
63 0 -2
63 0 -2
63 0 -2
63 0 -2
63 0 -2
63 0 -2
63 0 -2
63 0 -2
63 0 -2
63 0 -2
63 0 -2
63 0 -2
63 0 -2
63 0 -2
63 0 -2
63 0 -2
63 0 -2
63 0 -2
63 0 -2
63 0 -2
63 0 -2
63 0 -2
63 0 -2
63 0 -2
63 0 -2
63 2 0
63 2 0
63 2 0
63 2 0
63 2 0
63 2 0
63 2 0
63 2 0
63 2 0
63 2 0
63 2 0
63 2 0
63 2 0
63 2 0
63 2 0
63 2 0
63 2 0
63 2 0
63 2 0
63 2 0
63 2 0
63 2 0
63 2 0
63 2 0
63 2 0
63 2 0
63 2 0
63 0 2
63 0 2
63 0 2
63 0 2
63 0 2
63 0 2
63 0 2
63 0 2
63 0 2
63 0 2
63 0 2
63 0 2
63 0 2
63 0 2
63 0 2
63 0 2
63 0 2
63 0 2
63 0 2
63 0 2
63 0 2
63 0 2
63 0 2
63 0 2
63 0 2
63 0 2
63 0 2
64 -2 0
64 -2 0
64 -2 0
64 -2 0
64 -2 0
64 -2 0
64 -2 0
64 -2 0
64 -2 0
64 -2 0
64 -2 0
64 -2 0
64 -2 0
64 -2 0
64 -2 0
64 -2 0
64 -2 0
64 -2 0
64 -2 0
64 -2 0
64 -2 0
64 -2 0
64 -2 0
64 -2 0
64 -2 0
64 -2 0
64 -2 0
64 0 -2
64 0 -2
64 0 -2
64 0 -2
64 0 -2
64 0 -2
64 0 -2
64 0 -2
64 0 -2
64 0 -2
64 0 -2
64 0 -2
64 0 -2
64 0 -2
64 0 -2
64 0 -2
64 0 -2
64 0 -2
64 0 -2
64 0 -2
64 0 -2
64 0 -2
64 0 -2
64 0 -2
64 0 -2
64 0 -2
64 0 -2
64 2 0
64 2 0
64 2 0
64 2 0
64 2 0
64 2 0
64 2 0
64 2 0
64 2 0
64 2 0
64 2 0
64 2 0
64 2 0
64 2 0
64 2 0
64 2 0
64 2 0
64 2 0
64 2 0
64 2 0
64 2 0
64 2 0
64 2 0
64 2 0
64 2 0
64 2 0
64 2 0
64 0 2
64 0 2
64 0 2
64 0 2
64 0 2
64 0 2
64 0 2
64 0 2
64 0 2
64 0 2
64 0 2
64 0 2
64 0 2
64 0 2
64 0 2
64 0 2
64 0 2
64 0 2
64 0 2
64 0 2
64 0 2
64 0 2
64 0 2
64 0 2
64 0 2
64 0 2
64 0 2
65 -2 0
65 -2 0
65 -2 0
65 -2 0
65 -2 0
65 -2 0
65 -2 0
65 -2 0
65 -2 0
65 -2 0
65 -2 0
65 -2 0
65 -2 0
65 -2 0
65 -2 0
65 -2 0
65 -2 0
65 -2 0
65 -2 0
65 -2 0
65 -2 0
65 -2 0
65 -2 0
65 -2 0
65 -2 0
65 -2 0
65 -2 0
65 0 -2
65 0 -2
65 0 -2
65 0 -2
65 0 -2
65 0 -2
65 0 -2
65 0 -2
65 0 -2
65 0 -2
65 0 -2
65 0 -2
65 0 -2
65 0 -2
65 0 -2
65 0 -2
65 0 -2
65 0 -2
65 0 -2
65 0 -2
65 0 -2
65 0 -2
65 0 -2
65 0 -2
65 0 -2
65 0 -2
65 0 -2
65 2 0
65 2 0
65 2 0
65 2 0
65 2 0
65 2 0
65 2 0
65 2 0
65 2 0
65 2 0
65 2 0
65 2 0
65 2 0
65 2 0
65 2 0
65 2 0
65 2 0
65 2 0
65 2 0
65 2 0
65 2 0
65 2 0
65 2 0
65 2 0
65 2 0
65 2 0
65 2 0
65 0 2
65 0 2
65 0 2
65 0 2
65 0 2
65 0 2
65 0 2
65 0 2
65 0 2
65 0 2
65 0 2
65 0 2
65 0 2
65 0 2
65 0 2
65 0 2
65 0 2
65 0 2
65 0 2
65 0 2
65 0 2
65 0 2
65 0 2
65 0 2
65 0 2
65 0 2
65 0 2
66 -2 0
66 -2 0
66 -2 0
66 -2 0
66 -2 0
66 -2 0
66 -2 0
66 -2 0
66 -2 0
66 -2 0
66 -2 0
66 -2 0
66 -2 0
66 -2 0
66 -2 0
66 -2 0
66 -2 0
66 -2 0
66 -2 0
66 -2 0
66 -2 0
66 -2 0
66 -2 0
66 -2 0
66 -2 0
66 -2 0
66 -2 0
66 0 -2
66 0 -2
66 0 -2
66 0 -2
66 0 -2
66 0 -2
66 0 -2
66 0 -2
66 0 -2
66 0 -2
66 0 -2
66 0 -2
66 0 -2
66 0 -2
66 0 -2
66 0 -2
66 0 -2
66 0 -2
66 0 -2
66 0 -2
66 0 -2
66 0 -2
66 0 -2
66 0 -2
66 0 -2
66 0 -2
66 0 -2
66 2 0
66 2 0
66 2 0
66 2 0
66 2 0
66 2 0
66 2 0
66 2 0
66 2 0
66 2 0
66 2 0
66 2 0
66 2 0
66 2 0
66 2 0
66 2 0
66 2 0
66 2 0
66 2 0
66 2 0
66 2 0
66 2 0
66 2 0
66 2 0
66 2 0
66 2 0
66 2 0
66 0 2
66 0 2
66 0 2
66 0 2
66 0 2
66 0 2
66 0 2
66 0 2
66 0 2
66 0 2
66 0 2
66 0 2
66 0 2
66 0 2
66 0 2
66 0 2
66 0 2
66 0 2
66 0 2
66 0 2
66 0 2
66 0 2
66 0 2
66 0 2
66 0 2
66 0 2
66 0 2
67 -2 0
67 -2 0
67 -2 0
67 -2 0
67 -2 0
67 -2 0
67 -2 0
67 -2 0
67 -2 0
67 -2 0
67 -2 0
67 -2 0
67 -2 0
67 -2 0
67 -2 0
67 -2 0
67 -2 0
67 -2 0
67 -2 0
67 -2 0
67 -2 0
67 -2 0
67 -2 0
67 -2 0
67 -2 0
67 -2 0
67 -2 0
67 0 -2
67 0 -2
67 0 -2
67 0 -2
67 0 -2
67 0 -2
67 0 -2
67 0 -2
67 0 -2
67 0 -2
67 0 -2
67 0 -2
67 0 -2
67 0 -2
67 0 -2
67 0 -2
67 0 -2
67 0 -2
67 0 -2
67 0 -2
67 0 -2
67 0 -2
67 0 -2
67 0 -2
67 0 -2
67 0 -2
67 0 -2
67 2 0
67 2 0
67 2 0
67 2 0
67 2 0
67 2 0
67 2 0
67 2 0
67 2 0
67 2 0
67 2 0
67 2 0
67 2 0
67 2 0
67 2 0
67 2 0
67 2 0
67 2 0
67 2 0
67 2 0
67 2 0
67 2 0
67 2 0
67 2 0
67 2 0
67 2 0
67 2 0
67 0 2
67 0 2
67 0 2
67 0 2
67 0 2
67 0 2
67 0 2
67 0 2
67 0 2
67 0 2
67 0 2
67 0 2
67 0 2
67 0 2
67 0 2
67 0 2
67 0 2
67 0 2
67 0 2
67 0 2
67 0 2
67 0 2
67 0 2
67 0 2
67 0 2
67 0 2
67 0 2
68 -2 0
68 -2 0
68 -2 0
68 -2 0
68 -2 0
68 -2 0
68 -2 0
68 -2 0
68 -2 0
68 -2 0
68 -2 0
68 -2 0
68 -2 0
68 -2 0
68 -2 0
68 -2 0
68 -2 0
68 -2 0
68 -2 0
68 -2 0
68 -2 0
68 -2 0
68 -2 0
68 -2 0
68 -2 0
68 -2 0
68 -2 0
68 0 -2
68 0 -2
68 0 -2
68 0 -2
68 0 -2
68 0 -2
68 0 -2
68 0 -2
68 0 -2
68 0 -2
68 0 -2
68 0 -2
68 0 -2
68 0 -2
68 0 -2
68 0 -2
68 0 -2
68 0 -2
68 0 -2
68 0 -2
68 0 -2
68 0 -2
68 0 -2
68 0 -2
68 0 -2
68 0 -2
68 0 -2
68 2 0
68 2 0
68 2 0
68 2 0
68 2 0
68 2 0
68 2 0
68 2 0
68 2 0
68 2 0
68 2 0
68 2 0
68 2 0
68 2 0
68 2 0
68 2 0
68 2 0
68 2 0
68 2 0
68 2 0
68 2 0
68 2 0
68 2 0
68 2 0
68 2 0
68 2 0
68 2 0
68 0 2
68 0 2
68 0 2
68 0 2
68 0 2
68 0 2
68 0 2
68 0 2
68 0 2
68 0 2
68 0 2
68 0 2
68 0 2
68 0 2
68 0 2
68 0 2
68 0 2
68 0 2
68 0 2
68 0 2
68 0 2
68 0 2
68 0 2
68 0 2
68 0 2
68 0 2
68 0 2
69 -2 0
69 -2 0
69 -2 0
69 -2 0
69 -2 0
69 -2 0
69 -2 0
69 -2 0
69 -2 0
69 -2 0
69 -2 0
69 -2 0
69 -2 0
69 -2 0
69 -2 0
69 -2 0
69 -2 0
69 -2 0
69 -2 0
69 -2 0
69 -2 0
69 -2 0
69 -2 0
69 -2 0
69 -2 0
69 -2 0
69 -2 0
69 0 -2
69 0 -2
69 0 -2
69 0 -2
69 0 -2
69 0 -2
69 0 -2
69 0 -2
69 0 -2
69 0 -2
69 0 -2
69 0 -2
69 0 -2
69 0 -2
69 0 -2
69 0 -2
69 0 -2
69 0 -2
69 0 -2
69 0 -2
69 0 -2
69 0 -2
69 0 -2
69 0 -2
69 0 -2
69 0 -2
69 0 -2
69 2 0
69 2 0
69 2 0
69 2 0
69 2 0
69 2 0
69 2 0
69 2 0
69 2 0
69 2 0
69 2 0
69 2 0
69 2 0
69 2 0
69 2 0
69 2 0
69 2 0
69 2 0
69 2 0
69 2 0
69 2 0
69 2 0
69 2 0
69 2 0
69 2 0
69 2 0
69 2 0
69 0 2
69 0 2
69 0 2
69 0 2
69 0 2
69 0 2
69 0 2
69 0 2
69 0 2
69 0 2
69 0 2
69 0 2
69 0 2
69 0 2
69 0 2
69 0 2
69 0 2
69 0 2
69 0 2
69 0 2
69 0 2
69 0 2
69 0 2
69 0 2
69 0 2
69 0 2
69 0 2
70 -2 0
70 -2 0
70 -2 0
70 -2 0
70 -2 0
70 -2 0
70 -2 0
70 -2 0
70 -2 0
70 -2 0
70 -2 0
70 -2 0
70 -2 0
70 -2 0
70 -2 0
70 -2 0
70 -2 0
70 -2 0
70 -2 0
70 -2 0
70 -2 0
70 -2 0
70 -2 0
70 -2 0
70 -2 0
70 -2 0
70 -2 0
70 0 -2
70 0 -2
70 0 -2
70 0 -2
70 0 -2
70 0 -2
70 0 -2
70 0 -2
70 0 -2
70 0 -2
70 0 -2
70 0 -2
70 0 -2
70 0 -2
70 0 -2
70 0 -2
70 0 -2
70 0 -2
70 0 -2
70 0 -2
70 0 -2
70 0 -2
70 0 -2
70 0 -2
70 0 -2
70 0 -2
70 0 -2
70 2 0
70 2 0
70 2 0
70 2 0
70 2 0
70 2 0
70 2 0
70 2 0
70 2 0
70 2 0
70 2 0
70 2 0
70 2 0
70 2 0
70 2 0
70 2 0
70 2 0
70 2 0
70 2 0
70 2 0
70 2 0
70 2 0
70 2 0
70 2 0
70 2 0
70 2 0
70 2 0
70 0 2
70 0 2
70 0 2
70 0 2
70 0 2
70 0 2
70 0 2
70 0 2
70 0 2
70 0 2
70 0 2
70 0 2
70 0 2
70 0 2
70 0 2
70 0 2
70 0 2
70 0 2
70 0 2
70 0 2
70 0 2
70 0 2
70 0 2
70 0 2
70 0 2
70 0 2
70 0 2
71 -2 0
71 -2 0
71 -2 0
71 -2 0
71 -2 0
71 -2 0
71 -2 0
71 -2 0
71 -2 0
71 -2 0
71 -2 0
71 -2 0
71 -2 0
71 -2 0
71 -2 0
71 -2 0
71 -2 0
71 -2 0
71 -2 0
71 -2 0
71 -2 0
71 -2 0
71 -2 0
71 -2 0
71 -2 0
71 -2 0
71 -2 0
71 0 -2
71 0 -2
71 0 -2
71 0 -2
71 0 -2
71 0 -2
71 0 -2
71 0 -2
71 0 -2
71 0 -2
71 0 -2
71 0 -2
71 0 -2
71 0 -2
71 0 -2
71 0 -2
71 0 -2
71 0 -2
71 0 -2
71 0 -2
71 0 -2
71 0 -2
71 0 -2
71 0 -2
71 0 -2
71 0 -2
71 0 -2
71 2 0
71 2 0
71 2 0
71 2 0
71 2 0
71 2 0
71 2 0
71 2 0
71 2 0
71 2 0
71 2 0
71 2 0
71 2 0
71 2 0
71 2 0
71 2 0
71 2 0
71 2 0
71 2 0
71 2 0
71 2 0
71 2 0
71 2 0
71 2 0
71 2 0
71 2 0
71 2 0
71 0 2
71 0 2
71 0 2
71 0 2
71 0 2
71 0 2
71 0 2
71 0 2
71 0 2
71 0 2
71 0 2
71 0 2
71 0 2
71 0 2
71 0 2
71 0 2
71 0 2
71 0 2
71 0 2
71 0 2
71 0 2
71 0 2
71 0 2
71 0 2
71 0 2
71 0 2
71 0 2
72 -2 0
72 -2 0
72 -2 0
72 -2 0
72 -2 0
72 -2 0
72 -2 0
72 -2 0
72 -2 0
72 -2 0
72 -2 0
72 -2 0
72 -2 0
72 -2 0
72 -2 0
72 -2 0
72 -2 0
72 -2 0
72 -2 0
72 -2 0
72 -2 0
72 -2 0
72 -2 0
72 -2 0
72 -2 0
72 -2 0
72 -2 0
72 0 -2
72 0 -2
72 0 -2
72 0 -2
72 0 -2
72 0 -2
72 0 -2
72 0 -2
72 0 -2
72 0 -2
72 0 -2
72 0 -2
72 0 -2
72 0 -2
72 0 -2
72 0 -2
72 0 -2
72 0 -2
72 0 -2
72 0 -2
72 0 -2
72 0 -2
72 0 -2
72 0 -2
72 0 -2
72 0 -2
72 0 -2
72 2 0
72 2 0
72 2 0
72 2 0
72 2 0
72 2 0
72 2 0
72 2 0
72 2 0
72 2 0
72 2 0
72 2 0
72 2 0
72 2 0
72 2 0
72 2 0
72 2 0
72 2 0
72 2 0
72 2 0
72 2 0
72 2 0
72 2 0
72 2 0
72 2 0
72 2 0
72 2 0
72 0 2
72 0 2
72 0 2
72 0 2
72 0 2
72 0 2
72 0 2
72 0 2
72 0 2
72 0 2
72 0 2
72 0 2
72 0 2
72 0 2
72 0 2
72 0 2
72 0 2
72 0 2
72 0 2
72 0 2
72 0 2
72 0 2
72 0 2
72 0 2
72 0 2
72 0 2
72 0 2
73 -2 0
73 -2 0
73 -2 0
73 -2 0
73 -2 0
73 -2 0
73 -2 0
73 -2 0
73 -2 0
73 -2 0
73 -2 0
73 -2 0
73 -2 0
73 -2 0
73 -2 0
73 -2 0
73 -2 0
73 -2 0
73 -2 0
73 -2 0
73 -2 0
73 -2 0
73 -2 0
73 -2 0
73 -2 0
73 -2 0
73 -2 0
73 0 -2
73 0 -2
73 0 -2
73 0 -2
73 0 -2
73 0 -2
73 0 -2
73 0 -2
73 0 -2
73 0 -2
73 0 -2
73 0 -2
73 0 -2
73 0 -2
73 0 -2
73 0 -2
73 0 -2
73 0 -2
73 0 -2
73 0 -2
73 0 -2
73 0 -2
73 0 -2
73 0 -2
73 0 -2
73 0 -2
73 0 -2
73 2 0
73 2 0
73 2 0
73 2 0
73 2 0
73 2 0
73 2 0
73 2 0
73 2 0
73 2 0
73 2 0
73 2 0
73 2 0
73 2 0
73 2 0
73 2 0
73 2 0
73 2 0
73 2 0
73 2 0
73 2 0
73 2 0
73 2 0
73 2 0
73 2 0
73 2 0
73 2 0
73 0 2
73 0 2
73 0 2
73 0 2
73 0 2
73 0 2
73 0 2
73 0 2
73 0 2
73 0 2
73 0 2
73 0 2
73 0 2
73 0 2
73 0 2
73 0 2
73 0 2
73 0 2
73 0 2
73 0 2
73 0 2
73 0 2
73 0 2
73 0 2
73 0 2
73 0 2
73 0 2
74 -2 0
74 -2 0
74 -2 0
74 -2 0
74 -2 0
74 -2 0
74 -2 0
74 -2 0
74 -2 0
74 -2 0
74 -2 0
74 -2 0
74 -2 0
74 -2 0
74 -2 0
74 -2 0
74 -2 0
74 -2 0
74 -2 0
74 -2 0
74 -2 0
74 -2 0
74 -2 0
74 -2 0
74 -2 0
74 -2 0
74 -2 0
74 0 -2
74 0 -2
74 0 -2
74 0 -2
74 0 -2
74 0 -2
74 0 -2
74 0 -2
74 0 -2
74 0 -2
74 0 -2
74 0 -2
74 0 -2
74 0 -2
74 0 -2
74 0 -2
74 0 -2
74 0 -2
74 0 -2
74 0 -2
74 0 -2
74 0 -2
74 0 -2
74 0 -2
74 0 -2
74 0 -2
74 0 -2
74 2 0
74 2 0
74 2 0
74 2 0
74 2 0
74 2 0
74 2 0
74 2 0
74 2 0
74 2 0
74 2 0
74 2 0
74 2 0
74 2 0
74 2 0
74 2 0
74 2 0
74 2 0
74 2 0
74 2 0
74 2 0
74 2 0
74 2 0
74 2 0
74 2 0
74 2 0
74 2 0
74 0 2
74 0 2
74 0 2
74 0 2
74 0 2
74 0 2
74 0 2
74 0 2
74 0 2
74 0 2
74 0 2
74 0 2
74 0 2
74 0 2
74 0 2
74 0 2
74 0 2
74 0 2
74 0 2
74 0 2
74 0 2
74 0 2
74 0 2
74 0 2
74 0 2
74 0 2
74 0 2
75 -2 0
75 -2 0
75 -2 0
75 -2 0
75 -2 0
75 -2 0
75 -2 0
75 -2 0
75 -2 0
75 -2 0
75 -2 0
75 -2 0
75 -2 0
75 -2 0
75 -2 0
75 -2 0
75 -2 0
75 -2 0
75 -2 0
75 -2 0
75 -2 0
75 -2 0
75 -2 0
75 -2 0
75 -2 0
75 -2 0
75 -2 0
75 0 -2
75 0 -2
75 0 -2
75 0 -2
75 0 -2
75 0 -2
75 0 -2
75 0 -2
75 0 -2
75 0 -2
75 0 -2
75 0 -2
75 0 -2
75 0 -2
75 0 -2
75 0 -2
75 0 -2
75 0 -2
75 0 -2
75 0 -2
75 0 -2
75 0 -2
75 0 -2
75 0 -2
75 0 -2
75 0 -2
75 0 -2
75 2 0
75 2 0
75 2 0
75 2 0
75 2 0
75 2 0
75 2 0
75 2 0
75 2 0
75 2 0
75 2 0
75 2 0
75 2 0
75 2 0
75 2 0
75 2 0
75 2 0
75 2 0
75 2 0
75 2 0
75 2 0
75 2 0
75 2 0
75 2 0
75 2 0
75 2 0
75 2 0
75 0 2
75 0 2
75 0 2
75 0 2
75 0 2
75 0 2
75 0 2
75 0 2
75 0 2
75 0 2
75 0 2
75 0 2
75 0 2
75 0 2
75 0 2
75 0 2
75 0 2
75 0 2
75 0 2
75 0 2
75 0 2
75 0 2
75 0 2
75 0 2
75 0 2
75 0 2
75 0 2
76 -2 0
76 -2 0
76 -2 0
76 -2 0
76 -2 0
76 -2 0
76 -2 0
76 -2 0
76 -2 0
76 -2 0
76 -2 0
76 -2 0
76 -2 0
76 -2 0
76 -2 0
76 -2 0
76 -2 0
76 -2 0
76 -2 0
76 -2 0
76 -2 0
76 -2 0
76 -2 0
76 -2 0
76 -2 0
76 -2 0
76 -2 0
76 0 -2
76 0 -2
76 0 -2
76 0 -2
76 0 -2
76 0 -2
76 0 -2
76 0 -2
76 0 -2
76 0 -2
76 0 -2
76 0 -2
76 0 -2
76 0 -2
76 0 -2
76 0 -2
76 0 -2
76 0 -2
76 0 -2
76 0 -2
76 0 -2
76 0 -2
76 0 -2
76 0 -2
76 0 -2
76 0 -2
76 0 -2
76 2 0
76 2 0
76 2 0
76 2 0
76 2 0
76 2 0
76 2 0
76 2 0
76 2 0
76 2 0
76 2 0
76 2 0
76 2 0
76 2 0
76 2 0
76 2 0
76 2 0
76 2 0
76 2 0
76 2 0
76 2 0
76 2 0
76 2 0
76 2 0
76 2 0
76 2 0
76 2 0
76 0 2
76 0 2
76 0 2
76 0 2
76 0 2
76 0 2
76 0 2
76 0 2
76 0 2
76 0 2
76 0 2
76 0 2
76 0 2
76 0 2
76 0 2
76 0 2
76 0 2
76 0 2
76 0 2
76 0 2
76 0 2
76 0 2
76 0 2
76 0 2
76 0 2
76 0 2
76 0 2
77 -2 0
77 -2 0
77 -2 0
77 -2 0
77 -2 0
77 -2 0
77 -2 0
77 -2 0
77 -2 0
77 -2 0
77 -2 0
77 -2 0
77 -2 0
77 -2 0
77 -2 0
77 -2 0
77 -2 0
77 -2 0
77 -2 0
77 -2 0
77 -2 0
77 -2 0
77 -2 0
77 -2 0
77 -2 0
77 -2 0
77 -2 0
77 0 -2
77 0 -2
77 0 -2
77 0 -2
77 0 -2
77 0 -2
77 0 -2
77 0 -2
77 0 -2
77 0 -2
77 0 -2
77 0 -2
77 0 -2
77 0 -2
77 0 -2
77 0 -2
77 0 -2
77 0 -2
77 0 -2
77 0 -2
77 0 -2
77 0 -2
77 0 -2
77 0 -2
77 0 -2
77 0 -2
77 0 -2
77 2 0
77 2 0
77 2 0
77 2 0
77 2 0
77 2 0
77 2 0
77 2 0
77 2 0
77 2 0
77 2 0
77 2 0
77 2 0
77 2 0
77 2 0
77 2 0
77 2 0
77 2 0
77 2 0
77 2 0
77 2 0
77 2 0
77 2 0
77 2 0
77 2 0
77 2 0
77 2 0
77 0 2
77 0 2
77 0 2
77 0 2
77 0 2
77 0 2
77 0 2
77 0 2
77 0 2
77 0 2
77 0 2
77 0 2
77 0 2
77 0 2
77 0 2
77 0 2
77 0 2
77 0 2
77 0 2
77 0 2
77 0 2
77 0 2
77 0 2
77 0 2
77 0 2
77 0 2
77 0 2
78 -2 0
78 -2 0
78 -2 0
78 -2 0
78 -2 0
78 -2 0
78 -2 0
78 -2 0
78 -2 0
78 -2 0
78 -2 0
78 -2 0
78 -2 0
78 -2 0
78 -2 0
78 -2 0
78 -2 0
78 -2 0
78 -2 0
78 -2 0
78 -2 0
78 -2 0
78 -2 0
78 -2 0
78 -2 0
78 -2 0
78 -2 0
78 0 -2
78 0 -2
78 0 -2
78 0 -2
78 0 -2
78 0 -2
78 0 -2
78 0 -2
78 0 -2
78 0 -2
78 0 -2
78 0 -2
78 0 -2
78 0 -2
78 0 -2
78 0 -2
78 0 -2
78 0 -2
78 0 -2
78 0 -2
78 0 -2
78 0 -2
78 0 -2
78 0 -2
78 0 -2
78 0 -2
78 0 -2
78 2 0
78 2 0
78 2 0
78 2 0
78 2 0
78 2 0
78 2 0
78 2 0
78 2 0
78 2 0
78 2 0
78 2 0
78 2 0
78 2 0
78 2 0
78 2 0
78 2 0
78 2 0
78 2 0
78 2 0
78 2 0
78 2 0
78 2 0
78 2 0
78 2 0
78 2 0
78 2 0
78 0 2
78 0 2
78 0 2
78 0 2
78 0 2
78 0 2
78 0 2
78 0 2
78 0 2
78 0 2
78 0 2
78 0 2
78 0 2
78 0 2
78 0 2
78 0 2
78 0 2
78 0 2
78 0 2
78 0 2
78 0 2
78 0 2
78 0 2
78 0 2
78 0 2
78 0 2
78 0 2
79 -2 0
79 -2 0
79 -2 0
79 -2 0
79 -2 0
79 -2 0
79 -2 0
79 -2 0
79 -2 0
79 -2 0
79 -2 0
79 -2 0
79 -2 0
79 -2 0
79 -2 0
79 -2 0
79 -2 0
79 -2 0
79 -2 0
79 -2 0
79 -2 0
79 -2 0
79 -2 0
79 -2 0
79 -2 0
79 -2 0
79 -2 0
79 0 -2
79 0 -2
79 0 -2
79 0 -2
79 0 -2
79 0 -2
79 0 -2
79 0 -2
79 0 -2
79 0 -2
79 0 -2
79 0 -2
79 0 -2
79 0 -2
79 0 -2
79 0 -2
79 0 -2
79 0 -2
79 0 -2
79 0 -2
79 0 -2
79 0 -2
79 0 -2
79 0 -2
79 0 -2
79 0 -2
79 0 -2
79 2 0
79 2 0
79 2 0
79 2 0
79 2 0
79 2 0
79 2 0
79 2 0
79 2 0
79 2 0
79 2 0
79 2 0
79 2 0
79 2 0
79 2 0
79 2 0
79 2 0
79 2 0
79 2 0
79 2 0
79 2 0
79 2 0
79 2 0
79 2 0
79 2 0
79 2 0
79 2 0
79 0 2
79 0 2
79 0 2
79 0 2
79 0 2
79 0 2
79 0 2
79 0 2
79 0 2
79 0 2
79 0 2
79 0 2
79 0 2
79 0 2
79 0 2
79 0 2
79 0 2
79 0 2
79 0 2
79 0 2
79 0 2
79 0 2
79 0 2
79 0 2
79 0 2
79 0 2
79 0 2
80 -2 0
80 -2 0
80 -2 0
80 -2 0
80 -2 0
80 -2 0
80 -2 0
80 -2 0
80 -2 0
80 -2 0
80 -2 0
80 -2 0
80 -2 0
80 -2 0
80 -2 0
80 -2 0
80 -2 0
80 -2 0
80 -2 0
80 -2 0
80 -2 0
80 -2 0
80 -2 0
80 -2 0
80 -2 0
80 -2 0
80 -2 0
80 0 -2
80 0 -2
80 0 -2
80 0 -2
80 0 -2
80 0 -2
80 0 -2
80 0 -2
80 0 -2
80 0 -2
80 0 -2
80 0 -2
80 0 -2
80 0 -2
80 0 -2
80 0 -2
80 0 -2
80 0 -2
80 0 -2
80 0 -2
80 0 -2
80 0 -2
80 0 -2
80 0 -2
80 0 -2
80 0 -2
80 0 -2
80 2 0
80 2 0
80 2 0
80 2 0
80 2 0
80 2 0
80 2 0
80 2 0
80 2 0
80 2 0
80 2 0
80 2 0
80 2 0
80 2 0
80 2 0
80 2 0
80 2 0
80 2 0
80 2 0
80 2 0
80 2 0
80 2 0
80 2 0
80 2 0
80 2 0
80 2 0
80 2 0
80 0 2
80 0 2
80 0 2
80 0 2
80 0 2
80 0 2
80 0 2
80 0 2
80 0 2
80 0 2
80 0 2
80 0 2
80 0 2
80 0 2
80 0 2
80 0 2
80 0 2
80 0 2
80 0 2
80 0 2
80 0 2
80 0 2
80 0 2
80 0 2
80 0 2
80 0 2
80 0 2
81 -2 0
81 -2 0
81 -2 0
81 -2 0
81 -2 0
81 -2 0
81 -2 0
81 -2 0
81 -2 0
81 -2 0
81 -2 0
81 -2 0
81 -2 0
81 -2 0
81 -2 0
81 -2 0
81 -2 0
81 -2 0
81 -2 0
81 -2 0
81 -2 0
81 -2 0
81 -2 0
81 -2 0
81 -2 0
81 -2 0
81 -2 0
81 0 -2
81 0 -2
81 0 -2
81 0 -2
81 0 -2
81 0 -2
81 0 -2
81 0 -2
81 0 -2
81 0 -2
81 0 -2
81 0 -2
81 0 -2
81 0 -2
81 0 -2
81 0 -2
81 0 -2
81 0 -2
81 0 -2
81 0 -2
81 0 -2
81 0 -2
81 0 -2
81 0 -2
81 0 -2
81 0 -2
81 0 -2
81 2 0
81 2 0
81 2 0
81 2 0
81 2 0
81 2 0
81 2 0
81 2 0
81 2 0
81 2 0
81 2 0
81 2 0
81 2 0
81 2 0
81 2 0
81 2 0
81 2 0
81 2 0
81 2 0
81 2 0
81 2 0
81 2 0
81 2 0
81 2 0
81 2 0
81 2 0
81 2 0
81 0 2
81 0 2
81 0 2
81 0 2
81 0 2
81 0 2
81 0 2
81 0 2
81 0 2
81 0 2
81 0 2
81 0 2
81 0 2
81 0 2
81 0 2
81 0 2
81 0 2
81 0 2
81 0 2
81 0 2
81 0 2
81 0 2
81 0 2
81 0 2
81 0 2
81 0 2
81 0 2
82 -2 0
82 -2 0
82 -2 0
82 -2 0
82 -2 0
82 -2 0
82 -2 0
82 -2 0
82 -2 0
82 -2 0
82 -2 0
82 -2 0
82 -2 0
82 -2 0
82 -2 0
82 -2 0
82 -2 0
82 -2 0
82 -2 0
82 -2 0
82 -2 0
82 -2 0
82 -2 0
82 -2 0
82 -2 0
82 -2 0
82 -2 0
82 0 -2
82 0 -2
82 0 -2
82 0 -2
82 0 -2
82 0 -2
82 0 -2
82 0 -2
82 0 -2
82 0 -2
82 0 -2
82 0 -2
82 0 -2
82 0 -2
82 0 -2
82 0 -2
82 0 -2
82 0 -2
82 0 -2
82 0 -2
82 0 -2
82 0 -2
82 0 -2
82 0 -2
82 0 -2
82 0 -2
82 0 -2
82 2 0
82 2 0
82 2 0
82 2 0
82 2 0
82 2 0
82 2 0
82 2 0
82 2 0
82 2 0
82 2 0
82 2 0
82 2 0
82 2 0
82 2 0
82 2 0
82 2 0
82 2 0
82 2 0
82 2 0
82 2 0
82 2 0
82 2 0
82 2 0
82 2 0
82 2 0
82 2 0
82 0 2
82 0 2
82 0 2
82 0 2
82 0 2
82 0 2
82 0 2
82 0 2
82 0 2
82 0 2
82 0 2
82 0 2
82 0 2
82 0 2
82 0 2
82 0 2
82 0 2
82 0 2
82 0 2
82 0 2
82 0 2
82 0 2
82 0 2
82 0 2
82 0 2
82 0 2
82 0 2
83 -2 0
83 -2 0
83 -2 0
83 -2 0
83 -2 0
83 -2 0
83 -2 0
83 -2 0
83 -2 0
83 -2 0
83 -2 0
83 -2 0
83 -2 0
83 -2 0
83 -2 0
83 -2 0
83 -2 0
83 -2 0
83 -2 0
83 -2 0
83 -2 0
83 -2 0
83 -2 0
83 -2 0
83 -2 0
83 -2 0
83 -2 0
83 0 -2
83 0 -2
83 0 -2
83 0 -2
83 0 -2
83 0 -2
83 0 -2
83 0 -2
83 0 -2
83 0 -2
83 0 -2
83 0 -2
83 0 -2
83 0 -2
83 0 -2
83 0 -2
83 0 -2
83 0 -2
83 0 -2
83 0 -2
83 0 -2
83 0 -2
83 0 -2
83 0 -2
83 0 -2
83 0 -2
83 0 -2
83 2 0
83 2 0
83 2 0
83 2 0
83 2 0
83 2 0
83 2 0
83 2 0
83 2 0
83 2 0
83 2 0
83 2 0
83 2 0
83 2 0
83 2 0
83 2 0
83 2 0
83 2 0
83 2 0
83 2 0
83 2 0
83 2 0
83 2 0
83 2 0
83 2 0
83 2 0
83 2 0
83 0 2
83 0 2
83 0 2
83 0 2
83 0 2
83 0 2
83 0 2
83 0 2
83 0 2
83 0 2
83 0 2
83 0 2
83 0 2
83 0 2
83 0 2
83 0 2
83 0 2
83 0 2
83 0 2
83 0 2
83 0 2
83 0 2
83 0 2
83 0 2
83 0 2
83 0 2
83 0 2
84 -2 0
84 -2 0
84 -2 0
84 -2 0
84 -2 0
84 -2 0
84 -2 0
84 -2 0
84 -2 0
84 -2 0
84 -2 0
84 -2 0
84 -2 0
84 -2 0
84 -2 0
84 -2 0
84 -2 0
84 -2 0
84 -2 0
84 -2 0
84 -2 0
84 -2 0
84 -2 0
84 -2 0
84 -2 0
84 -2 0
84 -2 0
84 0 -2
84 0 -2
84 0 -2
84 0 -2
84 0 -2
84 0 -2
84 0 -2
84 0 -2
84 0 -2
84 0 -2
84 0 -2
84 0 -2
84 0 -2
84 0 -2
84 0 -2
84 0 -2
84 0 -2
84 0 -2
84 0 -2
84 0 -2
84 0 -2
84 0 -2
84 0 -2
84 0 -2
84 0 -2
84 0 -2
84 0 -2
84 2 0
84 2 0
84 2 0
84 2 0
84 2 0
84 2 0
84 2 0
84 2 0
84 2 0
84 2 0
84 2 0
84 2 0
84 2 0
84 2 0
84 2 0
84 2 0
84 2 0
84 2 0
84 2 0
84 2 0
84 2 0
84 2 0
84 2 0
84 2 0
84 2 0
84 2 0
84 2 0
84 0 2
84 0 2
84 0 2
84 0 2
84 0 2
84 0 2
84 0 2
84 0 2
84 0 2
84 0 2
84 0 2
84 0 2
84 0 2
84 0 2
84 0 2
84 0 2
84 0 2
84 0 2
84 0 2
84 0 2
84 0 2
84 0 2
84 0 2
84 0 2
84 0 2
84 0 2
84 0 2
85 -2 0
85 -2 0
85 -2 0
85 -2 0
85 -2 0
85 -2 0
85 -2 0
85 -2 0
85 -2 0
85 -2 0
85 -2 0
85 -2 0
85 -2 0
85 -2 0
85 -2 0
85 -2 0
85 -2 0
85 -2 0
85 -2 0
85 -2 0
85 -2 0
85 -2 0
85 -2 0
85 -2 0
85 -2 0
85 -2 0
85 -2 0
85 0 -2
85 0 -2
85 0 -2
85 0 -2
85 0 -2
85 0 -2
85 0 -2
85 0 -2
85 0 -2
85 0 -2
85 0 -2
85 0 -2
85 0 -2
85 0 -2
85 0 -2
85 0 -2
85 0 -2
85 0 -2
85 0 -2
85 0 -2
85 0 -2
85 0 -2
85 0 -2
85 0 -2
85 0 -2
85 0 -2
85 0 -2
85 2 0
85 2 0
85 2 0
85 2 0
85 2 0
85 2 0
85 2 0
85 2 0
85 2 0
85 2 0
85 2 0
85 2 0
85 2 0
85 2 0
85 2 0
85 2 0
85 2 0
85 2 0
85 2 0
85 2 0
85 2 0
85 2 0
85 2 0
85 2 0
85 2 0
85 2 0
85 2 0
85 0 2
85 0 2
85 0 2
85 0 2
85 0 2
85 0 2
85 0 2
85 0 2
85 0 2
85 0 2
85 0 2
85 0 2
85 0 2
85 0 2
85 0 2
85 0 2
85 0 2
85 0 2
85 0 2
85 0 2
85 0 2
85 0 2
85 0 2
85 0 2
85 0 2
85 0 2
85 0 2
86 -2 0
86 -2 0
86 -2 0
86 -2 0
86 -2 0
86 -2 0
86 -2 0
86 -2 0
86 -2 0
86 -2 0
86 -2 0
86 -2 0
86 -2 0
86 -2 0
86 -2 0
86 -2 0
86 -2 0
86 -2 0
86 -2 0
86 -2 0
86 -2 0
86 -2 0
86 -2 0
86 -2 0
86 -2 0
86 -2 0
86 -2 0
86 0 -2
86 0 -2
86 0 -2
86 0 -2
86 0 -2
86 0 -2
86 0 -2
86 0 -2
86 0 -2
86 0 -2
86 0 -2
86 0 -2
86 0 -2
86 0 -2
86 0 -2
86 0 -2
86 0 -2
86 0 -2
86 0 -2
86 0 -2
86 0 -2
86 0 -2
86 0 -2
86 0 -2
86 0 -2
86 0 -2
86 0 -2
86 2 0
86 2 0
86 2 0
86 2 0
86 2 0
86 2 0
86 2 0
86 2 0
86 2 0
86 2 0
86 2 0
86 2 0
86 2 0
86 2 0
86 2 0
86 2 0
86 2 0
86 2 0
86 2 0
86 2 0
86 2 0
86 2 0
86 2 0
86 2 0
86 2 0
86 2 0
86 2 0
86 0 2
86 0 2
86 0 2
86 0 2
86 0 2
86 0 2
86 0 2
86 0 2
86 0 2
86 0 2
86 0 2
86 0 2
86 0 2
86 0 2
86 0 2
86 0 2
86 0 2
86 0 2
86 0 2
86 0 2
86 0 2
86 0 2
86 0 2
86 0 2
86 0 2
86 0 2
86 0 2
87 -2 0
87 -2 0
87 -2 0
87 -2 0
87 -2 0
87 -2 0
87 -2 0
87 -2 0
87 -2 0
87 -2 0
87 -2 0
87 -2 0
87 -2 0
87 -2 0
87 -2 0
87 -2 0
87 -2 0
87 -2 0
87 -2 0
87 -2 0
87 -2 0
87 -2 0
87 -2 0
87 -2 0
87 -2 0
87 -2 0
87 -2 0
87 0 -2
87 0 -2
87 0 -2
87 0 -2
87 0 -2
87 0 -2
87 0 -2
87 0 -2
87 0 -2
87 0 -2
87 0 -2
87 0 -2
87 0 -2
87 0 -2
87 0 -2
87 0 -2
87 0 -2
87 0 -2
87 0 -2
87 0 -2
87 0 -2
87 0 -2
87 0 -2
87 0 -2
87 0 -2
87 0 -2
87 0 -2
87 2 0
87 2 0
87 2 0
87 2 0
87 2 0
87 2 0
87 2 0
87 2 0
87 2 0
87 2 0
87 2 0
87 2 0
87 2 0
87 2 0
87 2 0
87 2 0
87 2 0
87 2 0
87 2 0
87 2 0
87 2 0
87 2 0
87 2 0
87 2 0
87 2 0
87 2 0
87 2 0
87 0 2
87 0 2
87 0 2
87 0 2
87 0 2
87 0 2
87 0 2
87 0 2
87 0 2
87 0 2
87 0 2
87 0 2
87 0 2
87 0 2
87 0 2
87 0 2
87 0 2
87 0 2
87 0 2
87 0 2
87 0 2
87 0 2
87 0 2
87 0 2
87 0 2
87 0 2
87 0 2
88 -2 0
88 -2 0
88 -2 0
88 -2 0
88 -2 0
88 -2 0
88 -2 0
88 -2 0
88 -2 0
88 -2 0
88 -2 0
88 -2 0
88 -2 0
88 -2 0
88 -2 0
88 -2 0
88 -2 0
88 -2 0
88 -2 0
88 -2 0
88 -2 0
88 -2 0
88 -2 0
88 -2 0
88 -2 0
88 -2 0
88 -2 0
88 0 -2
88 0 -2
88 0 -2
88 0 -2
88 0 -2
88 0 -2
88 0 -2
88 0 -2
88 0 -2
88 0 -2
88 0 -2
88 0 -2
88 0 -2
88 0 -2
88 0 -2
88 0 -2
88 0 -2
88 0 -2
88 0 -2
88 0 -2
88 0 -2
88 0 -2
88 0 -2
88 0 -2
88 0 -2
88 0 -2
88 0 -2
88 2 0
88 2 0
88 2 0
88 2 0
88 2 0
88 2 0
88 2 0
88 2 0
88 2 0
88 2 0
88 2 0
88 2 0
88 2 0
88 2 0
88 2 0
88 2 0
88 2 0
88 2 0
88 2 0
88 2 0
88 2 0
88 2 0
88 2 0
88 2 0
88 2 0
88 2 0
88 2 0
88 0 2
88 0 2
88 0 2
88 0 2
88 0 2
88 0 2
88 0 2
88 0 2
88 0 2
88 0 2
88 0 2
88 0 2
88 0 2
88 0 2
88 0 2
88 0 2
88 0 2
88 0 2
88 0 2
88 0 2
88 0 2
88 0 2
88 0 2
88 0 2
88 0 2
88 0 2
88 0 2
89 -2 0
89 -2 0
89 -2 0
89 -2 0
89 -2 0
89 -2 0
89 -2 0
89 -2 0
89 -2 0
89 -2 0
89 -2 0
89 -2 0
89 -2 0
89 -2 0
89 -2 0
89 -2 0
89 -2 0
89 -2 0
89 -2 0
89 -2 0
89 -2 0
89 -2 0
89 -2 0
89 -2 0
89 -2 0
89 -2 0
89 -2 0
89 0 -2
89 0 -2
89 0 -2
89 0 -2
89 0 -2
89 0 -2
89 0 -2
89 0 -2
89 0 -2
89 0 -2
89 0 -2
89 0 -2
89 0 -2
89 0 -2
89 0 -2
89 0 -2
89 0 -2
89 0 -2
89 0 -2
89 0 -2
89 0 -2
89 0 -2
89 0 -2
89 0 -2
89 0 -2
89 0 -2
89 0 -2
89 2 0
89 2 0
89 2 0
89 2 0
89 2 0
89 2 0
89 2 0
89 2 0
89 2 0
89 2 0
89 2 0
89 2 0
89 2 0
89 2 0
89 2 0
89 2 0
89 2 0
89 2 0
89 2 0
89 2 0
89 2 0
89 2 0
89 2 0
89 2 0
89 2 0
89 2 0
89 2 0
89 0 2
89 0 2
89 0 2
89 0 2
89 0 2
89 0 2
89 0 2
89 0 2
89 0 2
89 0 2
89 0 2
89 0 2
89 0 2
89 0 2
89 0 2
89 0 2
89 0 2
89 0 2
89 0 2
89 0 2
89 0 2
89 0 2
89 0 2
89 0 2
89 0 2
89 0 2
89 0 2
# looped 12893646 times
-1 -1 -1
86
24
10
60
66
29
7
9
4
88
51
31
0
43
87
33
8
11
83
37
2
23
50
25
19
1
30
18
34
70
72
81
40
3
6
36
45
56
12
15
85
64
65
39
28
55
17
16
41
84
32
48
42
89
21
68
26
73
74
44
61
67
76
78
14
59
35
13
46
82
75
58
63
27
57
69
20
77
47
52
38
54
80
53
5
79
62
71
22
49
