# L=35, N=72, S=361, D=7
29 57 84 110 135 159 182 203 223 241 257 272 284 294 302 308 312 313 312 308 302 294 284 272 257 241 223 203 182 159 135 110 84 57 29
57 86 114 141 167 192 215 238 258 277 294 310 323 334 342 348 352 354 352 348 342 334 323 310 294 277 258 238 215 192 167 141 114 86 57
84 114 143 171 198 224 248 272 293 313 331 347 361 373 382 389 393 394 393 389 382 373 361 347 331 313 293 272 248 224 198 171 143 114 84
110 141 171 200 228 255 281 305 328 348 368 385 399 412 421 429 433 434 433 429 421 412 399 385 368 348 328 305 281 255 228 200 171 141 110
135 167 198 228 257 285 312 337 361 383 403 421 437 450 461 469 473 475 473 469 461 450 437 421 403 383 361 337 312 285 257 228 198 167 135
159 192 224 255 285 314 342 369 394 417 439 458 475 489 500 508 513 515 513 508 500 489 475 458 439 417 394 369 342 314 285 255 224 192 159
182 215 248 281 312 342 371 399 426 450 473 494 512 527 539 548 554 556 554 548 539 527 512 494 473 450 426 399 371 342 312 281 248 215 182
203 238 272 305 337 369 399 429 456 483 507 529 548 565 578 588 594 596 594 588 578 565 548 529 507 483 456 429 399 369 337 305 272 238 203
223 258 293 328 361 394 426 456 486 513 539 563 584 602 617 627 634 636 634 627 617 602 584 563 539 513 486 456 426 394 361 328 293 258 223
241 277 313 348 383 417 450 483 513 543 570 596 619 639 655 667 674 677 674 667 655 639 619 596 570 543 513 483 450 417 383 348 313 277 241
257 294 331 368 403 439 473 507 539 570 600 627 652 674 692 706 714 717 714 706 692 674 652 627 600 570 539 507 473 439 403 368 331 294 257
272 310 347 385 421 458 494 529 563 596 627 657 684 709 729 744 754 758 754 744 729 709 684 657 627 596 563 529 494 458 421 385 347 310 272
284 323 361 399 437 475 512 548 584 619 652 684 714 741 764 782 794 798 794 782 764 741 714 684 652 619 584 548 512 475 437 399 361 323 284
294 334 373 412 450 489 527 565 602 639 674 709 741 771 798 819 833 838 833 819 798 771 741 709 674 639 602 565 527 489 450 412 373 334 294
302 342 382 421 461 500 539 578 617 655 692 729 764 798 829 854 872 879 872 854 829 798 764 729 692 655 617 578 539 500 461 421 382 342 302
308 348 389 429 469 508 548 588 627 667 706 744 782 819 854 886 910 919 910 886 854 819 782 744 706 667 627 588 548 508 469 429 389 348 308
312 352 393 433 473 513 554 594 634 674 714 754 794 833 872 910 943 960 943 910 872 833 794 754 714 674 634 594 554 513 473 433 393 352 312
313 354 394 434 475 515 556 596 636 677 717 758 798 838 879 919 960 1000 960 919 879 838 798 758 717 677 636 596 556 515 475 434 394 354 313
312 352 393 433 473 513 554 594 634 674 714 754 794 833 872 910 943 960 943 910 872 833 794 754 714 674 634 594 554 513 473 433 393 352 312
308 348 389 429 469 508 548 588 627 667 706 744 782 819 854 886 910 919 910 886 854 819 782 744 706 667 627 588 548 508 469 429 389 348 308
302 342 382 421 461 500 539 578 617 655 692 729 764 798 829 854 872 879 872 854 829 798 764 729 692 655 617 578 539 500 461 421 382 342 302
294 334 373 412 450 489 527 565 602 639 674 709 741 771 798 819 833 838 833 819 798 771 741 709 674 639 602 565 527 489 450 412 373 334 294
284 323 361 399 437 475 512 548 584 619 652 684 714 741 764 782 794 798 794 782 764 741 714 684 652 619 584 548 512 475 437 399 361 323 284
272 310 347 385 421 458 494 529 563 596 627 657 684 709 729 744 754 758 754 744 729 709 684 657 627 596 563 529 494 458 421 385 347 310 272
257 294 331 368 403 439 473 507 539 570 600 627 652 674 692 706 714 717 714 706 692 674 652 627 600 570 539 507 473 439 403 368 331 294 257
241 277 313 348 383 417 450 483 513 543 570 596 619 639 655 667 674 677 674 667 655 639 619 596 570 543 513 483 450 417 383 348 313 277 241
223 258 293 328 361 394 426 456 486 513 539 563 584 602 617 627 634 636 634 627 617 602 584 563 539 513 486 456 426 394 361 328 293 258 223
203 238 272 305 337 369 399 429 456 483 507 529 548 565 578 588 594 596 594 588 578 565 548 529 507 483 456 429 399 369 337 305 272 238 203
182 215 248 281 312 342 371 399 426 450 473 494 512 527 539 548 554 556 554 548 539 527 512 494 473 450 426 399 371 342 312 281 248 215 182
159 192 224 255 285 314 342 369 394 417 439 458 475 489 500 508 513 515 513 508 500 489 475 458 439 417 394 369 342 314 285 255 224 192 159
135 167 198 228 257 285 312 337 361 383 403 421 437 450 461 469 473 475 473 469 461 450 437 421 403 383 361 337 312 285 257 228 198 167 135
110 141 171 200 228 255 281 305 328 348 368 385 399 412 421 429 433 434 433 429 421 412 399 385 368 348 328 305 281 255 228 200 171 141 110
84 114 143 171 198 224 248 272 293 313 331 347 361 373 382 389 393 394 393 389 382 373 361 347 331 313 293 272 248 224 198 171 143 114 84
57 86 114 141 167 192 215 238 258 277 294 310 323 334 342 348 352 354 352 348 342 334 323 310 294 277 258 238 215 192 167 141 114 86 57
29 57 84 110 135 159 182 203 223 241 257 272 284 294 302 308 312 313 312 308 302 294 284 272 257 241 223 203 182 159 135 110 84 57 29
0 -7 0
0 -7 0
0 -7 0
0 -7 0
0 -7 0
0 -7 0
0 -7 0
0 -7 0
0 -7 0
0 -7 0
0 -7 0
0 -7 0
0 -7 0
0 -7 0
0 -7 0
0 -7 0
0 -7 0
0 -7 0
0 -7 0
0 -7 0
0 -7 0
0 -7 0
0 -7 0
0 -7 0
0 -7 0
0 -7 0
0 -7 0
0 -7 0
0 -7 0
0 -7 0
0 -7 0
0 -7 0
0 -7 0
0 -7 0
0 0 -7
0 0 -7
0 0 -7
0 0 -7
0 0 -7
0 0 -7
0 0 -7
0 0 -7
0 0 -7
0 0 -7
0 0 -7
0 0 -7
0 0 -7
0 0 -7
0 0 -7
0 0 -7
0 0 -7
0 0 -7
0 0 -7
0 0 -7
0 0 -7
0 0 -7
0 0 -7
0 0 -7
0 0 -7
0 0 -7
0 0 -7
0 0 -7
0 0 -7
0 0 -7
0 0 -7
0 0 -7
0 0 -7
0 0 -7
0 7 0
0 7 0
0 7 0
0 7 0
0 7 0
0 7 0
0 7 0
0 7 0
0 7 0
0 7 0
0 7 0
0 7 0
0 7 0
0 7 0
0 7 0
0 7 0
0 7 0
0 7 0
0 7 0
0 7 0
0 7 0
0 7 0
0 7 0
0 7 0
0 7 0
0 7 0
0 7 0
0 7 0
0 7 0
0 7 0
0 7 0
0 7 0
0 7 0
0 7 0
0 0 7
0 0 7
0 0 7
0 0 7
0 0 7
0 0 7
0 0 7
0 0 7
0 0 7
0 0 7
0 0 7
0 0 7
0 0 7
0 0 7
0 0 7
0 0 7
0 0 7
0 0 7
0 0 7
0 0 7
0 0 7
0 0 7
0 0 7
0 0 7
0 0 7
0 0 7
0 0 7
0 0 7
0 0 7
0 0 7
0 0 7
0 0 7
0 0 7
0 0 7
1 -7 0
1 -7 0
1 -7 0
1 -7 0
1 -7 0
1 -7 0
1 -7 0
1 -7 0
1 -7 0
1 -7 0
1 -7 0
1 -7 0
1 -7 0
1 -7 0
1 -7 0
1 -7 0
1 -7 0
1 -7 0
1 -7 0
1 -7 0
1 -7 0
1 -7 0
1 -7 0
1 -7 0
1 -7 0
1 -7 0
1 -7 0
1 -7 0
1 -7 0
1 -7 0
1 -7 0
1 -7 0
1 -7 0
1 -7 0
1 0 -7
1 0 -7
1 0 -7
1 0 -7
1 0 -7
1 0 -7
1 0 -7
1 0 -7
1 0 -7
1 0 -7
1 0 -7
1 0 -7
1 0 -7
1 0 -7
1 0 -7
1 0 -7
1 0 -7
1 0 -7
1 0 -7
1 0 -7
1 0 -7
1 0 -7
1 0 -7
1 0 -7
1 0 -7
1 0 -7
1 0 -7
1 0 -7
1 0 -7
1 0 -7
1 0 -7
1 0 -7
1 0 -7
1 0 -7
1 7 0
1 7 0
1 7 0
1 7 0
1 7 0
1 7 0
1 7 0
1 7 0
1 7 0
1 7 0
1 7 0
1 7 0
1 7 0
1 7 0
1 7 0
1 7 0
1 7 0
1 7 0
1 7 0
1 7 0
1 7 0
1 7 0
1 7 0
1 7 0
1 7 0
1 7 0
1 7 0
1 7 0
1 7 0
1 7 0
1 7 0
1 7 0
1 7 0
1 7 0
1 0 7
1 0 7
1 0 7
1 0 7
1 0 7
1 0 7
1 0 7
1 0 7
1 0 7
1 0 7
1 0 7
1 0 7
1 0 7
1 0 7
1 0 7
1 0 7
1 0 7
1 0 7
1 0 7
1 0 7
1 0 7
1 0 7
1 0 7
1 0 7
1 0 7
1 0 7
1 0 7
1 0 7
1 0 7
1 0 7
1 0 7
1 0 7
1 0 7
1 0 7
2 -7 0
2 -7 0
2 -7 0
2 -7 0
2 -7 0
2 -7 0
2 -7 0
2 -7 0
2 -7 0
2 -7 0
2 -7 0
2 -7 0
2 -7 0
2 -7 0
2 -7 0
2 -7 0
2 -7 0
2 -7 0
2 -7 0
2 -7 0
2 -7 0
2 -7 0
2 -7 0
2 -7 0
2 -7 0
2 -7 0
2 -7 0
2 -7 0
2 -7 0
2 -7 0
2 -7 0
2 -7 0
2 -7 0
2 -7 0
2 0 -7
2 0 -7
2 0 -7
2 0 -7
2 0 -7
2 0 -7
2 0 -7
2 0 -7
2 0 -7
2 0 -7
2 0 -7
2 0 -7
2 0 -7
2 0 -7
2 0 -7
2 0 -7
2 0 -7
2 0 -7
2 0 -7
2 0 -7
2 0 -7
2 0 -7
2 0 -7
2 0 -7
2 0 -7
2 0 -7
2 0 -7
2 0 -7
2 0 -7
2 0 -7
2 0 -7
2 0 -7
2 0 -7
2 0 -7
2 7 0
2 7 0
2 7 0
2 7 0
2 7 0
2 7 0
2 7 0
2 7 0
2 7 0
2 7 0
2 7 0
2 7 0
2 7 0
2 7 0
2 7 0
2 7 0
2 7 0
2 7 0
2 7 0
2 7 0
2 7 0
2 7 0
2 7 0
2 7 0
2 7 0
2 7 0
2 7 0
2 7 0
2 7 0
2 7 0
2 7 0
2 7 0
2 7 0
2 7 0
2 0 7
2 0 7
2 0 7
2 0 7
2 0 7
2 0 7
2 0 7
2 0 7
2 0 7
2 0 7
2 0 7
2 0 7
2 0 7
2 0 7
2 0 7
2 0 7
2 0 7
2 0 7
2 0 7
2 0 7
2 0 7
2 0 7
2 0 7
2 0 7
2 0 7
2 0 7
2 0 7
2 0 7
2 0 7
2 0 7
2 0 7
2 0 7
2 0 7
2 0 7
3 -7 0
3 -7 0
3 -7 0
3 -7 0
3 -7 0
3 -7 0
3 -7 0
3 -7 0
3 -7 0
3 -7 0
3 -7 0
3 -7 0
3 -7 0
3 -7 0
3 -7 0
3 -7 0
3 -7 0
3 -7 0
3 -7 0
3 -7 0
3 -7 0
3 -7 0
3 -7 0
3 -7 0
3 -7 0
3 -7 0
3 -7 0
3 -7 0
3 -7 0
3 -7 0
3 -7 0
3 -7 0
3 -7 0
3 -7 0
3 0 -7
3 0 -7
3 0 -7
3 0 -7
3 0 -7
3 0 -7
3 0 -7
3 0 -7
3 0 -7
3 0 -7
3 0 -7
3 0 -7
3 0 -7
3 0 -7
3 0 -7
3 0 -7
3 0 -7
3 0 -7
3 0 -7
3 0 -7
3 0 -7
3 0 -7
3 0 -7
3 0 -7
3 0 -7
3 0 -7
3 0 -7
3 0 -7
3 0 -7
3 0 -7
3 0 -7
3 0 -7
3 0 -7
3 0 -7
3 7 0
3 7 0
3 7 0
3 7 0
3 7 0
3 7 0
3 7 0
3 7 0
3 7 0
3 7 0
3 7 0
3 7 0
3 7 0
3 7 0
3 7 0
3 7 0
3 7 0
3 7 0
3 7 0
3 7 0
3 7 0
3 7 0
3 7 0
3 7 0
3 7 0
3 7 0
3 7 0
3 7 0
3 7 0
3 7 0
3 7 0
3 7 0
3 7 0
3 7 0
3 0 7
3 0 7
3 0 7
3 0 7
3 0 7
3 0 7
3 0 7
3 0 7
3 0 7
3 0 7
3 0 7
3 0 7
3 0 7
3 0 7
3 0 7
3 0 7
3 0 7
3 0 7
3 0 7
3 0 7
3 0 7
3 0 7
3 0 7
3 0 7
3 0 7
3 0 7
3 0 7
3 0 7
3 0 7
3 0 7
3 0 7
3 0 7
3 0 7
3 0 7
4 -7 0
4 -7 0
4 -7 0
4 -7 0
4 -7 0
4 -7 0
4 -7 0
4 -7 0
4 -7 0
4 -7 0
4 -7 0
4 -7 0
4 -7 0
4 -7 0
4 -7 0
4 -7 0
4 -7 0
4 -7 0
4 -7 0
4 -7 0
4 -7 0
4 -7 0
4 -7 0
4 -7 0
4 -7 0
4 -7 0
4 -7 0
4 -7 0
4 -7 0
4 -7 0
4 -7 0
4 -7 0
4 -7 0
4 -7 0
4 0 -7
4 0 -7
4 0 -7
4 0 -7
4 0 -7
4 0 -7
4 0 -7
4 0 -7
4 0 -7
4 0 -7
4 0 -7
4 0 -7
4 0 -7
4 0 -7
4 0 -7
4 0 -7
4 0 -7
4 0 -7
4 0 -7
4 0 -7
4 0 -7
4 0 -7
4 0 -7
4 0 -7
4 0 -7
4 0 -7
4 0 -7
4 0 -7
4 0 -7
4 0 -7
4 0 -7
4 0 -7
4 0 -7
4 0 -7
4 7 0
4 7 0
4 7 0
4 7 0
4 7 0
4 7 0
4 7 0
4 7 0
4 7 0
4 7 0
4 7 0
4 7 0
4 7 0
4 7 0
4 7 0
4 7 0
4 7 0
4 7 0
4 7 0
4 7 0
4 7 0
4 7 0
4 7 0
4 7 0
4 7 0
4 7 0
4 7 0
4 7 0
4 7 0
4 7 0
4 7 0
4 7 0
4 7 0
4 7 0
4 0 7
4 0 7
4 0 7
4 0 7
4 0 7
4 0 7
4 0 7
4 0 7
4 0 7
4 0 7
4 0 7
4 0 7
4 0 7
4 0 7
4 0 7
4 0 7
4 0 7
4 0 7
4 0 7
4 0 7
4 0 7
4 0 7
4 0 7
4 0 7
4 0 7
4 0 7
4 0 7
4 0 7
4 0 7
4 0 7
4 0 7
4 0 7
4 0 7
4 0 7
5 -7 0
5 -7 0
5 -7 0
5 -7 0
5 -7 0
5 -7 0
5 -7 0
5 -7 0
5 -7 0
5 -7 0
5 -7 0
5 -7 0
5 -7 0
5 -7 0
5 -7 0
5 -7 0
5 -7 0
5 -7 0
5 -7 0
5 -7 0
5 -7 0
5 -7 0
5 -7 0
5 -7 0
5 -7 0
5 -7 0
5 -7 0
5 -7 0
5 -7 0
5 -7 0
5 -7 0
5 -7 0
5 -7 0
5 -7 0
5 0 -7
5 0 -7
5 0 -7
5 0 -7
5 0 -7
5 0 -7
5 0 -7
5 0 -7
5 0 -7
5 0 -7
5 0 -7
5 0 -7
5 0 -7
5 0 -7
5 0 -7
5 0 -7
5 0 -7
5 0 -7
5 0 -7
5 0 -7
5 0 -7
5 0 -7
5 0 -7
5 0 -7
5 0 -7
5 0 -7
5 0 -7
5 0 -7
5 0 -7
5 0 -7
5 0 -7
5 0 -7
5 0 -7
5 0 -7
5 7 0
5 7 0
5 7 0
5 7 0
5 7 0
5 7 0
5 7 0
5 7 0
5 7 0
5 7 0
5 7 0
5 7 0
5 7 0
5 7 0
5 7 0
5 7 0
5 7 0
5 7 0
5 7 0
5 7 0
5 7 0
5 7 0
5 7 0
5 7 0
5 7 0
5 7 0
5 7 0
5 7 0
5 7 0
5 7 0
5 7 0
5 7 0
5 7 0
5 7 0
5 0 7
5 0 7
5 0 7
5 0 7
5 0 7
5 0 7
5 0 7
5 0 7
5 0 7
5 0 7
5 0 7
5 0 7
5 0 7
5 0 7
5 0 7
5 0 7
5 0 7
5 0 7
5 0 7
5 0 7
5 0 7
5 0 7
5 0 7
5 0 7
5 0 7
5 0 7
5 0 7
5 0 7
5 0 7
5 0 7
5 0 7
5 0 7
5 0 7
5 0 7
6 -7 0
6 -7 0
6 -7 0
6 -7 0
6 -7 0
6 -7 0
6 -7 0
6 -7 0
6 -7 0
6 -7 0
6 -7 0
6 -7 0
6 -7 0
6 -7 0
6 -7 0
6 -7 0
6 -7 0
6 -7 0
6 -7 0
6 -7 0
6 -7 0
6 -7 0
6 -7 0
6 -7 0
6 -7 0
6 -7 0
6 -7 0
6 -7 0
6 -7 0
6 -7 0
6 -7 0
6 -7 0
6 -7 0
6 -7 0
6 0 -7
6 0 -7
6 0 -7
6 0 -7
6 0 -7
6 0 -7
6 0 -7
6 0 -7
6 0 -7
6 0 -7
6 0 -7
6 0 -7
6 0 -7
6 0 -7
6 0 -7
6 0 -7
6 0 -7
6 0 -7
6 0 -7
6 0 -7
6 0 -7
6 0 -7
6 0 -7
6 0 -7
6 0 -7
6 0 -7
6 0 -7
6 0 -7
6 0 -7
6 0 -7
6 0 -7
6 0 -7
6 0 -7
6 0 -7
6 7 0
6 7 0
6 7 0
6 7 0
6 7 0
6 7 0
6 7 0
6 7 0
6 7 0
6 7 0
6 7 0
6 7 0
6 7 0
6 7 0
6 7 0
6 7 0
6 7 0
6 7 0
6 7 0
6 7 0
6 7 0
6 7 0
6 7 0
6 7 0
6 7 0
6 7 0
6 7 0
6 7 0
6 7 0
6 7 0
6 7 0
6 7 0
6 7 0
6 7 0
6 0 7
6 0 7
6 0 7
6 0 7
6 0 7
6 0 7
6 0 7
6 0 7
6 0 7
6 0 7
6 0 7
6 0 7
6 0 7
6 0 7
6 0 7
6 0 7
6 0 7
6 0 7
6 0 7
6 0 7
6 0 7
6 0 7
6 0 7
6 0 7
6 0 7
6 0 7
6 0 7
6 0 7
6 0 7
6 0 7
6 0 7
6 0 7
6 0 7
6 0 7
7 -7 0
7 -7 0
7 -7 0
7 -7 0
7 -7 0
7 -7 0
7 -7 0
7 -7 0
7 -7 0
7 -7 0
7 -7 0
7 -7 0
7 -7 0
7 -7 0
7 -7 0
7 -7 0
7 -7 0
7 -7 0
7 -7 0
7 -7 0
7 -7 0
7 -7 0
7 -7 0
7 -7 0
7 -7 0
7 -7 0
7 -7 0
7 -7 0
7 -7 0
7 -7 0
7 -7 0
7 -7 0
7 -7 0
7 -7 0
7 0 -7
7 0 -7
7 0 -7
7 0 -7
7 0 -7
7 0 -7
7 0 -7
7 0 -7
7 0 -7
7 0 -7
7 0 -7
7 0 -7
7 0 -7
7 0 -7
7 0 -7
7 0 -7
7 0 -7
7 0 -7
7 0 -7
7 0 -7
7 0 -7
7 0 -7
7 0 -7
7 0 -7
7 0 -7
7 0 -7
7 0 -7
7 0 -7
7 0 -7
7 0 -7
7 0 -7
7 0 -7
7 0 -7
7 0 -7
7 7 0
7 7 0
7 7 0
7 7 0
7 7 0
7 7 0
7 7 0
7 7 0
7 7 0
7 7 0
7 7 0
7 7 0
7 7 0
7 7 0
7 7 0
7 7 0
7 7 0
7 7 0
7 7 0
7 7 0
7 7 0
7 7 0
7 7 0
7 7 0
7 7 0
7 7 0
7 7 0
7 7 0
7 7 0
7 7 0
7 7 0
7 7 0
7 7 0
7 7 0
7 0 7
7 0 7
7 0 7
7 0 7
7 0 7
7 0 7
7 0 7
7 0 7
7 0 7
7 0 7
7 0 7
7 0 7
7 0 7
7 0 7
7 0 7
7 0 7
7 0 7
7 0 7
7 0 7
7 0 7
7 0 7
7 0 7
7 0 7
7 0 7
7 0 7
7 0 7
7 0 7
7 0 7
7 0 7
7 0 7
7 0 7
7 0 7
7 0 7
7 0 7
8 -7 0
8 -7 0
8 -7 0
8 -7 0
8 -7 0
8 -7 0
8 -7 0
8 -7 0
8 -7 0
8 -7 0
8 -7 0
8 -7 0
8 -7 0
8 -7 0
8 -7 0
8 -7 0
8 -7 0
8 -7 0
8 -7 0
8 -7 0
8 -7 0
8 -7 0
8 -7 0
8 -7 0
8 -7 0
8 -7 0
8 -7 0
8 -7 0
8 -7 0
8 -7 0
8 -7 0
8 -7 0
8 -7 0
8 -7 0
8 0 -7
8 0 -7
8 0 -7
8 0 -7
8 0 -7
8 0 -7
8 0 -7
8 0 -7
8 0 -7
8 0 -7
8 0 -7
8 0 -7
8 0 -7
8 0 -7
8 0 -7
8 0 -7
8 0 -7
8 0 -7
8 0 -7
8 0 -7
8 0 -7
8 0 -7
8 0 -7
8 0 -7
8 0 -7
8 0 -7
8 0 -7
8 0 -7
8 0 -7
8 0 -7
8 0 -7
8 0 -7
8 0 -7
8 0 -7
8 7 0
8 7 0
8 7 0
8 7 0
8 7 0
8 7 0
8 7 0
8 7 0
8 7 0
8 7 0
8 7 0
8 7 0
8 7 0
8 7 0
8 7 0
8 7 0
8 7 0
8 7 0
8 7 0
8 7 0
8 7 0
8 7 0
8 7 0
8 7 0
8 7 0
8 7 0
8 7 0
8 7 0
8 7 0
8 7 0
8 7 0
8 7 0
8 7 0
8 7 0
8 0 7
8 0 7
8 0 7
8 0 7
8 0 7
8 0 7
8 0 7
8 0 7
8 0 7
8 0 7
8 0 7
8 0 7
8 0 7
8 0 7
8 0 7
8 0 7
8 0 7
8 0 7
8 0 7
8 0 7
8 0 7
8 0 7
8 0 7
8 0 7
8 0 7
8 0 7
8 0 7
8 0 7
8 0 7
8 0 7
8 0 7
8 0 7
8 0 7
8 0 7
9 -7 0
9 -7 0
9 -7 0
9 -7 0
9 -7 0
9 -7 0
9 -7 0
9 -7 0
9 -7 0
9 -7 0
9 -7 0
9 -7 0
9 -7 0
9 -7 0
9 -7 0
9 -7 0
9 -7 0
9 -7 0
9 -7 0
9 -7 0
9 -7 0
9 -7 0
9 -7 0
9 -7 0
9 -7 0
9 -7 0
9 -7 0
9 -7 0
9 -7 0
9 -7 0
9 -7 0
9 -7 0
9 -7 0
9 -7 0
9 0 -7
9 0 -7
9 0 -7
9 0 -7
9 0 -7
9 0 -7
9 0 -7
9 0 -7
9 0 -7
9 0 -7
9 0 -7
9 0 -7
9 0 -7
9 0 -7
9 0 -7
9 0 -7
9 0 -7
9 0 -7
9 0 -7
9 0 -7
9 0 -7
9 0 -7
9 0 -7
9 0 -7
9 0 -7
9 0 -7
9 0 -7
9 0 -7
9 0 -7
9 0 -7
9 0 -7
9 0 -7
9 0 -7
9 0 -7
9 7 0
9 7 0
9 7 0
9 7 0
9 7 0
9 7 0
9 7 0
9 7 0
9 7 0
9 7 0
9 7 0
9 7 0
9 7 0
9 7 0
9 7 0
9 7 0
9 7 0
9 7 0
9 7 0
9 7 0
9 7 0
9 7 0
9 7 0
9 7 0
9 7 0
9 7 0
9 7 0
9 7 0
9 7 0
9 7 0
9 7 0
9 7 0
9 7 0
9 7 0
9 0 7
9 0 7
9 0 7
9 0 7
9 0 7
9 0 7
9 0 7
9 0 7
9 0 7
9 0 7
9 0 7
9 0 7
9 0 7
9 0 7
9 0 7
9 0 7
9 0 7
9 0 7
9 0 7
9 0 7
9 0 7
9 0 7
9 0 7
9 0 7
9 0 7
9 0 7
9 0 7
9 0 7
9 0 7
9 0 7
9 0 7
9 0 7
9 0 7
9 0 7
10 -7 0
10 -7 0
10 -7 0
10 -7 0
10 -7 0
10 -7 0
10 -7 0
10 -7 0
10 -7 0
10 -7 0
10 -7 0
10 -7 0
10 -7 0
10 -7 0
10 -7 0
10 -7 0
10 -7 0
10 -7 0
10 -7 0
10 -7 0
10 -7 0
10 -7 0
10 -7 0
10 -7 0
10 -7 0
10 -7 0
10 -7 0
10 -7 0
10 -7 0
10 -7 0
10 -7 0
10 -7 0
10 -7 0
10 -7 0
10 0 -7
10 0 -7
10 0 -7
10 0 -7
10 0 -7
10 0 -7
10 0 -7
10 0 -7
10 0 -7
10 0 -7
10 0 -7
10 0 -7
10 0 -7
10 0 -7
10 0 -7
10 0 -7
10 0 -7
10 0 -7
10 0 -7
10 0 -7
10 0 -7
10 0 -7
10 0 -7
10 0 -7
10 0 -7
10 0 -7
10 0 -7
10 0 -7
10 0 -7
10 0 -7
10 0 -7
10 0 -7
10 0 -7
10 0 -7
10 7 0
10 7 0
10 7 0
10 7 0
10 7 0
10 7 0
10 7 0
10 7 0
10 7 0
10 7 0
10 7 0
10 7 0
10 7 0
10 7 0
10 7 0
10 7 0
10 7 0
10 7 0
10 7 0
10 7 0
10 7 0
10 7 0
10 7 0
10 7 0
10 7 0
10 7 0
10 7 0
10 7 0
10 7 0
10 7 0
10 7 0
10 7 0
10 7 0
10 7 0
10 0 7
10 0 7
10 0 7
10 0 7
10 0 7
10 0 7
10 0 7
10 0 7
10 0 7
10 0 7
10 0 7
10 0 7
10 0 7
10 0 7
10 0 7
10 0 7
10 0 7
10 0 7
10 0 7
10 0 7
10 0 7
10 0 7
10 0 7
10 0 7
10 0 7
10 0 7
10 0 7
10 0 7
10 0 7
10 0 7
10 0 7
10 0 7
10 0 7
10 0 7
11 -7 0
11 -7 0
11 -7 0
11 -7 0
11 -7 0
11 -7 0
11 -7 0
11 -7 0
11 -7 0
11 -7 0
11 -7 0
11 -7 0
11 -7 0
11 -7 0
11 -7 0
11 -7 0
11 -7 0
11 -7 0
11 -7 0
11 -7 0
11 -7 0
11 -7 0
11 -7 0
11 -7 0
11 -7 0
11 -7 0
11 -7 0
11 -7 0
11 -7 0
11 -7 0
11 -7 0
11 -7 0
11 -7 0
11 -7 0
11 0 -7
11 0 -7
11 0 -7
11 0 -7
11 0 -7
11 0 -7
11 0 -7
11 0 -7
11 0 -7
11 0 -7
11 0 -7
11 0 -7
11 0 -7
11 0 -7
11 0 -7
11 0 -7
11 0 -7
11 0 -7
11 0 -7
11 0 -7
11 0 -7
11 0 -7
11 0 -7
11 0 -7
11 0 -7
11 0 -7
11 0 -7
11 0 -7
11 0 -7
11 0 -7
11 0 -7
11 0 -7
11 0 -7
11 0 -7
11 7 0
11 7 0
11 7 0
11 7 0
11 7 0
11 7 0
11 7 0
11 7 0
11 7 0
11 7 0
11 7 0
11 7 0
11 7 0
11 7 0
11 7 0
11 7 0
11 7 0
11 7 0
11 7 0
11 7 0
11 7 0
11 7 0
11 7 0
11 7 0
11 7 0
11 7 0
11 7 0
11 7 0
11 7 0
11 7 0
11 7 0
11 7 0
11 7 0
11 7 0
11 0 7
11 0 7
11 0 7
11 0 7
11 0 7
11 0 7
11 0 7
11 0 7
11 0 7
11 0 7
11 0 7
11 0 7
11 0 7
11 0 7
11 0 7
11 0 7
11 0 7
11 0 7
11 0 7
11 0 7
11 0 7
11 0 7
11 0 7
11 0 7
11 0 7
11 0 7
11 0 7
11 0 7
11 0 7
11 0 7
11 0 7
11 0 7
11 0 7
11 0 7
12 -7 0
12 -7 0
12 -7 0
12 -7 0
12 -7 0
12 -7 0
12 -7 0
12 -7 0
12 -7 0
12 -7 0
12 -7 0
12 -7 0
12 -7 0
12 -7 0
12 -7 0
12 -7 0
12 -7 0
12 -7 0
12 -7 0
12 -7 0
12 -7 0
12 -7 0
12 -7 0
12 -7 0
12 -7 0
12 -7 0
12 -7 0
12 -7 0
12 -7 0
12 -7 0
12 -7 0
12 -7 0
12 -7 0
12 -7 0
12 0 -7
12 0 -7
12 0 -7
12 0 -7
12 0 -7
12 0 -7
12 0 -7
12 0 -7
12 0 -7
12 0 -7
12 0 -7
12 0 -7
12 0 -7
12 0 -7
12 0 -7
12 0 -7
12 0 -7
12 0 -7
12 0 -7
12 0 -7
12 0 -7
12 0 -7
12 0 -7
12 0 -7
12 0 -7
12 0 -7
12 0 -7
12 0 -7
12 0 -7
12 0 -7
12 0 -7
12 0 -7
12 0 -7
12 0 -7
12 7 0
12 7 0
12 7 0
12 7 0
12 7 0
12 7 0
12 7 0
12 7 0
12 7 0
12 7 0
12 7 0
12 7 0
12 7 0
12 7 0
12 7 0
12 7 0
12 7 0
12 7 0
12 7 0
12 7 0
12 7 0
12 7 0
12 7 0
12 7 0
12 7 0
12 7 0
12 7 0
12 7 0
12 7 0
12 7 0
12 7 0
12 7 0
12 7 0
12 7 0
12 0 7
12 0 7
12 0 7
12 0 7
12 0 7
12 0 7
12 0 7
12 0 7
12 0 7
12 0 7
12 0 7
12 0 7
12 0 7
12 0 7
12 0 7
12 0 7
12 0 7
12 0 7
12 0 7
12 0 7
12 0 7
12 0 7
12 0 7
12 0 7
12 0 7
12 0 7
12 0 7
12 0 7
12 0 7
12 0 7
12 0 7
12 0 7
12 0 7
12 0 7
13 -7 0
13 -7 0
13 -7 0
13 -7 0
13 -7 0
13 -7 0
13 -7 0
13 -7 0
13 -7 0
13 -7 0
13 -7 0
13 -7 0
13 -7 0
13 -7 0
13 -7 0
13 -7 0
13 -7 0
13 -7 0
13 -7 0
13 -7 0
13 -7 0
13 -7 0
13 -7 0
13 -7 0
13 -7 0
13 -7 0
13 -7 0
13 -7 0
13 -7 0
13 -7 0
13 -7 0
13 -7 0
13 -7 0
13 -7 0
13 0 -7
13 0 -7
13 0 -7
13 0 -7
13 0 -7
13 0 -7
13 0 -7
13 0 -7
13 0 -7
13 0 -7
13 0 -7
13 0 -7
13 0 -7
13 0 -7
13 0 -7
13 0 -7
13 0 -7
13 0 -7
13 0 -7
13 0 -7
13 0 -7
13 0 -7
13 0 -7
13 0 -7
13 0 -7
13 0 -7
13 0 -7
13 0 -7
13 0 -7
13 0 -7
13 0 -7
13 0 -7
13 0 -7
13 0 -7
13 7 0
13 7 0
13 7 0
13 7 0
13 7 0
13 7 0
13 7 0
13 7 0
13 7 0
13 7 0
13 7 0
13 7 0
13 7 0
13 7 0
13 7 0
13 7 0
13 7 0
13 7 0
13 7 0
13 7 0
13 7 0
13 7 0
13 7 0
13 7 0
13 7 0
13 7 0
13 7 0
13 7 0
13 7 0
13 7 0
13 7 0
13 7 0
13 7 0
13 7 0
13 0 7
13 0 7
13 0 7
13 0 7
13 0 7
13 0 7
13 0 7
13 0 7
13 0 7
13 0 7
13 0 7
13 0 7
13 0 7
13 0 7
13 0 7
13 0 7
13 0 7
13 0 7
13 0 7
13 0 7
13 0 7
13 0 7
13 0 7
13 0 7
13 0 7
13 0 7
13 0 7
13 0 7
13 0 7
13 0 7
13 0 7
13 0 7
13 0 7
13 0 7
14 -7 0
14 -7 0
14 -7 0
14 -7 0
14 -7 0
14 -7 0
14 -7 0
14 -7 0
14 -7 0
14 -7 0
14 -7 0
14 -7 0
14 -7 0
14 -7 0
14 -7 0
14 -7 0
14 -7 0
14 -7 0
14 -7 0
14 -7 0
14 -7 0
14 -7 0
14 -7 0
14 -7 0
14 -7 0
14 -7 0
14 -7 0
14 -7 0
14 -7 0
14 -7 0
14 -7 0
14 -7 0
14 -7 0
14 -7 0
14 0 -7
14 0 -7
14 0 -7
14 0 -7
14 0 -7
14 0 -7
14 0 -7
14 0 -7
14 0 -7
14 0 -7
14 0 -7
14 0 -7
14 0 -7
14 0 -7
14 0 -7
14 0 -7
14 0 -7
14 0 -7
14 0 -7
14 0 -7
14 0 -7
14 0 -7
14 0 -7
14 0 -7
14 0 -7
14 0 -7
14 0 -7
14 0 -7
14 0 -7
14 0 -7
14 0 -7
14 0 -7
14 0 -7
14 0 -7
14 7 0
14 7 0
14 7 0
14 7 0
14 7 0
14 7 0
14 7 0
14 7 0
14 7 0
14 7 0
14 7 0
14 7 0
14 7 0
14 7 0
14 7 0
14 7 0
14 7 0
14 7 0
14 7 0
14 7 0
14 7 0
14 7 0
14 7 0
14 7 0
14 7 0
14 7 0
14 7 0
14 7 0
14 7 0
14 7 0
14 7 0
14 7 0
14 7 0
14 7 0
14 0 7
14 0 7
14 0 7
14 0 7
14 0 7
14 0 7
14 0 7
14 0 7
14 0 7
14 0 7
14 0 7
14 0 7
14 0 7
14 0 7
14 0 7
14 0 7
14 0 7
14 0 7
14 0 7
14 0 7
14 0 7
14 0 7
14 0 7
14 0 7
14 0 7
14 0 7
14 0 7
14 0 7
14 0 7
14 0 7
14 0 7
14 0 7
14 0 7
14 0 7
15 -7 0
15 -7 0
15 -7 0
15 -7 0
15 -7 0
15 -7 0
15 -7 0
15 -7 0
15 -7 0
15 -7 0
15 -7 0
15 -7 0
15 -7 0
15 -7 0
15 -7 0
15 -7 0
15 -7 0
15 -7 0
15 -7 0
15 -7 0
15 -7 0
15 -7 0
15 -7 0
15 -7 0
15 -7 0
15 -7 0
15 -7 0
15 -7 0
15 -7 0
15 -7 0
15 -7 0
15 -7 0
15 -7 0
15 -7 0
15 0 -7
15 0 -7
15 0 -7
15 0 -7
15 0 -7
15 0 -7
15 0 -7
15 0 -7
15 0 -7
15 0 -7
15 0 -7
15 0 -7
15 0 -7
15 0 -7
15 0 -7
15 0 -7
15 0 -7
15 0 -7
15 0 -7
15 0 -7
15 0 -7
15 0 -7
15 0 -7
15 0 -7
15 0 -7
15 0 -7
15 0 -7
15 0 -7
15 0 -7
15 0 -7
15 0 -7
15 0 -7
15 0 -7
15 0 -7
15 7 0
15 7 0
15 7 0
15 7 0
15 7 0
15 7 0
15 7 0
15 7 0
15 7 0
15 7 0
15 7 0
15 7 0
15 7 0
15 7 0
15 7 0
15 7 0
15 7 0
15 7 0
15 7 0
15 7 0
15 7 0
15 7 0
15 7 0
15 7 0
15 7 0
15 7 0
15 7 0
15 7 0
15 7 0
15 7 0
15 7 0
15 7 0
15 7 0
15 7 0
15 0 7
15 0 7
15 0 7
15 0 7
15 0 7
15 0 7
15 0 7
15 0 7
15 0 7
15 0 7
15 0 7
15 0 7
15 0 7
15 0 7
15 0 7
15 0 7
15 0 7
15 0 7
15 0 7
15 0 7
15 0 7
15 0 7
15 0 7
15 0 7
15 0 7
15 0 7
15 0 7
15 0 7
15 0 7
15 0 7
15 0 7
15 0 7
15 0 7
15 0 7
16 -7 0
16 -7 0
16 -7 0
16 -7 0
16 -7 0
16 -7 0
16 -7 0
16 -7 0
16 -7 0
16 -7 0
16 -7 0
16 -7 0
16 -7 0
16 -7 0
16 -7 0
16 -7 0
16 -7 0
16 -7 0
16 -7 0
16 -7 0
16 -7 0
16 -7 0
16 -7 0
16 -7 0
16 -7 0
16 -7 0
16 -7 0
16 -7 0
16 -7 0
16 -7 0
16 -7 0
16 -7 0
16 -7 0
16 -7 0
16 0 -7
16 0 -7
16 0 -7
16 0 -7
16 0 -7
16 0 -7
16 0 -7
16 0 -7
16 0 -7
16 0 -7
16 0 -7
16 0 -7
16 0 -7
16 0 -7
16 0 -7
16 0 -7
16 0 -7
16 0 -7
16 0 -7
16 0 -7
16 0 -7
16 0 -7
16 0 -7
16 0 -7
16 0 -7
16 0 -7
16 0 -7
16 0 -7
16 0 -7
16 0 -7
16 0 -7
16 0 -7
16 0 -7
16 0 -7
16 7 0
16 7 0
16 7 0
16 7 0
16 7 0
16 7 0
16 7 0
16 7 0
16 7 0
16 7 0
16 7 0
16 7 0
16 7 0
16 7 0
16 7 0
16 7 0
16 7 0
16 7 0
16 7 0
16 7 0
16 7 0
16 7 0
16 7 0
16 7 0
16 7 0
16 7 0
16 7 0
16 7 0
16 7 0
16 7 0
16 7 0
16 7 0
16 7 0
16 7 0
16 0 7
16 0 7
16 0 7
16 0 7
16 0 7
16 0 7
16 0 7
16 0 7
16 0 7
16 0 7
16 0 7
16 0 7
16 0 7
16 0 7
16 0 7
16 0 7
16 0 7
16 0 7
16 0 7
16 0 7
16 0 7
16 0 7
16 0 7
16 0 7
16 0 7
16 0 7
16 0 7
16 0 7
16 0 7
16 0 7
16 0 7
16 0 7
16 0 7
16 0 7
17 -7 0
17 -7 0
17 -7 0
17 -7 0
17 -7 0
17 -7 0
17 -7 0
17 -7 0
17 -7 0
17 -7 0
17 -7 0
17 -7 0
17 -7 0
17 -7 0
17 -7 0
17 -7 0
17 -7 0
17 -7 0
17 -7 0
17 -7 0
17 -7 0
17 -7 0
17 -7 0
17 -7 0
17 -7 0
17 -7 0
17 -7 0
17 -7 0
17 -7 0
17 -7 0
17 -7 0
17 -7 0
17 -7 0
17 -7 0
17 0 -7
17 0 -7
17 0 -7
17 0 -7
17 0 -7
17 0 -7
17 0 -7
17 0 -7
17 0 -7
17 0 -7
17 0 -7
17 0 -7
17 0 -7
17 0 -7
17 0 -7
17 0 -7
17 0 -7
17 0 -7
17 0 -7
17 0 -7
17 0 -7
17 0 -7
17 0 -7
17 0 -7
17 0 -7
17 0 -7
17 0 -7
17 0 -7
17 0 -7
17 0 -7
17 0 -7
17 0 -7
17 0 -7
17 0 -7
17 7 0
17 7 0
17 7 0
17 7 0
17 7 0
17 7 0
17 7 0
17 7 0
17 7 0
17 7 0
17 7 0
17 7 0
17 7 0
17 7 0
17 7 0
17 7 0
17 7 0
17 7 0
17 7 0
17 7 0
17 7 0
17 7 0
17 7 0
17 7 0
17 7 0
17 7 0
17 7 0
17 7 0
17 7 0
17 7 0
17 7 0
17 7 0
17 7 0
17 7 0
17 0 7
17 0 7
17 0 7
17 0 7
17 0 7
17 0 7
17 0 7
17 0 7
17 0 7
17 0 7
17 0 7
17 0 7
17 0 7
17 0 7
17 0 7
17 0 7
17 0 7
17 0 7
17 0 7
17 0 7
17 0 7
17 0 7
17 0 7
17 0 7
17 0 7
17 0 7
17 0 7
17 0 7
17 0 7
17 0 7
17 0 7
17 0 7
17 0 7
17 0 7
18 -7 0
18 -7 0
18 -7 0
18 -7 0
18 -7 0
18 -7 0
18 -7 0
18 -7 0
18 -7 0
18 -7 0
18 -7 0
18 -7 0
18 -7 0
18 -7 0
18 -7 0
18 -7 0
18 -7 0
18 -7 0
18 -7 0
18 -7 0
18 -7 0
18 -7 0
18 -7 0
18 -7 0
18 -7 0
18 -7 0
18 -7 0
18 -7 0
18 -7 0
18 -7 0
18 -7 0
18 -7 0
18 -7 0
18 -7 0
18 0 -7
18 0 -7
18 0 -7
18 0 -7
18 0 -7
18 0 -7
18 0 -7
18 0 -7
18 0 -7
18 0 -7
18 0 -7
18 0 -7
18 0 -7
18 0 -7
18 0 -7
18 0 -7
18 0 -7
18 0 -7
18 0 -7
18 0 -7
18 0 -7
18 0 -7
18 0 -7
18 0 -7
18 0 -7
18 0 -7
18 0 -7
18 0 -7
18 0 -7
18 0 -7
18 0 -7
18 0 -7
18 0 -7
18 0 -7
18 7 0
18 7 0
18 7 0
18 7 0
18 7 0
18 7 0
18 7 0
18 7 0
18 7 0
18 7 0
18 7 0
18 7 0
18 7 0
18 7 0
18 7 0
18 7 0
18 7 0
18 7 0
18 7 0
18 7 0
18 7 0
18 7 0
18 7 0
18 7 0
18 7 0
18 7 0
18 7 0
18 7 0
18 7 0
18 7 0
18 7 0
18 7 0
18 7 0
18 7 0
18 0 7
18 0 7
18 0 7
18 0 7
18 0 7
18 0 7
18 0 7
18 0 7
18 0 7
18 0 7
18 0 7
18 0 7
18 0 7
18 0 7
18 0 7
18 0 7
18 0 7
18 0 7
18 0 7
18 0 7
18 0 7
18 0 7
18 0 7
18 0 7
18 0 7
18 0 7
18 0 7
18 0 7
18 0 7
18 0 7
18 0 7
18 0 7
18 0 7
18 0 7
19 -7 0
19 -7 0
19 -7 0
19 -7 0
19 -7 0
19 -7 0
19 -7 0
19 -7 0
19 -7 0
19 -7 0
19 -7 0
19 -7 0
19 -7 0
19 -7 0
19 -7 0
19 -7 0
19 -7 0
19 -7 0
19 -7 0
19 -7 0
19 -7 0
19 -7 0
19 -7 0
19 -7 0
19 -7 0
19 -7 0
19 -7 0
19 -7 0
19 -7 0
19 -7 0
19 -7 0
19 -7 0
19 -7 0
19 -7 0
19 0 -7
19 0 -7
19 0 -7
19 0 -7
19 0 -7
19 0 -7
19 0 -7
19 0 -7
19 0 -7
19 0 -7
19 0 -7
19 0 -7
19 0 -7
19 0 -7
19 0 -7
19 0 -7
19 0 -7
19 0 -7
19 0 -7
19 0 -7
19 0 -7
19 0 -7
19 0 -7
19 0 -7
19 0 -7
19 0 -7
19 0 -7
19 0 -7
19 0 -7
19 0 -7
19 0 -7
19 0 -7
19 0 -7
19 0 -7
19 7 0
19 7 0
19 7 0
19 7 0
19 7 0
19 7 0
19 7 0
19 7 0
19 7 0
19 7 0
19 7 0
19 7 0
19 7 0
19 7 0
19 7 0
19 7 0
19 7 0
19 7 0
19 7 0
19 7 0
19 7 0
19 7 0
19 7 0
19 7 0
19 7 0
19 7 0
19 7 0
19 7 0
19 7 0
19 7 0
19 7 0
19 7 0
19 7 0
19 7 0
19 0 7
19 0 7
19 0 7
19 0 7
19 0 7
19 0 7
19 0 7
19 0 7
19 0 7
19 0 7
19 0 7
19 0 7
19 0 7
19 0 7
19 0 7
19 0 7
19 0 7
19 0 7
19 0 7
19 0 7
19 0 7
19 0 7
19 0 7
19 0 7
19 0 7
19 0 7
19 0 7
19 0 7
19 0 7
19 0 7
19 0 7
19 0 7
19 0 7
19 0 7
20 -7 0
20 -7 0
20 -7 0
20 -7 0
20 -7 0
20 -7 0
20 -7 0
20 -7 0
20 -7 0
20 -7 0
20 -7 0
20 -7 0
20 -7 0
20 -7 0
20 -7 0
20 -7 0
20 -7 0
20 -7 0
20 -7 0
20 -7 0
20 -7 0
20 -7 0
20 -7 0
20 -7 0
20 -7 0
20 -7 0
20 -7 0
20 -7 0
20 -7 0
20 -7 0
20 -7 0
20 -7 0
20 -7 0
20 -7 0
20 0 -7
20 0 -7
20 0 -7
20 0 -7
20 0 -7
20 0 -7
20 0 -7
20 0 -7
20 0 -7
20 0 -7
20 0 -7
20 0 -7
20 0 -7
20 0 -7
20 0 -7
20 0 -7
20 0 -7
20 0 -7
20 0 -7
20 0 -7
20 0 -7
20 0 -7
20 0 -7
20 0 -7
20 0 -7
20 0 -7
20 0 -7
20 0 -7
20 0 -7
20 0 -7
20 0 -7
20 0 -7
20 0 -7
20 0 -7
20 7 0
20 7 0
20 7 0
20 7 0
20 7 0
20 7 0
20 7 0
20 7 0
20 7 0
20 7 0
20 7 0
20 7 0
20 7 0
20 7 0
20 7 0
20 7 0
20 7 0
20 7 0
20 7 0
20 7 0
20 7 0
20 7 0
20 7 0
20 7 0
20 7 0
20 7 0
20 7 0
20 7 0
20 7 0
20 7 0
20 7 0
20 7 0
20 7 0
20 7 0
20 0 7
20 0 7
20 0 7
20 0 7
20 0 7
20 0 7
20 0 7
20 0 7
20 0 7
20 0 7
20 0 7
20 0 7
20 0 7
20 0 7
20 0 7
20 0 7
20 0 7
20 0 7
20 0 7
20 0 7
20 0 7
20 0 7
20 0 7
20 0 7
20 0 7
20 0 7
20 0 7
20 0 7
20 0 7
20 0 7
20 0 7
20 0 7
20 0 7
20 0 7
21 -7 0
21 -7 0
21 -7 0
21 -7 0
21 -7 0
21 -7 0
21 -7 0
21 -7 0
21 -7 0
21 -7 0
21 -7 0
21 -7 0
21 -7 0
21 -7 0
21 -7 0
21 -7 0
21 -7 0
21 -7 0
21 -7 0
21 -7 0
21 -7 0
21 -7 0
21 -7 0
21 -7 0
21 -7 0
21 -7 0
21 -7 0
21 -7 0
21 -7 0
21 -7 0
21 -7 0
21 -7 0
21 -7 0
21 -7 0
21 0 -7
21 0 -7
21 0 -7
21 0 -7
21 0 -7
21 0 -7
21 0 -7
21 0 -7
21 0 -7
21 0 -7
21 0 -7
21 0 -7
21 0 -7
21 0 -7
21 0 -7
21 0 -7
21 0 -7
21 0 -7
21 0 -7
21 0 -7
21 0 -7
21 0 -7
21 0 -7
21 0 -7
21 0 -7
21 0 -7
21 0 -7
21 0 -7
21 0 -7
21 0 -7
21 0 -7
21 0 -7
21 0 -7
21 0 -7
21 7 0
21 7 0
21 7 0
21 7 0
21 7 0
21 7 0
21 7 0
21 7 0
21 7 0
21 7 0
21 7 0
21 7 0
21 7 0
21 7 0
21 7 0
21 7 0
21 7 0
21 7 0
21 7 0
21 7 0
21 7 0
21 7 0
21 7 0
21 7 0
21 7 0
21 7 0
21 7 0
21 7 0
21 7 0
21 7 0
21 7 0
21 7 0
21 7 0
21 7 0
21 0 7
21 0 7
21 0 7
21 0 7
21 0 7
21 0 7
21 0 7
21 0 7
21 0 7
21 0 7
21 0 7
21 0 7
21 0 7
21 0 7
21 0 7
21 0 7
21 0 7
21 0 7
21 0 7
21 0 7
21 0 7
21 0 7
21 0 7
21 0 7
21 0 7
21 0 7
21 0 7
21 0 7
21 0 7
21 0 7
21 0 7
21 0 7
21 0 7
21 0 7
22 -7 0
22 -7 0
22 -7 0
22 -7 0
22 -7 0
22 -7 0
22 -7 0
22 -7 0
22 -7 0
22 -7 0
22 -7 0
22 -7 0
22 -7 0
22 -7 0
22 -7 0
22 -7 0
22 -7 0
22 -7 0
22 -7 0
22 -7 0
22 -7 0
22 -7 0
22 -7 0
22 -7 0
22 -7 0
22 -7 0
22 -7 0
22 -7 0
22 -7 0
22 -7 0
22 -7 0
22 -7 0
22 -7 0
22 -7 0
22 0 -7
22 0 -7
22 0 -7
22 0 -7
22 0 -7
22 0 -7
22 0 -7
22 0 -7
22 0 -7
22 0 -7
22 0 -7
22 0 -7
22 0 -7
22 0 -7
22 0 -7
22 0 -7
22 0 -7
22 0 -7
22 0 -7
22 0 -7
22 0 -7
22 0 -7
22 0 -7
22 0 -7
22 0 -7
22 0 -7
22 0 -7
22 0 -7
22 0 -7
22 0 -7
22 0 -7
22 0 -7
22 0 -7
22 0 -7
22 7 0
22 7 0
22 7 0
22 7 0
22 7 0
22 7 0
22 7 0
22 7 0
22 7 0
22 7 0
22 7 0
22 7 0
22 7 0
22 7 0
22 7 0
22 7 0
22 7 0
22 7 0
22 7 0
22 7 0
22 7 0
22 7 0
22 7 0
22 7 0
22 7 0
22 7 0
22 7 0
22 7 0
22 7 0
22 7 0
22 7 0
22 7 0
22 7 0
22 7 0
22 0 7
22 0 7
22 0 7
22 0 7
22 0 7
22 0 7
22 0 7
22 0 7
22 0 7
22 0 7
22 0 7
22 0 7
22 0 7
22 0 7
22 0 7
22 0 7
22 0 7
22 0 7
22 0 7
22 0 7
22 0 7
22 0 7
22 0 7
22 0 7
22 0 7
22 0 7
22 0 7
22 0 7
22 0 7
22 0 7
22 0 7
22 0 7
22 0 7
22 0 7
23 -7 0
23 -7 0
23 -7 0
23 -7 0
23 -7 0
23 -7 0
23 -7 0
23 -7 0
23 -7 0
23 -7 0
23 -7 0
23 -7 0
23 -7 0
23 -7 0
23 -7 0
23 -7 0
23 -7 0
23 -7 0
23 -7 0
23 -7 0
23 -7 0
23 -7 0
23 -7 0
23 -7 0
23 -7 0
23 -7 0
23 -7 0
23 -7 0
23 -7 0
23 -7 0
23 -7 0
23 -7 0
23 -7 0
23 -7 0
23 0 -7
23 0 -7
23 0 -7
23 0 -7
23 0 -7
23 0 -7
23 0 -7
23 0 -7
23 0 -7
23 0 -7
23 0 -7
23 0 -7
23 0 -7
23 0 -7
23 0 -7
23 0 -7
23 0 -7
23 0 -7
23 0 -7
23 0 -7
23 0 -7
23 0 -7
23 0 -7
23 0 -7
23 0 -7
23 0 -7
23 0 -7
23 0 -7
23 0 -7
23 0 -7
23 0 -7
23 0 -7
23 0 -7
23 0 -7
23 7 0
23 7 0
23 7 0
23 7 0
23 7 0
23 7 0
23 7 0
23 7 0
23 7 0
23 7 0
23 7 0
23 7 0
23 7 0
23 7 0
23 7 0
23 7 0
23 7 0
23 7 0
23 7 0
23 7 0
23 7 0
23 7 0
23 7 0
23 7 0
23 7 0
23 7 0
23 7 0
23 7 0
23 7 0
23 7 0
23 7 0
23 7 0
23 7 0
23 7 0
23 0 7
23 0 7
23 0 7
23 0 7
23 0 7
23 0 7
23 0 7
23 0 7
23 0 7
23 0 7
23 0 7
23 0 7
23 0 7
23 0 7
23 0 7
23 0 7
23 0 7
23 0 7
23 0 7
23 0 7
23 0 7
23 0 7
23 0 7
23 0 7
23 0 7
23 0 7
23 0 7
23 0 7
23 0 7
23 0 7
23 0 7
23 0 7
23 0 7
23 0 7
24 -7 0
24 -7 0
24 -7 0
24 -7 0
24 -7 0
24 -7 0
24 -7 0
24 -7 0
24 -7 0
24 -7 0
24 -7 0
24 -7 0
24 -7 0
24 -7 0
24 -7 0
24 -7 0
24 -7 0
24 -7 0
24 -7 0
24 -7 0
24 -7 0
24 -7 0
24 -7 0
24 -7 0
24 -7 0
24 -7 0
24 -7 0
24 -7 0
24 -7 0
24 -7 0
24 -7 0
24 -7 0
24 -7 0
24 -7 0
24 0 -7
24 0 -7
24 0 -7
24 0 -7
24 0 -7
24 0 -7
24 0 -7
24 0 -7
24 0 -7
24 0 -7
24 0 -7
24 0 -7
24 0 -7
24 0 -7
24 0 -7
24 0 -7
24 0 -7
24 0 -7
24 0 -7
24 0 -7
24 0 -7
24 0 -7
24 0 -7
24 0 -7
24 0 -7
24 0 -7
24 0 -7
24 0 -7
24 0 -7
24 0 -7
24 0 -7
24 0 -7
24 0 -7
24 0 -7
24 7 0
24 7 0
24 7 0
24 7 0
24 7 0
24 7 0
24 7 0
24 7 0
24 7 0
24 7 0
24 7 0
24 7 0
24 7 0
24 7 0
24 7 0
24 7 0
24 7 0
24 7 0
24 7 0
24 7 0
24 7 0
24 7 0
24 7 0
24 7 0
24 7 0
24 7 0
24 7 0
24 7 0
24 7 0
24 7 0
24 7 0
24 7 0
24 7 0
24 7 0
24 0 7
24 0 7
24 0 7
24 0 7
24 0 7
24 0 7
24 0 7
24 0 7
24 0 7
24 0 7
24 0 7
24 0 7
24 0 7
24 0 7
24 0 7
24 0 7
24 0 7
24 0 7
24 0 7
24 0 7
24 0 7
24 0 7
24 0 7
24 0 7
24 0 7
24 0 7
24 0 7
24 0 7
24 0 7
24 0 7
24 0 7
24 0 7
24 0 7
24 0 7
25 -7 0
25 -7 0
25 -7 0
25 -7 0
25 -7 0
25 -7 0
25 -7 0
25 -7 0
25 -7 0
25 -7 0
25 -7 0
25 -7 0
25 -7 0
25 -7 0
25 -7 0
25 -7 0
25 -7 0
25 -7 0
25 -7 0
25 -7 0
25 -7 0
25 -7 0
25 -7 0
25 -7 0
25 -7 0
25 -7 0
25 -7 0
25 -7 0
25 -7 0
25 -7 0
25 -7 0
25 -7 0
25 -7 0
25 -7 0
25 0 -7
25 0 -7
25 0 -7
25 0 -7
25 0 -7
25 0 -7
25 0 -7
25 0 -7
25 0 -7
25 0 -7
25 0 -7
25 0 -7
25 0 -7
25 0 -7
25 0 -7
25 0 -7
25 0 -7
25 0 -7
25 0 -7
25 0 -7
25 0 -7
25 0 -7
25 0 -7
25 0 -7
25 0 -7
25 0 -7
25 0 -7
25 0 -7
25 0 -7
25 0 -7
25 0 -7
25 0 -7
25 0 -7
25 0 -7
25 7 0
25 7 0
25 7 0
25 7 0
25 7 0
25 7 0
25 7 0
25 7 0
25 7 0
25 7 0
25 7 0
25 7 0
25 7 0
25 7 0
25 7 0
25 7 0
25 7 0
25 7 0
25 7 0
25 7 0
25 7 0
25 7 0
25 7 0
25 7 0
25 7 0
25 7 0
25 7 0
25 7 0
25 7 0
25 7 0
25 7 0
25 7 0
25 7 0
25 7 0
25 0 7
25 0 7
25 0 7
25 0 7
25 0 7
25 0 7
25 0 7
25 0 7
25 0 7
25 0 7
25 0 7
25 0 7
25 0 7
25 0 7
25 0 7
25 0 7
25 0 7
25 0 7
25 0 7
25 0 7
25 0 7
25 0 7
25 0 7
25 0 7
25 0 7
25 0 7
25 0 7
25 0 7
25 0 7
25 0 7
25 0 7
25 0 7
25 0 7
25 0 7
26 -7 0
26 -7 0
26 -7 0
26 -7 0
26 -7 0
26 -7 0
26 -7 0
26 -7 0
26 -7 0
26 -7 0
26 -7 0
26 -7 0
26 -7 0
26 -7 0
26 -7 0
26 -7 0
26 -7 0
26 -7 0
26 -7 0
26 -7 0
26 -7 0
26 -7 0
26 -7 0
26 -7 0
26 -7 0
26 -7 0
26 -7 0
26 -7 0
26 -7 0
26 -7 0
26 -7 0
26 -7 0
26 -7 0
26 -7 0
26 0 -7
26 0 -7
26 0 -7
26 0 -7
26 0 -7
26 0 -7
26 0 -7
26 0 -7
26 0 -7
26 0 -7
26 0 -7
26 0 -7
26 0 -7
26 0 -7
26 0 -7
26 0 -7
26 0 -7
26 0 -7
26 0 -7
26 0 -7
26 0 -7
26 0 -7
26 0 -7
26 0 -7
26 0 -7
26 0 -7
26 0 -7
26 0 -7
26 0 -7
26 0 -7
26 0 -7
26 0 -7
26 0 -7
26 0 -7
26 7 0
26 7 0
26 7 0
26 7 0
26 7 0
26 7 0
26 7 0
26 7 0
26 7 0
26 7 0
26 7 0
26 7 0
26 7 0
26 7 0
26 7 0
26 7 0
26 7 0
26 7 0
26 7 0
26 7 0
26 7 0
26 7 0
26 7 0
26 7 0
26 7 0
26 7 0
26 7 0
26 7 0
26 7 0
26 7 0
26 7 0
26 7 0
26 7 0
26 7 0
26 0 7
26 0 7
26 0 7
26 0 7
26 0 7
26 0 7
26 0 7
26 0 7
26 0 7
26 0 7
26 0 7
26 0 7
26 0 7
26 0 7
26 0 7
26 0 7
26 0 7
26 0 7
26 0 7
26 0 7
26 0 7
26 0 7
26 0 7
26 0 7
26 0 7
26 0 7
26 0 7
26 0 7
26 0 7
26 0 7
26 0 7
26 0 7
26 0 7
26 0 7
27 -7 0
27 -7 0
27 -7 0
27 -7 0
27 -7 0
27 -7 0
27 -7 0
27 -7 0
27 -7 0
27 -7 0
27 -7 0
27 -7 0
27 -7 0
27 -7 0
27 -7 0
27 -7 0
27 -7 0
27 -7 0
27 -7 0
27 -7 0
27 -7 0
27 -7 0
27 -7 0
27 -7 0
27 -7 0
27 -7 0
27 -7 0
27 -7 0
27 -7 0
27 -7 0
27 -7 0
27 -7 0
27 -7 0
27 -7 0
27 0 -7
27 0 -7
27 0 -7
27 0 -7
27 0 -7
27 0 -7
27 0 -7
27 0 -7
27 0 -7
27 0 -7
27 0 -7
27 0 -7
27 0 -7
27 0 -7
27 0 -7
27 0 -7
27 0 -7
27 0 -7
27 0 -7
27 0 -7
27 0 -7
27 0 -7
27 0 -7
27 0 -7
27 0 -7
27 0 -7
27 0 -7
27 0 -7
27 0 -7
27 0 -7
27 0 -7
27 0 -7
27 0 -7
27 0 -7
27 7 0
27 7 0
27 7 0
27 7 0
27 7 0
27 7 0
27 7 0
27 7 0
27 7 0
27 7 0
27 7 0
27 7 0
27 7 0
27 7 0
27 7 0
27 7 0
27 7 0
27 7 0
27 7 0
27 7 0
27 7 0
27 7 0
27 7 0
27 7 0
27 7 0
27 7 0
27 7 0
27 7 0
27 7 0
27 7 0
27 7 0
27 7 0
27 7 0
27 7 0
27 0 7
27 0 7
27 0 7
27 0 7
27 0 7
27 0 7
27 0 7
27 0 7
27 0 7
27 0 7
27 0 7
27 0 7
27 0 7
27 0 7
27 0 7
27 0 7
27 0 7
27 0 7
27 0 7
27 0 7
27 0 7
27 0 7
27 0 7
27 0 7
27 0 7
27 0 7
27 0 7
27 0 7
27 0 7
27 0 7
27 0 7
27 0 7
27 0 7
27 0 7
28 -7 0
28 -7 0
28 -7 0
28 -7 0
28 -7 0
28 -7 0
28 -7 0
28 -7 0
28 -7 0
28 -7 0
28 -7 0
28 -7 0
28 -7 0
28 -7 0
28 -7 0
28 -7 0
28 -7 0
28 -7 0
28 -7 0
28 -7 0
28 -7 0
28 -7 0
28 -7 0
28 -7 0
28 -7 0
28 -7 0
28 -7 0
28 -7 0
28 -7 0
28 -7 0
28 -7 0
28 -7 0
28 -7 0
28 -7 0
28 0 -7
28 0 -7
28 0 -7
28 0 -7
28 0 -7
28 0 -7
28 0 -7
28 0 -7
28 0 -7
28 0 -7
28 0 -7
28 0 -7
28 0 -7
28 0 -7
28 0 -7
28 0 -7
28 0 -7
28 0 -7
28 0 -7
28 0 -7
28 0 -7
28 0 -7
28 0 -7
28 0 -7
28 0 -7
28 0 -7
28 0 -7
28 0 -7
28 0 -7
28 0 -7
28 0 -7
28 0 -7
28 0 -7
28 0 -7
28 7 0
28 7 0
28 7 0
28 7 0
28 7 0
28 7 0
28 7 0
28 7 0
28 7 0
28 7 0
28 7 0
28 7 0
28 7 0
28 7 0
28 7 0
28 7 0
28 7 0
28 7 0
28 7 0
28 7 0
28 7 0
28 7 0
28 7 0
28 7 0
28 7 0
28 7 0
28 7 0
28 7 0
28 7 0
28 7 0
28 7 0
28 7 0
28 7 0
28 7 0
28 0 7
28 0 7
28 0 7
28 0 7
28 0 7
28 0 7
28 0 7
28 0 7
28 0 7
28 0 7
28 0 7
28 0 7
28 0 7
28 0 7
28 0 7
28 0 7
28 0 7
28 0 7
28 0 7
28 0 7
28 0 7
28 0 7
28 0 7
28 0 7
28 0 7
28 0 7
28 0 7
28 0 7
28 0 7
28 0 7
28 0 7
28 0 7
28 0 7
28 0 7
29 -7 0
29 -7 0
29 -7 0
29 -7 0
29 -7 0
29 -7 0
29 -7 0
29 -7 0
29 -7 0
29 -7 0
29 -7 0
29 -7 0
29 -7 0
29 -7 0
29 -7 0
29 -7 0
29 -7 0
29 -7 0
29 -7 0
29 -7 0
29 -7 0
29 -7 0
29 -7 0
29 -7 0
29 -7 0
29 -7 0
29 -7 0
29 -7 0
29 -7 0
29 -7 0
29 -7 0
29 -7 0
29 -7 0
29 -7 0
29 0 -7
29 0 -7
29 0 -7
29 0 -7
29 0 -7
29 0 -7
29 0 -7
29 0 -7
29 0 -7
29 0 -7
29 0 -7
29 0 -7
29 0 -7
29 0 -7
29 0 -7
29 0 -7
29 0 -7
29 0 -7
29 0 -7
29 0 -7
29 0 -7
29 0 -7
29 0 -7
29 0 -7
29 0 -7
29 0 -7
29 0 -7
29 0 -7
29 0 -7
29 0 -7
29 0 -7
29 0 -7
29 0 -7
29 0 -7
29 7 0
29 7 0
29 7 0
29 7 0
29 7 0
29 7 0
29 7 0
29 7 0
29 7 0
29 7 0
29 7 0
29 7 0
29 7 0
29 7 0
29 7 0
29 7 0
29 7 0
29 7 0
29 7 0
29 7 0
29 7 0
29 7 0
29 7 0
29 7 0
29 7 0
29 7 0
29 7 0
29 7 0
29 7 0
29 7 0
29 7 0
29 7 0
29 7 0
29 7 0
29 0 7
29 0 7
29 0 7
29 0 7
29 0 7
29 0 7
29 0 7
29 0 7
29 0 7
29 0 7
29 0 7
29 0 7
29 0 7
29 0 7
29 0 7
29 0 7
29 0 7
29 0 7
29 0 7
29 0 7
29 0 7
29 0 7
29 0 7
29 0 7
29 0 7
29 0 7
29 0 7
29 0 7
29 0 7
29 0 7
29 0 7
29 0 7
29 0 7
29 0 7
30 -7 0
30 -7 0
30 -7 0
30 -7 0
30 -7 0
30 -7 0
30 -7 0
30 -7 0
30 -7 0
30 -7 0
30 -7 0
30 -7 0
30 -7 0
30 -7 0
30 -7 0
30 -7 0
30 -7 0
30 -7 0
30 -7 0
30 -7 0
30 -7 0
30 -7 0
30 -7 0
30 -7 0
30 -7 0
30 -7 0
30 -7 0
30 -7 0
30 -7 0
30 -7 0
30 -7 0
30 -7 0
30 -7 0
30 -7 0
30 0 -7
30 0 -7
30 0 -7
30 0 -7
30 0 -7
30 0 -7
30 0 -7
30 0 -7
30 0 -7
30 0 -7
30 0 -7
30 0 -7
30 0 -7
30 0 -7
30 0 -7
30 0 -7
30 0 -7
30 0 -7
30 0 -7
30 0 -7
30 0 -7
30 0 -7
30 0 -7
30 0 -7
30 0 -7
30 0 -7
30 0 -7
30 0 -7
30 0 -7
30 0 -7
30 0 -7
30 0 -7
30 0 -7
30 0 -7
30 7 0
30 7 0
30 7 0
30 7 0
30 7 0
30 7 0
30 7 0
30 7 0
30 7 0
30 7 0
30 7 0
30 7 0
30 7 0
30 7 0
30 7 0
30 7 0
30 7 0
30 7 0
30 7 0
30 7 0
30 7 0
30 7 0
30 7 0
30 7 0
30 7 0
30 7 0
30 7 0
30 7 0
30 7 0
30 7 0
30 7 0
30 7 0
30 7 0
30 7 0
30 0 7
30 0 7
30 0 7
30 0 7
30 0 7
30 0 7
30 0 7
30 0 7
30 0 7
30 0 7
30 0 7
30 0 7
30 0 7
30 0 7
30 0 7
30 0 7
30 0 7
30 0 7
30 0 7
30 0 7
30 0 7
30 0 7
30 0 7
30 0 7
30 0 7
30 0 7
30 0 7
30 0 7
30 0 7
30 0 7
30 0 7
30 0 7
30 0 7
30 0 7
31 -7 0
31 -7 0
31 -7 0
31 -7 0
31 -7 0
31 -7 0
31 -7 0
31 -7 0
31 -7 0
31 -7 0
31 -7 0
31 -7 0
31 -7 0
31 -7 0
31 -7 0
31 -7 0
31 -7 0
31 -7 0
31 -7 0
31 -7 0
31 -7 0
31 -7 0
31 -7 0
31 -7 0
31 -7 0
31 -7 0
31 -7 0
31 -7 0
31 -7 0
31 -7 0
31 -7 0
31 -7 0
31 -7 0
31 -7 0
31 0 -7
31 0 -7
31 0 -7
31 0 -7
31 0 -7
31 0 -7
31 0 -7
31 0 -7
31 0 -7
31 0 -7
31 0 -7
31 0 -7
31 0 -7
31 0 -7
31 0 -7
31 0 -7
31 0 -7
31 0 -7
31 0 -7
31 0 -7
31 0 -7
31 0 -7
31 0 -7
31 0 -7
31 0 -7
31 0 -7
31 0 -7
31 0 -7
31 0 -7
31 0 -7
31 0 -7
31 0 -7
31 0 -7
31 0 -7
31 7 0
31 7 0
31 7 0
31 7 0
31 7 0
31 7 0
31 7 0
31 7 0
31 7 0
31 7 0
31 7 0
31 7 0
31 7 0
31 7 0
31 7 0
31 7 0
31 7 0
31 7 0
31 7 0
31 7 0
31 7 0
31 7 0
31 7 0
31 7 0
31 7 0
31 7 0
31 7 0
31 7 0
31 7 0
31 7 0
31 7 0
31 7 0
31 7 0
31 7 0
31 0 7
31 0 7
31 0 7
31 0 7
31 0 7
31 0 7
31 0 7
31 0 7
31 0 7
31 0 7
31 0 7
31 0 7
31 0 7
31 0 7
31 0 7
31 0 7
31 0 7
31 0 7
31 0 7
31 0 7
31 0 7
31 0 7
31 0 7
31 0 7
31 0 7
31 0 7
31 0 7
31 0 7
31 0 7
31 0 7
31 0 7
31 0 7
31 0 7
31 0 7
32 -7 0
32 -7 0
32 -7 0
32 -7 0
32 -7 0
32 -7 0
32 -7 0
32 -7 0
32 -7 0
32 -7 0
32 -7 0
32 -7 0
32 -7 0
32 -7 0
32 -7 0
32 -7 0
32 -7 0
32 -7 0
32 -7 0
32 -7 0
32 -7 0
32 -7 0
32 -7 0
32 -7 0
32 -7 0
32 -7 0
32 -7 0
32 -7 0
32 -7 0
32 -7 0
32 -7 0
32 -7 0
32 -7 0
32 -7 0
32 0 -7
32 0 -7
32 0 -7
32 0 -7
32 0 -7
32 0 -7
32 0 -7
32 0 -7
32 0 -7
32 0 -7
32 0 -7
32 0 -7
32 0 -7
32 0 -7
32 0 -7
32 0 -7
32 0 -7
32 0 -7
32 0 -7
32 0 -7
32 0 -7
32 0 -7
32 0 -7
32 0 -7
32 0 -7
32 0 -7
32 0 -7
32 0 -7
32 0 -7
32 0 -7
32 0 -7
32 0 -7
32 0 -7
32 0 -7
32 7 0
32 7 0
32 7 0
32 7 0
32 7 0
32 7 0
32 7 0
32 7 0
32 7 0
32 7 0
32 7 0
32 7 0
32 7 0
32 7 0
32 7 0
32 7 0
32 7 0
32 7 0
32 7 0
32 7 0
32 7 0
32 7 0
32 7 0
32 7 0
32 7 0
32 7 0
32 7 0
32 7 0
32 7 0
32 7 0
32 7 0
32 7 0
32 7 0
32 7 0
32 0 7
32 0 7
32 0 7
32 0 7
32 0 7
32 0 7
32 0 7
32 0 7
32 0 7
32 0 7
32 0 7
32 0 7
32 0 7
32 0 7
32 0 7
32 0 7
32 0 7
32 0 7
32 0 7
32 0 7
32 0 7
32 0 7
32 0 7
32 0 7
32 0 7
32 0 7
32 0 7
32 0 7
32 0 7
32 0 7
32 0 7
32 0 7
32 0 7
32 0 7
33 -7 0
33 -7 0
33 -7 0
33 -7 0
33 -7 0
33 -7 0
33 -7 0
33 -7 0
33 -7 0
33 -7 0
33 -7 0
33 -7 0
33 -7 0
33 -7 0
33 -7 0
33 -7 0
33 -7 0
33 -7 0
33 -7 0
33 -7 0
33 -7 0
33 -7 0
33 -7 0
33 -7 0
33 -7 0
33 -7 0
33 -7 0
33 -7 0
33 -7 0
33 -7 0
33 -7 0
33 -7 0
33 -7 0
33 -7 0
33 0 -7
33 0 -7
33 0 -7
33 0 -7
33 0 -7
33 0 -7
33 0 -7
33 0 -7
33 0 -7
33 0 -7
33 0 -7
33 0 -7
33 0 -7
33 0 -7
33 0 -7
33 0 -7
33 0 -7
33 0 -7
33 0 -7
33 0 -7
33 0 -7
33 0 -7
33 0 -7
33 0 -7
33 0 -7
33 0 -7
33 0 -7
33 0 -7
33 0 -7
33 0 -7
33 0 -7
33 0 -7
33 0 -7
33 0 -7
33 7 0
33 7 0
33 7 0
33 7 0
33 7 0
33 7 0
33 7 0
33 7 0
33 7 0
33 7 0
33 7 0
33 7 0
33 7 0
33 7 0
33 7 0
33 7 0
33 7 0
33 7 0
33 7 0
33 7 0
33 7 0
33 7 0
33 7 0
33 7 0
33 7 0
33 7 0
33 7 0
33 7 0
33 7 0
33 7 0
33 7 0
33 7 0
33 7 0
33 7 0
33 0 7
33 0 7
33 0 7
33 0 7
33 0 7
33 0 7
33 0 7
33 0 7
33 0 7
33 0 7
33 0 7
33 0 7
33 0 7
33 0 7
33 0 7
33 0 7
33 0 7
33 0 7
33 0 7
33 0 7
33 0 7
33 0 7
33 0 7
33 0 7
33 0 7
33 0 7
33 0 7
33 0 7
33 0 7
33 0 7
33 0 7
33 0 7
33 0 7
33 0 7
34 -7 0
34 -7 0
34 -7 0
34 -7 0
34 -7 0
34 -7 0
34 -7 0
34 -7 0
34 -7 0
34 -7 0
34 -7 0
34 -7 0
34 -7 0
34 -7 0
34 -7 0
34 -7 0
34 -7 0
34 -7 0
34 -7 0
34 -7 0
34 -7 0
34 -7 0
34 -7 0
34 -7 0
34 -7 0
34 -7 0
34 -7 0
34 -7 0
34 -7 0
34 -7 0
34 -7 0
34 -7 0
34 -7 0
34 -7 0
34 0 -7
34 0 -7
34 0 -7
34 0 -7
34 0 -7
34 0 -7
34 0 -7
34 0 -7
34 0 -7
34 0 -7
34 0 -7
34 0 -7
34 0 -7
34 0 -7
34 0 -7
34 0 -7
34 0 -7
34 0 -7
34 0 -7
34 0 -7
34 0 -7
34 0 -7
34 0 -7
34 0 -7
34 0 -7
34 0 -7
34 0 -7
34 0 -7
34 0 -7
34 0 -7
34 0 -7
34 0 -7
34 0 -7
34 0 -7
34 7 0
34 7 0
34 7 0
34 7 0
34 7 0
34 7 0
34 7 0
34 7 0
34 7 0
34 7 0
34 7 0
34 7 0
34 7 0
34 7 0
34 7 0
34 7 0
34 7 0
34 7 0
34 7 0
34 7 0
34 7 0
34 7 0
34 7 0
34 7 0
34 7 0
34 7 0
34 7 0
34 7 0
34 7 0
34 7 0
34 7 0
34 7 0
34 7 0
34 7 0
34 0 7
34 0 7
34 0 7
34 0 7
34 0 7
34 0 7
34 0 7
34 0 7
34 0 7
34 0 7
34 0 7
34 0 7
34 0 7
34 0 7
34 0 7
34 0 7
34 0 7
34 0 7
34 0 7
34 0 7
34 0 7
34 0 7
34 0 7
34 0 7
34 0 7
34 0 7
34 0 7
34 0 7
34 0 7
34 0 7
34 0 7
34 0 7
34 0 7
34 0 7
35 -7 0
35 -7 0
35 -7 0
35 -7 0
35 -7 0
35 -7 0
35 -7 0
35 -7 0
35 -7 0
35 -7 0
35 -7 0
35 -7 0
35 -7 0
35 -7 0
35 -7 0
35 -7 0
35 -7 0
35 -7 0
35 -7 0
35 -7 0
35 -7 0
35 -7 0
35 -7 0
35 -7 0
35 -7 0
35 -7 0
35 -7 0
35 -7 0
35 -7 0
35 -7 0
35 -7 0
35 -7 0
35 -7 0
35 -7 0
35 0 -7
35 0 -7
35 0 -7
35 0 -7
35 0 -7
35 0 -7
35 0 -7
35 0 -7
35 0 -7
35 0 -7
35 0 -7
35 0 -7
35 0 -7
35 0 -7
35 0 -7
35 0 -7
35 0 -7
35 0 -7
35 0 -7
35 0 -7
35 0 -7
35 0 -7
35 0 -7
35 0 -7
35 0 -7
35 0 -7
35 0 -7
35 0 -7
35 0 -7
35 0 -7
35 0 -7
35 0 -7
35 0 -7
35 0 -7
35 7 0
35 7 0
35 7 0
35 7 0
35 7 0
35 7 0
35 7 0
35 7 0
35 7 0
35 7 0
35 7 0
35 7 0
35 7 0
35 7 0
35 7 0
35 7 0
35 7 0
35 7 0
35 7 0
35 7 0
35 7 0
35 7 0
35 7 0
35 7 0
35 7 0
35 7 0
35 7 0
35 7 0
35 7 0
35 7 0
35 7 0
35 7 0
35 7 0
35 7 0
35 0 7
35 0 7
35 0 7
35 0 7
35 0 7
35 0 7
35 0 7
35 0 7
35 0 7
35 0 7
35 0 7
35 0 7
35 0 7
35 0 7
35 0 7
35 0 7
35 0 7
35 0 7
35 0 7
35 0 7
35 0 7
35 0 7
35 0 7
35 0 7
35 0 7
35 0 7
35 0 7
35 0 7
35 0 7
35 0 7
35 0 7
35 0 7
35 0 7
35 0 7
36 -7 0
36 -7 0
36 -7 0
36 -7 0
36 -7 0
36 -7 0
36 -7 0
36 -7 0
36 -7 0
36 -7 0
36 -7 0
36 -7 0
36 -7 0
36 -7 0
36 -7 0
36 -7 0
36 -7 0
36 -7 0
36 -7 0
36 -7 0
36 -7 0
36 -7 0
36 -7 0
36 -7 0
36 -7 0
36 -7 0
36 -7 0
36 -7 0
36 -7 0
36 -7 0
36 -7 0
36 -7 0
36 -7 0
36 -7 0
36 0 -7
36 0 -7
36 0 -7
36 0 -7
36 0 -7
36 0 -7
36 0 -7
36 0 -7
36 0 -7
36 0 -7
36 0 -7
36 0 -7
36 0 -7
36 0 -7
36 0 -7
36 0 -7
36 0 -7
36 0 -7
36 0 -7
36 0 -7
36 0 -7
36 0 -7
36 0 -7
36 0 -7
36 0 -7
36 0 -7
36 0 -7
36 0 -7
36 0 -7
36 0 -7
36 0 -7
36 0 -7
36 0 -7
36 0 -7
36 7 0
36 7 0
36 7 0
36 7 0
36 7 0
36 7 0
36 7 0
36 7 0
36 7 0
36 7 0
36 7 0
36 7 0
36 7 0
36 7 0
36 7 0
36 7 0
36 7 0
36 7 0
36 7 0
36 7 0
36 7 0
36 7 0
36 7 0
36 7 0
36 7 0
36 7 0
36 7 0
36 7 0
36 7 0
36 7 0
36 7 0
36 7 0
36 7 0
36 7 0
36 0 7
36 0 7
36 0 7
36 0 7
36 0 7
36 0 7
36 0 7
36 0 7
36 0 7
36 0 7
36 0 7
36 0 7
36 0 7
36 0 7
36 0 7
36 0 7
36 0 7
36 0 7
36 0 7
36 0 7
36 0 7
36 0 7
36 0 7
36 0 7
36 0 7
36 0 7
36 0 7
36 0 7
36 0 7
36 0 7
36 0 7
36 0 7
36 0 7
36 0 7
37 -7 0
37 -7 0
37 -7 0
37 -7 0
37 -7 0
37 -7 0
37 -7 0
37 -7 0
37 -7 0
37 -7 0
37 -7 0
37 -7 0
37 -7 0
37 -7 0
37 -7 0
37 -7 0
37 -7 0
37 -7 0
37 -7 0
37 -7 0
37 -7 0
37 -7 0
37 -7 0
37 -7 0
37 -7 0
37 -7 0
37 -7 0
37 -7 0
37 -7 0
37 -7 0
37 -7 0
37 -7 0
37 -7 0
37 -7 0
37 0 -7
37 0 -7
37 0 -7
37 0 -7
37 0 -7
37 0 -7
37 0 -7
37 0 -7
37 0 -7
37 0 -7
37 0 -7
37 0 -7
37 0 -7
37 0 -7
37 0 -7
37 0 -7
37 0 -7
37 0 -7
37 0 -7
37 0 -7
37 0 -7
37 0 -7
37 0 -7
37 0 -7
37 0 -7
37 0 -7
37 0 -7
37 0 -7
37 0 -7
37 0 -7
37 0 -7
37 0 -7
37 0 -7
37 0 -7
37 7 0
37 7 0
37 7 0
37 7 0
37 7 0
37 7 0
37 7 0
37 7 0
37 7 0
37 7 0
37 7 0
37 7 0
37 7 0
37 7 0
37 7 0
37 7 0
37 7 0
37 7 0
37 7 0
37 7 0
37 7 0
37 7 0
37 7 0
37 7 0
37 7 0
37 7 0
37 7 0
37 7 0
37 7 0
37 7 0
37 7 0
37 7 0
37 7 0
37 7 0
37 0 7
37 0 7
37 0 7
37 0 7
37 0 7
37 0 7
37 0 7
37 0 7
37 0 7
37 0 7
37 0 7
37 0 7
37 0 7
37 0 7
37 0 7
37 0 7
37 0 7
37 0 7
37 0 7
37 0 7
37 0 7
37 0 7
37 0 7
37 0 7
37 0 7
37 0 7
37 0 7
37 0 7
37 0 7
37 0 7
37 0 7
37 0 7
37 0 7
37 0 7
38 -7 0
38 -7 0
38 -7 0
38 -7 0
38 -7 0
38 -7 0
38 -7 0
38 -7 0
38 -7 0
38 -7 0
38 -7 0
38 -7 0
38 -7 0
38 -7 0
38 -7 0
38 -7 0
38 -7 0
38 -7 0
38 -7 0
38 -7 0
38 -7 0
38 -7 0
38 -7 0
38 -7 0
38 -7 0
38 -7 0
38 -7 0
38 -7 0
38 -7 0
38 -7 0
38 -7 0
38 -7 0
38 -7 0
38 -7 0
38 0 -7
38 0 -7
38 0 -7
38 0 -7
38 0 -7
38 0 -7
38 0 -7
38 0 -7
38 0 -7
38 0 -7
38 0 -7
38 0 -7
38 0 -7
38 0 -7
38 0 -7
38 0 -7
38 0 -7
38 0 -7
38 0 -7
38 0 -7
38 0 -7
38 0 -7
38 0 -7
38 0 -7
38 0 -7
38 0 -7
38 0 -7
38 0 -7
38 0 -7
38 0 -7
38 0 -7
38 0 -7
38 0 -7
38 0 -7
38 7 0
38 7 0
38 7 0
38 7 0
38 7 0
38 7 0
38 7 0
38 7 0
38 7 0
38 7 0
38 7 0
38 7 0
38 7 0
38 7 0
38 7 0
38 7 0
38 7 0
38 7 0
38 7 0
38 7 0
38 7 0
38 7 0
38 7 0
38 7 0
38 7 0
38 7 0
38 7 0
38 7 0
38 7 0
38 7 0
38 7 0
38 7 0
38 7 0
38 7 0
38 0 7
38 0 7
38 0 7
38 0 7
38 0 7
38 0 7
38 0 7
38 0 7
38 0 7
38 0 7
38 0 7
38 0 7
38 0 7
38 0 7
38 0 7
38 0 7
38 0 7
38 0 7
38 0 7
38 0 7
38 0 7
38 0 7
38 0 7
38 0 7
38 0 7
38 0 7
38 0 7
38 0 7
38 0 7
38 0 7
38 0 7
38 0 7
38 0 7
38 0 7
39 -7 0
39 -7 0
39 -7 0
39 -7 0
39 -7 0
39 -7 0
39 -7 0
39 -7 0
39 -7 0
39 -7 0
39 -7 0
39 -7 0
39 -7 0
39 -7 0
39 -7 0
39 -7 0
39 -7 0
39 -7 0
39 -7 0
39 -7 0
39 -7 0
39 -7 0
39 -7 0
39 -7 0
39 -7 0
39 -7 0
39 -7 0
39 -7 0
39 -7 0
39 -7 0
39 -7 0
39 -7 0
39 -7 0
39 -7 0
39 0 -7
39 0 -7
39 0 -7
39 0 -7
39 0 -7
39 0 -7
39 0 -7
39 0 -7
39 0 -7
39 0 -7
39 0 -7
39 0 -7
39 0 -7
39 0 -7
39 0 -7
39 0 -7
39 0 -7
39 0 -7
39 0 -7
39 0 -7
39 0 -7
39 0 -7
39 0 -7
39 0 -7
39 0 -7
39 0 -7
39 0 -7
39 0 -7
39 0 -7
39 0 -7
39 0 -7
39 0 -7
39 0 -7
39 0 -7
39 7 0
39 7 0
39 7 0
39 7 0
39 7 0
39 7 0
39 7 0
39 7 0
39 7 0
39 7 0
39 7 0
39 7 0
39 7 0
39 7 0
39 7 0
39 7 0
39 7 0
39 7 0
39 7 0
39 7 0
39 7 0
39 7 0
39 7 0
39 7 0
39 7 0
39 7 0
39 7 0
39 7 0
39 7 0
39 7 0
39 7 0
39 7 0
39 7 0
39 7 0
39 0 7
39 0 7
39 0 7
39 0 7
39 0 7
39 0 7
39 0 7
39 0 7
39 0 7
39 0 7
39 0 7
39 0 7
39 0 7
39 0 7
39 0 7
39 0 7
39 0 7
39 0 7
39 0 7
39 0 7
39 0 7
39 0 7
39 0 7
39 0 7
39 0 7
39 0 7
39 0 7
39 0 7
39 0 7
39 0 7
39 0 7
39 0 7
39 0 7
39 0 7
40 -7 0
40 -7 0
40 -7 0
40 -7 0
40 -7 0
40 -7 0
40 -7 0
40 -7 0
40 -7 0
40 -7 0
40 -7 0
40 -7 0
40 -7 0
40 -7 0
40 -7 0
40 -7 0
40 -7 0
40 -7 0
40 -7 0
40 -7 0
40 -7 0
40 -7 0
40 -7 0
40 -7 0
40 -7 0
40 -7 0
40 -7 0
40 -7 0
40 -7 0
40 -7 0
40 -7 0
40 -7 0
40 -7 0
40 -7 0
40 0 -7
40 0 -7
40 0 -7
40 0 -7
40 0 -7
40 0 -7
40 0 -7
40 0 -7
40 0 -7
40 0 -7
40 0 -7
40 0 -7
40 0 -7
40 0 -7
40 0 -7
40 0 -7
40 0 -7
40 0 -7
40 0 -7
40 0 -7
40 0 -7
40 0 -7
40 0 -7
40 0 -7
40 0 -7
40 0 -7
40 0 -7
40 0 -7
40 0 -7
40 0 -7
40 0 -7
40 0 -7
40 0 -7
40 0 -7
40 7 0
40 7 0
40 7 0
40 7 0
40 7 0
40 7 0
40 7 0
40 7 0
40 7 0
40 7 0
40 7 0
40 7 0
40 7 0
40 7 0
40 7 0
40 7 0
40 7 0
40 7 0
40 7 0
40 7 0
40 7 0
40 7 0
40 7 0
40 7 0
40 7 0
40 7 0
40 7 0
40 7 0
40 7 0
40 7 0
40 7 0
40 7 0
40 7 0
40 7 0
40 0 7
40 0 7
40 0 7
40 0 7
40 0 7
40 0 7
40 0 7
40 0 7
40 0 7
40 0 7
40 0 7
40 0 7
40 0 7
40 0 7
40 0 7
40 0 7
40 0 7
40 0 7
40 0 7
40 0 7
40 0 7
40 0 7
40 0 7
40 0 7
40 0 7
40 0 7
40 0 7
40 0 7
40 0 7
40 0 7
40 0 7
40 0 7
40 0 7
40 0 7
41 -7 0
41 -7 0
41 -7 0
41 -7 0
41 -7 0
41 -7 0
41 -7 0
41 -7 0
41 -7 0
41 -7 0
41 -7 0
41 -7 0
41 -7 0
41 -7 0
41 -7 0
41 -7 0
41 -7 0
41 -7 0
41 -7 0
41 -7 0
41 -7 0
41 -7 0
41 -7 0
41 -7 0
41 -7 0
41 -7 0
41 -7 0
41 -7 0
41 -7 0
41 -7 0
41 -7 0
41 -7 0
41 -7 0
41 -7 0
41 0 -7
41 0 -7
41 0 -7
41 0 -7
41 0 -7
41 0 -7
41 0 -7
41 0 -7
41 0 -7
41 0 -7
41 0 -7
41 0 -7
41 0 -7
41 0 -7
41 0 -7
41 0 -7
41 0 -7
41 0 -7
41 0 -7
41 0 -7
41 0 -7
41 0 -7
41 0 -7
41 0 -7
41 0 -7
41 0 -7
41 0 -7
41 0 -7
41 0 -7
41 0 -7
41 0 -7
41 0 -7
41 0 -7
41 0 -7
41 7 0
41 7 0
41 7 0
41 7 0
41 7 0
41 7 0
41 7 0
41 7 0
41 7 0
41 7 0
41 7 0
41 7 0
41 7 0
41 7 0
41 7 0
41 7 0
41 7 0
41 7 0
41 7 0
41 7 0
41 7 0
41 7 0
41 7 0
41 7 0
41 7 0
41 7 0
41 7 0
41 7 0
41 7 0
41 7 0
41 7 0
41 7 0
41 7 0
41 7 0
41 0 7
41 0 7
41 0 7
41 0 7
41 0 7
41 0 7
41 0 7
41 0 7
41 0 7
41 0 7
41 0 7
41 0 7
41 0 7
41 0 7
41 0 7
41 0 7
41 0 7
41 0 7
41 0 7
41 0 7
41 0 7
41 0 7
41 0 7
41 0 7
41 0 7
41 0 7
41 0 7
41 0 7
41 0 7
41 0 7
41 0 7
41 0 7
41 0 7
41 0 7
42 -7 0
42 -7 0
42 -7 0
42 -7 0
42 -7 0
42 -7 0
42 -7 0
42 -7 0
42 -7 0
42 -7 0
42 -7 0
42 -7 0
42 -7 0
42 -7 0
42 -7 0
42 -7 0
42 -7 0
42 -7 0
42 -7 0
42 -7 0
42 -7 0
42 -7 0
42 -7 0
42 -7 0
42 -7 0
42 -7 0
42 -7 0
42 -7 0
42 -7 0
42 -7 0
42 -7 0
42 -7 0
42 -7 0
42 -7 0
42 0 -7
42 0 -7
42 0 -7
42 0 -7
42 0 -7
42 0 -7
42 0 -7
42 0 -7
42 0 -7
42 0 -7
42 0 -7
42 0 -7
42 0 -7
42 0 -7
42 0 -7
42 0 -7
42 0 -7
42 0 -7
42 0 -7
42 0 -7
42 0 -7
42 0 -7
42 0 -7
42 0 -7
42 0 -7
42 0 -7
42 0 -7
42 0 -7
42 0 -7
42 0 -7
42 0 -7
42 0 -7
42 0 -7
42 0 -7
42 7 0
42 7 0
42 7 0
42 7 0
42 7 0
42 7 0
42 7 0
42 7 0
42 7 0
42 7 0
42 7 0
42 7 0
42 7 0
42 7 0
42 7 0
42 7 0
42 7 0
42 7 0
42 7 0
42 7 0
42 7 0
42 7 0
42 7 0
42 7 0
42 7 0
42 7 0
42 7 0
42 7 0
42 7 0
42 7 0
42 7 0
42 7 0
42 7 0
42 7 0
42 0 7
42 0 7
42 0 7
42 0 7
42 0 7
42 0 7
42 0 7
42 0 7
42 0 7
42 0 7
42 0 7
42 0 7
42 0 7
42 0 7
42 0 7
42 0 7
42 0 7
42 0 7
42 0 7
42 0 7
42 0 7
42 0 7
42 0 7
42 0 7
42 0 7
42 0 7
42 0 7
42 0 7
42 0 7
42 0 7
42 0 7
42 0 7
42 0 7
42 0 7
43 -7 0
43 -7 0
43 -7 0
43 -7 0
43 -7 0
43 -7 0
43 -7 0
43 -7 0
43 -7 0
43 -7 0
43 -7 0
43 -7 0
43 -7 0
43 -7 0
43 -7 0
43 -7 0
43 -7 0
43 -7 0
43 -7 0
43 -7 0
43 -7 0
43 -7 0
43 -7 0
43 -7 0
43 -7 0
43 -7 0
43 -7 0
43 -7 0
43 -7 0
43 -7 0
43 -7 0
43 -7 0
43 -7 0
43 -7 0
43 0 -7
43 0 -7
43 0 -7
43 0 -7
43 0 -7
43 0 -7
43 0 -7
43 0 -7
43 0 -7
43 0 -7
43 0 -7
43 0 -7
43 0 -7
43 0 -7
43 0 -7
43 0 -7
43 0 -7
43 0 -7
43 0 -7
43 0 -7
43 0 -7
43 0 -7
43 0 -7
43 0 -7
43 0 -7
43 0 -7
43 0 -7
43 0 -7
43 0 -7
43 0 -7
43 0 -7
43 0 -7
43 0 -7
43 0 -7
43 7 0
43 7 0
43 7 0
43 7 0
43 7 0
43 7 0
43 7 0
43 7 0
43 7 0
43 7 0
43 7 0
43 7 0
43 7 0
43 7 0
43 7 0
43 7 0
43 7 0
43 7 0
43 7 0
43 7 0
43 7 0
43 7 0
43 7 0
43 7 0
43 7 0
43 7 0
43 7 0
43 7 0
43 7 0
43 7 0
43 7 0
43 7 0
43 7 0
43 7 0
43 0 7
43 0 7
43 0 7
43 0 7
43 0 7
43 0 7
43 0 7
43 0 7
43 0 7
43 0 7
43 0 7
43 0 7
43 0 7
43 0 7
43 0 7
43 0 7
43 0 7
43 0 7
43 0 7
43 0 7
43 0 7
43 0 7
43 0 7
43 0 7
43 0 7
43 0 7
43 0 7
43 0 7
43 0 7
43 0 7
43 0 7
43 0 7
43 0 7
43 0 7
44 -7 0
44 -7 0
44 -7 0
44 -7 0
44 -7 0
44 -7 0
44 -7 0
44 -7 0
44 -7 0
44 -7 0
44 -7 0
44 -7 0
44 -7 0
44 -7 0
44 -7 0
44 -7 0
44 -7 0
44 -7 0
44 -7 0
44 -7 0
44 -7 0
44 -7 0
44 -7 0
44 -7 0
44 -7 0
44 -7 0
44 -7 0
44 -7 0
44 -7 0
44 -7 0
44 -7 0
44 -7 0
44 -7 0
44 -7 0
44 0 -7
44 0 -7
44 0 -7
44 0 -7
44 0 -7
44 0 -7
44 0 -7
44 0 -7
44 0 -7
44 0 -7
44 0 -7
44 0 -7
44 0 -7
44 0 -7
44 0 -7
44 0 -7
44 0 -7
44 0 -7
44 0 -7
44 0 -7
44 0 -7
44 0 -7
44 0 -7
44 0 -7
44 0 -7
44 0 -7
44 0 -7
44 0 -7
44 0 -7
44 0 -7
44 0 -7
44 0 -7
44 0 -7
44 0 -7
44 7 0
44 7 0
44 7 0
44 7 0
44 7 0
44 7 0
44 7 0
44 7 0
44 7 0
44 7 0
44 7 0
44 7 0
44 7 0
44 7 0
44 7 0
44 7 0
44 7 0
44 7 0
44 7 0
44 7 0
44 7 0
44 7 0
44 7 0
44 7 0
44 7 0
44 7 0
44 7 0
44 7 0
44 7 0
44 7 0
44 7 0
44 7 0
44 7 0
44 7 0
44 0 7
44 0 7
44 0 7
44 0 7
44 0 7
44 0 7
44 0 7
44 0 7
44 0 7
44 0 7
44 0 7
44 0 7
44 0 7
44 0 7
44 0 7
44 0 7
44 0 7
44 0 7
44 0 7
44 0 7
44 0 7
44 0 7
44 0 7
44 0 7
44 0 7
44 0 7
44 0 7
44 0 7
44 0 7
44 0 7
44 0 7
44 0 7
44 0 7
44 0 7
45 -7 0
45 -7 0
45 -7 0
45 -7 0
45 -7 0
45 -7 0
45 -7 0
45 -7 0
45 -7 0
45 -7 0
45 -7 0
45 -7 0
45 -7 0
45 -7 0
45 -7 0
45 -7 0
45 -7 0
45 -7 0
45 -7 0
45 -7 0
45 -7 0
45 -7 0
45 -7 0
45 -7 0
45 -7 0
45 -7 0
45 -7 0
45 -7 0
45 -7 0
45 -7 0
45 -7 0
45 -7 0
45 -7 0
45 -7 0
45 0 -7
45 0 -7
45 0 -7
45 0 -7
45 0 -7
45 0 -7
45 0 -7
45 0 -7
45 0 -7
45 0 -7
45 0 -7
45 0 -7
45 0 -7
45 0 -7
45 0 -7
45 0 -7
45 0 -7
45 0 -7
45 0 -7
45 0 -7
45 0 -7
45 0 -7
45 0 -7
45 0 -7
45 0 -7
45 0 -7
45 0 -7
45 0 -7
45 0 -7
45 0 -7
45 0 -7
45 0 -7
45 0 -7
45 0 -7
45 7 0
45 7 0
45 7 0
45 7 0
45 7 0
45 7 0
45 7 0
45 7 0
45 7 0
45 7 0
45 7 0
45 7 0
45 7 0
45 7 0
45 7 0
45 7 0
45 7 0
45 7 0
45 7 0
45 7 0
45 7 0
45 7 0
45 7 0
45 7 0
45 7 0
45 7 0
45 7 0
45 7 0
45 7 0
45 7 0
45 7 0
45 7 0
45 7 0
45 7 0
45 0 7
45 0 7
45 0 7
45 0 7
45 0 7
45 0 7
45 0 7
45 0 7
45 0 7
45 0 7
45 0 7
45 0 7
45 0 7
45 0 7
45 0 7
45 0 7
45 0 7
45 0 7
45 0 7
45 0 7
45 0 7
45 0 7
45 0 7
45 0 7
45 0 7
45 0 7
45 0 7
45 0 7
45 0 7
45 0 7
45 0 7
45 0 7
45 0 7
45 0 7
46 -7 0
46 -7 0
46 -7 0
46 -7 0
46 -7 0
46 -7 0
46 -7 0
46 -7 0
46 -7 0
46 -7 0
46 -7 0
46 -7 0
46 -7 0
46 -7 0
46 -7 0
46 -7 0
46 -7 0
46 -7 0
46 -7 0
46 -7 0
46 -7 0
46 -7 0
46 -7 0
46 -7 0
46 -7 0
46 -7 0
46 -7 0
46 -7 0
46 -7 0
46 -7 0
46 -7 0
46 -7 0
46 -7 0
46 -7 0
46 0 -7
46 0 -7
46 0 -7
46 0 -7
46 0 -7
46 0 -7
46 0 -7
46 0 -7
46 0 -7
46 0 -7
46 0 -7
46 0 -7
46 0 -7
46 0 -7
46 0 -7
46 0 -7
46 0 -7
46 0 -7
46 0 -7
46 0 -7
46 0 -7
46 0 -7
46 0 -7
46 0 -7
46 0 -7
46 0 -7
46 0 -7
46 0 -7
46 0 -7
46 0 -7
46 0 -7
46 0 -7
46 0 -7
46 0 -7
46 7 0
46 7 0
46 7 0
46 7 0
46 7 0
46 7 0
46 7 0
46 7 0
46 7 0
46 7 0
46 7 0
46 7 0
46 7 0
46 7 0
46 7 0
46 7 0
46 7 0
46 7 0
46 7 0
46 7 0
46 7 0
46 7 0
46 7 0
46 7 0
46 7 0
46 7 0
46 7 0
46 7 0
46 7 0
46 7 0
46 7 0
46 7 0
46 7 0
46 7 0
46 0 7
46 0 7
46 0 7
46 0 7
46 0 7
46 0 7
46 0 7
46 0 7
46 0 7
46 0 7
46 0 7
46 0 7
46 0 7
46 0 7
46 0 7
46 0 7
46 0 7
46 0 7
46 0 7
46 0 7
46 0 7
46 0 7
46 0 7
46 0 7
46 0 7
46 0 7
46 0 7
46 0 7
46 0 7
46 0 7
46 0 7
46 0 7
46 0 7
46 0 7
47 -7 0
47 -7 0
47 -7 0
47 -7 0
47 -7 0
47 -7 0
47 -7 0
47 -7 0
47 -7 0
47 -7 0
47 -7 0
47 -7 0
47 -7 0
47 -7 0
47 -7 0
47 -7 0
47 -7 0
47 -7 0
47 -7 0
47 -7 0
47 -7 0
47 -7 0
47 -7 0
47 -7 0
47 -7 0
47 -7 0
47 -7 0
47 -7 0
47 -7 0
47 -7 0
47 -7 0
47 -7 0
47 -7 0
47 -7 0
47 0 -7
47 0 -7
47 0 -7
47 0 -7
47 0 -7
47 0 -7
47 0 -7
47 0 -7
47 0 -7
47 0 -7
47 0 -7
47 0 -7
47 0 -7
47 0 -7
47 0 -7
47 0 -7
47 0 -7
47 0 -7
47 0 -7
47 0 -7
47 0 -7
47 0 -7
47 0 -7
47 0 -7
47 0 -7
47 0 -7
47 0 -7
47 0 -7
47 0 -7
47 0 -7
47 0 -7
47 0 -7
47 0 -7
47 0 -7
47 7 0
47 7 0
47 7 0
47 7 0
47 7 0
47 7 0
47 7 0
47 7 0
47 7 0
47 7 0
47 7 0
47 7 0
47 7 0
47 7 0
47 7 0
47 7 0
47 7 0
47 7 0
47 7 0
47 7 0
47 7 0
47 7 0
47 7 0
47 7 0
47 7 0
47 7 0
47 7 0
47 7 0
47 7 0
47 7 0
47 7 0
47 7 0
47 7 0
47 7 0
47 0 7
47 0 7
47 0 7
47 0 7
47 0 7
47 0 7
47 0 7
47 0 7
47 0 7
47 0 7
47 0 7
47 0 7
47 0 7
47 0 7
47 0 7
47 0 7
47 0 7
47 0 7
47 0 7
47 0 7
47 0 7
47 0 7
47 0 7
47 0 7
47 0 7
47 0 7
47 0 7
47 0 7
47 0 7
47 0 7
47 0 7
47 0 7
47 0 7
47 0 7
48 -7 0
48 -7 0
48 -7 0
48 -7 0
48 -7 0
48 -7 0
48 -7 0
48 -7 0
48 -7 0
48 -7 0
48 -7 0
48 -7 0
48 -7 0
48 -7 0
48 -7 0
48 -7 0
48 -7 0
48 -7 0
48 -7 0
48 -7 0
48 -7 0
48 -7 0
48 -7 0
48 -7 0
48 -7 0
48 -7 0
48 -7 0
48 -7 0
48 -7 0
48 -7 0
48 -7 0
48 -7 0
48 -7 0
48 -7 0
48 0 -7
48 0 -7
48 0 -7
48 0 -7
48 0 -7
48 0 -7
48 0 -7
48 0 -7
48 0 -7
48 0 -7
48 0 -7
48 0 -7
48 0 -7
48 0 -7
48 0 -7
48 0 -7
48 0 -7
48 0 -7
48 0 -7
48 0 -7
48 0 -7
48 0 -7
48 0 -7
48 0 -7
48 0 -7
48 0 -7
48 0 -7
48 0 -7
48 0 -7
48 0 -7
48 0 -7
48 0 -7
48 0 -7
48 0 -7
48 7 0
48 7 0
48 7 0
48 7 0
48 7 0
48 7 0
48 7 0
48 7 0
48 7 0
48 7 0
48 7 0
48 7 0
48 7 0
48 7 0
48 7 0
48 7 0
48 7 0
48 7 0
48 7 0
48 7 0
48 7 0
48 7 0
48 7 0
48 7 0
48 7 0
48 7 0
48 7 0
48 7 0
48 7 0
48 7 0
48 7 0
48 7 0
48 7 0
48 7 0
48 0 7
48 0 7
48 0 7
48 0 7
48 0 7
48 0 7
48 0 7
48 0 7
48 0 7
48 0 7
48 0 7
48 0 7
48 0 7
48 0 7
48 0 7
48 0 7
48 0 7
48 0 7
48 0 7
48 0 7
48 0 7
48 0 7
48 0 7
48 0 7
48 0 7
48 0 7
48 0 7
48 0 7
48 0 7
48 0 7
48 0 7
48 0 7
48 0 7
48 0 7
49 -7 0
49 -7 0
49 -7 0
49 -7 0
49 -7 0
49 -7 0
49 -7 0
49 -7 0
49 -7 0
49 -7 0
49 -7 0
49 -7 0
49 -7 0
49 -7 0
49 -7 0
49 -7 0
49 -7 0
49 -7 0
49 -7 0
49 -7 0
49 -7 0
49 -7 0
49 -7 0
49 -7 0
49 -7 0
49 -7 0
49 -7 0
49 -7 0
49 -7 0
49 -7 0
49 -7 0
49 -7 0
49 -7 0
49 -7 0
49 0 -7
49 0 -7
49 0 -7
49 0 -7
49 0 -7
49 0 -7
49 0 -7
49 0 -7
49 0 -7
49 0 -7
49 0 -7
49 0 -7
49 0 -7
49 0 -7
49 0 -7
49 0 -7
49 0 -7
49 0 -7
49 0 -7
49 0 -7
49 0 -7
49 0 -7
49 0 -7
49 0 -7
49 0 -7
49 0 -7
49 0 -7
49 0 -7
49 0 -7
49 0 -7
49 0 -7
49 0 -7
49 0 -7
49 0 -7
49 7 0
49 7 0
49 7 0
49 7 0
49 7 0
49 7 0
49 7 0
49 7 0
49 7 0
49 7 0
49 7 0
49 7 0
49 7 0
49 7 0
49 7 0
49 7 0
49 7 0
49 7 0
49 7 0
49 7 0
49 7 0
49 7 0
49 7 0
49 7 0
49 7 0
49 7 0
49 7 0
49 7 0
49 7 0
49 7 0
49 7 0
49 7 0
49 7 0
49 7 0
49 0 7
49 0 7
49 0 7
49 0 7
49 0 7
49 0 7
49 0 7
49 0 7
49 0 7
49 0 7
49 0 7
49 0 7
49 0 7
49 0 7
49 0 7
49 0 7
49 0 7
49 0 7
49 0 7
49 0 7
49 0 7
49 0 7
49 0 7
49 0 7
49 0 7
49 0 7
49 0 7
49 0 7
49 0 7
49 0 7
49 0 7
49 0 7
49 0 7
49 0 7
50 -7 0
50 -7 0
50 -7 0
50 -7 0
50 -7 0
50 -7 0
50 -7 0
50 -7 0
50 -7 0
50 -7 0
50 -7 0
50 -7 0
50 -7 0
50 -7 0
50 -7 0
50 -7 0
50 -7 0
50 -7 0
50 -7 0
50 -7 0
50 -7 0
50 -7 0
50 -7 0
50 -7 0
50 -7 0
50 -7 0
50 -7 0
50 -7 0
50 -7 0
50 -7 0
50 -7 0
50 -7 0
50 -7 0
50 -7 0
50 0 -7
50 0 -7
50 0 -7
50 0 -7
50 0 -7
50 0 -7
50 0 -7
50 0 -7
50 0 -7
50 0 -7
50 0 -7
50 0 -7
50 0 -7
50 0 -7
50 0 -7
50 0 -7
50 0 -7
50 0 -7
50 0 -7
50 0 -7
50 0 -7
50 0 -7
50 0 -7
50 0 -7
50 0 -7
50 0 -7
50 0 -7
50 0 -7
50 0 -7
50 0 -7
50 0 -7
50 0 -7
50 0 -7
50 0 -7
50 7 0
50 7 0
50 7 0
50 7 0
50 7 0
50 7 0
50 7 0
50 7 0
50 7 0
50 7 0
50 7 0
50 7 0
50 7 0
50 7 0
50 7 0
50 7 0
50 7 0
50 7 0
50 7 0
50 7 0
50 7 0
50 7 0
50 7 0
50 7 0
50 7 0
50 7 0
50 7 0
50 7 0
50 7 0
50 7 0
50 7 0
50 7 0
50 7 0
50 7 0
50 0 7
50 0 7
50 0 7
50 0 7
50 0 7
50 0 7
50 0 7
50 0 7
50 0 7
50 0 7
50 0 7
50 0 7
50 0 7
50 0 7
50 0 7
50 0 7
50 0 7
50 0 7
50 0 7
50 0 7
50 0 7
50 0 7
50 0 7
50 0 7
50 0 7
50 0 7
50 0 7
50 0 7
50 0 7
50 0 7
50 0 7
50 0 7
50 0 7
50 0 7
51 -7 0
51 -7 0
51 -7 0
51 -7 0
51 -7 0
51 -7 0
51 -7 0
51 -7 0
51 -7 0
51 -7 0
51 -7 0
51 -7 0
51 -7 0
51 -7 0
51 -7 0
51 -7 0
51 -7 0
51 -7 0
51 -7 0
51 -7 0
51 -7 0
51 -7 0
51 -7 0
51 -7 0
51 -7 0
51 -7 0
51 -7 0
51 -7 0
51 -7 0
51 -7 0
51 -7 0
51 -7 0
51 -7 0
51 -7 0
51 0 -7
51 0 -7
51 0 -7
51 0 -7
51 0 -7
51 0 -7
51 0 -7
51 0 -7
51 0 -7
51 0 -7
51 0 -7
51 0 -7
51 0 -7
51 0 -7
51 0 -7
51 0 -7
51 0 -7
51 0 -7
51 0 -7
51 0 -7
51 0 -7
51 0 -7
51 0 -7
51 0 -7
51 0 -7
51 0 -7
51 0 -7
51 0 -7
51 0 -7
51 0 -7
51 0 -7
51 0 -7
51 0 -7
51 0 -7
51 7 0
51 7 0
51 7 0
51 7 0
51 7 0
51 7 0
51 7 0
51 7 0
51 7 0
51 7 0
51 7 0
51 7 0
51 7 0
51 7 0
51 7 0
51 7 0
51 7 0
51 7 0
51 7 0
51 7 0
51 7 0
51 7 0
51 7 0
51 7 0
51 7 0
51 7 0
51 7 0
51 7 0
51 7 0
51 7 0
51 7 0
51 7 0
51 7 0
51 7 0
51 0 7
51 0 7
51 0 7
51 0 7
51 0 7
51 0 7
51 0 7
51 0 7
51 0 7
51 0 7
51 0 7
51 0 7
51 0 7
51 0 7
51 0 7
51 0 7
51 0 7
51 0 7
51 0 7
51 0 7
51 0 7
51 0 7
51 0 7
51 0 7
51 0 7
51 0 7
51 0 7
51 0 7
51 0 7
51 0 7
51 0 7
51 0 7
51 0 7
51 0 7
52 -7 0
52 -7 0
52 -7 0
52 -7 0
52 -7 0
52 -7 0
52 -7 0
52 -7 0
52 -7 0
52 -7 0
52 -7 0
52 -7 0
52 -7 0
52 -7 0
52 -7 0
52 -7 0
52 -7 0
52 -7 0
52 -7 0
52 -7 0
52 -7 0
52 -7 0
52 -7 0
52 -7 0
52 -7 0
52 -7 0
52 -7 0
52 -7 0
52 -7 0
52 -7 0
52 -7 0
52 -7 0
52 -7 0
52 -7 0
52 0 -7
52 0 -7
52 0 -7
52 0 -7
52 0 -7
52 0 -7
52 0 -7
52 0 -7
52 0 -7
52 0 -7
52 0 -7
52 0 -7
52 0 -7
52 0 -7
52 0 -7
52 0 -7
52 0 -7
52 0 -7
52 0 -7
52 0 -7
52 0 -7
52 0 -7
52 0 -7
52 0 -7
52 0 -7
52 0 -7
52 0 -7
52 0 -7
52 0 -7
52 0 -7
52 0 -7
52 0 -7
52 0 -7
52 0 -7
52 7 0
52 7 0
52 7 0
52 7 0
52 7 0
52 7 0
52 7 0
52 7 0
52 7 0
52 7 0
52 7 0
52 7 0
52 7 0
52 7 0
52 7 0
52 7 0
52 7 0
52 7 0
52 7 0
52 7 0
52 7 0
52 7 0
52 7 0
52 7 0
52 7 0
52 7 0
52 7 0
52 7 0
52 7 0
52 7 0
52 7 0
52 7 0
52 7 0
52 7 0
52 0 7
52 0 7
52 0 7
52 0 7
52 0 7
52 0 7
52 0 7
52 0 7
52 0 7
52 0 7
52 0 7
52 0 7
52 0 7
52 0 7
52 0 7
52 0 7
52 0 7
52 0 7
52 0 7
52 0 7
52 0 7
52 0 7
52 0 7
52 0 7
52 0 7
52 0 7
52 0 7
52 0 7
52 0 7
52 0 7
52 0 7
52 0 7
52 0 7
52 0 7
53 -7 0
53 -7 0
53 -7 0
53 -7 0
53 -7 0
53 -7 0
53 -7 0
53 -7 0
53 -7 0
53 -7 0
53 -7 0
53 -7 0
53 -7 0
53 -7 0
53 -7 0
53 -7 0
53 -7 0
53 -7 0
53 -7 0
53 -7 0
53 -7 0
53 -7 0
53 -7 0
53 -7 0
53 -7 0
53 -7 0
53 -7 0
53 -7 0
53 -7 0
53 -7 0
53 -7 0
53 -7 0
53 -7 0
53 -7 0
53 0 -7
53 0 -7
53 0 -7
53 0 -7
53 0 -7
53 0 -7
53 0 -7
53 0 -7
53 0 -7
53 0 -7
53 0 -7
53 0 -7
53 0 -7
53 0 -7
53 0 -7
53 0 -7
53 0 -7
53 0 -7
53 0 -7
53 0 -7
53 0 -7
53 0 -7
53 0 -7
53 0 -7
53 0 -7
53 0 -7
53 0 -7
53 0 -7
53 0 -7
53 0 -7
53 0 -7
53 0 -7
53 0 -7
53 0 -7
53 7 0
53 7 0
53 7 0
53 7 0
53 7 0
53 7 0
53 7 0
53 7 0
53 7 0
53 7 0
53 7 0
53 7 0
53 7 0
53 7 0
53 7 0
53 7 0
53 7 0
53 7 0
53 7 0
53 7 0
53 7 0
53 7 0
53 7 0
53 7 0
53 7 0
53 7 0
53 7 0
53 7 0
53 7 0
53 7 0
53 7 0
53 7 0
53 7 0
53 7 0
53 0 7
53 0 7
53 0 7
53 0 7
53 0 7
53 0 7
53 0 7
53 0 7
53 0 7
53 0 7
53 0 7
53 0 7
53 0 7
53 0 7
53 0 7
53 0 7
53 0 7
53 0 7
53 0 7
53 0 7
53 0 7
53 0 7
53 0 7
53 0 7
53 0 7
53 0 7
53 0 7
53 0 7
53 0 7
53 0 7
53 0 7
53 0 7
53 0 7
53 0 7
54 -7 0
54 -7 0
54 -7 0
54 -7 0
54 -7 0
54 -7 0
54 -7 0
54 -7 0
54 -7 0
54 -7 0
54 -7 0
54 -7 0
54 -7 0
54 -7 0
54 -7 0
54 -7 0
54 -7 0
54 -7 0
54 -7 0
54 -7 0
54 -7 0
54 -7 0
54 -7 0
54 -7 0
54 -7 0
54 -7 0
54 -7 0
54 -7 0
54 -7 0
54 -7 0
54 -7 0
54 -7 0
54 -7 0
54 -7 0
54 0 -7
54 0 -7
54 0 -7
54 0 -7
54 0 -7
54 0 -7
54 0 -7
54 0 -7
54 0 -7
54 0 -7
54 0 -7
54 0 -7
54 0 -7
54 0 -7
54 0 -7
54 0 -7
54 0 -7
54 0 -7
54 0 -7
54 0 -7
54 0 -7
54 0 -7
54 0 -7
54 0 -7
54 0 -7
54 0 -7
54 0 -7
54 0 -7
54 0 -7
54 0 -7
54 0 -7
54 0 -7
54 0 -7
54 0 -7
54 7 0
54 7 0
54 7 0
54 7 0
54 7 0
54 7 0
54 7 0
54 7 0
54 7 0
54 7 0
54 7 0
54 7 0
54 7 0
54 7 0
54 7 0
54 7 0
54 7 0
54 7 0
54 7 0
54 7 0
54 7 0
54 7 0
54 7 0
54 7 0
54 7 0
54 7 0
54 7 0
54 7 0
54 7 0
54 7 0
54 7 0
54 7 0
54 7 0
54 7 0
54 0 7
54 0 7
54 0 7
54 0 7
54 0 7
54 0 7
54 0 7
54 0 7
54 0 7
54 0 7
54 0 7
54 0 7
54 0 7
54 0 7
54 0 7
54 0 7
54 0 7
54 0 7
54 0 7
54 0 7
54 0 7
54 0 7
54 0 7
54 0 7
54 0 7
54 0 7
54 0 7
54 0 7
54 0 7
54 0 7
54 0 7
54 0 7
54 0 7
54 0 7
55 -7 0
55 -7 0
55 -7 0
55 -7 0
55 -7 0
55 -7 0
55 -7 0
55 -7 0
55 -7 0
55 -7 0
55 -7 0
55 -7 0
55 -7 0
55 -7 0
55 -7 0
55 -7 0
55 -7 0
55 -7 0
55 -7 0
55 -7 0
55 -7 0
55 -7 0
55 -7 0
55 -7 0
55 -7 0
55 -7 0
55 -7 0
55 -7 0
55 -7 0
55 -7 0
55 -7 0
55 -7 0
55 -7 0
55 -7 0
55 0 -7
55 0 -7
55 0 -7
55 0 -7
55 0 -7
55 0 -7
55 0 -7
55 0 -7
55 0 -7
55 0 -7
55 0 -7
55 0 -7
55 0 -7
55 0 -7
55 0 -7
55 0 -7
55 0 -7
55 0 -7
55 0 -7
55 0 -7
55 0 -7
55 0 -7
55 0 -7
55 0 -7
55 0 -7
55 0 -7
55 0 -7
55 0 -7
55 0 -7
55 0 -7
55 0 -7
55 0 -7
55 0 -7
55 0 -7
55 7 0
55 7 0
55 7 0
55 7 0
55 7 0
55 7 0
55 7 0
55 7 0
55 7 0
55 7 0
55 7 0
55 7 0
55 7 0
55 7 0
55 7 0
55 7 0
55 7 0
55 7 0
55 7 0
55 7 0
55 7 0
55 7 0
55 7 0
55 7 0
55 7 0
55 7 0
55 7 0
55 7 0
55 7 0
55 7 0
55 7 0
55 7 0
55 7 0
55 7 0
55 0 7
55 0 7
55 0 7
55 0 7
55 0 7
55 0 7
55 0 7
55 0 7
55 0 7
55 0 7
55 0 7
55 0 7
55 0 7
55 0 7
55 0 7
55 0 7
55 0 7
55 0 7
55 0 7
55 0 7
55 0 7
55 0 7
55 0 7
55 0 7
55 0 7
55 0 7
55 0 7
55 0 7
55 0 7
55 0 7
55 0 7
55 0 7
55 0 7
55 0 7
56 -7 0
56 -7 0
56 -7 0
56 -7 0
56 -7 0
56 -7 0
56 -7 0
56 -7 0
56 -7 0
56 -7 0
56 -7 0
56 -7 0
56 -7 0
56 -7 0
56 -7 0
56 -7 0
56 -7 0
56 -7 0
56 -7 0
56 -7 0
56 -7 0
56 -7 0
56 -7 0
56 -7 0
56 -7 0
56 -7 0
56 -7 0
56 -7 0
56 -7 0
56 -7 0
56 -7 0
56 -7 0
56 -7 0
56 -7 0
56 0 -7
56 0 -7
56 0 -7
56 0 -7
56 0 -7
56 0 -7
56 0 -7
56 0 -7
56 0 -7
56 0 -7
56 0 -7
56 0 -7
56 0 -7
56 0 -7
56 0 -7
56 0 -7
56 0 -7
56 0 -7
56 0 -7
56 0 -7
56 0 -7
56 0 -7
56 0 -7
56 0 -7
56 0 -7
56 0 -7
56 0 -7
56 0 -7
56 0 -7
56 0 -7
56 0 -7
56 0 -7
56 0 -7
56 0 -7
56 7 0
56 7 0
56 7 0
56 7 0
56 7 0
56 7 0
56 7 0
56 7 0
56 7 0
56 7 0
56 7 0
56 7 0
56 7 0
56 7 0
56 7 0
56 7 0
56 7 0
56 7 0
56 7 0
56 7 0
56 7 0
56 7 0
56 7 0
56 7 0
56 7 0
56 7 0
56 7 0
56 7 0
56 7 0
56 7 0
56 7 0
56 7 0
56 7 0
56 7 0
56 0 7
56 0 7
56 0 7
56 0 7
56 0 7
56 0 7
56 0 7
56 0 7
56 0 7
56 0 7
56 0 7
56 0 7
56 0 7
56 0 7
56 0 7
56 0 7
56 0 7
56 0 7
56 0 7
56 0 7
56 0 7
56 0 7
56 0 7
56 0 7
56 0 7
56 0 7
56 0 7
56 0 7
56 0 7
56 0 7
56 0 7
56 0 7
56 0 7
56 0 7
57 -7 0
57 -7 0
57 -7 0
57 -7 0
57 -7 0
57 -7 0
57 -7 0
57 -7 0
57 -7 0
57 -7 0
57 -7 0
57 -7 0
57 -7 0
57 -7 0
57 -7 0
57 -7 0
57 -7 0
57 -7 0
57 -7 0
57 -7 0
57 -7 0
57 -7 0
57 -7 0
57 -7 0
57 -7 0
57 -7 0
57 -7 0
57 -7 0
57 -7 0
57 -7 0
57 -7 0
57 -7 0
57 -7 0
57 -7 0
57 0 -7
57 0 -7
57 0 -7
57 0 -7
57 0 -7
57 0 -7
57 0 -7
57 0 -7
57 0 -7
57 0 -7
57 0 -7
57 0 -7
57 0 -7
57 0 -7
57 0 -7
57 0 -7
57 0 -7
57 0 -7
57 0 -7
57 0 -7
57 0 -7
57 0 -7
57 0 -7
57 0 -7
57 0 -7
57 0 -7
57 0 -7
57 0 -7
57 0 -7
57 0 -7
57 0 -7
57 0 -7
57 0 -7
57 0 -7
57 7 0
57 7 0
57 7 0
57 7 0
57 7 0
57 7 0
57 7 0
57 7 0
57 7 0
57 7 0
57 7 0
57 7 0
57 7 0
57 7 0
57 7 0
57 7 0
57 7 0
57 7 0
57 7 0
57 7 0
57 7 0
57 7 0
57 7 0
57 7 0
57 7 0
57 7 0
57 7 0
57 7 0
57 7 0
57 7 0
57 7 0
57 7 0
57 7 0
57 7 0
57 0 7
57 0 7
57 0 7
57 0 7
57 0 7
57 0 7
57 0 7
57 0 7
57 0 7
57 0 7
57 0 7
57 0 7
57 0 7
57 0 7
57 0 7
57 0 7
57 0 7
57 0 7
57 0 7
57 0 7
57 0 7
57 0 7
57 0 7
57 0 7
57 0 7
57 0 7
57 0 7
57 0 7
57 0 7
57 0 7
57 0 7
57 0 7
57 0 7
57 0 7
58 -7 0
58 -7 0
58 -7 0
58 -7 0
58 -7 0
58 -7 0
58 -7 0
58 -7 0
58 -7 0
58 -7 0
58 -7 0
58 -7 0
58 -7 0
58 -7 0
58 -7 0
58 -7 0
58 -7 0
58 -7 0
58 -7 0
58 -7 0
58 -7 0
58 -7 0
58 -7 0
58 -7 0
58 -7 0
58 -7 0
58 -7 0
58 -7 0
58 -7 0
58 -7 0
58 -7 0
58 -7 0
58 -7 0
58 -7 0
58 0 -7
58 0 -7
58 0 -7
58 0 -7
58 0 -7
58 0 -7
58 0 -7
58 0 -7
58 0 -7
58 0 -7
58 0 -7
58 0 -7
58 0 -7
58 0 -7
58 0 -7
58 0 -7
58 0 -7
58 0 -7
58 0 -7
58 0 -7
58 0 -7
58 0 -7
58 0 -7
58 0 -7
58 0 -7
58 0 -7
58 0 -7
58 0 -7
58 0 -7
58 0 -7
58 0 -7
58 0 -7
58 0 -7
58 0 -7
58 7 0
58 7 0
58 7 0
58 7 0
58 7 0
58 7 0
58 7 0
58 7 0
58 7 0
58 7 0
58 7 0
58 7 0
58 7 0
58 7 0
58 7 0
58 7 0
58 7 0
58 7 0
58 7 0
58 7 0
58 7 0
58 7 0
58 7 0
58 7 0
58 7 0
58 7 0
58 7 0
58 7 0
58 7 0
58 7 0
58 7 0
58 7 0
58 7 0
58 7 0
58 0 7
58 0 7
58 0 7
58 0 7
58 0 7
58 0 7
58 0 7
58 0 7
58 0 7
58 0 7
58 0 7
58 0 7
58 0 7
58 0 7
58 0 7
58 0 7
58 0 7
58 0 7
58 0 7
58 0 7
58 0 7
58 0 7
58 0 7
58 0 7
58 0 7
58 0 7
58 0 7
58 0 7
58 0 7
58 0 7
58 0 7
58 0 7
58 0 7
58 0 7
59 -7 0
59 -7 0
59 -7 0
59 -7 0
59 -7 0
59 -7 0
59 -7 0
59 -7 0
59 -7 0
59 -7 0
59 -7 0
59 -7 0
59 -7 0
59 -7 0
59 -7 0
59 -7 0
59 -7 0
59 -7 0
59 -7 0
59 -7 0
59 -7 0
59 -7 0
59 -7 0
59 -7 0
59 -7 0
59 -7 0
59 -7 0
59 -7 0
59 -7 0
59 -7 0
59 -7 0
59 -7 0
59 -7 0
59 -7 0
59 0 -7
59 0 -7
59 0 -7
59 0 -7
59 0 -7
59 0 -7
59 0 -7
59 0 -7
59 0 -7
59 0 -7
59 0 -7
59 0 -7
59 0 -7
59 0 -7
59 0 -7
59 0 -7
59 0 -7
59 0 -7
59 0 -7
59 0 -7
59 0 -7
59 0 -7
59 0 -7
59 0 -7
59 0 -7
59 0 -7
59 0 -7
59 0 -7
59 0 -7
59 0 -7
59 0 -7
59 0 -7
59 0 -7
59 0 -7
59 7 0
59 7 0
59 7 0
59 7 0
59 7 0
59 7 0
59 7 0
59 7 0
59 7 0
59 7 0
59 7 0
59 7 0
59 7 0
59 7 0
59 7 0
59 7 0
59 7 0
59 7 0
59 7 0
59 7 0
59 7 0
59 7 0
59 7 0
59 7 0
59 7 0
59 7 0
59 7 0
59 7 0
59 7 0
59 7 0
59 7 0
59 7 0
59 7 0
59 7 0
59 0 7
59 0 7
59 0 7
59 0 7
59 0 7
59 0 7
59 0 7
59 0 7
59 0 7
59 0 7
59 0 7
59 0 7
59 0 7
59 0 7
59 0 7
59 0 7
59 0 7
59 0 7
59 0 7
59 0 7
59 0 7
59 0 7
59 0 7
59 0 7
59 0 7
59 0 7
59 0 7
59 0 7
59 0 7
59 0 7
59 0 7
59 0 7
59 0 7
59 0 7
60 -7 0
60 -7 0
60 -7 0
60 -7 0
60 -7 0
60 -7 0
60 -7 0
60 -7 0
60 -7 0
60 -7 0
60 -7 0
60 -7 0
60 -7 0
60 -7 0
60 -7 0
60 -7 0
60 -7 0
60 -7 0
60 -7 0
60 -7 0
60 -7 0
60 -7 0
60 -7 0
60 -7 0
60 -7 0
60 -7 0
60 -7 0
60 -7 0
60 -7 0
60 -7 0
60 -7 0
60 -7 0
60 -7 0
60 -7 0
60 0 -7
60 0 -7
60 0 -7
60 0 -7
60 0 -7
60 0 -7
60 0 -7
60 0 -7
60 0 -7
60 0 -7
60 0 -7
60 0 -7
60 0 -7
60 0 -7
60 0 -7
60 0 -7
60 0 -7
60 0 -7
60 0 -7
60 0 -7
60 0 -7
60 0 -7
60 0 -7
60 0 -7
60 0 -7
60 0 -7
60 0 -7
60 0 -7
60 0 -7
60 0 -7
60 0 -7
60 0 -7
60 0 -7
60 0 -7
60 7 0
60 7 0
60 7 0
60 7 0
60 7 0
60 7 0
60 7 0
60 7 0
60 7 0
60 7 0
60 7 0
60 7 0
60 7 0
60 7 0
60 7 0
60 7 0
60 7 0
60 7 0
60 7 0
60 7 0
60 7 0
60 7 0
60 7 0
60 7 0
60 7 0
60 7 0
60 7 0
60 7 0
60 7 0
60 7 0
60 7 0
60 7 0
60 7 0
60 7 0
60 0 7
60 0 7
60 0 7
60 0 7
60 0 7
60 0 7
60 0 7
60 0 7
60 0 7
60 0 7
60 0 7
60 0 7
60 0 7
60 0 7
60 0 7
60 0 7
60 0 7
60 0 7
60 0 7
60 0 7
60 0 7
60 0 7
60 0 7
60 0 7
60 0 7
60 0 7
60 0 7
60 0 7
60 0 7
60 0 7
60 0 7
60 0 7
60 0 7
60 0 7
61 -7 0
61 -7 0
61 -7 0
61 -7 0
61 -7 0
61 -7 0
61 -7 0
61 -7 0
61 -7 0
61 -7 0
61 -7 0
61 -7 0
61 -7 0
61 -7 0
61 -7 0
61 -7 0
61 -7 0
61 -7 0
61 -7 0
61 -7 0
61 -7 0
61 -7 0
61 -7 0
61 -7 0
61 -7 0
61 -7 0
61 -7 0
61 -7 0
61 -7 0
61 -7 0
61 -7 0
61 -7 0
61 -7 0
61 -7 0
61 0 -7
61 0 -7
61 0 -7
61 0 -7
61 0 -7
61 0 -7
61 0 -7
61 0 -7
61 0 -7
61 0 -7
61 0 -7
61 0 -7
61 0 -7
61 0 -7
61 0 -7
61 0 -7
61 0 -7
61 0 -7
61 0 -7
61 0 -7
61 0 -7
61 0 -7
61 0 -7
61 0 -7
61 0 -7
61 0 -7
61 0 -7
61 0 -7
61 0 -7
61 0 -7
61 0 -7
61 0 -7
61 0 -7
61 0 -7
61 7 0
61 7 0
61 7 0
61 7 0
61 7 0
61 7 0
61 7 0
61 7 0
61 7 0
61 7 0
61 7 0
61 7 0
61 7 0
61 7 0
61 7 0
61 7 0
61 7 0
61 7 0
61 7 0
61 7 0
61 7 0
61 7 0
61 7 0
61 7 0
61 7 0
61 7 0
61 7 0
61 7 0
61 7 0
61 7 0
61 7 0
61 7 0
61 7 0
61 7 0
61 0 7
61 0 7
61 0 7
61 0 7
61 0 7
61 0 7
61 0 7
61 0 7
61 0 7
61 0 7
61 0 7
61 0 7
61 0 7
61 0 7
61 0 7
61 0 7
61 0 7
61 0 7
61 0 7
61 0 7
61 0 7
61 0 7
61 0 7
61 0 7
61 0 7
61 0 7
61 0 7
61 0 7
61 0 7
61 0 7
61 0 7
61 0 7
61 0 7
61 0 7
62 -7 0
62 -7 0
62 -7 0
62 -7 0
62 -7 0
62 -7 0
62 -7 0
62 -7 0
62 -7 0
62 -7 0
62 -7 0
62 -7 0
62 -7 0
62 -7 0
62 -7 0
62 -7 0
62 -7 0
62 -7 0
62 -7 0
62 -7 0
62 -7 0
62 -7 0
62 -7 0
62 -7 0
62 -7 0
62 -7 0
62 -7 0
62 -7 0
62 -7 0
62 -7 0
62 -7 0
62 -7 0
62 -7 0
62 -7 0
62 0 -7
62 0 -7
62 0 -7
62 0 -7
62 0 -7
62 0 -7
62 0 -7
62 0 -7
62 0 -7
62 0 -7
62 0 -7
62 0 -7
62 0 -7
62 0 -7
62 0 -7
62 0 -7
62 0 -7
62 0 -7
62 0 -7
62 0 -7
62 0 -7
62 0 -7
62 0 -7
62 0 -7
62 0 -7
62 0 -7
62 0 -7
62 0 -7
62 0 -7
62 0 -7
62 0 -7
62 0 -7
62 0 -7
62 0 -7
62 7 0
62 7 0
62 7 0
62 7 0
62 7 0
62 7 0
62 7 0
62 7 0
62 7 0
62 7 0
62 7 0
62 7 0
62 7 0
62 7 0
62 7 0
62 7 0
62 7 0
62 7 0
62 7 0
62 7 0
62 7 0
62 7 0
62 7 0
62 7 0
62 7 0
62 7 0
62 7 0
62 7 0
62 7 0
62 7 0
62 7 0
62 7 0
62 7 0
62 7 0
62 0 7
62 0 7
62 0 7
62 0 7
62 0 7
62 0 7
62 0 7
62 0 7
62 0 7
62 0 7
62 0 7
62 0 7
62 0 7
62 0 7
62 0 7
62 0 7
62 0 7
62 0 7
62 0 7
62 0 7
62 0 7
62 0 7
62 0 7
62 0 7
62 0 7
62 0 7
62 0 7
62 0 7
62 0 7
62 0 7
62 0 7
62 0 7
62 0 7
62 0 7
63 -7 0
63 -7 0
63 -7 0
63 -7 0
63 -7 0
63 -7 0
63 -7 0
63 -7 0
63 -7 0
63 -7 0
63 -7 0
63 -7 0
63 -7 0
63 -7 0
63 -7 0
63 -7 0
63 -7 0
63 -7 0
63 -7 0
63 -7 0
63 -7 0
63 -7 0
63 -7 0
63 -7 0
63 -7 0
63 -7 0
63 -7 0
63 -7 0
63 -7 0
63 -7 0
63 -7 0
63 -7 0
63 -7 0
63 -7 0
63 0 -7
63 0 -7
63 0 -7
63 0 -7
63 0 -7
63 0 -7
63 0 -7
63 0 -7
63 0 -7
63 0 -7
63 0 -7
63 0 -7
63 0 -7
63 0 -7
63 0 -7
63 0 -7
63 0 -7
63 0 -7
63 0 -7
63 0 -7
63 0 -7
63 0 -7
63 0 -7
63 0 -7
63 0 -7
63 0 -7
63 0 -7
63 0 -7
63 0 -7
63 0 -7
63 0 -7
63 0 -7
63 0 -7
63 0 -7
63 7 0
63 7 0
63 7 0
63 7 0
63 7 0
63 7 0
63 7 0
63 7 0
63 7 0
63 7 0
63 7 0
63 7 0
63 7 0
63 7 0
63 7 0
63 7 0
63 7 0
63 7 0
63 7 0
63 7 0
63 7 0
63 7 0
63 7 0
63 7 0
63 7 0
63 7 0
63 7 0
63 7 0
63 7 0
63 7 0
63 7 0
63 7 0
63 7 0
63 7 0
63 0 7
63 0 7
63 0 7
63 0 7
63 0 7
63 0 7
63 0 7
63 0 7
63 0 7
63 0 7
63 0 7
63 0 7
63 0 7
63 0 7
63 0 7
63 0 7
63 0 7
63 0 7
63 0 7
63 0 7
63 0 7
63 0 7
63 0 7
63 0 7
63 0 7
63 0 7
63 0 7
63 0 7
63 0 7
63 0 7
63 0 7
63 0 7
63 0 7
63 0 7
64 -7 0
64 -7 0
64 -7 0
64 -7 0
64 -7 0
64 -7 0
64 -7 0
64 -7 0
64 -7 0
64 -7 0
64 -7 0
64 -7 0
64 -7 0
64 -7 0
64 -7 0
64 -7 0
64 -7 0
64 -7 0
64 -7 0
64 -7 0
64 -7 0
64 -7 0
64 -7 0
64 -7 0
64 -7 0
64 -7 0
64 -7 0
64 -7 0
64 -7 0
64 -7 0
64 -7 0
64 -7 0
64 -7 0
64 -7 0
64 0 -7
64 0 -7
64 0 -7
64 0 -7
64 0 -7
64 0 -7
64 0 -7
64 0 -7
64 0 -7
64 0 -7
64 0 -7
64 0 -7
64 0 -7
64 0 -7
64 0 -7
64 0 -7
64 0 -7
64 0 -7
64 0 -7
64 0 -7
64 0 -7
64 0 -7
64 0 -7
64 0 -7
64 0 -7
64 0 -7
64 0 -7
64 0 -7
64 0 -7
64 0 -7
64 0 -7
64 0 -7
64 0 -7
64 0 -7
64 7 0
64 7 0
64 7 0
64 7 0
64 7 0
64 7 0
64 7 0
64 7 0
64 7 0
64 7 0
64 7 0
64 7 0
64 7 0
64 7 0
64 7 0
64 7 0
64 7 0
64 7 0
64 7 0
64 7 0
64 7 0
64 7 0
64 7 0
64 7 0
64 7 0
64 7 0
64 7 0
64 7 0
64 7 0
64 7 0
64 7 0
64 7 0
64 7 0
64 7 0
64 0 7
64 0 7
64 0 7
64 0 7
64 0 7
64 0 7
64 0 7
64 0 7
64 0 7
64 0 7
64 0 7
64 0 7
64 0 7
64 0 7
64 0 7
64 0 7
64 0 7
64 0 7
64 0 7
64 0 7
64 0 7
64 0 7
64 0 7
64 0 7
64 0 7
64 0 7
64 0 7
64 0 7
64 0 7
64 0 7
64 0 7
64 0 7
64 0 7
64 0 7
65 -7 0
65 -7 0
65 -7 0
65 -7 0
65 -7 0
65 -7 0
65 -7 0
65 -7 0
65 -7 0
65 -7 0
65 -7 0
65 -7 0
65 -7 0
65 -7 0
65 -7 0
65 -7 0
65 -7 0
65 -7 0
65 -7 0
65 -7 0
65 -7 0
65 -7 0
65 -7 0
65 -7 0
65 -7 0
65 -7 0
65 -7 0
65 -7 0
65 -7 0
65 -7 0
65 -7 0
65 -7 0
65 -7 0
65 -7 0
65 0 -7
65 0 -7
65 0 -7
65 0 -7
65 0 -7
65 0 -7
65 0 -7
65 0 -7
65 0 -7
65 0 -7
65 0 -7
65 0 -7
65 0 -7
65 0 -7
65 0 -7
65 0 -7
65 0 -7
65 0 -7
65 0 -7
65 0 -7
65 0 -7
65 0 -7
65 0 -7
65 0 -7
65 0 -7
65 0 -7
65 0 -7
65 0 -7
65 0 -7
65 0 -7
65 0 -7
65 0 -7
65 0 -7
65 0 -7
65 7 0
65 7 0
65 7 0
65 7 0
65 7 0
65 7 0
65 7 0
65 7 0
65 7 0
65 7 0
65 7 0
65 7 0
65 7 0
65 7 0
65 7 0
65 7 0
65 7 0
65 7 0
65 7 0
65 7 0
65 7 0
65 7 0
65 7 0
65 7 0
65 7 0
65 7 0
65 7 0
65 7 0
65 7 0
65 7 0
65 7 0
65 7 0
65 7 0
65 7 0
65 0 7
65 0 7
65 0 7
65 0 7
65 0 7
65 0 7
65 0 7
65 0 7
65 0 7
65 0 7
65 0 7
65 0 7
65 0 7
65 0 7
65 0 7
65 0 7
65 0 7
65 0 7
65 0 7
65 0 7
65 0 7
65 0 7
65 0 7
65 0 7
65 0 7
65 0 7
65 0 7
65 0 7
65 0 7
65 0 7
65 0 7
65 0 7
65 0 7
65 0 7
66 -7 0
66 -7 0
66 -7 0
66 -7 0
66 -7 0
66 -7 0
66 -7 0
66 -7 0
66 -7 0
66 -7 0
66 -7 0
66 -7 0
66 -7 0
66 -7 0
66 -7 0
66 -7 0
66 -7 0
66 -7 0
66 -7 0
66 -7 0
66 -7 0
66 -7 0
66 -7 0
66 -7 0
66 -7 0
66 -7 0
66 -7 0
66 -7 0
66 -7 0
66 -7 0
66 -7 0
66 -7 0
66 -7 0
66 -7 0
66 0 -7
66 0 -7
66 0 -7
66 0 -7
66 0 -7
66 0 -7
66 0 -7
66 0 -7
66 0 -7
66 0 -7
66 0 -7
66 0 -7
66 0 -7
66 0 -7
66 0 -7
66 0 -7
66 0 -7
66 0 -7
66 0 -7
66 0 -7
66 0 -7
66 0 -7
66 0 -7
66 0 -7
66 0 -7
66 0 -7
66 0 -7
66 0 -7
66 0 -7
66 0 -7
66 0 -7
66 0 -7
66 0 -7
66 0 -7
66 7 0
66 7 0
66 7 0
66 7 0
66 7 0
66 7 0
66 7 0
66 7 0
66 7 0
66 7 0
66 7 0
66 7 0
66 7 0
66 7 0
66 7 0
66 7 0
66 7 0
66 7 0
66 7 0
66 7 0
66 7 0
66 7 0
66 7 0
66 7 0
66 7 0
66 7 0
66 7 0
66 7 0
66 7 0
66 7 0
66 7 0
66 7 0
66 7 0
66 7 0
66 0 7
66 0 7
66 0 7
66 0 7
66 0 7
66 0 7
66 0 7
66 0 7
66 0 7
66 0 7
66 0 7
66 0 7
66 0 7
66 0 7
66 0 7
66 0 7
66 0 7
66 0 7
66 0 7
66 0 7
66 0 7
66 0 7
66 0 7
66 0 7
66 0 7
66 0 7
66 0 7
66 0 7
66 0 7
66 0 7
66 0 7
66 0 7
66 0 7
66 0 7
67 -7 0
67 -7 0
67 -7 0
67 -7 0
67 -7 0
67 -7 0
67 -7 0
67 -7 0
67 -7 0
67 -7 0
67 -7 0
67 -7 0
67 -7 0
67 -7 0
67 -7 0
67 -7 0
67 -7 0
67 -7 0
67 -7 0
67 -7 0
67 -7 0
67 -7 0
67 -7 0
67 -7 0
67 -7 0
67 -7 0
67 -7 0
67 -7 0
67 -7 0
67 -7 0
67 -7 0
67 -7 0
67 -7 0
67 -7 0
67 0 -7
67 0 -7
67 0 -7
67 0 -7
67 0 -7
67 0 -7
67 0 -7
67 0 -7
67 0 -7
67 0 -7
67 0 -7
67 0 -7
67 0 -7
67 0 -7
67 0 -7
67 0 -7
67 0 -7
67 0 -7
67 0 -7
67 0 -7
67 0 -7
67 0 -7
67 0 -7
67 0 -7
67 0 -7
67 0 -7
67 0 -7
67 0 -7
67 0 -7
67 0 -7
67 0 -7
67 0 -7
67 0 -7
67 0 -7
67 7 0
67 7 0
67 7 0
67 7 0
67 7 0
67 7 0
67 7 0
67 7 0
67 7 0
67 7 0
67 7 0
67 7 0
67 7 0
67 7 0
67 7 0
67 7 0
67 7 0
67 7 0
67 7 0
67 7 0
67 7 0
67 7 0
67 7 0
67 7 0
67 7 0
67 7 0
67 7 0
67 7 0
67 7 0
67 7 0
67 7 0
67 7 0
67 7 0
67 7 0
67 0 7
67 0 7
67 0 7
67 0 7
67 0 7
67 0 7
67 0 7
67 0 7
67 0 7
67 0 7
67 0 7
67 0 7
67 0 7
67 0 7
67 0 7
67 0 7
67 0 7
67 0 7
67 0 7
67 0 7
67 0 7
67 0 7
67 0 7
67 0 7
67 0 7
67 0 7
67 0 7
67 0 7
67 0 7
67 0 7
67 0 7
67 0 7
67 0 7
67 0 7
68 -7 0
68 -7 0
68 -7 0
68 -7 0
68 -7 0
68 -7 0
68 -7 0
68 -7 0
68 -7 0
68 -7 0
68 -7 0
68 -7 0
68 -7 0
68 -7 0
68 -7 0
68 -7 0
68 -7 0
68 -7 0
68 -7 0
68 -7 0
68 -7 0
68 -7 0
68 -7 0
68 -7 0
68 -7 0
68 -7 0
68 -7 0
68 -7 0
68 -7 0
68 -7 0
68 -7 0
68 -7 0
68 -7 0
68 -7 0
68 0 -7
68 0 -7
68 0 -7
68 0 -7
68 0 -7
68 0 -7
68 0 -7
68 0 -7
68 0 -7
68 0 -7
68 0 -7
68 0 -7
68 0 -7
68 0 -7
68 0 -7
68 0 -7
68 0 -7
68 0 -7
68 0 -7
68 0 -7
68 0 -7
68 0 -7
68 0 -7
68 0 -7
68 0 -7
68 0 -7
68 0 -7
68 0 -7
68 0 -7
68 0 -7
68 0 -7
68 0 -7
68 0 -7
68 0 -7
68 7 0
68 7 0
68 7 0
68 7 0
68 7 0
68 7 0
68 7 0
68 7 0
68 7 0
68 7 0
68 7 0
68 7 0
68 7 0
68 7 0
68 7 0
68 7 0
68 7 0
68 7 0
68 7 0
68 7 0
68 7 0
68 7 0
68 7 0
68 7 0
68 7 0
68 7 0
68 7 0
68 7 0
68 7 0
68 7 0
68 7 0
68 7 0
68 7 0
68 7 0
68 0 7
68 0 7
68 0 7
68 0 7
68 0 7
68 0 7
68 0 7
68 0 7
68 0 7
68 0 7
68 0 7
68 0 7
68 0 7
68 0 7
68 0 7
68 0 7
68 0 7
68 0 7
68 0 7
68 0 7
68 0 7
68 0 7
68 0 7
68 0 7
68 0 7
68 0 7
68 0 7
68 0 7
68 0 7
68 0 7
68 0 7
68 0 7
68 0 7
68 0 7
69 -7 0
69 -7 0
69 -7 0
69 -7 0
69 -7 0
69 -7 0
69 -7 0
69 -7 0
69 -7 0
69 -7 0
69 -7 0
69 -7 0
69 -7 0
69 -7 0
69 -7 0
69 -7 0
69 -7 0
69 -7 0
69 -7 0
69 -7 0
69 -7 0
69 -7 0
69 -7 0
69 -7 0
69 -7 0
69 -7 0
69 -7 0
69 -7 0
69 -7 0
69 -7 0
69 -7 0
69 -7 0
69 -7 0
69 -7 0
69 0 -7
69 0 -7
69 0 -7
69 0 -7
69 0 -7
69 0 -7
69 0 -7
69 0 -7
69 0 -7
69 0 -7
69 0 -7
69 0 -7
69 0 -7
69 0 -7
69 0 -7
69 0 -7
69 0 -7
69 0 -7
69 0 -7
69 0 -7
69 0 -7
69 0 -7
69 0 -7
69 0 -7
69 0 -7
69 0 -7
69 0 -7
69 0 -7
69 0 -7
69 0 -7
69 0 -7
69 0 -7
69 0 -7
69 0 -7
69 7 0
69 7 0
69 7 0
69 7 0
69 7 0
69 7 0
69 7 0
69 7 0
69 7 0
69 7 0
69 7 0
69 7 0
69 7 0
69 7 0
69 7 0
69 7 0
69 7 0
69 7 0
69 7 0
69 7 0
69 7 0
69 7 0
69 7 0
69 7 0
69 7 0
69 7 0
69 7 0
69 7 0
69 7 0
69 7 0
69 7 0
69 7 0
69 7 0
69 7 0
69 0 7
69 0 7
69 0 7
69 0 7
69 0 7
69 0 7
69 0 7
69 0 7
69 0 7
69 0 7
69 0 7
69 0 7
69 0 7
69 0 7
69 0 7
69 0 7
69 0 7
69 0 7
69 0 7
69 0 7
69 0 7
69 0 7
69 0 7
69 0 7
69 0 7
69 0 7
69 0 7
69 0 7
69 0 7
69 0 7
69 0 7
69 0 7
69 0 7
69 0 7
70 -7 0
70 -7 0
70 -7 0
70 -7 0
70 -7 0
70 -7 0
70 -7 0
70 -7 0
70 -7 0
70 -7 0
70 -7 0
70 -7 0
70 -7 0
70 -7 0
70 -7 0
70 -7 0
70 -7 0
70 -7 0
70 -7 0
70 -7 0
70 -7 0
70 -7 0
70 -7 0
70 -7 0
70 -7 0
70 -7 0
70 -7 0
70 -7 0
70 -7 0
70 -7 0
70 -7 0
70 -7 0
70 -7 0
70 -7 0
70 0 -7
70 0 -7
70 0 -7
70 0 -7
70 0 -7
70 0 -7
70 0 -7
70 0 -7
70 0 -7
70 0 -7
70 0 -7
70 0 -7
70 0 -7
70 0 -7
70 0 -7
70 0 -7
70 0 -7
70 0 -7
70 0 -7
70 0 -7
70 0 -7
70 0 -7
70 0 -7
70 0 -7
70 0 -7
70 0 -7
70 0 -7
70 0 -7
70 0 -7
70 0 -7
70 0 -7
70 0 -7
70 0 -7
70 0 -7
70 7 0
70 7 0
70 7 0
70 7 0
70 7 0
70 7 0
70 7 0
70 7 0
70 7 0
70 7 0
70 7 0
70 7 0
70 7 0
70 7 0
70 7 0
70 7 0
70 7 0
70 7 0
70 7 0
70 7 0
70 7 0
70 7 0
70 7 0
70 7 0
70 7 0
70 7 0
70 7 0
70 7 0
70 7 0
70 7 0
70 7 0
70 7 0
70 7 0
70 7 0
70 0 7
70 0 7
70 0 7
70 0 7
70 0 7
70 0 7
70 0 7
70 0 7
70 0 7
70 0 7
70 0 7
70 0 7
70 0 7
70 0 7
70 0 7
70 0 7
70 0 7
70 0 7
70 0 7
70 0 7
70 0 7
70 0 7
70 0 7
70 0 7
70 0 7
70 0 7
70 0 7
70 0 7
70 0 7
70 0 7
70 0 7
70 0 7
70 0 7
70 0 7
71 -7 0
71 -7 0
71 -7 0
71 -7 0
71 -7 0
71 -7 0
71 -7 0
71 -7 0
71 -7 0
71 -7 0
71 -7 0
71 -7 0
71 -7 0
71 -7 0
71 -7 0
71 -7 0
71 -7 0
71 -7 0
71 -7 0
71 -7 0
71 -7 0
71 -7 0
71 -7 0
71 -7 0
71 -7 0
71 -7 0
71 -7 0
71 -7 0
71 -7 0
71 -7 0
71 -7 0
71 -7 0
71 -7 0
71 -7 0
71 0 -7
71 0 -7
71 0 -7
71 0 -7
71 0 -7
71 0 -7
71 0 -7
71 0 -7
71 0 -7
71 0 -7
71 0 -7
71 0 -7
71 0 -7
71 0 -7
71 0 -7
71 0 -7
71 0 -7
71 0 -7
71 0 -7
71 0 -7
71 0 -7
71 0 -7
71 0 -7
71 0 -7
71 0 -7
71 0 -7
71 0 -7
71 0 -7
71 0 -7
71 0 -7
71 0 -7
71 0 -7
71 0 -7
71 0 -7
71 7 0
71 7 0
71 7 0
71 7 0
71 7 0
71 7 0
71 7 0
71 7 0
71 7 0
71 7 0
71 7 0
71 7 0
71 7 0
71 7 0
71 7 0
71 7 0
71 7 0
71 7 0
71 7 0
71 7 0
71 7 0
71 7 0
71 7 0
71 7 0
71 7 0
71 7 0
71 7 0
71 7 0
71 7 0
71 7 0
71 7 0
71 7 0
71 7 0
71 7 0
71 0 7
71 0 7
71 0 7
71 0 7
71 0 7
71 0 7
71 0 7
71 0 7
71 0 7
71 0 7
71 0 7
71 0 7
71 0 7
71 0 7
71 0 7
71 0 7
71 0 7
71 0 7
71 0 7
71 0 7
71 0 7
71 0 7
71 0 7
71 0 7
71 0 7
71 0 7
71 0 7
71 0 7
71 0 7
71 0 7
71 0 7
71 0 7
71 0 7
71 0 7
# looped 13242756 times
-1 -1 -1
33
36
62
71
40
42
45
0
67
2
56
10
64
35
21
29
23
51
59
22
13
54
53
27
38
7
3
26
57
43
12
48
8
16
11
47
15
14
68
65
5
25
44
17
37
28
49
63
61
20
60
6
4
31
52
39
32
55
34
58
50
70
18
41
1
46
66
69
9
30
24
19
