53 104 151 195 234 267 294 314 326 330 326 314 294 267 234 195 151 104 53
104 158 209 256 298 334 364 386 400 405 400 386 364 334 298 256 209 158 104
151 209 263 314 360 400 433 458 474 479 474 458 433 400 360 314 263 209 151
195 256 314 368 419 463 501 529 547 553 547 529 501 463 419 368 314 256 195
234 298 360 419 474 523 566 599 620 628 620 599 566 523 474 419 360 298 234
267 334 400 463 523 579 628 667 693 702 693 667 628 579 523 463 400 334 267
294 364 433 501 566 628 684 732 765 777 765 732 684 628 566 501 433 364 294
314 386 458 529 599 667 732 789 834 851 834 789 732 667 599 529 458 386 314
326 400 474 547 620 693 765 834 895 926 895 834 765 693 620 547 474 400 326
330 405 479 553 628 702 777 851 926 1000 926 851 777 702 628 553 479 405 330
326 400 474 547 620 693 765 834 895 926 895 834 765 693 620 547 474 400 326
314 386 458 529 599 667 732 789 834 851 834 789 732 667 599 529 458 386 314
294 364 433 501 566 628 684 732 765 777 765 732 684 628 566 501 433 364 294
267 334 400 463 523 579 628 667 693 702 693 667 628 579 523 463 400 334 267
234 298 360 419 474 523 566 599 620 628 620 599 566 523 474 419 360 298 234
195 256 314 368 419 463 501 529 547 553 547 529 501 463 419 368 314 256 195
151 209 263 314 360 400 433 458 474 479 474 458 433 400 360 314 263 209 151
104 158 209 256 298 334 364 386 400 405 400 386 364 334 298 256 209 158 104
53 104 151 195 234 267 294 314 326 330 326 314 294 267 234 195 151 104 53
0 -4 0
0 -4 0
0 -4 0
0 -4 0
0 -4 0
0 -4 0
0 -4 0
0 -4 0
0 -4 0
0 -4 0
0 -4 0
0 -4 0
0 -4 0
0 -4 0
0 -4 0
0 -4 0
0 -4 0
0 -4 0
0 -4 0
0 -4 0
0 -4 0
0 -4 0
0 -4 0
0 -4 0
0 -4 0
0 -4 0
0 -4 0
0 0 -4
0 0 -4
0 0 -4
0 0 -4
0 0 -4
0 0 -4
0 0 -4
0 0 -4
0 0 -4
0 0 -4
0 0 -4
0 0 -4
0 0 -4
0 0 -4
0 0 -4
0 0 -4
0 0 -4
0 0 -4
0 0 -4
0 0 -4
0 0 -4
0 0 -4
0 0 -4
0 0 -4
0 0 -4
0 0 -4
0 0 -4
0 4 0
0 4 0
0 4 0
0 4 0
0 4 0
0 4 0
0 4 0
0 4 0
0 4 0
0 4 0
0 4 0
0 4 0
0 4 0
0 4 0
0 4 0
0 4 0
0 4 0
0 4 0
0 4 0
0 4 0
0 4 0
0 4 0
0 4 0
0 4 0
0 4 0
0 4 0
0 4 0
0 0 4
0 0 4
0 0 4
0 0 4
0 0 4
0 0 4
0 0 4
0 0 4
0 0 4
0 0 4
0 0 4
0 0 4
0 0 4
0 0 4
0 0 4
0 0 4
0 0 4
0 0 4
0 0 4
0 0 4
0 0 4
0 0 4
0 0 4
0 0 4
0 0 4
0 0 4
0 0 4
# estimated from=0, to=86, diff=108
1 -4 0
1 -4 0
1 -4 0
1 -4 0
1 -4 0
1 -4 0
1 -4 0
1 -4 0
1 -4 0
1 -4 0
1 -4 0
1 -4 0
1 -4 0
1 -4 0
1 -4 0
1 -4 0
1 -4 0
1 -4 0
1 -4 0
1 -4 0
1 -4 0
1 -4 0
1 -4 0
1 -4 0
1 -4 0
1 -4 0
1 -4 0
1 0 -4
1 0 -4
1 0 -4
1 0 -4
1 0 -4
1 0 -4
1 0 -4
1 0 -4
1 0 -4
1 0 -4
1 0 -4
1 0 -4
1 0 -4
1 0 -4
1 0 -4
1 0 -4
1 0 -4
1 0 -4
1 0 -4
1 0 -4
1 0 -4
1 0 -4
1 0 -4
1 0 -4
1 0 -4
1 0 -4
1 0 -4
1 4 0
1 4 0
1 4 0
1 4 0
1 4 0
1 4 0
1 4 0
1 4 0
1 4 0
1 4 0
1 4 0
1 4 0
1 4 0
1 4 0
1 4 0
1 4 0
1 4 0
1 4 0
1 4 0
1 4 0
1 4 0
1 4 0
1 4 0
1 4 0
1 4 0
1 4 0
1 4 0
1 0 4
1 0 4
1 0 4
1 0 4
1 0 4
1 0 4
1 0 4
1 0 4
1 0 4
1 0 4
1 0 4
1 0 4
1 0 4
1 0 4
1 0 4
1 0 4
1 0 4
1 0 4
1 0 4
1 0 4
1 0 4
1 0 4
1 0 4
1 0 4
1 0 4
1 0 4
1 0 4
# estimated from=1, to=24, diff=114
2 -4 0
2 -4 0
2 -4 0
2 -4 0
2 -4 0
2 -4 0
2 -4 0
2 -4 0
2 -4 0
2 -4 0
2 -4 0
2 -4 0
2 -4 0
2 -4 0
2 -4 0
2 -4 0
2 -4 0
2 -4 0
2 -4 0
2 -4 0
2 -4 0
2 -4 0
2 -4 0
2 -4 0
2 -4 0
2 -4 0
2 -4 0
2 0 -4
2 0 -4
2 0 -4
2 0 -4
2 0 -4
2 0 -4
2 0 -4
2 0 -4
2 0 -4
2 0 -4
2 0 -4
2 0 -4
2 0 -4
2 0 -4
2 0 -4
2 0 -4
2 0 -4
2 0 -4
2 0 -4
2 0 -4
2 0 -4
2 0 -4
2 0 -4
2 0 -4
2 0 -4
2 0 -4
2 0 -4
2 4 0
2 4 0
2 4 0
2 4 0
2 4 0
2 4 0
2 4 0
2 4 0
2 4 0
2 4 0
2 4 0
2 4 0
2 4 0
2 4 0
2 4 0
2 4 0
2 4 0
2 4 0
2 4 0
2 4 0
2 4 0
2 4 0
2 4 0
2 4 0
2 4 0
2 4 0
2 4 0
2 0 4
2 0 4
2 0 4
2 0 4
2 0 4
2 0 4
2 0 4
2 0 4
2 0 4
2 0 4
2 0 4
2 0 4
2 0 4
2 0 4
2 0 4
2 0 4
2 0 4
2 0 4
2 0 4
2 0 4
2 0 4
2 0 4
2 0 4
2 0 4
2 0 4
2 0 4
2 0 4
# estimated from=2, to=27, diff=182
3 -4 0
3 -4 0
3 -4 0
3 -4 0
3 -4 0
3 -4 0
3 -4 0
3 -4 0
3 -4 0
3 -4 0
3 -4 0
3 -4 0
3 -4 0
3 -4 0
3 -4 0
3 -4 0
3 -4 0
3 -4 0
3 -4 0
3 -4 0
3 -4 0
3 -4 0
3 -4 0
3 -4 0
3 -4 0
3 -4 0
3 -4 0
3 0 -4
3 0 -4
3 0 -4
3 0 -4
3 0 -4
3 0 -4
3 0 -4
3 0 -4
3 0 -4
3 0 -4
3 0 -4
3 0 -4
3 0 -4
3 0 -4
3 0 -4
3 0 -4
3 0 -4
3 0 -4
3 0 -4
3 0 -4
3 0 -4
3 0 -4
3 0 -4
3 0 -4
3 0 -4
3 0 -4
3 0 -4
3 4 0
3 4 0
3 4 0
3 4 0
3 4 0
3 4 0
3 4 0
3 4 0
3 4 0
3 4 0
3 4 0
3 4 0
3 4 0
3 4 0
3 4 0
3 4 0
3 4 0
3 4 0
3 4 0
3 4 0
3 4 0
3 4 0
3 4 0
3 4 0
3 4 0
3 4 0
3 4 0
3 0 4
3 0 4
3 0 4
3 0 4
3 0 4
3 0 4
3 0 4
3 0 4
3 0 4
3 0 4
3 0 4
3 0 4
3 0 4
3 0 4
3 0 4
3 0 4
3 0 4
3 0 4
3 0 4
3 0 4
3 0 4
3 0 4
3 0 4
3 0 4
3 0 4
3 0 4
3 0 4
# estimated from=3, to=60, diff=51
4 -4 0
4 -4 0
4 -4 0
4 -4 0
4 -4 0
4 -4 0
4 -4 0
4 -4 0
4 -4 0
4 -4 0
4 -4 0
4 -4 0
4 -4 0
4 -4 0
4 -4 0
4 -4 0
4 -4 0
4 -4 0
4 -4 0
4 -4 0
4 -4 0
4 -4 0
4 -4 0
4 -4 0
4 -4 0
4 -4 0
4 -4 0
4 0 -4
4 0 -4
4 0 -4
4 0 -4
4 0 -4
4 0 -4
4 0 -4
4 0 -4
4 0 -4
4 0 -4
4 0 -4
4 0 -4
4 0 -4
4 0 -4
4 0 -4
4 0 -4
4 0 -4
4 0 -4
4 0 -4
4 0 -4
4 0 -4
4 0 -4
4 0 -4
4 0 -4
4 0 -4
4 0 -4
4 0 -4
4 4 0
4 4 0
4 4 0
4 4 0
4 4 0
4 4 0
4 4 0
4 4 0
4 4 0
4 4 0
4 4 0
4 4 0
4 4 0
4 4 0
4 4 0
4 4 0
4 4 0
4 4 0
4 4 0
4 4 0
4 4 0
4 4 0
4 4 0
4 4 0
4 4 0
4 4 0
4 4 0
4 0 4
4 0 4
4 0 4
4 0 4
4 0 4
4 0 4
4 0 4
4 0 4
4 0 4
4 0 4
4 0 4
4 0 4
4 0 4
4 0 4
4 0 4
4 0 4
4 0 4
4 0 4
4 0 4
4 0 4
4 0 4
4 0 4
4 0 4
4 0 4
4 0 4
4 0 4
4 0 4
# estimated from=4, to=66, diff=115
5 -4 0
5 -4 0
5 -4 0
5 -4 0
5 -4 0
5 -4 0
5 -4 0
5 -4 0
5 -4 0
5 -4 0
5 -4 0
5 -4 0
5 -4 0
5 -4 0
5 -4 0
5 -4 0
5 -4 0
5 -4 0
5 -4 0
5 -4 0
5 -4 0
5 -4 0
5 -4 0
5 -4 0
5 -4 0
5 -4 0
5 -4 0
5 0 -4
5 0 -4
5 0 -4
5 0 -4
5 0 -4
5 0 -4
5 0 -4
5 0 -4
5 0 -4
5 0 -4
5 0 -4
5 0 -4
5 0 -4
5 0 -4
5 0 -4
5 0 -4
5 0 -4
5 0 -4
5 0 -4
5 0 -4
5 0 -4
5 0 -4
5 0 -4
5 0 -4
5 0 -4
5 0 -4
5 0 -4
5 4 0
5 4 0
5 4 0
5 4 0
5 4 0
5 4 0
5 4 0
5 4 0
5 4 0
5 4 0
5 4 0
5 4 0
5 4 0
5 4 0
5 4 0
5 4 0
5 4 0
5 4 0
5 4 0
5 4 0
5 4 0
5 4 0
5 4 0
5 4 0
5 4 0
5 4 0
5 4 0
5 0 4
5 0 4
5 0 4
5 0 4
5 0 4
5 0 4
5 0 4
5 0 4
5 0 4
5 0 4
5 0 4
5 0 4
5 0 4
5 0 4
5 0 4
5 0 4
5 0 4
5 0 4
5 0 4
5 0 4
5 0 4
5 0 4
5 0 4
5 0 4
5 0 4
5 0 4
5 0 4
# estimated from=5, to=29, diff=159
6 -4 0
6 -4 0
6 -4 0
6 -4 0
6 -4 0
6 -4 0
6 -4 0
6 -4 0
6 -4 0
6 -4 0
6 -4 0
6 -4 0
6 -4 0
6 -4 0
6 -4 0
6 -4 0
6 -4 0
6 -4 0
6 -4 0
6 -4 0
6 -4 0
6 -4 0
6 -4 0
6 -4 0
6 -4 0
6 -4 0
6 -4 0
6 0 -4
6 0 -4
6 0 -4
6 0 -4
6 0 -4
6 0 -4
6 0 -4
6 0 -4
6 0 -4
6 0 -4
6 0 -4
6 0 -4
6 0 -4
6 0 -4
6 0 -4
6 0 -4
6 0 -4
6 0 -4
6 0 -4
6 0 -4
6 0 -4
6 0 -4
6 0 -4
6 0 -4
6 0 -4
6 0 -4
6 0 -4
6 4 0
6 4 0
6 4 0
6 4 0
6 4 0
6 4 0
6 4 0
6 4 0
6 4 0
6 4 0
6 4 0
6 4 0
6 4 0
6 4 0
6 4 0
6 4 0
6 4 0
6 4 0
6 4 0
6 4 0
6 4 0
6 4 0
6 4 0
6 4 0
6 4 0
6 4 0
6 4 0
6 0 4
6 0 4
6 0 4
6 0 4
6 0 4
6 0 4
6 0 4
6 0 4
6 0 4
6 0 4
6 0 4
6 0 4
6 0 4
6 0 4
6 0 4
6 0 4
6 0 4
6 0 4
6 0 4
6 0 4
6 0 4
6 0 4
6 0 4
6 0 4
6 0 4
6 0 4
6 0 4
# estimated from=6, to=7, diff=103
7 -4 0
7 -4 0
7 -4 0
7 -4 0
7 -4 0
7 -4 0
7 -4 0
7 -4 0
7 -4 0
7 -4 0
7 -4 0
7 -4 0
7 -4 0
7 -4 0
7 -4 0
7 -4 0
7 -4 0
7 -4 0
7 -4 0
7 -4 0
7 -4 0
7 -4 0
7 -4 0
7 -4 0
7 -4 0
7 -4 0
7 -4 0
7 0 -4
7 0 -4
7 0 -4
7 0 -4
7 0 -4
7 0 -4
7 0 -4
7 0 -4
7 0 -4
7 0 -4
7 0 -4
7 0 -4
7 0 -4
7 0 -4
7 0 -4
7 0 -4
7 0 -4
7 0 -4
7 0 -4
7 0 -4
7 0 -4
7 0 -4
7 0 -4
7 0 -4
7 0 -4
7 0 -4
7 0 -4
7 4 0
7 4 0
7 4 0
7 4 0
7 4 0
7 4 0
7 4 0
7 4 0
7 4 0
7 4 0
7 4 0
7 4 0
7 4 0
7 4 0
7 4 0
7 4 0
7 4 0
7 4 0
7 4 0
7 4 0
7 4 0
7 4 0
7 4 0
7 4 0
7 4 0
7 4 0
7 4 0
7 0 4
7 0 4
7 0 4
7 0 4
7 0 4
7 0 4
7 0 4
7 0 4
7 0 4
7 0 4
7 0 4
7 0 4
7 0 4
7 0 4
7 0 4
7 0 4
7 0 4
7 0 4
7 0 4
7 0 4
7 0 4
7 0 4
7 0 4
7 0 4
7 0 4
7 0 4
7 0 4
# estimated from=7, to=14, diff=151
8 -4 0
8 -4 0
8 -4 0
8 -4 0
8 -4 0
8 -4 0
8 -4 0
8 -4 0
8 -4 0
8 -4 0
8 -4 0
8 -4 0
8 -4 0
8 -4 0
8 -4 0
8 -4 0
8 -4 0
8 -4 0
8 -4 0
8 -4 0
8 -4 0
8 -4 0
8 -4 0
8 -4 0
8 -4 0
8 -4 0
8 -4 0
8 0 -4
8 0 -4
8 0 -4
8 0 -4
8 0 -4
8 0 -4
8 0 -4
8 0 -4
8 0 -4
8 0 -4
8 0 -4
8 0 -4
8 0 -4
8 0 -4
8 0 -4
8 0 -4
8 0 -4
8 0 -4
8 0 -4
8 0 -4
8 0 -4
8 0 -4
8 0 -4
8 0 -4
8 0 -4
8 0 -4
8 0 -4
8 4 0
8 4 0
8 4 0
8 4 0
8 4 0
8 4 0
8 4 0
8 4 0
8 4 0
8 4 0
8 4 0
8 4 0
8 4 0
8 4 0
8 4 0
8 4 0
8 4 0
8 4 0
8 4 0
8 4 0
8 4 0
8 4 0
8 4 0
8 4 0
8 4 0
8 4 0
8 4 0
8 0 4
8 0 4
8 0 4
8 0 4
8 0 4
8 0 4
8 0 4
8 0 4
8 0 4
8 0 4
8 0 4
8 0 4
8 0 4
8 0 4
8 0 4
8 0 4
8 0 4
8 0 4
8 0 4
8 0 4
8 0 4
8 0 4
8 0 4
8 0 4
8 0 4
8 0 4
8 0 4
# estimated from=8, to=5, diff=66
9 -4 0
9 -4 0
9 -4 0
9 -4 0
9 -4 0
9 -4 0
9 -4 0
9 -4 0
9 -4 0
9 -4 0
9 -4 0
9 -4 0
9 -4 0
9 -4 0
9 -4 0
9 -4 0
9 -4 0
9 -4 0
9 -4 0
9 -4 0
9 -4 0
9 -4 0
9 -4 0
9 -4 0
9 -4 0
9 -4 0
9 -4 0
9 0 -4
9 0 -4
9 0 -4
9 0 -4
9 0 -4
9 0 -4
9 0 -4
9 0 -4
9 0 -4
9 0 -4
9 0 -4
9 0 -4
9 0 -4
9 0 -4
9 0 -4
9 0 -4
9 0 -4
9 0 -4
9 0 -4
9 0 -4
9 0 -4
9 0 -4
9 0 -4
9 0 -4
9 0 -4
9 0 -4
9 0 -4
9 4 0
9 4 0
9 4 0
9 4 0
9 4 0
9 4 0
9 4 0
9 4 0
9 4 0
9 4 0
9 4 0
9 4 0
9 4 0
9 4 0
9 4 0
9 4 0
9 4 0
9 4 0
9 4 0
9 4 0
9 4 0
9 4 0
9 4 0
9 4 0
9 4 0
9 4 0
9 4 0
9 0 4
9 0 4
9 0 4
9 0 4
9 0 4
9 0 4
9 0 4
9 0 4
9 0 4
9 0 4
9 0 4
9 0 4
9 0 4
9 0 4
9 0 4
9 0 4
9 0 4
9 0 4
9 0 4
9 0 4
9 0 4
9 0 4
9 0 4
9 0 4
9 0 4
9 0 4
9 0 4
# estimated from=9, to=88, diff=33
10 -4 0
10 -4 0
10 -4 0
10 -4 0
10 -4 0
10 -4 0
10 -4 0
10 -4 0
10 -4 0
10 -4 0
10 -4 0
10 -4 0
10 -4 0
10 -4 0
10 -4 0
10 -4 0
10 -4 0
10 -4 0
10 -4 0
10 -4 0
10 -4 0
10 -4 0
10 -4 0
10 -4 0
10 -4 0
10 -4 0
10 -4 0
10 0 -4
10 0 -4
10 0 -4
10 0 -4
10 0 -4
10 0 -4
10 0 -4
10 0 -4
10 0 -4
10 0 -4
10 0 -4
10 0 -4
10 0 -4
10 0 -4
10 0 -4
10 0 -4
10 0 -4
10 0 -4
10 0 -4
10 0 -4
10 0 -4
10 0 -4
10 0 -4
10 0 -4
10 0 -4
10 0 -4
10 0 -4
10 4 0
10 4 0
10 4 0
10 4 0
10 4 0
10 4 0
10 4 0
10 4 0
10 4 0
10 4 0
10 4 0
10 4 0
10 4 0
10 4 0
10 4 0
10 4 0
10 4 0
10 4 0
10 4 0
10 4 0
10 4 0
10 4 0
10 4 0
10 4 0
10 4 0
10 4 0
10 4 0
10 0 4
10 0 4
10 0 4
10 0 4
10 0 4
10 0 4
10 0 4
10 0 4
10 0 4
10 0 4
10 0 4
10 0 4
10 0 4
10 0 4
10 0 4
10 0 4
10 0 4
10 0 4
10 0 4
10 0 4
10 0 4
10 0 4
10 0 4
10 0 4
10 0 4
10 0 4
10 0 4
# estimated from=10, to=51, diff=112
11 -4 0
11 -4 0
11 -4 0
11 -4 0
11 -4 0
11 -4 0
11 -4 0
11 -4 0
11 -4 0
11 -4 0
11 -4 0
11 -4 0
11 -4 0
11 -4 0
11 -4 0
11 -4 0
11 -4 0
11 -4 0
11 -4 0
11 -4 0
11 -4 0
11 -4 0
11 -4 0
11 -4 0
11 -4 0
11 -4 0
11 -4 0
11 0 -4
11 0 -4
11 0 -4
11 0 -4
11 0 -4
11 0 -4
11 0 -4
11 0 -4
11 0 -4
11 0 -4
11 0 -4
11 0 -4
11 0 -4
11 0 -4
11 0 -4
11 0 -4
11 0 -4
11 0 -4
11 0 -4
11 0 -4
11 0 -4
11 0 -4
11 0 -4
11 0 -4
11 0 -4
11 0 -4
11 0 -4
11 4 0
11 4 0
11 4 0
11 4 0
11 4 0
11 4 0
11 4 0
11 4 0
11 4 0
11 4 0
11 4 0
11 4 0
11 4 0
11 4 0
11 4 0
11 4 0
11 4 0
11 4 0
11 4 0
11 4 0
11 4 0
11 4 0
11 4 0
11 4 0
11 4 0
11 4 0
11 4 0
11 0 4
11 0 4
11 0 4
11 0 4
11 0 4
11 0 4
11 0 4
11 0 4
11 0 4
11 0 4
11 0 4
11 0 4
11 0 4
11 0 4
11 0 4
11 0 4
11 0 4
11 0 4
11 0 4
11 0 4
11 0 4
11 0 4
11 0 4
11 0 4
11 0 4
11 0 4
11 0 4
# estimated from=11, to=48, diff=128
12 -4 0
12 -4 0
12 -4 0
12 -4 0
12 -4 0
12 -4 0
12 -4 0
12 -4 0
12 -4 0
12 -4 0
12 -4 0
12 -4 0
12 -4 0
12 -4 0
12 -4 0
12 -4 0
12 -4 0
12 -4 0
12 -4 0
12 -4 0
12 -4 0
12 -4 0
12 -4 0
12 -4 0
12 -4 0
12 -4 0
12 -4 0
12 0 -4
12 0 -4
12 0 -4
12 0 -4
12 0 -4
12 0 -4
12 0 -4
12 0 -4
12 0 -4
12 0 -4
12 0 -4
12 0 -4
12 0 -4
12 0 -4
12 0 -4
12 0 -4
12 0 -4
12 0 -4
12 0 -4
12 0 -4
12 0 -4
12 0 -4
12 0 -4
12 0 -4
12 0 -4
12 0 -4
12 0 -4
12 4 0
12 4 0
12 4 0
12 4 0
12 4 0
12 4 0
12 4 0
12 4 0
12 4 0
12 4 0
12 4 0
12 4 0
12 4 0
12 4 0
12 4 0
12 4 0
12 4 0
12 4 0
12 4 0
12 4 0
12 4 0
12 4 0
12 4 0
12 4 0
12 4 0
12 4 0
12 4 0
12 0 4
12 0 4
12 0 4
12 0 4
12 0 4
12 0 4
12 0 4
12 0 4
12 0 4
12 0 4
12 0 4
12 0 4
12 0 4
12 0 4
12 0 4
12 0 4
12 0 4
12 0 4
12 0 4
12 0 4
12 0 4
12 0 4
12 0 4
12 0 4
12 0 4
12 0 4
12 0 4
# estimated from=12, to=0, diff=122
13 -4 0
13 -4 0
13 -4 0
13 -4 0
13 -4 0
13 -4 0
13 -4 0
13 -4 0
13 -4 0
13 -4 0
13 -4 0
13 -4 0
13 -4 0
13 -4 0
13 -4 0
13 -4 0
13 -4 0
13 -4 0
13 -4 0
13 -4 0
13 -4 0
13 -4 0
13 -4 0
13 -4 0
13 -4 0
13 -4 0
13 -4 0
13 0 -4
13 0 -4
13 0 -4
13 0 -4
13 0 -4
13 0 -4
13 0 -4
13 0 -4
13 0 -4
13 0 -4
13 0 -4
13 0 -4
13 0 -4
13 0 -4
13 0 -4
13 0 -4
13 0 -4
13 0 -4
13 0 -4
13 0 -4
13 0 -4
13 0 -4
13 0 -4
13 0 -4
13 0 -4
13 0 -4
13 0 -4
13 4 0
13 4 0
13 4 0
13 4 0
13 4 0
13 4 0
13 4 0
13 4 0
13 4 0
13 4 0
13 4 0
13 4 0
13 4 0
13 4 0
13 4 0
13 4 0
13 4 0
13 4 0
13 4 0
13 4 0
13 4 0
13 4 0
13 4 0
13 4 0
13 4 0
13 4 0
13 4 0
13 0 4
13 0 4
13 0 4
13 0 4
13 0 4
13 0 4
13 0 4
13 0 4
13 0 4
13 0 4
13 0 4
13 0 4
13 0 4
13 0 4
13 0 4
13 0 4
13 0 4
13 0 4
13 0 4
13 0 4
13 0 4
13 0 4
13 0 4
13 0 4
13 0 4
13 0 4
13 0 4
# estimated from=13, to=43, diff=79
14 -4 0
14 -4 0
14 -4 0
14 -4 0
14 -4 0
14 -4 0
14 -4 0
14 -4 0
14 -4 0
14 -4 0
14 -4 0
14 -4 0
14 -4 0
14 -4 0
14 -4 0
14 -4 0
14 -4 0
14 -4 0
14 -4 0
14 -4 0
14 -4 0
14 -4 0
14 -4 0
14 -4 0
14 -4 0
14 -4 0
14 -4 0
14 0 -4
14 0 -4
14 0 -4
14 0 -4
14 0 -4
14 0 -4
14 0 -4
14 0 -4
14 0 -4
14 0 -4
14 0 -4
14 0 -4
14 0 -4
14 0 -4
14 0 -4
14 0 -4
14 0 -4
14 0 -4
14 0 -4
14 0 -4
14 0 -4
14 0 -4
14 0 -4
14 0 -4
14 0 -4
14 0 -4
14 0 -4
14 4 0
14 4 0
14 4 0
14 4 0
14 4 0
14 4 0
14 4 0
14 4 0
14 4 0
14 4 0
14 4 0
14 4 0
14 4 0
14 4 0
14 4 0
14 4 0
14 4 0
14 4 0
14 4 0
14 4 0
14 4 0
14 4 0
14 4 0
14 4 0
14 4 0
14 4 0
14 4 0
14 0 4
14 0 4
14 0 4
14 0 4
14 0 4
14 0 4
14 0 4
14 0 4
14 0 4
14 0 4
14 0 4
14 0 4
14 0 4
14 0 4
14 0 4
14 0 4
14 0 4
14 0 4
14 0 4
14 0 4
14 0 4
14 0 4
14 0 4
14 0 4
14 0 4
14 0 4
14 0 4
# estimated from=14, to=87, diff=65
15 -4 0
15 -4 0
15 -4 0
15 -4 0
15 -4 0
15 -4 0
15 -4 0
15 -4 0
15 -4 0
15 -4 0
15 -4 0
15 -4 0
15 -4 0
15 -4 0
15 -4 0
15 -4 0
15 -4 0
15 -4 0
15 -4 0
15 -4 0
15 -4 0
15 -4 0
15 -4 0
15 -4 0
15 -4 0
15 -4 0
15 -4 0
15 0 -4
15 0 -4
15 0 -4
15 0 -4
15 0 -4
15 0 -4
15 0 -4
15 0 -4
15 0 -4
15 0 -4
15 0 -4
15 0 -4
15 0 -4
15 0 -4
15 0 -4
15 0 -4
15 0 -4
15 0 -4
15 0 -4
15 0 -4
15 0 -4
15 0 -4
15 0 -4
15 0 -4
15 0 -4
15 0 -4
15 0 -4
15 4 0
15 4 0
15 4 0
15 4 0
15 4 0
15 4 0
15 4 0
15 4 0
15 4 0
15 4 0
15 4 0
15 4 0
15 4 0
15 4 0
15 4 0
15 4 0
15 4 0
15 4 0
15 4 0
15 4 0
15 4 0
15 4 0
15 4 0
15 4 0
15 4 0
15 4 0
15 4 0
15 0 4
15 0 4
15 0 4
15 0 4
15 0 4
15 0 4
15 0 4
15 0 4
15 0 4
15 0 4
15 0 4
15 0 4
15 0 4
15 0 4
15 0 4
15 0 4
15 0 4
15 0 4
15 0 4
15 0 4
15 0 4
15 0 4
15 0 4
15 0 4
15 0 4
15 0 4
15 0 4
# estimated from=15, to=33, diff=90
16 -4 0
16 -4 0
16 -4 0
16 -4 0
16 -4 0
16 -4 0
16 -4 0
16 -4 0
16 -4 0
16 -4 0
16 -4 0
16 -4 0
16 -4 0
16 -4 0
16 -4 0
16 -4 0
16 -4 0
16 -4 0
16 -4 0
16 -4 0
16 -4 0
16 -4 0
16 -4 0
16 -4 0
16 -4 0
16 -4 0
16 -4 0
16 0 -4
16 0 -4
16 0 -4
16 0 -4
16 0 -4
16 0 -4
16 0 -4
16 0 -4
16 0 -4
16 0 -4
16 0 -4
16 0 -4
16 0 -4
16 0 -4
16 0 -4
16 0 -4
16 0 -4
16 0 -4
16 0 -4
16 0 -4
16 0 -4
16 0 -4
16 0 -4
16 0 -4
16 0 -4
16 0 -4
16 0 -4
16 4 0
16 4 0
16 4 0
16 4 0
16 4 0
16 4 0
16 4 0
16 4 0
16 4 0
16 4 0
16 4 0
16 4 0
16 4 0
16 4 0
16 4 0
16 4 0
16 4 0
16 4 0
16 4 0
16 4 0
16 4 0
16 4 0
16 4 0
16 4 0
16 4 0
16 4 0
16 4 0
16 0 4
16 0 4
16 0 4
16 0 4
16 0 4
16 0 4
16 0 4
16 0 4
16 0 4
16 0 4
16 0 4
16 0 4
16 0 4
16 0 4
16 0 4
16 0 4
16 0 4
16 0 4
16 0 4
16 0 4
16 0 4
16 0 4
16 0 4
16 0 4
16 0 4
16 0 4
16 0 4
# estimated from=16, to=8, diff=100
17 -4 0
17 -4 0
17 -4 0
17 -4 0
17 -4 0
17 -4 0
17 -4 0
17 -4 0
17 -4 0
17 -4 0
17 -4 0
17 -4 0
17 -4 0
17 -4 0
17 -4 0
17 -4 0
17 -4 0
17 -4 0
17 -4 0
17 -4 0
17 -4 0
17 -4 0
17 -4 0
17 -4 0
17 -4 0
17 -4 0
17 -4 0
17 0 -4
17 0 -4
17 0 -4
17 0 -4
17 0 -4
17 0 -4
17 0 -4
17 0 -4
17 0 -4
17 0 -4
17 0 -4
17 0 -4
17 0 -4
17 0 -4
17 0 -4
17 0 -4
17 0 -4
17 0 -4
17 0 -4
17 0 -4
17 0 -4
17 0 -4
17 0 -4
17 0 -4
17 0 -4
17 0 -4
17 0 -4
17 4 0
17 4 0
17 4 0
17 4 0
17 4 0
17 4 0
17 4 0
17 4 0
17 4 0
17 4 0
17 4 0
17 4 0
17 4 0
17 4 0
17 4 0
17 4 0
17 4 0
17 4 0
17 4 0
17 4 0
17 4 0
17 4 0
17 4 0
17 4 0
17 4 0
17 4 0
17 4 0
17 0 4
17 0 4
17 0 4
17 0 4
17 0 4
17 0 4
17 0 4
17 0 4
17 0 4
17 0 4
17 0 4
17 0 4
17 0 4
17 0 4
17 0 4
17 0 4
17 0 4
17 0 4
17 0 4
17 0 4
17 0 4
17 0 4
17 0 4
17 0 4
17 0 4
17 0 4
17 0 4
# estimated from=17, to=11, diff=83
18 -4 0
18 -4 0
18 -4 0
18 -4 0
18 -4 0
18 -4 0
18 -4 0
18 -4 0
18 -4 0
18 -4 0
18 -4 0
18 -4 0
18 -4 0
18 -4 0
18 -4 0
18 -4 0
18 -4 0
18 -4 0
18 -4 0
18 -4 0
18 -4 0
18 -4 0
18 -4 0
18 -4 0
18 -4 0
18 -4 0
18 -4 0
18 0 -4
18 0 -4
18 0 -4
18 0 -4
18 0 -4
18 0 -4
18 0 -4
18 0 -4
18 0 -4
18 0 -4
18 0 -4
18 0 -4
18 0 -4
18 0 -4
18 0 -4
18 0 -4
18 0 -4
18 0 -4
18 0 -4
18 0 -4
18 0 -4
18 0 -4
18 0 -4
18 0 -4
18 0 -4
18 0 -4
18 0 -4
18 4 0
18 4 0
18 4 0
18 4 0
18 4 0
18 4 0
18 4 0
18 4 0
18 4 0
18 4 0
18 4 0
18 4 0
18 4 0
18 4 0
18 4 0
18 4 0
18 4 0
18 4 0
18 4 0
18 4 0
18 4 0
18 4 0
18 4 0
18 4 0
18 4 0
18 4 0
18 4 0
18 0 4
18 0 4
18 0 4
18 0 4
18 0 4
18 0 4
18 0 4
18 0 4
18 0 4
18 0 4
18 0 4
18 0 4
18 0 4
18 0 4
18 0 4
18 0 4
18 0 4
18 0 4
18 0 4
18 0 4
18 0 4
18 0 4
18 0 4
18 0 4
18 0 4
18 0 4
18 0 4
# estimated from=18, to=83, diff=178
19 -4 0
19 -4 0
19 -4 0
19 -4 0
19 -4 0
19 -4 0
19 -4 0
19 -4 0
19 -4 0
19 -4 0
19 -4 0
19 -4 0
19 -4 0
19 -4 0
19 -4 0
19 -4 0
19 -4 0
19 -4 0
19 -4 0
19 -4 0
19 -4 0
19 -4 0
19 -4 0
19 -4 0
19 -4 0
19 -4 0
19 -4 0
19 0 -4
19 0 -4
19 0 -4
19 0 -4
19 0 -4
19 0 -4
19 0 -4
19 0 -4
19 0 -4
19 0 -4
19 0 -4
19 0 -4
19 0 -4
19 0 -4
19 0 -4
19 0 -4
19 0 -4
19 0 -4
19 0 -4
19 0 -4
19 0 -4
19 0 -4
19 0 -4
19 0 -4
19 0 -4
19 0 -4
19 0 -4
19 4 0
19 4 0
19 4 0
19 4 0
19 4 0
19 4 0
19 4 0
19 4 0
19 4 0
19 4 0
19 4 0
19 4 0
19 4 0
19 4 0
19 4 0
19 4 0
19 4 0
19 4 0
19 4 0
19 4 0
19 4 0
19 4 0
19 4 0
19 4 0
19 4 0
19 4 0
19 4 0
19 0 4
19 0 4
19 0 4
19 0 4
19 0 4
19 0 4
19 0 4
19 0 4
19 0 4
19 0 4
19 0 4
19 0 4
19 0 4
19 0 4
19 0 4
19 0 4
19 0 4
19 0 4
19 0 4
19 0 4
19 0 4
19 0 4
19 0 4
19 0 4
19 0 4
19 0 4
19 0 4
# estimated from=19, to=37, diff=71
20 -4 0
20 -4 0
20 -4 0
20 -4 0
20 -4 0
20 -4 0
20 -4 0
20 -4 0
20 -4 0
20 -4 0
20 -4 0
20 -4 0
20 -4 0
20 -4 0
20 -4 0
20 -4 0
20 -4 0
20 -4 0
20 -4 0
20 -4 0
20 -4 0
20 -4 0
20 -4 0
20 -4 0
20 -4 0
20 -4 0
20 -4 0
20 0 -4
20 0 -4
20 0 -4
20 0 -4
20 0 -4
20 0 -4
20 0 -4
20 0 -4
20 0 -4
20 0 -4
20 0 -4
20 0 -4
20 0 -4
20 0 -4
20 0 -4
20 0 -4
20 0 -4
20 0 -4
20 0 -4
20 0 -4
20 0 -4
20 0 -4
20 0 -4
20 0 -4
20 0 -4
20 0 -4
20 0 -4
20 4 0
20 4 0
20 4 0
20 4 0
20 4 0
20 4 0
20 4 0
20 4 0
20 4 0
20 4 0
20 4 0
20 4 0
20 4 0
20 4 0
20 4 0
20 4 0
20 4 0
20 4 0
20 4 0
20 4 0
20 4 0
20 4 0
20 4 0
20 4 0
20 4 0
20 4 0
20 4 0
20 0 4
20 0 4
20 0 4
20 0 4
20 0 4
20 0 4
20 0 4
20 0 4
20 0 4
20 0 4
20 0 4
20 0 4
20 0 4
20 0 4
20 0 4
20 0 4
20 0 4
20 0 4
20 0 4
20 0 4
20 0 4
20 0 4
20 0 4
20 0 4
20 0 4
20 0 4
20 0 4
# estimated from=20, to=2, diff=164
21 -4 0
21 -4 0
21 -4 0
21 -4 0
21 -4 0
21 -4 0
21 -4 0
21 -4 0
21 -4 0
21 -4 0
21 -4 0
21 -4 0
21 -4 0
21 -4 0
21 -4 0
21 -4 0
21 -4 0
21 -4 0
21 -4 0
21 -4 0
21 -4 0
21 -4 0
21 -4 0
21 -4 0
21 -4 0
21 -4 0
21 -4 0
21 0 -4
21 0 -4
21 0 -4
21 0 -4
21 0 -4
21 0 -4
21 0 -4
21 0 -4
21 0 -4
21 0 -4
21 0 -4
21 0 -4
21 0 -4
21 0 -4
21 0 -4
21 0 -4
21 0 -4
21 0 -4
21 0 -4
21 0 -4
21 0 -4
21 0 -4
21 0 -4
21 0 -4
21 0 -4
21 0 -4
21 0 -4
21 4 0
21 4 0
21 4 0
21 4 0
21 4 0
21 4 0
21 4 0
21 4 0
21 4 0
21 4 0
21 4 0
21 4 0
21 4 0
21 4 0
21 4 0
21 4 0
21 4 0
21 4 0
21 4 0
21 4 0
21 4 0
21 4 0
21 4 0
21 4 0
21 4 0
21 4 0
21 4 0
21 0 4
21 0 4
21 0 4
21 0 4
21 0 4
21 0 4
21 0 4
21 0 4
21 0 4
21 0 4
21 0 4
21 0 4
21 0 4
21 0 4
21 0 4
21 0 4
21 0 4
21 0 4
21 0 4
21 0 4
21 0 4
21 0 4
21 0 4
21 0 4
21 0 4
21 0 4
21 0 4
# estimated from=21, to=23, diff=215
22 -4 0
22 -4 0
22 -4 0
22 -4 0
22 -4 0
22 -4 0
22 -4 0
22 -4 0
22 -4 0
22 -4 0
22 -4 0
22 -4 0
22 -4 0
22 -4 0
22 -4 0
22 -4 0
22 -4 0
22 -4 0
22 -4 0
22 -4 0
22 -4 0
22 -4 0
22 -4 0
22 -4 0
22 -4 0
22 -4 0
22 -4 0
22 0 -4
22 0 -4
22 0 -4
22 0 -4
22 0 -4
22 0 -4
22 0 -4
22 0 -4
22 0 -4
22 0 -4
22 0 -4
22 0 -4
22 0 -4
22 0 -4
22 0 -4
22 0 -4
22 0 -4
22 0 -4
22 0 -4
22 0 -4
22 0 -4
22 0 -4
22 0 -4
22 0 -4
22 0 -4
22 0 -4
22 0 -4
22 4 0
22 4 0
22 4 0
22 4 0
22 4 0
22 4 0
22 4 0
22 4 0
22 4 0
22 4 0
22 4 0
22 4 0
22 4 0
22 4 0
22 4 0
22 4 0
22 4 0
22 4 0
22 4 0
22 4 0
22 4 0
22 4 0
22 4 0
22 4 0
22 4 0
22 4 0
22 4 0
22 0 4
22 0 4
22 0 4
22 0 4
22 0 4
22 0 4
22 0 4
22 0 4
22 0 4
22 0 4
22 0 4
22 0 4
22 0 4
22 0 4
22 0 4
22 0 4
22 0 4
22 0 4
22 0 4
22 0 4
22 0 4
22 0 4
22 0 4
22 0 4
22 0 4
22 0 4
22 0 4
# estimated from=22, to=55, diff=185
23 -4 0
23 -4 0
23 -4 0
23 -4 0
23 -4 0
23 -4 0
23 -4 0
23 -4 0
23 -4 0
23 -4 0
23 -4 0
23 -4 0
23 -4 0
23 -4 0
23 -4 0
23 -4 0
23 -4 0
23 -4 0
23 -4 0
23 -4 0
23 -4 0
23 -4 0
23 -4 0
23 -4 0
23 -4 0
23 -4 0
23 -4 0
23 0 -4
23 0 -4
23 0 -4
23 0 -4
23 0 -4
23 0 -4
23 0 -4
23 0 -4
23 0 -4
23 0 -4
23 0 -4
23 0 -4
23 0 -4
23 0 -4
23 0 -4
23 0 -4
23 0 -4
23 0 -4
23 0 -4
23 0 -4
23 0 -4
23 0 -4
23 0 -4
23 0 -4
23 0 -4
23 0 -4
23 0 -4
23 4 0
23 4 0
23 4 0
23 4 0
23 4 0
23 4 0
23 4 0
23 4 0
23 4 0
23 4 0
23 4 0
23 4 0
23 4 0
23 4 0
23 4 0
23 4 0
23 4 0
23 4 0
23 4 0
23 4 0
23 4 0
23 4 0
23 4 0
23 4 0
23 4 0
23 4 0
23 4 0
23 0 4
23 0 4
23 0 4
23 0 4
23 0 4
23 0 4
23 0 4
23 0 4
23 0 4
23 0 4
23 0 4
23 0 4
23 0 4
23 0 4
23 0 4
23 0 4
23 0 4
23 0 4
23 0 4
23 0 4
23 0 4
23 0 4
23 0 4
23 0 4
23 0 4
23 0 4
23 0 4
# estimated from=23, to=20, diff=107
24 -4 0
24 -4 0
24 -4 0
24 -4 0
24 -4 0
24 -4 0
24 -4 0
24 -4 0
24 -4 0
24 -4 0
24 -4 0
24 -4 0
24 -4 0
24 -4 0
24 -4 0
24 -4 0
24 -4 0
24 -4 0
24 -4 0
24 -4 0
24 -4 0
24 -4 0
24 -4 0
24 -4 0
24 -4 0
24 -4 0
24 -4 0
24 0 -4
24 0 -4
24 0 -4
24 0 -4
24 0 -4
24 0 -4
24 0 -4
24 0 -4
24 0 -4
24 0 -4
24 0 -4
24 0 -4
24 0 -4
24 0 -4
24 0 -4
24 0 -4
24 0 -4
24 0 -4
24 0 -4
24 0 -4
24 0 -4
24 0 -4
24 0 -4
24 0 -4
24 0 -4
24 0 -4
24 0 -4
24 4 0
24 4 0
24 4 0
24 4 0
24 4 0
24 4 0
24 4 0
24 4 0
24 4 0
24 4 0
24 4 0
24 4 0
24 4 0
24 4 0
24 4 0
24 4 0
24 4 0
24 4 0
24 4 0
24 4 0
24 4 0
24 4 0
24 4 0
24 4 0
24 4 0
24 4 0
24 4 0
24 0 4
24 0 4
24 0 4
24 0 4
24 0 4
24 0 4
24 0 4
24 0 4
24 0 4
24 0 4
24 0 4
24 0 4
24 0 4
24 0 4
24 0 4
24 0 4
24 0 4
24 0 4
24 0 4
24 0 4
24 0 4
24 0 4
24 0 4
24 0 4
24 0 4
24 0 4
24 0 4
# estimated from=24, to=19, diff=99
25 -4 0
25 -4 0
25 -4 0
25 -4 0
25 -4 0
25 -4 0
25 -4 0
25 -4 0
25 -4 0
25 -4 0
25 -4 0
25 -4 0
25 -4 0
25 -4 0
25 -4 0
25 -4 0
25 -4 0
25 -4 0
25 -4 0
25 -4 0
25 -4 0
25 -4 0
25 -4 0
25 -4 0
25 -4 0
25 -4 0
25 -4 0
25 0 -4
25 0 -4
25 0 -4
25 0 -4
25 0 -4
25 0 -4
25 0 -4
25 0 -4
25 0 -4
25 0 -4
25 0 -4
25 0 -4
25 0 -4
25 0 -4
25 0 -4
25 0 -4
25 0 -4
25 0 -4
25 0 -4
25 0 -4
25 0 -4
25 0 -4
25 0 -4
25 0 -4
25 0 -4
25 0 -4
25 0 -4
25 4 0
25 4 0
25 4 0
25 4 0
25 4 0
25 4 0
25 4 0
25 4 0
25 4 0
25 4 0
25 4 0
25 4 0
25 4 0
25 4 0
25 4 0
25 4 0
25 4 0
25 4 0
25 4 0
25 4 0
25 4 0
25 4 0
25 4 0
25 4 0
25 4 0
25 4 0
25 4 0
25 0 4
25 0 4
25 0 4
25 0 4
25 0 4
25 0 4
25 0 4
25 0 4
25 0 4
25 0 4
25 0 4
25 0 4
25 0 4
25 0 4
25 0 4
25 0 4
25 0 4
25 0 4
25 0 4
25 0 4
25 0 4
25 0 4
25 0 4
25 0 4
25 0 4
25 0 4
25 0 4
# estimated from=25, to=1, diff=165
26 -4 0
26 -4 0
26 -4 0
26 -4 0
26 -4 0
26 -4 0
26 -4 0
26 -4 0
26 -4 0
26 -4 0
26 -4 0
26 -4 0
26 -4 0
26 -4 0
26 -4 0
26 -4 0
26 -4 0
26 -4 0
26 -4 0
26 -4 0
26 -4 0
26 -4 0
26 -4 0
26 -4 0
26 -4 0
26 -4 0
26 -4 0
26 0 -4
26 0 -4
26 0 -4
26 0 -4
26 0 -4
26 0 -4
26 0 -4
26 0 -4
26 0 -4
26 0 -4
26 0 -4
26 0 -4
26 0 -4
26 0 -4
26 0 -4
26 0 -4
26 0 -4
26 0 -4
26 0 -4
26 0 -4
26 0 -4
26 0 -4
26 0 -4
26 0 -4
26 0 -4
26 0 -4
26 0 -4
26 4 0
26 4 0
26 4 0
26 4 0
26 4 0
26 4 0
26 4 0
26 4 0
26 4 0
26 4 0
26 4 0
26 4 0
26 4 0
26 4 0
26 4 0
26 4 0
26 4 0
26 4 0
26 4 0
26 4 0
26 4 0
26 4 0
26 4 0
26 4 0
26 4 0
26 4 0
26 4 0
26 0 4
26 0 4
26 0 4
26 0 4
26 0 4
26 0 4
26 0 4
26 0 4
26 0 4
26 0 4
26 0 4
26 0 4
26 0 4
26 0 4
26 0 4
26 0 4
26 0 4
26 0 4
26 0 4
26 0 4
26 0 4
26 0 4
26 0 4
26 0 4
26 0 4
26 0 4
26 0 4
# estimated from=26, to=39, diff=122
27 -4 0
27 -4 0
27 -4 0
27 -4 0
27 -4 0
27 -4 0
27 -4 0
27 -4 0
27 -4 0
27 -4 0
27 -4 0
27 -4 0
27 -4 0
27 -4 0
27 -4 0
27 -4 0
27 -4 0
27 -4 0
27 -4 0
27 -4 0
27 -4 0
27 -4 0
27 -4 0
27 -4 0
27 -4 0
27 -4 0
27 -4 0
27 0 -4
27 0 -4
27 0 -4
27 0 -4
27 0 -4
27 0 -4
27 0 -4
27 0 -4
27 0 -4
27 0 -4
27 0 -4
27 0 -4
27 0 -4
27 0 -4
27 0 -4
27 0 -4
27 0 -4
27 0 -4
27 0 -4
27 0 -4
27 0 -4
27 0 -4
27 0 -4
27 0 -4
27 0 -4
27 0 -4
27 0 -4
27 4 0
27 4 0
27 4 0
27 4 0
27 4 0
27 4 0
27 4 0
27 4 0
27 4 0
27 4 0
27 4 0
27 4 0
27 4 0
27 4 0
27 4 0
27 4 0
27 4 0
27 4 0
27 4 0
27 4 0
27 4 0
27 4 0
27 4 0
27 4 0
27 4 0
27 4 0
27 4 0
27 0 4
27 0 4
27 0 4
27 0 4
27 0 4
27 0 4
27 0 4
27 0 4
27 0 4
27 0 4
27 0 4
27 0 4
27 0 4
27 0 4
27 0 4
27 0 4
27 0 4
27 0 4
27 0 4
27 0 4
27 0 4
27 0 4
27 0 4
27 0 4
27 0 4
27 0 4
27 0 4
# estimated from=27, to=18, diff=80
28 -4 0
28 -4 0
28 -4 0
28 -4 0
28 -4 0
28 -4 0
28 -4 0
28 -4 0
28 -4 0
28 -4 0
28 -4 0
28 -4 0
28 -4 0
28 -4 0
28 -4 0
28 -4 0
28 -4 0
28 -4 0
28 -4 0
28 -4 0
28 -4 0
28 -4 0
28 -4 0
28 -4 0
28 -4 0
28 -4 0
28 -4 0
28 0 -4
28 0 -4
28 0 -4
28 0 -4
28 0 -4
28 0 -4
28 0 -4
28 0 -4
28 0 -4
28 0 -4
28 0 -4
28 0 -4
28 0 -4
28 0 -4
28 0 -4
28 0 -4
28 0 -4
28 0 -4
28 0 -4
28 0 -4
28 0 -4
28 0 -4
28 0 -4
28 0 -4
28 0 -4
28 0 -4
28 0 -4
28 4 0
28 4 0
28 4 0
28 4 0
28 4 0
28 4 0
28 4 0
28 4 0
28 4 0
28 4 0
28 4 0
28 4 0
28 4 0
28 4 0
28 4 0
28 4 0
28 4 0
28 4 0
28 4 0
28 4 0
28 4 0
28 4 0
28 4 0
28 4 0
28 4 0
28 4 0
28 4 0
28 0 4
28 0 4
28 0 4
28 0 4
28 0 4
28 0 4
28 0 4
28 0 4
28 0 4
28 0 4
28 0 4
28 0 4
28 0 4
28 0 4
28 0 4
28 0 4
28 0 4
28 0 4
28 0 4
28 0 4
28 0 4
28 0 4
28 0 4
28 0 4
28 0 4
28 0 4
28 0 4
# estimated from=28, to=30, diff=152
29 -4 0
29 -4 0
29 -4 0
29 -4 0
29 -4 0
29 -4 0
29 -4 0
29 -4 0
29 -4 0
29 -4 0
29 -4 0
29 -4 0
29 -4 0
29 -4 0
29 -4 0
29 -4 0
29 -4 0
29 -4 0
29 -4 0
29 -4 0
29 -4 0
29 -4 0
29 -4 0
29 -4 0
29 -4 0
29 -4 0
29 -4 0
29 0 -4
29 0 -4
29 0 -4
29 0 -4
29 0 -4
29 0 -4
29 0 -4
29 0 -4
29 0 -4
29 0 -4
29 0 -4
29 0 -4
29 0 -4
29 0 -4
29 0 -4
29 0 -4
29 0 -4
29 0 -4
29 0 -4
29 0 -4
29 0 -4
29 0 -4
29 0 -4
29 0 -4
29 0 -4
29 0 -4
29 0 -4
29 4 0
29 4 0
29 4 0
29 4 0
29 4 0
29 4 0
29 4 0
29 4 0
29 4 0
29 4 0
29 4 0
29 4 0
29 4 0
29 4 0
29 4 0
29 4 0
29 4 0
29 4 0
29 4 0
29 4 0
29 4 0
29 4 0
29 4 0
29 4 0
29 4 0
29 4 0
29 4 0
29 0 4
29 0 4
29 0 4
29 0 4
29 0 4
29 0 4
29 0 4
29 0 4
29 0 4
29 0 4
29 0 4
29 0 4
29 0 4
29 0 4
29 0 4
29 0 4
29 0 4
29 0 4
29 0 4
29 0 4
29 0 4
29 0 4
29 0 4
29 0 4
29 0 4
29 0 4
29 0 4
# estimated from=29, to=70, diff=141
30 -4 0
30 -4 0
30 -4 0
30 -4 0
30 -4 0
30 -4 0
30 -4 0
30 -4 0
30 -4 0
30 -4 0
30 -4 0
30 -4 0
30 -4 0
30 -4 0
30 -4 0
30 -4 0
30 -4 0
30 -4 0
30 -4 0
30 -4 0
30 -4 0
30 -4 0
30 -4 0
30 -4 0
30 -4 0
30 -4 0
30 -4 0
30 0 -4
30 0 -4
30 0 -4
30 0 -4
30 0 -4
30 0 -4
30 0 -4
30 0 -4
30 0 -4
30 0 -4
30 0 -4
30 0 -4
30 0 -4
30 0 -4
30 0 -4
30 0 -4
30 0 -4
30 0 -4
30 0 -4
30 0 -4
30 0 -4
30 0 -4
30 0 -4
30 0 -4
30 0 -4
30 0 -4
30 0 -4
30 4 0
30 4 0
30 4 0
30 4 0
30 4 0
30 4 0
30 4 0
30 4 0
30 4 0
30 4 0
30 4 0
30 4 0
30 4 0
30 4 0
30 4 0
30 4 0
30 4 0
30 4 0
30 4 0
30 4 0
30 4 0
30 4 0
30 4 0
30 4 0
30 4 0
30 4 0
30 4 0
30 0 4
30 0 4
30 0 4
30 0 4
30 0 4
30 0 4
30 0 4
30 0 4
30 0 4
30 0 4
30 0 4
30 0 4
30 0 4
30 0 4
30 0 4
30 0 4
30 0 4
30 0 4
30 0 4
30 0 4
30 0 4
30 0 4
30 0 4
30 0 4
30 0 4
30 0 4
30 0 4
# estimated from=30, to=72, diff=51
31 -4 0
31 -4 0
31 -4 0
31 -4 0
31 -4 0
31 -4 0
31 -4 0
31 -4 0
31 -4 0
31 -4 0
31 -4 0
31 -4 0
31 -4 0
31 -4 0
31 -4 0
31 -4 0
31 -4 0
31 -4 0
31 -4 0
31 -4 0
31 -4 0
31 -4 0
31 -4 0
31 -4 0
31 -4 0
31 -4 0
31 -4 0
31 0 -4
31 0 -4
31 0 -4
31 0 -4
31 0 -4
31 0 -4
31 0 -4
31 0 -4
31 0 -4
31 0 -4
31 0 -4
31 0 -4
31 0 -4
31 0 -4
31 0 -4
31 0 -4
31 0 -4
31 0 -4
31 0 -4
31 0 -4
31 0 -4
31 0 -4
31 0 -4
31 0 -4
31 0 -4
31 0 -4
31 0 -4
31 4 0
31 4 0
31 4 0
31 4 0
31 4 0
31 4 0
31 4 0
31 4 0
31 4 0
31 4 0
31 4 0
31 4 0
31 4 0
31 4 0
31 4 0
31 4 0
31 4 0
31 4 0
31 4 0
31 4 0
31 4 0
31 4 0
31 4 0
31 4 0
31 4 0
31 4 0
31 4 0
31 0 4
31 0 4
31 0 4
31 0 4
31 0 4
31 0 4
31 0 4
31 0 4
31 0 4
31 0 4
31 0 4
31 0 4
31 0 4
31 0 4
31 0 4
31 0 4
31 0 4
31 0 4
31 0 4
31 0 4
31 0 4
31 0 4
31 0 4
31 0 4
31 0 4
31 0 4
31 0 4
# estimated from=31, to=81, diff=102
32 -4 0
32 -4 0
32 -4 0
32 -4 0
32 -4 0
32 -4 0
32 -4 0
32 -4 0
32 -4 0
32 -4 0
32 -4 0
32 -4 0
32 -4 0
32 -4 0
32 -4 0
32 -4 0
32 -4 0
32 -4 0
32 -4 0
32 -4 0
32 -4 0
32 -4 0
32 -4 0
32 -4 0
32 -4 0
32 -4 0
32 -4 0
32 0 -4
32 0 -4
32 0 -4
32 0 -4
32 0 -4
32 0 -4
32 0 -4
32 0 -4
32 0 -4
32 0 -4
32 0 -4
32 0 -4
32 0 -4
32 0 -4
32 0 -4
32 0 -4
32 0 -4
32 0 -4
32 0 -4
32 0 -4
32 0 -4
32 0 -4
32 0 -4
32 0 -4
32 0 -4
32 0 -4
32 0 -4
32 4 0
32 4 0
32 4 0
32 4 0
32 4 0
32 4 0
32 4 0
32 4 0
32 4 0
32 4 0
32 4 0
32 4 0
32 4 0
32 4 0
32 4 0
32 4 0
32 4 0
32 4 0
32 4 0
32 4 0
32 4 0
32 4 0
32 4 0
32 4 0
32 4 0
32 4 0
32 4 0
32 0 4
32 0 4
32 0 4
32 0 4
32 0 4
32 0 4
32 0 4
32 0 4
32 0 4
32 0 4
32 0 4
32 0 4
32 0 4
32 0 4
32 0 4
32 0 4
32 0 4
32 0 4
32 0 4
32 0 4
32 0 4
32 0 4
32 0 4
32 0 4
32 0 4
32 0 4
32 0 4
# estimated from=32, to=40, diff=82
33 -4 0
33 -4 0
33 -4 0
33 -4 0
33 -4 0
33 -4 0
33 -4 0
33 -4 0
33 -4 0
33 -4 0
33 -4 0
33 -4 0
33 -4 0
33 -4 0
33 -4 0
33 -4 0
33 -4 0
33 -4 0
33 -4 0
33 -4 0
33 -4 0
33 -4 0
33 -4 0
33 -4 0
33 -4 0
33 -4 0
33 -4 0
33 0 -4
33 0 -4
33 0 -4
33 0 -4
33 0 -4
33 0 -4
33 0 -4
33 0 -4
33 0 -4
33 0 -4
33 0 -4
33 0 -4
33 0 -4
33 0 -4
33 0 -4
33 0 -4
33 0 -4
33 0 -4
33 0 -4
33 0 -4
33 0 -4
33 0 -4
33 0 -4
33 0 -4
33 0 -4
33 0 -4
33 0 -4
33 4 0
33 4 0
33 4 0
33 4 0
33 4 0
33 4 0
33 4 0
33 4 0
33 4 0
33 4 0
33 4 0
33 4 0
33 4 0
33 4 0
33 4 0
33 4 0
33 4 0
33 4 0
33 4 0
33 4 0
33 4 0
33 4 0
33 4 0
33 4 0
33 4 0
33 4 0
33 4 0
33 0 4
33 0 4
33 0 4
33 0 4
33 0 4
33 0 4
33 0 4
33 0 4
33 0 4
33 0 4
33 0 4
33 0 4
33 0 4
33 0 4
33 0 4
33 0 4
33 0 4
33 0 4
33 0 4
33 0 4
33 0 4
33 0 4
33 0 4
33 0 4
33 0 4
33 0 4
33 0 4
# estimated from=33, to=3, diff=91
34 -4 0
34 -4 0
34 -4 0
34 -4 0
34 -4 0
34 -4 0
34 -4 0
34 -4 0
34 -4 0
34 -4 0
34 -4 0
34 -4 0
34 -4 0
34 -4 0
34 -4 0
34 -4 0
34 -4 0
34 -4 0
34 -4 0
34 -4 0
34 -4 0
34 -4 0
34 -4 0
34 -4 0
34 -4 0
34 -4 0
34 -4 0
34 0 -4
34 0 -4
34 0 -4
34 0 -4
34 0 -4
34 0 -4
34 0 -4
34 0 -4
34 0 -4
34 0 -4
34 0 -4
34 0 -4
34 0 -4
34 0 -4
34 0 -4
34 0 -4
34 0 -4
34 0 -4
34 0 -4
34 0 -4
34 0 -4
34 0 -4
34 0 -4
34 0 -4
34 0 -4
34 0 -4
34 0 -4
34 4 0
34 4 0
34 4 0
34 4 0
34 4 0
34 4 0
34 4 0
34 4 0
34 4 0
34 4 0
34 4 0
34 4 0
34 4 0
34 4 0
34 4 0
34 4 0
34 4 0
34 4 0
34 4 0
34 4 0
34 4 0
34 4 0
34 4 0
34 4 0
34 4 0
34 4 0
34 4 0
34 0 4
34 0 4
34 0 4
34 0 4
34 0 4
34 0 4
34 0 4
34 0 4
34 0 4
34 0 4
34 0 4
34 0 4
34 0 4
34 0 4
34 0 4
34 0 4
34 0 4
34 0 4
34 0 4
34 0 4
34 0 4
34 0 4
34 0 4
34 0 4
34 0 4
34 0 4
34 0 4
# estimated from=34, to=2, diff=138
35 -4 0
35 -4 0
35 -4 0
35 -4 0
35 -4 0
35 -4 0
35 -4 0
35 -4 0
35 -4 0
35 -4 0
35 -4 0
35 -4 0
35 -4 0
35 -4 0
35 -4 0
35 -4 0
35 -4 0
35 -4 0
35 -4 0
35 -4 0
35 -4 0
35 -4 0
35 -4 0
35 -4 0
35 -4 0
35 -4 0
35 -4 0
35 0 -4
35 0 -4
35 0 -4
35 0 -4
35 0 -4
35 0 -4
35 0 -4
35 0 -4
35 0 -4
35 0 -4
35 0 -4
35 0 -4
35 0 -4
35 0 -4
35 0 -4
35 0 -4
35 0 -4
35 0 -4
35 0 -4
35 0 -4
35 0 -4
35 0 -4
35 0 -4
35 0 -4
35 0 -4
35 0 -4
35 0 -4
35 4 0
35 4 0
35 4 0
35 4 0
35 4 0
35 4 0
35 4 0
35 4 0
35 4 0
35 4 0
35 4 0
35 4 0
35 4 0
35 4 0
35 4 0
35 4 0
35 4 0
35 4 0
35 4 0
35 4 0
35 4 0
35 4 0
35 4 0
35 4 0
35 4 0
35 4 0
35 4 0
35 0 4
35 0 4
35 0 4
35 0 4
35 0 4
35 0 4
35 0 4
35 0 4
35 0 4
35 0 4
35 0 4
35 0 4
35 0 4
35 0 4
35 0 4
35 0 4
35 0 4
35 0 4
35 0 4
35 0 4
35 0 4
35 0 4
35 0 4
35 0 4
35 0 4
35 0 4
35 0 4
# estimated from=35, to=36, diff=97
36 -4 0
36 -4 0
36 -4 0
36 -4 0
36 -4 0
36 -4 0
36 -4 0
36 -4 0
36 -4 0
36 -4 0
36 -4 0
36 -4 0
36 -4 0
36 -4 0
36 -4 0
36 -4 0
36 -4 0
36 -4 0
36 -4 0
36 -4 0
36 -4 0
36 -4 0
36 -4 0
36 -4 0
36 -4 0
36 -4 0
36 -4 0
36 0 -4
36 0 -4
36 0 -4
36 0 -4
36 0 -4
36 0 -4
36 0 -4
36 0 -4
36 0 -4
36 0 -4
36 0 -4
36 0 -4
36 0 -4
36 0 -4
36 0 -4
36 0 -4
36 0 -4
36 0 -4
36 0 -4
36 0 -4
36 0 -4
36 0 -4
36 0 -4
36 0 -4
36 0 -4
36 0 -4
36 0 -4
36 4 0
36 4 0
36 4 0
36 4 0
36 4 0
36 4 0
36 4 0
36 4 0
36 4 0
36 4 0
36 4 0
36 4 0
36 4 0
36 4 0
36 4 0
36 4 0
36 4 0
36 4 0
36 4 0
36 4 0
36 4 0
36 4 0
36 4 0
36 4 0
36 4 0
36 4 0
36 4 0
36 0 4
36 0 4
36 0 4
36 0 4
36 0 4
36 0 4
36 0 4
36 0 4
36 0 4
36 0 4
36 0 4
36 0 4
36 0 4
36 0 4
36 0 4
36 0 4
36 0 4
36 0 4
36 0 4
36 0 4
36 0 4
36 0 4
36 0 4
36 0 4
36 0 4
36 0 4
36 0 4
# estimated from=36, to=58, diff=173
37 -4 0
37 -4 0
37 -4 0
37 -4 0
37 -4 0
37 -4 0
37 -4 0
37 -4 0
37 -4 0
37 -4 0
37 -4 0
37 -4 0
37 -4 0
37 -4 0
37 -4 0
37 -4 0
37 -4 0
37 -4 0
37 -4 0
37 -4 0
37 -4 0
37 -4 0
37 -4 0
37 -4 0
37 -4 0
37 -4 0
37 -4 0
37 0 -4
37 0 -4
37 0 -4
37 0 -4
37 0 -4
37 0 -4
37 0 -4
37 0 -4
37 0 -4
37 0 -4
37 0 -4
37 0 -4
37 0 -4
37 0 -4
37 0 -4
37 0 -4
37 0 -4
37 0 -4
37 0 -4
37 0 -4
37 0 -4
37 0 -4
37 0 -4
37 0 -4
37 0 -4
37 0 -4
37 0 -4
37 4 0
37 4 0
37 4 0
37 4 0
37 4 0
37 4 0
37 4 0
37 4 0
37 4 0
37 4 0
37 4 0
37 4 0
37 4 0
37 4 0
37 4 0
37 4 0
37 4 0
37 4 0
37 4 0
37 4 0
37 4 0
37 4 0
37 4 0
37 4 0
37 4 0
37 4 0
37 4 0
37 0 4
37 0 4
37 0 4
37 0 4
37 0 4
37 0 4
37 0 4
37 0 4
37 0 4
37 0 4
37 0 4
37 0 4
37 0 4
37 0 4
37 0 4
37 0 4
37 0 4
37 0 4
37 0 4
37 0 4
37 0 4
37 0 4
37 0 4
37 0 4
37 0 4
37 0 4
37 0 4
# estimated from=37, to=56, diff=106
38 -4 0
38 -4 0
38 -4 0
38 -4 0
38 -4 0
38 -4 0
38 -4 0
38 -4 0
38 -4 0
38 -4 0
38 -4 0
38 -4 0
38 -4 0
38 -4 0
38 -4 0
38 -4 0
38 -4 0
38 -4 0
38 -4 0
38 -4 0
38 -4 0
38 -4 0
38 -4 0
38 -4 0
38 -4 0
38 -4 0
38 -4 0
38 0 -4
38 0 -4
38 0 -4
38 0 -4
38 0 -4
38 0 -4
38 0 -4
38 0 -4
38 0 -4
38 0 -4
38 0 -4
38 0 -4
38 0 -4
38 0 -4
38 0 -4
38 0 -4
38 0 -4
38 0 -4
38 0 -4
38 0 -4
38 0 -4
38 0 -4
38 0 -4
38 0 -4
38 0 -4
38 0 -4
38 0 -4
38 4 0
38 4 0
38 4 0
38 4 0
38 4 0
38 4 0
38 4 0
38 4 0
38 4 0
38 4 0
38 4 0
38 4 0
38 4 0
38 4 0
38 4 0
38 4 0
38 4 0
38 4 0
38 4 0
38 4 0
38 4 0
38 4 0
38 4 0
38 4 0
38 4 0
38 4 0
38 4 0
38 0 4
38 0 4
38 0 4
38 0 4
38 0 4
38 0 4
38 0 4
38 0 4
38 0 4
38 0 4
38 0 4
38 0 4
38 0 4
38 0 4
38 0 4
38 0 4
38 0 4
38 0 4
38 0 4
38 0 4
38 0 4
38 0 4
38 0 4
38 0 4
38 0 4
38 0 4
38 0 4
# estimated from=38, to=12, diff=167
39 -4 0
39 -4 0
39 -4 0
39 -4 0
39 -4 0
39 -4 0
39 -4 0
39 -4 0
39 -4 0
39 -4 0
39 -4 0
39 -4 0
39 -4 0
39 -4 0
39 -4 0
39 -4 0
39 -4 0
39 -4 0
39 -4 0
39 -4 0
39 -4 0
39 -4 0
39 -4 0
39 -4 0
39 -4 0
39 -4 0
39 -4 0
39 0 -4
39 0 -4
39 0 -4
39 0 -4
39 0 -4
39 0 -4
39 0 -4
39 0 -4
39 0 -4
39 0 -4
39 0 -4
39 0 -4
39 0 -4
39 0 -4
39 0 -4
39 0 -4
39 0 -4
39 0 -4
39 0 -4
39 0 -4
39 0 -4
39 0 -4
39 0 -4
39 0 -4
39 0 -4
39 0 -4
39 0 -4
39 4 0
39 4 0
39 4 0
39 4 0
39 4 0
39 4 0
39 4 0
39 4 0
39 4 0
39 4 0
39 4 0
39 4 0
39 4 0
39 4 0
39 4 0
39 4 0
39 4 0
39 4 0
39 4 0
39 4 0
39 4 0
39 4 0
39 4 0
39 4 0
39 4 0
39 4 0
39 4 0
39 0 4
39 0 4
39 0 4
39 0 4
39 0 4
39 0 4
39 0 4
39 0 4
39 0 4
39 0 4
39 0 4
39 0 4
39 0 4
39 0 4
39 0 4
39 0 4
39 0 4
39 0 4
39 0 4
39 0 4
39 0 4
39 0 4
39 0 4
39 0 4
39 0 4
39 0 4
39 0 4
# estimated from=39, to=15, diff=141
40 -4 0
40 -4 0
40 -4 0
40 -4 0
40 -4 0
40 -4 0
40 -4 0
40 -4 0
40 -4 0
40 -4 0
40 -4 0
40 -4 0
40 -4 0
40 -4 0
40 -4 0
40 -4 0
40 -4 0
40 -4 0
40 -4 0
40 -4 0
40 -4 0
40 -4 0
40 -4 0
40 -4 0
40 -4 0
40 -4 0
40 -4 0
40 0 -4
40 0 -4
40 0 -4
40 0 -4
40 0 -4
40 0 -4
40 0 -4
40 0 -4
40 0 -4
40 0 -4
40 0 -4
40 0 -4
40 0 -4
40 0 -4
40 0 -4
40 0 -4
40 0 -4
40 0 -4
40 0 -4
40 0 -4
40 0 -4
40 0 -4
40 0 -4
40 0 -4
40 0 -4
40 0 -4
40 0 -4
40 4 0
40 4 0
40 4 0
40 4 0
40 4 0
40 4 0
40 4 0
40 4 0
40 4 0
40 4 0
40 4 0
40 4 0
40 4 0
40 4 0
40 4 0
40 4 0
40 4 0
40 4 0
40 4 0
40 4 0
40 4 0
40 4 0
40 4 0
40 4 0
40 4 0
40 4 0
40 4 0
40 0 4
40 0 4
40 0 4
40 0 4
40 0 4
40 0 4
40 0 4
40 0 4
40 0 4
40 0 4
40 0 4
40 0 4
40 0 4
40 0 4
40 0 4
40 0 4
40 0 4
40 0 4
40 0 4
40 0 4
40 0 4
40 0 4
40 0 4
40 0 4
40 0 4
40 0 4
40 0 4
# estimated from=40, to=85, diff=55
41 -4 0
41 -4 0
41 -4 0
41 -4 0
41 -4 0
41 -4 0
41 -4 0
41 -4 0
41 -4 0
41 -4 0
41 -4 0
41 -4 0
41 -4 0
41 -4 0
41 -4 0
41 -4 0
41 -4 0
41 -4 0
41 -4 0
41 -4 0
41 -4 0
41 -4 0
41 -4 0
41 -4 0
41 -4 0
41 -4 0
41 -4 0
41 0 -4
41 0 -4
41 0 -4
41 0 -4
41 0 -4
41 0 -4
41 0 -4
41 0 -4
41 0 -4
41 0 -4
41 0 -4
41 0 -4
41 0 -4
41 0 -4
41 0 -4
41 0 -4
41 0 -4
41 0 -4
41 0 -4
41 0 -4
41 0 -4
41 0 -4
41 0 -4
41 0 -4
41 0 -4
41 0 -4
41 0 -4
41 4 0
41 4 0
41 4 0
41 4 0
41 4 0
41 4 0
41 4 0
41 4 0
41 4 0
41 4 0
41 4 0
41 4 0
41 4 0
41 4 0
41 4 0
41 4 0
41 4 0
41 4 0
41 4 0
41 4 0
41 4 0
41 4 0
41 4 0
41 4 0
41 4 0
41 4 0
41 4 0
41 0 4
41 0 4
41 0 4
41 0 4
41 0 4
41 0 4
41 0 4
41 0 4
41 0 4
41 0 4
41 0 4
41 0 4
41 0 4
41 0 4
41 0 4
41 0 4
41 0 4
41 0 4
41 0 4
41 0 4
41 0 4
41 0 4
41 0 4
41 0 4
41 0 4
41 0 4
41 0 4
# estimated from=41, to=64, diff=67
42 -4 0
42 -4 0
42 -4 0
42 -4 0
42 -4 0
42 -4 0
42 -4 0
42 -4 0
42 -4 0
42 -4 0
42 -4 0
42 -4 0
42 -4 0
42 -4 0
42 -4 0
42 -4 0
42 -4 0
42 -4 0
42 -4 0
42 -4 0
42 -4 0
42 -4 0
42 -4 0
42 -4 0
42 -4 0
42 -4 0
42 -4 0
42 0 -4
42 0 -4
42 0 -4
42 0 -4
42 0 -4
42 0 -4
42 0 -4
42 0 -4
42 0 -4
42 0 -4
42 0 -4
42 0 -4
42 0 -4
42 0 -4
42 0 -4
42 0 -4
42 0 -4
42 0 -4
42 0 -4
42 0 -4
42 0 -4
42 0 -4
42 0 -4
42 0 -4
42 0 -4
42 0 -4
42 0 -4
42 4 0
42 4 0
42 4 0
42 4 0
42 4 0
42 4 0
42 4 0
42 4 0
42 4 0
42 4 0
42 4 0
42 4 0
42 4 0
42 4 0
42 4 0
42 4 0
42 4 0
42 4 0
42 4 0
42 4 0
42 4 0
42 4 0
42 4 0
42 4 0
42 4 0
42 4 0
42 4 0
42 0 4
42 0 4
42 0 4
42 0 4
42 0 4
42 0 4
42 0 4
42 0 4
42 0 4
42 0 4
42 0 4
42 0 4
42 0 4
42 0 4
42 0 4
42 0 4
42 0 4
42 0 4
42 0 4
42 0 4
42 0 4
42 0 4
42 0 4
42 0 4
42 0 4
42 0 4
42 0 4
# estimated from=42, to=65, diff=112
43 -4 0
43 -4 0
43 -4 0
43 -4 0
43 -4 0
43 -4 0
43 -4 0
43 -4 0
43 -4 0
43 -4 0
43 -4 0
43 -4 0
43 -4 0
43 -4 0
43 -4 0
43 -4 0
43 -4 0
43 -4 0
43 -4 0
43 -4 0
43 -4 0
43 -4 0
43 -4 0
43 -4 0
43 -4 0
43 -4 0
43 -4 0
43 0 -4
43 0 -4
43 0 -4
43 0 -4
43 0 -4
43 0 -4
43 0 -4
43 0 -4
43 0 -4
43 0 -4
43 0 -4
43 0 -4
43 0 -4
43 0 -4
43 0 -4
43 0 -4
43 0 -4
43 0 -4
43 0 -4
43 0 -4
43 0 -4
43 0 -4
43 0 -4
43 0 -4
43 0 -4
43 0 -4
43 0 -4
43 4 0
43 4 0
43 4 0
43 4 0
43 4 0
43 4 0
43 4 0
43 4 0
43 4 0
43 4 0
43 4 0
43 4 0
43 4 0
43 4 0
43 4 0
43 4 0
43 4 0
43 4 0
43 4 0
43 4 0
43 4 0
43 4 0
43 4 0
43 4 0
43 4 0
43 4 0
43 4 0
43 0 4
43 0 4
43 0 4
43 0 4
43 0 4
43 0 4
43 0 4
43 0 4
43 0 4
43 0 4
43 0 4
43 0 4
43 0 4
43 0 4
43 0 4
43 0 4
43 0 4
43 0 4
43 0 4
43 0 4
43 0 4
43 0 4
43 0 4
43 0 4
43 0 4
43 0 4
43 0 4
# estimated from=43, to=30, diff=106
44 -4 0
44 -4 0
44 -4 0
44 -4 0
44 -4 0
44 -4 0
44 -4 0
44 -4 0
44 -4 0
44 -4 0
44 -4 0
44 -4 0
44 -4 0
44 -4 0
44 -4 0
44 -4 0
44 -4 0
44 -4 0
44 -4 0
44 -4 0
44 -4 0
44 -4 0
44 -4 0
44 -4 0
44 -4 0
44 -4 0
44 -4 0
44 0 -4
44 0 -4
44 0 -4
44 0 -4
44 0 -4
44 0 -4
44 0 -4
44 0 -4
44 0 -4
44 0 -4
44 0 -4
44 0 -4
44 0 -4
44 0 -4
44 0 -4
44 0 -4
44 0 -4
44 0 -4
44 0 -4
44 0 -4
44 0 -4
44 0 -4
44 0 -4
44 0 -4
44 0 -4
44 0 -4
44 0 -4
44 4 0
44 4 0
44 4 0
44 4 0
44 4 0
44 4 0
44 4 0
44 4 0
44 4 0
44 4 0
44 4 0
44 4 0
44 4 0
44 4 0
44 4 0
44 4 0
44 4 0
44 4 0
44 4 0
44 4 0
44 4 0
44 4 0
44 4 0
44 4 0
44 4 0
44 4 0
44 4 0
44 0 4
44 0 4
44 0 4
44 0 4
44 0 4
44 0 4
44 0 4
44 0 4
44 0 4
44 0 4
44 0 4
44 0 4
44 0 4
44 0 4
44 0 4
44 0 4
44 0 4
44 0 4
44 0 4
44 0 4
44 0 4
44 0 4
44 0 4
44 0 4
44 0 4
44 0 4
44 0 4
# estimated from=44, to=28, diff=125
45 -4 0
45 -4 0
45 -4 0
45 -4 0
45 -4 0
45 -4 0
45 -4 0
45 -4 0
45 -4 0
45 -4 0
45 -4 0
45 -4 0
45 -4 0
45 -4 0
45 -4 0
45 -4 0
45 -4 0
45 -4 0
45 -4 0
45 -4 0
45 -4 0
45 -4 0
45 -4 0
45 -4 0
45 -4 0
45 -4 0
45 -4 0
45 0 -4
45 0 -4
45 0 -4
45 0 -4
45 0 -4
45 0 -4
45 0 -4
45 0 -4
45 0 -4
45 0 -4
45 0 -4
45 0 -4
45 0 -4
45 0 -4
45 0 -4
45 0 -4
45 0 -4
45 0 -4
45 0 -4
45 0 -4
45 0 -4
45 0 -4
45 0 -4
45 0 -4
45 0 -4
45 0 -4
45 0 -4
45 4 0
45 4 0
45 4 0
45 4 0
45 4 0
45 4 0
45 4 0
45 4 0
45 4 0
45 4 0
45 4 0
45 4 0
45 4 0
45 4 0
45 4 0
45 4 0
45 4 0
45 4 0
45 4 0
45 4 0
45 4 0
45 4 0
45 4 0
45 4 0
45 4 0
45 4 0
45 4 0
45 0 4
45 0 4
45 0 4
45 0 4
45 0 4
45 0 4
45 0 4
45 0 4
45 0 4
45 0 4
45 0 4
45 0 4
45 0 4
45 0 4
45 0 4
45 0 4
45 0 4
45 0 4
45 0 4
45 0 4
45 0 4
45 0 4
45 0 4
45 0 4
45 0 4
45 0 4
45 0 4
# estimated from=45, to=55, diff=157
46 -4 0
46 -4 0
46 -4 0
46 -4 0
46 -4 0
46 -4 0
46 -4 0
46 -4 0
46 -4 0
46 -4 0
46 -4 0
46 -4 0
46 -4 0
46 -4 0
46 -4 0
46 -4 0
46 -4 0
46 -4 0
46 -4 0
46 -4 0
46 -4 0
46 -4 0
46 -4 0
46 -4 0
46 -4 0
46 -4 0
46 -4 0
46 0 -4
46 0 -4
46 0 -4
46 0 -4
46 0 -4
46 0 -4
46 0 -4
46 0 -4
46 0 -4
46 0 -4
46 0 -4
46 0 -4
46 0 -4
46 0 -4
46 0 -4
46 0 -4
46 0 -4
46 0 -4
46 0 -4
46 0 -4
46 0 -4
46 0 -4
46 0 -4
46 0 -4
46 0 -4
46 0 -4
46 0 -4
46 4 0
46 4 0
46 4 0
46 4 0
46 4 0
46 4 0
46 4 0
46 4 0
46 4 0
46 4 0
46 4 0
46 4 0
46 4 0
46 4 0
46 4 0
46 4 0
46 4 0
46 4 0
46 4 0
46 4 0
46 4 0
46 4 0
46 4 0
46 4 0
46 4 0
46 4 0
46 4 0
46 0 4
46 0 4
46 0 4
46 0 4
46 0 4
46 0 4
46 0 4
46 0 4
46 0 4
46 0 4
46 0 4
46 0 4
46 0 4
46 0 4
46 0 4
46 0 4
46 0 4
46 0 4
46 0 4
46 0 4
46 0 4
46 0 4
46 0 4
46 0 4
46 0 4
46 0 4
46 0 4
# estimated from=46, to=15, diff=59
47 -4 0
47 -4 0
47 -4 0
47 -4 0
47 -4 0
47 -4 0
47 -4 0
47 -4 0
47 -4 0
47 -4 0
47 -4 0
47 -4 0
47 -4 0
47 -4 0
47 -4 0
47 -4 0
47 -4 0
47 -4 0
47 -4 0
47 -4 0
47 -4 0
47 -4 0
47 -4 0
47 -4 0
47 -4 0
47 -4 0
47 -4 0
47 0 -4
47 0 -4
47 0 -4
47 0 -4
47 0 -4
47 0 -4
47 0 -4
47 0 -4
47 0 -4
47 0 -4
47 0 -4
47 0 -4
47 0 -4
47 0 -4
47 0 -4
47 0 -4
47 0 -4
47 0 -4
47 0 -4
47 0 -4
47 0 -4
47 0 -4
47 0 -4
47 0 -4
47 0 -4
47 0 -4
47 0 -4
47 4 0
47 4 0
47 4 0
47 4 0
47 4 0
47 4 0
47 4 0
47 4 0
47 4 0
47 4 0
47 4 0
47 4 0
47 4 0
47 4 0
47 4 0
47 4 0
47 4 0
47 4 0
47 4 0
47 4 0
47 4 0
47 4 0
47 4 0
47 4 0
47 4 0
47 4 0
47 4 0
47 0 4
47 0 4
47 0 4
47 0 4
47 0 4
47 0 4
47 0 4
47 0 4
47 0 4
47 0 4
47 0 4
47 0 4
47 0 4
47 0 4
47 0 4
47 0 4
47 0 4
47 0 4
47 0 4
47 0 4
47 0 4
47 0 4
47 0 4
47 0 4
47 0 4
47 0 4
47 0 4
# estimated from=47, to=16, diff=127
48 -4 0
48 -4 0
48 -4 0
48 -4 0
48 -4 0
48 -4 0
48 -4 0
48 -4 0
48 -4 0
48 -4 0
48 -4 0
48 -4 0
48 -4 0
48 -4 0
48 -4 0
48 -4 0
48 -4 0
48 -4 0
48 -4 0
48 -4 0
48 -4 0
48 -4 0
48 -4 0
48 -4 0
48 -4 0
48 -4 0
48 -4 0
48 0 -4
48 0 -4
48 0 -4
48 0 -4
48 0 -4
48 0 -4
48 0 -4
48 0 -4
48 0 -4
48 0 -4
48 0 -4
48 0 -4
48 0 -4
48 0 -4
48 0 -4
48 0 -4
48 0 -4
48 0 -4
48 0 -4
48 0 -4
48 0 -4
48 0 -4
48 0 -4
48 0 -4
48 0 -4
48 0 -4
48 0 -4
48 4 0
48 4 0
48 4 0
48 4 0
48 4 0
48 4 0
48 4 0
48 4 0
48 4 0
48 4 0
48 4 0
48 4 0
48 4 0
48 4 0
48 4 0
48 4 0
48 4 0
48 4 0
48 4 0
48 4 0
48 4 0
48 4 0
48 4 0
48 4 0
48 4 0
48 4 0
48 4 0
48 0 4
48 0 4
48 0 4
48 0 4
48 0 4
48 0 4
48 0 4
48 0 4
48 0 4
48 0 4
48 0 4
48 0 4
48 0 4
48 0 4
48 0 4
48 0 4
48 0 4
48 0 4
48 0 4
48 0 4
48 0 4
48 0 4
48 0 4
48 0 4
48 0 4
48 0 4
48 0 4
# estimated from=48, to=35, diff=84
49 -4 0
49 -4 0
49 -4 0
49 -4 0
49 -4 0
49 -4 0
49 -4 0
49 -4 0
49 -4 0
49 -4 0
49 -4 0
49 -4 0
49 -4 0
49 -4 0
49 -4 0
49 -4 0
49 -4 0
49 -4 0
49 -4 0
49 -4 0
49 -4 0
49 -4 0
49 -4 0
49 -4 0
49 -4 0
49 -4 0
49 -4 0
49 0 -4
49 0 -4
49 0 -4
49 0 -4
49 0 -4
49 0 -4
49 0 -4
49 0 -4
49 0 -4
49 0 -4
49 0 -4
49 0 -4
49 0 -4
49 0 -4
49 0 -4
49 0 -4
49 0 -4
49 0 -4
49 0 -4
49 0 -4
49 0 -4
49 0 -4
49 0 -4
49 0 -4
49 0 -4
49 0 -4
49 0 -4
49 4 0
49 4 0
49 4 0
49 4 0
49 4 0
49 4 0
49 4 0
49 4 0
49 4 0
49 4 0
49 4 0
49 4 0
49 4 0
49 4 0
49 4 0
49 4 0
49 4 0
49 4 0
49 4 0
49 4 0
49 4 0
49 4 0
49 4 0
49 4 0
49 4 0
49 4 0
49 4 0
49 0 4
49 0 4
49 0 4
49 0 4
49 0 4
49 0 4
49 0 4
49 0 4
49 0 4
49 0 4
49 0 4
49 0 4
49 0 4
49 0 4
49 0 4
49 0 4
49 0 4
49 0 4
49 0 4
49 0 4
49 0 4
49 0 4
49 0 4
49 0 4
49 0 4
49 0 4
49 0 4
# estimated from=49, to=79, diff=95
50 -4 0
50 -4 0
50 -4 0
50 -4 0
50 -4 0
50 -4 0
50 -4 0
50 -4 0
50 -4 0
50 -4 0
50 -4 0
50 -4 0
50 -4 0
50 -4 0
50 -4 0
50 -4 0
50 -4 0
50 -4 0
50 -4 0
50 -4 0
50 -4 0
50 -4 0
50 -4 0
50 -4 0
50 -4 0
50 -4 0
50 -4 0
50 0 -4
50 0 -4
50 0 -4
50 0 -4
50 0 -4
50 0 -4
50 0 -4
50 0 -4
50 0 -4
50 0 -4
50 0 -4
50 0 -4
50 0 -4
50 0 -4
50 0 -4
50 0 -4
50 0 -4
50 0 -4
50 0 -4
50 0 -4
50 0 -4
50 0 -4
50 0 -4
50 0 -4
50 0 -4
50 0 -4
50 0 -4
50 4 0
50 4 0
50 4 0
50 4 0
50 4 0
50 4 0
50 4 0
50 4 0
50 4 0
50 4 0
50 4 0
50 4 0
50 4 0
50 4 0
50 4 0
50 4 0
50 4 0
50 4 0
50 4 0
50 4 0
50 4 0
50 4 0
50 4 0
50 4 0
50 4 0
50 4 0
50 4 0
50 0 4
50 0 4
50 0 4
50 0 4
50 0 4
50 0 4
50 0 4
50 0 4
50 0 4
50 0 4
50 0 4
50 0 4
50 0 4
50 0 4
50 0 4
50 0 4
50 0 4
50 0 4
50 0 4
50 0 4
50 0 4
50 0 4
50 0 4
50 0 4
50 0 4
50 0 4
50 0 4
# estimated from=50, to=32, diff=150
51 -4 0
51 -4 0
51 -4 0
51 -4 0
51 -4 0
51 -4 0
51 -4 0
51 -4 0
51 -4 0
51 -4 0
51 -4 0
51 -4 0
51 -4 0
51 -4 0
51 -4 0
51 -4 0
51 -4 0
51 -4 0
51 -4 0
51 -4 0
51 -4 0
51 -4 0
51 -4 0
51 -4 0
51 -4 0
51 -4 0
51 -4 0
51 0 -4
51 0 -4
51 0 -4
51 0 -4
51 0 -4
51 0 -4
51 0 -4
51 0 -4
51 0 -4
51 0 -4
51 0 -4
51 0 -4
51 0 -4
51 0 -4
51 0 -4
51 0 -4
51 0 -4
51 0 -4
51 0 -4
51 0 -4
51 0 -4
51 0 -4
51 0 -4
51 0 -4
51 0 -4
51 0 -4
51 0 -4
51 4 0
51 4 0
51 4 0
51 4 0
51 4 0
51 4 0
51 4 0
51 4 0
51 4 0
51 4 0
51 4 0
51 4 0
51 4 0
51 4 0
51 4 0
51 4 0
51 4 0
51 4 0
51 4 0
51 4 0
51 4 0
51 4 0
51 4 0
51 4 0
51 4 0
51 4 0
51 4 0
51 0 4
51 0 4
51 0 4
51 0 4
51 0 4
51 0 4
51 0 4
51 0 4
51 0 4
51 0 4
51 0 4
51 0 4
51 0 4
51 0 4
51 0 4
51 0 4
51 0 4
51 0 4
51 0 4
51 0 4
51 0 4
51 0 4
51 0 4
51 0 4
51 0 4
51 0 4
51 0 4
# estimated from=51, to=31, diff=169
52 -4 0
52 -4 0
52 -4 0
52 -4 0
52 -4 0
52 -4 0
52 -4 0
52 -4 0
52 -4 0
52 -4 0
52 -4 0
52 -4 0
52 -4 0
52 -4 0
52 -4 0
52 -4 0
52 -4 0
52 -4 0
52 -4 0
52 -4 0
52 -4 0
52 -4 0
52 -4 0
52 -4 0
52 -4 0
52 -4 0
52 -4 0
52 0 -4
52 0 -4
52 0 -4
52 0 -4
52 0 -4
52 0 -4
52 0 -4
52 0 -4
52 0 -4
52 0 -4
52 0 -4
52 0 -4
52 0 -4
52 0 -4
52 0 -4
52 0 -4
52 0 -4
52 0 -4
52 0 -4
52 0 -4
52 0 -4
52 0 -4
52 0 -4
52 0 -4
52 0 -4
52 0 -4
52 0 -4
52 4 0
52 4 0
52 4 0
52 4 0
52 4 0
52 4 0
52 4 0
52 4 0
52 4 0
52 4 0
52 4 0
52 4 0
52 4 0
52 4 0
52 4 0
52 4 0
52 4 0
52 4 0
52 4 0
52 4 0
52 4 0
52 4 0
52 4 0
52 4 0
52 4 0
52 4 0
52 4 0
52 0 4
52 0 4
52 0 4
52 0 4
52 0 4
52 0 4
52 0 4
52 0 4
52 0 4
52 0 4
52 0 4
52 0 4
52 0 4
52 0 4
52 0 4
52 0 4
52 0 4
52 0 4
52 0 4
52 0 4
52 0 4
52 0 4
52 0 4
52 0 4
52 0 4
52 0 4
52 0 4
# estimated from=52, to=42, diff=172
53 -4 0
53 -4 0
53 -4 0
53 -4 0
53 -4 0
53 -4 0
53 -4 0
53 -4 0
53 -4 0
53 -4 0
53 -4 0
53 -4 0
53 -4 0
53 -4 0
53 -4 0
53 -4 0
53 -4 0
53 -4 0
53 -4 0
53 -4 0
53 -4 0
53 -4 0
53 -4 0
53 -4 0
53 -4 0
53 -4 0
53 -4 0
53 0 -4
53 0 -4
53 0 -4
53 0 -4
53 0 -4
53 0 -4
53 0 -4
53 0 -4
53 0 -4
53 0 -4
53 0 -4
53 0 -4
53 0 -4
53 0 -4
53 0 -4
53 0 -4
53 0 -4
53 0 -4
53 0 -4
53 0 -4
53 0 -4
53 0 -4
53 0 -4
53 0 -4
53 0 -4
53 0 -4
53 0 -4
53 4 0
53 4 0
53 4 0
53 4 0
53 4 0
53 4 0
53 4 0
53 4 0
53 4 0
53 4 0
53 4 0
53 4 0
53 4 0
53 4 0
53 4 0
53 4 0
53 4 0
53 4 0
53 4 0
53 4 0
53 4 0
53 4 0
53 4 0
53 4 0
53 4 0
53 4 0
53 4 0
53 0 4
53 0 4
53 0 4
53 0 4
53 0 4
53 0 4
53 0 4
53 0 4
53 0 4
53 0 4
53 0 4
53 0 4
53 0 4
53 0 4
53 0 4
53 0 4
53 0 4
53 0 4
53 0 4
53 0 4
53 0 4
53 0 4
53 0 4
53 0 4
53 0 4
53 0 4
53 0 4
# estimated from=53, to=88, diff=148
54 -4 0
54 -4 0
54 -4 0
54 -4 0
54 -4 0
54 -4 0
54 -4 0
54 -4 0
54 -4 0
54 -4 0
54 -4 0
54 -4 0
54 -4 0
54 -4 0
54 -4 0
54 -4 0
54 -4 0
54 -4 0
54 -4 0
54 -4 0
54 -4 0
54 -4 0
54 -4 0
54 -4 0
54 -4 0
54 -4 0
54 -4 0
54 0 -4
54 0 -4
54 0 -4
54 0 -4
54 0 -4
54 0 -4
54 0 -4
54 0 -4
54 0 -4
54 0 -4
54 0 -4
54 0 -4
54 0 -4
54 0 -4
54 0 -4
54 0 -4
54 0 -4
54 0 -4
54 0 -4
54 0 -4
54 0 -4
54 0 -4
54 0 -4
54 0 -4
54 0 -4
54 0 -4
54 0 -4
54 4 0
54 4 0
54 4 0
54 4 0
54 4 0
54 4 0
54 4 0
54 4 0
54 4 0
54 4 0
54 4 0
54 4 0
54 4 0
54 4 0
54 4 0
54 4 0
54 4 0
54 4 0
54 4 0
54 4 0
54 4 0
54 4 0
54 4 0
54 4 0
54 4 0
54 4 0
54 4 0
54 0 4
54 0 4
54 0 4
54 0 4
54 0 4
54 0 4
54 0 4
54 0 4
54 0 4
54 0 4
54 0 4
54 0 4
54 0 4
54 0 4
54 0 4
54 0 4
54 0 4
54 0 4
54 0 4
54 0 4
54 0 4
54 0 4
54 0 4
54 0 4
54 0 4
54 0 4
54 0 4
# estimated from=54, to=11, diff=176
55 -4 0
55 -4 0
55 -4 0
55 -4 0
55 -4 0
55 -4 0
55 -4 0
55 -4 0
55 -4 0
55 -4 0
55 -4 0
55 -4 0
55 -4 0
55 -4 0
55 -4 0
55 -4 0
55 -4 0
55 -4 0
55 -4 0
55 -4 0
55 -4 0
55 -4 0
55 -4 0
55 -4 0
55 -4 0
55 -4 0
55 -4 0
55 0 -4
55 0 -4
55 0 -4
55 0 -4
55 0 -4
55 0 -4
55 0 -4
55 0 -4
55 0 -4
55 0 -4
55 0 -4
55 0 -4
55 0 -4
55 0 -4
55 0 -4
55 0 -4
55 0 -4
55 0 -4
55 0 -4
55 0 -4
55 0 -4
55 0 -4
55 0 -4
55 0 -4
55 0 -4
55 0 -4
55 0 -4
55 4 0
55 4 0
55 4 0
55 4 0
55 4 0
55 4 0
55 4 0
55 4 0
55 4 0
55 4 0
55 4 0
55 4 0
55 4 0
55 4 0
55 4 0
55 4 0
55 4 0
55 4 0
55 4 0
55 4 0
55 4 0
55 4 0
55 4 0
55 4 0
55 4 0
55 4 0
55 4 0
55 0 4
55 0 4
55 0 4
55 0 4
55 0 4
55 0 4
55 0 4
55 0 4
55 0 4
55 0 4
55 0 4
55 0 4
55 0 4
55 0 4
55 0 4
55 0 4
55 0 4
55 0 4
55 0 4
55 0 4
55 0 4
55 0 4
55 0 4
55 0 4
55 0 4
55 0 4
55 0 4
# estimated from=55, to=68, diff=101
56 -4 0
56 -4 0
56 -4 0
56 -4 0
56 -4 0
56 -4 0
56 -4 0
56 -4 0
56 -4 0
56 -4 0
56 -4 0
56 -4 0
56 -4 0
56 -4 0
56 -4 0
56 -4 0
56 -4 0
56 -4 0
56 -4 0
56 -4 0
56 -4 0
56 -4 0
56 -4 0
56 -4 0
56 -4 0
56 -4 0
56 -4 0
56 0 -4
56 0 -4
56 0 -4
56 0 -4
56 0 -4
56 0 -4
56 0 -4
56 0 -4
56 0 -4
56 0 -4
56 0 -4
56 0 -4
56 0 -4
56 0 -4
56 0 -4
56 0 -4
56 0 -4
56 0 -4
56 0 -4
56 0 -4
56 0 -4
56 0 -4
56 0 -4
56 0 -4
56 0 -4
56 0 -4
56 0 -4
56 4 0
56 4 0
56 4 0
56 4 0
56 4 0
56 4 0
56 4 0
56 4 0
56 4 0
56 4 0
56 4 0
56 4 0
56 4 0
56 4 0
56 4 0
56 4 0
56 4 0
56 4 0
56 4 0
56 4 0
56 4 0
56 4 0
56 4 0
56 4 0
56 4 0
56 4 0
56 4 0
56 0 4
56 0 4
56 0 4
56 0 4
56 0 4
56 0 4
56 0 4
56 0 4
56 0 4
56 0 4
56 0 4
56 0 4
56 0 4
56 0 4
56 0 4
56 0 4
56 0 4
56 0 4
56 0 4
56 0 4
56 0 4
56 0 4
56 0 4
56 0 4
56 0 4
56 0 4
56 0 4
# estimated from=56, to=26, diff=82
57 -4 0
57 -4 0
57 -4 0
57 -4 0
57 -4 0
57 -4 0
57 -4 0
57 -4 0
57 -4 0
57 -4 0
57 -4 0
57 -4 0
57 -4 0
57 -4 0
57 -4 0
57 -4 0
57 -4 0
57 -4 0
57 -4 0
57 -4 0
57 -4 0
57 -4 0
57 -4 0
57 -4 0
57 -4 0
57 -4 0
57 -4 0
57 0 -4
57 0 -4
57 0 -4
57 0 -4
57 0 -4
57 0 -4
57 0 -4
57 0 -4
57 0 -4
57 0 -4
57 0 -4
57 0 -4
57 0 -4
57 0 -4
57 0 -4
57 0 -4
57 0 -4
57 0 -4
57 0 -4
57 0 -4
57 0 -4
57 0 -4
57 0 -4
57 0 -4
57 0 -4
57 0 -4
57 0 -4
57 4 0
57 4 0
57 4 0
57 4 0
57 4 0
57 4 0
57 4 0
57 4 0
57 4 0
57 4 0
57 4 0
57 4 0
57 4 0
57 4 0
57 4 0
57 4 0
57 4 0
57 4 0
57 4 0
57 4 0
57 4 0
57 4 0
57 4 0
57 4 0
57 4 0
57 4 0
57 4 0
57 0 4
57 0 4
57 0 4
57 0 4
57 0 4
57 0 4
57 0 4
57 0 4
57 0 4
57 0 4
57 0 4
57 0 4
57 0 4
57 0 4
57 0 4
57 0 4
57 0 4
57 0 4
57 0 4
57 0 4
57 0 4
57 0 4
57 0 4
57 0 4
57 0 4
57 0 4
57 0 4
# estimated from=57, to=73, diff=75
58 -4 0
58 -4 0
58 -4 0
58 -4 0
58 -4 0
58 -4 0
58 -4 0
58 -4 0
58 -4 0
58 -4 0
58 -4 0
58 -4 0
58 -4 0
58 -4 0
58 -4 0
58 -4 0
58 -4 0
58 -4 0
58 -4 0
58 -4 0
58 -4 0
58 -4 0
58 -4 0
58 -4 0
58 -4 0
58 -4 0
58 -4 0
58 0 -4
58 0 -4
58 0 -4
58 0 -4
58 0 -4
58 0 -4
58 0 -4
58 0 -4
58 0 -4
58 0 -4
58 0 -4
58 0 -4
58 0 -4
58 0 -4
58 0 -4
58 0 -4
58 0 -4
58 0 -4
58 0 -4
58 0 -4
58 0 -4
58 0 -4
58 0 -4
58 0 -4
58 0 -4
58 0 -4
58 0 -4
58 4 0
58 4 0
58 4 0
58 4 0
58 4 0
58 4 0
58 4 0
58 4 0
58 4 0
58 4 0
58 4 0
58 4 0
58 4 0
58 4 0
58 4 0
58 4 0
58 4 0
58 4 0
58 4 0
58 4 0
58 4 0
58 4 0
58 4 0
58 4 0
58 4 0
58 4 0
58 4 0
58 0 4
58 0 4
58 0 4
58 0 4
58 0 4
58 0 4
58 0 4
58 0 4
58 0 4
58 0 4
58 0 4
58 0 4
58 0 4
58 0 4
58 0 4
58 0 4
58 0 4
58 0 4
58 0 4
58 0 4
58 0 4
58 0 4
58 0 4
58 0 4
58 0 4
58 0 4
58 0 4
# estimated from=58, to=74, diff=119
59 -4 0
59 -4 0
59 -4 0
59 -4 0
59 -4 0
59 -4 0
59 -4 0
59 -4 0
59 -4 0
59 -4 0
59 -4 0
59 -4 0
59 -4 0
59 -4 0
59 -4 0
59 -4 0
59 -4 0
59 -4 0
59 -4 0
59 -4 0
59 -4 0
59 -4 0
59 -4 0
59 -4 0
59 -4 0
59 -4 0
59 -4 0
59 0 -4
59 0 -4
59 0 -4
59 0 -4
59 0 -4
59 0 -4
59 0 -4
59 0 -4
59 0 -4
59 0 -4
59 0 -4
59 0 -4
59 0 -4
59 0 -4
59 0 -4
59 0 -4
59 0 -4
59 0 -4
59 0 -4
59 0 -4
59 0 -4
59 0 -4
59 0 -4
59 0 -4
59 0 -4
59 0 -4
59 0 -4
59 4 0
59 4 0
59 4 0
59 4 0
59 4 0
59 4 0
59 4 0
59 4 0
59 4 0
59 4 0
59 4 0
59 4 0
59 4 0
59 4 0
59 4 0
59 4 0
59 4 0
59 4 0
59 4 0
59 4 0
59 4 0
59 4 0
59 4 0
59 4 0
59 4 0
59 4 0
59 4 0
59 0 4
59 0 4
59 0 4
59 0 4
59 0 4
59 0 4
59 0 4
59 0 4
59 0 4
59 0 4
59 0 4
59 0 4
59 0 4
59 0 4
59 0 4
59 0 4
59 0 4
59 0 4
59 0 4
59 0 4
59 0 4
59 0 4
59 0 4
59 0 4
59 0 4
59 0 4
59 0 4
# estimated from=59, to=44, diff=45
60 -4 0
60 -4 0
60 -4 0
60 -4 0
60 -4 0
60 -4 0
60 -4 0
60 -4 0
60 -4 0
60 -4 0
60 -4 0
60 -4 0
60 -4 0
60 -4 0
60 -4 0
60 -4 0
60 -4 0
60 -4 0
60 -4 0
60 -4 0
60 -4 0
60 -4 0
60 -4 0
60 -4 0
60 -4 0
60 -4 0
60 -4 0
60 0 -4
60 0 -4
60 0 -4
60 0 -4
60 0 -4
60 0 -4
60 0 -4
60 0 -4
60 0 -4
60 0 -4
60 0 -4
60 0 -4
60 0 -4
60 0 -4
60 0 -4
60 0 -4
60 0 -4
60 0 -4
60 0 -4
60 0 -4
60 0 -4
60 0 -4
60 0 -4
60 0 -4
60 0 -4
60 0 -4
60 0 -4
60 4 0
60 4 0
60 4 0
60 4 0
60 4 0
60 4 0
60 4 0
60 4 0
60 4 0
60 4 0
60 4 0
60 4 0
60 4 0
60 4 0
60 4 0
60 4 0
60 4 0
60 4 0
60 4 0
60 4 0
60 4 0
60 4 0
60 4 0
60 4 0
60 4 0
60 4 0
60 4 0
60 0 4
60 0 4
60 0 4
60 0 4
60 0 4
60 0 4
60 0 4
60 0 4
60 0 4
60 0 4
60 0 4
60 0 4
60 0 4
60 0 4
60 0 4
60 0 4
60 0 4
60 0 4
60 0 4
60 0 4
60 0 4
60 0 4
60 0 4
60 0 4
60 0 4
60 0 4
60 0 4
# estimated from=60, to=61, diff=89
61 -4 0
61 -4 0
61 -4 0
61 -4 0
61 -4 0
61 -4 0
61 -4 0
61 -4 0
61 -4 0
61 -4 0
61 -4 0
61 -4 0
61 -4 0
61 -4 0
61 -4 0
61 -4 0
61 -4 0
61 -4 0
61 -4 0
61 -4 0
61 -4 0
61 -4 0
61 -4 0
61 -4 0
61 -4 0
61 -4 0
61 -4 0
61 0 -4
61 0 -4
61 0 -4
61 0 -4
61 0 -4
61 0 -4
61 0 -4
61 0 -4
61 0 -4
61 0 -4
61 0 -4
61 0 -4
61 0 -4
61 0 -4
61 0 -4
61 0 -4
61 0 -4
61 0 -4
61 0 -4
61 0 -4
61 0 -4
61 0 -4
61 0 -4
61 0 -4
61 0 -4
61 0 -4
61 0 -4
61 4 0
61 4 0
61 4 0
61 4 0
61 4 0
61 4 0
61 4 0
61 4 0
61 4 0
61 4 0
61 4 0
61 4 0
61 4 0
61 4 0
61 4 0
61 4 0
61 4 0
61 4 0
61 4 0
61 4 0
61 4 0
61 4 0
61 4 0
61 4 0
61 4 0
61 4 0
61 4 0
61 0 4
61 0 4
61 0 4
61 0 4
61 0 4
61 0 4
61 0 4
61 0 4
61 0 4
61 0 4
61 0 4
61 0 4
61 0 4
61 0 4
61 0 4
61 0 4
61 0 4
61 0 4
61 0 4
61 0 4
61 0 4
61 0 4
61 0 4
61 0 4
61 0 4
61 0 4
61 0 4
# estimated from=61, to=67, diff=94
62 -4 0
62 -4 0
62 -4 0
62 -4 0
62 -4 0
62 -4 0
62 -4 0
62 -4 0
62 -4 0
62 -4 0
62 -4 0
62 -4 0
62 -4 0
62 -4 0
62 -4 0
62 -4 0
62 -4 0
62 -4 0
62 -4 0
62 -4 0
62 -4 0
62 -4 0
62 -4 0
62 -4 0
62 -4 0
62 -4 0
62 -4 0
62 0 -4
62 0 -4
62 0 -4
62 0 -4
62 0 -4
62 0 -4
62 0 -4
62 0 -4
62 0 -4
62 0 -4
62 0 -4
62 0 -4
62 0 -4
62 0 -4
62 0 -4
62 0 -4
62 0 -4
62 0 -4
62 0 -4
62 0 -4
62 0 -4
62 0 -4
62 0 -4
62 0 -4
62 0 -4
62 0 -4
62 0 -4
62 4 0
62 4 0
62 4 0
62 4 0
62 4 0
62 4 0
62 4 0
62 4 0
62 4 0
62 4 0
62 4 0
62 4 0
62 4 0
62 4 0
62 4 0
62 4 0
62 4 0
62 4 0
62 4 0
62 4 0
62 4 0
62 4 0
62 4 0
62 4 0
62 4 0
62 4 0
62 4 0
62 0 4
62 0 4
62 0 4
62 0 4
62 0 4
62 0 4
62 0 4
62 0 4
62 0 4
62 0 4
62 0 4
62 0 4
62 0 4
62 0 4
62 0 4
62 0 4
62 0 4
62 0 4
62 0 4
62 0 4
62 0 4
62 0 4
62 0 4
62 0 4
62 0 4
62 0 4
62 0 4
# estimated from=62, to=71, diff=139
63 -4 0
63 -4 0
63 -4 0
63 -4 0
63 -4 0
63 -4 0
63 -4 0
63 -4 0
63 -4 0
63 -4 0
63 -4 0
63 -4 0
63 -4 0
63 -4 0
63 -4 0
63 -4 0
63 -4 0
63 -4 0
63 -4 0
63 -4 0
63 -4 0
63 -4 0
63 -4 0
63 -4 0
63 -4 0
63 -4 0
63 -4 0
63 0 -4
63 0 -4
63 0 -4
63 0 -4
63 0 -4
63 0 -4
63 0 -4
63 0 -4
63 0 -4
63 0 -4
63 0 -4
63 0 -4
63 0 -4
63 0 -4
63 0 -4
63 0 -4
63 0 -4
63 0 -4
63 0 -4
63 0 -4
63 0 -4
63 0 -4
63 0 -4
63 0 -4
63 0 -4
63 0 -4
63 0 -4
63 4 0
63 4 0
63 4 0
63 4 0
63 4 0
63 4 0
63 4 0
63 4 0
63 4 0
63 4 0
63 4 0
63 4 0
63 4 0
63 4 0
63 4 0
63 4 0
63 4 0
63 4 0
63 4 0
63 4 0
63 4 0
63 4 0
63 4 0
63 4 0
63 4 0
63 4 0
63 4 0
63 0 4
63 0 4
63 0 4
63 0 4
63 0 4
63 0 4
63 0 4
63 0 4
63 0 4
63 0 4
63 0 4
63 0 4
63 0 4
63 0 4
63 0 4
63 0 4
63 0 4
63 0 4
63 0 4
63 0 4
63 0 4
63 0 4
63 0 4
63 0 4
63 0 4
63 0 4
63 0 4
# estimated from=63, to=78, diff=31
64 -4 0
64 -4 0
64 -4 0
64 -4 0
64 -4 0
64 -4 0
64 -4 0
64 -4 0
64 -4 0
64 -4 0
64 -4 0
64 -4 0
64 -4 0
64 -4 0
64 -4 0
64 -4 0
64 -4 0
64 -4 0
64 -4 0
64 -4 0
64 -4 0
64 -4 0
64 -4 0
64 -4 0
64 -4 0
64 -4 0
64 -4 0
64 0 -4
64 0 -4
64 0 -4
64 0 -4
64 0 -4
64 0 -4
64 0 -4
64 0 -4
64 0 -4
64 0 -4
64 0 -4
64 0 -4
64 0 -4
64 0 -4
64 0 -4
64 0 -4
64 0 -4
64 0 -4
64 0 -4
64 0 -4
64 0 -4
64 0 -4
64 0 -4
64 0 -4
64 0 -4
64 0 -4
64 0 -4
64 4 0
64 4 0
64 4 0
64 4 0
64 4 0
64 4 0
64 4 0
64 4 0
64 4 0
64 4 0
64 4 0
64 4 0
64 4 0
64 4 0
64 4 0
64 4 0
64 4 0
64 4 0
64 4 0
64 4 0
64 4 0
64 4 0
64 4 0
64 4 0
64 4 0
64 4 0
64 4 0
64 0 4
64 0 4
64 0 4
64 0 4
64 0 4
64 0 4
64 0 4
64 0 4
64 0 4
64 0 4
64 0 4
64 0 4
64 0 4
64 0 4
64 0 4
64 0 4
64 0 4
64 0 4
64 0 4
64 0 4
64 0 4
64 0 4
64 0 4
64 0 4
64 0 4
64 0 4
64 0 4
# estimated from=64, to=14, diff=70
65 -4 0
65 -4 0
65 -4 0
65 -4 0
65 -4 0
65 -4 0
65 -4 0
65 -4 0
65 -4 0
65 -4 0
65 -4 0
65 -4 0
65 -4 0
65 -4 0
65 -4 0
65 -4 0
65 -4 0
65 -4 0
65 -4 0
65 -4 0
65 -4 0
65 -4 0
65 -4 0
65 -4 0
65 -4 0
65 -4 0
65 -4 0
65 0 -4
65 0 -4
65 0 -4
65 0 -4
65 0 -4
65 0 -4
65 0 -4
65 0 -4
65 0 -4
65 0 -4
65 0 -4
65 0 -4
65 0 -4
65 0 -4
65 0 -4
65 0 -4
65 0 -4
65 0 -4
65 0 -4
65 0 -4
65 0 -4
65 0 -4
65 0 -4
65 0 -4
65 0 -4
65 0 -4
65 0 -4
65 4 0
65 4 0
65 4 0
65 4 0
65 4 0
65 4 0
65 4 0
65 4 0
65 4 0
65 4 0
65 4 0
65 4 0
65 4 0
65 4 0
65 4 0
65 4 0
65 4 0
65 4 0
65 4 0
65 4 0
65 4 0
65 4 0
65 4 0
65 4 0
65 4 0
65 4 0
65 4 0
65 0 4
65 0 4
65 0 4
65 0 4
65 0 4
65 0 4
65 0 4
65 0 4
65 0 4
65 0 4
65 0 4
65 0 4
65 0 4
65 0 4
65 0 4
65 0 4
65 0 4
65 0 4
65 0 4
65 0 4
65 0 4
65 0 4
65 0 4
65 0 4
65 0 4
65 0 4
65 0 4
# estimated from=65, to=59, diff=77
66 -4 0
66 -4 0
66 -4 0
66 -4 0
66 -4 0
66 -4 0
66 -4 0
66 -4 0
66 -4 0
66 -4 0
66 -4 0
66 -4 0
66 -4 0
66 -4 0
66 -4 0
66 -4 0
66 -4 0
66 -4 0
66 -4 0
66 -4 0
66 -4 0
66 -4 0
66 -4 0
66 -4 0
66 -4 0
66 -4 0
66 -4 0
66 0 -4
66 0 -4
66 0 -4
66 0 -4
66 0 -4
66 0 -4
66 0 -4
66 0 -4
66 0 -4
66 0 -4
66 0 -4
66 0 -4
66 0 -4
66 0 -4
66 0 -4
66 0 -4
66 0 -4
66 0 -4
66 0 -4
66 0 -4
66 0 -4
66 0 -4
66 0 -4
66 0 -4
66 0 -4
66 0 -4
66 0 -4
66 4 0
66 4 0
66 4 0
66 4 0
66 4 0
66 4 0
66 4 0
66 4 0
66 4 0
66 4 0
66 4 0
66 4 0
66 4 0
66 4 0
66 4 0
66 4 0
66 4 0
66 4 0
66 4 0
66 4 0
66 4 0
66 4 0
66 4 0
66 4 0
66 4 0
66 4 0
66 4 0
66 0 4
66 0 4
66 0 4
66 0 4
66 0 4
66 0 4
66 0 4
66 0 4
66 0 4
66 0 4
66 0 4
66 0 4
66 0 4
66 0 4
66 0 4
66 0 4
66 0 4
66 0 4
66 0 4
66 0 4
66 0 4
66 0 4
66 0 4
66 0 4
66 0 4
66 0 4
66 0 4
# estimated from=66, to=35, diff=136
67 -4 0
67 -4 0
67 -4 0
67 -4 0
67 -4 0
67 -4 0
67 -4 0
67 -4 0
67 -4 0
67 -4 0
67 -4 0
67 -4 0
67 -4 0
67 -4 0
67 -4 0
67 -4 0
67 -4 0
67 -4 0
67 -4 0
67 -4 0
67 -4 0
67 -4 0
67 -4 0
67 -4 0
67 -4 0
67 -4 0
67 -4 0
67 0 -4
67 0 -4
67 0 -4
67 0 -4
67 0 -4
67 0 -4
67 0 -4
67 0 -4
67 0 -4
67 0 -4
67 0 -4
67 0 -4
67 0 -4
67 0 -4
67 0 -4
67 0 -4
67 0 -4
67 0 -4
67 0 -4
67 0 -4
67 0 -4
67 0 -4
67 0 -4
67 0 -4
67 0 -4
67 0 -4
67 0 -4
67 4 0
67 4 0
67 4 0
67 4 0
67 4 0
67 4 0
67 4 0
67 4 0
67 4 0
67 4 0
67 4 0
67 4 0
67 4 0
67 4 0
67 4 0
67 4 0
67 4 0
67 4 0
67 4 0
67 4 0
67 4 0
67 4 0
67 4 0
67 4 0
67 4 0
67 4 0
67 4 0
67 0 4
67 0 4
67 0 4
67 0 4
67 0 4
67 0 4
67 0 4
67 0 4
67 0 4
67 0 4
67 0 4
67 0 4
67 0 4
67 0 4
67 0 4
67 0 4
67 0 4
67 0 4
67 0 4
67 0 4
67 0 4
67 0 4
67 0 4
67 0 4
67 0 4
67 0 4
67 0 4
# estimated from=67, to=13, diff=159
68 -4 0
68 -4 0
68 -4 0
68 -4 0
68 -4 0
68 -4 0
68 -4 0
68 -4 0
68 -4 0
68 -4 0
68 -4 0
68 -4 0
68 -4 0
68 -4 0
68 -4 0
68 -4 0
68 -4 0
68 -4 0
68 -4 0
68 -4 0
68 -4 0
68 -4 0
68 -4 0
68 -4 0
68 -4 0
68 -4 0
68 -4 0
68 0 -4
68 0 -4
68 0 -4
68 0 -4
68 0 -4
68 0 -4
68 0 -4
68 0 -4
68 0 -4
68 0 -4
68 0 -4
68 0 -4
68 0 -4
68 0 -4
68 0 -4
68 0 -4
68 0 -4
68 0 -4
68 0 -4
68 0 -4
68 0 -4
68 0 -4
68 0 -4
68 0 -4
68 0 -4
68 0 -4
68 0 -4
68 4 0
68 4 0
68 4 0
68 4 0
68 4 0
68 4 0
68 4 0
68 4 0
68 4 0
68 4 0
68 4 0
68 4 0
68 4 0
68 4 0
68 4 0
68 4 0
68 4 0
68 4 0
68 4 0
68 4 0
68 4 0
68 4 0
68 4 0
68 4 0
68 4 0
68 4 0
68 4 0
68 0 4
68 0 4
68 0 4
68 0 4
68 0 4
68 0 4
68 0 4
68 0 4
68 0 4
68 0 4
68 0 4
68 0 4
68 0 4
68 0 4
68 0 4
68 0 4
68 0 4
68 0 4
68 0 4
68 0 4
68 0 4
68 0 4
68 0 4
68 0 4
68 0 4
68 0 4
68 0 4
# estimated from=68, to=46, diff=60
69 -4 0
69 -4 0
69 -4 0
69 -4 0
69 -4 0
69 -4 0
69 -4 0
69 -4 0
69 -4 0
69 -4 0
69 -4 0
69 -4 0
69 -4 0
69 -4 0
69 -4 0
69 -4 0
69 -4 0
69 -4 0
69 -4 0
69 -4 0
69 -4 0
69 -4 0
69 -4 0
69 -4 0
69 -4 0
69 -4 0
69 -4 0
69 0 -4
69 0 -4
69 0 -4
69 0 -4
69 0 -4
69 0 -4
69 0 -4
69 0 -4
69 0 -4
69 0 -4
69 0 -4
69 0 -4
69 0 -4
69 0 -4
69 0 -4
69 0 -4
69 0 -4
69 0 -4
69 0 -4
69 0 -4
69 0 -4
69 0 -4
69 0 -4
69 0 -4
69 0 -4
69 0 -4
69 0 -4
69 4 0
69 4 0
69 4 0
69 4 0
69 4 0
69 4 0
69 4 0
69 4 0
69 4 0
69 4 0
69 4 0
69 4 0
69 4 0
69 4 0
69 4 0
69 4 0
69 4 0
69 4 0
69 4 0
69 4 0
69 4 0
69 4 0
69 4 0
69 4 0
69 4 0
69 4 0
69 4 0
69 0 4
69 0 4
69 0 4
69 0 4
69 0 4
69 0 4
69 0 4
69 0 4
69 0 4
69 0 4
69 0 4
69 0 4
69 0 4
69 0 4
69 0 4
69 0 4
69 0 4
69 0 4
69 0 4
69 0 4
69 0 4
69 0 4
69 0 4
69 0 4
69 0 4
69 0 4
69 0 4
# estimated from=69, to=82, diff=147
70 -4 0
70 -4 0
70 -4 0
70 -4 0
70 -4 0
70 -4 0
70 -4 0
70 -4 0
70 -4 0
70 -4 0
70 -4 0
70 -4 0
70 -4 0
70 -4 0
70 -4 0
70 -4 0
70 -4 0
70 -4 0
70 -4 0
70 -4 0
70 -4 0
70 -4 0
70 -4 0
70 -4 0
70 -4 0
70 -4 0
70 -4 0
70 0 -4
70 0 -4
70 0 -4
70 0 -4
70 0 -4
70 0 -4
70 0 -4
70 0 -4
70 0 -4
70 0 -4
70 0 -4
70 0 -4
70 0 -4
70 0 -4
70 0 -4
70 0 -4
70 0 -4
70 0 -4
70 0 -4
70 0 -4
70 0 -4
70 0 -4
70 0 -4
70 0 -4
70 0 -4
70 0 -4
70 0 -4
70 4 0
70 4 0
70 4 0
70 4 0
70 4 0
70 4 0
70 4 0
70 4 0
70 4 0
70 4 0
70 4 0
70 4 0
70 4 0
70 4 0
70 4 0
70 4 0
70 4 0
70 4 0
70 4 0
70 4 0
70 4 0
70 4 0
70 4 0
70 4 0
70 4 0
70 4 0
70 4 0
70 0 4
70 0 4
70 0 4
70 0 4
70 0 4
70 0 4
70 0 4
70 0 4
70 0 4
70 0 4
70 0 4
70 0 4
70 0 4
70 0 4
70 0 4
70 0 4
70 0 4
70 0 4
70 0 4
70 0 4
70 0 4
70 0 4
70 0 4
70 0 4
70 0 4
70 0 4
70 0 4
# estimated from=70, to=75, diff=88
71 -4 0
71 -4 0
71 -4 0
71 -4 0
71 -4 0
71 -4 0
71 -4 0
71 -4 0
71 -4 0
71 -4 0
71 -4 0
71 -4 0
71 -4 0
71 -4 0
71 -4 0
71 -4 0
71 -4 0
71 -4 0
71 -4 0
71 -4 0
71 -4 0
71 -4 0
71 -4 0
71 -4 0
71 -4 0
71 -4 0
71 -4 0
71 0 -4
71 0 -4
71 0 -4
71 0 -4
71 0 -4
71 0 -4
71 0 -4
71 0 -4
71 0 -4
71 0 -4
71 0 -4
71 0 -4
71 0 -4
71 0 -4
71 0 -4
71 0 -4
71 0 -4
71 0 -4
71 0 -4
71 0 -4
71 0 -4
71 0 -4
71 0 -4
71 0 -4
71 0 -4
71 0 -4
71 0 -4
71 4 0
71 4 0
71 4 0
71 4 0
71 4 0
71 4 0
71 4 0
71 4 0
71 4 0
71 4 0
71 4 0
71 4 0
71 4 0
71 4 0
71 4 0
71 4 0
71 4 0
71 4 0
71 4 0
71 4 0
71 4 0
71 4 0
71 4 0
71 4 0
71 4 0
71 4 0
71 4 0
71 0 4
71 0 4
71 0 4
71 0 4
71 0 4
71 0 4
71 0 4
71 0 4
71 0 4
71 0 4
71 0 4
71 0 4
71 0 4
71 0 4
71 0 4
71 0 4
71 0 4
71 0 4
71 0 4
71 0 4
71 0 4
71 0 4
71 0 4
71 0 4
71 0 4
71 0 4
71 0 4
# estimated from=71, to=46, diff=65
72 -4 0
72 -4 0
72 -4 0
72 -4 0
72 -4 0
72 -4 0
72 -4 0
72 -4 0
72 -4 0
72 -4 0
72 -4 0
72 -4 0
72 -4 0
72 -4 0
72 -4 0
72 -4 0
72 -4 0
72 -4 0
72 -4 0
72 -4 0
72 -4 0
72 -4 0
72 -4 0
72 -4 0
72 -4 0
72 -4 0
72 -4 0
72 0 -4
72 0 -4
72 0 -4
72 0 -4
72 0 -4
72 0 -4
72 0 -4
72 0 -4
72 0 -4
72 0 -4
72 0 -4
72 0 -4
72 0 -4
72 0 -4
72 0 -4
72 0 -4
72 0 -4
72 0 -4
72 0 -4
72 0 -4
72 0 -4
72 0 -4
72 0 -4
72 0 -4
72 0 -4
72 0 -4
72 0 -4
72 4 0
72 4 0
72 4 0
72 4 0
72 4 0
72 4 0
72 4 0
72 4 0
72 4 0
72 4 0
72 4 0
72 4 0
72 4 0
72 4 0
72 4 0
72 4 0
72 4 0
72 4 0
72 4 0
72 4 0
72 4 0
72 4 0
72 4 0
72 4 0
72 4 0
72 4 0
72 4 0
72 0 4
72 0 4
72 0 4
72 0 4
72 0 4
72 0 4
72 0 4
72 0 4
72 0 4
72 0 4
72 0 4
72 0 4
72 0 4
72 0 4
72 0 4
72 0 4
72 0 4
72 0 4
72 0 4
72 0 4
72 0 4
72 0 4
72 0 4
72 0 4
72 0 4
72 0 4
72 0 4
# estimated from=72, to=63, diff=170
73 -4 0
73 -4 0
73 -4 0
73 -4 0
73 -4 0
73 -4 0
73 -4 0
73 -4 0
73 -4 0
73 -4 0
73 -4 0
73 -4 0
73 -4 0
73 -4 0
73 -4 0
73 -4 0
73 -4 0
73 -4 0
73 -4 0
73 -4 0
73 -4 0
73 -4 0
73 -4 0
73 -4 0
73 -4 0
73 -4 0
73 -4 0
73 0 -4
73 0 -4
73 0 -4
73 0 -4
73 0 -4
73 0 -4
73 0 -4
73 0 -4
73 0 -4
73 0 -4
73 0 -4
73 0 -4
73 0 -4
73 0 -4
73 0 -4
73 0 -4
73 0 -4
73 0 -4
73 0 -4
73 0 -4
73 0 -4
73 0 -4
73 0 -4
73 0 -4
73 0 -4
73 0 -4
73 0 -4
73 4 0
73 4 0
73 4 0
73 4 0
73 4 0
73 4 0
73 4 0
73 4 0
73 4 0
73 4 0
73 4 0
73 4 0
73 4 0
73 4 0
73 4 0
73 4 0
73 4 0
73 4 0
73 4 0
73 4 0
73 4 0
73 4 0
73 4 0
73 4 0
73 4 0
73 4 0
73 4 0
73 0 4
73 0 4
73 0 4
73 0 4
73 0 4
73 0 4
73 0 4
73 0 4
73 0 4
73 0 4
73 0 4
73 0 4
73 0 4
73 0 4
73 0 4
73 0 4
73 0 4
73 0 4
73 0 4
73 0 4
73 0 4
73 0 4
73 0 4
73 0 4
73 0 4
73 0 4
73 0 4
# estimated from=73, to=27, diff=63
74 -4 0
74 -4 0
74 -4 0
74 -4 0
74 -4 0
74 -4 0
74 -4 0
74 -4 0
74 -4 0
74 -4 0
74 -4 0
74 -4 0
74 -4 0
74 -4 0
74 -4 0
74 -4 0
74 -4 0
74 -4 0
74 -4 0
74 -4 0
74 -4 0
74 -4 0
74 -4 0
74 -4 0
74 -4 0
74 -4 0
74 -4 0
74 0 -4
74 0 -4
74 0 -4
74 0 -4
74 0 -4
74 0 -4
74 0 -4
74 0 -4
74 0 -4
74 0 -4
74 0 -4
74 0 -4
74 0 -4
74 0 -4
74 0 -4
74 0 -4
74 0 -4
74 0 -4
74 0 -4
74 0 -4
74 0 -4
74 0 -4
74 0 -4
74 0 -4
74 0 -4
74 0 -4
74 0 -4
74 4 0
74 4 0
74 4 0
74 4 0
74 4 0
74 4 0
74 4 0
74 4 0
74 4 0
74 4 0
74 4 0
74 4 0
74 4 0
74 4 0
74 4 0
74 4 0
74 4 0
74 4 0
74 4 0
74 4 0
74 4 0
74 4 0
74 4 0
74 4 0
74 4 0
74 4 0
74 4 0
74 0 4
74 0 4
74 0 4
74 0 4
74 0 4
74 0 4
74 0 4
74 0 4
74 0 4
74 0 4
74 0 4
74 0 4
74 0 4
74 0 4
74 0 4
74 0 4
74 0 4
74 0 4
74 0 4
74 0 4
74 0 4
74 0 4
74 0 4
74 0 4
74 0 4
74 0 4
74 0 4
# estimated from=74, to=57, diff=56
75 -4 0
75 -4 0
75 -4 0
75 -4 0
75 -4 0
75 -4 0
75 -4 0
75 -4 0
75 -4 0
75 -4 0
75 -4 0
75 -4 0
75 -4 0
75 -4 0
75 -4 0
75 -4 0
75 -4 0
75 -4 0
75 -4 0
75 -4 0
75 -4 0
75 -4 0
75 -4 0
75 -4 0
75 -4 0
75 -4 0
75 -4 0
75 0 -4
75 0 -4
75 0 -4
75 0 -4
75 0 -4
75 0 -4
75 0 -4
75 0 -4
75 0 -4
75 0 -4
75 0 -4
75 0 -4
75 0 -4
75 0 -4
75 0 -4
75 0 -4
75 0 -4
75 0 -4
75 0 -4
75 0 -4
75 0 -4
75 0 -4
75 0 -4
75 0 -4
75 0 -4
75 0 -4
75 0 -4
75 4 0
75 4 0
75 4 0
75 4 0
75 4 0
75 4 0
75 4 0
75 4 0
75 4 0
75 4 0
75 4 0
75 4 0
75 4 0
75 4 0
75 4 0
75 4 0
75 4 0
75 4 0
75 4 0
75 4 0
75 4 0
75 4 0
75 4 0
75 4 0
75 4 0
75 4 0
75 4 0
75 0 4
75 0 4
75 0 4
75 0 4
75 0 4
75 0 4
75 0 4
75 0 4
75 0 4
75 0 4
75 0 4
75 0 4
75 0 4
75 0 4
75 0 4
75 0 4
75 0 4
75 0 4
75 0 4
75 0 4
75 0 4
75 0 4
75 0 4
75 0 4
75 0 4
75 0 4
75 0 4
# estimated from=75, to=69, diff=119
76 -4 0
76 -4 0
76 -4 0
76 -4 0
76 -4 0
76 -4 0
76 -4 0
76 -4 0
76 -4 0
76 -4 0
76 -4 0
76 -4 0
76 -4 0
76 -4 0
76 -4 0
76 -4 0
76 -4 0
76 -4 0
76 -4 0
76 -4 0
76 -4 0
76 -4 0
76 -4 0
76 -4 0
76 -4 0
76 -4 0
76 -4 0
76 0 -4
76 0 -4
76 0 -4
76 0 -4
76 0 -4
76 0 -4
76 0 -4
76 0 -4
76 0 -4
76 0 -4
76 0 -4
76 0 -4
76 0 -4
76 0 -4
76 0 -4
76 0 -4
76 0 -4
76 0 -4
76 0 -4
76 0 -4
76 0 -4
76 0 -4
76 0 -4
76 0 -4
76 0 -4
76 0 -4
76 0 -4
76 4 0
76 4 0
76 4 0
76 4 0
76 4 0
76 4 0
76 4 0
76 4 0
76 4 0
76 4 0
76 4 0
76 4 0
76 4 0
76 4 0
76 4 0
76 4 0
76 4 0
76 4 0
76 4 0
76 4 0
76 4 0
76 4 0
76 4 0
76 4 0
76 4 0
76 4 0
76 4 0
76 0 4
76 0 4
76 0 4
76 0 4
76 0 4
76 0 4
76 0 4
76 0 4
76 0 4
76 0 4
76 0 4
76 0 4
76 0 4
76 0 4
76 0 4
76 0 4
76 0 4
76 0 4
76 0 4
76 0 4
76 0 4
76 0 4
76 0 4
76 0 4
76 0 4
76 0 4
76 0 4
# estimated from=76, to=25, diff=127
77 -4 0
77 -4 0
77 -4 0
77 -4 0
77 -4 0
77 -4 0
77 -4 0
77 -4 0
77 -4 0
77 -4 0
77 -4 0
77 -4 0
77 -4 0
77 -4 0
77 -4 0
77 -4 0
77 -4 0
77 -4 0
77 -4 0
77 -4 0
77 -4 0
77 -4 0
77 -4 0
77 -4 0
77 -4 0
77 -4 0
77 -4 0
77 0 -4
77 0 -4
77 0 -4
77 0 -4
77 0 -4
77 0 -4
77 0 -4
77 0 -4
77 0 -4
77 0 -4
77 0 -4
77 0 -4
77 0 -4
77 0 -4
77 0 -4
77 0 -4
77 0 -4
77 0 -4
77 0 -4
77 0 -4
77 0 -4
77 0 -4
77 0 -4
77 0 -4
77 0 -4
77 0 -4
77 0 -4
77 4 0
77 4 0
77 4 0
77 4 0
77 4 0
77 4 0
77 4 0
77 4 0
77 4 0
77 4 0
77 4 0
77 4 0
77 4 0
77 4 0
77 4 0
77 4 0
77 4 0
77 4 0
77 4 0
77 4 0
77 4 0
77 4 0
77 4 0
77 4 0
77 4 0
77 4 0
77 4 0
77 0 4
77 0 4
77 0 4
77 0 4
77 0 4
77 0 4
77 0 4
77 0 4
77 0 4
77 0 4
77 0 4
77 0 4
77 0 4
77 0 4
77 0 4
77 0 4
77 0 4
77 0 4
77 0 4
77 0 4
77 0 4
77 0 4
77 0 4
77 0 4
77 0 4
77 0 4
77 0 4
# estimated from=77, to=78, diff=79
78 -4 0
78 -4 0
78 -4 0
78 -4 0
78 -4 0
78 -4 0
78 -4 0
78 -4 0
78 -4 0
78 -4 0
78 -4 0
78 -4 0
78 -4 0
78 -4 0
78 -4 0
78 -4 0
78 -4 0
78 -4 0
78 -4 0
78 -4 0
78 -4 0
78 -4 0
78 -4 0
78 -4 0
78 -4 0
78 -4 0
78 -4 0
78 0 -4
78 0 -4
78 0 -4
78 0 -4
78 0 -4
78 0 -4
78 0 -4
78 0 -4
78 0 -4
78 0 -4
78 0 -4
78 0 -4
78 0 -4
78 0 -4
78 0 -4
78 0 -4
78 0 -4
78 0 -4
78 0 -4
78 0 -4
78 0 -4
78 0 -4
78 0 -4
78 0 -4
78 0 -4
78 0 -4
78 0 -4
78 4 0
78 4 0
78 4 0
78 4 0
78 4 0
78 4 0
78 4 0
78 4 0
78 4 0
78 4 0
78 4 0
78 4 0
78 4 0
78 4 0
78 4 0
78 4 0
78 4 0
78 4 0
78 4 0
78 4 0
78 4 0
78 4 0
78 4 0
78 4 0
78 4 0
78 4 0
78 4 0
78 0 4
78 0 4
78 0 4
78 0 4
78 0 4
78 0 4
78 0 4
78 0 4
78 0 4
78 0 4
78 0 4
78 0 4
78 0 4
78 0 4
78 0 4
78 0 4
78 0 4
78 0 4
78 0 4
78 0 4
78 0 4
78 0 4
78 0 4
78 0 4
78 0 4
78 0 4
78 0 4
# estimated from=78, to=47, diff=143
79 -4 0
79 -4 0
79 -4 0
79 -4 0
79 -4 0
79 -4 0
79 -4 0
79 -4 0
79 -4 0
79 -4 0
79 -4 0
79 -4 0
79 -4 0
79 -4 0
79 -4 0
79 -4 0
79 -4 0
79 -4 0
79 -4 0
79 -4 0
79 -4 0
79 -4 0
79 -4 0
79 -4 0
79 -4 0
79 -4 0
79 -4 0
79 0 -4
79 0 -4
79 0 -4
79 0 -4
79 0 -4
79 0 -4
79 0 -4
79 0 -4
79 0 -4
79 0 -4
79 0 -4
79 0 -4
79 0 -4
79 0 -4
79 0 -4
79 0 -4
79 0 -4
79 0 -4
79 0 -4
79 0 -4
79 0 -4
79 0 -4
79 0 -4
79 0 -4
79 0 -4
79 0 -4
79 0 -4
79 4 0
79 4 0
79 4 0
79 4 0
79 4 0
79 4 0
79 4 0
79 4 0
79 4 0
79 4 0
79 4 0
79 4 0
79 4 0
79 4 0
79 4 0
79 4 0
79 4 0
79 4 0
79 4 0
79 4 0
79 4 0
79 4 0
79 4 0
79 4 0
79 4 0
79 4 0
79 4 0
79 0 4
79 0 4
79 0 4
79 0 4
79 0 4
79 0 4
79 0 4
79 0 4
79 0 4
79 0 4
79 0 4
79 0 4
79 0 4
79 0 4
79 0 4
79 0 4
79 0 4
79 0 4
79 0 4
79 0 4
79 0 4
79 0 4
79 0 4
79 0 4
79 0 4
79 0 4
79 0 4
# estimated from=79, to=52, diff=108
80 -4 0
80 -4 0
80 -4 0
80 -4 0
80 -4 0
80 -4 0
80 -4 0
80 -4 0
80 -4 0
80 -4 0
80 -4 0
80 -4 0
80 -4 0
80 -4 0
80 -4 0
80 -4 0
80 -4 0
80 -4 0
80 -4 0
80 -4 0
80 -4 0
80 -4 0
80 -4 0
80 -4 0
80 -4 0
80 -4 0
80 -4 0
80 0 -4
80 0 -4
80 0 -4
80 0 -4
80 0 -4
80 0 -4
80 0 -4
80 0 -4
80 0 -4
80 0 -4
80 0 -4
80 0 -4
80 0 -4
80 0 -4
80 0 -4
80 0 -4
80 0 -4
80 0 -4
80 0 -4
80 0 -4
80 0 -4
80 0 -4
80 0 -4
80 0 -4
80 0 -4
80 0 -4
80 0 -4
80 4 0
80 4 0
80 4 0
80 4 0
80 4 0
80 4 0
80 4 0
80 4 0
80 4 0
80 4 0
80 4 0
80 4 0
80 4 0
80 4 0
80 4 0
80 4 0
80 4 0
80 4 0
80 4 0
80 4 0
80 4 0
80 4 0
80 4 0
80 4 0
80 4 0
80 4 0
80 4 0
80 0 4
80 0 4
80 0 4
80 0 4
80 0 4
80 0 4
80 0 4
80 0 4
80 0 4
80 0 4
80 0 4
80 0 4
80 0 4
80 0 4
80 0 4
80 0 4
80 0 4
80 0 4
80 0 4
80 0 4
80 0 4
80 0 4
80 0 4
80 0 4
80 0 4
80 0 4
80 0 4
# estimated from=80, to=38, diff=55
81 -4 0
81 -4 0
81 -4 0
81 -4 0
81 -4 0
81 -4 0
81 -4 0
81 -4 0
81 -4 0
81 -4 0
81 -4 0
81 -4 0
81 -4 0
81 -4 0
81 -4 0
81 -4 0
81 -4 0
81 -4 0
81 -4 0
81 -4 0
81 -4 0
81 -4 0
81 -4 0
81 -4 0
81 -4 0
81 -4 0
81 -4 0
81 0 -4
81 0 -4
81 0 -4
81 0 -4
81 0 -4
81 0 -4
81 0 -4
81 0 -4
81 0 -4
81 0 -4
81 0 -4
81 0 -4
81 0 -4
81 0 -4
81 0 -4
81 0 -4
81 0 -4
81 0 -4
81 0 -4
81 0 -4
81 0 -4
81 0 -4
81 0 -4
81 0 -4
81 0 -4
81 0 -4
81 0 -4
81 4 0
81 4 0
81 4 0
81 4 0
81 4 0
81 4 0
81 4 0
81 4 0
81 4 0
81 4 0
81 4 0
81 4 0
81 4 0
81 4 0
81 4 0
81 4 0
81 4 0
81 4 0
81 4 0
81 4 0
81 4 0
81 4 0
81 4 0
81 4 0
81 4 0
81 4 0
81 4 0
81 0 4
81 0 4
81 0 4
81 0 4
81 0 4
81 0 4
81 0 4
81 0 4
81 0 4
81 0 4
81 0 4
81 0 4
81 0 4
81 0 4
81 0 4
81 0 4
81 0 4
81 0 4
81 0 4
81 0 4
81 0 4
81 0 4
81 0 4
81 0 4
81 0 4
81 0 4
81 0 4
# estimated from=81, to=54, diff=101
82 -4 0
82 -4 0
82 -4 0
82 -4 0
82 -4 0
82 -4 0
82 -4 0
82 -4 0
82 -4 0
82 -4 0
82 -4 0
82 -4 0
82 -4 0
82 -4 0
82 -4 0
82 -4 0
82 -4 0
82 -4 0
82 -4 0
82 -4 0
82 -4 0
82 -4 0
82 -4 0
82 -4 0
82 -4 0
82 -4 0
82 -4 0
82 0 -4
82 0 -4
82 0 -4
82 0 -4
82 0 -4
82 0 -4
82 0 -4
82 0 -4
82 0 -4
82 0 -4
82 0 -4
82 0 -4
82 0 -4
82 0 -4
82 0 -4
82 0 -4
82 0 -4
82 0 -4
82 0 -4
82 0 -4
82 0 -4
82 0 -4
82 0 -4
82 0 -4
82 0 -4
82 0 -4
82 0 -4
82 4 0
82 4 0
82 4 0
82 4 0
82 4 0
82 4 0
82 4 0
82 4 0
82 4 0
82 4 0
82 4 0
82 4 0
82 4 0
82 4 0
82 4 0
82 4 0
82 4 0
82 4 0
82 4 0
82 4 0
82 4 0
82 4 0
82 4 0
82 4 0
82 4 0
82 4 0
82 4 0
82 0 4
82 0 4
82 0 4
82 0 4
82 0 4
82 0 4
82 0 4
82 0 4
82 0 4
82 0 4
82 0 4
82 0 4
82 0 4
82 0 4
82 0 4
82 0 4
82 0 4
82 0 4
82 0 4
82 0 4
82 0 4
82 0 4
82 0 4
82 0 4
82 0 4
82 0 4
82 0 4
# estimated from=82, to=80, diff=149
83 -4 0
83 -4 0
83 -4 0
83 -4 0
83 -4 0
83 -4 0
83 -4 0
83 -4 0
83 -4 0
83 -4 0
83 -4 0
83 -4 0
83 -4 0
83 -4 0
83 -4 0
83 -4 0
83 -4 0
83 -4 0
83 -4 0
83 -4 0
83 -4 0
83 -4 0
83 -4 0
83 -4 0
83 -4 0
83 -4 0
83 -4 0
83 0 -4
83 0 -4
83 0 -4
83 0 -4
83 0 -4
83 0 -4
83 0 -4
83 0 -4
83 0 -4
83 0 -4
83 0 -4
83 0 -4
83 0 -4
83 0 -4
83 0 -4
83 0 -4
83 0 -4
83 0 -4
83 0 -4
83 0 -4
83 0 -4
83 0 -4
83 0 -4
83 0 -4
83 0 -4
83 0 -4
83 0 -4
83 4 0
83 4 0
83 4 0
83 4 0
83 4 0
83 4 0
83 4 0
83 4 0
83 4 0
83 4 0
83 4 0
83 4 0
83 4 0
83 4 0
83 4 0
83 4 0
83 4 0
83 4 0
83 4 0
83 4 0
83 4 0
83 4 0
83 4 0
83 4 0
83 4 0
83 4 0
83 4 0
83 0 4
83 0 4
83 0 4
83 0 4
83 0 4
83 0 4
83 0 4
83 0 4
83 0 4
83 0 4
83 0 4
83 0 4
83 0 4
83 0 4
83 0 4
83 0 4
83 0 4
83 0 4
83 0 4
83 0 4
83 0 4
83 0 4
83 0 4
83 0 4
83 0 4
83 0 4
83 0 4
# estimated from=83, to=48, diff=144
84 -4 0
84 -4 0
84 -4 0
84 -4 0
84 -4 0
84 -4 0
84 -4 0
84 -4 0
84 -4 0
84 -4 0
84 -4 0
84 -4 0
84 -4 0
84 -4 0
84 -4 0
84 -4 0
84 -4 0
84 -4 0
84 -4 0
84 -4 0
84 -4 0
84 -4 0
84 -4 0
84 -4 0
84 -4 0
84 -4 0
84 -4 0
84 0 -4
84 0 -4
84 0 -4
84 0 -4
84 0 -4
84 0 -4
84 0 -4
84 0 -4
84 0 -4
84 0 -4
84 0 -4
84 0 -4
84 0 -4
84 0 -4
84 0 -4
84 0 -4
84 0 -4
84 0 -4
84 0 -4
84 0 -4
84 0 -4
84 0 -4
84 0 -4
84 0 -4
84 0 -4
84 0 -4
84 0 -4
84 4 0
84 4 0
84 4 0
84 4 0
84 4 0
84 4 0
84 4 0
84 4 0
84 4 0
84 4 0
84 4 0
84 4 0
84 4 0
84 4 0
84 4 0
84 4 0
84 4 0
84 4 0
84 4 0
84 4 0
84 4 0
84 4 0
84 4 0
84 4 0
84 4 0
84 4 0
84 4 0
84 0 4
84 0 4
84 0 4
84 0 4
84 0 4
84 0 4
84 0 4
84 0 4
84 0 4
84 0 4
84 0 4
84 0 4
84 0 4
84 0 4
84 0 4
84 0 4
84 0 4
84 0 4
84 0 4
84 0 4
84 0 4
84 0 4
84 0 4
84 0 4
84 0 4
84 0 4
84 0 4
# estimated from=84, to=5, diff=64
85 -4 0
85 -4 0
85 -4 0
85 -4 0
85 -4 0
85 -4 0
85 -4 0
85 -4 0
85 -4 0
85 -4 0
85 -4 0
85 -4 0
85 -4 0
85 -4 0
85 -4 0
85 -4 0
85 -4 0
85 -4 0
85 -4 0
85 -4 0
85 -4 0
85 -4 0
85 -4 0
85 -4 0
85 -4 0
85 -4 0
85 -4 0
85 0 -4
85 0 -4
85 0 -4
85 0 -4
85 0 -4
85 0 -4
85 0 -4
85 0 -4
85 0 -4
85 0 -4
85 0 -4
85 0 -4
85 0 -4
85 0 -4
85 0 -4
85 0 -4
85 0 -4
85 0 -4
85 0 -4
85 0 -4
85 0 -4
85 0 -4
85 0 -4
85 0 -4
85 0 -4
85 0 -4
85 0 -4
85 4 0
85 4 0
85 4 0
85 4 0
85 4 0
85 4 0
85 4 0
85 4 0
85 4 0
85 4 0
85 4 0
85 4 0
85 4 0
85 4 0
85 4 0
85 4 0
85 4 0
85 4 0
85 4 0
85 4 0
85 4 0
85 4 0
85 4 0
85 4 0
85 4 0
85 4 0
85 4 0
85 0 4
85 0 4
85 0 4
85 0 4
85 0 4
85 0 4
85 0 4
85 0 4
85 0 4
85 0 4
85 0 4
85 0 4
85 0 4
85 0 4
85 0 4
85 0 4
85 0 4
85 0 4
85 0 4
85 0 4
85 0 4
85 0 4
85 0 4
85 0 4
85 0 4
85 0 4
85 0 4
# estimated from=85, to=78, diff=84
86 -4 0
86 -4 0
86 -4 0
86 -4 0
86 -4 0
86 -4 0
86 -4 0
86 -4 0
86 -4 0
86 -4 0
86 -4 0
86 -4 0
86 -4 0
86 -4 0
86 -4 0
86 -4 0
86 -4 0
86 -4 0
86 -4 0
86 -4 0
86 -4 0
86 -4 0
86 -4 0
86 -4 0
86 -4 0
86 -4 0
86 -4 0
86 0 -4
86 0 -4
86 0 -4
86 0 -4
86 0 -4
86 0 -4
86 0 -4
86 0 -4
86 0 -4
86 0 -4
86 0 -4
86 0 -4
86 0 -4
86 0 -4
86 0 -4
86 0 -4
86 0 -4
86 0 -4
86 0 -4
86 0 -4
86 0 -4
86 0 -4
86 0 -4
86 0 -4
86 0 -4
86 0 -4
86 0 -4
86 4 0
86 4 0
86 4 0
86 4 0
86 4 0
86 4 0
86 4 0
86 4 0
86 4 0
86 4 0
86 4 0
86 4 0
86 4 0
86 4 0
86 4 0
86 4 0
86 4 0
86 4 0
86 4 0
86 4 0
86 4 0
86 4 0
86 4 0
86 4 0
86 4 0
86 4 0
86 4 0
86 0 4
86 0 4
86 0 4
86 0 4
86 0 4
86 0 4
86 0 4
86 0 4
86 0 4
86 0 4
86 0 4
86 0 4
86 0 4
86 0 4
86 0 4
86 0 4
86 0 4
86 0 4
86 0 4
86 0 4
86 0 4
86 0 4
86 0 4
86 0 4
86 0 4
86 0 4
86 0 4
# estimated from=86, to=62, diff=180
87 -4 0
87 -4 0
87 -4 0
87 -4 0
87 -4 0
87 -4 0
87 -4 0
87 -4 0
87 -4 0
87 -4 0
87 -4 0
87 -4 0
87 -4 0
87 -4 0
87 -4 0
87 -4 0
87 -4 0
87 -4 0
87 -4 0
87 -4 0
87 -4 0
87 -4 0
87 -4 0
87 -4 0
87 -4 0
87 -4 0
87 -4 0
87 0 -4
87 0 -4
87 0 -4
87 0 -4
87 0 -4
87 0 -4
87 0 -4
87 0 -4
87 0 -4
87 0 -4
87 0 -4
87 0 -4
87 0 -4
87 0 -4
87 0 -4
87 0 -4
87 0 -4
87 0 -4
87 0 -4
87 0 -4
87 0 -4
87 0 -4
87 0 -4
87 0 -4
87 0 -4
87 0 -4
87 0 -4
87 4 0
87 4 0
87 4 0
87 4 0
87 4 0
87 4 0
87 4 0
87 4 0
87 4 0
87 4 0
87 4 0
87 4 0
87 4 0
87 4 0
87 4 0
87 4 0
87 4 0
87 4 0
87 4 0
87 4 0
87 4 0
87 4 0
87 4 0
87 4 0
87 4 0
87 4 0
87 4 0
87 0 4
87 0 4
87 0 4
87 0 4
87 0 4
87 0 4
87 0 4
87 0 4
87 0 4
87 0 4
87 0 4
87 0 4
87 0 4
87 0 4
87 0 4
87 0 4
87 0 4
87 0 4
87 0 4
87 0 4
87 0 4
87 0 4
87 0 4
87 0 4
87 0 4
87 0 4
87 0 4
# estimated from=87, to=76, diff=140
88 -4 0
88 -4 0
88 -4 0
88 -4 0
88 -4 0
88 -4 0
88 -4 0
88 -4 0
88 -4 0
88 -4 0
88 -4 0
88 -4 0
88 -4 0
88 -4 0
88 -4 0
88 -4 0
88 -4 0
88 -4 0
88 -4 0
88 -4 0
88 -4 0
88 -4 0
88 -4 0
88 -4 0
88 -4 0
88 -4 0
88 -4 0
88 0 -4
88 0 -4
88 0 -4
88 0 -4
88 0 -4
88 0 -4
88 0 -4
88 0 -4
88 0 -4
88 0 -4
88 0 -4
88 0 -4
88 0 -4
88 0 -4
88 0 -4
88 0 -4
88 0 -4
88 0 -4
88 0 -4
88 0 -4
88 0 -4
88 0 -4
88 0 -4
88 0 -4
88 0 -4
88 0 -4
88 0 -4
88 4 0
88 4 0
88 4 0
88 4 0
88 4 0
88 4 0
88 4 0
88 4 0
88 4 0
88 4 0
88 4 0
88 4 0
88 4 0
88 4 0
88 4 0
88 4 0
88 4 0
88 4 0
88 4 0
88 4 0
88 4 0
88 4 0
88 4 0
88 4 0
88 4 0
88 4 0
88 4 0
88 0 4
88 0 4
88 0 4
88 0 4
88 0 4
88 0 4
88 0 4
88 0 4
88 0 4
88 0 4
88 0 4
88 0 4
88 0 4
88 0 4
88 0 4
88 0 4
88 0 4
88 0 4
88 0 4
88 0 4
88 0 4
88 0 4
88 0 4
88 0 4
88 0 4
88 0 4
88 0 4
# estimated from=88, to=22, diff=133
89 -4 0
89 -4 0
89 -4 0
89 -4 0
89 -4 0
89 -4 0
89 -4 0
89 -4 0
89 -4 0
89 -4 0
89 -4 0
89 -4 0
89 -4 0
89 -4 0
89 -4 0
89 -4 0
89 -4 0
89 -4 0
89 -4 0
89 -4 0
89 -4 0
89 -4 0
89 -4 0
89 -4 0
89 -4 0
89 -4 0
89 -4 0
89 0 -4
89 0 -4
89 0 -4
89 0 -4
89 0 -4
89 0 -4
89 0 -4
89 0 -4
89 0 -4
89 0 -4
89 0 -4
89 0 -4
89 0 -4
89 0 -4
89 0 -4
89 0 -4
89 0 -4
89 0 -4
89 0 -4
89 0 -4
89 0 -4
89 0 -4
89 0 -4
89 0 -4
89 0 -4
89 0 -4
89 0 -4
89 4 0
89 4 0
89 4 0
89 4 0
89 4 0
89 4 0
89 4 0
89 4 0
89 4 0
89 4 0
89 4 0
89 4 0
89 4 0
89 4 0
89 4 0
89 4 0
89 4 0
89 4 0
89 4 0
89 4 0
89 4 0
89 4 0
89 4 0
89 4 0
89 4 0
89 4 0
89 4 0
89 0 4
89 0 4
89 0 4
89 0 4
89 0 4
89 0 4
89 0 4
89 0 4
89 0 4
89 0 4
89 0 4
89 0 4
89 0 4
89 0 4
89 0 4
89 0 4
89 0 4
89 0 4
89 0 4
89 0 4
89 0 4
89 0 4
89 0 4
89 0 4
89 0 4
89 0 4
89 0 4
# estimated from=89, to=49, diff=96
-1 -1 -1
86
24
27
60
66
29
7
14
5
88
51
48
0
43
87
33
8
11
83
37
2
23
55
20
19
1
39
18
30
70
72
81
40
3
2
36
58
56
12
15
85
64
65
30
28
55
15
16
35
79
32
31
42
88
11
68
26
73
74
44
61
67
71
78
14
59
35
13
46
82
75
46
63
27
57
69
25
78
47
52
38
54
80
48
5
78
62
76
22
49
