850 850 850 10 10 860 860 870 870 870 0 70 70 70 30 880 890 890 890
140 90 90 100 100 110 110 110 120 120 120 70 70 70 130 130 130 140 140
140 150 150 150 160 160 160 110 120 120 120 70 70 70 130 130 130 140 140
140 170 170 180 180 180 160 110 120 120 190 190 190 0 130 200 200 200 140
210 210 210 220 230 240 240 240 0 0 190 190 190 0 0 200 250 250 250
310 270 270 220 230 240 240 280 280 280 190 290 290 290 0 300 300 310 310
310 270 270 220 230 320 320 320 280 280 0 290 290 330 340 340 340 310 310
310 270 270 0 350 350 350 360 360 360 0 370 370 370 380 390 400 400 400
480 0 0 0 410 420 420 430 440 440 440 370 370 450 460 470 470 480 480
530 490 490 490 500 500 500 430 510 510 520 520 520 450 460 470 470 530 530
530 540 540 540 550 560 570 570 570 510 520 520 520 580 580 580 470 530 530
590 590 590 600 600 600 610 610 610 620 620 620 630 630 640 640 640 530 530
590 590 590 600 600 600 610 610 610 620 620 620 630 630 640 640 640 0 0
590 590 590 600 600 600 610 610 610 620 620 650 660 660 670 670 680 680 680
0 0 0 0 690 690 690 0 0 700 710 710 710 660 670 720 720 720 680
730 730 730 0 690 740 750 750 750 760 770 780 790 790 790 720 800 800 800
810 810 810 820 820 820 750 750 750 830 830 830 840 840 840 720 800 800 800
850 850 850 820 820 860 860 870 870 870 830 830 840 840 840 880 890 890 890
850 850 850 820 820 860 860 870 870 870 830 830 840 840 840 880 890 890 890
0 0 0
0 -1 0
0 -1 -1
0 0 -1
0 1 -1
0 1 0
0 1 1
0 0 1
0 -1 1
# measure in=0, out=86, v=864.4444444444445
1 0 0
1 -1 0
1 -1 -1
1 0 -1
1 1 -1
1 1 0
1 1 1
1 0 1
1 -1 1
# measure in=1, out=25, v=303.22222222222223
2 0 0
2 -1 0
2 -1 -1
2 0 -1
2 1 -1
2 1 0
2 1 1
2 0 1
2 -1 1
# measure in=2, out=19, v=189.22222222222223
3 0 0
3 -1 0
3 -1 -1
3 0 -1
3 1 -1
3 1 0
3 1 1
3 0 1
3 -1 1
# measure in=3, out=62, v=624.4444444444445
4 0 0
4 -1 0
4 -1 -1
4 0 -1
4 1 -1
4 1 0
4 1 1
4 0 1
4 -1 1
# measure in=4, out=65, v=701.7777777777778
5 0 0
5 -1 0
5 -1 -1
5 0 -1
5 1 -1
5 1 0
5 1 1
5 0 1
5 -1 1
# measure in=5, out=29, v=298.1111111111111
6 0 0
6 -1 0
6 -1 -1
6 0 -1
6 1 -1
6 1 0
6 1 1
6 0 1
6 -1 1
# measure in=6, out=7, v=78.66666666666667
7 0 0
7 -1 0
7 -1 -1
7 0 -1
7 1 -1
7 1 0
7 1 1
7 0 1
7 -1 1
# measure in=7, out=10, v=159.44444444444446
8 0 0
8 -1 0
8 -1 -1
8 0 -1
8 1 -1
8 1 0
8 1 1
8 0 1
8 -1 1
# measure in=8, out=37, v=371.1111111111111
9 0 0
9 -1 0
9 -1 -1
9 0 -1
9 1 -1
9 1 0
9 1 1
9 0 1
9 -1 1
# measure in=9, out=76, v=825.6666666666666
10 0 0
10 -1 0
10 -1 -1
10 0 -1
10 1 -1
10 1 0
10 1 1
10 0 1
10 -1 1
# measure in=10, out=40, v=481.8888888888889
11 0 0
11 -1 0
11 -1 -1
11 0 -1
11 1 -1
11 1 0
11 1 1
11 0 1
11 -1 1
# measure in=11, out=52, v=518.8888888888889
12 0 0
12 -1 0
12 -1 -1
12 0 -1
12 1 -1
12 1 0
12 1 1
12 0 1
12 -1 1
# measure in=12, out=55, v=602.5555555555555
13 0 0
13 -1 0
13 -1 -1
13 0 -1
13 1 -1
13 1 0
13 1 1
13 0 1
13 -1 1
# measure in=13, out=40, v=478.3333333333333
14 0 0
14 -1 0
14 -1 -1
14 0 -1
14 1 -1
14 1 0
14 1 1
14 0 1
14 -1 1
# measure in=14, out=0, v=851.4444444444445
15 0 0
15 -1 0
15 -1 -1
15 0 -1
15 1 -1
15 1 0
15 1 1
15 0 1
15 -1 1
# measure in=15, out=33, v=382.8888888888889
16 0 0
16 -1 0
16 -1 -1
16 0 -1
16 1 -1
16 1 0
16 1 1
16 0 1
16 -1 1
# measure in=16, out=35, v=405.6666666666667
17 0 0
17 -1 0
17 -1 -1
17 0 -1
17 1 -1
17 1 0
17 1 1
17 0 1
17 -1 1
# measure in=17, out=29, v=285.3333333333333
18 0 0
18 -1 0
18 -1 -1
18 0 -1
18 1 -1
18 1 0
18 1 1
18 0 1
18 -1 1
# measure in=18, out=69, v=733.1111111111111
19 0 0
19 -1 0
19 -1 -1
19 0 -1
19 1 -1
19 1 0
19 1 1
19 0 1
19 -1 1
# measure in=19, out=35, v=419.55555555555554
20 0 0
20 -1 0
20 -1 -1
20 0 -1
20 1 -1
20 1 0
20 1 1
20 0 1
20 -1 1
# measure in=20, out=62, v=619.2222222222222
21 0 0
21 -1 0
21 -1 -1
21 0 -1
21 1 -1
21 1 0
21 1 1
21 0 1
21 -1 1
# measure in=21, out=25, v=321.8888888888889
22 0 0
22 -1 0
22 -1 -1
22 0 -1
22 1 -1
22 1 0
22 1 1
22 0 1
22 -1 1
# measure in=22, out=41, v=504.55555555555554
23 0 0
23 -1 0
23 -1 -1
23 0 -1
23 1 -1
23 1 0
23 1 1
23 0 1
23 -1 1
# measure in=23, out=19, v=189.33333333333334
24 0 0
24 -1 0
24 -1 -1
24 0 -1
24 1 -1
24 1 0
24 1 1
24 0 1
24 -1 1
# measure in=24, out=17, v=200.22222222222223
25 0 0
25 -1 0
25 -1 -1
25 0 -1
25 1 -1
25 1 0
25 1 1
25 0 1
25 -1 1
# measure in=25, out=33, v=378.1111111111111
26 0 0
26 -1 0
26 -1 -1
26 0 -1
26 1 -1
26 1 0
26 1 1
26 0 1
26 -1 1
# measure in=26, out=37, v=363.22222222222223
27 0 0
27 -1 0
27 -1 -1
27 0 -1
27 1 -1
27 1 0
27 1 1
27 0 1
27 -1 1
# measure in=27, out=19, v=197.33333333333334
28 0 0
28 -1 0
28 -1 -1
28 0 -1
28 1 -1
28 1 0
28 1 1
28 0 1
28 -1 1
# measure in=28, out=35, v=408.6666666666667
29 0 0
29 -1 0
29 -1 -1
29 0 -1
29 1 -1
29 1 0
29 1 1
29 0 1
29 -1 1
# measure in=29, out=74, v=752.7777777777778
30 0 0
30 -1 0
30 -1 -1
30 0 -1
30 1 -1
30 1 0
30 1 1
30 0 1
30 -1 1
# measure in=30, out=73, v=814.6666666666666
31 0 0
31 -1 0
31 -1 -1
31 0 -1
31 1 -1
31 1 0
31 1 1
31 0 1
31 -1 1
# measure in=31, out=88, v=903.3333333333334
32 0 0
32 -1 0
32 -1 -1
32 0 -1
32 1 -1
32 1 0
32 1 1
32 0 1
32 -1 1
# measure in=32, out=36, v=448.1111111111111
33 0 0
33 -1 0
33 -1 -1
33 0 -1
33 1 -1
33 1 0
33 1 1
33 0 1
33 -1 1
# measure in=33, out=48, v=528.6666666666666
34 0 0
34 -1 0
34 -1 -1
34 0 -1
34 1 -1
34 1 0
34 1 1
34 0 1
34 -1 1
# measure in=34, out=35, v=419.6666666666667
35 0 0
35 -1 0
35 -1 -1
35 0 -1
35 1 -1
35 1 0
35 1 1
35 0 1
35 -1 1
# measure in=35, out=50, v=565.4444444444445
36 0 0
36 -1 0
36 -1 -1
36 0 -1
36 1 -1
36 1 0
36 1 1
36 0 1
36 -1 1
# measure in=36, out=66, v=669.5555555555555
37 0 0
37 -1 0
37 -1 -1
37 0 -1
37 1 -1
37 1 0
37 1 1
37 0 1
37 -1 1
# measure in=37, out=54, v=594
38 0 0
38 -1 0
38 -1 -1
38 0 -1
38 1 -1
38 1 0
38 1 1
38 0 1
38 -1 1
# measure in=38, out=8, v=137.66666666666666
39 0 0
39 -1 0
39 -1 -1
39 0 -1
39 1 -1
39 1 0
39 1 1
39 0 1
39 -1 1
# measure in=39, out=6, v=124
40 0 0
40 -1 0
40 -1 -1
40 0 -1
40 1 -1
40 1 0
40 1 1
40 0 1
40 -1 1
# measure in=40, out=72, v=791.7777777777778
41 0 0
41 -1 0
41 -1 -1
41 0 -1
41 1 -1
41 1 0
41 1 1
41 0 1
41 -1 1
# measure in=41, out=70, v=760
42 0 0
42 -1 0
42 -1 -1
42 0 -1
42 1 -1
42 1 0
42 1 1
42 0 1
42 -1 1
# measure in=42, out=65, v=694.2222222222222
43 0 0
43 -1 0
43 -1 -1
43 0 -1
43 1 -1
43 1 0
43 1 1
43 0 1
43 -1 1
# measure in=43, out=18, v=222.88888888888889
44 0 0
44 -1 0
44 -1 -1
44 0 -1
44 1 -1
44 1 0
44 1 1
44 0 1
44 -1 1
# measure in=44, out=32, v=346.44444444444446
45 0 0
45 -1 0
45 -1 -1
45 0 -1
45 1 -1
45 1 0
45 1 1
45 0 1
45 -1 1
# measure in=45, out=50, v=557.1111111111111
46 0 0
46 -1 0
46 -1 -1
46 0 -1
46 1 -1
46 1 0
46 1 1
46 0 1
46 -1 1
# measure in=46, out=28, v=282.1111111111111
47 0 0
47 -1 0
47 -1 -1
47 0 -1
47 1 -1
47 1 0
47 1 1
47 0 1
47 -1 1
# measure in=47, out=17, v=204.55555555555554
48 0 0
48 -1 0
48 -1 -1
48 0 -1
48 1 -1
48 1 0
48 1 1
48 0 1
48 -1 1
# measure in=48, out=41, v=503.8888888888889
49 0 0
49 -1 0
49 -1 -1
49 0 -1
49 1 -1
49 1 0
49 1 1
49 0 1
49 -1 1
# measure in=49, out=72, v=790.8888888888889
50 0 0
50 -1 0
50 -1 -1
50 0 -1
50 1 -1
50 1 0
50 1 1
50 0 1
50 -1 1
# measure in=50, out=32, v=347.44444444444446
51 0 0
51 -1 0
51 -1 -1
51 0 -1
51 1 -1
51 1 0
51 1 1
51 0 1
51 -1 1
# measure in=51, out=34, v=400
52 0 0
52 -1 0
52 -1 -1
52 0 -1
52 1 -1
52 1 0
52 1 1
52 0 1
52 -1 1
# measure in=52, out=45, v=450.22222222222223
53 0 0
53 -1 0
53 -1 -1
53 0 -1
53 1 -1
53 1 0
53 1 1
53 0 1
53 -1 1
# measure in=53, out=88, v=904.6666666666666
54 0 0
54 -1 0
54 -1 -1
54 0 -1
54 1 -1
54 1 0
54 1 1
54 0 1
54 -1 1
# measure in=54, out=6, v=117.11111111111111
55 0 0
55 -1 0
55 -1 -1
55 0 -1
55 1 -1
55 1 0
55 1 1
55 0 1
55 -1 1
# measure in=55, out=70, v=771.8888888888889
56 0 0
56 -1 0
56 -1 -1
56 0 -1
56 1 -1
56 1 0
56 1 1
56 0 1
56 -1 1
# measure in=56, out=37, v=374
57 0 0
57 -1 0
57 -1 -1
57 0 -1
57 1 -1
57 1 0
57 1 1
57 0 1
57 -1 1
# measure in=57, out=0, v=845.5555555555555
58 0 0
58 -1 0
58 -1 -1
58 0 -1
58 1 -1
58 1 0
58 1 1
58 0 1
58 -1 1
# measure in=58, out=65, v=685.8888888888889
59 0 0
59 -1 0
59 -1 -1
59 0 -1
59 1 -1
59 1 0
59 1 1
59 0 1
59 -1 1
# measure in=59, out=56, v=612.4444444444445
60 0 0
60 -1 0
60 -1 -1
60 0 -1
60 1 -1
60 1 0
60 1 1
60 0 1
60 -1 1
# measure in=60, out=56, v=608.6666666666666
61 0 0
61 -1 0
61 -1 -1
61 0 -1
61 1 -1
61 1 0
61 1 1
61 0 1
61 -1 1
# measure in=61, out=54, v=579.3333333333334
62 0 0
62 -1 0
62 -1 -1
62 0 -1
62 1 -1
62 1 0
62 1 1
62 0 1
62 -1 1
# measure in=62, out=67, v=720.3333333333334
63 0 0
63 -1 0
63 -1 -1
63 0 -1
63 1 -1
63 1 0
63 1 1
63 0 1
63 -1 1
# measure in=63, out=66, v=678.3333333333334
64 0 0
64 -1 0
64 -1 -1
64 0 -1
64 1 -1
64 1 0
64 1 1
64 0 1
64 -1 1
# measure in=64, out=8, v=144.11111111111111
65 0 0
65 -1 0
65 -1 -1
65 0 -1
65 1 -1
65 1 0
65 1 1
65 0 1
65 -1 1
# measure in=65, out=54, v=590.5555555555555
66 0 0
66 -1 0
66 -1 -1
66 0 -1
66 1 -1
66 1 0
66 1 1
66 0 1
66 -1 1
# measure in=66, out=20, v=249.66666666666666
67 0 0
67 -1 0
67 -1 -1
67 0 -1
67 1 -1
67 1 0
67 1 1
67 0 1
67 -1 1
# measure in=67, out=9, v=147
68 0 0
68 -1 0
68 -1 -1
68 0 -1
68 1 -1
68 1 0
68 1 1
68 0 1
68 -1 1
# measure in=68, out=50, v=553.4444444444445
69 0 0
69 -1 0
69 -1 -1
69 0 -1
69 1 -1
69 1 0
69 1 1
69 0 1
69 -1 1
# measure in=69, out=86, v=863
70 0 0
70 -1 0
70 -1 -1
70 0 -1
70 1 -1
70 1 0
70 1 1
70 0 1
70 -1 1
# measure in=70, out=74, v=753.3333333333334
71 0 0
71 -1 0
71 -1 -1
71 0 -1
71 1 -1
71 1 0
71 1 1
71 0 1
71 -1 1
# measure in=71, out=45, v=453
72 0 0
72 -1 0
72 -1 -1
72 0 -1
72 1 -1
72 1 0
72 1 1
72 0 1
72 -1 1
# measure in=72, out=62, v=623.7777777777778
73 0 0
73 -1 0
73 -1 -1
73 0 -1
73 1 -1
73 1 0
73 1 1
73 0 1
73 -1 1
# measure in=73, out=32, v=345.3333333333333
74 0 0
74 -1 0
74 -1 -1
74 0 -1
74 1 -1
74 1 0
74 1 1
74 0 1
74 -1 1
# measure in=74, out=52, v=523.2222222222222
75 0 0
75 -1 0
75 -1 -1
75 0 -1
75 1 -1
75 1 0
75 1 1
75 0 1
75 -1 1
# measure in=75, out=58, v=640.3333333333334
76 0 0
76 -1 0
76 -1 -1
76 0 -1
76 1 -1
76 1 0
76 1 1
76 0 1
76 -1 1
# measure in=76, out=25, v=315
77 0 0
77 -1 0
77 -1 -1
77 0 -1
77 1 -1
77 1 0
77 1 1
77 0 1
77 -1 1
# measure in=77, out=67, v=724.7777777777778
78 0 0
78 -1 0
78 -1 -1
78 0 -1
78 1 -1
78 1 0
78 1 1
78 0 1
78 -1 1
# measure in=78, out=49, v=540.1111111111111
79 0 0
79 -1 0
79 -1 -1
79 0 -1
79 1 -1
79 1 0
79 1 1
79 0 1
79 -1 1
# measure in=79, out=41, v=502.1111111111111
80 0 0
80 -1 0
80 -1 -1
80 0 -1
80 1 -1
80 1 0
80 1 1
80 0 1
80 -1 1
# measure in=80, out=34, v=398.55555555555554
81 0 0
81 -1 0
81 -1 -1
81 0 -1
81 1 -1
81 1 0
81 1 1
81 0 1
81 -1 1
# measure in=81, out=58, v=644.8888888888889
82 0 0
82 -1 0
82 -1 -1
82 0 -1
82 1 -1
82 1 0
82 1 1
82 0 1
82 -1 1
# measure in=82, out=0, v=854.7777777777778
83 0 0
83 -1 0
83 -1 -1
83 0 -1
83 1 -1
83 1 0
83 1 1
83 0 1
83 -1 1
# measure in=83, out=34, v=399.22222222222223
84 0 0
84 -1 0
84 -1 -1
84 0 -1
84 1 -1
84 1 0
84 1 1
84 0 1
84 -1 1
# measure in=84, out=35, v=425.3333333333333
85 0 0
85 -1 0
85 -1 -1
85 0 -1
85 1 -1
85 1 0
85 1 1
85 0 1
85 -1 1
# measure in=85, out=69, v=737.6666666666666
86 0 0
86 -1 0
86 -1 -1
86 0 -1
86 1 -1
86 1 0
86 1 1
86 0 1
86 -1 1
# measure in=86, out=54, v=579.4444444444445
87 0 0
87 -1 0
87 -1 -1
87 0 -1
87 1 -1
87 1 0
87 1 1
87 0 1
87 -1 1
# measure in=87, out=88, v=932.2222222222222
88 0 0
88 -1 0
88 -1 -1
88 0 -1
88 1 -1
88 1 0
88 1 1
88 0 1
88 -1 1
# measure in=88, out=16, v=183.55555555555554
89 0 0
89 -1 0
89 -1 -1
89 0 -1
89 1 -1
89 1 0
89 1 1
89 0 1
89 -1 1
# measure in=89, out=58, v=639.6666666666666
-1 -1 -1
86
25
19
62
65
29
7
10
37
76
40
52
55
40
0
33
35
29
69
35
62
25
41
19
17
33
37
19
35
74
73
88
36
48
35
50
66
54
8
6
72
70
65
18
32
50
28
17
41
72
32
34
45
88
6
70
37
0
65
56
56
54
67
66
8
54
20
9
50
86
74
45
62
32
52
58
25
67
49
41
34
58
0
34
35
69
54
88
16
58
