0 0 0 0 0 0 0 0 0 0 0 0 0 0 0 0 0 0 0 0 0 0 0 0 0 0 0 0 0 0 0 0 0 0 0 0 0 0 0 0 0 10 0 0 0 0 0 0 0 0
0 0 0 20 0 0 0 0 0 0 0 0 0 0 0 0 0 0 0 0 0 0 0 0 0 0 0 0 0 0 0 0 0 0 0 30 0 0 0 0 0 0 0 0 0 40 0 0 0 0
0 0 0 0 0 0 0 0 0 0 0 0 0 0 0 0 0 0 0 0 0 0 0 50 0 0 0 0 0 0 60 0 0 0 0 0 70 0 0 0 0 0 0 0 0 0 0 0 0 0
0 0 0 0 80 0 0 0 0 0 0 0 0 0 0 0 0 0 0 0 0 0 0 0 0 0 0 0 0 90 0 0 0 0 0 100 0 0 0 0 0 0 0 0 0 0 0 0 0 0
0 0 0 0 0 0 0 110 0 0 0 0 0 0 0 0 0 0 0 0 0 0 0 0 0 0 0 0 0 0 0 0 0 0 0 0 0 0 0 0 0 0 0 0 0 0 0 0 0 0
0 0 0 0 0 0 0 0 120 0 0 0 0 0 0 0 0 0 0 0 0 0 0 0 0 0 0 0 0 0 0 0 0 0 0 0 0 0 0 0 0 0 0 0 0 0 0 0 0 0
0 0 0 0 0 130 0 0 0 0 0 0 0 0 0 0 0 0 0 0 140 0 0 0 0 0 0 0 0 0 0 0 0 0 0 0 0 0 0 0 0 0 0 0 0 0 0 0 0 0
0 0 0 0 0 0 0 0 0 0 0 0 0 0 0 0 0 0 0 0 0 0 0 0 0 0 0 0 0 0 0 0 0 0 0 0 0 0 0 0 0 0 0 0 150 0 0 0 0 0
0 0 0 0 0 0 0 0 0 0 0 0 0 0 0 0 0 0 0 0 0 0 0 0 160 0 0 0 0 170 0 0 0 0 0 0 0 0 0 0 0 0 0 0 0 0 0 0 0 0
0 0 0 0 0 0 0 0 0 0 0 0 0 0 0 0 0 0 0 0 0 0 0 0 0 0 0 0 0 0 0 0 0 0 0 0 0 0 180 0 0 0 0 0 0 0 0 0 0 0
0 0 0 0 0 0 0 0 0 0 0 0 190 0 0 0 0 0 0 0 0 0 0 0 0 0 0 0 0 0 0 0 0 0 0 0 0 0 0 0 0 0 0 0 0 0 200 0 0 0
0 0 0 0 0 0 0 0 210 220 0 0 0 0 0 0 0 0 0 0 0 0 0 0 0 0 0 0 0 0 0 230 0 240 0 0 0 0 0 0 0 0 0 0 0 0 0 0 0 0
0 0 0 0 0 0 0 0 0 0 0 0 0 0 0 0 0 0 0 0 0 0 0 0 0 0 0 0 0 0 0 0 0 0 0 0 0 0 0 0 0 0 0 0 0 0 0 0 0 0
250 0 0 0 0 0 260 0 0 0 0 0 0 0 0 0 0 0 0 270 0 0 0 0 0 0 0 0 0 0 0 0 0 0 0 0 0 0 0 0 0 280 0 0 0 0 0 0 0 0
0 0 0 0 0 0 0 0 0 0 0 0 0 0 0 0 0 0 0 0 0 0 0 0 0 0 0 0 0 0 0 0 0 0 0 0 0 0 0 0 0 0 0 0 0 0 0 0 0 0
0 0 0 0 0 0 0 0 0 0 0 0 0 0 0 0 0 0 0 0 0 0 0 0 0 0 0 0 0 0 0 0 0 0 290 0 0 0 0 0 0 0 0 0 0 0 0 0 0 0
0 0 0 0 0 0 0 0 0 0 0 0 0 0 0 0 0 0 0 0 0 0 0 0 0 0 0 0 0 0 0 0 300 0 0 0 0 0 0 0 0 0 0 0 0 0 0 0 0 0
0 0 0 0 0 0 0 0 0 0 0 0 0 0 0 0 0 0 0 0 310 0 0 0 0 0 0 0 0 0 0 0 0 0 0 0 0 0 0 0 0 0 0 0 0 0 0 320 0 0
0 0 0 0 0 0 0 0 0 0 0 0 0 0 0 0 0 0 0 0 0 0 0 0 0 0 0 0 0 0 0 0 0 0 0 0 0 0 330 0 0 0 0 0 0 0 340 0 0 0
0 0 0 0 0 0 0 0 0 350 0 0 0 360 0 0 0 0 0 0 0 0 0 0 0 0 0 0 0 0 0 0 0 0 0 0 0 0 0 0 370 0 0 0 0 0 0 0 0 0
0 0 0 0 0 0 0 0 0 0 0 0 0 0 0 0 0 0 0 0 0 0 0 0 0 0 0 0 0 0 0 0 0 0 0 0 0 0 0 0 0 0 0 0 0 0 0 0 0 0
0 0 0 0 0 0 0 0 0 0 0 0 0 0 0 0 0 0 0 0 0 0 0 0 0 0 0 0 0 380 0 0 0 0 0 0 0 0 0 0 0 0 0 0 0 0 0 0 0 0
0 0 0 0 0 0 0 0 0 0 0 0 0 0 0 0 0 0 0 0 0 0 0 0 0 0 390 0 0 0 0 0 0 0 0 0 0 0 0 400 0 0 0 0 0 0 0 0 0 0
0 410 0 0 0 0 420 0 0 0 0 0 0 0 0 0 0 0 0 0 0 0 0 0 0 0 0 0 0 0 0 0 0 0 0 0 0 0 0 0 0 0 0 0 0 0 0 0 0 0
0 0 0 0 0 0 0 0 0 0 0 0 0 0 0 0 0 0 0 0 0 0 0 0 0 0 0 0 0 0 0 0 0 0 0 0 0 0 0 0 0 0 0 0 0 0 0 0 0 0
0 0 0 0 0 430 0 0 0 0 0 0 0 0 0 0 0 0 0 0 0 0 0 0 0 440 0 450 0 0 0 0 0 0 0 0 0 0 0 0 0 0 0 0 0 0 0 0 0 0
0 0 0 0 0 0 0 0 0 0 0 0 460 0 0 0 0 0 0 0 0 0 470 0 0 0 0 0 0 0 0 0 0 0 0 0 0 0 0 0 0 0 0 0 0 0 0 0 0 0
480 0 0 0 0 0 0 0 0 0 0 0 0 0 0 0 0 0 0 0 0 0 490 0 0 0 0 0 0 0 0 0 0 0 0 500 0 0 0 0 510 0 0 0 0 0 0 0 0 0
0 0 0 0 0 0 0 0 0 0 0 520 0 0 530 0 0 0 0 0 0 0 0 0 0 0 0 0 0 0 0 0 0 0 0 0 0 0 0 0 0 0 0 0 0 0 0 540 0 0
0 0 0 0 0 0 0 0 0 0 0 0 0 0 0 0 0 0 0 0 0 0 0 0 0 550 0 0 0 0 0 0 0 0 0 0 0 0 0 0 0 0 0 0 0 0 0 0 0 0
0 0 0 0 0 560 0 0 0 0 0 0 0 0 570 0 0 0 0 0 0 0 0 0 0 0 0 0 580 0 0 0 0 0 0 590 0 0 0 0 0 0 0 0 0 0 0 0 0 0
600 0 0 0 0 0 610 0 0 0 0 0 0 0 0 0 0 0 0 0 0 0 0 0 0 0 0 0 0 0 0 0 0 0 0 0 0 0 0 0 0 0 0 0 0 0 0 0 0 620
0 0 0 0 0 0 0 0 0 0 0 0 0 0 0 0 0 0 0 0 0 0 0 0 0 0 0 0 0 630 0 0 0 0 0 0 0 0 0 0 0 0 0 0 0 0 0 0 0 0
0 0 0 0 0 0 640 0 0 0 0 0 0 0 0 0 0 0 0 0 0 0 0 650 0 0 0 0 0 0 0 0 0 0 0 0 0 0 0 0 660 0 0 0 0 0 0 0 0 0
0 0 0 0 0 0 0 0 0 0 0 0 0 0 0 0 0 0 0 0 0 0 0 0 0 0 0 0 0 0 0 0 0 0 0 670 0 0 0 0 0 0 0 0 0 0 0 0 0 0
0 0 0 0 0 0 0 0 0 0 0 0 0 0 0 0 0 0 0 0 0 0 0 0 0 0 0 0 680 0 0 0 0 0 0 0 0 0 0 0 0 690 0 0 0 0 0 0 0 0
0 0 0 0 0 0 0 0 0 0 0 0 0 0 0 0 0 0 0 0 0 0 0 0 0 0 0 0 0 700 0 0 0 0 0 0 0 0 0 0 0 0 0 0 0 0 0 0 0 0
0 0 0 0 0 0 0 0 0 0 0 0 0 0 0 0 0 0 0 0 0 0 0 0 0 0 0 0 0 0 0 0 0 0 0 0 0 0 0 0 0 0 0 0 0 0 0 0 0 0
0 0 0 0 0 0 0 0 0 0 0 0 0 0 0 0 0 0 0 0 0 0 0 0 0 0 0 0 0 0 0 0 710 0 0 0 0 0 0 0 0 0 0 0 0 0 0 0 0 0
0 0 0 720 0 0 0 0 0 0 0 0 0 0 0 0 0 0 0 0 0 0 0 0 0 0 0 0 0 0 0 0 0 0 0 0 0 0 0 0 0 0 0 0 0 0 0 0 0 0
0 0 0 0 0 0 0 730 0 0 0 0 0 0 0 0 0 0 0 0 0 0 0 0 0 0 0 0 0 0 0 0 0 0 0 0 0 0 0 740 0 0 0 0 750 0 0 0 0 0
0 0 0 0 0 0 0 0 0 0 0 0 0 760 0 0 0 0 770 0 0 0 0 0 0 0 0 0 0 0 780 0 0 0 0 790 0 0 0 0 0 0 0 0 0 0 0 0 0 0
0 0 0 0 0 0 0 0 0 0 0 0 0 0 0 800 0 0 0 0 0 0 0 810 0 0 0 0 0 0 0 0 0 0 0 0 0 0 0 0 0 0 0 0 0 0 0 0 0 0
0 0 0 0 0 0 0 820 0 0 0 0 0 0 0 0 0 0 0 0 0 0 0 0 0 0 0 0 0 0 0 0 0 0 0 0 0 0 0 0 0 0 0 0 0 0 0 0 0 0
0 0 0 0 0 0 0 0 0 830 0 0 0 840 0 0 0 0 0 0 0 0 0 0 0 850 0 0 0 0 0 0 0 0 0 0 0 0 0 0 0 0 0 0 0 0 0 0 0 0
0 0 0 0 0 0 0 0 0 0 0 0 0 0 0 0 0 0 0 0 0 0 0 0 0 0 0 0 0 0 0 0 0 0 0 0 0 0 0 0 0 0 0 0 0 0 0 0 0 0
0 0 0 0 0 0 0 0 0 0 0 0 0 0 0 0 0 0 0 0 0 0 0 0 0 860 0 0 0 0 0 0 0 0 0 0 0 0 0 0 0 0 0 0 0 0 0 0 0 0
0 0 0 0 0 870 0 0 0 0 0 0 0 0 0 0 0 0 0 0 0 0 0 0 0 0 0 0 0 0 0 0 880 0 0 0 890 0 0 0 0 0 0 0 0 0 0 0 0 0
0 0 0 0 0 0 0 0 0 0 0 0 0 900 0 0 0 0 0 0 0 0 0 0 0 0 0 0 910 0 920 0 0 0 0 0 0 0 0 0 0 0 0 0 0 0 0 0 0 0
0 0 0 0 0 0 0 0 0 0 0 0 0 930 0 0 0 0 0 0 0 0 0 0 0 0 0 0 0 0 0 0 0 0 0 0 0 0 0 0 0 0 0 0 0 0 0 940 0 0
# measure i=0, move=(0, 0)
0 0 0
# measure i=1, move=(0, 0)
1 0 0
# measure i=2, move=(0, 0)
2 0 0
# measure i=3, move=(0, 0)
3 0 0
# measure i=4, move=(0, 0)
4 0 0
# measure i=5, move=(0, 0)
5 0 0
# measure i=6, move=(0, 0)
6 0 0
# measure i=7, move=(0, 0)
7 0 0
# measure i=8, move=(0, 0)
8 0 0
# measure i=9, move=(0, 0)
9 0 0
# measure i=10, move=(0, 0)
10 0 0
# measure i=11, move=(0, 0)
11 0 0
# measure i=12, move=(0, 0)
12 0 0
# measure i=13, move=(0, 0)
13 0 0
# measure i=14, move=(0, 0)
14 0 0
# measure i=15, move=(0, 0)
15 0 0
# measure i=16, move=(0, 0)
16 0 0
# measure i=17, move=(0, 0)
17 0 0
# measure i=18, move=(0, 0)
18 0 0
# measure i=19, move=(0, 0)
19 0 0
# measure i=20, move=(0, 0)
20 0 0
# measure i=21, move=(0, 0)
21 0 0
# measure i=22, move=(0, 0)
22 0 0
# measure i=23, move=(0, 0)
23 0 0
# measure i=24, move=(0, 0)
24 0 0
# measure i=25, move=(0, 0)
25 0 0
# measure i=26, move=(0, 0)
26 0 0
# measure i=27, move=(0, 0)
27 0 0
# measure i=28, move=(0, 0)
28 0 0
# measure i=29, move=(0, 0)
29 0 0
# measure i=30, move=(0, 0)
30 0 0
# measure i=31, move=(0, 0)
31 0 0
# measure i=32, move=(0, 0)
32 0 0
# measure i=33, move=(0, 0)
33 0 0
# measure i=34, move=(0, 0)
34 0 0
# measure i=35, move=(0, 0)
35 0 0
# measure i=36, move=(0, 0)
36 0 0
# measure i=37, move=(0, 0)
37 0 0
# measure i=38, move=(0, 0)
38 0 0
# measure i=39, move=(0, 0)
39 0 0
# measure i=40, move=(0, 0)
40 0 0
# measure i=41, move=(0, 0)
41 0 0
# measure i=42, move=(0, 0)
42 0 0
# measure i=43, move=(0, 0)
43 0 0
# measure i=44, move=(0, 0)
44 0 0
# measure i=45, move=(0, 0)
45 0 0
# measure i=46, move=(0, 0)
46 0 0
# measure i=47, move=(0, 0)
47 0 0
# measure i=48, move=(0, 0)
48 0 0
# measure i=49, move=(0, 0)
49 0 0
# measure i=50, move=(0, 0)
50 0 0
# measure i=51, move=(0, 0)
51 0 0
# measure i=52, move=(0, 0)
52 0 0
# measure i=53, move=(0, 0)
53 0 0
# measure i=54, move=(0, 0)
54 0 0
# measure i=55, move=(0, 0)
55 0 0
# measure i=56, move=(0, 0)
56 0 0
# measure i=57, move=(0, 0)
57 0 0
# measure i=58, move=(0, 0)
58 0 0
# measure i=59, move=(0, 0)
59 0 0
# measure i=60, move=(0, 0)
60 0 0
# measure i=61, move=(0, 0)
61 0 0
# measure i=62, move=(0, 0)
62 0 0
# measure i=63, move=(0, 0)
63 0 0
# measure i=64, move=(0, 0)
64 0 0
# measure i=65, move=(0, 0)
65 0 0
# measure i=66, move=(0, 0)
66 0 0
# measure i=67, move=(0, 0)
67 0 0
# measure i=68, move=(0, 0)
68 0 0
# measure i=69, move=(0, 0)
69 0 0
# measure i=70, move=(0, 0)
70 0 0
# measure i=71, move=(0, 0)
71 0 0
# measure i=72, move=(0, 0)
72 0 0
# measure i=73, move=(0, 0)
73 0 0
# measure i=74, move=(0, 0)
74 0 0
# measure i=75, move=(0, 0)
75 0 0
# measure i=76, move=(0, 0)
76 0 0
# measure i=77, move=(0, 0)
77 0 0
# measure i=78, move=(0, 0)
78 0 0
# measure i=79, move=(0, 0)
79 0 0
# measure i=80, move=(0, 0)
80 0 0
# measure i=81, move=(0, 0)
81 0 0
# measure i=82, move=(0, 0)
82 0 0
# measure i=83, move=(0, 0)
83 0 0
# measure i=84, move=(0, 0)
84 0 0
# measure i=85, move=(0, 0)
85 0 0
# measure i=86, move=(0, 0)
86 0 0
# measure i=87, move=(0, 0)
87 0 0
# measure i=88, move=(0, 0)
88 0 0
# measure i=89, move=(0, 0)
89 0 0
# measure i=90, move=(0, 0)
90 0 0
# measure i=91, move=(0, 0)
91 0 0
# measure i=92, move=(0, 0)
92 0 0
# measure i=93, move=(0, 0)
93 0 0
# measure i=94, move=(0, 0)
94 0 0
-1 -1 -1
82
92
16
74
15
72
65
20
57
45
24
13
70
79
61
47
19
4
48
37
46
12
15
63
26
94
93
89
1
45
82
28
4
55
13
5
26
46
9
24
68
83
35
38
61
68
90
85
85
51
13
73
29
85
26
34
51
22
43
74
14
88
68
65
76
84
47
78
27
1
62
19
53
15
21
27
52
40
3
70
31
59
79
64
47
36
53
88
40
3
2
37
36
76
74
